0.0	0.0	0.0	0.0	0.0	0.0	0.0	0.0	0.0	0.0
0.0	0.0	0.0	0.0	0.0	0.0	0.0	0.0	0.0	0.0
0.0	0.0	0.0	0.0	0.0	0.0	0.0	0.0	0.0	0.0
0.0	0.0	0.0	0.0	0.0	0.0	0.0	0.0	0.0	0.0
0.0	0.0	0.0	0.0	0.0	0.0	0.0	0.0	0.0	0.0
0.0	0.0	0.0	0.0	0.0	0.0	0.0	0.0	0.0	0.0
0.0	0.0	0.0	0.0	0.0	0.0	0.0	0.0	0.0	0.0
0.0	0.0	0.0	0.0	0.0	0.0	0.0	0.0	0.0	0.0
0.0	0.0	0.0	0.0	0.0	0.0	0.0	0.0	0.0	0.0
0.0	0.0	0.0	0.0	0.0	0.0	0.0	0.0	0.0	0.0
0.0	0.0	0.0	0.0	0.0	0.0	0.0	0.0	0.0	0.0
0.0	0.0	0.0	0.0	0.0	0.0	0.0	0.0	0.0	0.0
-3.16398e-06	-5.65083e-06	-0.000317825	-2.16032e-05	-0.00154854	-3.12037e-05	0.00233735	-5.99297e-06	-8.43439e-05	-0.000319023
-1.61366e-05	-1.35379e-05	-0.000391661	-5.65077e-05	-0.00350735	-6.8737e-05	0.00501061	-1.75397e-05	-0.00019328	-0.000745855
-1.02474e-05	-1.29596e-06	0.00033859	-1.02424e-05	-0.000129736	-4.57924e-07	-0.000119489	-4.91546e-06	-9.56582e-06	-5.26407e-05
-4.26973e-07	-5.39982e-08	1.41079e-05	-4.26766e-07	-5.40568e-06	-1.90802e-08	-4.97869e-06	-2.04811e-07	-3.98576e-07	-2.19336e-06
0.0	0.0	0.0	0.0	0.0	0.0	0.0	0.0	0.0	0.0
0.0	0.0	0.0	0.0	0.0	0.0	0.0	0.0	0.0	0.0
0.0	0.0	0.0	0.0	0.0	0.0	0.0	0.0	0.0	0.0
0.0	0.0	0.0	0.0	0.0	0.0	0.0	0.0	0.0	0.0
0.0	0.0	0.0	0.0	0.0	0.0	0.0	0.0	0.0	0.0
0.0	0.0	0.0	0.0	0.0	0.0	0.0	0.0	0.0	0.0
0.0	0.0	0.0	0.0	0.0	0.0	0.0	0.0	0.0	0.0
0.0	0.0	0.0	0.0	0.0	0.0	0.0	0.0	0.0	0.0
0.0	0.0	0.0	0.0	0.0	0.0	0.0	0.0	0.0	0.0
0.0	0.0	0.0	0.0	0.0	0.0	0.0	0.0	0.0	0.0
0.0	0.0	0.0	0.0	0.0	0.0	0.0	0.0	0.0	0.0
0.0	0.0	0.0	0.0	0.0	0.0	0.0	0.0	0.0	0.0
0.0	0.0	0.0	0.0	0.0	0.0	0.0	0.0	0.0	0.0
0.0	0.0	0.0	0.0	0.0	0.0	0.0	0.0	0.0	0.0
0.0	0.0	0.0	0.0	0.0	0.0	0.0	0.0	0.0	0.0
0.0	0.0	0.0	0.0	0.0	0.0	0.0	0.0	0.0	0.0
-3.59643e-09	-1.69809e-08	-3.35944e-06	-4.806e-09	-1.84342e-05	-4.76555e-08	2.28248e-05	-1.59163e-08	-3.03371e-07	-6.3887e-07
-9.67688e-08	-5.03134e-08	-1.16444e-05	-2.75031e-08	-0.000101822	-1.47111e-07	0.000117642	-3.91054e-07	-9.12882e-07	-2.54987e-06
-1.91677e-05	-1.07365e-07	-0.000203009	-4.89899e-06	-0.00704453	-9.72244e-06	0.00744658	-3.52933e-05	-4.54807e-06	-0.000125298
-3.77499e-05	-2.43502e-05	-0.000492874	-1.09484e-05	-0.0159215	-1.88407e-05	0.0169284	-0.000102826	-2.605e-05	-0.000293298
-4.6114e-05	-0.0011463	-0.0020118	-7.34001e-05	-0.0182777	-5.77186e-05	0.0227437	-0.000355442	-0.000311597	-0.000463553
-8.60303e-05	-0.00100931	-0.00260141	-0.000109783	-0.0093015	-7.17547e-05	0.0142859	-0.000404645	-0.000360051	-0.000341432
-0.000854012	-0.000768971	-0.0023722	-0.000122908	-0.0153896	-0.000278526	0.0214502	-0.000363033	-0.000499758	-0.000801173
0.00331595	-0.000626333	-0.00688448	-0.000202418	-0.0239863	-0.000401927	0.0341791	-0.00167583	-0.000857939	-0.00285985
0.00827478	-0.000468991	-0.00685303	-0.000312443	-0.0438987	-0.00132756	0.0532496	-0.00354108	-0.000735982	-0.00438665
0.00357366	-0.00028115	-0.0051091	-0.000211491	-0.0256534	-0.00140759	0.0334879	-0.00103168	-0.000921487	-0.00244569
-0.00031518	0.00580556	0.000630504	-0.000871831	-0.0139889	-0.00078385	0.0120493	-0.000192764	-0.00123036	-0.00110241
0.0047207	0.00935202	0.00538603	-0.00114881	-0.0265772	-0.000890483	0.0144702	-0.000485627	-0.00127002	-0.00355679
0.0132034	-0.00166748	0.0183301	-0.00051853	-0.0228957	-0.000879514	0.00500495	-0.00107903	-0.00131702	-0.0081811
0.00548743	-0.00116746	0.00245259	-0.000256923	-0.00925543	-0.000767482	0.00999988	-0.000507879	-0.00107759	-0.00490714
-0.00103519	-0.000119272	-0.00637748	-7.48189e-05	-0.00541791	-0.00111906	0.0159782	-9.69697e-05	-0.000742304	-0.000995193
-0.000498567	-7.02726e-05	-0.00419601	-5.37344e-05	-0.00596621	-0.000869426	0.0132356	-0.000118657	-0.00072101	-0.000741675
-0.000211774	-9.1214e-05	-0.00194849	-4.68936e-05	-0.00493486	-0.000327939	0.00851916	-5.72958e-05	-0.00038317	-0.000517516
-8.84977e-05	-0.000223627	-0.00182207	-4.86898e-05	-0.00523152	-8.53582e-05	0.00809054	-7.14357e-06	-0.000371068	-0.000212569
-9.92247e-06	-1.94017e-05	-0.000196667	-4.20514e-06	-0.00594277	-7.61432e-06	0.00633563	-1.06577e-05	-6.00468e-05	-8.43434e-05
-2.22081e-06	-1.43878e-06	-6.27416e-05	-6.60404e-07	-0.00164073	-7.37143e-06	0.0017954	-1.45651e-05	-2.9307e-05	-3.6358e-05
0.0	0.0	0.0	0.0	0.0	0.0	0.0	0.0	0.0	0.0
0.0	0.0	0.0	0.0	0.0	0.0	0.0	0.0	0.0	0.0
0.0	0.0	0.0	0.0	0.0	0.0	0.0	0.0	0.0	0.0
0.0	0.0	0.0	0.0	0.0	0.0	0.0	0.0	0.0	0.0
0.0	0.0	0.0	0.0	0.0	0.0	0.0	0.0	0.0	0.0
0.0	0.0	0.0	0.0	0.0	0.0	0.0	0.0	0.0	0.0
-1.86152e-08	-4.34774e-10	-2.05549e-07	-9.77637e-10	-1.89695e-06	-3.67614e-07	3.03783e-06	-7.37679e-12	-3.47658e-07	-2.00143e-07
0.000287513	-4.2548e-10	-5.6533e-06	-4.19925e-07	-0.000269452	-3.67002e-05	9.3271e-05	-2.84359e-05	-2.61101e-06	-3.75117e-05
0.000124329	-1.00613e-06	-0.000282038	-6.55143e-07	-0.000187174	-5.95933e-06	0.00040006	-1.10606e-05	-1.57676e-05	-2.07281e-05
-9.14874e-05	-1.82524e-06	-3.45094e-05	-4.34618e-05	-0.000230815	-9.84779e-07	0.000422681	-1.96559e-06	-1.10549e-05	-6.57648e-06
-0.00247221	-1.38482e-05	-0.000678895	-0.000259661	-0.00737994	-3.05549e-05	0.0112988	-0.000203279	-0.000108464	-0.000151951
-0.00249073	-0.000622495	-0.00188064	-0.00072241	-0.0267646	-0.000547868	0.034726	-0.000648774	-0.000468017	-0.000580439
-0.00371922	-0.00777359	0.00124152	-0.00236824	-0.0370485	-0.00123955	0.0546314	-0.00135962	-0.00126552	-0.00109868
-0.00987343	-0.0146606	0.0141035	-0.00525027	-0.0394474	-0.0048101	0.0692972	-0.00285668	-0.00450263	-0.00199964
-0.0105394	-0.0140868	0.0119792	-0.000637315	-0.073758	-0.0128642	0.11897	-0.00542515	-0.00794453	-0.00569337
-0.0171229	-0.0153597	0.0305463	0.00745911	-0.0886958	-0.0242094	0.138709	-0.00889592	-0.0127731	-0.00965716
-0.0190075	0.000882015	0.0238673	0.00497593	-0.124366	-0.0272663	0.183227	-0.00899941	-0.0182939	-0.0150192
-0.020276	0.0272377	0.015664	-0.00107194	-0.110125	-0.02913	0.162017	-0.006048	-0.0222942	-0.0159736
-0.0295627	0.0402776	0.0251464	0.00361404	-0.0899034	-0.0306752	0.126955	-0.00769351	-0.0229077	-0.015251
-0.0390701	0.0717242	0.0326476	-0.00426098	-0.0970618	-0.0216838	0.109283	-0.00912854	-0.0253401	-0.0171097
-0.0373907	0.0372068	0.0286384	-0.00166141	-0.0906972	-0.00720772	0.125589	-0.00659843	-0.0262044	-0.0216739
-0.0323862	0.00331091	-0.00114231	-0.000658792	-0.0523385	0.00471132	0.120285	-0.00499453	-0.0202185	-0.0165681
-0.025196	-0.00482925	-0.0134573	-0.00626895	-0.0364391	0.00559937	0.104194	-0.0034802	-0.00818737	-0.0119347
-0.0214788	-0.00194178	-0.0301888	-0.00690474	-0.0185272	0.00526664	0.0977399	-0.0019682	-0.0138687	-0.00812816
-0.0129816	-0.00729133	-0.0185064	-0.00410788	-0.0127988	-0.00770468	0.0741358	-0.000858507	-0.00661284	-0.00327381
-0.00640202	-0.00494584	-0.0203127	-0.0037499	-0.0113189	-0.00927726	0.066222	-0.00046767	-0.00602806	-0.00371954
-0.00359928	-0.0024532	-0.0179767	-0.00265767	-0.00981631	-0.00611429	0.0489594	-0.000352942	-0.00412911	-0.00185993
-0.00174824	-0.0012727	-0.00542826	-0.000932258	-0.00594414	-0.00616982	0.0233141	-5.17543e-05	-0.00154102	-0.000225962
-0.000405598	-0.00040893	0.00519227	-0.000114593	-0.0010828	-0.00361189	0.00109974	-2.26394e-05	-0.000614257	-3.13128e-05
-6.73056e-06	-1.88883e-05	0.00454981	-7.17362e-07	-0.0002172	-0.000340757	-0.003788	-2.65198e-08	-0.000176536	-9.51881e-07
0.0	0.0	0.0	0.0	0.0	0.0	0.0	0.0	0.0	0.0
0.0	0.0	0.0	0.0	0.0	0.0	0.0	0.0	0.0	0.0
0.0	0.0	0.0	0.0	0.0	0.0	0.0	0.0	0.0	0.0
0.0	0.0	0.0	0.0	0.0	0.0	0.0	0.0	0.0	0.0
-4.21713e-08	9.46894e-05	-1.4459e-05	-2.83276e-06	-4.19594e-06	-1.30272e-06	-5.23666e-05	-6.23345e-09	-1.89907e-05	-4.93442e-07
0.000295839	2.24241e-05	-5.64632e-05	-8.52269e-06	-0.000850439	-0.000137816	0.00106819	-8.59011e-05	-0.000107405	-0.000139906
-0.00334724	-4.01233e-05	-0.000767561	-0.000703306	-0.000624805	0.00189897	0.00411549	-0.000328608	-0.000116599	-8.62202e-05
-0.0120148	-0.000753201	0.00135163	0.0169611	-0.00202043	-0.00777058	0.00776759	-0.00121334	-0.00170696	-0.000601055
-0.0146411	-0.00127167	0.00284611	0.0140395	-0.0128171	-0.0063641	0.0244004	-0.00180316	-0.00362563	-0.000763322
-0.017266	-0.00637424	0.0163923	0.027718	-0.032271	-0.0160647	0.044057	-0.00508197	-0.00883804	-0.00227131
-0.0121553	-0.0225634	0.0485073	0.0317629	-0.0648207	-0.0191494	0.0684219	-0.0114205	-0.0131152	-0.00546755
-0.0323177	-0.034962	0.141355	0.0191	-0.091748	-0.0398865	0.0894654	-0.0160739	-0.0236266	-0.011306
-0.0327727	-0.0577727	0.173608	0.0422474	-0.117	-0.0446913	0.12167	-0.0282844	-0.03519	-0.0218147
-0.0219855	-0.0842745	0.204858	0.11467	-0.15427	-0.0691608	0.143501	-0.0441713	-0.0566469	-0.0325188
-0.0314697	-0.0498078	0.227805	0.165254	-0.227138	-0.0758092	0.141795	-0.0399502	-0.0706943	-0.0399857
-0.010403	-0.0262398	0.241245	0.160284	-0.262007	-0.0827733	0.157034	-0.040885	-0.0819843	-0.0542708
-0.0262525	-0.0179578	0.165337	0.228702	-0.216348	-0.0668542	0.148006	-0.0432981	-0.105294	-0.0660401
-0.0438415	0.0223218	0.113638	0.212824	-0.202831	-0.0200241	0.145931	-0.0434173	-0.105529	-0.0790711
-0.0593572	0.00859157	0.123818	0.17298	-0.172346	-0.00582152	0.149105	-0.0396697	-0.103433	-0.0738669
-0.0857356	-0.0475054	0.0480081	0.158732	-0.123901	0.0563547	0.165457	-0.0342276	-0.0818717	-0.0553103
-0.116156	-0.0652871	-0.0613647	0.120584	-0.0758725	0.117018	0.189286	-0.0279412	-0.046664	-0.0336023
-0.105298	-0.0579963	-0.0860958	0.0778491	-0.0195736	0.09881	0.194155	-0.0163808	-0.0600046	-0.0254652
-0.0724751	-0.054467	-0.0924832	0.049365	-0.00154933	0.0862768	0.150988	-0.0113031	-0.0354122	-0.0189395
-0.0613571	-0.0408527	-0.0779772	-0.0214327	-0.00350998	0.0569539	0.169783	-0.00540662	-0.00606489	-0.010136
-0.0412905	-0.0287887	-0.0686078	-0.0280966	0.000301981	0.027281	0.143605	-0.00223068	0.00123939	-0.00341317
-0.0204066	-0.0197911	-0.0485619	-0.0135376	0.00171443	-0.0195498	0.116021	-0.000976533	0.00673148	-0.00164302
-0.00959328	-0.0147388	-0.0140027	-0.00464762	-0.00432979	-0.0192895	0.0703647	-0.000411527	-0.0029345	-0.000417105
-0.00216573	-0.00248522	0.00256102	-0.000212633	-0.000197468	0.00700333	-0.00379292	-4.11289e-06	-0.000677806	-2.84592e-05
-0.00043858	-0.00271693	-0.000269207	-1.95924e-05	-9.22254e-05	0.0012442	0.00332659	-1.6325e-07	-0.0010318	-2.30458e-06
0.0	0.0	0.0	0.0	0.0	0.0	0.0	0.0	0.0	0.0
0.0	0.0	0.0	0.0	0.0	0.0	0.0	0.0	0.0	0.0
-1.78594e-08	-1.70721e-08	-7.44978e-06	1.177e-05	-1.17046e-07	-3.59735e-06	-2.32725e-08	-1.19579e-08	-5.26342e-07	-9.21989e-09
-1.81322e-05	0.000322007	-0.000192495	0.000389463	-2.04159e-06	-0.000254615	-0.000208459	-4.35333e-08	-3.4782e-05	-9.01169e-07
-0.000184896	-5.5661e-05	-0.00147083	0.00502244	-0.000147226	-0.00224481	-0.000590154	7.28436e-05	-0.000322799	-7.89058e-05
-0.00416235	0.00130273	-0.00911691	0.0190973	0.00309505	-0.0126922	0.00578228	-0.000724211	-0.002206	-0.000375679
-0.0234044	0.0123081	0.00990474	0.0709053	0.00392852	-0.0533643	0.00114263	-0.00638432	-0.0115158	-0.00352045
-0.0238823	0.00365139	0.0393561	0.0986722	-0.00995166	-0.0739157	-0.00043699	-0.00818253	-0.0192459	-0.0060646
-0.0206619	-0.0195506	0.0625794	0.141862	-0.0249947	-0.0891417	0.0172559	-0.0209737	-0.0334791	-0.0128958
-0.0223736	-0.0437201	0.116106	0.202374	-0.0721879	-0.139984	0.0502399	-0.0376633	-0.0268605	-0.0259303
-0.0137356	-0.0658367	0.226221	0.214853	-0.117467	-0.139212	0.0407822	-0.0632853	-0.0278332	-0.0544862
-0.0178763	-0.0659213	0.255394	0.256176	-0.191417	-0.100804	0.0476058	-0.0909183	-0.0198769	-0.0723626
-0.011916	-0.0868237	0.302763	0.294369	-0.221738	-0.0632703	-0.0167735	-0.116913	0.0236399	-0.103336
-0.0332898	-0.0161883	0.293367	0.292912	-0.241283	-0.0948332	-0.0370492	-0.134087	0.115502	-0.145049
-0.00558836	0.101747	0.208792	0.30781	-0.212989	-0.178314	-0.0415252	-0.149014	0.129104	-0.160022
-0.0235092	0.137612	0.176846	0.261051	-0.23055	-0.0848658	-0.0330295	-0.174789	0.186432	-0.215197
0.00572488	0.102466	0.126905	0.201063	-0.229821	0.0768232	-0.0392286	-0.174787	0.182294	-0.25144
-0.0421347	0.0592654	0.122841	0.190209	-0.162206	0.113179	0.0450044	-0.165434	0.0914706	-0.252195
-0.025878	0.00823612	0.0711512	0.132562	-0.111366	0.131303	0.125225	-0.139817	-0.00273537	-0.188682
-0.0717009	-0.0131628	-0.00692612	0.156283	-0.0811087	0.158121	0.15629	-0.113243	-0.0419854	-0.142568
-0.0826548	0.0828107	-0.0872055	0.0571848	0.013422	0.0444479	0.189984	-0.0814232	-0.0158942	-0.120671
-0.0755626	0.0989694	-0.112418	-0.0178912	0.059242	-0.0388717	0.216619	-0.0600054	0.0146683	-0.0847496
-0.0815555	0.0954357	-0.151876	-0.0724749	0.0421886	0.0848738	0.236025	-0.0356005	-0.0511623	-0.0658536
-0.0685546	0.0588126	-0.156726	-0.0696613	0.0684244	0.0758033	0.23214	-0.0246557	-0.0760249	-0.039557
-0.0661627	0.0174832	-0.120521	-0.0849425	0.0729295	0.104931	0.164663	-0.0113576	-0.06017	-0.0168523
-0.0515243	-0.0372461	-0.0557934	-0.0206785	0.03943	0.0905671	0.0506957	-0.00376552	-0.00642431	-0.0052605
-0.0148869	-0.0204885	-0.00813592	-0.00276839	0.0039039	0.03006	0.00727629	-0.000798637	0.00731233	-0.00147421
-0.00171872	-0.00239767	-0.00137729	-7.02691e-05	-0.00269367	0.00342817	-0.000149065	-0.000186151	0.00566859	-0.000503924
-3.09879e-05	-0.00126329	-0.00106158	-1.66806e-05	-0.000774892	-0.000897193	0.00354203	-1.06836e-05	0.000551645	-3.83652e-05
0.0	0.0	0.0	0.0	0.0	0.0	0.0	0.0	0.0	0.0
0.0	0.0	0.0	0.0	0.0	0.0	0.0	0.0	0.0	0.0
-7.2238e-05	2.47077e-05	8.93008e-05	0.00118529	-3.16881e-05	-0.00106875	1.19035e-05	-6.784e-06	-0.000129653	-2.09341e-06
-0.00117502	0.000904335	0.000770814	0.0246176	0.000555718	-0.0129366	-0.00741041	-0.000261342	-0.0041827	-0.000882448
-0.0114827	0.00209073	0.00610006	0.0664279	0.00447791	-0.0468258	6.66135e-05	-0.00184794	-0.0141551	-0.00485158
-0.0316618	0.0222644	0.0180178	0.151096	0.0207989	-0.100279	-0.042826	0.0171278	-0.0351795	-0.0193587
-0.0322017	-0.0068665	0.0680982	0.1951	0.0198174	-0.139011	-0.0348173	0.0160949	-0.0417911	-0.0444227
-0.0470462	-0.064278	0.130052	0.207396	0.00675574	-0.096888	-0.024836	0.00682659	-0.0512456	-0.0667363
-0.043014	-0.139795	0.190133	0.198841	-0.011782	-0.0807954	0.0343359	-0.00466887	-0.0506594	-0.0925952
-0.037007	-0.156613	0.219	0.198656	-0.0257805	-0.00264743	0.00540911	-0.0477105	-0.0207762	-0.13253
0.0181384	-0.118124	0.246115	0.176197	-0.108028	0.04758	-0.00491321	-0.107301	-0.0563126	-0.0933517
0.0216802	-0.0989951	0.264863	0.134163	-0.137768	0.0511123	-0.171909	-0.17275	0.112357	-0.00275393
0.0317355	-0.040804	0.244423	0.0853663	-0.159843	-0.0191997	-0.146997	-0.206525	0.190966	0.0208777
0.143723	0.0556384	0.215383	0.0621732	-0.186106	-0.090854	-0.165118	-0.263403	0.176911	0.0516515
0.166888	0.0951724	0.200412	0.0207002	-0.0883163	-0.0994368	-0.0741877	-0.307274	0.170833	-0.0847906
0.15676	0.0953119	0.216176	0.0769857	-0.0627982	-0.0738118	-0.100477	-0.310468	0.163115	-0.160794
0.134299	-0.0346257	0.253839	0.119158	-0.013889	0.0201309	-0.0723963	-0.304146	0.197777	-0.300148
0.198076	-0.0874525	0.200874	0.0107333	-0.0195176	0.088406	0.00631113	-0.298082	0.207541	-0.306889
0.166607	-0.00866459	0.103587	0.0195928	0.0531923	0.118043	0.100964	-0.27889	0.0104756	-0.284908
0.0538598	0.0620147	-0.00474512	0.0137117	0.0926181	0.0552601	0.177004	-0.252485	0.0632533	-0.260491
-0.012852	0.14929	-0.0506789	-0.0650337	0.0647075	0.113105	0.15965	-0.208816	0.0714897	-0.220862
-0.0128491	0.209924	-0.0532935	-0.144605	0.0891913	0.110485	0.137616	-0.140009	-0.0146205	-0.181839
-0.0376284	0.169815	-0.11498	-0.142884	0.159128	0.179406	0.127068	-0.0945716	-0.0867221	-0.15863
-0.100121	0.0912801	-0.149305	-0.159327	0.204269	0.230262	0.125283	-0.0536757	-0.0880935	-0.100571
-0.0924675	0.0202217	-0.0931264	-0.0580173	0.0852348	0.184194	0.0547376	-0.0209902	-0.0337847	-0.0460023
-0.0365712	-0.0334174	-0.0220579	-0.0121386	0.00722118	0.100537	-0.0055297	-0.00637429	0.0233339	-0.0150025
-0.00931707	-0.00501475	-0.00513591	-0.00109387	-0.00514824	0.0232624	0.00726998	-0.00206406	-0.000554338	-0.00220417
-0.00156723	-0.00156786	-0.00156188	-5.52798e-05	-0.000104593	0.000660857	0.00528402	-5.14136e-05	-0.00101387	-2.27507e-05
0.0	0.0	0.0	0.0	0.0	0.0	0.0	0.0	0.0	0.0
-7.25923e-07	-5.30652e-07	-2.48412e-06	5.9086e-05	-1.97821e-07	-4.64222e-06	-7.07321e-08	-1.00772e-06	-5.04176e-06	-4.4385e-05
-0.00021811	-0.00211077	-0.000897024	0.000554619	-0.00173002	0.000398885	-0.000332752	0.00700228	-0.00124436	-0.00142276
-0.00159502	-0.000517183	0.00477676	0.0462956	-0.00719631	-0.0335469	-0.0121558	0.0240163	-0.0125483	-0.00752914
-0.0174457	-0.00142303	0.0284649	0.10689	0.0108258	-0.0835901	-0.00878222	0.0231007	-0.0268294	-0.0312107
-0.025362	-0.0186483	0.0514218	0.186747	0.0551464	-0.118608	-0.0458465	0.0475978	-0.0447462	-0.0877021
-0.0417779	-0.0478074	0.117795	0.226069	0.0577077	-0.114805	-0.0758976	0.0857928	-0.0764154	-0.13066
-0.0602314	-0.108569	0.147304	0.144617	0.0607371	-0.0144795	-0.0188026	0.104907	-0.0636165	-0.191866
-0.06688	-0.195906	0.142165	0.148092	0.0153424	0.0328638	-0.0161492	0.146285	-0.000214778	-0.205597
-0.0971338	-0.24125	0.174053	0.190229	-0.00868473	0.02233	-0.0587385	0.137119	0.0198472	-0.137772
-0.0111657	-0.183804	0.132746	0.18765	-0.0895391	0.0228521	-0.139988	0.125934	-0.00162738	-0.0430576
0.0169146	-0.118751	0.0695561	0.115119	-0.18947	0.0259089	-0.172989	0.104276	0.0674382	0.0819966
0.0333608	-0.12987	0.0871299	0.11663	-0.201807	-0.00562486	-0.127334	0.0177255	0.10359	0.106201
0.144275	-0.127465	0.107784	0.197348	-0.253366	-0.0159648	-0.183885	-0.110966	0.0111673	0.231074
0.125722	-0.113134	0.107705	0.14653	-0.286793	0.0310664	-0.156138	-0.135354	0.0487151	0.23168
0.101159	-0.181715	0.0664531	0.127463	-0.280986	-0.0353923	-0.122441	-0.095065	0.242169	0.178354
0.145809	-0.201951	0.0965112	0.128558	-0.282112	-0.0511932	-0.119875	-0.0955132	0.166731	0.213035
0.18892	-0.218877	0.0644003	0.0676381	-0.180505	0.046016	-0.121575	-0.0947874	0.105173	0.143598
0.219144	-0.0952149	0.0209544	0.142617	-0.165106	0.102835	-0.132267	-0.152714	-0.0544084	0.11416
0.147213	-0.0345919	-0.0648414	-0.00356142	-0.0576752	0.125161	-0.0363261	-0.144257	0.0996577	-0.0307794
0.100582	0.0846053	-0.104303	0.0200551	-0.0475046	0.0949998	-0.00639381	-0.128386	0.0773018	-0.0909564
0.141421	0.108102	-0.0680965	-0.0466846	0.0628213	0.0576178	-0.0134567	-0.0842944	0.0177694	-0.175199
0.11055	0.0925047	-0.111833	-0.155168	0.228238	0.1727	-0.0198032	-0.0913781	0.00617983	-0.231989
-0.0377101	0.0376938	-0.193607	-0.172105	0.282725	0.310913	-0.0172624	-0.086975	0.0743615	-0.198033
-0.140799	-0.0136932	-0.105992	-0.0911393	0.117333	0.38036	-0.017271	-0.0524149	0.03676	-0.113144
-0.0871171	-0.0354308	-0.0310566	-0.0255785	0.00748272	0.209402	-0.0210853	-0.0224294	0.0452775	-0.039465
-0.0333952	-0.00337607	-0.00433962	-0.00298976	0.00985226	0.0700386	-0.0132582	-0.00780224	-0.0040564	-0.0106733
-0.00615006	-0.000302218	-0.000392678	-0.000301388	-0.000517634	0.011262	-0.000961111	-0.000546296	-0.00147242	-0.000618197
0.0	0.0	0.0	0.0	0.0	0.0	0.0	0.0	0.0	0.0
-9.7243e-05	-0.000205635	-0.000311183	0.00209239	-0.00024512	-0.000432093	-8.00727e-05	0.00171281	-0.000667977	-0.00176588
-0.000595013	-0.00180409	0.00189249	-0.00311831	-0.00266453	-0.00546106	-0.00129783	0.0217017	-0.00285232	-0.00580107
-0.00419032	-0.00347786	0.00988333	0.047454	-0.00526864	-0.0441433	-0.0170473	0.0595314	-0.0153506	-0.0273907
-0.0315323	-0.00497852	0.0747611	0.185029	0.0220377	-0.162863	-0.0188139	0.0414973	-0.0211674	-0.0839695
-0.0320694	-0.0417338	0.100218	0.250994	0.0793985	-0.171156	-0.0612028	0.0728736	-0.0230588	-0.174264
-0.0453292	-0.0887674	0.183483	0.170689	0.0517795	-0.106986	-0.0927381	0.159132	-0.0204608	-0.210802
-0.0804686	-0.14199	0.0945208	0.0804204	0.0579036	0.0437029	-0.0124793	0.19563	0.0288072	-0.266046
-0.107306	-0.257099	0.0991441	0.0560178	0.00259195	0.118373	-0.024672	0.188115	0.0794235	-0.154587
-0.0263754	-0.272729	0.0293401	0.0862762	-0.042072	0.0558618	-0.0824957	0.219918	0.0398332	-0.00755658
0.00585513	-0.23412	-0.00226092	0.0827236	-0.125074	0.10309	-0.149005	0.24649	0.0423559	0.0299453
0.0589321	-0.205415	0.0518605	0.0971554	-0.217039	0.118044	-0.142942	0.236714	-0.0715693	0.0742598
0.0787792	-0.150408	0.015773	0.156966	-0.341279	0.0313819	-0.141417	0.203914	-0.0542301	0.20052
0.0817056	-0.175149	0.109104	0.152475	-0.329949	-0.04796	-0.161565	0.0847512	-0.0353798	0.321969
0.0741546	-0.155385	0.0695502	0.207389	-0.403732	0.0544203	-0.161737	-0.0343797	-0.0988172	0.448537
0.0811664	-0.248077	0.000106665	0.184034	-0.422712	-0.0762095	-0.151635	0.0107072	0.107623	0.514998
0.142127	-0.203903	-0.0148403	0.0546762	-0.422628	0.0454668	-0.235951	0.11635	0.0543272	0.464375
0.211454	-0.166247	-0.0932948	0.0742638	-0.274186	0.108059	-0.240519	0.153468	-0.0485086	0.27551
0.193174	-0.141025	-0.0729414	0.0653576	-0.243637	0.08008	-0.259732	0.166889	0.0578067	0.154029
0.116381	-0.0327195	-0.0651002	0.0908145	-0.169327	0.0806605	-0.232923	0.126875	0.00721681	0.0781219
0.0605134	0.0261963	-0.103801	0.0913143	-0.14327	0.0587018	-0.181768	0.104934	0.0385401	0.0486391
0.104062	-0.000636829	-0.0447149	0.0019313	-0.0158045	0.092536	-0.174525	0.0263389	0.0653999	-0.0545864
0.138264	-0.01392	-0.0376036	-0.122659	0.173916	0.156521	-0.185947	0.00386219	0.0942208	-0.206654
0.0685416	-0.0673225	-0.205646	-0.202731	0.230108	0.392152	-0.147617	-0.0340775	0.198966	-0.232373
-0.0863866	-0.121079	-0.153412	-0.138755	0.0878079	0.519828	-0.0516228	-0.0610728	0.170989	-0.166296
-0.106951	-0.0643478	-0.0413785	-0.0347322	0.00351317	0.371108	-0.0441165	-0.0392266	0.0243567	-0.0682254
-0.0416412	-0.00340656	-0.00555298	-0.00257708	0.0122599	0.0902248	-0.0140366	-0.00870091	-0.00770377	-0.0188655
-0.00362297	-0.00106421	-0.000298892	-0.00014115	-0.000634299	0.00926092	-0.0022596	-0.000404705	-0.000311045	-0.00052405
0.00308379	-1.89164e-07	-8.54996e-05	-2.94404e-07	-0.000109029	-2.55768e-06	-5.16055e-06	-0.00175521	-8.82531e-06	-0.00111703
-0.000188863	-0.000220292	0.000524955	-0.00208694	-0.00369001	-0.000782377	-0.000253605	0.014416	-0.000990212	-0.0067287
-0.00161202	-0.000806256	0.00298028	-0.00639818	-0.00408666	-0.00822578	-0.00184255	0.0440164	-0.00490242	-0.0191227
-0.00656214	-0.0017246	0.0155188	0.0501065	-0.00993038	-0.0505136	-0.0182039	0.100038	-0.0109035	-0.0678245
-0.049174	-0.0106374	0.0855339	0.207048	0.00513068	-0.205646	-0.0310227	0.125029	0.00402055	-0.130282
-0.0565699	-0.0378267	0.0819684	0.203254	0.0648667	-0.20102	-0.0826324	0.153498	0.0456925	-0.171232
-0.0698446	-0.100382	0.0956675	0.136105	0.0156898	-0.118982	-0.108399	0.183595	0.0987631	-0.132212
-0.0921308	-0.156495	0.0848741	0.0641649	-0.00657095	-0.0113971	-0.0632814	0.255696	0.109621	-0.18448
-0.0664159	-0.257757	0.0672155	0.0256016	-0.0832887	0.119309	-0.0594404	0.178159	0.0484135	0.0282039
0.0204744	-0.300552	0.0635053	0.0186321	-0.00624731	0.0867686	-0.10761	0.161015	0.105086	-0.0410731
0.0355806	-0.270696	0.180681	0.029286	-0.107971	0.120144	-0.157028	0.177698	0.0484211	-0.0561144
0.0329717	-0.205434	0.150272	-0.00184371	-0.16791	0.141626	-0.135578	0.26842	0.0105289	-0.0930531
0.0690941	-0.110728	0.0810422	0.0343412	-0.257898	-0.00447933	-0.138278	0.281514	0.162661	-0.117269
0.0215223	-0.0572484	0.0754162	0.0647899	-0.240368	-0.0898448	-0.185934	0.153257	0.147257	0.111153
0.10349	-0.00766286	0.130068	0.166901	-0.429778	-0.117586	-0.245574	0.174465	-0.0935373	0.319214
0.181473	0.0170504	0.0868419	0.209465	-0.437003	-0.188684	-0.287407	0.225497	-0.0970855	0.289852
0.306629	-0.0999179	0.0126454	0.0975143	-0.390454	-0.0788573	-0.345043	0.251086	0.0599151	0.186482
0.256226	0.00275664	-0.0028145	0.0956843	-0.22352	-0.038864	-0.378449	0.241683	0.00589418	0.0414046
0.162109	-0.0752864	-0.0628257	0.164813	-0.125604	-0.0584978	-0.450679	0.285414	0.11815	0.0424064
0.101643	-0.0787967	0.026588	0.133413	-0.116504	0.0186411	-0.413868	0.181725	0.156198	-0.00904003
0.0867549	-0.104558	-0.0362458	0.158915	-0.103016	0.115008	-0.314412	0.157153	0.0730397	-0.0326384
0.0793738	-0.137259	-0.0461172	0.0934028	-0.0486017	0.127851	-0.261777	0.0555534	0.0996554	0.0379188
0.162888	-0.169748	-0.0479005	0.0101582	0.0407243	0.165686	-0.268844	0.0698283	0.171288	-0.13408
0.19445	-0.207296	-0.119246	-0.236455	0.0925359	0.499704	-0.225081	-0.000123285	0.209767	-0.208256
-0.0184664	-0.174651	-0.170861	-0.170255	0.0168999	0.686957	-0.135235	-0.0793983	0.191561	-0.146551
-0.105952	-0.0766346	-0.0554047	-0.0454967	-0.0117659	0.476551	-0.0730789	-0.0495688	0.0143974	-0.0730467
-0.0344715	-0.00643341	-0.00685267	-0.00336238	-0.0213573	0.118415	-0.0327636	-0.0104542	0.0129659	-0.0156863
-0.00220076	-0.000784634	-0.000371847	-3.96527e-05	-0.000580945	0.00611542	-0.00205309	-0.00186271	0.00248783	-0.000709624
-2.31725e-06	-3.03971e-06	-4.17287e-06	-6.94262e-05	-0.000250887	-3.11016e-05	-2.32225e-06	0.00106502	-1.54538e-05	-0.000686299
-0.000398595	-5.55111e-05	-0.000409853	-0.00232429	-0.00426097	-0.000776523	-0.000135325	0.0186146	-0.000713842	-0.00953972
-0.000666042	-0.000529469	0.00470014	0.00761306	-0.00745306	-0.00491689	-0.00194728	0.0425791	-0.0103624	-0.0290172
-0.00755668	-0.00203907	0.0318745	0.0557128	-0.0405012	-0.0535099	-0.0226729	0.134363	-0.0162225	-0.0794477
-0.0455963	-0.0155693	0.0689715	0.182015	-0.0437977	-0.169378	-0.0359533	0.200365	0.0265603	-0.167617
-0.0562981	-0.0615856	0.105821	0.10819	-0.0168854	-0.159445	-0.0998712	0.190932	0.0890081	-0.0998655
-0.0766101	-0.103733	0.0631656	0.0807529	-0.0768301	-0.0647325	-0.105926	0.135543	0.123194	0.0251769
-0.0779387	-0.126905	0.0241253	0.0360687	-0.0700629	0.0525266	-0.0299198	0.100199	0.105	-0.013094
-0.0538875	-0.195419	-0.0234315	-0.0319253	-0.0376735	0.16883	-0.0353361	0.0553714	0.12324	0.0302312
0.0158974	-0.252904	0.0747249	-0.0811435	0.0200054	0.13821	-0.11383	0.0626378	0.153849	-0.0174461
0.0623198	-0.217653	0.160849	-0.183641	-0.0587609	0.181813	-0.139288	0.0417584	0.132116	0.0204873
-0.0181683	-0.130497	0.1095	-0.303554	-0.0923048	0.265941	-0.0922896	0.137873	0.150264	-0.0267649
0.0269023	-0.0643539	0.0612149	-0.262439	-0.0727899	0.137594	-0.131827	0.200023	0.116408	-0.0107309
0.125813	0.0575132	0.0866594	-0.0885502	-0.188213	-0.0192957	-0.229478	0.188606	0.0263117	0.0406336
0.0936082	0.221276	0.158086	0.176213	-0.551231	-0.171522	-0.180701	0.282192	-0.212597	0.184675
0.0474638	0.320731	0.146232	0.292085	-0.424034	-0.2821	-0.294832	0.344111	-0.324529	0.174871
0.155301	0.111031	0.153622	0.22353	-0.14412	-0.276799	-0.43346	0.350895	-0.149583	0.00958307
0.231416	0.0211668	0.0793245	0.158108	-0.0514219	-0.224915	-0.517166	0.327385	-0.025354	0.00145664
0.22016	-0.0935802	0.0786322	0.109307	-0.0191403	-0.141003	-0.506829	0.245858	0.0537526	0.0528437
0.20568	-0.166957	0.0159794	0.1526	-0.0404579	-0.0737928	-0.450314	0.223816	0.117033	0.0164126
0.108353	-0.210434	-0.0422709	0.22913	-0.07177	0.0439397	-0.3257	0.150817	0.0859647	0.031971
0.0316877	-0.247283	-0.0539239	0.147348	-0.0555607	0.196533	-0.262422	0.181505	0.123763	-0.0616469
0.104791	-0.263381	0.0015754	0.0412743	-0.0373385	0.290155	-0.274309	0.102765	0.15669	-0.122222
0.259262	-0.239249	-0.112848	-0.165167	-0.0672732	0.551326	-0.189848	-0.0505898	0.193032	-0.178644
0.0675412	-0.152938	-0.164534	-0.146076	-0.139449	0.820018	-0.158948	-0.075852	0.0905149	-0.140278
-0.101363	-0.0636751	-0.0480793	-0.0304787	-0.0996961	0.579782	-0.116314	-0.0333306	-0.0193391	-0.0675064
-0.0334972	-0.00854915	-0.00548643	-0.00354629	-0.0326143	0.133445	-0.0407587	-0.00488735	0.014895	-0.0190002
-0.000837013	-0.00114432	-0.000617106	-0.000207351	-0.00250983	0.00920901	-0.0024753	0.00669644	-0.0065249	-0.00158963
-3.7417e-06	-3.57609e-06	-8.28627e-06	-0.000112708	-0.000294165	-4.05386e-05	-2.75306e-06	0.0015258	-2.1847e-05	-0.00103818
-0.000463179	-2.46135e-05	-0.000109419	-0.00200033	-0.00384715	-0.000703767	-4.62588e-05	0.017739	-0.000417593	-0.0101267
0.00336544	-0.000350826	0.00417193	0.00689312	-0.0160663	-0.00498952	-0.00475018	0.0585278	-0.009228	-0.0375734
-0.0154244	-0.00806512	0.0316494	0.0761195	-0.0464736	-0.0449285	-0.0213882	0.138417	-0.0300523	-0.0798535
-0.0403864	-0.013984	-0.0147873	0.0779895	-0.0548984	-0.0840675	-0.0464775	0.234934	0.0718679	-0.13019
-0.049907	-0.0623225	0.0410227	-0.0126843	-0.0806834	-0.0737979	-0.0863256	0.198946	0.104922	0.0208303
-0.0676511	-0.117699	0.0610901	-0.0597368	-0.113161	0.0250389	-0.0693306	0.0711294	0.1365	0.133819
-0.0585566	-0.123069	-0.0758378	-0.140887	-0.0529636	0.139869	0.0232995	0.0402493	0.17635	0.0715458
-0.0348933	-0.152586	-0.109567	-0.272803	0.0366972	0.219054	0.0168518	-0.0309622	0.200944	0.127265
0.0193926	-0.194307	-0.130559	-0.364941	0.160008	0.270744	-0.0768601	0.0199043	0.227503	0.0691146
-0.0511475	-0.133131	-0.0960251	-0.418491	0.074061	0.227976	-0.0080865	0.0353799	0.225983	0.143481
0.000345974	-0.066159	-0.118618	-0.46359	0.0399872	0.273283	-0.0297442	0.00574082	0.194823	0.163932
0.0364814	0.00351795	-0.193934	-0.351338	0.110639	0.268981	-0.111492	0.00122605	0.146111	0.0898093
0.0594881	0.165396	-0.209318	0.0082025	-0.238093	0.144847	-0.0561241	0.165304	0.073517	-0.113219
-0.0267293	0.431254	-0.0783106	0.222143	-0.617384	0.028656	-0.185623	0.292007	-0.0287747	-0.0372362
-0.121404	0.531178	-0.0893468	0.215324	-0.219302	-0.060353	-0.36245	0.435297	-0.242117	-0.0868261
-0.0628882	0.205458	0.0347592	0.207099	-0.00089163	-0.156174	-0.41888	0.495636	-0.281149	-0.0229682
0.126108	-0.000439568	0.0844259	0.159558	0.060602	-0.277903	-0.430274	0.336729	-0.13979	0.0809858
0.188314	-0.162812	0.0644646	0.160148	-0.0320105	-0.269494	-0.397716	0.277503	0.0550978	0.116505
0.147305	-0.176029	0.00336233	0.208374	0.00293252	-0.223681	-0.364587	0.229011	0.113793	0.0595186
0.132239	-0.253346	-0.0530472	0.258152	-0.115808	-0.10845	-0.254732	0.243972	0.0851201	0.0659005
0.0875626	-0.253965	-0.0298788	0.101142	-0.103103	-0.00724808	-0.189641	0.258514	0.117732	0.0188849
0.172201	-0.227403	-0.0236712	-0.0194771	-0.126942	0.109907	-0.153612	0.135401	0.158095	-0.0244981
0.30177	-0.18865	-0.0987689	-0.111296	-0.233868	0.395097	-0.0722341	-0.0800015	0.17132	-0.0833671
0.129299	-0.12818	-0.114479	-0.0947041	-0.19089	0.691238	-0.109262	-0.0783905	0.022272	-0.126904
-0.093072	-0.045252	-0.0292453	-0.0176646	-0.116081	0.561513	-0.126041	-0.0294256	-0.043646	-0.0610859
-0.0381977	-0.0101038	0.00125154	-0.00262732	-0.0310265	0.14332	-0.0360042	-0.00437797	-0.00266195	-0.0195724
-0.000451121	-2.87804e-05	-0.000307354	-6.83023e-05	-0.000566026	0.00518912	-0.00487614	0.00130155	0.00260588	-0.00279882
-2.71536e-05	-2.44808e-06	-9.82647e-06	-7.22262e-05	-6.09082e-05	-4.76037e-05	-4.17242e-06	0.0007668	-2.79662e-05	-0.000514495
0.00171835	0.000134163	-0.000228148	-0.00152885	-0.00891198	-0.00339093	-0.000115048	0.0298243	-0.000652705	-0.0168491
-0.00418981	-0.000192637	-0.00185761	0.00578506	-0.0402466	-0.00798836	-0.000976734	0.113663	-0.0067324	-0.0572642
-0.0204611	-0.00504228	-0.00989423	0.0607591	-0.0491822	-0.0473063	-0.0207432	0.186037	-0.0133063	-0.0808606
-0.0781345	-0.00495617	-0.0763892	0.0243492	-0.0768278	-0.0366707	-0.0355934	0.254047	0.0502692	-0.0200939
-0.0846237	-0.0358594	-0.111353	-0.122991	-0.0915141	0.00310159	-0.0296222	0.156144	0.138719	0.178
-0.0385359	-0.0951854	-0.203424	-0.239537	-0.0477272	0.162593	0.00067396	0.0703398	0.17221	0.218593
-0.00595214	-0.122952	-0.324754	-0.372738	0.0307413	0.147437	0.0994858	0.101895	0.281608	0.165228
-0.001015	-0.147814	-0.368229	-0.405286	0.169867	0.145808	0.0565273	-0.00995075	0.254707	0.305386
-0.0491131	-0.188522	-0.384494	-0.374234	0.266144	0.128936	0.0720806	0.0833011	0.29321	0.152691
-0.0387874	-0.16631	-0.499755	-0.331361	0.287692	0.163664	0.0885549	0.089108	0.177786	0.229409
-0.0277681	-0.156381	-0.497525	-0.205677	0.230468	0.2449	0.0367832	0.0616971	0.102642	0.210863
-0.0410473	-0.054018	-0.561835	-0.059908	0.226151	0.296984	0.0884725	-0.0444621	0.169869	-0.0202066
-0.0542503	0.2056	-0.563931	0.148237	-0.355318	0.361711	0.0741903	0.0355128	0.281639	-0.13339
-0.275717	0.610907	-0.439086	0.185135	-0.530662	0.156549	-0.188834	0.202957	0.320127	-0.041377
-0.445508	0.603879	-0.314617	0.195843	-0.00363374	-0.0428988	-0.404359	0.357202	-0.0236795	0.0777716
-0.404742	0.169168	-0.137804	0.0789443	0.276009	-0.12045	-0.308122	0.419626	-0.15239	0.17976
-0.145517	-0.0502194	-0.170029	0.159342	0.137337	-0.173627	-0.264122	0.343345	-0.138321	0.301812
-0.0299207	-0.0807429	-0.0788272	0.133906	-0.0181247	-0.201119	-0.211689	0.311397	-0.0639726	0.239093
0.0799811	-0.153335	0.0588298	0.160709	-0.0374835	-0.353414	-0.186489	0.173996	0.00870759	0.248497
0.122198	-0.181817	-0.0148612	0.173319	-0.134669	-0.463386	-0.121992	0.211764	0.0572641	0.352179
0.149988	-0.156038	-0.00230934	-0.0563168	-0.118955	-0.398864	-0.0176572	0.203408	0.15648	0.240263
0.227884	-0.118891	-0.0684319	-0.104305	-0.153436	-0.33804	0.0491541	0.100432	0.244478	0.161157
0.311092	-0.0923538	-0.108736	-0.113568	-0.197174	-0.0936072	0.141981	-0.072157	0.253195	-0.0286708
0.192345	-0.0630366	-0.058409	-0.0686938	-0.155097	0.14149	0.0107625	-0.0642201	0.161336	-0.0964765
-0.0471524	-0.0288668	0.00386897	-0.00688011	-0.0673137	0.267481	-0.0793946	-0.0248293	0.0346561	-0.0515693
-0.0207641	-0.00703368	0.00231135	-0.00142056	-0.00955036	0.0725975	-0.0384373	-0.00667707	0.0252556	-0.0162813
-0.000266949	0.00111687	-7.80607e-05	-2.12392e-05	-0.000351453	0.00297621	-0.00267193	-0.000213098	0.00127854	-0.00176889
-1.0558e-06	-2.69903e-08	-2.7629e-06	-1.27281e-05	-1.44942e-06	-3.92024e-06	-1.66801e-08	0.000551206	-1.17638e-05	-0.000517481
-5.9715e-05	-5.61974e-05	-1.47221e-05	-0.00162311	-0.0118915	-0.0040647	-0.000158073	0.0304221	-0.000507087	-0.0120469
-0.00473454	-0.000432561	-0.00129868	-0.0052309	-0.0409987	-0.00700239	-0.00102467	0.117041	-0.00356827	-0.0527506
-0.0256293	0.000338365	-0.0415174	0.00377116	-0.0693223	-0.0171054	-0.0163217	0.206257	0.00524323	-0.0457142
-0.0826993	0.00449435	-0.116294	-0.0403148	-0.0988361	0.00244884	-0.0438931	0.24403	0.0157925	0.115272
-0.0509087	-0.0249232	-0.302249	-0.174351	-0.0501737	0.0604899	-0.0077102	0.170503	0.118526	0.260796
0.0728395	-0.0531867	-0.503422	-0.295826	0.0707481	0.177315	0.0957458	0.0471835	0.130193	0.25841
0.0636512	-0.0802245	-0.60645	-0.355445	0.205643	0.12639	0.152124	0.129106	0.160533	0.204673
0.00973988	-0.127203	-0.504733	-0.327442	0.339618	0.0529218	0.121824	0.118591	0.0854102	0.231273
-0.0185597	-0.172771	-0.492238	-0.177808	0.30997	-0.0227796	0.167125	-0.00660059	0.158524	0.255137
0.0162594	-0.268668	-0.499837	-0.0505909	0.423301	0.160618	0.108412	-0.100128	-0.0242487	0.234881
0.0306581	-0.320383	-0.466599	-0.0468166	0.486139	0.275054	0.193338	-0.186416	-0.0427461	0.0777723
0.0389014	-0.0858919	-0.475382	0.0290545	0.42186	0.288869	0.211094	-0.428795	0.170281	-0.169993
-0.133077	0.218427	-0.420195	0.144073	-0.105828	0.297636	0.0860055	-0.49051	0.407028	-0.00355823
-0.468289	0.751716	-0.39094	0.294336	-0.310598	0.033896	-0.197483	-0.181582	0.276817	0.192125
-0.611093	0.496218	-0.357928	0.18454	0.143207	-0.130792	-0.241857	0.207134	0.0867965	0.223777
-0.537883	0.114962	-0.255781	0.113091	0.366892	-0.326657	-0.101827	0.371265	-0.00855278	0.264491
-0.222172	0.0330252	-0.250535	0.0801885	0.15957	-0.298816	-0.10365	0.302811	0.000717312	0.29886
-0.056007	-0.0789117	-0.12245	0.0673414	0.0454484	-0.218024	-0.135934	0.226143	-0.0233179	0.295712
0.0369411	-0.164655	0.0659248	-0.0289798	0.0386802	-0.293998	-0.149439	0.0484869	0.0885018	0.358536
0.0264275	-0.126208	-0.00360505	-0.0909691	-0.00839434	-0.427127	-0.0545808	0.098382	0.20699	0.379085
0.101263	-0.0814589	-0.0168823	-0.245543	0.0355172	-0.556704	0.0822794	0.0610339	0.295111	0.325384
0.271194	-0.0630034	-0.110239	-0.195485	-0.0178842	-0.595555	0.222875	0.0140814	0.257978	0.216038
0.36717	-0.0390981	-0.182584	-0.126537	-0.105545	-0.47757	0.328074	-0.057148	0.255917	0.0373216
0.259432	-0.026353	-0.0031739	-0.0495743	-0.0610145	-0.303637	0.153651	-0.0493765	0.175182	-0.0951352
0.00182579	-0.0115518	0.0631516	-0.000962533	-0.0177712	0.000995829	-0.0365992	0.000495664	0.0444478	-0.0440319
-0.00866173	-0.00498943	0.0304151	-0.000326117	-0.00448449	0.0273807	-0.0398375	0.00449157	0.0091221	-0.0131102
-5.81476e-05	0.00105859	0.00315158	-2.68767e-05	-0.00199806	-0.000638658	-0.00172104	0.00251567	-0.00172506	-0.000557995
-6.35798e-09	2.24783e-05	-2.73114e-06	-6.47333e-06	-1.30689e-07	-1.10343e-06	-9.97305e-07	-3.26571e-06	-2.57186e-06	-5.19841e-06
0.000334206	-1.09985e-05	-1.4617e-05	-0.00101206	-0.00880854	-0.000954539	-0.000184102	0.0172676	-0.0001547	-0.00646225
-0.00214992	-0.000175693	-0.000503994	-0.0033574	-0.0236213	-0.00232208	-0.00049192	0.0747882	-0.00115547	-0.0410105
-0.0197855	0.00238719	-0.0477583	0.000145572	-0.0527326	-0.000137664	-0.0137279	0.141265	0.00298509	-0.0126412
-0.0530717	0.00352106	-0.177183	-0.0572095	-0.0452931	0.0292401	-0.0511854	0.153351	-0.0253323	0.223163
0.000918714	-0.0231575	-0.404223	-0.152546	0.0845703	0.10584	0.0156758	0.0830693	-0.0118435	0.301696
0.154787	-0.0474785	-0.566483	-0.254956	0.247099	0.098128	0.156766	0.0348803	-0.0326844	0.209942
0.186176	-0.077039	-0.549249	-0.310243	0.315704	0.126538	0.106933	0.0501952	-0.0403638	0.191347
0.0796579	-0.0957599	-0.374661	-0.230047	0.342278	0.0661861	0.111787	-0.0214488	-0.0621173	0.184125
0.0543009	-0.199039	-0.276169	-0.0969201	0.306419	0.0708438	0.157704	-0.107354	-0.020396	0.110609
0.0933952	-0.40898	-0.139358	-0.148478	0.406071	0.193572	0.204934	-0.17731	-0.117647	0.0937998
0.0861427	-0.435435	-0.0559632	-0.137902	0.55406	0.256173	0.206912	-0.455098	0.0347509	-0.0536423
0.0190001	-0.136501	-0.086219	0.0757826	0.348687	0.289269	0.164198	-0.727202	0.22097	-0.167985
-0.324676	0.309871	-0.0114377	0.227652	-0.058632	0.204358	-0.0217124	-0.724502	0.340746	0.0583353
-0.534358	0.656145	-0.0529797	0.171995	-0.0999467	-0.00437946	-0.146828	-0.294556	0.0904548	0.214452
-0.62239	0.39412	-0.219221	-0.0135767	0.228526	-0.245776	-0.011825	0.0596299	0.204807	0.225705
-0.520408	0.111502	-0.235211	0.104367	0.306	-0.415414	0.00971734	0.185992	0.10467	0.348785
-0.243072	0.0146096	-0.137891	0.11007	0.256381	-0.264095	-0.115398	0.126545	-0.0438725	0.296723
-0.0797133	-0.195169	-0.0843262	0.0752942	0.1631	-0.132395	-0.164181	0.138127	0.00989851	0.269364
-0.0639023	-0.192425	-0.0622779	-0.0849318	0.130959	-0.10485	-0.0526241	0.0755624	0.0265124	0.327977
-0.10925	-0.131558	-0.0556294	-0.261712	0.178	-0.146634	-0.0301785	0.136307	0.120284	0.300372
0.0498451	-0.0867387	-0.0515263	-0.225726	0.144395	-0.290624	0.145926	0.0495623	0.0171385	0.247748
0.261364	-0.0679762	-0.112315	-0.226754	0.0690396	-0.350701	0.320216	-0.000340979	0.0199452	0.087522
0.353934	-0.0553567	-0.110696	-0.124487	-0.033645	-0.391486	0.421704	0.0038023	0.0427583	-0.106528
0.23311	-0.0378777	0.0802164	-0.0457203	-0.0709011	-0.264976	0.208804	0.0022875	0.0293395	-0.134282
0.0226042	-0.0178919	0.146606	-0.00560894	-0.0034983	-0.050044	-0.0517287	0.0127999	0.00543246	-0.058671
-0.00269995	-0.00849271	0.0860825	-0.000563277	-0.00608321	-0.00236492	-0.04915	0.00238444	-0.00428037	-0.0148326
-0.000433739	-0.000192624	0.0204144	-0.00105802	-0.00580119	-0.00525258	-0.00523795	-0.0009977	-0.000864946	-0.000575629
-2.94667e-05	-5.37765e-07	-7.55863e-06	-0.000723701	-2.5231e-05	0.0021496	-5.03027e-05	-2.28136e-05	-0.000100807	-0.00118919
-4.3064e-05	-4.8605e-06	-0.00370149	0.00382701	-0.0048213	-0.000480424	-1.15323e-05	0.0089103	-0.000383317	-0.00329132
-0.000541065	0.00024631	-0.00262917	0.00134331	-0.0114198	-0.00101239	-4.99744e-05	0.0398139	-0.000672238	-0.0250789
-0.0253296	0.00407289	-0.0412	0.00608575	-0.010685	0.0037264	-0.0099269	0.0653098	-0.00751643	0.0154632
-0.0503725	0.00209006	-0.133875	-0.0188164	0.100252	0.0221206	-0.0871911	0.0575431	-0.0506156	0.158866
0.10627	-0.0298703	-0.307086	-0.132065	0.227285	0.0232859	-0.00869509	0.0380341	-0.0797885	0.16263
0.18375	-0.058986	-0.287442	-0.247608	0.290471	0.00243254	0.122261	-0.0277062	-0.163445	0.186273
0.24718	-0.0931566	-0.146988	-0.280479	0.34609	0.00066053	0.0951597	-0.0463397	-0.260399	0.138272
0.151113	-0.105058	-0.0743557	-0.212024	0.313209	0.0670266	0.130351	-0.132918	-0.238912	0.101569
0.148242	-0.237827	-0.00458185	-0.145656	0.282126	0.174988	0.195243	-0.225174	-0.201068	0.0137076
0.138719	-0.443337	0.0445559	-0.172565	0.323173	0.254102	0.258745	-0.297427	-0.0923605	-0.0136064
0.132244	-0.421829	0.0865629	-0.151469	0.362239	0.129859	0.335068	-0.534254	0.130326	-0.0687476
-0.0336337	-0.0402792	0.0679321	0.0916084	0.211799	0.11819	0.137854	-0.697817	0.265072	-0.120723
-0.376285	0.36904	0.189241	0.0928387	-0.0657651	0.0703952	-0.0679702	-0.582108	0.360499	0.0101141
-0.582847	0.556674	0.0948485	0.0855694	-0.042729	-0.0706181	-0.0566	-0.23286	0.211144	0.0374196
-0.608719	0.338168	-0.0949032	0.0376143	0.167082	-0.18348	0.0578661	-0.0491832	0.160512	0.175044
-0.537552	0.0762821	-0.06637	0.014295	0.371728	-0.284975	0.0475686	0.0345191	-0.0186454	0.363149
-0.19565	-0.232084	-0.125155	0.0686214	0.415243	-0.255724	-0.169953	0.20907	0.000309541	0.285321
-0.0700422	-0.327253	-0.0249575	0.0335853	0.252463	-0.132662	-0.168758	0.34998	-0.0569943	0.144638
-0.0730506	-0.247891	-0.0786352	-0.0620554	0.265391	-0.136628	-0.0614792	0.387148	-0.0852496	0.092451
-0.025286	-0.164174	-0.0267069	-0.123076	0.182388	-0.0624362	-0.000735076	0.250735	-0.168373	0.137665
0.0985814	-0.108387	-0.0694444	-0.0443126	0.0794103	-0.11482	0.144182	0.146871	-0.204625	0.0725442
0.200082	-0.0745733	-0.0876029	-0.132166	0.0396629	-0.101826	0.308312	0.162607	-0.228786	-0.0857094
0.310434	-0.0500107	-0.020108	-0.0959777	-0.0340978	-0.171087	0.337792	0.0994018	-0.167571	-0.208775
0.221109	-0.0223814	0.11952	-0.037186	-0.077343	-0.142802	0.148157	0.0190381	-0.0794284	-0.148682
0.0157588	-0.0125018	0.184691	-0.0130018	-0.0253845	-0.0602046	-0.0470197	0.00309562	-0.00434413	-0.0410885
-0.00189607	-0.00271045	0.100946	-0.00467866	-0.016822	-0.00707842	-0.0555648	-0.00107199	-0.00543818	-0.00568499
-6.33658e-05	-1.11131e-05	0.00279537	-0.000781127	-0.000631282	-0.000319924	-0.00077967	-1.23813e-05	-0.000182531	-1.3976e-05
-1.16495e-05	-2.64219e-07	-2.52008e-06	-0.000238616	-1.61323e-05	0.000681799	-1.70093e-05	4.03923e-05	-3.62115e-05	-0.000399788
-4.90813e-05	-7.05816e-06	-0.00819442	0.00947533	-2.55579e-05	-0.000349719	-6.5004e-06	-5.67472e-05	-0.000759294	-2.69519e-05
-0.000862871	0.00162741	-0.00504457	0.0101608	0.00291784	-0.00175211	-0.000150559	0.00995392	-0.00117082	-0.0156791
-0.0327854	0.0014638	0.00395036	0.0180068	0.0162946	-0.00122246	-0.0282538	0.02285	-0.0111167	0.0108128
-0.0140448	-0.00753941	0.0113421	0.0392254	0.0878944	-0.0104361	-0.135229	0.00685057	-0.0566602	0.0785973
0.161227	-0.0500883	0.0199256	-0.0367254	0.163522	-0.0903418	-0.0402534	-0.056472	-0.139897	0.0691035
0.160614	-0.0973632	0.0528286	-0.144915	0.229219	-0.107716	0.103256	-0.0497055	-0.205278	0.0590603
0.224875	-0.1159	0.0362321	-0.241229	0.308259	-0.101602	0.169862	-0.111524	-0.241814	0.0728421
0.202523	-0.136622	0.0240976	-0.267347	0.316788	-0.00810193	0.148683	-0.201519	-0.162343	0.0838428
0.23867	-0.25345	0.0332043	-0.255435	0.276394	0.092891	0.17999	-0.255318	-0.0512536	-0.00569357
0.240614	-0.347375	0.0158211	-0.169854	0.197047	0.103573	0.314474	-0.314084	-0.0791795	0.0389617
0.0631234	-0.205354	-0.0424293	-0.0427972	0.20278	0.102814	0.354072	-0.474452	-0.0110957	0.0533406
-0.208602	0.0661452	0.0364556	0.0887063	0.102984	0.105429	0.139122	-0.551923	0.218729	0.00295474
-0.531256	0.410104	0.1745	0.151814	-0.0463487	-0.0722685	0.0202592	-0.391739	0.395745	-0.110811
-0.647824	0.545376	0.115861	0.136998	0.069128	-0.229767	0.118012	-0.195697	0.260151	-0.172239
-0.597625	0.168929	0.0207803	0.060796	0.280063	-0.215685	0.102014	0.00904035	0.0586225	0.113066
-0.424449	-0.045466	0.00924077	-0.0344425	0.446305	-0.211181	-0.0257956	0.0304099	-0.052472	0.307851
-0.172477	-0.374332	-0.0333458	-0.0199302	0.394126	-0.182019	-0.114343	0.347795	-0.124066	0.278592
-0.0298103	-0.338802	-0.0780933	0.000258113	0.197989	-0.000259448	-0.10337	0.430751	-0.128263	0.0496002
-0.00967562	-0.259843	-0.0656993	0.0973918	0.146961	-0.0633016	-0.0120273	0.360983	-0.213922	0.0191325
0.0866117	-0.1822	-0.1476	0.183058	0.0225773	-0.0866112	0.0732554	0.34591	-0.301939	0.00693895
0.0983462	-0.12153	-0.0829559	0.143334	-0.0113694	-0.0560945	0.149249	0.2807	-0.297465	-0.102216
0.191538	-0.0888283	-0.110587	0.0829209	0.0124686	-0.0400367	0.14994	0.234396	-0.227301	-0.20451
0.2636	-0.0579837	-0.0061894	0.0244998	-0.0508586	-0.027978	0.178369	0.0827977	-0.188956	-0.2173
0.163903	-0.0330182	0.227791	-0.00849219	-0.129382	-0.0452607	0.0921908	-0.00138969	-0.124211	-0.142131
0.00239806	-0.0132248	0.262973	-0.0201037	-0.0564696	-0.0439311	-0.0445559	-0.0217948	-0.0198103	-0.0454808
-0.00334009	-0.00500514	0.111635	-0.00579528	0.00705231	-0.011734	-0.0608011	-0.00254747	-0.0120953	-0.0173689
-0.000603567	-0.000451288	0.0122395	-0.000232734	-0.000925926	-0.00401112	-0.00387176	-0.000206733	-0.00113561	-0.000800767
-1.1435e-05	-5.03639e-07	-2.57897e-07	-9.43903e-06	-4.49761e-05	-0.000126021	-3.07702e-06	0.000273499	-1.83082e-05	-5.9481e-05
-4.24704e-05	-7.63487e-06	-0.00420695	0.00639513	-1.60996e-05	-0.000227165	-2.55842e-05	-0.00067344	-0.000414382	-0.000781399
-0.00225755	0.00126786	-0.00774424	0.0310108	-0.00348648	-0.00476951	-0.000973694	-0.000431833	-0.00260262	-0.0100127
-0.0353172	-0.00294093	0.0688358	0.0701989	-0.0279286	0.00421259	-0.048239	-0.0100352	-0.0122842	-0.00650214
0.00574685	-0.0159726	0.164158	0.126251	-0.0404271	-0.0238282	-0.155123	-0.0148251	-0.0814103	0.0354313
0.206209	-0.0747282	0.201844	0.0268499	0.0259989	-0.0840181	-0.0485063	-0.0855171	-0.170381	0.0022483
0.229286	-0.159864	0.220939	-0.124068	0.134218	-0.134426	0.113147	-0.065131	-0.163481	-0.0506194
0.190854	-0.190557	0.100194	-0.215567	0.263109	-0.262289	0.239375	-0.0754022	-0.0573394	0.00762276
0.251941	-0.207665	0.013959	-0.308423	0.316621	-0.271318	0.197351	-0.170617	0.0805666	0.0975849
0.256936	-0.197194	0.0715235	-0.245841	0.22822	-0.224441	0.241764	-0.19637	0.0968807	-0.0314772
0.231571	-0.134729	0.0855218	-0.232338	0.0245033	-0.125412	0.369838	-0.326087	0.0385144	0.0686173
0.0234711	-0.0773998	0.136924	-0.0822849	-0.000846465	-0.1172	0.422449	-0.439625	0.0414913	0.0930201
-0.311546	0.00212	0.247953	0.0225337	0.0585125	-0.0829723	0.0829166	-0.310043	0.298111	-0.00758629
-0.565257	0.39905	0.283401	0.0963085	0.0821025	-0.153914	0.0408972	-0.183253	0.210311	-0.209645
-0.576428	0.510354	0.126372	-0.0399743	0.279358	-0.234315	0.144416	-0.118147	0.0604958	-0.15213
-0.450494	0.0170296	0.0125697	-0.16046	0.454988	-0.152223	0.0668795	0.0895036	0.050558	0.0716488
-0.277547	-0.195026	0.114159	-0.169869	0.41682	-0.167236	-0.0760654	0.100403	0.0264096	0.227951
-0.0582231	-0.435099	0.0966204	-0.00359862	0.282146	-0.0856946	-0.135384	0.25549	-0.085086	0.168829
0.0234044	-0.340477	0.0105532	0.150678	0.174302	-0.0239776	0.0157032	0.224662	-0.260294	0.0254449
0.0451352	-0.239562	-0.0222628	0.191071	0.083824	-0.0201549	0.0991032	0.245449	-0.277579	-0.105023
0.103178	-0.170792	-0.0595531	0.177958	0.0916353	-0.00812751	0.0439983	0.218365	-0.276474	-0.120189
0.108657	-0.117228	0.112828	0.201805	0.0296698	-0.041926	0.0370809	0.182903	-0.290316	-0.223475
0.155904	-0.089825	0.106844	0.20367	-0.0857127	0.0292394	0.0356681	0.0676469	-0.235558	-0.187877
0.162683	-0.0655234	0.1557	0.122007	-0.124041	0.0570345	0.0515576	-0.00175276	-0.117215	-0.24045
0.0546463	-0.0423462	0.30152	0.0285502	-0.105652	0.00352619	0.0275784	-0.0143805	-0.104868	-0.148574
-0.0217675	-0.0272651	0.375057	-0.0312517	-0.0532178	-0.0437319	-0.0718327	-0.0264851	-0.0537516	-0.0457534
-0.010753	-0.00973514	0.156513	-0.00593009	-0.0252791	-0.0188069	-0.0540252	-0.00202007	-0.0178374	-0.0121256
-0.00091572	-0.000178967	0.0187622	-0.000337188	-0.000903431	-0.00774763	-0.00776321	-0.000159413	-0.000599002	-0.000157624
0.0	0.0	0.0	0.0	0.0	0.0	0.0	0.0	0.0	0.0
-4.98021e-05	0.00020823	-0.00160983	0.00226454	-1.2048e-05	-0.000205247	-2.00511e-05	-6.4168e-05	-0.00039692	-0.000114697
-0.00371263	-0.000237897	-0.0024216	0.0402505	-0.00444733	-0.00776118	-0.0019832	-0.00133836	-0.00284721	-0.0155011
-0.0427291	-0.00629414	0.112677	0.137299	-0.0741373	0.00711414	-0.0589522	-0.014493	-0.0208316	-0.0396527
0.00397197	-0.0273564	0.275296	0.183813	-0.070856	0.0134877	-0.182929	-0.0269682	-0.104261	-0.0641967
0.179779	-0.130834	0.310045	0.0557692	-0.0628175	0.0899523	-0.092968	-0.0828859	-0.170742	-0.0952988
0.236061	-0.238923	0.221592	-0.0742537	0.0113544	0.168338	0.0226065	-0.151839	-0.113676	-0.0812596
0.204177	-0.256479	0.146466	-0.15062	0.144615	-0.154105	0.196176	-0.205795	0.0534829	0.0220813
0.188082	-0.215109	0.118676	-0.276346	0.200988	-0.283296	0.231635	-0.212964	0.182582	0.0657517
0.227329	-0.132554	0.165131	-0.431752	0.141693	-0.275856	0.238683	-0.212196	0.245254	0.0342677
0.265269	0.0200219	0.210172	-0.470443	0.0220845	-0.306125	0.421292	-0.332494	0.0770804	0.0931423
0.0204374	-0.0426921	0.253495	-0.377073	-0.0221841	-0.279319	0.412722	-0.266145	0.229675	0.0710834
-0.247559	0.108597	0.320017	-0.275362	0.0941241	-0.341963	0.165901	-0.132469	0.304636	0.00407794
-0.503247	0.385951	0.259819	-0.234285	0.271619	-0.33992	0.0940924	0.0161443	0.151741	-0.101915
-0.497911	0.368217	0.0783833	-0.258798	0.452473	-0.229955	0.105275	0.0681892	-0.0398588	-0.0460134
-0.312811	-0.0423898	0.0552534	-0.192583	0.403052	-0.0946797	-0.00581424	0.0540914	-0.0505578	0.186438
-0.103804	-0.273512	0.0353162	-0.00564354	0.32077	-0.0396228	-0.0851648	6.70115e-05	0.0794959	0.0720976
0.0446694	-0.364548	-0.00180143	0.14105	0.16461	0.0068574	0.0228443	0.0642056	-0.0941609	0.0162749
0.00929883	-0.273382	0.0307839	0.103539	0.126208	0.100748	0.136723	0.0838331	-0.242932	-0.0748202
0.0416271	-0.186546	0.0200731	0.185338	-0.0320884	0.0453869	0.127505	0.0343528	-0.108278	-0.12737
0.0715142	-0.129741	0.0155176	0.11314	-0.0165117	0.0310164	0.0620203	0.0404902	-0.0627637	-0.124683
0.0539649	-0.0922365	0.101424	0.197323	-0.020658	0.0136572	0.0458244	0.0122566	-0.118885	-0.192671
0.124745	-0.0660447	0.152656	0.264625	-0.154566	-0.00437921	0.0524648	-0.0207783	-0.139326	-0.209397
0.0730768	-0.0585459	0.215592	0.148905	-0.133468	0.0732977	0.0136776	-0.0486434	-0.0469523	-0.23694
0.0116483	-0.0457524	0.383319	-0.0472723	-0.101507	0.0534543	-0.0343729	-0.0157941	-0.0551765	-0.148546
-0.0156083	-0.0418929	0.408282	-0.0552189	-0.0722558	-0.0469766	-0.0679897	-0.00161639	-0.0750243	-0.0316993
-0.00646772	-0.00684216	0.0998432	-0.0051134	-0.0157224	-0.010024	-0.0390491	0.00439369	-0.0141757	-0.00684244
0.00346516	-0.000190255	0.00595956	-0.000205546	-0.00392817	-0.000943397	-0.00318926	-0.000387016	-0.000199088	-0.000381975
-7.05471e-06	-4.28536e-06	-5.39193e-06	-0.000145548	-0.000910531	-6.99732e-05	-2.60595e-06	0.000879307	-4.08522e-05	0.000306935
-1.08614e-05	3.60493e-05	-8.86995e-05	0.000225372	-2.2136e-06	-7.35474e-05	-4.3802e-06	-4.16081e-06	-5.8761e-05	-1.87976e-05
-0.00428875	-0.000576271	-0.0146017	0.0444983	-0.00385385	-0.00631837	-0.00175905	0.00138056	-0.0032465	-0.0112344
-0.0637334	-0.00776124	0.0907486	0.222192	-0.0667952	-0.00195194	-0.0584554	-0.00480785	-0.0440894	-0.0653462
-0.0185276	-0.0453053	0.306153	0.246748	-0.0864105	0.0644277	-0.179223	-0.0457727	-0.142158	-0.0999316
0.118534	-0.168005	0.352819	0.203617	-0.114331	0.145719	-0.173369	-0.117466	-0.103305	-0.144213
0.178048	-0.307002	0.238962	0.0441989	-0.126637	0.34722	-0.0339735	-0.232667	-0.00203682	-0.106113
0.161344	-0.279741	0.283932	-0.138512	-0.0550859	0.155364	0.136137	-0.248524	0.0730154	-0.08793
0.191587	-0.13955	0.154866	-0.204998	-0.000143797	-0.0103288	0.197359	-0.260265	0.149531	-0.0780577
0.223256	-0.0189403	0.142825	-0.329838	-0.0162128	-0.137771	0.215684	-0.265494	0.218627	-0.032136
0.28298	-0.0505937	0.217099	-0.418048	-0.159719	-0.197472	0.30635	-0.290222	0.236399	0.0732267
0.0753484	-0.0283277	0.209237	-0.414116	-0.088083	-0.194304	0.363297	-0.193238	0.244721	0.025464
-0.222441	0.100184	0.285641	-0.435573	0.0762379	-0.153781	0.386998	-0.0861224	0.182939	-0.134082
-0.402413	0.236393	0.269768	-0.36886	0.191017	-0.099998	0.197829	0.103166	-0.0264094	-0.100492
-0.362717	0.179855	0.12049	-0.243718	0.26116	4.66469e-05	0.0483698	0.089799	-0.164285	0.0710005
-0.170072	-0.124946	0.00169876	0.0199587	0.219423	-0.00577592	0.0393487	-0.0105988	-0.0286834	0.0596482
-0.0278338	-0.220514	0.0887787	0.221186	0.14561	0.021938	0.11618	-0.111103	-0.126564	-0.107677
0.01896	-0.174185	0.133347	0.201669	-0.0997225	0.0355483	0.181651	-0.0753211	-0.11999	-0.101956
-0.00217779	-0.129674	0.0913141	0.183824	-0.0783364	-0.00527563	0.191317	-0.0831822	-0.0581997	-0.10961
0.0133001	-0.101941	0.041196	0.184437	-0.126112	0.0673445	0.0852819	-0.0672965	-0.0466531	-0.0495569
-0.0141968	-0.0615121	0.0332229	0.1459	-0.0935758	0.0772206	0.049165	-0.0824419	0.0035063	-0.0572879
0.0368914	-0.0610947	0.139706	0.265632	-0.105379	0.0251629	0.0630236	-0.133548	-0.0629138	-0.16748
0.0932503	-0.0779719	0.179603	0.28103	-0.223814	0.0437865	0.0351605	-0.133132	-0.0113801	-0.186532
0.0338893	-0.0765498	0.363032	0.0887838	-0.147588	0.0985045	-0.0044039	-0.135529	-0.0200291	-0.20011
-0.0163583	-0.0404013	0.468895	-0.0948159	-0.0934912	0.0906656	-0.0591624	-0.0819618	-0.0597521	-0.113618
-0.0141531	-0.0124521	0.293568	-0.0404079	-0.0631086	-0.0249693	-0.035614	-0.0129133	-0.0643869	-0.0255628
-0.00289616	-0.000651604	0.0360838	-0.00443559	-0.0032311	-0.0058919	-0.0153923	0.00384261	-0.00616296	-0.00126482
-0.00150001	-4.87255e-06	0.00813454	-7.40128e-05	-1.95976e-05	-0.00184863	-0.00446286	-8.96121e-06	-0.000111475	-0.000104123
-1.64445e-09	1.8313e-05	-1.18986e-05	-1.13176e-06	-6.7452e-09	-5.52034e-08	-1.58699e-07	-2.28408e-07	-4.69046e-06	-1.41409e-07
0.00134119	8.75225e-05	-0.00057478	5.05458e-05	-0.000807238	-0.000183861	-0.000116351	0.00306071	-0.000325465	-0.00253227
-0.00393306	-0.000839929	-0.0137922	0.0455073	-0.00357557	-0.00712541	-0.00172581	0.00100513	-0.00542903	-0.0100914
-0.0560057	-0.00820682	0.0368403	0.26183	-0.0282633	-0.0158157	-0.0570032	-0.0180989	-0.0622837	-0.0529933
-0.0378053	-0.0552937	0.225988	0.295074	-0.0841392	0.0818824	-0.148726	-0.0499359	-0.130992	-0.0960524
0.0845725	-0.186303	0.228648	0.26289	-0.118724	0.188466	-0.190236	-0.137065	-0.0131071	-0.119141
0.165451	-0.222661	0.220869	0.121484	-0.19535	0.29772	-0.0979664	-0.232482	0.0870774	-0.144141
0.169419	-0.144239	0.289196	0.0168435	-0.217532	0.169981	0.0398053	-0.294264	0.113045	-0.142254
0.172119	-0.0706234	0.231141	-0.0504636	-0.267703	0.220782	0.112588	-0.283318	0.117559	-0.182081
0.213499	0.0191482	0.199279	-0.112638	-0.316004	0.112564	0.197407	-0.276039	0.189772	-0.226989
0.280706	-0.0466862	0.261867	-0.190641	-0.327198	0.0290759	0.311279	-0.266853	0.16853	-0.220079
0.243119	-0.0167088	0.253837	-0.269201	-0.244904	0.0416131	0.471874	-0.183941	-0.0220913	-0.273596
0.0806301	0.0260757	0.253051	-0.30248	-0.253661	0.0774897	0.442717	-0.0399317	-0.0169381	-0.266952
-0.111734	0.163275	0.274628	-0.22111	-0.115766	0.0812299	0.209433	0.0434702	-0.14355	-0.179876
-0.147552	0.0176363	0.130929	-0.100239	0.0546332	0.0599362	0.157445	0.123509	-0.150546	-0.14575
-0.0790393	-0.0711525	0.105799	0.0398914	-0.00507183	0.0652821	0.191469	-0.0635104	-0.0313368	-0.152332
-0.0440255	0.00182502	0.119091	0.171057	-0.0304362	0.00370005	0.222054	-0.188733	-0.075442	-0.179091
0.00511659	-0.031765	0.140505	0.239962	-0.128933	-0.0226431	0.175988	-0.219179	-0.0152653	-0.143785
-0.0090252	-0.00873012	0.113851	0.204374	-0.122668	0.00615127	0.125985	-0.246403	0.0602995	-0.123835
-0.0288998	0.00465836	0.0139741	0.195277	-0.14998	0.0418347	0.117457	-0.184777	0.0194172	-0.0289615
-0.00434583	-0.0218718	0.0733647	0.167584	-0.148233	0.068744	0.0961404	-0.24375	0.045504	-0.0331362
0.036028	-0.0356597	0.164123	0.267118	-0.137544	0.063828	0.0807903	-0.288394	0.0154314	-0.165721
0.0597574	-0.0564178	0.257538	0.154065	-0.235355	0.074057	0.0291209	-0.231338	0.0910481	-0.142476
-0.0106368	-0.0507113	0.342916	0.0295179	-0.151378	0.126501	-0.043169	-0.156361	0.0301295	-0.116807
-0.0271852	-0.017142	0.316985	-0.0723613	-0.0778571	0.0876882	-0.0574741	-0.0471243	-0.0468102	-0.0587185
-0.0168588	0.00214881	0.198063	-0.0290924	-0.029436	-0.00479303	-0.0475441	-0.0114055	-0.0485443	-0.0125373
-0.002993	-9.7363e-05	0.0479946	-0.00482618	-0.000981022	-0.00880386	-0.0195046	-0.00145766	-0.00636544	-0.00296549
-0.000386896	1.10258e-05	0.00359359	-4.44436e-05	-1.1204e-07	-0.000582011	-0.00255653	-2.07228e-07	-3.42696e-05	-1.37124e-07
0.0	0.0	0.0	0.0	0.0	0.0	0.0	0.0	0.0	0.0
0.00337563	-2.62239e-05	-0.00125158	0.000143798	-4.35803e-05	-0.000219941	-0.000290161	-5.66998e-05	-0.000695721	-0.000935528
-0.00381467	-0.00416693	-0.00206621	0.0377916	-0.00156713	-0.0048825	-0.00158689	-0.00454592	-0.00742815	-0.00773318
-0.047416	-0.0158613	0.0463491	0.236946	-0.031095	-0.00354797	-0.0397595	-0.0345374	-0.0666567	-0.0444216
-0.0198354	-0.0429999	0.209811	0.28869	-0.0812573	0.0462079	-0.123897	-0.0863037	-0.11791	-0.0725051
0.0725162	-0.109341	0.22819	0.214313	-0.142669	0.182193	-0.207642	-0.150542	-0.0200946	-0.0669231
0.137736	-0.0523798	0.239614	0.21379	-0.235458	0.175096	-0.183428	-0.249553	0.107804	-0.15322
0.138202	-0.0299094	0.332406	0.156909	-0.332223	0.0733272	-0.0165363	-0.292612	0.20994	-0.239503
0.153929	0.0357281	0.24785	0.134697	-0.398875	0.234845	0.02144	-0.256766	0.0605232	-0.233372
0.203235	0.0587516	0.230821	0.122751	-0.385273	0.212709	0.157927	-0.268083	-0.0131618	-0.319676
0.291004	0.0661161	0.198934	-0.0209909	-0.350843	0.0960381	0.285959	-0.212937	0.0493903	-0.402672
0.333346	0.0546871	0.24674	-0.135966	-0.259542	0.160267	0.33341	-0.168819	-0.118958	-0.445166
0.249528	0.00936377	0.190766	-0.221429	-0.231188	0.101164	0.412242	-0.0501805	-0.0531649	-0.407101
0.1037	-0.00605853	0.0969112	-0.119264	-0.260536	0.0356152	0.362083	0.0168795	-0.0277904	-0.20154
0.0165273	-0.00625472	0.0513197	-0.0392229	-0.106974	-0.0470871	0.413241	0.0490864	-0.0987518	-0.231884
-0.00170002	-0.0492103	0.0652917	0.00196228	-0.0790359	-0.00416999	0.311536	-0.0836226	0.0152822	-0.176333
-0.0500193	0.0971028	0.0666766	0.0909964	-0.0239749	0.0465953	0.21854	-0.209024	-0.112899	-0.123994
-0.019271	0.145684	0.0332932	0.139476	-0.0461693	0.0742913	0.11869	-0.270177	-0.0268674	-0.14895
-0.0920408	0.138251	0.126022	0.171177	-0.105937	0.0940036	0.164368	-0.359102	0.00136985	-0.138112
-0.0718236	0.0797423	0.142312	0.172848	-0.131781	0.0543863	0.112561	-0.306696	0.0100822	-0.0616316
-0.0373391	0.0104099	0.116594	0.238023	-0.0978061	0.0262853	0.104146	-0.349881	0.0842489	-0.0946802
0.00271385	-0.0300468	0.237639	0.154599	-0.0806586	0.0859692	-0.000319585	-0.312607	0.106711	-0.164001
-0.00890104	-0.0523314	0.281764	0.0152292	-0.138554	0.204182	-0.0668864	-0.230658	0.105131	-0.108976
-0.0565928	-0.0437381	0.312599	-0.0321318	-0.11416	0.135633	-0.0541233	-0.123495	0.0236193	-0.0476097
-0.0330157	-0.0249288	0.250728	-0.0543739	-0.0493238	0.0472477	-0.0454556	-0.031648	-0.0597942	0.000564747
-0.0128868	-0.00503627	0.0956695	-0.01607	-0.0246347	0.016316	-0.0205317	-0.0103984	-0.0326927	0.0102651
-0.00088288	0.00141054	0.0162915	-0.00228559	-0.000321443	-0.00133203	-0.00387063	-0.0009256	-0.00596601	-0.0021179
-2.09033e-05	3.61156e-05	-3.26551e-05	-3.89667e-05	-1.92112e-05	0.000328623	-3.95071e-06	-3.09004e-05	-0.000187125	-3.10259e-05
-2.15116e-08	3.8572e-05	-1.92563e-05	-4.64117e-06	-4.10092e-07	-1.98301e-07	-5.53471e-07	-2.03853e-06	-1.08537e-05	-5.98824e-07
-4.82644e-05	3.18123e-06	1.98453e-05	0.000402661	-2.45084e-06	-0.000107247	-3.04188e-05	-6.21003e-05	-5.88739e-05	-0.000116333
-0.00608212	-0.00700291	0.00520867	0.0383416	-0.000596407	-0.00565697	-0.000920132	-0.0104484	-0.00664548	-0.00619779
-0.0346569	-0.0115132	0.0513072	0.161293	-0.0261412	0.00887635	-0.0215709	-0.0403108	-0.052095	-0.0351881
-0.0340356	0.0108555	0.115358	0.212701	-0.0555659	0.0599398	-0.0862716	-0.0828941	-0.0855388	-0.0545487
0.0366569	0.105339	0.152676	0.1655	-0.0859276	0.0379587	-0.162806	-0.131545	-0.0528572	-0.0649939
0.0893822	0.124448	0.167298	0.191238	-0.200378	0.0933692	-0.242068	-0.191428	0.102061	-0.133924
0.109121	0.0881694	0.179289	0.142548	-0.267417	0.120752	-0.137137	-0.223613	0.189048	-0.200761
0.0851737	0.0992134	0.155913	0.134491	-0.239086	0.141858	-0.016348	-0.196698	0.0236087	-0.188126
0.115999	0.0729612	0.198975	0.0179422	-0.246602	0.134398	0.0814516	-0.215473	0.0195482	-0.179201
0.200503	0.0957357	0.117276	-0.0132497	-0.231258	0.0519621	0.205053	-0.168088	-0.0122835	-0.245651
0.27343	-0.0831631	0.0828139	-0.0891236	-0.140302	0.106185	0.306926	-0.131505	-0.00744038	-0.317821
0.207166	-0.151399	0.0611757	-0.106318	-0.135962	0.0842088	0.43627	-0.0833069	-0.0460985	-0.265735
0.0948846	-0.162585	0.0630185	-0.0772517	-0.169806	0.0169151	0.478208	-0.0732136	0.0656197	-0.23579
0.0372327	-0.0382036	0.0441223	-0.0817518	-0.0830401	0.0202717	0.437625	-0.104765	-0.00604168	-0.225448
-0.00269514	0.0140734	-0.0286872	0.020223	0.00207898	0.0491287	0.286486	-0.0932392	-0.0576289	-0.18974
-0.0120111	0.0615758	0.0271643	0.0861962	-0.0516887	0.051863	0.214783	-0.132544	-0.104835	-0.140504
-0.100093	0.129633	0.0991722	0.085877	-0.0111626	0.0794117	0.213429	-0.240249	-0.0434574	-0.21256
-0.100884	0.153459	0.193912	0.150631	-0.0720091	0.0121535	0.150182	-0.301398	-0.0344417	-0.151605
-0.101803	0.0741484	0.224472	0.22243	-0.0101282	0.0148793	0.0592099	-0.309521	-0.0118816	-0.161806
-0.0526966	0.0417788	0.0999413	0.14032	0.00664496	0.111546	0.0068453	-0.309853	0.0858471	-0.130373
-0.0458108	0.0080917	0.190546	0.00843445	-0.00233056	0.203407	-0.0439612	-0.27254	0.048679	-0.0945166
-0.0451118	-0.0673301	0.269504	-0.0637676	-0.0567215	0.206419	-0.0419703	-0.194362	0.0542145	-0.0608743
-0.0369238	-0.0487031	0.264887	-0.081059	-0.0447901	0.0960748	-0.0389382	-0.102598	-0.0130772	0.00512791
-0.0218212	-0.0072154	0.165754	-0.0550848	-0.0371706	0.0362525	-0.025599	-0.0247594	-0.0635831	0.0332268
-0.00593022	-0.00228562	0.0570686	-0.0110539	-0.0222034	0.0251615	-0.0122293	-0.0084594	-0.0229361	0.00286786
0.00332202	-0.000833532	0.00640575	-0.00154881	-0.00038545	0.000286167	-0.00106126	-0.000661271	-0.0024328	-0.00309082
3.85384e-06	-4.4688e-11	-5.87424e-07	-2.6992e-07	-3.54991e-09	-1.38807e-06	-2.26848e-07	-7.5718e-09	-1.35783e-06	-1.26017e-08
-2.08394e-08	3.73667e-05	-1.86545e-05	-4.49613e-06	-3.97277e-07	-1.92104e-07	-5.36175e-07	-1.97483e-06	-1.05146e-05	-5.80111e-07
-7.18762e-07	1.15797e-05	-6.80592e-06	1.21597e-05	-1.64614e-07	-3.41718e-06	-1.76323e-07	-3.56207e-06	-4.75658e-06	-4.13798e-06
-0.0015312	-0.00666324	0.00126148	0.03389	-0.000334392	-0.0044105	-0.000214816	-0.0106745	-0.00474941	-0.00657343
-0.0247035	-0.00802314	0.0339474	0.101106	-0.0200502	0.00529556	-0.00769572	-0.0305017	-0.0284045	-0.0209702
-0.0758921	0.0458185	0.0724183	0.154279	-0.0351588	0.0550382	-0.0403508	-0.0539089	-0.0785452	-0.0436982
-0.0280266	0.227659	0.0832093	0.14547	-0.0645025	-0.0061174	-0.0970134	-0.0394456	-0.122863	-0.098369
0.0459568	0.219872	0.112712	0.188687	-0.117098	-0.0705125	-0.182038	-0.0523412	-0.0169754	-0.128263
0.10251	0.133196	0.130413	0.112136	-0.162104	-0.0233522	-0.211459	-0.0155447	0.1157	-0.181495
0.137487	0.0814667	0.193064	0.00478025	-0.173954	0.0662308	-0.196485	-0.0548036	0.0473086	-0.105095
0.138559	0.0790688	0.196787	0.0248192	-0.178569	0.0776644	-0.120206	-0.114928	-0.0214365	-0.0817595
0.144751	-0.036917	0.10427	0.0482372	-0.121158	-0.0240186	-0.0257778	-0.081125	0.0688723	-0.0771344
0.196867	-0.225056	0.0958741	0.0402351	-0.0923636	0.0454932	-0.00239531	-0.166883	0.173582	-0.0653527
0.188464	-0.348935	0.044465	-0.0580672	-0.103046	0.136588	0.120852	-0.125162	0.190421	-0.0455795
0.269963	-0.289624	-0.0220787	-0.0637484	-0.0847101	0.19069	0.143878	-0.173563	0.154539	-0.125346
0.156163	-0.111529	-0.0673391	-0.0515486	-0.06825	0.122439	0.061293	-0.0994373	0.122289	-0.0640797
0.11409	0.0309729	-0.112086	0.00730012	-0.0167194	0.0687658	0.0908011	-0.0442907	0.0461544	-0.184988
0.0364417	0.0835817	-0.0519983	0.0598919	-0.0625734	0.130071	0.0682675	-0.0866122	-0.0148316	-0.162238
-0.00581167	0.189254	0.0160718	0.0910716	0.0173228	0.0775492	0.00649827	-0.178778	-0.0179479	-0.195231
-0.0722141	0.170975	0.127247	0.108025	0.0337829	0.0749994	-0.0419469	-0.229567	-0.00502029	-0.16628
-0.102001	0.0675109	0.194035	0.152374	0.160387	0.0847426	-0.0457291	-0.244001	-0.0403362	-0.226982
-0.12018	0.0213523	0.211006	0.0654448	0.104113	0.118305	-0.0285385	-0.270812	-0.000873789	-0.099817
-0.0932581	-0.0365832	0.206688	-0.0571439	0.113185	0.123377	-0.0343749	-0.232339	0.0442011	-0.0337508
-0.0345225	-0.0571659	0.215584	-0.0469769	0.00732741	0.0934518	-0.062942	-0.138909	-0.000231568	0.0243847
-0.00970362	-0.0329178	0.145657	-0.0485751	-0.030482	0.0558321	-0.0439796	-0.0843612	-0.0120187	0.0605492
-0.0114089	-0.00990083	0.0886746	-0.0341179	-0.0255172	0.0351797	-0.0193651	-0.0254981	-0.0321318	0.0340856
-0.00314741	-0.0014968	0.026884	-0.0088847	-0.0148305	0.0217536	-0.00546699	-0.0114921	-0.00911465	0.00579552
0.000366877	0.00111932	-0.00367408	-0.000131319	0.000346521	0.00373562	-9.22223e-05	-0.000111431	-0.000870851	-0.00068843
7.11477e-06	-8.25009e-11	-1.08447e-06	-4.98313e-07	-6.55369e-09	-2.56259e-06	-4.18797e-07	-1.39787e-08	-2.50677e-06	-2.32648e-08
0.0	0.0	0.0	0.0	0.0	0.0	0.0	0.0	0.0	0.0
0.0	0.0	0.0	0.0	0.0	0.0	0.0	0.0	0.0	0.0
-0.000244677	-7.92764e-05	-0.000576808	0.0163883	-0.000100041	-0.000580729	-2.66282e-05	-0.00874519	-0.00146145	-0.00457347
-0.00952619	-0.0132054	-0.0096027	0.0808943	-0.0055086	0.00603376	-0.0017014	-0.0193174	-0.0191815	-0.0088848
-0.0536039	0.0243605	-0.0142444	0.151087	-0.0163284	0.0390166	-0.00905426	0.00737486	-0.0870168	-0.0415914
-0.0581841	0.169405	-0.0361396	0.195737	-0.0367246	0.033217	-0.0266787	0.0583273	-0.22888	-0.0700787
-0.00763932	0.19719	-0.0504594	0.23543	-0.0538704	-0.0410732	-0.0654529	0.133979	-0.253043	-0.095062
0.0589403	0.101509	-0.0424719	0.197978	-0.0741474	-0.0614742	-0.130882	0.179877	-0.126638	-0.102691
0.0957733	0.0254681	-0.0149385	0.0315224	-0.0744019	0.0682848	-0.190244	-0.00300251	0.0712167	-0.00967868
0.14404	-0.00609731	0.00593704	0.0595473	-0.0687846	0.128309	-0.243457	-0.0141522	0.0426968	-0.0480378
0.203797	-0.0899671	-0.0354849	0.0572553	-0.0579557	0.177848	-0.297069	-0.00461929	0.0334336	0.0127619
0.255133	-0.155583	0.0229625	0.0848574	-0.0284441	0.137791	-0.284072	-0.120272	0.130574	-0.0429453
0.265254	-0.133121	-0.01542	-0.0449861	-0.0923318	0.13449	-0.204391	-0.11253	0.234099	-0.0310624
0.257154	-0.176825	-0.0950537	0.02573	-0.059793	0.0453436	-0.141574	-0.119439	0.351711	-0.0872549
0.213828	-0.158377	-0.0923758	-0.0424051	-0.0377114	0.0674048	-0.105908	-0.0275942	0.265969	-0.0828299
0.120386	0.0321746	-0.105285	-0.0122229	-0.0208201	0.0599105	-0.0929139	0.025774	0.204044	-0.211046
-0.0040094	0.0985268	-0.0631069	-0.0659583	0.0275766	0.133444	-0.124874	-0.0373032	0.205579	-0.169875
-0.059571	0.159724	-0.0356539	0.0622546	0.0535962	0.0435427	-0.111387	-0.07579	0.0907866	-0.127503
-0.172621	0.049988	0.105751	0.128243	0.157169	-0.0149101	-0.0694759	-0.155536	0.0870031	-0.115611
-0.180118	0.00301788	0.201387	0.00267781	0.172791	0.0353244	-0.0519357	-0.216568	0.0809483	-0.0475236
-0.158831	-0.0379324	0.174148	-0.0525022	0.165819	0.0758086	-0.0499238	-0.223825	0.0821011	0.0251383
-0.0920123	-0.0548331	0.173785	-0.0677881	0.117929	0.0221675	-0.0514297	-0.189756	0.0346403	0.107298
-0.0388772	-0.0390383	0.128552	-0.0634374	0.0104641	0.0104424	-0.0326016	-0.11091	0.00982964	0.125577
-0.0158425	-0.0301731	0.0718874	-0.0357047	-0.0118309	0.033936	-0.0203572	-0.0818922	0.010028	0.0799495
-0.0115591	-0.00836422	0.0532742	-0.0150228	-0.0178553	0.0254614	-0.0117456	-0.0280529	-0.0196511	0.0335155
-0.00190831	-0.000369295	0.0224699	-0.00749002	-0.00238552	0.0119247	-0.00267337	-0.012757	-0.00584615	-0.000964918
-7.27293e-06	0.00368998	-0.00277674	0.00050729	0.000343829	0.00209189	-6.01694e-05	-5.62643e-05	-0.00309634	-0.000636194
0.0	0.0	0.0	0.0	0.0	0.0	0.0	0.0	0.0	0.0
0.0	0.0	0.0	0.0	0.0	0.0	0.0	0.0	0.0	0.0
0.0	0.0	0.0	0.0	0.0	0.0	0.0	0.0	0.0	0.0
-0.000669128	-7.88547e-06	-0.00122663	0.00730561	-7.67919e-06	-0.000234697	-3.30735e-06	-0.00393283	-7.27315e-05	-0.00115072
-0.00125074	-0.00915791	-0.0243046	0.0473343	-0.000224748	0.00452249	-0.00014872	0.00520482	-0.017087	-0.00488794
-0.0103947	-0.00987938	-0.0455315	0.0993208	-0.00710695	-0.00434088	-0.00177135	0.0570124	-0.0792772	0.00196881
-0.0267815	0.034467	-0.0907476	0.137721	-0.0132723	-0.011752	-0.0079555	0.1525	-0.181499	0.00732009
-0.0344308	0.0304253	-0.155411	0.238387	-0.0336461	-0.0260282	-0.0185943	0.21983	-0.232874	0.0123421
-0.0658293	-0.0407579	-0.188175	0.288652	-0.0475411	-0.00230139	-0.0399157	0.228478	-0.191483	0.058873
-0.0666104	-0.111771	-0.174313	0.224503	-0.0512043	0.0366564	-0.0781704	0.19686	-0.0382813	0.0623316
-0.0709953	-0.15647	-0.159765	0.218831	-0.0354363	0.163728	-0.1178	0.148988	0.00341764	0.00550108
-0.0615189	-0.202304	-0.186753	0.276366	-0.0265373	0.162837	-0.154756	0.147249	0.0212442	0.0241716
-0.0292818	-0.228439	-0.134082	0.25536	-0.0168804	0.153139	-0.193637	0.118261	0.133563	-0.0580017
0.0507567	-0.228484	-0.0638744	0.217908	-0.119004	0.194507	-0.188671	0.108584	0.127334	-0.0990568
0.0541788	-0.250026	-0.0431546	0.24641	-0.125773	0.232291	-0.19674	0.12181	0.101971	-0.140967
-0.00361068	-0.22564	0.0207614	0.201432	-0.083806	0.208	-0.180603	0.0847758	0.127351	-0.148661
-0.0784473	-0.171978	-0.0172881	0.112152	-0.0622654	0.15316	-0.161208	0.10658	0.209337	-0.0900416
-0.119465	-0.167152	-0.00859239	0.108542	-0.0310231	0.0646356	-0.120071	0.0571135	0.232117	-0.016106
-0.141501	-0.0531698	0.03605	0.0460109	-0.0637302	0.0683653	-0.0858218	0.028286	0.0640759	0.101435
-0.148565	-0.013077	0.0441161	-0.0771049	0.0218504	0.0631311	-0.0657565	-0.0659777	0.136598	0.104786
-0.120945	-0.0042743	-0.00883007	-0.0931151	0.0752827	0.0114673	-0.0542721	-0.107983	0.168098	0.134572
-0.104365	-0.0139522	-0.00484005	-0.0592456	0.0684383	0.00167412	-0.0342788	-0.127317	0.0448438	0.229042
-0.0779465	-0.0130446	0.0198043	-0.0291339	0.031411	-0.00677771	-0.0289888	-0.108713	-0.00580297	0.219192
-0.0322486	-0.0149246	-0.00108402	-0.0260146	0.00929222	0.0300346	-0.0158751	-0.0831244	-0.0158353	0.14978
-0.0106145	-0.00720311	0.0068158	-0.0128356	-0.000888129	0.0264977	-0.00666937	-0.0714787	-0.0077604	0.0841363
-0.00152133	-0.0021033	0.0458405	-0.0087551	-0.00995014	0.0160447	-0.00192638	-0.0291467	-0.0100108	0.00152863
-4.68783e-05	0.00156625	0.0247106	-0.00137737	0.000889237	-0.00247483	-0.000213442	-0.0134648	-0.00389251	-0.00569625
-3.03373e-07	0.000323701	0.00343427	-7.31748e-06	-2.83601e-05	-5.98441e-05	-1.32547e-05	-1.46074e-06	-0.000630246	-0.00301719
0.0	0.0	0.0	0.0	0.0	0.0	0.0	0.0	0.0	0.0
0.0	0.0	0.0	0.0	0.0	0.0	0.0	0.0	0.0	0.0
0.0	0.0	0.0	0.0	0.0	0.0	0.0	0.0	0.0	0.0
-6.51743e-06	-1.7856e-07	-2.53686e-05	0.000668619	-1.0594e-05	-3.98282e-06	-1.9044e-07	-0.00108268	-4.25948e-05	0.000503487
-9.76215e-05	-0.000494864	-0.0056516	-0.0014717	-6.20006e-05	0.00483007	-3.61252e-05	0.00753645	-0.00196161	-0.00259101
-0.00202296	-0.00996307	-0.0206163	0.00986553	-0.0015774	0.00328388	-0.000660461	0.0487623	-0.0359252	0.0088537
-0.00702347	-0.0225358	-0.0399715	0.0370231	-0.0171848	-0.0168907	-0.00156575	0.0813053	-0.0753593	0.0622028
-0.0269816	-0.0350625	-0.0551089	0.0835367	-0.0509326	-0.020332	-0.00467507	0.110688	-0.0920655	0.0909337
-0.0535866	-0.0579685	-0.092476	0.148561	-0.0930629	-0.0100062	-0.0086199	0.155966	-0.110022	0.121216
-0.084095	-0.0725543	-0.146034	0.229846	-0.145648	0.00013023	-0.022701	0.252498	-0.157832	0.14639
-0.125043	-0.110265	-0.149555	0.275959	-0.141889	0.0593673	-0.0335565	0.267056	-0.158801	0.116728
-0.165865	-0.171336	-0.138272	0.319002	-0.15368	0.0815835	-0.0370015	0.216877	-0.0952819	0.143975
-0.176181	-0.161304	-0.135928	0.344469	-0.243208	0.130872	-0.0392363	0.270056	-0.0849881	0.0954483
-0.206166	-0.134538	-0.108117	0.353364	-0.289674	0.143238	-0.0465254	0.265381	-0.105123	0.12816
-0.198265	-0.17428	-0.0799947	0.286759	-0.238272	0.164071	-0.0587722	0.252008	-0.0839391	0.130686
-0.185789	-0.173848	-0.0479811	0.18102	-0.234357	0.100243	-0.0506992	0.236067	0.00998096	0.165364
-0.172311	-0.159418	-0.0184661	0.0783317	-0.2322	0.107252	-0.0485576	0.25017	0.0869732	0.108226
-0.134783	-0.124649	-0.0252321	0.0457861	-0.268059	0.092565	-0.0440287	0.184328	0.080484	0.193588
-0.124319	-0.0697048	-0.0392259	0.00158367	-0.293289	0.0909788	-0.033929	0.152603	0.0799523	0.23535
-0.091916	-0.028136	-0.0706022	-0.028499	-0.221123	0.0398969	-0.0278421	0.107236	0.0493434	0.271642
-0.0560826	-0.0181733	-0.0785484	-0.0103545	-0.17406	0.0208124	-0.0185152	0.00118244	0.0210994	0.31264
-0.0514278	-0.00879238	-0.0531649	-0.0200014	-0.0959768	0.0134925	-0.0105748	-0.0529325	-0.00294261	0.282321
-0.0420012	-0.00310268	-0.0451473	-0.0289553	-0.0583804	0.0368828	-0.00692016	-0.0378952	-0.0181685	0.203688
-0.0180342	-0.00210294	-0.0377217	-0.0127456	-0.0248215	0.0483233	-0.0041071	-0.0197541	-0.0134534	0.0844171
-0.00424189	-0.000614783	-0.0200325	-0.00260626	-0.0105302	0.0321676	-0.00150846	-0.0193266	-0.00489944	0.0315925
-0.000878096	-9.85816e-06	-0.00340877	-0.000132536	-0.00731478	0.0170647	-0.000401521	-0.0013685	-0.00147553	-0.00207514
-3.32369e-07	-1.75892e-06	0.00304831	-0.000148154	-0.00042627	-2.99118e-06	-7.28593e-06	-0.00045055	-0.000654083	-0.00135688
-2.56143e-07	-2.0952e-06	0.00364798	-1.40366e-06	-2.99511e-05	-1.48277e-06	-7.28117e-06	-1.22665e-06	-0.000403574	-0.00320071
0.0	0.0	0.0	0.0	0.0	0.0	0.0	0.0	0.0	0.0
0.0	0.0	0.0	0.0	0.0	0.0	0.0	0.0	0.0	0.0
0.0	0.0	0.0	0.0	0.0	0.0	0.0	0.0	0.0	0.0
0.0	0.0	0.0	0.0	0.0	0.0	0.0	0.0	0.0	0.0
0.0	0.0	0.0	0.0	0.0	0.0	0.0	0.0	0.0	0.0
-0.000131739	-0.000426341	-0.000508066	6.74074e-05	0.000549069	-0.00140085	-3.37232e-05	-0.00351363	-0.00509271	0.0104906
-0.00171236	-0.00175806	-0.00179605	0.00335715	-0.00390797	-0.00339408	-0.000253045	-0.00889645	-0.0129563	0.0313172
-0.00770765	-0.00325769	-0.0053054	0.00500653	-0.0227356	-0.00778209	-0.00106663	-0.00268979	-0.0210097	0.0665481
-0.0163248	-0.00465444	-0.00978894	0.00883993	-0.0440219	-0.0190622	-0.00189439	0.0304505	-0.0168795	0.0733359
-0.0262089	-0.00778834	-0.0134274	0.0028224	-0.0780097	-0.0253751	-0.00405419	0.0774837	-0.0211567	0.0957143
-0.0406352	-0.013774	-0.0135405	-0.000703065	-0.118424	-0.0227119	-0.00575178	0.108478	-0.040087	0.147149
-0.038427	-0.0237204	-0.01406	0.00331096	-0.134898	-0.0130967	-0.00637477	0.103225	-0.0596182	0.183659
-0.0333781	-0.0233475	-0.0181965	0.00129276	-0.174294	0.0157518	-0.00716147	0.105534	-0.0510779	0.184877
-0.0280558	-0.028302	-0.0144397	-0.00910402	-0.195718	0.0179975	-0.00830044	0.0861978	-0.0577262	0.237451
-0.0449353	-0.0488029	-0.019164	-0.0151496	-0.2065	-0.0104215	-0.00956874	0.16388	-0.0598956	0.250557
-0.0592428	-0.0437188	-0.015951	-0.0280278	-0.245775	-0.0256798	-0.00838474	0.208827	-0.0595236	0.277476
-0.0482766	-0.0257689	-0.0164447	-0.0230489	-0.218229	0.000571947	-0.00791436	0.224693	-0.0618394	0.176257
-0.0354905	-0.0156315	-0.0207497	-0.000476592	-0.195405	-0.00791461	-0.00721733	0.169878	-0.047343	0.16035
-0.0363143	-0.00915743	-0.0267373	-0.00243196	-0.171576	-0.0128918	-0.00681386	0.157598	-0.0311869	0.139512
-0.0227625	-0.00809593	-0.0197846	-0.00654263	-0.154668	-0.0252891	-0.00591936	0.129988	-0.0223007	0.135376
-0.00714874	-0.00396324	-0.0107284	-0.0107169	-0.116069	-0.00794188	-0.00386667	0.0523991	-0.0206336	0.12867
-0.0126727	-0.00188099	-0.00799748	-0.0106541	-0.056208	0.0134308	-0.00264607	-0.00514411	-0.0116914	0.095464
-0.0169372	-0.000971694	-0.00670956	-0.00523072	-0.0245788	0.0136646	-0.00174256	0.00167027	-0.00590147	0.046737
-0.00981651	-0.000189721	-0.00198621	-0.000166836	-0.00951394	0.00600176	-0.000347877	0.0139373	-0.00132376	0.00340583
-0.00072989	-6.80945e-06	-3.78171e-05	-9.19281e-05	0.000401761	8.60211e-05	-5.7191e-05	-0.00210087	-0.000126205	0.00266293
-1.89124e-06	-1.49595e-09	-3.00207e-07	-1.29465e-06	-0.000160078	-5.41632e-06	-8.03114e-07	-2.77051e-05	-5.64798e-06	0.000203138
-1.22686e-07	-1.30852e-08	-5.90387e-07	-1.04865e-07	-4.26076e-08	-5.91752e-08	-8.38736e-10	3.74958e-06	-4.16969e-07	-2.39876e-06
0.0	0.0	0.0	0.0	0.0	0.0	0.0	0.0	0.0	0.0
0.0	0.0	0.0	0.0	0.0	0.0	0.0	0.0	0.0	0.0
0.0	0.0	0.0	0.0	0.0	0.0	0.0	0.0	0.0	0.0
0.0	0.0	0.0	0.0	0.0	0.0	0.0	0.0	0.0	0.0
0.0	0.0	0.0	0.0	0.0	0.0	0.0	0.0	0.0	0.0
0.0	0.0	0.0	0.0	0.0	0.0	0.0	0.0	0.0	0.0
-2.39939e-06	-3.3619e-06	-1.98972e-06	-4.47496e-07	-1.19212e-06	-6.50037e-07	-7.3748e-08	6.86662e-05	-3.26273e-05	-2.59247e-05
-4.31475e-05	-8.7811e-06	-6.17042e-06	-1.88404e-06	-5.02678e-06	-1.10429e-05	-8.20919e-07	0.000265419	-8.94633e-05	-9.90833e-05
-5.44681e-05	-7.79046e-06	-1.40442e-05	-8.82553e-06	-0.00182836	-1.86836e-05	-2.20546e-06	-7.20332e-06	-9.72426e-05	0.00203882
-0.000130168	-2.18504e-05	-3.72031e-05	-3.67792e-05	-0.0105895	-0.00026568	-3.69119e-05	-0.000595244	-0.00012315	0.0118365
-0.000385457	-4.55799e-05	-5.7182e-05	-8.20448e-05	-0.0117673	-0.000635547	-6.92425e-05	0.00465056	-0.000222044	0.00861383
-0.000751902	-2.64878e-05	-6.21243e-05	-0.000269849	-0.00607575	-0.0004085	-2.69145e-05	0.00552429	-0.000375549	0.00247279
-0.000672283	-0.00104012	-0.000533562	-0.00128363	-0.0107469	0.00213895	-5.11714e-05	0.0143535	-0.00342181	0.00125708
-0.00114154	-0.000397654	-0.000332468	-0.000907019	-0.0100989	0.00547991	-6.00332e-05	0.00407623	-0.00158666	0.00496814
-0.00297647	-0.000950002	-0.000329902	-0.00148104	-0.0158645	0.00417498	-0.000375317	0.0126341	-0.00376304	0.00893116
-0.00489901	-0.000978087	-0.000390957	-0.00226565	-0.0124063	-0.00117396	-0.000382496	0.0432509	-0.00327147	-0.017483
-0.0070356	-0.000787397	-0.000448672	-0.00338764	-0.0335136	-0.00623932	-0.000729479	0.0498052	-0.00388991	0.00622651
-0.00675182	-0.000402555	-0.00069095	-0.00300086	-0.0192556	-0.00492005	-0.000749397	0.05364	-0.00380387	-0.014065
-0.00428907	-0.000263201	-0.000572476	-0.00337751	-0.0126718	-0.00330687	-0.000535727	0.0453821	-0.00207836	-0.0182871
-0.00374057	-0.000783652	-0.000461825	-0.00289751	-0.0110784	-0.00348797	-0.00049144	0.0506414	-0.00187409	-0.025826
-0.00380124	-0.00200658	-0.000405827	-0.00210533	-0.0131276	-0.003078	-0.000318214	0.0543953	-0.00193909	-0.0276134
-0.00182226	-9.08398e-05	-0.000336914	-0.00139815	-0.0088556	-0.00206497	-0.000194183	0.0319373	-0.00115788	-0.0160165
-0.00293789	-6.5578e-05	-0.000793152	-0.000626443	-0.00270841	-0.00140919	-0.000179105	0.0101904	-0.000839161	-0.000631524
-0.00388153	-2.43016e-05	-0.000405504	-0.000242604	-0.000983452	-0.000683415	-7.0829e-05	0.00246409	-0.000429731	0.00425728
-0.0106002	-4.89039e-05	-0.00168294	-0.00018586	-0.00147432	-0.00122257	-0.000176093	0.0122946	-0.000483222	0.00357954
-0.00241886	-2.74543e-06	-2.67677e-05	-2.10765e-05	-0.000272646	-0.000256746	-1.33874e-05	0.00358944	-8.99593e-05	-0.000487244
0.0	0.0	0.0	0.0	0.0	0.0	0.0	0.0	0.0	0.0
0.0	0.0	0.0	0.0	0.0	0.0	0.0	0.0	0.0	0.0
0.0	0.0	0.0	0.0	0.0	0.0	0.0	0.0	0.0	0.0
0.0	0.0	0.0	0.0	0.0	0.0	0.0	0.0	0.0	0.0
