0.0	0.0	0.0	0.0	0.0	0.0	0.0	0.0	0.0	0.0
0.0	0.0	0.0	0.0	0.0	0.0	0.0	0.0	0.0	0.0
0.0	0.0	0.0	0.0	0.0	0.0	0.0	0.0	0.0	0.0
0.0	0.0	0.0	0.0	0.0	0.0	0.0	0.0	0.0	0.0
0.0	0.0	0.0	0.0	0.0	0.0	0.0	0.0	0.0	0.0
0.0	0.0	0.0	0.0	0.0	0.0	0.0	0.0	0.0	0.0
0.0	0.0	0.0	0.0	0.0	0.0	0.0	0.0	0.0	0.0
0.0	0.0	0.0	0.0	0.0	0.0	0.0	0.0	0.0	0.0
0.0	0.0	0.0	0.0	0.0	0.0	0.0	0.0	0.0	0.0
0.0	0.0	0.0	0.0	0.0	0.0	0.0	0.0	0.0	0.0
0.0	0.0	0.0	0.0	0.0	0.0	0.0	0.0	0.0	0.0
0.0	0.0	0.0	0.0	0.0	0.0	0.0	0.0	0.0	0.0
-3.25243e-06	-5.78995e-06	-0.000356297	-2.8304e-05	-0.00182553	-4.23971e-05	0.00271557	-6.18803e-06	-9.22407e-05	-0.000355574
-1.74678e-05	-1.38441e-05	-0.000448352	-7.3141e-05	-0.00412744	-9.33181e-05	0.00582911	-1.80827e-05	-0.00021097	-0.000826495
-1.15132e-05	-1.29767e-06	0.000369247	-1.24244e-05	-0.000144841	-5.37493e-07	-0.000130264	-5.04442e-06	-1.00095e-05	-5.33157e-05
-4.79716e-07	-5.40695e-08	1.53853e-05	-5.17685e-07	-6.03506e-06	-2.23956e-08	-5.42768e-06	-2.10184e-07	-4.17062e-07	-2.22149e-06
0.0	0.0	0.0	0.0	0.0	0.0	0.0	0.0	0.0	0.0
0.0	0.0	0.0	0.0	0.0	0.0	0.0	0.0	0.0	0.0
0.0	0.0	0.0	0.0	0.0	0.0	0.0	0.0	0.0	0.0
0.0	0.0	0.0	0.0	0.0	0.0	0.0	0.0	0.0	0.0
0.0	0.0	0.0	0.0	0.0	0.0	0.0	0.0	0.0	0.0
0.0	0.0	0.0	0.0	0.0	0.0	0.0	0.0	0.0	0.0
0.0	0.0	0.0	0.0	0.0	0.0	0.0	0.0	0.0	0.0
0.0	0.0	0.0	0.0	0.0	0.0	0.0	0.0	0.0	0.0
0.0	0.0	0.0	0.0	0.0	0.0	0.0	0.0	0.0	0.0
0.0	0.0	0.0	0.0	0.0	0.0	0.0	0.0	0.0	0.0
0.0	0.0	0.0	0.0	0.0	0.0	0.0	0.0	0.0	0.0
0.0	0.0	0.0	0.0	0.0	0.0	0.0	0.0	0.0	0.0
0.0	0.0	0.0	0.0	0.0	0.0	0.0	0.0	0.0	0.0
0.0	0.0	0.0	0.0	0.0	0.0	0.0	0.0	0.0	0.0
0.0	0.0	0.0	0.0	0.0	0.0	0.0	0.0	0.0	0.0
0.0	0.0	0.0	0.0	0.0	0.0	0.0	0.0	0.0	0.0
-4.53568e-09	-2.52381e-08	-5.36025e-06	-7.97278e-09	-3.26841e-05	-7.37002e-08	3.95759e-05	-4.80328e-08	-4.62326e-07	-9.0974e-07
-1.0434e-07	-7.45689e-08	-1.76374e-05	-3.71479e-08	-0.000185744	-2.23841e-07	0.000209106	-5.30342e-07	-1.38115e-06	-3.37338e-06
-1.92729e-05	-1.07435e-07	-0.000223009	-5.13751e-06	-0.0108699	-9.97679e-06	0.0113029	-3.99126e-05	-4.69725e-06	-0.000130925
-3.86459e-05	-2.96437e-05	-0.000558093	-1.18275e-05	-0.0246277	-1.93557e-05	0.0257875	-0.000158893	-3.17569e-05	-0.00031162
-5.13793e-05	-0.00140208	-0.00244524	-8.78007e-05	-0.0251378	-6.21512e-05	0.030846	-0.000700644	-0.000421527	-0.000537354
-8.93267e-05	-0.00121097	-0.00306621	-0.000121432	-0.0109023	-7.3366e-05	0.0168388	-0.000544215	-0.000463268	-0.000367706
-0.00086943	-0.000873952	-0.00280631	-0.000131098	-0.0191815	-0.000284847	0.026093	-0.000432742	-0.000543036	-0.000970111
0.00522076	-0.000645624	-0.00884509	-0.000220683	-0.0324119	-0.000417981	0.0444039	-0.00238602	-0.000937318	-0.00376008
0.0121882	-0.000541625	-0.0100682	-0.000451303	-0.0556214	-0.00175781	0.0688402	-0.00581251	-0.000876037	-0.00589944
0.00519694	-0.000317507	-0.00680149	-0.000275933	-0.0313264	-0.00187035	0.0410791	-0.00156446	-0.00104218	-0.00307774
-0.000430178	0.00731971	0.00161534	-0.00177934	-0.0159871	-0.000967526	0.0132591	-0.00021789	-0.00152136	-0.00129083
0.00443015	0.0108435	0.0104899	-0.00225975	-0.034152	-0.00103982	0.0175457	-0.000531831	-0.00149602	-0.00382992
0.0127079	-0.00319804	0.0257306	-0.000791853	-0.0301512	-0.0011553	0.00822706	-0.00114765	-0.00175283	-0.00846872
0.00528516	-0.00167953	0.00349166	-0.000301986	-0.011816	-0.000905056	0.0131342	-0.000522902	-0.00142325	-0.00526229
-0.00106347	-0.000135092	-0.00681776	-8.4223e-05	-0.0065222	-0.00117816	0.0179296	-9.88587e-05	-0.000862087	-0.0011678
-0.000515401	-7.06226e-05	-0.00488151	-5.70776e-05	-0.00846277	-0.00100892	0.0167425	-0.0001286	-0.000757144	-0.000860438
-0.000227982	-9.19945e-05	-0.00241569	-5.04876e-05	-0.00703361	-0.000466552	0.011364	-6.43002e-05	-0.000413327	-0.000600055
-9.4225e-05	-0.000224398	-0.00199636	-5.0391e-05	-0.00773068	-0.000102377	0.0108584	-7.5041e-06	-0.000411404	-0.000241092
-1.11432e-05	-1.94561e-05	-0.000221636	-4.31163e-06	-0.00909704	-8.77524e-06	0.00954874	-1.15683e-05	-6.70789e-05	-0.00010773
-2.23122e-06	-1.44415e-06	-8.02809e-05	-6.65132e-07	-0.0022852	-8.66741e-06	0.00247915	-1.58278e-05	-3.31665e-05	-5.16669e-05
0.0	0.0	0.0	0.0	0.0	0.0	0.0	0.0	0.0	0.0
0.0	0.0	0.0	0.0	0.0	0.0	0.0	0.0	0.0	0.0
0.0	0.0	0.0	0.0	0.0	0.0	0.0	0.0	0.0	0.0
0.0	0.0	0.0	0.0	0.0	0.0	0.0	0.0	0.0	0.0
0.0	0.0	0.0	0.0	0.0	0.0	0.0	0.0	0.0	0.0
0.0	0.0	0.0	0.0	0.0	0.0	0.0	0.0	0.0	0.0
-2.97295e-08	-5.13949e-10	-2.95655e-07	-1.36939e-09	-3.20573e-06	-5.82671e-07	4.95068e-06	-8.00815e-12	-5.33028e-07	-3.01926e-07
0.000462517	-4.38068e-10	-8.86791e-06	-5.17086e-07	-0.000446838	-4.6683e-05	0.000129228	-3.54886e-05	-3.79306e-06	-4.95564e-05
0.000196031	-1.16133e-06	-0.000326497	-7.56361e-07	-0.000292096	-7.49237e-06	0.0004889	-1.35773e-05	-1.79328e-05	-2.5419e-05
-0.000132467	-1.86652e-06	-5.00204e-05	-4.35802e-05	-0.000411949	-1.8578e-06	0.000662952	-2.23316e-06	-1.17538e-05	-7.2235e-06
-0.00556474	-1.41123e-05	-0.000969952	-0.000272448	-0.0113093	-3.18521e-05	0.0187241	-0.000290895	-0.000113859	-0.000156941
-0.00663739	-0.000791676	-0.00263555	-0.000927185	-0.0391009	-0.000589296	0.0526951	-0.000837058	-0.00054728	-0.000628806
-0.00594816	-0.00841011	0.000227039	-0.00331528	-0.0516393	-0.00136938	0.0750873	-0.00186011	-0.00155306	-0.00121889
-0.0106403	-0.0154711	0.013849	-0.0065857	-0.0486966	-0.00497845	0.0831412	-0.00330753	-0.00509516	-0.00221529
-0.0113909	-0.015643	0.00913178	-0.00122429	-0.096651	-0.0154567	0.154125	-0.00690902	-0.00933777	-0.00664359
-0.0179891	-0.0176717	0.0273875	0.0107233	-0.113419	-0.0303114	0.181313	-0.0125356	-0.0162684	-0.0112288
-0.0184678	0.00246694	0.0188324	0.0138233	-0.153197	-0.0334372	0.221177	-0.0121879	-0.0214504	-0.0175584
-0.0242134	0.0406644	0.00677141	0.00278454	-0.130616	-0.0366633	0.193397	-0.00708922	-0.026838	-0.0181973
-0.0390773	0.0506821	0.0275997	0.00208912	-0.101094	-0.0402278	0.153388	-0.00902498	-0.0271217	-0.0172129
-0.0477456	0.0873191	0.0474687	-0.0110377	-0.113813	-0.0318797	0.129715	-0.0106969	-0.0298939	-0.0194351
-0.0425261	0.0467934	0.042359	-0.00972237	-0.107096	-0.0128256	0.145946	-0.00711905	-0.031886	-0.0239231
-0.0371648	0.00379028	0.0029184	-0.00878537	-0.0571592	0.0047585	0.139863	-0.00536062	-0.0243225	-0.0185379
-0.0282984	-0.0066458	-0.0182746	-0.0148112	-0.0432239	0.0120332	0.123989	-0.00356103	-0.00817831	-0.0130288
-0.0229916	-0.00107861	-0.0404776	-0.0100552	-0.0242947	0.00583006	0.1208	-0.00199603	-0.0168903	-0.00884639
-0.0144276	-0.00783536	-0.0228221	-0.00462928	-0.0157454	-0.0109942	0.0881697	-0.000876086	-0.0074459	-0.0033938
-0.00778438	-0.00550646	-0.0228532	-0.00416254	-0.0128104	-0.0123627	0.0765085	-0.000495226	-0.00674535	-0.00378813
-0.00412817	-0.00248896	-0.0200443	-0.00292661	-0.0132068	-0.00740964	0.0571006	-0.000375325	-0.00459465	-0.0019261
-0.00198157	-0.00127706	-0.00546408	-0.000961226	-0.00788483	-0.00737979	0.026859	-5.32147e-05	-0.00161023	-0.000246951
-0.000408675	-0.000411057	0.00814675	-0.000114733	-0.00115167	-0.00369868	-0.00156916	-2.26398e-05	-0.000738475	-3.16553e-05
-7.16177e-06	-2.01327e-05	0.00646612	-7.51286e-07	-0.000266059	-0.000392199	-0.00552314	-2.66073e-08	-0.00025546	-1.18699e-06
0.0	0.0	0.0	0.0	0.0	0.0	0.0	0.0	0.0	0.0
0.0	0.0	0.0	0.0	0.0	0.0	0.0	0.0	0.0	0.0
0.0	0.0	0.0	0.0	0.0	0.0	0.0	0.0	0.0	0.0
0.0	0.0	0.0	0.0	0.0	0.0	0.0	0.0	0.0	0.0
-6.67268e-08	0.000190449	-3.92557e-05	-6.97524e-06	-7.08016e-06	-2.38823e-06	-0.000103682	-7.84734e-09	-3.02479e-05	-7.45124e-07
0.000608627	4.52223e-05	-8.13968e-05	-1.31578e-05	-0.00161098	-5.47105e-05	0.00158505	-0.000107321	-0.000177538	-0.000193797
-0.00440296	-4.41661e-05	-0.00108545	-0.000994528	-0.000943464	0.0040721	0.00408096	-0.000446682	-0.000131852	-0.000103954
-0.0173368	-0.000981065	0.00144472	0.0254934	-0.0027527	-0.0114655	0.00946669	-0.00134938	-0.00184053	-0.000678803
-0.0235395	-0.00158109	0.0055607	0.020455	-0.0183049	-0.00874191	0.032878	-0.00200139	-0.00382074	-0.000904106
-0.0273464	-0.00927577	0.0243641	0.0350185	-0.0436039	-0.0182866	0.0579055	-0.00622741	-0.0100946	-0.00245334
-0.0129304	-0.0272621	0.0562175	0.0414385	-0.0926603	-0.0229516	0.0941854	-0.0152601	-0.0147877	-0.00598895
-0.0287815	-0.0434562	0.153736	0.0258466	-0.13098	-0.0419838	0.122029	-0.020419	-0.0235227	-0.0124684
-0.0301334	-0.0740021	0.176252	0.0594405	-0.156123	-0.0453861	0.167611	-0.0364082	-0.0366334	-0.0246162
-0.0219664	-0.112351	0.225605	0.152017	-0.195139	-0.0797663	0.187543	-0.0535513	-0.065615	-0.0367746
-0.0311497	-0.0660173	0.246984	0.214672	-0.275779	-0.0794915	0.162972	-0.0472814	-0.0785928	-0.0463169
0.00269258	-0.0286132	0.263272	0.184789	-0.322345	-0.0887403	0.184586	-0.046139	-0.0861326	-0.0633688
-0.0161476	-0.0188955	0.168988	0.267414	-0.270482	-0.0663591	0.181893	-0.0475004	-0.119869	-0.0790411
-0.0354226	0.0285119	0.125381	0.248853	-0.256852	-0.012396	0.17362	-0.048669	-0.126579	-0.0964465
-0.0371302	0.0270573	0.15441	0.185372	-0.211798	-0.019604	0.152586	-0.0437851	-0.118413	-0.0886949
-0.0676529	-0.0450342	0.0689955	0.151695	-0.151124	0.052929	0.173365	-0.0371529	-0.0821061	-0.0639138
-0.116646	-0.0857641	-0.064742	0.132451	-0.0994426	0.132647	0.201174	-0.0307863	-0.0342828	-0.0346088
-0.121413	-0.0784912	-0.0994429	0.0995801	-0.0267245	0.12218	0.210201	-0.0183372	-0.0597629	-0.0277895
-0.0846052	-0.0734243	-0.117041	0.0767079	0.0050905	0.116524	0.149704	-0.0135682	-0.0382665	-0.0211207
-0.0726016	-0.0533627	-0.0964768	-0.0229868	0.00270929	0.0834735	0.182188	-0.00668333	-0.00498325	-0.0112757
-0.0484438	-0.0348544	-0.0828779	-0.0417067	0.000965957	0.0303847	0.174111	-0.00245318	0.00866724	-0.00379312
-0.023379	-0.0226169	-0.0584121	-0.023817	0.00355222	-0.0236049	0.139002	-0.000988115	0.0119507	-0.00168642
-0.0103751	-0.0170477	-0.0148593	-0.00740014	-0.0042898	-0.0264322	0.0814788	-0.000413089	-0.000236192	-0.000425202
-0.00255059	-0.00396305	0.00410816	-0.000232763	-0.000270283	0.00737556	-0.004133	-4.25342e-06	-0.000300402	-2.93798e-05
-0.000545915	-0.00480885	-0.00029341	-2.01678e-05	-0.000101456	0.00195526	0.0049822	-1.64873e-07	-0.00116503	-2.46949e-06
0.0	0.0	0.0	0.0	0.0	0.0	0.0	0.0	0.0	0.0
0.0	0.0	0.0	0.0	0.0	0.0	0.0	0.0	0.0	0.0
-1.78594e-08	-1.70721e-08	-7.44978e-06	1.177e-05	-1.17046e-07	-3.59735e-06	-2.32725e-08	-1.19579e-08	-5.26342e-07	-9.21989e-09
-1.816e-05	0.000649953	-0.000328423	0.000369772	-2.58138e-06	-0.000308856	-0.000404532	-4.91063e-08	4.39107e-05	-1.0346e-06
-0.000210218	2.07834e-05	-0.00149403	0.00503064	-0.000426287	-0.00207454	-0.000498293	0.000178349	-0.00041792	-0.000108476
-0.00521692	0.00127036	-0.0118898	0.0208616	0.0056153	-0.0140796	0.00716133	-0.000877661	-0.00243508	-0.000409477
-0.030919	0.0102358	0.0131888	0.0844793	0.00613909	-0.0596093	0.0017862	-0.00861804	-0.0130726	-0.00361024
-0.0335566	0.00209969	0.0593861	0.120873	-0.0131119	-0.0877001	-0.00674127	-0.010561	-0.0241385	-0.0065493
-0.0234776	-0.0259174	0.072975	0.168403	-0.0359591	-0.101976	0.0199805	-0.0261509	-0.0340429	-0.0138338
-0.0164331	-0.0481619	0.12899	0.222397	-0.107434	-0.167015	0.0743322	-0.0440246	-0.0140839	-0.0285665
0.00115267	-0.0648909	0.241579	0.241352	-0.168552	-0.168462	0.0584917	-0.0727684	-0.00567682	-0.0622263
-0.00297989	-0.0695144	0.272744	0.29484	-0.239198	-0.127912	0.0601279	-0.108405	0.00446946	-0.0841731
0.0123439	-0.104555	0.321082	0.354686	-0.25731	-0.081017	-0.0172663	-0.135399	0.0256434	-0.118206
-0.0263257	-0.0155593	0.31231	0.360224	-0.270864	-0.114636	-0.0476315	-0.154758	0.125355	-0.168115
-0.0155876	0.125426	0.21909	0.373752	-0.241155	-0.181866	-0.0380984	-0.17151	0.118542	-0.188594
-0.0546539	0.180016	0.188367	0.322193	-0.277915	-0.0635362	-0.0544334	-0.194475	0.196159	-0.241722
-0.00100073	0.115213	0.123065	0.274013	-0.285452	0.113887	-0.068707	-0.192384	0.190335	-0.26897
-0.045299	0.0691455	0.115542	0.247414	-0.196828	0.115202	0.0259806	-0.182525	0.117585	-0.266216
-0.02235	0.00379809	0.0820007	0.132404	-0.145253	0.140785	0.123682	-0.154218	0.0375449	-0.198394
-0.0762462	-0.044789	0.0172913	0.149479	-0.0995216	0.191198	0.149387	-0.125949	-0.00952492	-0.151325
-0.0981712	0.0719733	-0.0760021	0.0495731	0.0279445	0.0796649	0.183676	-0.0916379	-0.0161043	-0.130916
-0.0838853	0.0952577	-0.118353	-0.0357461	0.090844	-0.034837	0.218903	-0.0682488	0.0244968	-0.0884307
-0.0804176	0.0992999	-0.184574	-0.0940645	0.0866233	0.0995154	0.24956	-0.0375444	-0.0615884	-0.0768095
-0.0617838	0.0561005	-0.18805	-0.085532	0.107569	0.0666895	0.258021	-0.0274759	-0.0785156	-0.0470225
-0.0738352	0.0154205	-0.142541	-0.108689	0.112449	0.116368	0.186064	-0.0134887	-0.0717664	-0.0199806
-0.0684431	-0.0494751	-0.0697557	-0.023629	0.0622275	0.105193	0.0534695	-0.00423262	0.00070506	-0.0060589
-0.0189032	-0.0281535	-0.00880937	-0.0029592	0.000961851	0.033298	0.00655033	-0.0010316	0.0207984	-0.00175172
-0.00182708	-0.00337199	-0.00168986	-7.26628e-05	-0.00385909	0.00314804	0.000857711	-0.000250391	0.00763632	-0.000570993
-3.86296e-05	-0.0018632	-0.00134376	-1.72936e-05	-0.000776386	-0.00104881	0.00475414	-1.07012e-05	0.00038309	-3.84542e-05
0.0	0.0	0.0	0.0	0.0	0.0	0.0	0.0	0.0	0.0
0.0	0.0	0.0	0.0	0.0	0.0	0.0	0.0	0.0	0.0
-7.74221e-05	6.50191e-05	7.39104e-05	0.00133545	-3.24082e-05	-0.00121817	1.95707e-05	-6.81798e-06	-0.000157001	-2.13695e-06
-0.00156699	0.0020779	0.000110522	0.0271739	0.000637988	-0.0123221	-0.00911043	-0.00028911	-0.00557445	-0.00113714
-0.0141768	0.00309774	0.00593732	0.0707003	0.00700842	-0.0510697	0.00504077	-0.00399935	-0.0168888	-0.00564995
-0.0429191	0.023192	0.0238772	0.164944	0.025758	-0.0970758	-0.0545771	0.0234588	-0.0448481	-0.0218095
-0.0362431	-0.00815618	0.0817888	0.216536	0.0179321	-0.144183	-0.0454326	0.0209453	-0.053709	-0.0494778
-0.041927	-0.0784798	0.147813	0.225722	-0.00312092	-0.10092	-0.0294063	0.00820505	-0.0518722	-0.0760133
-0.0238591	-0.166162	0.217942	0.20014	-0.0367609	-0.0857111	0.0420201	0.00235449	-0.0434276	-0.106536
-0.0231177	-0.183525	0.232857	0.192131	-0.0516959	0.0262629	0.0120185	-0.0359723	-0.0164961	-0.152463
0.0565681	-0.12208	0.263827	0.158291	-0.132185	0.0825431	0.00078394	-0.118178	-0.084818	-0.104754
0.0514648	-0.0995924	0.282389	0.13522	-0.134509	0.0640913	-0.212335	-0.181787	0.102575	-0.0075189
0.0392476	-0.0233698	0.229952	0.110744	-0.147343	-0.0062267	-0.17553	-0.207857	0.183566	-0.00318226
0.13172	0.0846004	0.213159	0.100146	-0.190777	-0.0435036	-0.209946	-0.271383	0.153914	0.0320699
0.164399	0.140237	0.200513	0.0584377	-0.0941805	-0.0806938	-0.0992502	-0.344273	0.169903	-0.115093
0.17654	0.123325	0.250868	0.146662	-0.0804702	-0.080902	-0.14129	-0.362194	0.144089	-0.17663
0.173693	-0.0366203	0.294079	0.206247	-0.0500384	0.00634171	-0.113479	-0.342096	0.166557	-0.304685
0.236383	-0.0846054	0.229932	0.0169843	-0.0799408	0.0847806	-0.00733182	-0.333095	0.228495	-0.291603
0.185574	-0.0230228	0.136084	-0.0200696	0.0258467	0.114839	0.115788	-0.309571	0.0384411	-0.26391
0.0465676	0.0519824	0.00408079	-0.00708264	0.0967788	0.0454611	0.167608	-0.290275	0.121668	-0.236789
-0.0340943	0.150809	-0.0547838	-0.0804373	0.0829962	0.132065	0.160328	-0.244862	0.0930347	-0.205054
-0.00991861	0.23237	-0.0724544	-0.169036	0.132167	0.116537	0.137485	-0.162572	-0.019528	-0.185051
-0.0265879	0.187407	-0.142548	-0.161936	0.208817	0.200473	0.122763	-0.109051	-0.101623	-0.177714
-0.114887	0.105114	-0.172936	-0.180581	0.249908	0.251874	0.151286	-0.0609119	-0.11461	-0.114257
-0.119682	0.0211522	-0.113792	-0.0610527	0.0929437	0.216687	0.0679358	-0.0232606	-0.0296349	-0.0512964
-0.0471902	-0.0443109	-0.0278405	-0.0134564	-0.00272785	0.122828	-0.00675053	-0.00718463	0.0431728	-0.0165392
-0.0130507	-0.00763224	-0.00631649	-0.00128003	-0.00932895	0.0306603	0.0106068	-0.00264212	0.00134187	-0.00235844
-0.00279887	-0.00245571	-0.00198305	-6.04174e-05	-0.000141052	0.00165309	0.00706809	-7.78735e-05	-0.00117804	-2.61521e-05
0.0	0.0	0.0	0.0	0.0	0.0	0.0	0.0	0.0	0.0
-1.29685e-06	-7.06768e-07	-4.43487e-06	0.000100428	-3.12028e-07	-1.49803e-05	-9.38113e-08	-2.30896e-06	-9.45607e-06	-6.68384e-05
-0.000275059	-0.00376883	-0.00126581	0.000863827	-0.00183628	0.00081965	-0.00043535	0.00916752	-0.00156808	-0.00170159
-0.00190564	0.00127732	0.00606449	0.0511236	-0.00976275	-0.0412246	-0.0131975	0.0340734	-0.0168899	-0.00955823
-0.0216138	0.00184008	0.0395562	0.108115	0.0139529	-0.0868028	-0.00282867	0.0240724	-0.0379337	-0.0383578
-0.024462	-0.0234762	0.0726515	0.18131	0.0699254	-0.107036	-0.0554238	0.0535195	-0.0597311	-0.107276
-0.0304335	-0.0592805	0.14804	0.21836	0.0619009	-0.104964	-0.0915745	0.0952871	-0.0872635	-0.150072
-0.0408093	-0.129241	0.172369	0.131414	0.0600027	-0.0243019	-0.0209045	0.10996	-0.0483113	-0.210177
-0.060043	-0.229375	0.159739	0.15368	-0.00026548	0.0183267	-0.014023	0.156319	0.0175861	-0.201945
-0.112451	-0.283837	0.225661	0.208197	-0.020819	0.0367013	-0.0694913	0.125706	0.0036057	-0.113274
0.00748597	-0.187716	0.191001	0.182778	-0.0812365	0.0452857	-0.180281	0.119339	-0.0397117	-0.0569454
0.0159087	-0.0882307	0.0534438	0.0895312	-0.154678	0.0288784	-0.191146	0.139605	0.0520709	0.054616
0.00161129	-0.092117	0.0398569	0.0868359	-0.154089	0.00314246	-0.14862	0.0444108	0.136076	0.0828944
0.146724	-0.0982832	0.0662636	0.215077	-0.239447	-0.0296062	-0.235497	-0.105347	0.0273811	0.252734
0.150993	-0.0959336	0.0984273	0.122709	-0.298792	0.0357413	-0.203415	-0.126539	0.0491895	0.267618
0.110932	-0.193943	0.124203	0.1439	-0.301306	-0.0717994	-0.142059	-0.0835844	0.229756	0.183902
0.171448	-0.225984	0.149605	0.207628	-0.28265	-0.0990948	-0.157799	-0.08503	0.122581	0.199295
0.234407	-0.185289	0.0677227	0.124192	-0.197441	-0.0396377	-0.122196	-0.084305	0.0626169	0.13993
0.252935	-0.07977	0.0422465	0.159218	-0.203402	0.0235838	-0.133879	-0.126834	-0.0699692	0.135872
0.146986	-0.0475335	-0.0489881	-0.0414921	-0.028994	0.0895963	-0.0656999	-0.146212	0.151181	-0.00884472
0.0892018	0.0770555	-0.105915	0.0291284	-0.0211126	0.0723599	-0.0245179	-0.144028	0.0803007	-0.0524729
0.142018	0.114513	-0.108679	-0.034663	0.0975015	0.0673975	-0.0448121	-0.0835509	-0.0026118	-0.147114
0.125524	0.100167	-0.166583	-0.164519	0.277545	0.217115	-0.0324441	-0.111747	-0.0130144	-0.232044
-0.0467685	0.0532872	-0.239139	-0.194975	0.327037	0.35628	-0.00500483	-0.1096	0.0735708	-0.214689
-0.177474	-0.0143533	-0.124988	-0.0908764	0.118009	0.460552	-0.0155596	-0.0584837	0.0295326	-0.126358
-0.109173	-0.0458659	-0.0373174	-0.0284634	0.00154491	0.24856	-0.0242724	-0.0251398	0.0647708	-0.0446436
-0.0443259	-0.00479896	-0.00509689	-0.00355906	0.00972681	0.0841767	-0.0152539	-0.00867054	-2.00837e-05	-0.0121781
-0.00892677	-0.000303213	-0.000397536	-0.000312288	-0.000589582	0.014433	-0.000966168	-0.000566847	-0.00172409	-0.000646489
0.0	0.0	0.0	0.0	0.0	0.0	0.0	0.0	0.0	0.0
-0.000123849	-0.000286053	-0.000389179	0.00320963	-0.000307373	-0.000703006	-8.06855e-05	0.00222345	-0.00109164	-0.0024513
-0.000606756	-0.00392129	0.00434865	-0.00471374	-0.00284292	-0.00689364	-0.00174852	0.0263306	-0.00340228	-0.00655014
-0.00454148	-0.00449248	0.012657	0.050519	-0.00599741	-0.0554462	-0.0183388	0.0780121	-0.0185385	-0.0338333
-0.0365563	-0.00818856	0.0856002	0.201957	0.0294736	-0.187129	-0.0122343	0.0583022	-0.0295415	-0.101682
-0.0277181	-0.0531375	0.108533	0.273404	0.0910362	-0.183837	-0.0585053	0.0919999	-0.0368692	-0.204906
-0.0297187	-0.108361	0.20977	0.168399	0.0475939	-0.100575	-0.112185	0.181175	-0.0204152	-0.235682
-0.0568451	-0.162352	0.100191	0.0616422	0.0503448	0.0311678	-0.0168492	0.206725	0.0539382	-0.267963
-0.0986785	-0.294553	0.121817	0.0491318	-0.0148755	0.110294	-0.0326505	0.189597	0.0932795	-0.123362
-0.010414	-0.292071	0.0676769	0.0797756	-0.0435786	0.0768428	-0.112144	0.226846	0.0018673	0.00520001
0.0176225	-0.222893	-0.00455	0.0508035	-0.116633	0.135085	-0.178001	0.267467	0.0498035	0.00129471
0.0530963	-0.193856	0.0338275	0.0415556	-0.194096	0.1183	-0.136986	0.255116	-0.067132	0.0901748
0.0610486	-0.107171	-0.0154849	0.118879	-0.333051	0.0230607	-0.159076	0.211019	-0.0530231	0.253798
0.0998454	-0.153063	0.100708	0.113889	-0.306833	-0.0671924	-0.201192	0.0854897	-0.0560551	0.384403
0.0903327	-0.129848	0.0547512	0.204158	-0.3952	0.0297366	-0.18319	-0.0166789	-0.124556	0.470495
0.0668432	-0.279455	-0.00976727	0.196397	-0.394658	-0.103742	-0.151962	0.0556305	0.119656	0.501058
0.111623	-0.226468	-0.00200504	0.0878619	-0.41685	0.038817	-0.235322	0.138588	0.0181252	0.48563
0.213957	-0.148056	-0.159907	0.134011	-0.259038	0.0964863	-0.212885	0.190913	-0.131277	0.275796
0.201804	-0.142954	-0.085858	0.0497929	-0.22913	0.0823055	-0.270886	0.211158	0.0256166	0.15815
0.120015	-0.0308517	-0.0575932	0.0693347	-0.112846	0.0871514	-0.271439	0.128792	-0.011358	0.0787947
0.0447827	0.0390169	-0.0988076	0.0638135	-0.0979996	0.0828194	-0.224839	0.108759	-0.00432767	0.0867825
0.0794493	-0.0121707	-0.0465505	-0.0329582	0.00292873	0.131787	-0.217796	0.0421168	0.0656338	-0.0124395
0.121016	-0.0173398	-0.0458169	-0.130327	0.204875	0.19758	-0.225089	0.0214493	0.0729564	-0.199304
0.0752328	-0.0660398	-0.256614	-0.211304	0.273187	0.414161	-0.166586	-0.034767	0.228697	-0.255966
-0.116621	-0.138616	-0.177964	-0.148948	0.0979528	0.56498	-0.0482134	-0.0584056	0.207402	-0.181566
-0.13761	-0.0765301	-0.0498781	-0.038025	-0.000338474	0.433577	-0.0545597	-0.0413076	0.0377296	-0.0730569
-0.0521419	-0.00419339	-0.00679541	-0.00286805	0.0117137	0.10278	-0.0168938	-0.00948143	-0.00126043	-0.0208589
-0.00389182	-0.00138871	-0.000346261	-0.000159317	-0.000744821	0.0101854	-0.00278038	-0.000414622	0.000137311	-0.000596734
0.00411506	-2.02585e-07	-0.000108174	-3.65993e-07	-0.000128259	-2.91518e-06	-5.62368e-06	-0.00244966	-9.61922e-06	-0.00141024
-0.000205571	-0.000284137	0.000708504	-0.00254884	-0.00467419	-0.000890597	-0.000253939	0.0191928	-0.00134746	-0.0096966
-0.00116704	-0.00197783	0.00388226	-0.00677028	-0.00138365	-0.00963002	-0.00221063	0.0501486	-0.0056211	-0.0252703
-0.00547128	-0.00181769	0.0139565	0.057424	-0.00867027	-0.0623987	-0.0198304	0.124883	-0.0125879	-0.0854875
-0.0576295	-0.0145887	0.0967868	0.238538	0.00662873	-0.248694	-0.0242425	0.153564	0.000522006	-0.150884
-0.062952	-0.0468601	0.0989751	0.244287	0.0739183	-0.2299	-0.0903629	0.165374	0.0381521	-0.190631
-0.0703053	-0.11417	0.11201	0.167687	0.00563915	-0.127317	-0.137225	0.174952	0.113834	-0.125105
-0.074105	-0.165335	0.0814241	0.0753036	-0.0151012	-0.0543989	-0.0845677	0.260115	0.158317	-0.181651
-0.0457063	-0.277583	0.0943404	0.0300108	-0.0933301	0.088209	-0.0918486	0.184403	0.0526913	0.0588141
0.0562713	-0.315281	0.0924515	0.0181092	0.0247739	0.068373	-0.139706	0.144118	0.109461	-0.0585716
0.0285941	-0.265305	0.194462	0.0431068	-0.106498	0.108047	-0.170897	0.126723	0.0841149	-0.0423486
0.012962	-0.190441	0.144968	0.0178686	-0.157195	0.0975803	-0.142669	0.238145	0.00941052	-0.0306288
0.0866782	-0.0793913	0.0437228	0.0511152	-0.252753	-0.0272799	-0.161114	0.254603	0.163389	-0.0789676
0.0457609	-0.0237728	0.0387569	0.0871867	-0.242164	-0.108167	-0.230237	0.107098	0.170073	0.155466
0.11702	-0.00452002	0.0905723	0.194539	-0.414915	-0.125139	-0.262847	0.16708	-0.0823788	0.32059
0.178841	0.0127983	0.0810679	0.198836	-0.400123	-0.21851	-0.298422	0.236514	-0.0687818	0.27778
0.300636	-0.122799	-0.00778748	0.118421	-0.379796	-0.079806	-0.349887	0.253033	0.0567053	0.211281
0.244672	0.0362405	-0.071665	0.124992	-0.213913	-0.00749852	-0.386339	0.251401	-0.0236848	0.045796
0.161817	-0.0793932	-0.103326	0.168898	-0.10349	-0.0083643	-0.502437	0.328912	0.0733514	0.0640314
0.119096	-0.0804092	0.0408405	0.0999068	-0.0840274	0.0665835	-0.453023	0.183106	0.106266	0.00166099
0.105393	-0.11218	-0.0170778	0.137789	-0.0566253	0.14368	-0.350728	0.157052	0.0223715	-0.0296733
0.0758417	-0.163468	-0.0470777	0.0910008	-0.018815	0.13015	-0.311051	0.0433011	0.113772	0.0863458
0.17441	-0.185832	-0.0697597	0.0488405	0.0521147	0.153436	-0.32535	0.0899174	0.180243	-0.11802
0.23259	-0.231014	-0.132777	-0.266014	0.108677	0.509372	-0.260656	0.0112748	0.253358	-0.22481
-0.0248471	-0.207503	-0.201794	-0.200587	0.0215861	0.75615	-0.153926	-0.080218	0.257868	-0.166729
-0.134857	-0.0884929	-0.0679489	-0.0506801	-0.0137336	0.536694	-0.088943	-0.0560494	0.0423207	-0.0783101
-0.0446944	-0.00765447	-0.00856655	-0.00365859	-0.0255741	0.140858	-0.0428393	-0.0116125	0.021594	-0.0178518
-0.00273476	-0.00103402	-0.000608926	-4.45721e-05	-0.000709029	0.00727655	-0.00294479	-0.00218263	0.00384642	-0.000864241
-2.31725e-06	-3.03971e-06	-4.17287e-06	-6.94262e-05	-0.000250887	-3.11016e-05	-2.32225e-06	0.00106502	-1.54538e-05	-0.000686299
-0.000412565	-5.64007e-05	-0.000466546	-0.00270957	-0.00532649	-0.000872359	-0.000135371	0.0242421	-0.000827305	-0.0134355
3.03028e-05	-0.00130196	0.00215015	0.0112887	-0.00546309	-0.00571319	-0.00262233	0.052107	-0.0122132	-0.0382624
-0.00424302	-0.00271921	0.0286671	0.06872	-0.0504009	-0.0654886	-0.0282192	0.167275	-0.0174582	-0.0961325
-0.0517757	-0.025651	0.0750648	0.243889	-0.0653699	-0.211991	-0.0330416	0.230091	0.0276757	-0.188891
-0.0613746	-0.0844898	0.170435	0.163969	-0.0124509	-0.201011	-0.121857	0.16615	0.0825413	-0.101913
-0.0748461	-0.115721	0.0914752	0.111292	-0.0807071	-0.0954208	-0.137544	0.108173	0.152287	0.041012
-0.0621197	-0.131871	0.0340383	0.0663718	-0.0641936	0.0145735	-0.0530611	0.0720521	0.127924	-0.0037141
-0.0464273	-0.201017	-0.00320083	-0.00128612	-0.0345762	0.159047	-0.0664127	0.0264514	0.118311	0.0491107
0.0217464	-0.259466	0.0800716	-0.0673767	0.0116159	0.129845	-0.136208	0.0287373	0.19544	-0.0044066
0.0518955	-0.214195	0.167652	-0.149249	-0.0995349	0.184196	-0.164028	-0.0226932	0.153635	0.0923218
-0.0432415	-0.115237	0.108707	-0.281912	-0.114749	0.266762	-0.12809	0.0913957	0.121473	0.0948927
-0.00143004	-0.0605842	0.0620386	-0.219458	-0.0762279	0.159224	-0.180173	0.206073	0.0727209	0.0378177
0.106216	0.0686692	0.0817856	-0.0501399	-0.161782	-0.0204779	-0.26285	0.168213	0.0305172	0.0398483
0.0308856	0.245198	0.134776	0.229491	-0.543185	-0.17945	-0.18116	0.295563	-0.201377	0.169259
-0.00895864	0.363458	0.164139	0.329789	-0.411593	-0.318773	-0.310731	0.347848	-0.352968	0.197792
0.127685	0.125433	0.173557	0.24747	-0.124806	-0.287964	-0.448973	0.357292	-0.194864	0.0251695
0.243779	0.0317172	0.0171105	0.153339	-0.0488242	-0.203623	-0.553482	0.383423	-0.0197032	-0.0037356
0.249553	-0.107342	0.0565415	0.0699539	0.00702703	-0.117226	-0.543475	0.294675	0.0288956	0.0613973
0.224345	-0.186736	0.00880657	0.124385	-0.017626	-0.0482414	-0.482783	0.291466	0.0825506	0.00383389
0.124402	-0.233104	-0.0463618	0.248781	-0.0265992	0.0258033	-0.362101	0.165626	0.0840666	0.0194864
0.0212015	-0.263975	-0.0744095	0.172778	-0.0260018	0.18212	-0.294312	0.208733	0.135317	-0.0614518
0.123811	-0.287133	-0.0240749	0.100457	-0.0212676	0.283021	-0.338307	0.119941	0.180573	-0.137021
0.313356	-0.268424	-0.140903	-0.156122	-0.0608815	0.589748	-0.241654	-0.056064	0.238128	-0.217183
0.0873479	-0.174933	-0.195518	-0.168964	-0.161383	0.926792	-0.19513	-0.0824017	0.123344	-0.159154
-0.12631	-0.0746742	-0.0569483	-0.034363	-0.117694	0.665572	-0.148341	-0.0387337	0.00634632	-0.0748543
-0.0426878	-0.00916779	-0.00619275	-0.00450594	-0.0388576	0.15649	-0.0560486	-0.00373484	0.0285253	-0.0238199
-0.000885524	-0.00131688	-0.000713032	-0.000257821	-0.00322895	0.0107753	-0.00345875	0.0106102	-0.00960931	-0.00191517
-3.74593e-06	-3.57765e-06	-8.28895e-06	-0.000112723	-0.000294168	-4.05931e-05	-2.75312e-06	0.00152621	-2.18552e-05	-0.00103851
-0.000470971	-2.53024e-05	-0.000138707	-0.00232105	-0.00490661	-0.000767649	-4.65157e-05	0.0231067	-0.000479642	-0.0139503
0.00606606	-0.000745865	0.00264599	0.00770654	-0.0162613	-0.00582953	-0.00710088	0.073243	-0.0106505	-0.0490736
-0.0116134	-0.0130168	0.0308945	0.0985469	-0.0609667	-0.0552097	-0.0275073	0.168666	-0.0326497	-0.0971436
-0.0467387	-0.0281372	-0.0156579	0.123174	-0.0702614	-0.105105	-0.049437	0.258308	0.074281	-0.140426
-0.0548766	-0.0854996	0.0952274	0.0178897	-0.080699	-0.0962525	-0.100614	0.177593	0.0959991	0.0312333
-0.0719567	-0.136807	0.104875	-0.0596711	-0.107349	0.00801676	-0.0933731	0.0494173	0.166907	0.139941
-0.0736453	-0.136359	-0.0744293	-0.122546	-0.0207808	0.144879	0.00315071	0.0228024	0.192459	0.0644686
-0.0555436	-0.149417	-0.0795696	-0.277121	0.0343199	0.259977	0.0156078	-0.0953164	0.183348	0.163716
0.000848192	-0.193706	-0.129841	-0.381201	0.124382	0.315119	-0.106536	-0.00724482	0.259047	0.119134
-0.0750352	-0.107861	-0.0988801	-0.429331	0.0545527	0.264509	-0.0593045	0.017431	0.257419	0.176499
-0.02416	-0.0337363	-0.102269	-0.469798	0.0500943	0.276256	-0.0961965	-0.037063	0.222294	0.21458
-0.0179653	-0.00421696	-0.174327	-0.368102	0.171954	0.27493	-0.160497	-0.0458916	0.191721	0.132397
0.0126305	0.194991	-0.219222	0.0571154	-0.219809	0.151676	-0.0890436	0.160168	0.0827498	-0.131256
-0.0577047	0.499521	-0.0762241	0.27	-0.673333	-0.028308	-0.206623	0.294481	-0.0248476	0.00304129
-0.15509	0.591474	-0.0777852	0.231005	-0.222386	-0.135657	-0.385555	0.426813	-0.241363	-0.0314556
-0.0707834	0.239307	0.045239	0.234523	-0.0211766	-0.184363	-0.437448	0.522794	-0.340628	0.0125381
0.160339	0.0206599	0.0719432	0.18846	0.0525238	-0.306164	-0.437503	0.378191	-0.167739	0.0392908
0.21633	-0.176126	0.0590459	0.173006	-0.0353032	-0.262892	-0.422143	0.346988	0.0487568	0.0523374
0.149648	-0.199083	-0.000624306	0.197309	0.0230299	-0.203189	-0.396414	0.340499	0.104134	-0.0153109
0.154663	-0.280477	-0.0555872	0.288348	-0.116609	-0.0861635	-0.28981	0.302333	0.0435973	0.0397046
0.0772784	-0.268305	-0.0608442	0.142207	-0.0921622	0.0277535	-0.227825	0.306472	0.0909344	0.00449087
0.192503	-0.249097	-0.053492	0.0207461	-0.117603	0.126561	-0.216377	0.156317	0.194608	-0.0541664
0.356132	-0.209964	-0.126431	-0.103946	-0.264508	0.470757	-0.116961	-0.109174	0.214749	-0.110653
0.160719	-0.146513	-0.139409	-0.112442	-0.224512	0.833058	-0.158171	-0.0946264	0.0372317	-0.155333
-0.119913	-0.0538209	-0.0341162	-0.0199272	-0.137744	0.675574	-0.173575	-0.034814	-0.0314196	-0.0702447
-0.0492086	-0.0132291	0.00221602	-0.00333755	-0.0382854	0.177046	-0.0553229	-0.00375461	0.00893243	-0.0250567
-0.00050569	1.67691e-05	-0.000376043	-8.66546e-05	-0.000934833	0.00596342	-0.0084475	0.00216536	0.00586256	-0.00365738
-2.76953e-05	-2.64807e-06	-1.01699e-05	-7.4127e-05	-6.12267e-05	-5.45869e-05	-4.17954e-06	0.000820353	-2.90253e-05	-0.000556694
0.00171262	0.000192939	-0.000282009	-0.00170705	-0.0102022	-0.00385425	-0.000124438	0.0351053	-0.000751829	-0.0200891
-0.00420234	-0.000179593	-0.00242572	0.00539191	-0.0471926	-0.00905646	-0.00100401	0.139539	-0.00743894	-0.0734312
-0.0135657	-0.00876406	-0.0171917	0.0751696	-0.0539161	-0.056591	-0.0296472	0.219228	-0.0140702	-0.100651
-0.0999411	-0.0152654	-0.0814805	0.0467836	-0.106138	-0.045246	-0.0382985	0.302493	0.0459124	-0.00881887
-0.0994382	-0.0473221	-0.0983298	-0.115763	-0.0818311	0.000579166	-0.0254846	0.118545	0.153854	0.195191
-0.0394149	-0.115249	-0.196754	-0.238244	0.00122096	0.167751	-0.0208188	0.0151451	0.202981	0.223382
-0.0299821	-0.139238	-0.327208	-0.364059	0.0798867	0.145697	0.0997428	0.0805782	0.304606	0.149975
-0.0180273	-0.149371	-0.379332	-0.418196	0.169352	0.172342	0.0479209	-0.0247921	0.259188	0.340916
-0.0726886	-0.182334	-0.412771	-0.377826	0.231988	0.169511	0.041463	0.133042	0.320121	0.149492
-0.0484759	-0.145755	-0.582215	-0.300051	0.297371	0.147131	0.018606	0.187094	0.225954	0.200343
-0.061245	-0.155583	-0.5567	-0.180305	0.257796	0.182159	-0.0272086	0.13602	0.14478	0.260287
-0.0863761	-0.0631339	-0.61883	-0.0689484	0.305777	0.278518	0.0700333	-0.0115071	0.174619	0.0198481
-0.0618063	0.247692	-0.624336	0.158419	-0.406298	0.366293	0.0705761	0.05382	0.275161	-0.07952
-0.313057	0.644156	-0.471307	0.186718	-0.582662	0.102741	-0.208975	0.217678	0.391245	0.0334632
-0.505271	0.647382	-0.339163	0.203863	0.0272858	-0.0965329	-0.445742	0.376158	-0.0105493	0.142568
-0.438809	0.189935	-0.158535	0.103376	0.292607	-0.157933	-0.301516	0.447111	-0.179184	0.20295
-0.12672	-0.0562678	-0.206538	0.221468	0.118716	-0.203464	-0.279653	0.398686	-0.139428	0.273203
-0.0187673	-0.0756401	-0.0735635	0.177503	-0.0545138	-0.215384	-0.228869	0.400471	-0.0929815	0.181746
0.116514	-0.175067	0.087465	0.168708	-0.0697936	-0.350291	-0.199395	0.225813	-0.00442837	0.200476
0.157842	-0.188398	-0.0324313	0.205816	-0.140339	-0.471127	-0.138187	0.237811	0.000152186	0.368862
0.164073	-0.161673	-0.0119762	-0.0658431	-0.109604	-0.403093	-0.0409276	0.239586	0.133916	0.255542
0.221517	-0.124775	-0.0625152	-0.102108	-0.15698	-0.351649	0.0115004	0.124504	0.279855	0.160652
0.328155	-0.0986924	-0.118289	-0.122682	-0.228039	-0.0863094	0.133651	-0.0875139	0.3152	-0.0354788
0.225625	-0.0734477	-0.069598	-0.0815619	-0.185041	0.191593	-0.0177478	-0.077785	0.202029	-0.114065
-0.0665662	-0.0358914	0.01272	-0.00611561	-0.0846953	0.333615	-0.123677	-0.0306127	0.060537	-0.0593138
-0.0292775	-0.0110606	0.0051754	-0.00178484	-0.0121542	0.0961107	-0.0634367	-0.00752165	0.0438772	-0.0199278
-0.000322259	0.0017019	-0.000118435	-2.5832e-05	-0.000551617	0.00344133	-0.00495873	-0.000107391	0.00302132	-0.00208029
-1.08323e-06	-2.96418e-08	-2.81271e-06	-1.31143e-05	-1.45645e-06	-4.51503e-06	-1.68064e-08	0.000768281	-1.19852e-05	-0.000733267
-6.1649e-05	-7.61017e-05	-1.75049e-05	-0.0018594	-0.0160039	-0.0048173	-0.000174698	0.0387172	-0.000599989	-0.0151067
-0.00474629	-0.000841347	-0.00135594	-0.0057616	-0.049168	-0.00795417	-0.00105834	0.142817	-0.00434717	-0.0675839
-0.0217942	-0.000333043	-0.0504128	0.00390338	-0.0772178	-0.0238961	-0.0243916	0.249159	0.0121645	-0.0671811
-0.0982947	-0.000578277	-0.130002	-0.0415714	-0.147287	0.00596664	-0.0522317	0.295872	0.0167679	0.151359
-0.0415427	-0.0303579	-0.328355	-0.169785	-0.051599	0.0528631	-0.00942791	0.144605	0.139562	0.294039
0.0767543	-0.0585127	-0.54598	-0.283145	0.120195	0.192046	0.0908997	0.0078631	0.136105	0.263774
0.0433125	-0.0845691	-0.644302	-0.33476	0.26139	0.137811	0.144621	0.166152	0.165855	0.14449
0.00670171	-0.116332	-0.503608	-0.334	0.329933	0.075464	0.110156	0.198922	0.0684148	0.164349
0.00403664	-0.139098	-0.507719	-0.14859	0.254192	-0.0177178	0.12159	0.063323	0.144338	0.225645
0.0424366	-0.259454	-0.559119	0.00592156	0.416487	0.172408	0.0303959	-0.00309371	-0.0384066	0.192425
0.0225914	-0.345359	-0.501533	-0.0431671	0.527694	0.261449	0.169067	-0.106434	-0.0548053	0.0704957
0.0712422	-0.0619356	-0.508869	0.0345203	0.520807	0.312301	0.181023	-0.42798	0.0834776	-0.204586
-0.10415	0.221157	-0.435957	0.147878	-0.117434	0.310946	0.110053	-0.542772	0.393566	0.0167116
-0.507627	0.759225	-0.439849	0.353993	-0.337568	0.020883	-0.204915	-0.176192	0.281757	0.250291
-0.679948	0.500736	-0.397695	0.184222	0.156263	-0.0910945	-0.258678	0.25126	0.0756085	0.259329
-0.587108	0.129863	-0.286745	0.103834	0.337957	-0.302546	-0.083648	0.42631	-0.00870291	0.270787
-0.226641	0.043264	-0.260797	0.0657655	0.0973719	-0.296365	-0.0916599	0.369956	-0.0107952	0.309902
-0.0343896	-0.0595967	-0.131806	0.103674	-0.00636281	-0.263	-0.137071	0.292727	-0.0413965	0.277222
0.059649	-0.160055	0.0889792	-0.00675571	0.0307399	-0.314782	-0.173069	0.0278456	0.0725998	0.374848
0.042343	-0.124914	-0.0147508	-0.0917921	0.0295211	-0.445687	-0.0871973	0.0771228	0.200281	0.415073
0.104444	-0.0821986	-0.00498468	-0.312899	0.0817208	-0.593403	0.0597202	0.0670245	0.33065	0.349926
0.269049	-0.061181	-0.111149	-0.23869	-0.00450703	-0.64004	0.219297	0.0300673	0.309989	0.227163
0.373353	-0.0386325	-0.214716	-0.135226	-0.130857	-0.535561	0.364897	-0.0563807	0.318111	0.0550127
0.301162	-0.0296828	-0.00383397	-0.0544781	-0.0721273	-0.359855	0.170645	-0.055934	0.221132	-0.117027
-0.00703919	-0.0146823	0.0814307	0.000591752	-0.0260743	0.0180429	-0.0609612	0.00446218	0.0576934	-0.0534638
-0.0151504	-0.00841758	0.0547468	-0.000352943	-0.0101198	0.0430574	-0.0643903	0.00724332	0.00998489	-0.0166015
-8.79605e-05	0.00162938	0.00475172	-3.24008e-05	-0.00280718	-0.000906441	-0.00276723	0.00377549	-0.0028976	-0.000657779
-6.35798e-09	2.24783e-05	-2.73114e-06	-6.47333e-06	-1.30689e-07	-1.10343e-06	-9.97305e-07	-3.26571e-06	-2.57186e-06	-5.19841e-06
0.000333768	-1.41897e-05	-1.46551e-05	-0.00115489	-0.0115304	-0.00108303	-0.000186599	0.0218506	-0.000169086	-0.00803156
-0.00215656	-0.000309698	-0.00051877	-0.00371869	-0.028825	-0.00258828	-0.000502505	0.0888014	-0.00131289	-0.048869
-0.0149691	0.00236827	-0.0576891	-0.0039038	-0.0577776	-0.00342362	-0.021147	0.175378	0.00875902	-0.0275948
-0.0584256	0.00101472	-0.20454	-0.0795144	-0.0613325	0.0334281	-0.0651374	0.178187	-0.021223	0.277543
0.005216	-0.0269808	-0.45229	-0.173855	0.111067	0.0950155	0.0286014	0.0635193	0.00717125	0.342535
0.164888	-0.0518228	-0.633095	-0.259605	0.30826	0.0629819	0.190946	0.0402475	-0.020679	0.197879
0.19968	-0.0816517	-0.568932	-0.292895	0.332044	0.127553	0.0858537	0.0919481	-0.0424043	0.148804
0.100001	-0.0685049	-0.372539	-0.202862	0.343826	0.055196	0.112996	0.0181438	-0.107587	0.121329
0.106343	-0.166217	-0.274325	-0.103458	0.287701	0.0830771	0.130303	-0.0675618	-0.0515014	0.0556379
0.138969	-0.422933	-0.151576	-0.173819	0.420883	0.220375	0.160649	-0.107952	-0.139158	0.054563
0.103416	-0.487656	-0.0432877	-0.177926	0.576595	0.290989	0.144166	-0.407697	0.0640366	-0.062637
0.063197	-0.137656	-0.0929233	0.0782892	0.355857	0.342158	0.139802	-0.793987	0.203233	-0.157971
-0.317999	0.296357	0.0200635	0.289002	-0.121282	0.20415	0.0031968	-0.806784	0.314873	0.118424
-0.583515	0.644226	-0.0529076	0.256475	-0.112445	-0.0435811	-0.13444	-0.272648	0.0474307	0.251404
-0.693863	0.406677	-0.257429	-0.00573759	0.201772	-0.256881	0.0250893	0.0779148	0.242952	0.259507
-0.580111	0.143465	-0.264087	0.074438	0.248202	-0.373348	0.0306555	0.219059	0.113816	0.38791
-0.273233	0.0547187	-0.128504	0.0683638	0.20902	-0.196728	-0.129788	0.139135	-0.0666251	0.323641
-0.0829844	-0.20324	-0.12378	0.0888039	0.165274	-0.121137	-0.16101	0.130281	0.0492217	0.25857
-0.0696809	-0.205193	-0.0883572	-0.101681	0.13985	-0.08088	-0.0232262	0.0121174	0.0508212	0.36623
-0.13669	-0.142528	-0.0580958	-0.320722	0.22203	-0.123024	-0.0453856	0.10545	0.140241	0.358726
0.0527129	-0.0950104	-0.0389564	-0.285114	0.190218	-0.294334	0.130916	0.0576748	0.00746117	0.274432
0.249451	-0.074712	-0.118417	-0.270371	0.100505	-0.360865	0.32172	0.0309414	0.0476232	0.0741244
0.371063	-0.0611213	-0.139464	-0.135812	-0.0357192	-0.425888	0.46755	0.0150048	0.0737625	-0.129376
0.274461	-0.0447086	0.0965512	-0.0477986	-0.0862715	-0.322418	0.239355	0.0130983	0.0453538	-0.167623
0.0227846	-0.0234924	0.185717	-0.0050056	-0.0112678	-0.0586213	-0.0724648	0.0225072	0.010638	-0.0707945
-0.00502087	-0.0104959	0.114676	-0.000624287	-0.00934602	-0.00189633	-0.0677751	0.00306867	-0.00392701	-0.0186589
-0.000673173	-0.000251212	0.0297177	-0.00106825	-0.00849418	-0.00740956	-0.00856061	-0.00148505	-0.00100826	-0.000767434
-3.18185e-05	-6.22502e-07	-8.64023e-06	-0.000815548	-3.21473e-05	0.00298837	-5.87993e-05	-2.62988e-05	-0.000118394	-0.00189611
-4.33914e-05	-5.49291e-06	-0.00372491	0.0037954	-0.00601277	-0.000518537	-1.20783e-05	0.0109539	-0.000388034	-0.00404407
-0.00054392	0.000245369	-0.00264363	0.00118954	-0.0132477	-0.00106639	-5.07366e-05	0.0462694	-0.000682309	-0.0294696
-0.0300081	0.00427379	-0.042212	0.000614994	-0.0109726	0.00287745	-0.0120907	0.0854075	-0.00757902	0.00968876
-0.0519157	0.00502884	-0.156948	-0.0300185	0.128817	0.00840161	-0.109905	0.0727196	-0.0555415	0.189362
0.134013	-0.0344509	-0.372617	-0.156203	0.281816	-0.0190438	0.0121259	0.0568694	-0.0805476	0.178038
0.185183	-0.0652295	-0.314439	-0.27012	0.325701	-0.0362748	0.14942	-0.0150999	-0.157322	0.19818
0.268307	-0.0957927	-0.135867	-0.285187	0.375735	-0.0271038	0.0819066	-0.0347365	-0.284403	0.137141
0.192627	-0.0897001	-0.0708027	-0.200529	0.326089	0.0633404	0.143606	-0.149769	-0.300229	0.0853664
0.212514	-0.222531	-0.00847803	-0.141483	0.24725	0.169009	0.20006	-0.225187	-0.258327	0.0271724
0.159661	-0.478112	0.0717364	-0.216614	0.313833	0.248303	0.235364	-0.26634	-0.0580756	-0.00975611
0.147588	-0.470504	0.130095	-0.194126	0.349123	0.0988149	0.33968	-0.538401	0.175541	-0.0378121
0.00200838	-0.0450005	0.0973871	0.103783	0.213521	0.103771	0.153195	-0.784655	0.221499	-0.0655075
-0.366099	0.33862	0.242451	0.118993	-0.120009	0.0486843	-0.0554794	-0.610881	0.359167	0.0445528
-0.620062	0.553355	0.101466	0.103477	-0.057706	-0.10629	-0.0490394	-0.211197	0.237609	0.0483878
-0.6513	0.379761	-0.112583	0.0340308	0.148858	-0.208236	0.0885831	-0.036294	0.184945	0.172236
-0.581532	0.12503	-0.058239	0.00564745	0.365435	-0.30339	0.0664623	0.0314429	0.00803776	0.341105
-0.211251	-0.238906	-0.137884	0.0582964	0.439048	-0.275315	-0.202918	0.208196	0.0691058	0.291628
-0.0788923	-0.376114	-0.0261449	0.0118772	0.271692	-0.146993	-0.168181	0.374761	-0.0148699	0.152866
-0.098467	-0.28975	-0.0783467	-0.100571	0.287576	-0.154415	-0.0329981	0.386424	-0.0476289	0.128175
-0.0149763	-0.184178	-0.0275432	-0.18452	0.202275	-0.0439931	0.00656638	0.236622	-0.181538	0.191285
0.125174	-0.120214	-0.0968666	-0.0571223	0.0934996	-0.0946577	0.133191	0.158145	-0.229303	0.0881532
0.18672	-0.0836175	-0.110359	-0.146977	0.0579111	-0.0890854	0.306134	0.223462	-0.239643	-0.104545
0.331045	-0.0573701	-0.0256479	-0.106426	-0.0410563	-0.16354	0.348864	0.148514	-0.185551	-0.248832
0.271523	-0.0292982	0.136642	-0.0288268	-0.0916024	-0.168041	0.163389	0.0323592	-0.101835	-0.184308
0.0115251	-0.0168859	0.228738	-0.0137938	-0.0397515	-0.0750729	-0.047528	0.00356377	-0.00262379	-0.0481708
-0.00242946	-0.00302448	0.120078	-0.00498615	-0.0208618	-0.00949117	-0.0652269	-0.00141936	-0.00580859	-0.00683005
-6.63753e-05	-1.21339e-05	0.0033927	-0.000786377	-0.000926488	-0.000347537	-0.00102125	-1.83242e-05	-0.000196588	-1.76234e-05
-1.24196e-05	-2.91965e-07	-2.87424e-06	-0.00026869	-1.83969e-05	0.000956441	-1.97913e-05	3.92511e-05	-4.197e-05	-0.000631258
-4.90813e-05	-7.05816e-06	-0.00819442	0.00947533	-2.55579e-05	-0.000349719	-6.5004e-06	-5.67472e-05	-0.000759294	-2.69519e-05
-0.000944059	0.00162556	-0.00480671	0.0117399	0.00267937	-0.00222499	-0.000174288	0.0122827	-0.0012353	-0.0189422
-0.0391013	0.00158678	0.0183553	0.0131762	0.0163363	-0.01246	-0.034762	0.0400814	-0.0107418	0.0075292
0.00265535	-0.00708639	0.0171853	0.0329021	0.115052	-0.0290654	-0.166064	0.0230748	-0.0632704	0.0746171
0.206568	-0.0581779	0.0167207	-0.049458	0.193994	-0.146731	-0.0233188	-0.0538356	-0.167681	0.0819204
0.131791	-0.108369	0.0699203	-0.127845	0.245973	-0.135683	0.13777	-0.0319552	-0.236128	0.0545247
0.230566	-0.120188	0.041801	-0.240893	0.332946	-0.149273	0.189281	-0.0932536	-0.258164	0.0671786
0.228249	-0.130334	0.0103557	-0.271133	0.319569	-0.00635287	0.190656	-0.250567	-0.204462	0.11402
0.263518	-0.265662	0.0441191	-0.249433	0.274607	0.11488	0.191929	-0.291359	-0.0607925	-0.021807
0.276324	-0.382236	0.0453276	-0.183591	0.212221	0.117411	0.316881	-0.325042	-0.0630411	-0.0142549
0.0728014	-0.202246	-0.0209422	-0.0718873	0.24435	0.111652	0.394959	-0.501485	-0.0294206	0.00222051
-0.176423	0.06321	0.0517645	0.0638107	0.138766	0.146974	0.171317	-0.585325	0.183313	-0.0574067
-0.540449	0.391684	0.18833	0.126763	-0.088105	-0.0199448	0.0400944	-0.35243	0.388014	-0.133956
-0.684656	0.5899	0.0871692	0.145234	0.0337202	-0.254993	0.137098	-0.203679	0.306621	-0.156414
-0.631265	0.208311	0.0177024	0.069767	0.252225	-0.270372	0.0931153	0.00593867	0.119143	0.135435
-0.442218	-0.000538154	0.0309276	-0.0401202	0.458686	-0.226915	-0.048696	-0.0216527	-0.00389982	0.294426
-0.194755	-0.443538	-0.0215271	-0.01178	0.410213	-0.212111	-0.122132	0.388127	-0.0842094	0.291713
-0.0475598	-0.401559	-0.115955	-0.029086	0.197802	0.0239401	-0.0953237	0.458839	-0.0950595	0.103963
-0.0279686	-0.310018	-0.0681131	0.0765876	0.163684	-0.0771616	0.0235161	0.341115	-0.190022	0.0683801
0.108133	-0.215382	-0.148073	0.149258	-0.00114748	-0.119907	0.111337	0.367027	-0.306134	0.0548891
0.111208	-0.137603	-0.0957231	0.116648	-0.0215998	-0.0394482	0.154362	0.331744	-0.316708	-0.102879
0.198151	-0.102269	-0.148445	0.117516	0.0220304	-0.0467644	0.128056	0.296569	-0.237896	-0.226948
0.297249	-0.0654632	-0.00191826	0.0483728	-0.0751232	-0.0166526	0.182744	0.102705	-0.22346	-0.248454
0.193398	-0.0378209	0.282588	0.0137222	-0.184479	-0.045783	0.109836	0.0034218	-0.165335	-0.169547
-0.00329055	-0.0157388	0.322477	-0.0230591	-0.0879932	-0.0498371	-0.0380454	-0.0267115	-0.0255882	-0.0522131
-0.00426234	-0.00556416	0.13951	-0.00659316	0.000174144	-0.0161838	-0.07122	-0.0030004	-0.0135911	-0.0192691
-0.000770037	-0.000548571	0.0166967	-0.000284184	-0.00114559	-0.00578841	-0.00514639	-0.000247418	-0.0014644	-0.00130171
-1.1435e-05	-5.03639e-07	-2.57897e-07	-9.43903e-06	-4.49761e-05	-0.000126021	-3.07702e-06	0.000273499	-1.83082e-05	-5.9481e-05
-4.2471e-05	-5.79394e-06	-0.00420718	0.00639504	-1.60996e-05	-0.00022718	-2.55874e-05	-0.000673441	-0.000415886	-0.000781401
-0.00271659	0.0012639	-0.0036457	0.0344273	-0.00508084	-0.00694361	-0.00115649	-0.000559184	-0.00277229	-0.0128165
-0.0394893	-0.00296139	0.0930051	0.0755563	-0.0365953	-0.00790318	-0.0580392	-0.00691588	-0.00956599	-0.00709116
0.0253621	-0.0165785	0.179493	0.135242	-0.0447047	-0.0327954	-0.192582	0.00491115	-0.0905415	0.0321945
0.244003	-0.0829186	0.183079	0.0440945	0.0382878	-0.112542	-0.0379426	-0.0763722	-0.198222	-0.00146672
0.217098	-0.176297	0.220471	-0.103635	0.152488	-0.149178	0.158504	-0.033521	-0.197998	-0.0879318
0.165612	-0.207843	0.093318	-0.198397	0.292708	-0.308393	0.273143	-0.00518026	-0.0882407	-0.0167251
0.227861	-0.218117	-0.00571383	-0.309575	0.325646	-0.292774	0.227724	-0.169757	0.0689334	0.145771
0.24689	-0.196259	0.092136	-0.212384	0.207414	-0.251921	0.263502	-0.205979	0.10796	-0.051358
0.247788	-0.137065	0.123529	-0.228006	-0.0326756	-0.108469	0.387079	-0.366623	0.073993	0.0404516
0.0520042	-0.083738	0.169439	-0.0983604	-0.0659509	-0.0776147	0.482253	-0.478712	0.0389055	0.0617745
-0.293645	-0.0431735	0.262869	0.0116135	0.00521275	-0.00383362	0.0910461	-0.287561	0.328083	-0.0706103
-0.604848	0.399649	0.256817	0.141706	0.030791	-0.112103	0.0515344	-0.16865	0.232299	-0.227194
-0.630823	0.579776	0.0988479	-0.00924883	0.265465	-0.261448	0.164167	-0.181255	0.086913	-0.112395
-0.490216	0.0548355	0.0178269	-0.131684	0.474021	-0.19317	0.0807423	0.0607559	0.0650888	0.0618
-0.296342	-0.18869	0.206467	-0.191061	0.446608	-0.18354	-0.0861902	0.0525962	0.0477988	0.192354
-0.0627317	-0.534254	0.182602	8.55878e-05	0.280112	-0.0966056	-0.148104	0.234662	-0.0547231	0.198958
-0.000207005	-0.405246	0.0258321	0.187382	0.158239	-0.033262	0.0503379	0.178143	-0.271948	0.110729
0.029079	-0.278666	-0.00876614	0.203997	0.0752587	-0.00291418	0.1385	0.239586	-0.326938	-0.0691346
0.129533	-0.193385	-0.0236321	0.136102	0.12357	-0.00931871	0.0487112	0.21866	-0.334788	-0.0954528
0.129703	-0.129466	0.162163	0.148453	0.0597286	-0.039189	0.0280561	0.21597	-0.330275	-0.245145
0.166015	-0.10283	0.13188	0.226704	-0.081661	0.0463885	0.00899651	0.0731868	-0.242836	-0.225844
0.189151	-0.0766032	0.197928	0.170827	-0.150893	0.060045	0.0563179	-0.0266526	-0.13342	-0.2867
0.0594876	-0.0430585	0.383075	0.0677312	-0.150204	-0.000263829	0.0431952	-0.0355403	-0.148554	-0.175869
-0.0344177	-0.0303734	0.457905	-0.0390234	-0.081341	-0.0491791	-0.0703657	-0.0318294	-0.0685545	-0.0528209
-0.0159225	-0.0124658	0.203548	-0.00780157	-0.0369642	-0.0260688	-0.0662943	-0.00249479	-0.0216189	-0.0139166
-0.000816725	-0.000225062	0.0260069	-0.000405344	-0.00141029	-0.010829	-0.0108455	-0.000264962	-0.000986948	-0.00022307
0.0	0.0	0.0	0.0	0.0	0.0	0.0	0.0	0.0	0.0
-5.16905e-05	0.000236103	-0.00164155	0.00234273	-1.20704e-05	-0.000239597	-2.06705e-05	-6.33127e-05	-0.000424757	-0.000125175
-0.00485151	-0.000234117	0.0075064	0.0418128	-0.00699311	-0.0108149	-0.00234323	-0.00135802	-0.0030662	-0.0196581
-0.0494359	-0.00638498	0.121896	0.16753	-0.0853525	0.000232131	-0.0668916	-0.0158608	-0.0224283	-0.0433041
0.0212562	-0.0290943	0.288864	0.194799	-0.067352	0.0176652	-0.224016	-0.016602	-0.104891	-0.0806298
0.212917	-0.147808	0.292666	0.0633385	-0.0555362	0.112199	-0.101328	-0.069273	-0.190984	-0.116192
0.239256	-0.266817	0.201199	-0.0528557	0.0192093	0.201212	0.0563939	-0.133141	-0.15481	-0.109646
0.17755	-0.280155	0.143044	-0.100741	0.173682	-0.197035	0.213565	-0.16414	0.0349465	-0.000716632
0.135503	-0.223618	0.127996	-0.231865	0.214631	-0.302399	0.234213	-0.176819	0.156473	0.0658851
0.205281	-0.123464	0.180889	-0.417388	0.107806	-0.276491	0.231114	-0.209783	0.25974	0.0422958
0.281945	0.0396441	0.276598	-0.496242	-0.0615285	-0.292445	0.428374	-0.372065	0.0812543	0.114466
0.0309304	-0.0592245	0.297023	-0.404263	-0.123322	-0.273434	0.442495	-0.253334	0.267334	0.0757945
-0.255529	0.0964791	0.312921	-0.277274	0.00774195	-0.341821	0.171441	-0.0832287	0.360393	0.00887689
-0.55421	0.41174	0.244714	-0.203065	0.235423	-0.365551	0.0925322	0.0162618	0.210755	-0.0886018
-0.576536	0.416357	0.0835963	-0.239042	0.497029	-0.282036	0.116419	0.0551231	0.00807286	-0.0789829
-0.357586	-0.00266471	0.135433	-0.191855	0.428717	-0.129943	0.0254827	0.0330277	-0.0864	0.145787
-0.108436	-0.29876	0.123342	-0.0019552	0.346211	-0.0498517	-0.0684626	-0.0504252	0.0670139	0.0413248
0.0509938	-0.444857	0.03111	0.1416	0.17384	0.0624411	0.038798	0.0102173	-0.116998	0.0528543
-0.00511965	-0.30925	0.0705401	0.114603	0.116202	0.127895	0.157837	0.0549137	-0.285466	-0.0421545
0.023894	-0.206539	0.0462283	0.225767	-0.0520597	0.0755757	0.142315	0.0163881	-0.147424	-0.124146
0.0680734	-0.141977	0.063532	0.068992	0.0125598	0.0655585	0.0342514	0.0567955	-0.103681	-0.124105
0.0379759	-0.0953714	0.168758	0.176387	0.0109066	0.0198759	0.0260693	0.00801363	-0.149336	-0.203279
0.141516	-0.0632201	0.204199	0.277984	-0.145306	-0.0226448	0.0432626	-0.0291544	-0.139607	-0.267029
0.0951315	-0.0587045	0.221568	0.206641	-0.147528	0.0748978	0.0150463	-0.0710973	-0.047213	-0.288742
0.0160535	-0.0385933	0.461225	-0.0328143	-0.139598	0.0548659	-0.0300382	-0.0295041	-0.0835662	-0.17803
-0.0224015	-0.0389765	0.484415	-0.0711027	-0.0958645	-0.0564816	-0.0670139	0.000312374	-0.0943743	-0.038512
-0.00762141	-0.0078114	0.116401	-0.00663142	-0.0199474	-0.0122322	-0.044532	0.00688132	-0.0168417	-0.00766454
0.00734179	-0.000284306	0.00804294	-0.00025252	-0.00779963	-0.00138453	-0.00415856	-0.000647592	-0.00026909	-0.000588513
-1.00428e-05	-5.39107e-06	-6.06314e-06	-0.000183664	-0.00157851	-9.96574e-05	-2.89534e-06	0.00154332	-6.22077e-05	0.000405113
-1.14063e-05	3.89967e-05	-9.70472e-05	0.000268956	-2.26115e-06	-0.000102308	-4.53061e-06	-3.52807e-06	-6.48338e-05	-2.20369e-05
-0.00518569	-0.000599236	-0.0131164	0.0493638	-0.00626023	-0.00829941	-0.00193329	0.00304923	-0.00356596	-0.0134528
-0.0742053	-0.00800637	0.0862045	0.270465	-0.0702548	-0.0055106	-0.0635909	-0.00153993	-0.0551409	-0.0784203
-0.011709	-0.0497635	0.326097	0.236441	-0.0701483	0.104461	-0.212972	-0.0502946	-0.149076	-0.123035
0.135253	-0.188597	0.369638	0.190731	-0.0948013	0.198982	-0.209845	-0.116252	-0.117246	-0.167865
0.178589	-0.340248	0.213349	0.0653741	-0.116001	0.393432	-0.020662	-0.240575	-0.0233287	-0.10993
0.129542	-0.290801	0.290414	-0.0937966	-0.0165612	0.118158	0.170118	-0.255112	0.0525608	-0.104523
0.172728	-0.119983	0.151771	-0.159644	0.0452883	-0.0528492	0.185719	-0.261371	0.133474	-0.0951313
0.221306	-0.00250752	0.137658	-0.337538	-0.0213641	-0.14372	0.211503	-0.285373	0.230776	-0.0107416
0.313362	-0.0634185	0.219289	-0.414352	-0.224376	-0.192648	0.294643	-0.322375	0.262602	0.127275
0.0798976	-0.0636643	0.218163	-0.415019	-0.154645	-0.165602	0.331395	-0.198731	0.290076	0.0781288
-0.248702	0.0832568	0.277634	-0.431975	0.04886	-0.152289	0.416458	-0.0916365	0.23704	-0.138645
-0.454447	0.221856	0.276583	-0.335771	0.195218	-0.10695	0.197732	0.0571739	0.0589608	-0.110355
-0.421737	0.200337	0.155248	-0.231132	0.301898	-0.0124237	0.0328662	0.0398276	-0.130017	0.0651328
-0.196902	-0.126802	0.0492058	0.067539	0.227787	-0.0289675	0.0663973	-0.0461075	-0.0516735	0.039523
-0.0378855	-0.249367	0.144173	0.248911	0.172622	-0.0121623	0.171274	-0.161016	-0.142875	-0.133674
0.00728242	-0.197622	0.177991	0.19908	-0.115265	0.0588696	0.220291	-0.113124	-0.126465	-0.111037
-0.0272318	-0.127168	0.107789	0.190567	-0.0936094	0.00880469	0.21285	-0.0957686	-0.0656614	-0.110572
-0.0313693	-0.0974665	0.0624033	0.214167	-0.142335	0.0886101	0.0547557	-0.0537076	-0.0421901	-0.0528669
-0.0592134	-0.0502371	0.045044	0.138286	-0.0663512	0.115983	0.0152345	-0.0865187	-0.00326045	-0.0489668
0.0289488	-0.0534017	0.154528	0.312556	-0.0767973	0.0156195	0.058848	-0.154067	-0.102546	-0.183688
0.136519	-0.0746961	0.183887	0.316715	-0.222428	0.0348735	0.0310972	-0.155074	-0.00989634	-0.240997
0.0685999	-0.067746	0.386675	0.115989	-0.160806	0.112461	-0.0151321	-0.174477	-0.0166269	-0.248937
-0.00666631	-0.0225422	0.525647	-0.100707	-0.123415	0.104631	-0.0568558	-0.108692	-0.0684398	-0.142961
-0.0181978	0.000247907	0.351351	-0.0498941	-0.0841954	-0.0344019	-0.0346203	-0.0140746	-0.0807076	-0.0355073
-0.00388502	0.000430511	0.044234	-0.00589661	-0.0056984	-0.0078196	-0.0177111	0.00611496	-0.00805962	-0.00170917
-0.00220099	-5.70407e-06	0.0120193	-9.7368e-05	-2.26472e-05	-0.00295291	-0.00642399	-1.02825e-05	-0.000157124	-0.00014826
-1.64445e-09	1.8313e-05	-1.18986e-05	-1.13176e-06	-6.7452e-09	-5.52034e-08	-1.58699e-07	-2.28408e-07	-4.69046e-06	-1.41409e-07
0.0025233	8.53534e-05	-0.00102555	2.03557e-05	-0.00252728	-0.000286428	-0.000218829	0.00638587	-0.00044046	-0.00451634
-0.00386394	-0.000927272	-0.0127968	0.049158	-0.00463985	-0.00919891	-0.00193516	0.00214926	-0.00597516	-0.0119701
-0.0613581	-0.00906315	0.0256357	0.30068	-0.0237436	-0.0129465	-0.060751	-0.0182824	-0.0783016	-0.0618692
-0.0414251	-0.0648049	0.235131	0.293871	-0.083249	0.134397	-0.16191	-0.0514666	-0.145482	-0.115061
0.0970156	-0.219871	0.19982	0.293313	-0.0838972	0.243828	-0.222014	-0.148383	-0.0236102	-0.136203
0.18264	-0.221955	0.19118	0.145471	-0.166276	0.321753	-0.0924691	-0.252847	0.0495993	-0.157095
0.148231	-0.112273	0.304318	0.0390538	-0.197312	0.163333	0.0698825	-0.324542	0.0589142	-0.149605
0.145361	-0.0480908	0.233397	-0.0212357	-0.26013	0.226372	0.109218	-0.285749	0.0963498	-0.195492
0.197025	0.0266288	0.218532	-0.0894308	-0.33902	0.109871	0.207782	-0.28326	0.203347	-0.251475
0.319992	-0.0749468	0.267588	-0.141745	-0.384637	0.0203911	0.315682	-0.29847	0.190847	-0.214702
0.290567	-0.0418248	0.240413	-0.244121	-0.279394	0.0378045	0.487619	-0.207131	-0.0315322	-0.252399
0.0974462	0.00362707	0.214981	-0.297988	-0.298242	0.0822763	0.462367	-0.0728917	0.0387095	-0.230286
-0.13729	0.168923	0.280308	-0.221419	-0.108663	0.0991758	0.214819	-0.0183412	-0.10625	-0.171261
-0.17569	0.0143199	0.14479	-0.0846186	0.096009	0.0551047	0.172671	0.0914064	-0.142193	-0.171798
-0.0964251	-0.0470001	0.138312	0.0423622	0.0159169	0.041164	0.199757	-0.0884015	-0.0286703	-0.177015
-0.0554703	0.0417313	0.16316	0.167438	-0.0464679	-0.0269538	0.230257	-0.250483	-0.0622735	-0.160938
0.00693363	-0.0150789	0.184845	0.2656	-0.155904	-0.0420451	0.192732	-0.249312	-0.0111435	-0.176627
-0.0409217	0.013416	0.113289	0.228914	-0.156465	0.0381166	0.124965	-0.263821	0.0741955	-0.131688
-0.0739088	0.0317962	0.0424977	0.185285	-0.182896	0.0598103	0.110026	-0.176846	0.0331774	-0.0289405
-0.00689796	-0.00875486	0.103615	0.141993	-0.146768	0.113635	0.0753357	-0.275878	0.0372728	-0.0335521
0.0560222	-0.0285735	0.192017	0.295486	-0.11428	0.0607723	0.0818551	-0.343046	-0.0229569	-0.177295
0.10471	-0.0634643	0.281453	0.15286	-0.237661	0.0915438	0.0293852	-0.273636	0.100332	-0.185523
0.0142926	-0.0483791	0.345715	0.0488688	-0.166707	0.152411	-0.0467694	-0.193001	0.0428384	-0.149269
-0.0107358	0.00310836	0.325616	-0.0749812	-0.093702	0.0984777	-0.0653959	-0.0575822	-0.0475708	-0.0772338
-0.0212221	0.0186596	0.247055	-0.0336789	-0.0403183	-0.00913327	-0.0620639	-0.0129505	-0.0645519	-0.0217957
-0.00415899	0.000993988	0.0663377	-0.00541161	-0.00154099	-0.0146809	-0.0265424	-0.00165778	-0.00851768	-0.00482133
-0.000653686	1.65797e-05	0.00576407	-5.77425e-05	-1.299e-07	-0.000978183	-0.00404148	-2.64299e-07	-4.90056e-05	-1.53193e-07
0.0	0.0	0.0	0.0	0.0	0.0	0.0	0.0	0.0	0.0
0.00635397	-3.11759e-05	-0.00238976	-2.58076e-05	-5.55463e-05	-0.000295005	-0.000547055	-7.96513e-05	-0.000950059	-0.00197992
-0.00298873	-0.00427806	0.00341551	0.0370035	-0.00202181	-0.00564698	-0.00184172	-0.00516745	-0.00846755	-0.0100067
-0.0521014	-0.0172374	0.0540706	0.266936	-0.0319073	-0.000339105	-0.0429503	-0.0409475	-0.0834677	-0.0520564
-0.0217487	-0.0429375	0.22052	0.325545	-0.0870159	0.060898	-0.136177	-0.105308	-0.137721	-0.0760557
0.104554	-0.122421	0.214345	0.232209	-0.14277	0.244397	-0.226891	-0.180526	-0.0594082	-0.063489
0.167666	-0.0296552	0.208428	0.241341	-0.235668	0.226771	-0.186286	-0.29076	0.0711318	-0.172969
0.149354	0.00595435	0.362144	0.155155	-0.347529	0.0512194	0.00279561	-0.321014	0.223257	-0.281336
0.12558	0.0932042	0.248062	0.148373	-0.42838	0.252401	0.0293113	-0.263352	0.0591562	-0.264357
0.199107	0.0669347	0.222725	0.168604	-0.408556	0.210917	0.178889	-0.279299	0.00217482	-0.361495
0.338274	0.054662	0.206949	-0.0215118	-0.369292	0.0856856	0.287032	-0.248134	0.106583	-0.44025
0.395962	0.0670901	0.276536	-0.154447	-0.235063	0.169015	0.294966	-0.212396	-0.135581	-0.466083
0.299467	0.0208631	0.173103	-0.277414	-0.204853	0.108287	0.391334	-0.062864	-0.0211514	-0.426772
0.102704	-0.00602554	0.086412	-0.114443	-0.233263	0.0493981	0.35193	-0.0132716	-0.0292226	-0.194219
0.00604311	0.00380825	0.0572366	0.000845335	-0.0858838	-0.039652	0.43158	0.0152476	-0.150187	-0.239038
-0.00385602	-0.0168026	0.0851896	-0.017288	-0.0584391	-0.00624132	0.296352	-0.124756	0.0364215	-0.19058
-0.0577811	0.154707	0.103687	0.0982315	-0.0352866	0.0418316	0.199748	-0.249554	-0.132678	-0.122905
-0.0396729	0.214653	0.064553	0.157244	-0.0633204	0.0785526	0.12484	-0.305582	-0.0604524	-0.170815
-0.132738	0.195778	0.160605	0.188104	-0.111703	0.120467	0.18499	-0.406506	-0.013703	-0.185294
-0.0958063	0.134637	0.197911	0.167303	-0.153434	0.0756933	0.0911188	-0.33832	-0.00303678	-0.0760668
-0.0275469	0.052584	0.171212	0.219512	-0.106407	0.0263227	0.0984907	-0.419031	0.0761947	-0.0913308
0.0364586	-0.0241139	0.253504	0.149964	-0.0663359	0.114539	-0.00321807	-0.384821	0.0835553	-0.159533
0.0337433	-0.0608747	0.272184	0.0176664	-0.138816	0.248213	-0.0819525	-0.289543	0.13264	-0.13326
-0.037389	-0.0474616	0.293666	-0.00521569	-0.123488	0.145239	-0.0486548	-0.146549	0.0436924	-0.0738378
-0.0244688	-0.0182968	0.270562	-0.0568125	-0.0584141	0.0521772	-0.051365	-0.0363938	-0.0711262	-0.00586141
-0.0155514	0.00110481	0.116532	-0.01927	-0.0353785	0.0238646	-0.0249336	-0.012362	-0.0439644	0.00995868
-0.000962811	0.00253853	0.0206763	-0.00249693	-0.000396188	-0.00217379	-0.00511097	-0.00105532	-0.00755028	-0.0034686
-2.09077e-05	5.92389e-05	-4.98824e-05	-4.04622e-05	-1.92778e-05	0.000328486	-4.22546e-06	-3.11243e-05	-0.000190764	-3.10817e-05
-2.19194e-08	6.03907e-05	-2.96444e-05	-8.7601e-06	-4.30284e-07	-3.6481e-07	-6.46788e-07	-3.25127e-06	-1.6351e-05	-9.1999e-07
-4.85628e-05	7.83098e-06	6.1036e-06	0.000444931	-2.46883e-06	-0.000114665	-3.05227e-05	-7.31292e-05	-6.45014e-05	-0.000125014
-0.00731218	-0.00709541	0.0175204	0.0353809	-0.000583091	-0.00732556	-0.000972174	-0.0142417	-0.00778368	-0.00758756
-0.0393512	-0.0114515	0.0752672	0.172558	-0.0304636	0.0138657	-0.0249001	-0.0520727	-0.0628854	-0.0405656
-0.0462364	0.0231327	0.129927	0.236463	-0.0632677	0.0804662	-0.0996308	-0.10609	-0.0988322	-0.0559304
0.0543513	0.154458	0.139648	0.157115	-0.097524	0.0637438	-0.178469	-0.160892	-0.0770267	-0.0554035
0.117845	0.16105	0.152396	0.181388	-0.223972	0.124663	-0.257703	-0.224736	0.110725	-0.141658
0.143475	0.11617	0.171028	0.123047	-0.303747	0.146096	-0.125169	-0.244951	0.197779	-0.223729
0.074001	0.140395	0.13544	0.0929629	-0.25258	0.169003	0.0189339	-0.186706	0.0243391	-0.21579
0.113514	0.0597474	0.204767	-0.0494198	-0.248967	0.162996	0.11559	-0.229237	0.0780425	-0.207033
0.262222	0.0754306	0.124331	-0.059503	-0.221405	0.0682719	0.222414	-0.204128	-0.0116925	-0.255941
0.341834	-0.093484	0.0856092	-0.118926	-0.0995738	0.150106	0.303596	-0.168824	-0.0570653	-0.343273
0.246881	-0.141854	0.0374131	-0.100105	-0.108526	0.135071	0.433283	-0.10758	-0.0853076	-0.309274
0.0876921	-0.129245	0.0835251	-0.065165	-0.14019	0.0757133	0.477994	-0.12443	0.0128717	-0.278766
0.00609615	0.0148164	0.0486339	-0.0704568	-0.0833545	0.0671517	0.466133	-0.143468	-0.0510953	-0.254455
-0.0261394	0.0617285	-0.0195366	-0.013442	-0.00177995	0.0371562	0.30182	-0.118212	-0.0256603	-0.195934
-0.0405433	0.112232	0.0685234	0.0518849	-0.075512	0.031005	0.229749	-0.12579	-0.111716	-0.139833
-0.133065	0.195689	0.164271	0.0382915	-0.0251507	0.0807313	0.254865	-0.262464	-0.0556533	-0.257514
-0.128732	0.2409	0.214161	0.146027	-0.0719286	0.00932938	0.186596	-0.325575	-0.0329002	-0.237878
-0.126447	0.146416	0.249176	0.219167	-0.00832818	0.0139744	0.0763703	-0.346045	-0.0317241	-0.192559
-0.0573836	0.12189	0.103451	0.0987802	0.00838529	0.147015	-1.39243e-05	-0.366137	0.0504737	-0.10646
-0.0228465	0.0477095	0.173236	-0.0159936	0.00775399	0.232444	-0.0666545	-0.338544	0.0450547	-0.0621599
-0.0199988	-0.0823657	0.268743	-0.0567055	-0.0578659	0.228922	-0.045847	-0.247286	0.0842323	-0.0718278
-0.0186171	-0.057852	0.300019	-0.0866927	-0.0478477	0.109102	-0.0373382	-0.126104	-0.016445	-0.0182247
-0.0178523	-0.00426585	0.187562	-0.0645196	-0.0442264	0.0491719	-0.0239335	-0.0270721	-0.0837609	0.0288968
-0.00629685	-0.00112311	0.0635133	-0.0136363	-0.0316463	0.0373874	-0.0130986	-0.00948038	-0.0282687	0.00264939
0.00519768	-0.000874893	0.00702999	-0.00191019	-0.000603462	0.000708978	-0.0011156	-0.000749319	-0.0028763	-0.00480689
3.85384e-06	-4.4688e-11	-5.87424e-07	-2.6992e-07	-3.54991e-09	-1.38807e-06	-2.26848e-07	-7.5718e-09	-1.35783e-06	-1.26017e-08
-2.12344e-08	5.85035e-05	-2.8718e-05	-8.48635e-06	-4.16838e-07	-3.5341e-07	-6.26576e-07	-3.14966e-06	-1.584e-05	-8.91241e-07
-7.60359e-07	1.81134e-05	-1.0175e-05	1.28743e-05	-1.71855e-07	-4.04517e-06	-2.05506e-07	-4.49267e-06	-6.55996e-06	-4.5772e-06
-0.00175598	-0.00672536	0.0113781	0.0320266	-0.000357105	-0.00541738	-0.000220886	-0.0154655	-0.0056866	-0.00777587
-0.0287419	-0.00797792	0.0539138	0.105473	-0.0250911	0.00823551	-0.00867685	-0.0441151	-0.0328687	-0.0201503
-0.0895756	0.0551479	0.100164	0.152641	-0.0412677	0.0795441	-0.0468744	-0.0704442	-0.0980947	-0.0412406
-0.0235129	0.302568	0.0994401	0.125412	-0.0708364	-0.0127637	-0.108921	-0.0425378	-0.155407	-0.113441
0.051457	0.276978	0.141017	0.136363	-0.132781	-0.0814366	-0.205325	-0.0540856	0.00927794	-0.141466
0.12267	0.154624	0.15926	0.0789703	-0.190415	-0.0400682	-0.223308	0.00259021	0.137897	-0.202221
0.153629	0.0946451	0.222261	-0.0398638	-0.190748	0.0628197	-0.184937	-0.0383512	0.0368282	-0.116284
0.168011	0.0772034	0.208063	-0.00890276	-0.190772	0.0774331	-0.0861019	-0.1209	-0.0375485	-0.0864856
0.176803	-0.0634674	0.100816	0.0112844	-0.109576	0.00318715	-0.00215377	-0.0961571	0.0471517	-0.0678902
0.229203	-0.2446	0.102	0.0224226	-0.0780785	0.094641	0.0183321	-0.178769	0.11324	-0.0783924
0.185131	-0.34945	0.0640459	-0.0702201	-0.0974218	0.202872	0.147679	-0.146527	0.143863	-0.0799717
0.267445	-0.25969	-0.0224843	-0.0888498	-0.0878781	0.26264	0.150456	-0.222378	0.163725	-0.162986
0.126434	-0.0675709	-0.062673	-0.0919681	-0.0895266	0.146018	0.0507629	-0.11452	0.175154	-0.072111
0.0894036	0.0594793	-0.107512	-0.0107285	-0.054645	0.0494659	0.0927156	-0.0476301	0.0918458	-0.162395
0.0351824	0.119407	-0.0264211	0.0194999	-0.0577097	0.121954	0.0812926	-0.0804549	-0.0363717	-0.176378
0.00570718	0.246074	0.0198602	0.0608771	0.0203714	0.0578932	0.0196604	-0.190462	0.00800219	-0.247984
-0.071789	0.246771	0.137712	0.08269	0.0436621	0.081517	-0.0546888	-0.23483	0.01833	-0.249373
-0.104148	0.111841	0.211337	0.153429	0.176317	0.102134	-0.0653844	-0.254643	-0.0539674	-0.276915
-0.125565	0.0644854	0.213172	0.0716674	0.115797	0.111408	-0.0444291	-0.317673	-0.0121525	-0.0767107
-0.0844188	-0.020941	0.206448	-0.0538071	0.136269	0.0874123	-0.0402833	-0.291917	0.0575597	0.00367844
-0.0229676	-0.0749018	0.241699	-0.0291887	0.0099219	0.0884585	-0.0713091	-0.177523	-0.00241901	0.0382304
0.00342521	-0.038865	0.167802	-0.0483385	-0.044992	0.0792384	-0.0503571	-0.106636	-0.024525	0.0632483
-0.00815301	-0.010086	0.10614	-0.0414773	-0.0351856	0.0504394	-0.0216236	-0.0280085	-0.0440561	0.0320112
-0.00333874	-0.00138559	0.0323743	-0.0118952	-0.0194777	0.0277759	-0.00615587	-0.0127871	-0.0111612	0.00605113
0.000559077	0.00135352	-0.00551561	-0.000138638	0.000571681	0.00562025	-9.73022e-05	-0.000166013	-0.00108644	-0.00110051
7.11477e-06	-8.25009e-11	-1.08447e-06	-4.98313e-07	-6.55369e-09	-2.56259e-06	-4.18797e-07	-1.39787e-08	-2.50677e-06	-2.32648e-08
0.0	0.0	0.0	0.0	0.0	0.0	0.0	0.0	0.0	0.0
0.0	0.0	0.0	0.0	0.0	0.0	0.0	0.0	0.0	0.0
-0.000252081	-8.98197e-05	-0.000445091	0.0204854	-0.000106941	-0.000703816	-2.67519e-05	-0.012195	-0.00158536	-0.00508053
-0.0107358	-0.0176943	-0.00882276	0.0955184	-0.00609152	0.00889409	-0.00174273	-0.0314254	-0.0216112	-0.00628884
-0.0585099	0.0198197	-0.0131469	0.173231	-0.0177327	0.0492465	-0.00991668	0.00724728	-0.106045	-0.0441926
-0.0601548	0.207465	-0.0302965	0.209426	-0.0415812	0.0407211	-0.0307205	0.0678229	-0.285517	-0.0771654
-0.0200235	0.237478	-0.0403781	0.228491	-0.0580834	-0.0509784	-0.0760177	0.164537	-0.272112	-0.112912
0.0698608	0.118498	-0.0230689	0.186431	-0.0796484	-0.0816521	-0.155819	0.209955	-0.115538	-0.129018
0.110898	0.0228988	0.0335834	0.0145655	-0.079546	0.0621396	-0.214881	-0.0314863	0.102216	-0.0203878
0.172423	-0.0122811	0.0427072	0.0823906	-0.0610832	0.11109	-0.258136	-0.0365087	0.0516646	-0.0922662
0.243898	-0.086701	-0.0151436	0.0579224	-0.034438	0.176248	-0.3093	-0.0358557	-0.00196601	0.00533724
0.290616	-0.142639	0.0640366	0.0906458	-0.00945662	0.109878	-0.281419	-0.143402	0.0957397	-0.0739987
0.283025	-0.0920599	0.0105173	-0.0775543	-0.084377	0.131378	-0.181974	-0.151048	0.204612	-0.0425194
0.274076	-0.141875	-0.0948869	-0.00347001	-0.0730396	0.0384649	-0.1366	-0.133815	0.37762	-0.106475
0.23087	-0.153972	-0.110661	-0.0694707	-0.0172941	0.0762265	-0.108958	-0.0410237	0.296352	-0.102069
0.151388	0.0237216	-0.124092	-0.0270829	-0.0181362	0.0573964	-0.109637	0.00578377	0.234722	-0.194063
0.0166184	0.0873186	-0.0671642	-0.10047	0.0646334	0.132015	-0.142117	-0.0621614	0.254066	-0.182739
-0.031405	0.177215	-0.0389692	0.0601643	0.0779692	0.0257943	-0.127688	-0.0801133	0.124094	-0.187061
-0.188246	0.0657223	0.135048	0.146599	0.186074	-0.0586927	-0.0898408	-0.144348	0.117775	-0.170091
-0.207315	0.0208307	0.244133	0.00849508	0.188171	0.00178322	-0.0647863	-0.229463	0.103308	-0.0651574
-0.190283	-0.0271891	0.197447	-0.0331095	0.186105	0.0395911	-0.0512415	-0.274605	0.097592	0.0556933
-0.104332	-0.0592286	0.18427	-0.0441209	0.136279	-0.0121597	-0.0539153	-0.249682	0.0386429	0.164247
-0.0427018	-0.050639	0.143269	-0.0595208	0.000506444	0.00609713	-0.0361383	-0.144113	0.00467823	0.178562
-0.0135275	-0.035539	0.0776182	-0.0318027	-0.0316669	0.04575	-0.0224874	-0.105	0.0110299	0.105626
-0.0125824	-0.00847455	0.0620629	-0.0163038	-0.0237386	0.0354989	-0.0128085	-0.0351724	-0.0240471	0.0355657
-0.00208582	-1.61059e-05	0.0250723	-0.00780901	-0.00177446	0.0124152	-0.00291639	-0.0141423	-0.0074443	-0.00129903
-9.10257e-06	0.00528893	-0.00420982	0.00117499	0.000587237	0.00320313	-7.17763e-05	-0.000103474	-0.00441259	-0.00144751
0.0	0.0	0.0	0.0	0.0	0.0	0.0	0.0	0.0	0.0
0.0	0.0	0.0	0.0	0.0	0.0	0.0	0.0	0.0	0.0
0.0	0.0	0.0	0.0	0.0	0.0	0.0	0.0	0.0	0.0
-0.000857585	-7.98729e-06	-0.0013522	0.00926883	-7.89274e-06	-0.000252469	-3.60578e-06	-0.00538187	-7.70289e-05	-0.00132819
-0.00153181	-0.012366	-0.0281416	0.0581833	-0.000233518	0.00736331	-0.000149983	0.00375363	-0.021004	-0.00587335
-0.00834293	-0.0182074	-0.0563035	0.122771	-0.00913958	-0.00608171	-0.0018219	0.0703015	-0.0965685	0.00339321
-0.0290024	0.0345488	-0.110269	0.171251	-0.0146313	-0.0135992	-0.00919042	0.187755	-0.22532	0.00845827
-0.0411006	0.0394572	-0.18548	0.294811	-0.0327785	-0.0335511	-0.0205952	0.254667	-0.287786	0.0123579
-0.0765559	-0.0391678	-0.216082	0.335936	-0.0500465	0.00303532	-0.0439302	0.23961	-0.225094	0.0722936
-0.074708	-0.127823	-0.183877	0.245157	-0.0553459	0.0447112	-0.0869759	0.174031	-0.0116627	0.0764936
-0.0637706	-0.182855	-0.171076	0.251534	-0.0315082	0.191315	-0.132837	0.0993369	0.0457046	-0.00584391
-0.0349914	-0.224519	-0.21103	0.306241	-0.0201725	0.144937	-0.173773	0.125382	0.0629814	0.0249438
-0.00311947	-0.2328	-0.154205	0.286467	0.0183028	0.127454	-0.221982	0.0915563	0.168868	-0.0805414
0.0959348	-0.232449	-0.0590502	0.218186	-0.11686	0.159332	-0.215851	0.0805696	0.148886	-0.0786984
0.102352	-0.277986	-0.0489857	0.24753	-0.142204	0.227091	-0.231103	0.144997	0.15771	-0.179402
0.0371128	-0.277457	0.0297697	0.200842	-0.0865583	0.219739	-0.206613	0.0990348	0.175009	-0.190877
-0.0553675	-0.224919	-0.026979	0.106897	-0.0524477	0.173702	-0.180551	0.0963854	0.243995	-0.0807148
-0.108837	-0.222124	-0.025008	0.134559	-0.00711762	0.0807824	-0.1287	0.0473127	0.277308	-0.0481751
-0.144875	-0.0712363	0.0312505	0.0705812	-0.052192	0.0736126	-0.0891175	0.0518206	0.0802938	0.0498623
-0.179954	-0.0137882	0.0526111	-0.0923685	0.0231367	0.0633872	-0.0705303	-0.040201	0.171369	0.0863383
-0.155069	-0.00451825	-0.0256452	-0.100989	0.0799435	0.00751037	-0.0599771	-0.0893616	0.207313	0.140794
-0.136467	-0.0141248	-0.0268978	-0.0526824	0.069799	-0.00792166	-0.0373617	-0.142363	0.0627262	0.285294
-0.0972939	-0.0116122	0.0133568	-0.02041	0.0484498	-0.0170394	-0.0341063	-0.143537	-0.0124708	0.274664
-0.0421129	-0.0194479	0.000302689	-0.0222181	0.00915355	0.0408583	-0.0193554	-0.106496	-0.0265727	0.185889
-0.0138379	-0.00803866	0.0191212	-0.0101149	-0.0117752	0.0404276	-0.00796605	-0.0957224	-0.0175192	0.105426
-0.00225736	-0.00214064	0.0632976	-0.00986755	-0.0160875	0.0277401	-0.00222006	-0.0408041	-0.0170969	-0.000563521
-0.000100653	0.00155831	0.0349681	-0.00215292	0.0024963	-0.00387768	-0.000249484	-0.0165456	-0.00612574	-0.00997064
-3.25432e-07	0.000323137	0.00501078	-7.77966e-06	-3.53388e-05	-6.0332e-05	-1.66737e-05	-1.52498e-06	-0.000832647	-0.0043793
0.0	0.0	0.0	0.0	0.0	0.0	0.0	0.0	0.0	0.0
0.0	0.0	0.0	0.0	0.0	0.0	0.0	0.0	0.0	0.0
0.0	0.0	0.0	0.0	0.0	0.0	0.0	0.0	0.0	0.0
-1.01388e-05	-1.78642e-07	-2.65955e-05	0.000834203	-2.02034e-05	-4.27906e-06	-2.14463e-07	-0.00140692	-5.75128e-05	0.000691839
-0.000107598	-0.000760933	-0.0078292	-0.00371634	-6.38963e-05	0.00804035	-4.00312e-05	0.00996483	-0.00232781	-0.00315936
-0.0021424	-0.0150037	-0.0252039	0.00923963	-0.0012289	0.00801627	-0.000684915	0.0647976	-0.0482606	0.0104709
-0.0084306	-0.0304801	-0.0452301	0.050267	-0.0181769	-0.0160203	-0.00161804	0.0867267	-0.0965998	0.0795622
-0.034335	-0.0468089	-0.0628477	0.117145	-0.0507989	-0.0229031	-0.00485568	0.103338	-0.105048	0.107114
-0.0631617	-0.0740718	-0.105135	0.193114	-0.10157	-0.0132137	-0.00904752	0.142598	-0.127923	0.15841
-0.0990021	-0.0856153	-0.173882	0.303971	-0.169612	-0.00201148	-0.0252427	0.249386	-0.182955	0.184965
-0.146605	-0.130514	-0.183435	0.36233	-0.160276	0.0637384	-0.0367607	0.261835	-0.180923	0.15061
-0.197049	-0.213689	-0.167434	0.397143	-0.150119	0.0823616	-0.0392042	0.205765	-0.0833616	0.165589
-0.207351	-0.192007	-0.167779	0.395264	-0.229311	0.130184	-0.0407504	0.278165	-0.0604175	0.0940017
-0.247001	-0.156663	-0.142826	0.400844	-0.313543	0.151997	-0.0444898	0.270827	-0.105207	0.186063
-0.234816	-0.197447	-0.112479	0.330287	-0.246167	0.180806	-0.0638154	0.271542	-0.0873233	0.159413
-0.215993	-0.207102	-0.0638727	0.208946	-0.236665	0.101213	-0.0567402	0.265656	0.0287701	0.175787
-0.200376	-0.205574	-0.0338899	0.0926792	-0.23786	0.139891	-0.0546434	0.26092	0.126922	0.11193
-0.152641	-0.163879	-0.0429616	0.074353	-0.287864	0.110886	-0.0487182	0.194994	0.119383	0.196447
-0.152706	-0.0882217	-0.0542515	0.0235625	-0.304582	0.0890537	-0.0366208	0.180649	0.0995339	0.243583
-0.119617	-0.0341231	-0.0909718	-0.0142942	-0.232836	0.0321973	-0.0299364	0.154836	0.0628627	0.271884
-0.0742343	-0.0233183	-0.111009	0.0108009	-0.205877	0.0250458	-0.0202104	0.0284892	0.0314272	0.338886
-0.071177	-0.0110002	-0.0766949	-0.013905	-0.115484	0.0121769	-0.0115192	-0.0703076	0.00160233	0.356309
-0.057772	-0.00390496	-0.0611049	-0.0323377	-0.0705263	0.0417709	-0.00731351	-0.0584762	-0.0192007	0.268866
-0.022828	-0.0026689	-0.0455193	-0.0142912	-0.0308508	0.0619753	-0.00439355	-0.0263539	-0.0169479	0.101878
-0.00544289	-0.000681061	-0.0227457	-0.00290425	-0.0211517	0.0489716	-0.00170585	-0.0241002	-0.00631237	0.0360723
-0.00135317	-1.01551e-05	-0.00443798	-0.000146335	-0.0129742	0.0279656	-0.000457781	-0.00199861	-0.00215732	-0.00443007
-3.68427e-07	-2.25952e-06	0.00444719	-0.000159045	-0.000565336	-4.47904e-06	-1.0342e-05	-0.000492834	-0.000897339	-0.00231519
-2.79554e-07	-2.69354e-06	0.00532101	-1.89413e-06	-3.7357e-05	-2.00063e-06	-1.09096e-05	-1.29482e-06	-0.000618367	-0.00464622
0.0	0.0	0.0	0.0	0.0	0.0	0.0	0.0	0.0	0.0
0.0	0.0	0.0	0.0	0.0	0.0	0.0	0.0	0.0	0.0
0.0	0.0	0.0	0.0	0.0	0.0	0.0	0.0	0.0	0.0
0.0	0.0	0.0	0.0	0.0	0.0	0.0	0.0	0.0	0.0
0.0	0.0	0.0	0.0	0.0	0.0	0.0	0.0	0.0	0.0
-0.000154626	-0.000464045	-0.000556483	0.000195271	0.000608141	-0.00176836	-3.57722e-05	-0.00709423	-0.00634077	0.0156109
-0.00213909	-0.00210268	-0.00195185	0.00657414	-0.00113038	-0.0044596	-0.000258664	-0.01902	-0.0173517	0.0418398
-0.00872625	-0.00366832	-0.00567806	0.0114736	-0.0228901	-0.00965188	-0.00107733	-0.0156335	-0.0254085	0.0812604
-0.0189908	-0.00532248	-0.0116538	0.0175912	-0.0516216	-0.0262631	-0.00191699	0.0230119	-0.0172129	0.0923787
-0.0303788	-0.00939024	-0.0158915	0.0103994	-0.0987904	-0.0365158	-0.00415409	0.077853	-0.0199456	0.126814
-0.0483092	-0.0161823	-0.0160181	0.00604349	-0.150183	-0.0298267	-0.00592249	0.103952	-0.041965	0.198411
-0.0453018	-0.0306208	-0.0155537	0.00681177	-0.159463	-0.0126444	-0.00652185	0.104852	-0.0658436	0.224286
-0.0383485	-0.0284151	-0.0230808	0.0048895	-0.200126	0.0307925	-0.00745811	0.109031	-0.0503263	0.203042
-0.0310666	-0.0354311	-0.0171375	-0.00816863	-0.238541	0.0301051	-0.0087876	0.0623123	-0.0609137	0.307628
-0.0508594	-0.0611674	-0.0243696	-0.00875575	-0.249994	-0.000246588	-0.0101933	0.158459	-0.0742343	0.321362
-0.0674228	-0.0568768	-0.0199085	-0.0267351	-0.292434	-0.0223917	-0.00890864	0.227117	-0.0788976	0.346458
-0.0548692	-0.0384416	-0.0225734	-0.0212645	-0.261061	0.0125326	-0.00827187	0.262564	-0.0789056	0.21029
-0.0402637	-0.0221724	-0.0284336	0.00762819	-0.234012	-0.00454457	-0.00756087	0.19431	-0.0565776	0.191626
-0.0420499	-0.0111824	-0.0330973	0.00242181	-0.20504	-0.0176063	-0.00712693	0.191761	-0.034982	0.156902
-0.0267402	-0.0114436	-0.0244807	-0.00272107	-0.191615	-0.0316414	-0.00619734	0.162226	-0.023976	0.156589
-0.00770231	-0.00563644	-0.0135796	-0.0068329	-0.151701	-0.00968807	-0.00403675	0.0647752	-0.0232562	0.157658
-0.0161309	-0.00256264	-0.0107209	-0.0131592	-0.0748568	0.00784202	-0.00271926	-0.0129731	-0.0136109	0.138892
-0.0198826	-0.00155624	-0.00988118	-0.00768387	-0.0352677	0.0105677	-0.00177132	-0.0033637	-0.00692643	0.0757654
-0.00994397	-0.000288194	-0.00297277	-0.000111545	-0.0156449	0.00588689	-0.000352133	0.0133946	-0.0014683	0.0115003
-0.00075109	-7.35581e-06	-3.958e-05	-0.000105024	-0.000465724	6.83944e-05	-5.82114e-05	-0.00236057	-0.000146377	0.00386554
-2.14528e-06	-1.54428e-09	-3.1688e-07	-1.37827e-06	-0.000236982	-7.14847e-06	-8.38183e-07	-2.77336e-05	-6.52731e-06	0.000283072
-1.37047e-07	-1.40513e-08	-6.75935e-07	-1.23884e-07	-4.57444e-08	-6.43606e-08	-8.53307e-10	5.32605e-06	-4.60672e-07	-3.80336e-06
0.0	0.0	0.0	0.0	0.0	0.0	0.0	0.0	0.0	0.0
0.0	0.0	0.0	0.0	0.0	0.0	0.0	0.0	0.0	0.0
0.0	0.0	0.0	0.0	0.0	0.0	0.0	0.0	0.0	0.0
0.0	0.0	0.0	0.0	0.0	0.0	0.0	0.0	0.0	0.0
0.0	0.0	0.0	0.0	0.0	0.0	0.0	0.0	0.0	0.0
0.0	0.0	0.0	0.0	0.0	0.0	0.0	0.0	0.0	0.0
-2.68719e-06	-3.36194e-06	-1.99108e-06	-4.48121e-07	-1.20026e-06	-7.94057e-07	-7.38792e-08	7.08056e-05	-3.269e-05	-2.75591e-05
-4.8569e-05	-8.78164e-06	-6.19186e-06	-1.89162e-06	-5.15548e-06	-1.37546e-05	-8.2339e-07	0.00029199	-9.05646e-05	-0.000116258
-6.15203e-05	-7.80509e-06	-1.58368e-05	-1.08264e-05	-0.00246027	-2.42219e-05	-2.28974e-06	-3.2142e-05	-0.000101403	0.00271631
-0.000136932	-2.19563e-05	-4.44589e-05	-4.18685e-05	-0.0141962	-0.000285975	-3.73837e-05	-0.000751341	-0.000140839	0.0156569
-0.000415894	-4.60197e-05	-6.82957e-05	-0.000100067	-0.0151498	-0.00070955	-6.97363e-05	0.00507038	-0.000247887	0.0117369
-0.000841915	-3.07059e-05	-0.000124254	-0.000440494	-0.00738872	-0.000539832	-2.76464e-05	0.00547522	-0.000445508	0.00436385
-0.000724415	-0.0020198	-0.000681992	-0.00174155	-0.0132613	0.00197662	-5.35354e-05	0.021043	-0.0052292	0.000692217
-0.00118499	-0.000513769	-0.000399857	-0.00111509	-0.0109304	0.00533574	-6.07213e-05	0.008376	-0.00186763	0.00236074
-0.00306448	-0.000976691	-0.000439118	-0.00182328	-0.0184484	0.00367746	-0.000378137	0.0179039	-0.00391921	0.00746801
-0.00511421	-0.0010376	-0.000521251	-0.00273217	-0.014841	-0.00171323	-0.000387406	0.0527334	-0.00343662	-0.0229498
-0.00746165	-0.000917239	-0.000528814	-0.00405699	-0.0406962	-0.00714993	-0.000746026	0.0605431	-0.00442274	0.00543651
-0.0070495	-0.000418739	-0.000757538	-0.00348587	-0.0233762	-0.00560734	-0.000757874	0.0631666	-0.00433573	-0.0173778
-0.00440163	-0.000267627	-0.000633283	-0.00404339	-0.0166266	-0.00367534	-0.000538227	0.0575515	-0.00225367	-0.0251117
-0.00377943	-0.00135421	-0.000580113	-0.00345856	-0.0140042	-0.00402514	-0.000496005	0.0608229	-0.00210211	-0.0310232
-0.00385601	-0.00379638	-0.000476753	-0.00244224	-0.0168453	-0.00373843	-0.000323975	0.0668888	-0.00228625	-0.0331235
-0.00190876	-0.000118193	-0.000358678	-0.00158255	-0.0126611	-0.00273425	-0.000195899	0.0420606	-0.00137827	-0.0211229
-0.00318793	-7.04156e-05	-0.0012842	-0.000746807	-0.00315221	-0.00288999	-0.000182396	0.00947214	-0.00120784	0.00324965
-0.00396399	-2.5275e-05	-0.000753442	-0.00028499	-0.00115065	-0.00120704	-7.17703e-05	0.00136433	-0.000605544	0.00669838
-0.0106701	-4.91873e-05	-0.00265363	-0.000200888	-0.00163857	-0.00125622	-0.000176746	0.011579	-0.000521093	0.00558739
-0.0024361	-2.79204e-06	-2.69267e-05	-2.21353e-05	-0.00031264	-0.000264027	-1.35436e-05	0.00383987	-9.62285e-05	-0.000665477
0.0	0.0	0.0	0.0	0.0	0.0	0.0	0.0	0.0	0.0
0.0	0.0	0.0	0.0	0.0	0.0	0.0	0.0	0.0	0.0
0.0	0.0	0.0	0.0	0.0	0.0	0.0	0.0	0.0	0.0
0.0	0.0	0.0	0.0	0.0	0.0	0.0	0.0	0.0	0.0
