0.0	0.0	0.0	0.0	0.0	0.0	0.0	0.0	0.0	0.0
0.0	0.0	0.0	0.0	0.0	0.0	0.0	0.0	0.0	0.0
0.0	0.0	0.0	0.0	0.0	0.0	0.0	0.0	0.0	0.0
0.0	0.0	0.0	0.0	0.0	0.0	0.0	0.0	0.0	0.0
0.0	0.0	0.0	0.0	0.0	0.0	0.0	0.0	0.0	0.0
0.0	0.0	0.0	0.0	0.0	0.0	0.0	0.0	0.0	0.0
0.0	0.0	0.0	0.0	0.0	0.0	0.0	0.0	0.0	0.0
0.0	0.0	0.0	0.0	0.0	0.0	0.0	0.0	0.0	0.0
0.0	0.0	0.0	0.0	0.0	0.0	0.0	0.0	0.0	0.0
0.0	0.0	0.0	0.0	0.0	0.0	0.0	0.0	0.0	0.0
0.0	0.0	0.0	0.0	0.0	0.0	0.0	0.0	0.0	0.0
0.0	0.0	0.0	0.0	0.0	0.0	0.0	0.0	0.0	0.0
-3.25243e-06	-5.78995e-06	-0.000356297	-2.8304e-05	-0.00182553	-4.23971e-05	0.00271557	-6.18803e-06	-9.22407e-05	-0.000355574
-1.74678e-05	-1.38441e-05	-0.000448352	-7.3141e-05	-0.00412744	-9.33181e-05	0.00582911	-1.80827e-05	-0.00021097	-0.000826495
-1.15132e-05	-1.29767e-06	0.000369247	-1.24244e-05	-0.000144841	-5.37493e-07	-0.000130264	-5.04442e-06	-1.00095e-05	-5.33157e-05
-4.79716e-07	-5.40695e-08	1.53853e-05	-5.17685e-07	-6.03506e-06	-2.23956e-08	-5.42768e-06	-2.10184e-07	-4.17062e-07	-2.22149e-06
0.0	0.0	0.0	0.0	0.0	0.0	0.0	0.0	0.0	0.0
0.0	0.0	0.0	0.0	0.0	0.0	0.0	0.0	0.0	0.0
0.0	0.0	0.0	0.0	0.0	0.0	0.0	0.0	0.0	0.0
0.0	0.0	0.0	0.0	0.0	0.0	0.0	0.0	0.0	0.0
0.0	0.0	0.0	0.0	0.0	0.0	0.0	0.0	0.0	0.0
0.0	0.0	0.0	0.0	0.0	0.0	0.0	0.0	0.0	0.0
0.0	0.0	0.0	0.0	0.0	0.0	0.0	0.0	0.0	0.0
0.0	0.0	0.0	0.0	0.0	0.0	0.0	0.0	0.0	0.0
0.0	0.0	0.0	0.0	0.0	0.0	0.0	0.0	0.0	0.0
0.0	0.0	0.0	0.0	0.0	0.0	0.0	0.0	0.0	0.0
0.0	0.0	0.0	0.0	0.0	0.0	0.0	0.0	0.0	0.0
0.0	0.0	0.0	0.0	0.0	0.0	0.0	0.0	0.0	0.0
0.0	0.0	0.0	0.0	0.0	0.0	0.0	0.0	0.0	0.0
0.0	0.0	0.0	0.0	0.0	0.0	0.0	0.0	0.0	0.0
0.0	0.0	0.0	0.0	0.0	0.0	0.0	0.0	0.0	0.0
0.0	0.0	0.0	0.0	0.0	0.0	0.0	0.0	0.0	0.0
-4.53568e-09	-2.52381e-08	-5.36025e-06	-7.97278e-09	-3.26841e-05	-7.37002e-08	3.95759e-05	-4.80328e-08	-4.62326e-07	-9.0974e-07
-1.0434e-07	-7.45689e-08	-1.76374e-05	-3.71479e-08	-0.000185744	-2.23841e-07	0.000209106	-5.30342e-07	-1.38115e-06	-3.37338e-06
-1.92729e-05	-1.07435e-07	-0.000223009	-5.13751e-06	-0.0108699	-9.97679e-06	0.0113029	-3.99126e-05	-4.69725e-06	-0.000130925
-3.86459e-05	-2.96437e-05	-0.000558093	-1.18275e-05	-0.0246277	-1.93557e-05	0.0257875	-0.000158893	-3.17569e-05	-0.00031162
-5.13793e-05	-0.00140208	-0.00244524	-8.78007e-05	-0.0251378	-6.21512e-05	0.030846	-0.000700644	-0.000421527	-0.000537354
-8.964e-05	-0.001211	-0.00321463	-0.000121464	-0.0109347	-7.34879e-05	0.0170223	-0.000545223	-0.000464171	-0.000367921
-0.000869771	-0.000874002	-0.00310844	-0.000131156	-0.0192191	-0.000285073	0.0264365	-0.000433837	-0.000544673	-0.00097037
0.00522063	-0.000645632	-0.00897093	-0.000220692	-0.032455	-0.000418009	0.0445776	-0.00238743	-0.000938027	-0.00376243
0.0121882	-0.000541629	-0.010117	-0.000451306	-0.0556954	-0.00175782	0.0689737	-0.00581501	-0.000877955	-0.00590568
0.00519628	-0.000326832	-0.00668223	-0.00028359	-0.0325615	-0.00196836	0.0424194	-0.00158286	-0.00106153	-0.00314883
-0.000430578	0.00729393	0.0024278	-0.00179512	-0.0161923	-0.000988979	0.0127682	-0.000220705	-0.00156044	-0.00130182
0.00443006	0.0108336	0.0107841	-0.00226428	-0.0341563	-0.0010416	0.0172861	-0.000531832	-0.00150986	-0.00383
0.0127078	-0.00319886	0.0257433	-0.000792014	-0.0301524	-0.00115535	0.00822169	-0.00114766	-0.00175504	-0.00847147
0.00528359	-0.00167955	0.00341737	-0.000302898	-0.0118321	-0.00090618	0.0132804	-0.000522998	-0.00143594	-0.00530173
-0.00106594	-0.000135113	-0.00690589	-8.53206e-05	-0.00655677	-0.00119003	0.0181194	-9.89881e-05	-0.000873427	-0.00120793
-0.000516813	-7.06316e-05	-0.00492505	-5.74491e-05	-0.00849043	-0.00102218	0.0168443	-0.000128655	-0.000760816	-0.000872226
-0.000227982	-9.19945e-05	-0.00241586	-5.04876e-05	-0.00716628	-0.000466552	0.0114976	-6.43005e-05	-0.000413417	-0.000600705
-9.42251e-05	-0.000224398	-0.00199867	-5.0391e-05	-0.00950371	-0.000102377	0.0126437	-7.50772e-06	-0.000412611	-0.000249779
-1.11433e-05	-1.94568e-05	-0.00022453	-4.31166e-06	-0.0113163	-8.77551e-06	0.0117833	-1.15729e-05	-6.85891e-05	-0.000118604
-2.23123e-06	-1.44421e-06	-8.05169e-05	-6.65135e-07	-0.00246613	-8.66743e-06	0.00266132	-1.58282e-05	-3.32896e-05	-5.25534e-05
0.0	0.0	0.0	0.0	0.0	0.0	0.0	0.0	0.0	0.0
0.0	0.0	0.0	0.0	0.0	0.0	0.0	0.0	0.0	0.0
0.0	0.0	0.0	0.0	0.0	0.0	0.0	0.0	0.0	0.0
0.0	0.0	0.0	0.0	0.0	0.0	0.0	0.0	0.0	0.0
0.0	0.0	0.0	0.0	0.0	0.0	0.0	0.0	0.0	0.0
0.0	0.0	0.0	0.0	0.0	0.0	0.0	0.0	0.0	0.0
-2.97295e-08	-5.13949e-10	-2.95655e-07	-1.36939e-09	-3.20573e-06	-5.82671e-07	4.95068e-06	-8.00815e-12	-5.33028e-07	-3.01926e-07
0.000462517	-4.38068e-10	-8.86791e-06	-5.17086e-07	-0.000446838	-4.6683e-05	0.000129228	-3.54886e-05	-3.79306e-06	-4.95564e-05
0.000196031	-1.16133e-06	-0.000326497	-7.56361e-07	-0.000292096	-7.49237e-06	0.0004889	-1.35773e-05	-1.79328e-05	-2.5419e-05
-0.000132467	-1.86652e-06	-5.00204e-05	-4.35802e-05	-0.000411949	-1.8578e-06	0.000662952	-2.23316e-06	-1.17538e-05	-7.2235e-06
-0.00556474	-1.41123e-05	-0.000969952	-0.000272448	-0.0113093	-3.18521e-05	0.0187241	-0.000290895	-0.000113859	-0.000156941
-0.00663771	-0.000791676	-0.00263601	-0.000927185	-0.0391023	-0.000589297	0.0526974	-0.000837058	-0.000547287	-0.000628808
-0.00594923	-0.0102158	0.00212501	-0.00334386	-0.0516692	-0.00137176	0.0750681	-0.00186023	-0.00156372	-0.00121935
-0.0106565	-0.0193646	0.0179473	-0.00664471	-0.0489201	-0.00498651	0.0832819	-0.00331069	-0.00512374	-0.00222212
-0.0114223	-0.0176263	0.0104501	-0.00127249	-0.0968953	-0.0155198	0.155295	-0.00691986	-0.00942735	-0.00666176
-0.0180225	-0.0200543	0.029136	0.0106628	-0.113628	-0.0305138	0.182609	-0.0125593	-0.0163701	-0.0112601
-0.0185217	0.00274311	0.0189366	0.0137873	-0.154925	-0.0337069	0.223168	-0.0122101	-0.0215754	-0.0176952
-0.0245125	0.0454262	0.00364248	0.00273479	-0.134056	-0.0369874	0.19665	-0.00720323	-0.0271542	-0.0185392
-0.040752	0.0517772	0.0264219	0.00198752	-0.0995669	-0.0407907	0.155975	-0.0101928	-0.0273317	-0.017527
-0.0496661	0.0872585	0.0482762	-0.011186	-0.113494	-0.0313472	0.132491	-0.0123461	-0.0301201	-0.0198659
-0.0433018	0.0467564	0.0445142	-0.00986053	-0.112054	-0.00907646	0.146851	-0.00731095	-0.0321465	-0.024371
-0.0374296	0.00377773	0.00500161	-0.00888359	-0.0611591	0.00524208	0.142114	-0.0053942	-0.0244811	-0.0187879
-0.0283768	-0.00665362	-0.0152131	-0.0148711	-0.0435699	0.0115706	0.122212	-0.00356243	-0.00836228	-0.013173
-0.02313	-0.00108188	-0.0403651	-0.0100991	-0.0255794	0.00473245	0.123506	-0.00199938	-0.0170253	-0.00895852
-0.0145923	-0.00784106	-0.0231505	-0.00469056	-0.0170727	-0.0144396	0.0935589	-0.000880468	-0.00748345	-0.00340832
-0.00785232	-0.00552309	-0.0233743	-0.00420495	-0.0126919	-0.0147984	0.0796007	-0.000505989	-0.00684776	-0.00380195
-0.00417496	-0.00250106	-0.020522	-0.00293979	-0.0147595	-0.00793508	0.0598406	-0.000386305	-0.00467383	-0.0019481
-0.00198157	-0.00127706	-0.00546545	-0.000961226	-0.00893418	-0.00737979	0.0279155	-5.32169e-05	-0.00161095	-0.000252092
-0.000408675	-0.000411057	0.00814675	-0.000114733	-0.00115167	-0.00369868	-0.00156916	-2.26398e-05	-0.000738475	-3.16553e-05
-7.16177e-06	-2.01327e-05	0.00646612	-7.51286e-07	-0.000266059	-0.000392199	-0.00552314	-2.66073e-08	-0.00025546	-1.18699e-06
0.0	0.0	0.0	0.0	0.0	0.0	0.0	0.0	0.0	0.0
0.0	0.0	0.0	0.0	0.0	0.0	0.0	0.0	0.0	0.0
0.0	0.0	0.0	0.0	0.0	0.0	0.0	0.0	0.0	0.0
0.0	0.0	0.0	0.0	0.0	0.0	0.0	0.0	0.0	0.0
-6.67268e-08	0.000190449	-3.92557e-05	-6.97524e-06	-7.08016e-06	-2.38823e-06	-0.000103682	-7.84734e-09	-3.02479e-05	-7.45124e-07
0.000608627	4.52223e-05	-8.13968e-05	-1.31578e-05	-0.00161098	-5.47105e-05	0.00158505	-0.000107321	-0.000177538	-0.000193797
-0.00440296	-4.41661e-05	-0.00108545	-0.000994528	-0.000943464	0.0040721	0.00408096	-0.000446682	-0.000131852	-0.000103954
-0.0173422	-0.000981068	0.00142975	0.0254899	-0.00275339	-0.0114655	0.00954192	-0.00134939	-0.00189117	-0.000678854
-0.0235548	-0.00158128	0.00555876	0.0204312	-0.0183672	-0.00874239	0.0331192	-0.00202216	-0.00393511	-0.000906106
-0.027397	-0.009301	0.0259248	0.0346409	-0.0440576	-0.0183018	0.0574648	-0.00625535	-0.0102561	-0.00246148
-0.0140304	-0.0291527	0.0642404	0.040156	-0.0939691	-0.0231006	0.0921488	-0.015326	-0.0149386	-0.00602759
-0.0308258	-0.0479106	0.164297	0.0258567	-0.132196	-0.0430825	0.120786	-0.0206524	-0.0237382	-0.0125345
-0.0256068	-0.0784084	0.179161	0.0610933	-0.156772	-0.046423	0.166826	-0.0378369	-0.0371733	-0.0248601
-0.0134292	-0.116232	0.229689	0.154408	-0.197778	-0.082848	0.186563	-0.0564611	-0.0667332	-0.0371771
-0.0308183	-0.0651176	0.251099	0.2151	-0.281558	-0.0814822	0.166813	-0.0473926	-0.0797276	-0.0469163
0.00102947	-0.0252221	0.261529	0.186471	-0.325467	-0.0918448	0.191928	-0.0469509	-0.0871661	-0.0643067
-0.0179506	-0.0198427	0.173947	0.270324	-0.266674	-0.0725186	0.180178	-0.0491777	-0.118504	-0.0797817
-0.0367513	0.02723	0.136126	0.247704	-0.253616	-0.0167248	0.167771	-0.0496337	-0.124519	-0.0975862
-0.0395642	0.0284017	0.161071	0.179871	-0.206744	-0.0201194	0.146584	-0.0439598	-0.115874	-0.0896656
-0.0694073	-0.0452755	0.067054	0.148468	-0.142065	0.0508399	0.164254	-0.0372252	-0.0725852	-0.0640571
-0.122025	-0.0912133	-0.0690445	0.133505	-0.0971551	0.127339	0.204044	-0.030816	-0.0225296	-0.0321054
-0.129087	-0.0818137	-0.0988919	0.10244	-0.0281043	0.121619	0.21469	-0.018358	-0.054941	-0.0275529
-0.0867411	-0.0734781	-0.119654	0.084819	0.00485329	0.114891	0.150271	-0.0135856	-0.0401642	-0.0212121
-0.0726761	-0.0535347	-0.0984427	-0.0219834	0.00483432	0.0794243	0.186292	-0.00670197	-0.00589958	-0.0113118
-0.0485809	-0.0348815	-0.0838972	-0.04197	0.00297437	0.0269318	0.177193	-0.00246109	0.00849757	-0.00380572
-0.0235124	-0.0226181	-0.0587035	-0.0239691	0.00377343	-0.0248696	0.14065	-0.00098834	0.0119252	-0.0016876
-0.0105574	-0.0170489	-0.0149224	-0.00741092	-0.00545202	-0.0273219	0.083813	-0.000413578	-0.000260582	-0.000425288
-0.00255154	-0.00396312	0.00410754	-0.000232766	-0.000270334	0.00736293	-0.00411372	-4.25342e-06	-0.000305346	-2.93822e-05
-0.000545915	-0.00480885	-0.00029341	-2.01678e-05	-0.000101456	0.00195526	0.0049822	-1.64873e-07	-0.00116503	-2.46949e-06
0.0	0.0	0.0	0.0	0.0	0.0	0.0	0.0	0.0	0.0
0.0	0.0	0.0	0.0	0.0	0.0	0.0	0.0	0.0	0.0
-1.78594e-08	-1.70721e-08	-7.44978e-06	1.177e-05	-1.17046e-07	-3.59735e-06	-2.32725e-08	-1.19579e-08	-5.26342e-07	-9.21989e-09
-2.00639e-05	0.0006497	-0.000342817	0.000448782	-2.59864e-06	-0.000361957	-0.000405248	-5.01504e-08	3.54209e-05	-1.16842e-06
-0.000211254	2.06542e-05	-0.00149359	0.00506335	-0.000426325	-0.00210168	-0.000498677	0.000178345	-0.000422253	-0.000108577
-0.00521905	0.00126936	-0.0117845	0.0208532	0.00555916	-0.0141663	0.00721751	-0.00087779	-0.00244092	-0.000410638
-0.0310123	0.0101821	0.0125859	0.0847535	0.00636314	-0.0596892	0.00364768	-0.00996189	-0.0132415	-0.00362728
-0.0329122	0.00193211	0.0572895	0.120593	-0.0137353	-0.0861981	-0.00388242	-0.0119526	-0.0245047	-0.00662957
-0.0203059	-0.0263088	0.0722258	0.167029	-0.0380677	-0.100934	0.022526	-0.0267222	-0.0354516	-0.01399
-0.0100381	-0.0501576	0.133029	0.221909	-0.109555	-0.167457	0.0741793	-0.0449702	-0.018104	-0.0288354
0.0124515	-0.0725289	0.248566	0.238457	-0.169901	-0.163491	0.0557399	-0.0771448	-0.00928102	-0.0628673
0.0080996	-0.0795167	0.275011	0.287743	-0.242026	-0.117251	0.0601613	-0.113242	0.00620468	-0.0851844
0.0221039	-0.112787	0.320894	0.354104	-0.259283	-0.0808779	-0.016466	-0.139632	0.0322491	-0.120306
-0.0236621	-0.0159458	0.302364	0.359649	-0.272625	-0.115516	-0.0370236	-0.156848	0.132102	-0.172494
-0.0172476	0.130524	0.20333	0.373854	-0.237691	-0.182448	-0.0272863	-0.174318	0.125802	-0.194521
-0.0545468	0.185477	0.184416	0.319603	-0.273223	-0.0627185	-0.057792	-0.196979	0.202372	-0.246609
-0.00344422	0.116133	0.128435	0.279422	-0.277579	0.106752	-0.0764281	-0.193109	0.193112	-0.273295
-0.0518033	0.0721822	0.116913	0.251927	-0.182982	0.109411	0.0241058	-0.183183	0.114038	-0.270608
-0.0289997	0.000135026	0.0883563	0.133854	-0.127039	0.140531	0.123507	-0.155028	0.0278158	-0.203133
-0.0865339	-0.0471133	0.022981	0.147876	-0.0866901	0.197632	0.154819	-0.126661	-0.0224749	-0.153834
-0.101868	0.0676329	-0.0700647	0.0488725	0.0330344	0.0831674	0.185037	-0.0921082	-0.0206254	-0.133078
-0.0839311	0.0912367	-0.115404	-0.0322807	0.0954627	-0.0480378	0.222717	-0.0684762	0.028968	-0.090255
-0.0812175	0.0941575	-0.186436	-0.0900518	0.0931761	0.0879904	0.257029	-0.0377474	-0.0588996	-0.0780004
-0.0646717	0.0525026	-0.189854	-0.0830615	0.111591	0.0565589	0.268796	-0.0275617	-0.0768401	-0.0474589
-0.0772227	0.0120368	-0.144206	-0.110164	0.114424	0.11631	0.194633	-0.0135227	-0.072027	-0.020262
-0.0719427	-0.0538619	-0.0707185	-0.0237555	0.0621728	0.107776	0.0606956	-0.00424668	0.000165163	-0.00628379
-0.0191467	-0.0292557	-0.00887227	-0.00297784	0.000832615	0.0355579	0.00527166	-0.00103514	0.0213824	-0.00175688
-0.00201151	-0.00337409	-0.00169043	-7.26966e-05	-0.00401922	0.00564049	-0.00124226	-0.000250398	0.00759134	-0.000571227
-3.86296e-05	-0.0018632	-0.00134376	-1.72936e-05	-0.000776386	-0.00104881	0.00475414	-1.07012e-05	0.00038309	-3.84542e-05
0.0	0.0	0.0	0.0	0.0	0.0	0.0	0.0	0.0	0.0
0.0	0.0	0.0	0.0	0.0	0.0	0.0	0.0	0.0	0.0
-7.80657e-05	6.49349e-05	6.86927e-05	0.00136179	-3.24437e-05	-0.00123596	1.99091e-05	-6.81834e-06	-0.000159854	-2.18368e-06
-0.00157221	0.00207767	0.000522739	0.0268266	0.000664324	-0.0123693	-0.00911208	-0.000289408	-0.00558184	-0.00116647
-0.0141894	0.00309584	0.0052988	0.0710722	0.00702841	-0.0512289	0.00694464	-0.0054057	-0.016909	-0.00570699
-0.0427215	0.0231604	0.0216727	0.166594	0.0263477	-0.0953746	-0.0513488	0.0189353	-0.0454037	-0.0218616
-0.0320942	-0.00839025	0.0779823	0.219079	0.0169133	-0.145071	-0.0403668	0.0167837	-0.0554025	-0.0494338
-0.0380197	-0.0791081	0.142742	0.228998	-0.0050693	-0.103966	-0.0234301	0.00803561	-0.0560062	-0.0741762
-0.0191858	-0.168434	0.209821	0.200624	-0.039671	-0.0839831	0.0454661	0.00174655	-0.0477978	-0.0985863
-0.0137665	-0.188618	0.218171	0.183818	-0.0581855	0.0358018	0.0162716	-0.0402379	-0.0170714	-0.136183
0.0632707	-0.128622	0.257826	0.150079	-0.138728	0.0851463	0.00533141	-0.122993	-0.0833499	-0.0879605
0.0536481	-0.104983	0.282692	0.128526	-0.143166	0.0540413	-0.206859	-0.179599	0.103699	0.0120005
0.0355054	-0.0216475	0.220809	0.112789	-0.149094	-0.0194883	-0.157163	-0.207038	0.178203	0.00712429
0.127398	0.0861473	0.200907	0.0943139	-0.195299	-0.0485978	-0.203754	-0.268327	0.159373	0.0478397
0.161918	0.137831	0.190275	0.056872	-0.099894	-0.0787863	-0.1026	-0.332539	0.164829	-0.0979065
0.167875	0.116475	0.234896	0.152715	-0.0702697	-0.085574	-0.146636	-0.345321	0.13521	-0.159372
0.161062	-0.0443681	0.279138	0.206124	-0.0160403	0.00246803	-0.106672	-0.331468	0.148663	-0.298907
0.225886	-0.0882912	0.2266	0.0153742	-0.0504304	0.0780934	-0.00228849	-0.329836	0.213863	-0.28897
0.175004	-0.0140832	0.140575	-0.0253149	0.0420492	0.125565	0.112242	-0.310034	0.0089641	-0.254969
0.0350762	0.0565188	0.0106361	-0.0137485	0.109959	0.0480149	0.167526	-0.291476	0.108074	-0.23058
-0.0386265	0.144689	-0.0558061	-0.0838467	0.0912427	0.127553	0.171664	-0.247508	0.0983991	-0.207761
-0.0137539	0.22274	-0.0743614	-0.175036	0.134359	0.113556	0.152061	-0.166538	-0.00408033	-0.188947
-0.0299403	0.180575	-0.14526	-0.164707	0.214114	0.201181	0.13229	-0.111892	-0.0969509	-0.179411
-0.119945	0.0978396	-0.176136	-0.184659	0.257502	0.250872	0.16055	-0.0617678	-0.108723	-0.115533
-0.12371	0.0168148	-0.115227	-0.0632906	0.0942441	0.220129	0.0719193	-0.0234335	-0.0257034	-0.0517429
-0.0474371	-0.0464043	-0.0279328	-0.0135472	-0.00277262	0.124848	-0.00890115	-0.00719541	0.0459446	-0.0166018
-0.013085	-0.00763659	-0.00631806	-0.00128674	-0.00937509	0.031395	0.0101	-0.00264424	0.00121309	-0.00236243
-0.00279887	-0.00245571	-0.00198305	-6.04174e-05	-0.000141052	0.00165309	0.00706809	-7.78735e-05	-0.00117804	-2.61521e-05
0.0	0.0	0.0	0.0	0.0	0.0	0.0	0.0	0.0	0.0
-1.29685e-06	-7.06768e-07	-4.43487e-06	0.000100428	-3.12028e-07	-1.49803e-05	-9.38113e-08	-2.30896e-06	-9.45607e-06	-6.68384e-05
-0.000275121	-0.00376884	-0.0012661	0.000130841	-0.00183631	0.00184909	-0.000434967	0.00916723	-0.00181423	-0.00175159
-0.00190903	0.00127126	0.00643132	0.050788	-0.00970679	-0.0412622	-0.0131678	0.0340728	-0.0169011	-0.00961639
-0.0216323	0.0018391	0.0379366	0.109401	0.0140449	-0.0869666	-0.000555933	0.022381	-0.0379597	-0.0384877
-0.0235155	-0.0235177	0.0668349	0.185597	0.0707709	-0.104238	-0.0531162	0.0496439	-0.0605328	-0.107926
-0.0261916	-0.0623924	0.138312	0.223774	0.0632585	-0.105065	-0.0874777	0.0902513	-0.0868497	-0.147619
-0.0392996	-0.134721	0.162738	0.130271	0.0598302	-0.0202346	-0.0153154	0.109658	-0.0513802	-0.201547
-0.0537826	-0.233325	0.138418	0.151851	-0.00358278	0.0250607	-0.0111384	0.160821	0.0140269	-0.18835
-0.108274	-0.28837	0.210333	0.208868	-0.0272239	0.044661	-0.0649322	0.128666	0.00201742	-0.105746
0.00474038	-0.192434	0.177174	0.188973	-0.0946891	0.0490064	-0.173196	0.125332	-0.0386364	-0.0462696
0.0134638	-0.0955891	0.0530641	0.0925464	-0.1694	0.0258086	-0.186856	0.140252	0.0560087	0.0707006
-0.00868489	-0.102015	0.0431316	0.0682556	-0.167914	0.0217062	-0.140344	0.0495304	0.145174	0.0911611
0.135429	-0.101357	0.071316	0.207235	-0.25398	-0.00857873	-0.239294	-0.103184	0.0190758	0.273338
0.138773	-0.09813	0.0952416	0.130016	-0.319275	0.0454429	-0.202728	-0.121919	0.03261	0.299967
0.0910909	-0.204039	0.115077	0.149161	-0.29796	-0.0607498	-0.136444	-0.0772873	0.212835	0.208316
0.148005	-0.236011	0.134834	0.202436	-0.258331	-0.0912095	-0.148843	-0.0764854	0.113879	0.211726
0.208966	-0.190784	0.0620671	0.120449	-0.175604	-0.0305109	-0.122369	-0.0739579	0.063459	0.138284
0.232002	-0.0757119	0.0491844	0.155215	-0.192344	0.0406784	-0.14371	-0.12274	-0.0761517	0.133578
0.129069	-0.0470422	-0.0360548	-0.0536436	-0.0340484	0.0971123	-0.0615238	-0.132629	0.145968	-0.00720806
0.0893404	0.070603	-0.103994	0.0217466	-0.0270937	0.0684894	-0.0192154	-0.137338	0.0911594	-0.0536967
0.147423	0.109316	-0.110561	-0.0399039	0.0965274	0.0601315	-0.0305198	-0.0845624	0.00890919	-0.15676
0.13117	0.0933401	-0.16635	-0.171236	0.283548	0.219642	-0.0270227	-0.115461	-0.00996945	-0.237661
-0.0477483	0.0492649	-0.243085	-0.200089	0.336339	0.361726	-0.00713707	-0.111097	0.0792449	-0.217419
-0.180017	-0.0161855	-0.127091	-0.0950015	0.121482	0.468174	-0.0176677	-0.0589014	0.033425	-0.128218
-0.11189	-0.0461431	-0.0381676	-0.0285591	0.000976729	0.255897	-0.0271799	-0.0252772	0.0652131	-0.0448703
-0.0452277	-0.00484107	-0.00519063	-0.00357103	0.00960209	0.0870457	-0.0168258	-0.00873852	6.77357e-05	-0.0123208
-0.00892867	-0.000303996	-0.000398235	-0.000315406	-0.000690035	0.0148619	-0.00096625	-0.000571318	-0.0020364	-0.000651614
0.0	0.0	0.0	0.0	0.0	0.0	0.0	0.0	0.0	0.0
-0.000123849	-0.000286055	-0.000389211	0.00320701	-0.000307393	-0.000703018	-8.06855e-05	0.00223003	-0.00109169	-0.00245514
-0.000606824	-0.00392148	0.00408312	-0.00493662	-0.00284447	-0.00623213	-0.00174865	0.0263824	-0.00358231	-0.00659303
-0.0045471	-0.0045022	0.0126072	0.050523	-0.0059179	-0.0556774	-0.0182944	0.0783989	-0.018619	-0.033971
-0.0366242	-0.00452403	0.0802524	0.205646	0.0301257	-0.187446	-0.0100654	0.0538816	-0.0296867	-0.101558
-0.0270017	-0.0499146	0.0964921	0.275384	0.0955114	-0.18293	-0.0552735	0.0875531	-0.0361116	-0.203709
-0.025393	-0.115176	0.193264	0.169373	0.0554845	-0.106338	-0.109322	0.182512	-0.0159281	-0.228475
-0.055645	-0.166072	0.0829663	0.0671721	0.0552256	0.0213175	-0.013592	0.210407	0.0564632	-0.258242
-0.0986189	-0.295278	0.102174	0.0549939	-0.0189364	0.113418	-0.0286918	0.194012	0.102275	-0.125347
-0.0126981	-0.292335	0.0496809	0.0818733	-0.0558054	0.0875731	-0.108201	0.234564	0.0116771	0.00367187
0.00968544	-0.221967	-0.025687	0.055969	-0.128704	0.157384	-0.169983	0.280087	0.0452944	-0.0020781
0.0449145	-0.199198	0.0237287	0.0379536	-0.200703	0.141629	-0.129115	0.267676	-0.0698291	0.082943
0.0482683	-0.114151	-0.0204991	0.099813	-0.340277	0.0580293	-0.159713	0.21376	-0.050498	0.265267
0.0854734	-0.158095	0.104088	0.100613	-0.312194	-0.0524054	-0.206357	0.0838637	-0.0563243	0.411338
0.0807775	-0.134459	0.0408871	0.195701	-0.401499	0.0406054	-0.181514	-0.0189433	-0.119619	0.498064
0.0612356	-0.281224	-0.0340788	0.192431	-0.381159	-0.0965928	-0.146363	0.0476669	0.12232	0.515765
0.107278	-0.230941	-0.0296837	0.095637	-0.395736	0.0486582	-0.238896	0.133119	0.032236	0.47833
0.207197	-0.154501	-0.179331	0.151342	-0.247822	0.103821	-0.216748	0.185238	-0.115275	0.266078
0.193082	-0.148465	-0.0843399	0.0593642	-0.236257	0.0789873	-0.270587	0.214465	0.0439235	0.149828
0.120053	-0.0331899	-0.0392841	0.0742865	-0.128522	0.0762006	-0.272104	0.135322	-0.0169547	0.0841931
0.0460533	0.0328945	-0.0873856	0.0618114	-0.104417	0.0547333	-0.225128	0.118052	0.0100496	0.093336
0.0891887	-0.0172878	-0.0428044	-0.0294701	-0.00164855	0.103119	-0.215147	0.0481944	0.083486	-0.0176303
0.125565	-0.0244177	-0.0420912	-0.132895	0.206224	0.183638	-0.224625	0.0236753	0.0878513	-0.202924
0.0744581	-0.0729675	-0.260271	-0.213959	0.281245	0.416275	-0.166843	-0.0386959	0.239405	-0.258646
-0.119697	-0.145672	-0.181434	-0.152917	0.0966971	0.578552	-0.0464046	-0.0613474	0.214923	-0.1827
-0.141287	-0.0791407	-0.0511215	-0.0382009	-0.00400309	0.440137	-0.0522317	-0.0416259	0.0414422	-0.0739675
-0.0547342	-0.00419636	-0.00683072	-0.00287631	0.01028	0.106938	-0.0169737	-0.00953699	-0.00108105	-0.0209881
-0.00389431	-0.00138901	-0.000346871	-0.000160652	-0.000783351	0.0105056	-0.00278042	-0.000416992	-0.000134562	-0.000599459
0.00411506	-2.02585e-07	-0.000108174	-3.65993e-07	-0.000128259	-2.91518e-06	-5.62368e-06	-0.00244966	-9.61922e-06	-0.00141024
-0.000205573	-0.00028415	0.000708109	-0.00260179	-0.00509772	-0.000892867	-0.000253943	0.0227485	-0.00134867	-0.0127719
-0.00116751	-0.00197963	0.00255991	-0.00577768	-0.00168121	-0.0098053	-0.00221155	0.0532439	-0.0057447	-0.0274363
-0.00415057	-0.00182005	0.0155474	0.0548957	-0.00868176	-0.0627487	-0.0200446	0.125873	-0.0127528	-0.086117
-0.0564411	-0.0111477	0.0908504	0.241538	0.00937674	-0.251515	-0.0212283	0.148476	0.000804282	-0.150712
-0.0592576	-0.0423774	0.0881067	0.248494	0.0799461	-0.237881	-0.0880893	0.157107	0.0414304	-0.187478
-0.0657124	-0.116308	0.0866247	0.173011	0.0127103	-0.144538	-0.133241	0.172679	0.128166	-0.113392
-0.0720163	-0.167567	0.0580969	0.078568	-0.00915765	-0.0671001	-0.0832011	0.26422	0.17792	-0.179762
-0.049607	-0.283566	0.0874435	0.0297714	-0.103845	0.0851103	-0.0900717	0.192439	0.0776435	0.0546822
0.0519345	-0.324106	0.0921243	0.0182695	0.015666	0.0676661	-0.139801	0.158448	0.126025	-0.0662264
0.018031	-0.269426	0.180331	0.0433505	-0.109488	0.119824	-0.161454	0.14011	0.0854306	-0.0467094
0.00181403	-0.192061	0.131036	0.0141714	-0.152672	0.12253	-0.132735	0.24338	0.00272203	-0.0381862
0.0844342	-0.081089	0.0369945	0.0403461	-0.243231	-0.00935594	-0.15996	0.249097	0.162697	-0.0799313
0.0441118	-0.0253237	0.0432757	0.0643594	-0.236154	-0.0964996	-0.231033	0.100643	0.173712	0.162908
0.11327	0.00543889	0.0795028	0.165329	-0.415743	-0.110767	-0.26442	0.165089	-0.0789128	0.341212
0.182238	0.0257594	0.0555894	0.177056	-0.384979	-0.211125	-0.296087	0.239587	-0.0654971	0.277457
0.307538	-0.131736	-0.0379569	0.11594	-0.348619	-0.0922516	-0.348591	0.254123	0.0978262	0.183728
0.252923	0.0273339	-0.0970968	0.151301	-0.205566	-0.0321203	-0.374592	0.240609	0.00770257	0.0295073
0.169081	-0.0892558	-0.105229	0.192593	-0.106903	-0.0192142	-0.500527	0.31762	0.0816339	0.0601998
0.12798	-0.0822822	0.0580926	0.117639	-0.0944752	0.0495668	-0.456347	0.170351	0.105082	0.00439301
0.10946	-0.115307	-0.00592163	0.15018	-0.052212	0.123024	-0.358683	0.150749	0.0326167	-0.0339058
0.079771	-0.171888	-0.0426332	0.0948744	-0.0234786	0.110287	-0.311889	0.0470051	0.13614	0.081812
0.181631	-0.192792	-0.0585359	0.0495549	0.0509415	0.136979	-0.325208	0.0887939	0.191732	-0.123096
0.234792	-0.238939	-0.132505	-0.266171	0.109462	0.510358	-0.26285	0.0103976	0.263286	-0.227832
-0.0252907	-0.214323	-0.2055	-0.205386	0.0188561	0.772912	-0.155939	-0.0853589	0.267809	-0.16778
-0.136876	-0.0920494	-0.0686339	-0.0509866	-0.014982	0.539726	-0.089627	-0.0564087	0.049255	-0.0794173
-0.0453259	-0.00765543	-0.00860386	-0.00366436	-0.0271233	0.142487	-0.0428762	-0.0116204	0.0223409	-0.0179585
-0.00273565	-0.00103402	-0.000609067	-4.45956e-05	-0.00070924	0.00736389	-0.00294479	-0.00218263	0.00376036	-0.000864256
-2.31725e-06	-3.03971e-06	-4.17287e-06	-6.94262e-05	-0.000250887	-3.11016e-05	-2.32225e-06	0.00106502	-1.54538e-05	-0.000686299
-0.000412569	-5.64145e-05	-0.000467125	-0.00278535	-0.00591752	-0.000875526	-0.000135376	0.0292017	-0.000828916	-0.0177229
2.85955e-05	-0.00130301	0.00214075	0.0108155	-0.00606772	-0.00581758	-0.00262274	0.057775	-0.0122511	-0.0426976
5.3749e-05	-0.00275633	0.0288832	0.0695562	-0.0513621	-0.0657997	-0.0289327	0.169525	-0.0179109	-0.101257
-0.0474949	-0.0231413	0.0720806	0.252518	-0.0662326	-0.218005	-0.0306415	0.223802	0.0268729	-0.189758
-0.0591746	-0.0837006	0.166282	0.172846	-0.0111353	-0.221485	-0.122112	0.159573	0.0918321	-0.0929263
-0.0756673	-0.11958	0.0714605	0.119652	-0.0737107	-0.11911	-0.139115	0.109382	0.173274	0.0534139
-0.0614668	-0.135812	0.0097973	0.0648933	-0.0605527	0.00961386	-0.0537949	0.0774296	0.156744	-0.00685197
-0.045309	-0.207336	-0.0165544	-0.0132504	-0.0436774	0.162629	-0.062299	0.0375765	0.141992	0.046228
0.0175476	-0.267514	0.0793655	-0.0865754	-0.00123186	0.131662	-0.127192	0.0449107	0.210411	-0.00138403
0.038921	-0.212525	0.169298	-0.178064	-0.0958958	0.194356	-0.15112	-0.0169127	0.157276	0.0946671
-0.061127	-0.111408	0.111637	-0.302052	-0.0985221	0.295556	-0.12049	0.0914825	0.105165	0.0897586
-0.00524843	-0.0656794	0.0618105	-0.237879	-0.0627178	0.172879	-0.180873	0.20036	0.0687732	0.0485758
0.104514	0.069204	0.085193	-0.084426	-0.153388	-0.00721301	-0.25758	0.163303	0.0259166	0.0544767
0.0270979	0.255894	0.136397	0.202843	-0.551795	-0.170873	-0.175301	0.306304	-0.201292	0.170723
-0.00875074	0.37749	0.161087	0.3062	-0.39852	-0.326789	-0.311649	0.360167	-0.340934	0.181702
0.141883	0.111586	0.155783	0.240002	-0.0970648	-0.315756	-0.444303	0.368225	-0.159914	-0.000440342
0.258646	0.0204935	-0.00433463	0.188348	-0.0401396	-0.235228	-0.545686	0.365068	-0.00789933	0.000732244
0.264355	-0.116805	0.0415849	0.0973332	0.000633854	-0.131778	-0.540717	0.27266	0.0379619	0.0747706
0.238818	-0.190382	0.0032594	0.135001	-0.0283776	-0.0554967	-0.491201	0.269147	0.096784	0.0224476
0.13267	-0.241755	-0.0486118	0.261471	-0.0265362	0.0200348	-0.363939	0.157478	0.0925672	0.016621
0.0224102	-0.274864	-0.0698565	0.176571	-0.0356658	0.180831	-0.282518	0.209329	0.14243	-0.0686667
0.128348	-0.294192	-0.0152745	0.105972	-0.0217711	0.269738	-0.336241	0.11663	0.184937	-0.138147
0.317488	-0.272708	-0.140459	-0.154736	-0.0560448	0.584298	-0.246272	-0.0590582	0.244174	-0.216682
0.0875753	-0.177319	-0.198894	-0.170937	-0.161651	0.939639	-0.197808	-0.0857461	0.123742	-0.1586
-0.12667	-0.0757457	-0.0580139	-0.0345324	-0.116887	0.672742	-0.150293	-0.0389864	0.00378895	-0.0754025
-0.0428305	-0.00917223	-0.00622938	-0.00450924	-0.038975	0.156812	-0.0561373	-0.00376197	0.0287015	-0.0238981
-0.000885524	-0.00131688	-0.000713032	-0.000257821	-0.00322895	0.0107753	-0.00345875	0.0106102	-0.00960931	-0.00191517
-3.74593e-06	-3.57765e-06	-8.28895e-06	-0.000112723	-0.000294168	-4.05931e-05	-2.75312e-06	0.00152621	-2.18552e-05	-0.00103851
-0.000470973	-2.53137e-05	-0.000138992	-0.00237292	-0.00549759	-0.000770727	-4.65212e-05	0.0280223	-0.000480977	-0.0182183
0.00606453	-0.000746034	0.00263857	0.00796607	-0.0168634	-0.00584796	-0.00710105	0.0780889	-0.0106739	-0.0535257
-0.0109178	-0.0131992	0.0281583	0.104209	-0.063606	-0.0555778	-0.0279399	0.173732	-0.0331781	-0.10168
-0.0446256	-0.0279996	-0.017681	0.129218	-0.0741431	-0.113823	-0.046671	0.253842	0.0781113	-0.136228
-0.0573197	-0.0877403	0.0964698	0.0243433	-0.0825088	-0.115575	-0.10214	0.175804	0.103118	0.0455498
-0.0730222	-0.142607	0.0902901	-0.0562552	-0.0977261	-0.0109678	-0.0965535	0.0549928	0.186054	0.145794
-0.0690005	-0.140612	-0.0914994	-0.128864	-0.0187288	0.140969	0.00210427	0.0319396	0.215284	0.0584076
-0.0538945	-0.153378	-0.0826708	-0.295964	0.0234223	0.271176	0.0215762	-0.0902261	0.197268	0.162691
-0.00880375	-0.198663	-0.131118	-0.418063	0.119205	0.331811	-0.0946752	0.00304035	0.272982	0.124285
-0.094475	-0.102885	-0.0964377	-0.46369	0.0636689	0.289195	-0.0464712	0.00661608	0.25556	0.188919
-0.0363099	-0.0241017	-0.101877	-0.501393	0.065471	0.291494	-0.0904848	-0.0553818	0.22694	0.225643
-0.0174007	-0.0131079	-0.166714	-0.401069	0.181538	0.292267	-0.158946	-0.0591694	0.199104	0.143499
0.0150824	0.195231	-0.213514	0.0346766	-0.221531	0.150007	-0.0736074	0.153582	0.0854393	-0.125366
-0.0555279	0.503405	-0.0669819	0.243438	-0.681112	-0.0236147	-0.195648	0.297865	-0.0239869	0.00216412
-0.148388	0.589224	-0.078271	0.209331	-0.19526	-0.135754	-0.38538	0.420342	-0.230292	-0.0455512
-0.0567703	0.218031	0.0328426	0.234066	0.00595391	-0.198998	-0.442323	0.522447	-0.313097	-0.00215023
0.169337	0.00597068	0.0499611	0.204395	0.0655163	-0.315093	-0.437215	0.361337	-0.156711	0.0525035
0.217514	-0.186216	0.0345718	0.186816	-0.032855	-0.268365	-0.418378	0.320235	0.0620947	0.0845833
0.151819	-0.206061	-0.0212963	0.190971	0.0178846	-0.199109	-0.395358	0.32333	0.132218	0.00560124
0.163298	-0.287425	-0.0667165	0.280961	-0.126048	-0.0816995	-0.279549	0.302519	0.0527827	0.0418762
0.0847206	-0.274595	-0.0622735	0.140578	-0.104316	0.0232208	-0.208056	0.306771	0.0971859	-0.00323558
0.200279	-0.252284	-0.0512991	0.0219721	-0.12182	0.110678	-0.206567	0.150857	0.198314	-0.0501305
0.362653	-0.2125	-0.129623	-0.104754	-0.261554	0.467625	-0.120552	-0.111708	0.21344	-0.103026
0.160192	-0.147898	-0.142521	-0.113197	-0.223189	0.843437	-0.159593	-0.0950434	0.0337801	-0.155967
-0.120169	-0.0541624	-0.034856	-0.020034	-0.138523	0.680601	-0.172802	-0.0345609	-0.0348294	-0.0706649
-0.0492199	-0.0132298	0.00217539	-0.00333815	-0.0383052	0.177243	-0.0553823	-0.00375705	0.00887771	-0.0250636
-0.00050569	1.67691e-05	-0.000376043	-8.66546e-05	-0.000934833	0.00596342	-0.0084475	0.00216536	0.00586256	-0.00365738
-2.76953e-05	-2.64807e-06	-1.01699e-05	-7.4127e-05	-6.12267e-05	-5.45869e-05	-4.17954e-06	0.000820353	-2.90253e-05	-0.000556694
0.00171261	0.000192933	-0.000282037	-0.00172473	-0.0105209	-0.003856	-0.000124441	0.0377315	-0.000752439	-0.0223765
-0.00420248	-0.000179907	-0.00243838	0.00611318	-0.0477926	-0.00906707	-0.00100403	0.143987	-0.00747536	-0.0779399
-0.0151326	-0.00880507	-0.0220935	0.0813795	-0.055714	-0.0576626	-0.0301559	0.221985	-0.0133211	-0.10048
-0.103895	-0.0153623	-0.0850364	0.0553137	-0.113494	-0.0548346	-0.0343621	0.303375	0.0473227	0.000973847
-0.107102	-0.0496673	-0.0981865	-0.117428	-0.0810871	-0.0152568	-0.0208013	0.127779	0.159457	0.202294
-0.0402314	-0.120888	-0.20048	-0.246218	0.00712235	0.153014	-0.0225573	0.0335786	0.223572	0.213089
-0.022367	-0.143288	-0.330969	-0.376512	0.0749769	0.142685	0.0960381	0.0969106	0.331932	0.130592
-0.019965	-0.153538	-0.381342	-0.433005	0.150498	0.18039	0.0588675	-0.0198644	0.280834	0.337125
-0.0859135	-0.185423	-0.415889	-0.399287	0.224916	0.194823	0.0526672	0.126983	0.327163	0.159959
-0.0666636	-0.142164	-0.583915	-0.320074	0.297449	0.168835	0.0283586	0.168919	0.224877	0.224379
-0.0693146	-0.154591	-0.568756	-0.203256	0.261158	0.188556	-0.0131445	0.127803	0.170607	0.260937
-0.0822391	-0.0743138	-0.624161	-0.0898503	0.315017	0.273965	0.0794798	-0.0224803	0.199476	0.0251065
-0.0532521	0.243333	-0.628147	0.144721	-0.411288	0.369806	0.0792209	0.0510197	0.283951	-0.079364
-0.309015	0.63822	-0.465938	0.166563	-0.58468	0.105259	-0.205554	0.20782	0.41187	0.0354561
-0.497564	0.628569	-0.332156	0.177793	0.0535236	-0.0933162	-0.455529	0.365172	0.0104945	0.143014
-0.433014	0.170342	-0.163971	0.0789328	0.325981	-0.147459	-0.307676	0.437746	-0.155221	0.194339
-0.120395	-0.0757791	-0.218633	0.200779	0.127324	-0.192681	-0.279525	0.381983	-0.120553	0.29748
-0.0219123	-0.0817885	-0.0923006	0.150264	-0.0597907	-0.200697	-0.22425	0.381848	-0.0777125	0.22634
0.119228	-0.179817	0.0735236	0.146258	-0.0752099	-0.337994	-0.198716	0.225777	0.00268148	0.224267
0.170201	-0.193148	-0.049373	0.196422	-0.151723	-0.466576	-0.128188	0.24461	0.00293462	0.374841
0.175918	-0.164423	-0.00950184	-0.0660217	-0.125027	-0.414624	-0.015293	0.234336	0.13187	0.252766
0.226776	-0.126746	-0.0604914	-0.0992213	-0.162609	-0.376064	0.0259288	0.120029	0.282755	0.169643
0.330443	-0.100642	-0.122852	-0.123411	-0.228784	-0.0848263	0.134303	-0.0869395	0.311267	-0.0285575
0.225226	-0.0745914	-0.0715328	-0.081655	-0.186325	0.202355	-0.0213688	-0.078381	0.203358	-0.117086
-0.0669857	-0.0367508	0.01034	-0.00616694	-0.0850153	0.338048	-0.122612	-0.0305811	0.0591944	-0.0594703
-0.0292776	-0.0110608	0.00514397	-0.00178529	-0.0121549	0.096101	-0.0634813	-0.00752165	0.0439662	-0.0199296
-0.000322259	0.0017019	-0.000118435	-2.5832e-05	-0.000551617	0.00344133	-0.00495873	-0.000107391	0.00302132	-0.00208029
-1.08323e-06	-2.96418e-08	-2.81271e-06	-1.31143e-05	-1.45645e-06	-4.51503e-06	-1.68064e-08	0.000768281	-1.19852e-05	-0.000733267
-6.16513e-05	-7.61025e-05	-1.7505e-05	-0.00186133	-0.0160411	-0.00481782	-0.000174699	0.0390315	-0.000600126	-0.0153811
-0.00474644	-0.00084195	-0.00135701	-0.00571722	-0.0496445	-0.00796534	-0.00105836	0.147084	-0.00435307	-0.0714002
-0.0236998	-0.000332077	-0.0558293	0.00678916	-0.0816239	-0.024689	-0.0247666	0.254124	0.0136742	-0.0636468
-0.102363	-0.000389788	-0.133702	-0.0383481	-0.151649	0.000221873	-0.0481208	0.296907	0.0174272	0.160017
-0.0455852	-0.031802	-0.333357	-0.171646	-0.049217	0.0415456	-0.00228656	0.160069	0.145294	0.286985
0.0769708	-0.0591494	-0.55345	-0.287589	0.121193	0.182069	0.0913937	0.0291105	0.146413	0.253039
0.0537543	-0.0862036	-0.652474	-0.338041	0.255279	0.137191	0.142352	0.172712	0.183783	0.131648
0.0101847	-0.11812	-0.52008	-0.340771	0.3179	0.0896851	0.119438	0.185931	0.0828561	0.172976
0.00245796	-0.142844	-0.517499	-0.154287	0.262907	0.0110888	0.118777	0.0370074	0.139461	0.242931
0.0373483	-0.260525	-0.574737	0.00850403	0.427346	0.175134	0.038992	-0.0140007	-0.0404596	0.202399
0.0278851	-0.344987	-0.520219	-0.0453788	0.538045	0.242555	0.183886	-0.112302	-0.0426979	0.0732128
0.0843879	-0.0698583	-0.516845	0.0340565	0.534525	0.283031	0.173406	-0.440936	0.114648	-0.196414
-0.0958358	0.208974	-0.438284	0.155954	-0.117001	0.298923	0.117571	-0.551303	0.403272	0.01773
-0.50399	0.751579	-0.430026	0.344181	-0.339736	0.0313543	-0.199277	-0.180074	0.284906	0.24108
-0.673168	0.478786	-0.382976	0.164341	0.175092	-0.0729176	-0.259134	0.247204	0.0714478	0.251326
-0.583913	0.115006	-0.282076	0.0730193	0.360859	-0.289241	-0.0806934	0.417175	0.00476312	0.265101
-0.225204	0.0395556	-0.260009	0.0256726	0.101007	-0.283565	-0.080627	0.348909	0.0014684	0.332792
-0.0347566	-0.057999	-0.160627	0.0697276	-0.0124471	-0.240095	-0.127154	0.291412	-0.0298096	0.301749
0.0609495	-0.161538	0.0731674	-0.0243355	0.0248851	-0.289106	-0.173367	0.0353091	0.0713715	0.382664
0.0523474	-0.126457	-0.0237027	-0.10549	0.0163978	-0.437249	-0.07782	0.0797909	0.197716	0.424467
0.116106	-0.0832839	-0.0141642	-0.318994	0.0668746	-0.602221	0.0867893	0.0568373	0.334945	0.35711
0.271223	-0.0625224	-0.114539	-0.242882	-0.00808378	-0.65219	0.240886	0.0268972	0.311588	0.229623
0.37064	-0.0391973	-0.214747	-0.136625	-0.131814	-0.539495	0.368188	-0.0526855	0.316821	0.0589159
0.301366	-0.0300932	0.00400777	-0.0545487	-0.0744961	-0.360868	0.167748	-0.0556077	0.223288	-0.120795
-0.00753672	-0.0151795	0.0842907	0.000588436	-0.0253125	0.0177084	-0.0602633	0.00348218	0.0564948	-0.0542724
-0.0151504	-0.00841765	0.0547379	-0.000354218	-0.0101201	0.0430574	-0.0643793	0.00724331	0.00998456	-0.0166015
-8.79605e-05	0.00162938	0.00475172	-3.24008e-05	-0.00280718	-0.000906441	-0.00276723	0.00377549	-0.0028976	-0.000657779
-6.35798e-09	2.24783e-05	-2.73114e-06	-6.47333e-06	-1.30689e-07	-1.10343e-06	-9.97305e-07	-3.26571e-06	-2.57186e-06	-5.19841e-06
0.000333767	-1.41898e-05	-1.46551e-05	-0.00115493	-0.0115304	-0.00108313	-0.000186599	0.0218531	-0.000169107	-0.00803392
-0.00215661	-0.000309872	-0.000518774	-0.00372097	-0.0288671	-0.00259137	-0.00050251	0.0893057	-0.00131365	-0.0493249
-0.0167338	0.00236762	-0.0628035	-0.00161704	-0.0598811	-0.0035675	-0.0212042	0.174837	0.00897475	-0.0203725
-0.0624282	0.00336012	-0.211712	-0.080623	-0.0609653	0.0319349	-0.0604317	0.180226	-0.023045	0.283684
0.00322797	-0.0270145	-0.460014	-0.175534	0.113451	0.0896384	0.0378488	0.0774788	0.0115885	0.329329
0.16558	-0.0520952	-0.640504	-0.263236	0.312425	0.0558187	0.196765	0.0483698	-0.0145035	0.19138
0.210696	-0.0821978	-0.579732	-0.297501	0.329437	0.136386	0.0844995	0.0826077	-0.0424083	0.158212
0.10916	-0.0689297	-0.394762	-0.206686	0.340613	0.0813165	0.109026	-0.00834544	-0.106446	0.145054
0.11222	-0.170026	-0.30003	-0.0990236	0.29972	0.0991802	0.127519	-0.0904106	-0.0447643	0.0656138
0.143487	-0.433141	-0.178484	-0.152415	0.43272	0.205387	0.177449	-0.121152	-0.124576	0.0507267
0.112218	-0.490924	-0.0672475	-0.166725	0.584102	0.272115	0.154534	-0.421784	0.0800712	-0.0563605
0.0791153	-0.138187	-0.0980678	0.0885477	0.354858	0.344354	0.139515	-0.804624	0.211236	-0.176748
-0.30973	0.281491	0.0258599	0.291883	-0.138595	0.221044	0.0111909	-0.806934	0.324884	0.0989062
-0.582172	0.629623	-0.0376947	0.254273	-0.124929	-0.0138608	-0.129266	-0.273987	0.0370193	0.240994
-0.693165	0.383854	-0.23369	-0.0187431	0.208817	-0.233395	0.0325046	0.0790846	0.228947	0.245785
-0.582114	0.132207	-0.245697	0.0563564	0.248764	-0.362036	0.0408351	0.202412	0.104145	0.405126
-0.274993	0.0675144	-0.139804	0.0481307	0.204557	-0.180247	-0.119234	0.123845	-0.0786062	0.348838
-0.0854977	-0.201363	-0.16055	0.0679162	0.158497	-0.0985793	-0.136321	0.143493	0.0397677	0.272636
-0.0631334	-0.206252	-0.107297	-0.12169	0.132531	-0.0596647	-0.00630724	0.0222275	0.0348757	0.374711
-0.128567	-0.142899	-0.0705086	-0.334639	0.216331	-0.11572	-0.036075	0.103575	0.142155	0.366348
0.0596627	-0.0956272	-0.055425	-0.290988	0.178323	-0.296515	0.155212	0.049657	0.010245	0.285455
0.247505	-0.0754531	-0.122244	-0.276791	0.101222	-0.359125	0.338442	0.02868	0.0496271	0.068138
0.362636	-0.0617196	-0.132538	-0.139481	-0.0376264	-0.427201	0.473532	0.0169254	0.0761022	-0.130629
0.274631	-0.0453044	0.109214	-0.0482076	-0.0936716	-0.322355	0.238253	0.0147357	0.0443134	-0.171607
0.0223583	-0.0238197	0.189002	-0.00501389	-0.0106494	-0.0589145	-0.0720647	0.021075	0.00993212	-0.0719052
-0.0050212	-0.0104964	0.114665	-0.000634024	-0.00935289	-0.00189838	-0.0678375	0.00306856	-0.00382262	-0.0186701
-0.000673173	-0.000251212	0.0297177	-0.00106825	-0.00849418	-0.00740956	-0.00856061	-0.00148505	-0.00100826	-0.000767434
-3.18185e-05	-6.22502e-07	-8.64023e-06	-0.000815548	-3.21473e-05	0.00298837	-5.87993e-05	-2.62988e-05	-0.000118394	-0.00189611
-4.33914e-05	-5.49291e-06	-0.00372491	0.0037954	-0.00601277	-0.000518537	-1.20783e-05	0.0109539	-0.000388034	-0.00404407
-0.000543921	0.000245369	-0.00264363	0.00118951	-0.0132477	-0.00106646	-5.07366e-05	0.0462712	-0.000682324	-0.0294713
-0.0311384	0.00427376	-0.0460977	0.00201811	-0.00969059	0.00286128	-0.0120915	0.0817784	-0.00758666	0.0156733
-0.0563443	0.00667504	-0.160902	-0.0274349	0.135693	0.00735436	-0.106745	0.0689662	-0.056308	0.189046
0.128655	-0.0345982	-0.37507	-0.152514	0.282097	-0.017135	0.0217328	0.0539016	-0.0788293	0.17176
0.182188	-0.0654357	-0.314742	-0.267723	0.327812	-0.0310251	0.155311	-0.0188677	-0.159103	0.191586
0.277242	-0.0962312	-0.143789	-0.284492	0.381531	-0.00372251	0.0807898	-0.0513631	-0.296303	0.136337
0.202174	-0.0902506	-0.0976749	-0.19772	0.335635	0.0910854	0.141763	-0.164149	-0.309657	0.0887944
0.225046	-0.227458	-0.0464225	-0.114732	0.254733	0.175191	0.207536	-0.235566	-0.253958	0.0156316
0.169173	-0.486258	0.0328483	-0.178568	0.320425	0.226763	0.255243	-0.279918	-0.0414048	-0.0183045
0.154036	-0.473173	0.101816	-0.166222	0.35663	0.079913	0.349852	-0.54915	0.189324	-0.0430281
0.00965368	-0.0438539	0.0754239	0.120886	0.207725	0.117298	0.165295	-0.791015	0.219682	-0.0810927
-0.363423	0.325242	0.23845	0.128695	-0.139528	0.086467	-0.0437513	-0.612898	0.354497	0.0262502
-0.620752	0.53132	0.110602	0.103025	-0.0697019	-0.0706702	-0.0446979	-0.206398	0.230879	0.036395
-0.653798	0.358812	-0.095586	0.0318294	0.142617	-0.176818	0.0893037	-0.0369007	0.17433	0.166212
-0.582628	0.116375	-0.0505224	0.00596374	0.351485	-0.292416	0.0790104	0.0123611	0.00830488	0.352066
-0.211659	-0.222197	-0.168737	0.0616609	0.423972	-0.269853	-0.18344	0.205184	0.0600556	0.305013
-0.0821955	-0.37491	-0.0492265	0.00445113	0.257959	-0.14161	-0.126411	0.397563	-0.0336303	0.14801
-0.0995306	-0.291505	-0.0860678	-0.118012	0.289437	-0.151833	-0.00425984	0.398118	-0.058852	0.122504
-0.00739984	-0.185159	-0.0371745	-0.202763	0.205152	-0.0412935	0.0107927	0.236536	-0.177088	0.198397
0.128334	-0.121161	-0.102853	-0.066556	0.0898007	-0.0872311	0.139043	0.150907	-0.222773	0.0924896
0.181515	-0.0823676	-0.109848	-0.146824	0.0572732	-0.0829768	0.311358	0.221458	-0.23823	-0.111359
0.322324	-0.0556084	-0.0175776	-0.108004	-0.0398178	-0.161724	0.348433	0.151803	-0.188508	-0.251321
0.269651	-0.0273401	0.141837	-0.0302268	-0.0931646	-0.166357	0.167393	0.0316601	-0.105133	-0.188318
0.0112258	-0.0168318	0.231829	-0.0138092	-0.0408262	-0.0753142	-0.0467639	0.00244423	-0.00293473	-0.0490185
-0.0024298	-0.00302472	0.120054	-0.00499058	-0.0208689	-0.00949332	-0.0652881	-0.00141942	-0.00569733	-0.00684179
-6.63753e-05	-1.21339e-05	0.0033927	-0.000786377	-0.000926488	-0.000347537	-0.00102125	-1.83242e-05	-0.000196588	-1.76234e-05
-1.24196e-05	-2.91965e-07	-2.87424e-06	-0.00026869	-1.83969e-05	0.000956441	-1.97913e-05	3.92511e-05	-4.197e-05	-0.000631258
-4.90813e-05	-7.05816e-06	-0.00819442	0.00947533	-2.55579e-05	-0.000349719	-6.5004e-06	-5.67472e-05	-0.000759294	-2.69519e-05
-0.000944059	0.00162556	-0.00480671	0.0117399	0.00267937	-0.00222499	-0.000174288	0.0122827	-0.0012353	-0.0189422
-0.0399731	0.00158622	0.0153776	0.0150348	0.0179516	-0.0127222	-0.0348019	0.0375414	-0.0107586	0.0107642
-0.00163872	-0.00708937	0.0177971	0.0380719	0.122287	-0.0337161	-0.163825	0.0184172	-0.0637853	0.073482
0.200253	-0.0584497	0.0149482	-0.0425416	0.189478	-0.141769	-0.0162466	-0.061966	-0.167451	0.0837454
0.1262	-0.108732	0.0622651	-0.119413	0.24682	-0.12281	0.145715	-0.0436343	-0.23645	0.0500381
0.229236	-0.120721	0.0324309	-0.228788	0.338865	-0.134228	0.193394	-0.108267	-0.259235	0.057313
0.240248	-0.131613	-0.016149	-0.253928	0.333582	-0.00285296	0.191361	-0.258388	-0.207428	0.105167
0.279905	-0.272493	0.0183245	-0.222298	0.29379	0.109721	0.195182	-0.302905	-0.0641822	-0.035045
0.292157	-0.386615	0.020445	-0.153477	0.225631	0.0927233	0.327628	-0.342999	-0.0549136	-0.0205799
0.0801001	-0.207639	-0.0375893	-0.0532366	0.251403	0.0956548	0.401051	-0.517229	-0.0135991	0.00108596
-0.177128	0.0549174	0.0423121	0.0735531	0.136483	0.151245	0.178638	-0.59209	0.185168	-0.053098
-0.545109	0.374135	0.190168	0.141137	-0.0947365	-0.0078811	0.0516839	-0.34897	0.375313	-0.135741
-0.688372	0.564592	0.0942064	0.1522	0.0259935	-0.241836	0.142855	-0.199061	0.307097	-0.157675
-0.636875	0.17775	0.0315443	0.0800936	0.260306	-0.246073	0.0913502	0.00624939	0.113268	0.122389
-0.446827	0.00171811	0.0236722	-0.0395302	0.460988	-0.204213	-0.0471967	-0.0308177	-0.00639475	0.288601
-0.194517	-0.429075	-0.0412876	-0.0113374	0.408026	-0.202913	-0.115533	0.402796	-0.0971407	0.280983
-0.0494247	-0.401282	-0.123256	-0.0326026	0.193435	0.0202383	-0.0578319	0.47818	-0.105812	0.078356
-0.0346386	-0.314196	-0.0699724	0.0597445	0.176532	-0.0708721	0.0476953	0.348345	-0.198018	0.0553797
0.109417	-0.217829	-0.158148	0.133725	0.0164457	-0.115137	0.114122	0.365767	-0.306855	0.0584929
0.108761	-0.138345	-0.0997525	0.0979939	-0.0064434	-0.0206588	0.141724	0.323495	-0.30614	-0.100634
0.192913	-0.101815	-0.157834	0.114774	0.0319411	-0.0337515	0.118753	0.298972	-0.23189	-0.232062
0.287504	-0.0650569	-0.0133178	0.0524846	-0.0687006	-0.00651191	0.184771	0.105135	-0.221525	-0.254782
0.191541	-0.0373334	0.281648	0.0143065	-0.183011	-0.0432061	0.11625	-0.000160742	-0.165911	-0.174122
-0.00347495	-0.0157637	0.32333	-0.0230723	-0.0875927	-0.0500047	-0.037087	-0.0278243	-0.0259139	-0.0525961
-0.00426431	-0.00556416	0.140217	-0.0065937	0.000167717	-0.0161939	-0.0719068	-0.00300041	-0.0135926	-0.0192693
-0.000770062	-0.000548573	0.0170278	-0.000284527	-0.00114899	-0.0057912	-0.00547004	-0.000247418	-0.00146519	-0.00130177
-1.1435e-05	-5.03639e-07	-2.57897e-07	-9.43903e-06	-4.49761e-05	-0.000126021	-3.07702e-06	0.000273499	-1.83082e-05	-5.9481e-05
-4.2471e-05	-2.61468e-06	-0.00420722	0.00639347	-1.61032e-05	-0.000227241	-2.56001e-05	-0.000673447	-0.000417221	-0.000781554
-0.00271659	0.0012639	-0.0036457	0.0344273	-0.00508084	-0.00694361	-0.00115649	-0.000559184	-0.00277229	-0.0128165
-0.0396251	-0.00296345	0.0938033	0.077813	-0.0355959	-0.00890655	-0.0581803	-0.00805091	-0.00959538	-0.00869878
0.023509	-0.016582	0.18489	0.139031	-0.0413582	-0.0395549	-0.191301	-0.00031282	-0.0910696	0.0327479
0.241977	-0.0838158	0.178868	0.0488928	0.0342595	-0.105394	-0.0282951	-0.0893728	-0.200412	0.00329155
0.211015	-0.177368	0.210805	-0.100036	0.157004	-0.124588	0.165432	-0.0472875	-0.201659	-0.0933174
0.168686	-0.209282	0.0905133	-0.195108	0.292958	-0.302056	0.282544	-0.0179854	-0.084679	-0.025591
0.24206	-0.219912	-0.0246951	-0.295101	0.345701	-0.304894	0.226032	-0.180042	0.0746311	0.136219
0.260857	-0.199567	0.0828005	-0.196784	0.230338	-0.271992	0.268581	-0.223082	0.11542	-0.0665718
0.255677	-0.137816	0.115664	-0.214487	-0.00699874	-0.129758	0.384709	-0.386518	0.090494	0.0290335
0.0550127	-0.0901426	0.162854	-0.0888054	-0.0428824	-0.0922593	0.475923	-0.493294	0.0667338	0.0468599
-0.296462	-0.0562468	0.262528	0.026001	0.0298622	-0.0185302	0.0911666	-0.289506	0.326427	-0.0752386
-0.611168	0.381205	0.256197	0.149357	0.0496997	-0.0982966	0.0542565	-0.156099	0.207546	-0.232696
-0.631788	0.554313	0.0985937	0.00169673	0.281361	-0.250451	0.165647	-0.172642	0.0685144	-0.115245
-0.483624	0.0293094	0.0217734	-0.132593	0.492947	-0.185538	0.0786183	0.0659342	0.0588184	0.0543544
-0.295623	-0.188233	0.195403	-0.210856	0.462203	-0.177541	-0.0857313	0.0518232	0.0520912	0.196465
-0.0602877	-0.523137	0.170851	-0.0179314	0.288101	-0.0995984	-0.14189	0.250661	-0.0595795	0.192812
0.00220979	-0.397322	0.00876717	0.197497	0.172421	-0.0537079	0.0718453	0.181344	-0.282806	0.0997518
0.0238504	-0.27735	-0.0367543	0.205517	0.0991541	0.00654479	0.15666	0.232409	-0.336794	-0.0732363
0.120241	-0.193923	-0.0505596	0.117534	0.154477	0.0198613	0.0450257	0.203078	-0.328245	-0.08749
0.131008	-0.1312	0.138709	0.125242	0.0901353	-0.0121202	0.010218	0.202791	-0.315953	-0.238831
0.166877	-0.106799	0.114354	0.219494	-0.0601058	0.0651973	-0.00014068	0.066904	-0.241822	-0.22396
0.185011	-0.0807068	0.177848	0.178407	-0.138932	0.0643561	0.0582256	-0.0278495	-0.125513	-0.290847
0.0573496	-0.0443717	0.37584	0.0719432	-0.145015	-0.000307176	0.0480837	-0.0397841	-0.143474	-0.180264
-0.0344139	-0.0316592	0.460076	-0.0391125	-0.0798636	-0.0492536	-0.0708314	-0.0332222	-0.0687688	-0.0529511
-0.0159275	-0.0137011	0.207148	-0.00780951	-0.0369971	-0.0261108	-0.0684088	-0.00253856	-0.0217227	-0.0139314
-0.000816817	-0.000225069	0.0272373	-0.00040662	-0.00142292	-0.0108394	-0.0120483	-0.000264963	-0.000989894	-0.000223287
0.0	0.0	0.0	0.0	0.0	0.0	0.0	0.0	0.0	0.0
-5.16905e-05	0.000238189	-0.00164158	0.0023417	-1.20728e-05	-0.000239637	-2.06788e-05	-6.33165e-05	-0.000425633	-0.000125276
-0.00485151	-0.000234117	0.0075064	0.0418128	-0.00699311	-0.0108149	-0.00234323	-0.00135802	-0.0030662	-0.0196581
-0.0483464	-0.00638632	0.125698	0.168786	-0.085134	-0.00139954	-0.0669924	-0.0165451	-0.0224749	-0.0472052
0.0234644	-0.0295918	0.298446	0.196081	-0.0667962	0.0120325	-0.222922	-0.0204723	-0.10706	-0.0831813
0.210492	-0.150635	0.290868	0.0632111	-0.0543617	0.129147	-0.0918426	-0.0848842	-0.199046	-0.112948
0.238368	-0.271681	0.190776	-0.055384	0.0304805	0.223347	0.0641648	-0.153475	-0.159185	-0.107411
0.176083	-0.283847	0.141113	-0.0953259	0.183431	-0.19751	0.218922	-0.174484	0.0406242	-0.00900774
0.138178	-0.22466	0.123829	-0.232454	0.234831	-0.316252	0.228211	-0.188088	0.179584	0.0568195
0.210655	-0.119899	0.179308	-0.423086	0.13996	-0.284691	0.218828	-0.224803	0.269989	0.0337404
0.280656	0.0411529	0.269013	-0.508004	-0.0173116	-0.296494	0.420198	-0.381661	0.0938344	0.0986169
0.0238313	-0.0710981	0.28965	-0.404702	-0.0764204	-0.285197	0.435618	-0.260028	0.289461	0.0588845
-0.261368	0.085203	0.303725	-0.270251	0.0492268	-0.353207	0.174679	-0.0840103	0.347833	0.00816984
-0.559468	0.397856	0.23208	-0.192879	0.266148	-0.366044	0.0958478	0.0247467	0.181189	-0.0794779
-0.573819	0.39716	0.0805153	-0.240801	0.513941	-0.270404	0.107499	0.0698112	-0.0118803	-0.0720219
-0.353077	-0.0172943	0.124332	-0.213228	0.447051	-0.13254	0.028186	0.040435	-0.0835349	0.15967
-0.107598	-0.311107	0.108299	-0.0217467	0.360628	-0.0493246	-0.0650946	-0.0404556	0.0650472	0.0613523
0.0598036	-0.447893	0.0255857	0.113138	0.18741	0.0536197	0.0456941	0.0267596	-0.117978	0.0538606
0.000767263	-0.3031	0.0574229	0.115603	0.136418	0.113042	0.163444	0.058986	-0.296115	-0.0464661
0.018193	-0.203218	0.0203971	0.233871	-0.0300287	0.0849711	0.155254	0.00467556	-0.157326	-0.126789
0.0623587	-0.144619	0.0303717	0.0573073	0.0378795	0.100665	0.0354981	0.0383688	-0.0993704	-0.11846
0.0361258	-0.0997065	0.142089	0.155424	0.0338615	0.0476406	0.0200382	-0.00641371	-0.131646	-0.197413
0.140081	-0.0683741	0.183054	0.269324	-0.127595	-0.00801822	0.0461303	-0.0320894	-0.137868	-0.264644
0.0941047	-0.0626498	0.198782	0.216789	-0.133555	0.0721972	0.0156473	-0.0715028	-0.0380228	-0.29179
0.0136027	-0.0413999	0.456804	-0.0315052	-0.133017	0.0555378	-0.0336787	-0.0285086	-0.0712254	-0.18661
-0.0224238	-0.0407565	0.486083	-0.0716665	-0.0947279	-0.0569934	-0.0672813	0.00141175	-0.0945082	-0.0391375
-0.00762381	-0.00880561	0.11844	-0.00664412	-0.0199047	-0.0122559	-0.0454084	0.0068289	-0.016935	-0.0076913
0.00734177	-0.000284308	0.00836296	-0.000252851	-0.00780291	-0.00138722	-0.00447142	-0.000647593	-0.000269856	-0.000588569
-1.28513e-05	-6.91773e-06	-6.71473e-06	-0.000202742	-0.00198391	-0.000117272	-3.32022e-06	0.00202636	-6.31557e-05	0.00037052
-1.14063e-05	3.89967e-05	-9.70472e-05	0.000268956	-2.26115e-06	-0.000102308	-4.53061e-06	-3.52807e-06	-6.48338e-05	-2.20369e-05
-0.00518576	-0.000599442	-0.013118	0.0493669	-0.00626023	-0.00829991	-0.00193329	0.0030492	-0.00356601	-0.0134535
-0.0739967	-0.00800745	0.0882364	0.271056	-0.0699979	-0.00514367	-0.0636395	-0.00233461	-0.0552632	-0.0809092
-0.00913495	-0.0513428	0.330392	0.232825	-0.0713375	0.113673	-0.210449	-0.0535668	-0.15571	-0.125349
0.130157	-0.191706	0.375409	0.18648	-0.0878189	0.214071	-0.200794	-0.125987	-0.125524	-0.174288
0.173085	-0.346458	0.219257	0.0581888	-0.10468	0.399818	-0.00992831	-0.255438	-0.0247052	-0.109138
0.124501	-0.29911	0.300505	-0.090016	-0.00797542	0.120478	0.178967	-0.265171	0.0485979	-0.110777
0.168888	-0.122945	0.154129	-0.168575	0.0578147	-0.0499608	0.17844	-0.267205	0.14974	-0.100326
0.232219	-0.00389309	0.126226	-0.350464	-0.00160705	-0.131587	0.196536	-0.289048	0.238305	-0.0166856
0.317374	-0.0753913	0.215802	-0.429778	-0.197268	-0.187556	0.281789	-0.321658	0.26897	0.127716
0.0763419	-0.0762395	0.207065	-0.421001	-0.125619	-0.152751	0.325143	-0.19072	0.274824	0.0829562
-0.260655	0.0727378	0.264127	-0.424975	0.0610699	-0.138886	0.423108	-0.0811262	0.208639	-0.124039
-0.462806	0.210808	0.265674	-0.330692	0.208542	-0.106003	0.206589	0.0565133	0.0407005	-0.0893253
-0.423706	0.192642	0.139515	-0.238263	0.298345	-0.0142954	0.0340202	0.0439853	-0.122642	0.0904004
-0.198132	-0.141037	0.0359521	0.0535605	0.235254	-0.0332561	0.0691208	-0.0427263	-0.0513256	0.0725895
-0.0327717	-0.27368	0.140225	0.225898	0.180091	-0.00221425	0.16956	-0.152716	-0.145548	-0.108842
0.0163298	-0.208192	0.186849	0.155103	-0.104004	0.0693941	0.219874	-0.103457	-0.118886	-0.113012
-0.0268791	-0.124992	0.109337	0.178628	-0.0845127	0.0107275	0.223202	-0.0966741	-0.0678264	-0.12101
-0.0378316	-0.0946175	0.0410039	0.219405	-0.129193	0.0965271	0.0769577	-0.059655	-0.0507124	-0.0618837
-0.0580515	-0.0439178	-0.0019494	0.126337	-0.0506889	0.141628	0.0259423	-0.0904279	-0.000900201	-0.0479723
0.0273277	-0.0511123	0.113918	0.296279	-0.0586662	0.0390897	0.0647039	-0.165567	-0.0902019	-0.175771
0.132377	-0.0715462	0.15448	0.311397	-0.21028	0.0479426	0.035768	-0.161201	-0.000620049	-0.238316
0.0696888	-0.0635517	0.365588	0.121528	-0.151759	0.111517	-0.0173565	-0.177538	-0.00465604	-0.25346
-0.00783214	-0.0205209	0.518851	-0.101121	-0.119984	0.103701	-0.0612333	-0.107606	-0.0561344	-0.148121
-0.0183613	0.00020247	0.349051	-0.0500948	-0.0843604	-0.035077	-0.0345258	-0.0138078	-0.0783335	-0.0346927
-0.0038852	0.000429487	0.0442725	-0.00590116	-0.00566444	-0.00782024	-0.0177415	0.00610288	-0.00807118	-0.00172119
-0.00220099	-5.70407e-06	0.0120193	-9.7368e-05	-2.26472e-05	-0.00295291	-0.00642399	-1.02825e-05	-0.000157124	-0.00014826
-1.64445e-09	1.8313e-05	-1.18986e-05	-1.13176e-06	-6.7452e-09	-5.52034e-08	-1.58699e-07	-2.28408e-07	-4.69046e-06	-1.41409e-07
0.00252309	8.40158e-05	-0.00102588	2.29415e-05	-0.0025274	-0.000289421	-0.000218829	0.00639769	-0.000441188	-0.00452501
-0.00386611	-0.000930795	-0.0128282	0.0492219	-0.00463988	-0.00920887	-0.00193518	0.00214815	-0.00597635	-0.0119847
-0.0626518	-0.00907767	0.0277354	0.2983	-0.0237171	-0.00981817	-0.0608043	-0.0189939	-0.078746	-0.062226
-0.036077	-0.0651561	0.235524	0.290903	-0.0833946	0.14332	-0.159288	-0.0546485	-0.151576	-0.119607
0.0979458	-0.22229	0.200319	0.281268	-0.0721018	0.248652	-0.211482	-0.155423	-0.0256976	-0.141191
0.179314	-0.227559	0.194748	0.127515	-0.154002	0.325236	-0.0779576	-0.260288	0.0536675	-0.160672
0.146678	-0.119855	0.308252	0.0276671	-0.190863	0.160122	0.0881616	-0.329453	0.0622285	-0.152939
0.142509	-0.0541516	0.240107	-0.0297644	-0.26168	0.226141	0.117525	-0.288269	0.105421	-0.197837
0.203105	0.0204398	0.22019	-0.0936932	-0.34356	0.100448	0.216904	-0.285732	0.214914	-0.253015
0.33061	-0.0817605	0.260781	-0.147281	-0.380032	0.0163686	0.319369	-0.294078	0.19065	-0.214628
0.29136	-0.0525759	0.23459	-0.243248	-0.277261	0.0472549	0.506472	-0.203707	-0.05676	-0.246124
0.0957442	-0.0130066	0.214727	-0.301717	-0.300605	0.0877068	0.483244	-0.0690782	0.0194896	-0.216504
-0.144282	0.155597	0.292318	-0.232441	-0.108993	0.091224	0.222263	-0.022984	-0.105017	-0.147685
-0.185299	0.0114269	0.152425	-0.0988055	0.08476	0.0437988	0.177547	0.0918437	-0.134976	-0.14272
-0.100605	-0.0500883	0.135713	0.0308756	0.0209379	0.0450262	0.209553	-0.0880273	-0.0400982	-0.163286
-0.0539565	0.0246252	0.16413	0.138778	-0.0419598	-0.00336436	0.234526	-0.251548	-0.0560923	-0.155139
0.00568816	-0.024939	0.18532	0.227091	-0.139514	-0.0205144	0.200085	-0.254509	0.00756568	-0.186273
-0.0445163	0.0199163	0.108067	0.223919	-0.143768	0.0413097	0.138882	-0.277955	0.0776347	-0.143489
-0.069967	0.0415006	0.0135496	0.193118	-0.171058	0.0634715	0.125791	-0.183165	0.0273942	-0.0406335
-0.00648322	-0.00031277	0.0746058	0.135568	-0.140703	0.130981	0.0842407	-0.279851	0.0395406	-0.0375866
0.0516572	-0.025461	0.165839	0.288814	-0.105241	0.0742825	0.0849916	-0.353622	-0.0126149	-0.168645
0.102715	-0.0621861	0.263378	0.152059	-0.231402	0.0978657	0.028347	-0.27696	0.112422	-0.186239
0.0170172	-0.0437465	0.327462	0.0561797	-0.160582	0.147279	-0.054318	-0.194287	0.0590981	-0.154102
-0.00948942	0.00586388	0.319951	-0.0763548	-0.0939948	0.0951045	-0.0667694	-0.0576769	-0.0365004	-0.0801328
-0.0213413	0.018461	0.246746	-0.0339754	-0.0413923	-0.00937778	-0.0621798	-0.0131299	-0.0633156	-0.020495
-0.00415965	0.000993867	0.0663654	-0.00542216	-0.00154188	-0.0146813	-0.0265309	-0.00165803	-0.0085363	-0.00482914
-0.000653686	1.65797e-05	0.00576407	-5.77425e-05	-1.299e-07	-0.000978183	-0.00404148	-2.64299e-07	-4.90056e-05	-1.53193e-07
0.0	0.0	0.0	0.0	0.0	0.0	0.0	0.0	0.0	0.0
0.00635374	-3.39108e-05	-0.00239017	7.48179e-06	-5.56344e-05	-0.000319752	-0.000547055	-7.2112e-05	-0.000956989	-0.0019856
-0.00299773	-0.00428245	0.00331089	0.0372159	-0.00202186	-0.00570086	-0.00184175	-0.0051703	-0.00848614	-0.0100257
-0.0535268	-0.0172983	0.0571952	0.266016	-0.0320947	0.000682823	-0.0429988	-0.0411041	-0.084465	-0.0524065
-0.0208568	-0.0432462	0.217581	0.323406	-0.0832295	0.0689859	-0.134962	-0.106604	-0.143933	-0.0771422
0.106145	-0.126659	0.211796	0.216655	-0.134494	0.249809	-0.219797	-0.185469	-0.055546	-0.0624403
0.168852	-0.0331987	0.203116	0.221515	-0.224963	0.232445	-0.171575	-0.297377	0.0736395	-0.172453
0.147862	-0.00563404	0.354305	0.143741	-0.341076	0.0556098	0.0303036	-0.327852	0.226949	-0.284209
0.125315	0.0802984	0.241456	0.144553	-0.424261	0.241781	0.0560498	-0.266515	0.0641489	-0.262825
0.199889	0.0610402	0.219309	0.164327	-0.405567	0.199835	0.207676	-0.280841	-0.00304965	-0.362618
0.336463	0.0540635	0.215613	-0.0321484	-0.366719	0.0746342	0.313699	-0.249032	0.0964321	-0.443007
0.399865	0.0614464	0.294164	-0.172058	-0.233808	0.165912	0.324786	-0.221802	-0.150437	-0.468068
0.298706	0.00246614	0.202968	-0.308401	-0.208735	0.0954839	0.428231	-0.074692	-0.0203337	-0.415693
0.0980345	-0.0268039	0.113586	-0.143544	-0.248918	0.0344208	0.373871	-0.0129993	-0.0164061	-0.171241
0.00178063	0.00237331	0.0593343	-0.0133165	-0.0945629	-0.0474031	0.447699	0.0183557	-0.151384	-0.222876
-0.00279537	-0.0145551	0.0813086	-0.0343438	-0.0525833	0.0044681	0.303827	-0.131817	0.0300267	-0.183535
-0.0595206	0.14401	0.105066	0.0721885	-0.020378	0.076909	0.197971	-0.255925	-0.127435	-0.132885
-0.0368481	0.208319	0.064643	0.131139	-0.0521885	0.0975245	0.126607	-0.318887	-0.0471579	-0.17315
-0.127964	0.196671	0.158589	0.189188	-0.102539	0.12043	0.188396	-0.419459	-0.0175609	-0.185751
-0.0927052	0.134194	0.193105	0.179016	-0.147895	0.0830357	0.0937796	-0.343645	-0.011478	-0.0874067
-0.0324279	0.0565142	0.157848	0.222556	-0.101877	0.0386458	0.0997436	-0.421663	0.076328	-0.0956677
0.0351193	-0.0231593	0.234731	0.152711	-0.0633005	0.117804	-0.00622618	-0.390337	0.0955999	-0.152943
0.0322155	-0.0610891	0.260997	0.0149583	-0.134048	0.24488	-0.0861973	-0.292167	0.151069	-0.130618
-0.0351547	-0.046729	0.282966	-0.00522007	-0.120712	0.138611	-0.0556522	-0.147121	0.0673241	-0.0783126
-0.0233566	-0.0182335	0.268951	-0.0579923	-0.0587696	0.0496404	-0.0522102	-0.036749	-0.0637236	-0.00755577
-0.0156117	0.000133194	0.118323	-0.019678	-0.0364433	0.0237289	-0.024995	-0.0125402	-0.0441755	0.0112587
-0.000969853	0.00247169	0.0209409	-0.00259704	-0.00039797	-0.00217877	-0.00509526	-0.00105547	-0.00764412	-0.00347413
-2.09077e-05	5.92389e-05	-4.98824e-05	-4.04622e-05	-1.92778e-05	0.000328486	-4.22546e-06	-3.11243e-05	-0.000190764	-3.10817e-05
-2.19194e-08	6.03907e-05	-2.96444e-05	-8.7601e-06	-4.30284e-07	-3.6481e-07	-6.46788e-07	-3.25127e-06	-1.6351e-05	-9.1999e-07
-4.86702e-05	5.46521e-06	5.88705e-06	0.000465465	-2.47285e-06	-0.000128669	-3.05228e-05	-7.32923e-05	-6.81095e-05	-0.00012508
-0.007328	-0.00710309	0.0175772	0.0354318	-0.000583108	-0.00737308	-0.000972189	-0.0142443	-0.00781519	-0.00759002
-0.0393999	-0.0115202	0.0765024	0.172797	-0.0305496	0.0133728	-0.0249373	-0.0520967	-0.0635055	-0.0406627
-0.0458657	0.0223605	0.131154	0.240195	-0.0622861	0.0792717	-0.100738	-0.106436	-0.101747	-0.0559064
0.0536024	0.150357	0.137657	0.146353	-0.0938392	0.0733736	-0.178869	-0.163407	-0.0751656	-0.0500623
0.115308	0.15115	0.156694	0.160699	-0.219396	0.137389	-0.254651	-0.22934	0.117655	-0.135508
0.137152	0.103974	0.169649	0.106563	-0.298251	0.15465	-0.10886	-0.24977	0.209211	-0.224319
0.0702768	0.136068	0.134375	0.08113	-0.246307	0.168684	0.0415809	-0.189612	0.0257526	-0.22195
0.113226	0.0535868	0.210441	-0.0606033	-0.240245	0.160239	0.141321	-0.230859	0.0690553	-0.216161
0.256803	0.075242	0.120959	-0.0666468	-0.216014	0.0557573	0.246591	-0.207391	-0.0109708	-0.254331
0.338959	-0.102881	0.0908192	-0.140701	-0.0918099	0.143195	0.33307	-0.17601	-0.0587359	-0.335905
0.24508	-0.161792	0.0485943	-0.123101	-0.115107	0.113293	0.465665	-0.113186	-0.0771591	-0.282287
0.0929658	-0.142101	0.0780543	-0.0787229	-0.148244	0.0519333	0.510692	-0.126497	0.0227437	-0.260825
0.0159024	0.017155	0.0419902	-0.0774851	-0.0769727	0.0623181	0.482163	-0.151072	-0.0584274	-0.25557
-0.0149094	0.0622234	-0.0335748	-0.0156516	0.00886109	0.038869	0.307676	-0.130302	-0.0310892	-0.192102
-0.0363246	0.104985	0.0650533	0.0502841	-0.07209	0.0340724	0.236705	-0.136288	-0.105838	-0.140559
-0.132283	0.187173	0.162057	0.0362827	-0.0248918	0.0746675	0.262734	-0.270862	-0.0509561	-0.243921
-0.129819	0.237405	0.213555	0.152015	-0.0711462	0.00725568	0.190006	-0.32814	-0.0375804	-0.233552
-0.125647	0.142375	0.253861	0.231603	-0.00690486	0.0188152	0.0770821	-0.350044	-0.0409084	-0.200232
-0.0592922	0.123025	0.102278	0.0954085	0.0124813	0.15314	-0.00301608	-0.369101	0.0605044	-0.115427
-0.0207646	0.0516901	0.161996	-0.0243296	0.00804038	0.236412	-0.0664857	-0.345037	0.0559594	-0.0574815
-0.0158422	-0.0813508	0.254465	-0.0634354	-0.0588523	0.219694	-0.0460574	-0.250404	0.110124	-0.0683408
-0.0139081	-0.0596851	0.291548	-0.0887511	-0.049942	0.102303	-0.038032	-0.126706	0.00502535	-0.0218526
-0.0169173	-0.00535539	0.189397	-0.0654716	-0.0446888	0.0484492	-0.0240087	-0.0275744	-0.0826398	0.0288103
-0.00634476	-0.00124149	0.0651103	-0.0141559	-0.0326168	0.0370277	-0.0131289	-0.00965223	-0.0288324	0.00383443
0.00518396	-0.000935915	0.00750779	-0.0022322	-0.000605475	0.000698372	-0.00110519	-0.00074932	-0.00295463	-0.0048074
3.85384e-06	-4.4688e-11	-5.87424e-07	-2.6992e-07	-3.54991e-09	-1.38807e-06	-2.26848e-07	-7.5718e-09	-1.35783e-06	-1.26017e-08
-2.12344e-08	5.85035e-05	-2.8718e-05	-8.48635e-06	-4.16838e-07	-3.5341e-07	-6.26576e-07	-3.14966e-06	-1.584e-05	-8.91241e-07
-7.84869e-07	1.75155e-05	-1.02233e-05	1.44253e-05	-1.72403e-07	-4.80817e-06	-2.05523e-07	-4.53564e-06	-6.61888e-06	-4.59204e-06
-0.00175731	-0.00674342	0.0121203	0.0313674	-0.000357112	-0.00542838	-0.000220918	-0.0154665	-0.00573779	-0.00777622
-0.0287696	-0.00801166	0.0542147	0.105307	-0.025121	0.00840297	-0.00868344	-0.0441254	-0.0330101	-0.0202034
-0.0891238	0.0544284	0.100294	0.156014	-0.0414748	0.0779	-0.0474623	-0.0704949	-0.0986513	-0.0414293
-0.0212138	0.300856	0.104469	0.119072	-0.0717155	-0.0134605	-0.111079	-0.0431689	-0.156436	-0.107323
0.0493733	0.26739	0.151283	0.1237	-0.132827	-0.0773489	-0.21025	-0.0529073	0.017047	-0.135461
0.113354	0.144997	0.171791	0.0604519	-0.187838	-0.0232182	-0.227476	0.00423907	0.14745	-0.203752
0.144223	0.0933193	0.23705	-0.0568123	-0.183259	0.0774471	-0.187602	-0.0374762	0.0366413	-0.123532
0.160826	0.0755561	0.22009	-0.0143893	-0.184222	0.0821472	-0.0844049	-0.122022	-0.0400578	-0.0935236
0.169227	-0.0649635	0.108738	0.00409047	-0.104128	-0.00437493	0.00296273	-0.0946295	0.0404884	-0.0574111
0.225866	-0.255218	0.103382	0.029443	-0.0806845	0.06716	0.0276815	-0.181289	0.117072	-0.0534133
0.180764	-0.356009	0.0537152	-0.0542894	-0.106887	0.166974	0.167197	-0.148255	0.148903	-0.0521116
0.267852	-0.26242	-0.0366589	-0.0764131	-0.0892267	0.241021	0.168246	-0.229914	0.168013	-0.1505
0.131738	-0.0688161	-0.0797663	-0.0780169	-0.0854441	0.127952	0.0623461	-0.121403	0.169513	-0.0581022
0.090463	0.0518861	-0.126185	-0.00457208	-0.0457647	0.0459337	0.101058	-0.0455747	0.0894365	-0.156681
0.0319573	0.106272	-0.0341866	0.0162216	-0.0656816	0.128246	0.0884645	-0.0762272	-0.0252098	-0.169856
0.000350506	0.237012	0.0129136	0.0507502	0.0122091	0.0611106	0.0229896	-0.186455	0.014983	-0.225864
-0.0716547	0.239253	0.124973	0.0815989	0.0329175	0.0820138	-0.0478323	-0.23148	0.0170147	-0.226805
-0.104239	0.107526	0.205064	0.160424	0.170215	0.0996397	-0.0603811	-0.256449	-0.0467368	-0.275062
-0.125312	0.0613855	0.206532	0.0800343	0.114037	0.101486	-0.0415526	-0.321799	0.00561931	-0.0804317
-0.0820844	-0.0234784	0.199575	-0.0595589	0.136717	0.0758912	-0.0376642	-0.298755	0.0805208	0.00883695
-0.0188836	-0.0767138	0.239871	-0.0351708	0.00742461	0.0747172	-0.071873	-0.181377	0.0189047	0.0431008
0.00744566	-0.0366939	0.169208	-0.0511329	-0.0475043	0.071907	-0.0508584	-0.107176	-0.0131647	0.0579697
-0.00806891	-0.0101383	0.111553	-0.0420414	-0.0353531	0.0464816	-0.0217167	-0.0282385	-0.043438	0.0309604
-0.00348991	-0.00139544	0.0363797	-0.0120063	-0.0195735	0.0246745	-0.00616031	-0.0129069	-0.0114227	0.00590099
0.000558236	0.0015953	-0.00552287	-0.000152503	0.000571121	0.00561904	-8.60142e-05	-0.000166014	-0.00131567	-0.00110064
7.11477e-06	-8.25009e-11	-1.08447e-06	-4.98313e-07	-6.55369e-09	-2.56259e-06	-4.18797e-07	-1.39787e-08	-2.50677e-06	-2.32648e-08
0.0	0.0	0.0	0.0	0.0	0.0	0.0	0.0	0.0	0.0
0.0	0.0	0.0	0.0	0.0	0.0	0.0	0.0	0.0	0.0
-0.000252086	-9.64728e-05	-0.000116389	0.0201864	-0.000106942	-0.000704653	-2.67656e-05	-0.012195	-0.0016075	-0.00508061
-0.0107529	-0.0177075	-0.00830949	0.0959576	-0.00613229	0.0083091	-0.00174393	-0.0314315	-0.0216727	-0.00651627
-0.0583549	0.0194318	-0.013594	0.178158	-0.0178038	0.0478419	-0.00998014	0.00801	-0.10698	-0.046729
-0.0589994	0.204937	-0.0308195	0.211017	-0.0419654	0.0379842	-0.0319586	0.0699805	-0.282568	-0.077607
-0.0166365	0.234086	-0.0424458	0.22636	-0.0584049	-0.058134	-0.078335	0.170463	-0.263582	-0.113372
0.0678062	0.111492	-0.0148606	0.181142	-0.0755278	-0.0841861	-0.159369	0.212972	-0.107925	-0.131545
0.105452	0.0146254	0.0476589	0.0111277	-0.075439	0.0597983	-0.21714	-0.0293937	0.113556	-0.0302451
0.1667	-0.0153515	0.0525221	0.0843284	-0.0564068	0.104797	-0.261232	-0.0370354	0.0596464	-0.0979691
0.24152	-0.0888475	-0.0143216	0.0538023	-0.0389737	0.173031	-0.312906	-0.0339525	0.00462007	0.0160283
0.286665	-0.14131	0.0620874	0.0909774	-0.0231825	0.0987868	-0.282079	-0.141536	0.101368	-0.0517772
0.27503	-0.0758385	0.00196167	-0.0762803	-0.0944352	0.127146	-0.1806	-0.158927	0.208669	-0.0267258
0.263817	-0.132386	-0.107822	-0.00132917	-0.078143	0.0405792	-0.137031	-0.142808	0.394434	-0.0993116
0.220181	-0.154501	-0.129327	-0.07924	-0.0136628	0.093301	-0.109896	-0.0339154	0.303964	-0.0969028
0.13375	0.014094	-0.145207	-0.0410881	-0.0122925	0.0854615	-0.108427	0.0216469	0.243835	-0.191774
0.00391966	0.0763891	-0.0820466	-0.115192	0.0544602	0.14705	-0.142144	-0.0497971	0.271605	-0.164244
-0.0367413	0.169571	-0.059566	0.0582533	0.0630741	0.0266189	-0.134772	-0.0685064	0.141866	-0.159798
-0.188864	0.058969	0.116275	0.156658	0.172782	-0.0685346	-0.0909681	-0.141162	0.129977	-0.145134
-0.205	0.0161252	0.22609	0.0228742	0.173272	-0.0059778	-0.0614553	-0.230305	0.116619	-0.0522415
-0.18664	-0.0330711	0.191052	-0.023228	0.178089	0.0336266	-0.0503968	-0.280055	0.113619	0.0570053
-0.101888	-0.0651528	0.187705	-0.0484066	0.137399	-0.0225843	-0.0542337	-0.255982	0.05415	0.168993
-0.0408498	-0.054963	0.146939	-0.0617307	-0.000638563	-0.00230892	-0.0362541	-0.147853	0.0165454	0.181114
-0.0130309	-0.0369814	0.0835248	-0.0321538	-0.0323576	0.0390852	-0.0225518	-0.105801	0.0175185	0.102748
-0.0127651	-0.00941001	0.0687218	-0.0164611	-0.0243054	0.0314136	-0.0128313	-0.0358151	-0.024471	0.0359236
-0.00226267	-0.000139727	0.0300114	-0.00785485	-0.00177613	0.00865318	-0.00291831	-0.0143295	-0.00775083	-0.00163252
-9.16229e-06	0.00663218	-0.004268	0.00117025	0.000587236	0.00319721	-7.56878e-05	-0.000103476	-0.00568249	-0.00144807
0.0	0.0	0.0	0.0	0.0	0.0	0.0	0.0	0.0	0.0
0.0	0.0	0.0	0.0	0.0	0.0	0.0	0.0	0.0	0.0
0.0	0.0	0.0	0.0	0.0	0.0	0.0	0.0	0.0	0.0
-0.000857585	-7.98729e-06	-0.0013522	0.00926883	-7.89274e-06	-0.000252469	-3.60578e-06	-0.00538187	-7.70289e-05	-0.00132819
-0.00153416	-0.0123662	-0.0281654	0.0584339	-0.000240508	0.00726266	-0.000150066	0.00375275	-0.0210071	-0.00598592
-0.0083148	-0.0188043	-0.0565667	0.125533	-0.00917337	-0.00661502	-0.00182245	0.0718452	-0.0975228	0.00144114
-0.0301031	0.0330148	-0.110289	0.173544	-0.0147618	-0.0141929	-0.0099581	0.190562	-0.223732	0.00591688
-0.0401674	0.0404979	-0.189992	0.299154	-0.0332392	-0.0403426	-0.0214321	0.25942	-0.282701	0.00880402
-0.073488	-0.0404598	-0.222652	0.337671	-0.0497817	-0.00448033	-0.0446519	0.243556	-0.216368	0.0706538
-0.0741245	-0.129614	-0.191715	0.251438	-0.0535327	0.0348474	-0.0876732	0.180248	0.000330348	0.0697962
-0.0668182	-0.180162	-0.173532	0.252042	-0.0316771	0.187041	-0.134431	0.103728	0.050816	-0.00700636
-0.0377595	-0.221623	-0.218588	0.301663	-0.0310901	0.141323	-0.175985	0.137069	0.0648222	0.0401681
-0.00861409	-0.232518	-0.162808	0.279858	0.00396717	0.126491	-0.22277	0.0902283	0.18651	-0.0603451
0.0899386	-0.22934	-0.0697541	0.216631	-0.122511	0.164654	-0.215042	0.0719638	0.160773	-0.0673134
0.0976959	-0.274637	-0.0608622	0.239175	-0.147406	0.249326	-0.230643	0.152425	0.156922	-0.181995
0.0307286	-0.276913	0.0197025	0.190626	-0.0824958	0.250725	-0.211349	0.113372	0.170003	-0.204399
-0.0634093	-0.226003	-0.0367438	0.104138	-0.0501842	0.188744	-0.184304	0.104245	0.245422	-0.0819035
-0.114197	-0.229614	-0.0376829	0.135889	-0.0212115	0.0821642	-0.131629	0.0584609	0.284045	-0.0262241
-0.146151	-0.0762691	0.0178488	0.0745087	-0.0641861	0.0692587	-0.0905707	0.0573983	0.0865032	0.0716592
-0.179598	-0.0149855	0.0444883	-0.0855284	0.0136261	0.0576237	-0.071276	-0.0420145	0.17735	0.100315
-0.155507	-0.00471727	-0.0349919	-0.0913735	0.0700592	0.00455772	-0.0604373	-0.0930877	0.217373	0.148125
-0.137298	-0.014301	-0.0304078	-0.0491242	0.0651954	-0.00732552	-0.0375445	-0.148777	0.0687702	0.290814
-0.0976666	-0.0114529	0.0230053	-0.0235406	0.0473039	-0.0166689	-0.0342183	-0.150314	-0.00773992	0.271293
-0.0421844	-0.0200871	0.00564694	-0.0236108	0.00961975	0.0411031	-0.0194036	-0.11126	-0.0245158	0.184692
-0.0139544	-0.00895603	0.0263759	-0.0109391	-0.0108201	0.0380732	-0.00798739	-0.098975	-0.0172267	0.10441
-0.00236569	-0.00322772	0.0711403	-0.0105958	-0.0169065	0.025655	-0.00223329	-0.0438119	-0.017563	-9.13348e-05
-0.000157609	0.00137803	0.0389658	-0.00262196	0.00249409	-0.00479658	-0.000251689	-0.0184647	-0.0063719	-0.0101735
-3.25432e-07	0.000323137	0.00501078	-7.77966e-06	-3.53388e-05	-6.0332e-05	-1.66737e-05	-1.52498e-06	-0.000832647	-0.0043793
0.0	0.0	0.0	0.0	0.0	0.0	0.0	0.0	0.0	0.0
0.0	0.0	0.0	0.0	0.0	0.0	0.0	0.0	0.0	0.0
0.0	0.0	0.0	0.0	0.0	0.0	0.0	0.0	0.0	0.0
-1.01388e-05	-1.78642e-07	-2.65955e-05	0.000834203	-2.02034e-05	-4.27906e-06	-2.14463e-07	-0.00140692	-5.75128e-05	0.000691839
-0.000107598	-0.000760933	-0.0078292	-0.00371634	-6.38963e-05	0.00804035	-4.00312e-05	0.00996483	-0.00232781	-0.00315936
-0.00214303	-0.0150043	-0.0252043	0.00957196	-0.00122892	0.00792733	-0.000684965	0.0646505	-0.048264	0.0103797
-0.00843633	-0.0304952	-0.0454084	0.0516196	-0.0181982	-0.0163481	-0.00161859	0.0870056	-0.0967239	0.0786037
-0.0344358	-0.0470252	-0.0631035	0.11959	-0.051568	-0.0234151	-0.00485768	0.102999	-0.106818	0.108634
-0.0642086	-0.0744438	-0.105307	0.198545	-0.103901	-0.0147773	-0.00905271	0.143829	-0.130548	0.159865
-0.101419	-0.0864618	-0.174196	0.312768	-0.173131	-0.00637205	-0.0252581	0.255643	-0.184144	0.182573
-0.150568	-0.131536	-0.185406	0.366012	-0.168419	0.0591844	-0.0368015	0.274224	-0.176453	0.149763
-0.200429	-0.215337	-0.172273	0.396564	-0.166404	0.0814243	-0.0392698	0.216488	-0.0824758	0.181713
-0.209198	-0.195167	-0.173092	0.386092	-0.238903	0.139011	-0.0408649	0.284608	-0.0595506	0.107064
-0.247564	-0.153529	-0.145768	0.394544	-0.319951	0.163725	-0.0446631	0.264674	-0.105495	0.194027
-0.235127	-0.196046	-0.114358	0.327782	-0.253788	0.194141	-0.0639919	0.270928	-0.0889516	0.159412
-0.216453	-0.205484	-0.0653157	0.211511	-0.233548	0.112746	-0.0570432	0.266017	0.0254409	0.16213
-0.202223	-0.208188	-0.0341945	0.0971617	-0.235406	0.148484	-0.0549985	0.262801	0.123702	0.102859
-0.154122	-0.170409	-0.0412641	0.0806162	-0.289527	0.114691	-0.0490361	0.197742	0.114624	0.196683
-0.153213	-0.0920574	-0.0510639	0.0270145	-0.307259	0.0905361	-0.0367445	0.179	0.0960334	0.247754
-0.119681	-0.0345899	-0.0900037	-0.0129582	-0.234057	0.0362794	-0.0300507	0.152226	0.0631234	0.269712
-0.0744307	-0.0235205	-0.111766	0.0137482	-0.206945	0.027812	-0.0202855	0.0250234	0.0316722	0.338692
-0.0718805	-0.0110563	-0.0769612	-0.0133098	-0.115195	0.0119649	-0.0115554	-0.0760147	0.00196614	0.362043
-0.0579686	-0.00390674	-0.0564783	-0.0325553	-0.0700442	0.0417078	-0.00733529	-0.0613403	-0.0192092	0.267131
-0.0228416	-0.00266896	-0.0456464	-0.0143055	-0.0304206	0.061972	-0.00440504	-0.0284458	-0.0169807	0.103743
-0.00544719	-0.000681061	-0.0234152	-0.0029045	-0.0218645	0.0489626	-0.00171583	-0.0241132	-0.00631562	0.0374944
-0.00135381	-1.01552e-05	-0.00443804	-0.000146578	-0.0136019	0.0279567	-0.000458058	-0.00199875	-0.0021584	-0.00379101
-3.68427e-07	-2.25952e-06	0.00444719	-0.000159045	-0.000565336	-4.47904e-06	-1.0342e-05	-0.000492834	-0.000897339	-0.00231519
-2.79554e-07	-2.69354e-06	0.00532101	-1.89413e-06	-3.7357e-05	-2.00063e-06	-1.09096e-05	-1.29482e-06	-0.000618367	-0.00464622
0.0	0.0	0.0	0.0	0.0	0.0	0.0	0.0	0.0	0.0
0.0	0.0	0.0	0.0	0.0	0.0	0.0	0.0	0.0	0.0
0.0	0.0	0.0	0.0	0.0	0.0	0.0	0.0	0.0	0.0
0.0	0.0	0.0	0.0	0.0	0.0	0.0	0.0	0.0	0.0
0.0	0.0	0.0	0.0	0.0	0.0	0.0	0.0	0.0	0.0
-0.000154631	-0.000464062	-0.000556707	0.000194673	0.000608137	-0.00176838	-3.57722e-05	-0.00705354	-0.0063414	0.0155717
-0.0021402	-0.00210333	-0.0019539	0.00656767	-0.00113884	-0.00447837	-0.000258739	-0.0184202	-0.0173673	0.0412933
-0.00888226	-0.0038094	-0.00568947	0.0109733	-0.0234259	-0.0100533	-0.00107784	-0.0147492	-0.0261437	0.0828579
-0.020085	-0.00559884	-0.0116921	0.0180128	-0.0527215	-0.0284609	-0.0019182	0.0250391	-0.0186237	0.0960483
-0.0316286	-0.00956914	-0.0159442	0.0106335	-0.100906	-0.0386714	-0.00415758	0.0819328	-0.0210347	0.129346
-0.049338	-0.0161909	-0.01608	0.00661305	-0.153572	-0.0310878	-0.00592645	0.109458	-0.0424308	0.198555
-0.0455892	-0.0306505	-0.0156689	0.00698962	-0.164794	-0.0132215	-0.00652867	0.104687	-0.0664674	0.231244
-0.0383861	-0.0284571	-0.0231975	0.0041377	-0.203273	0.030382	-0.00747206	0.108253	-0.0516548	0.209667
-0.0311761	-0.0356074	-0.0172834	-0.0106105	-0.241238	0.0339181	-0.00883837	0.0593174	-0.0628726	0.314391
-0.05091	-0.0613046	-0.0248928	-0.0113494	-0.254205	0.00315432	-0.0102158	0.158524	-0.0753596	0.326559
-0.0674693	-0.0569599	-0.0203927	-0.0287053	-0.295664	-0.0188432	-0.00891967	0.225586	-0.07939	0.350758
-0.0549434	-0.0387015	-0.0228902	-0.0231827	-0.263598	0.0164139	-0.00829031	0.26293	-0.0793484	0.21161
-0.040306	-0.0223403	-0.0286467	0.00626415	-0.237338	-0.00141717	-0.00758462	0.197812	-0.0569753	0.190532
-0.0420875	-0.0112971	-0.0335928	0.000880974	-0.206514	-0.0161637	-0.00716944	0.196271	-0.0355915	0.155264
-0.0267492	-0.0114813	-0.0248222	-0.00386761	-0.19216	-0.0281523	-0.00622633	0.165984	-0.0242647	0.15174
-0.00770542	-0.00563723	-0.0136261	-0.00704856	-0.151894	-0.00897711	-0.00404257	0.066233	-0.0233038	0.156002
-0.0161335	-0.00256331	-0.0107303	-0.0132772	-0.0750799	0.0078228	-0.00271948	-0.0129119	-0.0136459	0.139239
-0.0198827	-0.00155638	-0.00988339	-0.00768429	-0.0353082	0.0105664	-0.00177134	-0.0035186	-0.00692979	0.0759683
-0.00994444	-0.000288194	-0.0030155	-0.000111695	-0.0156457	0.00588676	-0.000352134	0.0132827	-0.00146845	0.0116566
-0.000751182	-7.35584e-06	-3.95887e-05	-0.000105059	-0.000555403	6.71278e-05	-5.82509e-05	-0.00236059	-0.000146532	0.00395683
-2.23657e-06	-1.56569e-09	-3.25583e-07	-1.41298e-06	-0.00032666	-8.41503e-06	-8.77705e-07	-2.77532e-05	-6.68237e-06	0.000374365
-1.37047e-07	-1.40513e-08	-6.75935e-07	-1.23884e-07	-4.57444e-08	-6.43606e-08	-8.53307e-10	5.32605e-06	-4.60672e-07	-3.80336e-06
0.0	0.0	0.0	0.0	0.0	0.0	0.0	0.0	0.0	0.0
0.0	0.0	0.0	0.0	0.0	0.0	0.0	0.0	0.0	0.0
0.0	0.0	0.0	0.0	0.0	0.0	0.0	0.0	0.0	0.0
0.0	0.0	0.0	0.0	0.0	0.0	0.0	0.0	0.0	0.0
0.0	0.0	0.0	0.0	0.0	0.0	0.0	0.0	0.0	0.0
0.0	0.0	0.0	0.0	0.0	0.0	0.0	0.0	0.0	0.0
-2.68719e-06	-3.36194e-06	-1.99108e-06	-4.48121e-07	-1.20026e-06	-7.94057e-07	-7.38792e-08	7.08056e-05	-3.269e-05	-2.75591e-05
-4.8569e-05	-8.78164e-06	-6.19186e-06	-1.89162e-06	-5.15548e-06	-1.37546e-05	-8.2339e-07	0.00029199	-9.05646e-05	-0.000116258
-6.15203e-05	-7.80509e-06	-1.58368e-05	-1.08264e-05	-0.00246027	-2.42219e-05	-2.28974e-06	-3.2142e-05	-0.000101403	0.00271631
-0.000136932	-2.19563e-05	-4.44589e-05	-4.18687e-05	-0.0141962	-0.000285975	-3.73837e-05	-0.000740073	-0.000140869	0.0156457
-0.000415894	-4.60197e-05	-6.82958e-05	-0.000100073	-0.0151499	-0.00070955	-6.97363e-05	0.00509081	-0.000247943	0.0117166
-0.000842021	-3.07104e-05	-0.00012426	-0.000440794	-0.00738887	-0.000541322	-2.76466e-05	0.00550151	-0.000445895	0.00434001
-0.000725435	-0.00201985	-0.000682315	-0.00174391	-0.0132785	0.00196797	-5.3547e-05	0.0213108	-0.00523222	0.000457002
-0.00119961	-0.000513953	-0.000427336	-0.00113103	-0.0111021	0.00523066	-6.09753e-05	0.0095072	-0.0018889	0.00158607
-0.00306992	-0.00100855	-0.000445884	-0.00183576	-0.0185829	0.0036588	-0.000378294	0.0189857	-0.00393519	0.00661209
-0.00512317	-0.00109292	-0.000523015	-0.00274303	-0.014863	-0.00173743	-0.000387474	0.0535156	-0.00344136	-0.0236042
-0.00750749	-0.000917342	-0.000536289	-0.00409856	-0.0408521	-0.00724814	-0.00074633	0.0621346	-0.00443502	0.00420666
-0.00709134	-0.00041921	-0.000763305	-0.00353308	-0.0236949	-0.0057024	-0.00075831	0.0645099	-0.00435465	-0.0181928
-0.00440245	-0.000268173	-0.000636255	-0.00408433	-0.0169252	-0.00368673	-0.00053837	0.0576619	-0.00226559	-0.0248548
-0.00378027	-0.00135423	-0.000582289	-0.00347105	-0.0140125	-0.00403003	-0.000496013	0.0617673	-0.00210393	-0.031937
-0.00385717	-0.00379642	-0.000478649	-0.00245573	-0.0168548	-0.00375285	-0.000323985	0.0684495	-0.00229067	-0.0346392
-0.00190905	-0.000118252	-0.000359056	-0.00158929	-0.0126631	-0.00275016	-0.000195902	0.0427305	-0.00138354	-0.0217621
-0.00318794	-7.04448e-05	-0.00128421	-0.000749255	-0.00315238	-0.0028975	-0.000182397	0.00965882	-0.00121039	0.00307569
-0.00396399	-2.5275e-05	-0.000753442	-0.00028499	-0.00115065	-0.00120704	-7.17703e-05	0.00136433	-0.000605544	0.00669838
-0.0106701	-4.91873e-05	-0.00265363	-0.000200888	-0.00163857	-0.00125622	-0.000176746	0.011579	-0.000521093	0.00558739
-0.0024361	-2.79204e-06	-2.69267e-05	-2.21353e-05	-0.00031264	-0.000264027	-1.35436e-05	0.00383987	-9.62285e-05	-0.000665477
0.0	0.0	0.0	0.0	0.0	0.0	0.0	0.0	0.0	0.0
0.0	0.0	0.0	0.0	0.0	0.0	0.0	0.0	0.0	0.0
0.0	0.0	0.0	0.0	0.0	0.0	0.0	0.0	0.0	0.0
0.0	0.0	0.0	0.0	0.0	0.0	0.0	0.0	0.0	0.0
