0.0	0.0	0.0	0.0	0.0	0.0	0.0	0.0	0.0	0.0
0.0	0.0	0.0	0.0	0.0	0.0	0.0	0.0	0.0	0.0
0.0	0.0	0.0	0.0	0.0	0.0	0.0	0.0	0.0	0.0
0.0	0.0	0.0	0.0	0.0	0.0	0.0	0.0	0.0	0.0
0.0	0.0	0.0	0.0	0.0	0.0	0.0	0.0	0.0	0.0
0.0	0.0	0.0	0.0	0.0	0.0	0.0	0.0	0.0	0.0
0.0	0.0	0.0	0.0	0.0	0.0	0.0	0.0	0.0	0.0
0.0	0.0	0.0	0.0	0.0	0.0	0.0	0.0	0.0	0.0
0.0	0.0	0.0	0.0	0.0	0.0	0.0	0.0	0.0	0.0
0.0	0.0	0.0	0.0	0.0	0.0	0.0	0.0	0.0	0.0
0.0	0.0	0.0	0.0	0.0	0.0	0.0	0.0	0.0	0.0
0.0	0.0	0.0	0.0	0.0	0.0	0.0	0.0	0.0	0.0
-3.25243e-06	-5.78995e-06	-0.000356297	-2.8304e-05	-0.00182553	-4.23971e-05	0.00271557	-6.18803e-06	-9.22407e-05	-0.000355574
-1.74678e-05	-1.38441e-05	-0.000448352	-7.3141e-05	-0.00412744	-9.33181e-05	0.00582911	-1.80827e-05	-0.00021097	-0.000826495
-1.15132e-05	-1.29767e-06	0.000369247	-1.24244e-05	-0.000144841	-5.37493e-07	-0.000130264	-5.04442e-06	-1.00095e-05	-5.33157e-05
-4.79716e-07	-5.40695e-08	1.53853e-05	-5.17685e-07	-6.03506e-06	-2.23956e-08	-5.42768e-06	-2.10184e-07	-4.17062e-07	-2.22149e-06
0.0	0.0	0.0	0.0	0.0	0.0	0.0	0.0	0.0	0.0
0.0	0.0	0.0	0.0	0.0	0.0	0.0	0.0	0.0	0.0
0.0	0.0	0.0	0.0	0.0	0.0	0.0	0.0	0.0	0.0
0.0	0.0	0.0	0.0	0.0	0.0	0.0	0.0	0.0	0.0
0.0	0.0	0.0	0.0	0.0	0.0	0.0	0.0	0.0	0.0
0.0	0.0	0.0	0.0	0.0	0.0	0.0	0.0	0.0	0.0
0.0	0.0	0.0	0.0	0.0	0.0	0.0	0.0	0.0	0.0
0.0	0.0	0.0	0.0	0.0	0.0	0.0	0.0	0.0	0.0
0.0	0.0	0.0	0.0	0.0	0.0	0.0	0.0	0.0	0.0
0.0	0.0	0.0	0.0	0.0	0.0	0.0	0.0	0.0	0.0
0.0	0.0	0.0	0.0	0.0	0.0	0.0	0.0	0.0	0.0
0.0	0.0	0.0	0.0	0.0	0.0	0.0	0.0	0.0	0.0
0.0	0.0	0.0	0.0	0.0	0.0	0.0	0.0	0.0	0.0
0.0	0.0	0.0	0.0	0.0	0.0	0.0	0.0	0.0	0.0
0.0	0.0	0.0	0.0	0.0	0.0	0.0	0.0	0.0	0.0
0.0	0.0	0.0	0.0	0.0	0.0	0.0	0.0	0.0	0.0
-4.53568e-09	-2.52381e-08	-5.36025e-06	-7.97278e-09	-3.26841e-05	-7.37002e-08	3.95759e-05	-4.80328e-08	-4.62326e-07	-9.0974e-07
-1.05011e-07	-7.45689e-08	-1.76964e-05	-3.7185e-08	-0.000197198	-2.23883e-07	0.000220635	-5.3911e-07	-1.38162e-06	-3.37962e-06
-1.93736e-05	-1.07535e-07	-0.000267961	-5.70469e-06	-0.0129628	-1.12341e-05	0.0134575	-4.44834e-05	-4.85894e-06	-0.000140929
-3.88299e-05	-2.96438e-05	-0.000626392	-1.26759e-05	-0.0294619	-2.1354e-05	0.0307176	-0.000167426	-3.20162e-05	-0.000327362
-5.14854e-05	-0.0014021	-0.0024542	-8.78338e-05	-0.0255483	-6.2364e-05	0.0312691	-0.000701207	-0.000422287	-0.000539337
-9.69934e-05	-0.00121117	-0.00326794	-0.000121651	-0.0111853	-8.69163e-05	0.0173637	-0.000546405	-0.000470437	-0.000376893
-0.000968914	-0.00087487	-0.00328627	-0.000132666	-0.019525	-0.000351037	0.0271223	-0.000439648	-0.000566601	-0.000977288
0.0070285	-0.000645862	-0.0091278	-0.000223916	-0.0347822	-0.000484115	0.046101	-0.0028174	-0.000949867	-0.00409837
0.0158058	-0.000543001	-0.0102758	-0.000453481	-0.0602768	-0.00177534	0.0716846	-0.00666309	-0.000897847	-0.00660515
0.00668166	-0.000335557	-0.00699184	-0.000288971	-0.0346489	-0.00198431	0.0439987	-0.00192481	-0.00109021	-0.00341587
-0.000444738	0.00769909	0.00145	-0.00183575	-0.0173653	-0.00113203	0.0147785	-0.000224578	-0.00159172	-0.00133351
0.00431836	0.01178	0.00953704	-0.00238815	-0.0354308	-0.00126327	0.019517	-0.00054103	-0.00160993	-0.00391916
0.01251	-0.00329494	0.0274013	-0.000868993	-0.0315187	-0.00140794	0.00881281	-0.00116169	-0.00186751	-0.00860434
0.00521206	-0.00181588	0.00463164	-0.000318212	-0.0124099	-0.000979742	0.0130065	-0.00052637	-0.00147827	-0.00532181
-0.00107175	-0.000150799	-0.00682581	-8.91261e-05	-0.00686038	-0.0012198	0.0184211	-0.00010039	-0.000884051	-0.00121898
-0.000524018	-7.07089e-05	-0.00530704	-5.84497e-05	-0.0103886	-0.00106828	0.0192326	-0.0001333	-0.000769268	-0.000912886
-0.000233583	-9.2047e-05	-0.00266243	-5.12486e-05	-0.0084006	-0.000506984	0.01306	-6.73172e-05	-0.000418726	-0.000627026
-9.4903e-05	-0.000224401	-0.00199982	-5.04781e-05	-0.00950669	-0.00011003	0.0126563	-7.51882e-06	-0.00041262	-0.000249813
-1.11487e-05	-1.94593e-05	-0.000232168	-4.31256e-06	-0.0116776	-9.49056e-06	0.012164	-1.25707e-05	-7.04588e-05	-0.000126758
-2.23868e-06	-1.44766e-06	-9.11872e-05	-6.66387e-07	-0.00297084	-9.66648e-06	0.00319312	-1.72223e-05	-3.59018e-05	-6.39464e-05
0.0	0.0	0.0	0.0	0.0	0.0	0.0	0.0	0.0	0.0
0.0	0.0	0.0	0.0	0.0	0.0	0.0	0.0	0.0	0.0
0.0	0.0	0.0	0.0	0.0	0.0	0.0	0.0	0.0	0.0
0.0	0.0	0.0	0.0	0.0	0.0	0.0	0.0	0.0	0.0
0.0	0.0	0.0	0.0	0.0	0.0	0.0	0.0	0.0	0.0
0.0	0.0	0.0	0.0	0.0	0.0	0.0	0.0	0.0	0.0
-2.97295e-08	-5.13949e-10	-2.95655e-07	-1.36939e-09	-3.20573e-06	-5.82671e-07	4.95068e-06	-8.00815e-12	-5.33028e-07	-3.01926e-07
0.000462517	-4.38068e-10	-8.86791e-06	-5.17086e-07	-0.000446838	-4.6683e-05	0.000129228	-3.54886e-05	-3.79306e-06	-4.95564e-05
0.000195962	-1.26056e-06	-0.000371309	-8.2169e-07	-0.000300751	-7.74201e-06	0.000544892	-1.36018e-05	-1.96631e-05	-2.57057e-05
-0.000197472	-1.88426e-06	-7.08118e-05	-4.36416e-05	-0.000454302	-1.87317e-06	0.000791777	-2.36416e-06	-1.21297e-05	-7.29782e-06
-0.00590048	-1.41303e-05	-0.00107832	-0.000273185	-0.0138888	-3.44957e-05	0.0217623	-0.000295155	-0.000115123	-0.000162637
-0.00676693	-0.000835572	-0.00304031	-0.000958148	-0.0458109	-0.000622797	0.0601873	-0.000902844	-0.000580346	-0.000669419
-0.00643126	-0.0103005	0.00202086	-0.00348127	-0.0563364	-0.00178103	0.0810945	-0.00190848	-0.00162729	-0.0012491
-0.0117752	-0.019395	0.021999	-0.00711352	-0.0505692	-0.00647412	0.0846167	-0.00336645	-0.00558268	-0.00233939
-0.0118833	-0.0175926	0.0121679	-0.00196532	-0.10149	-0.017031	0.162436	-0.00717493	-0.0103321	-0.00713483
-0.0191067	-0.020243	0.0279796	0.0102288	-0.12056	-0.0313892	0.196147	-0.0142676	-0.0170205	-0.0117687
-0.0191366	0.00143046	0.0183671	0.0123272	-0.163122	-0.0350828	0.239649	-0.0134348	-0.0223872	-0.0186103
-0.0242848	0.0465662	0.000604715	0.000208158	-0.138713	-0.0404878	0.211886	-0.00762948	-0.0289612	-0.0191883
-0.0423707	0.0493271	0.0254219	0.00144773	-0.10635	-0.0440574	0.174227	-0.0102998	-0.0293155	-0.0180313
-0.0528166	0.0862495	0.0525239	-0.0121253	-0.120926	-0.0305053	0.142573	-0.0125847	-0.0317862	-0.020602
-0.0456153	0.0552797	0.0457617	-0.00820765	-0.121424	-0.00673916	0.14741	-0.00762232	-0.0336793	-0.0251632
-0.0403711	0.0108781	0.00389181	-0.00557519	-0.0665712	0.00943733	0.138644	-0.00550786	-0.025772	-0.0190536
-0.0299312	-0.00444243	-0.0138752	-0.0115204	-0.0462304	0.013755	0.118832	-0.00359193	-0.00963322	-0.0133618
-0.0239334	0.00331019	-0.0443143	-0.00932886	-0.0275563	0.00333425	0.127648	-0.00201644	-0.0180136	-0.00912988
-0.0153978	-0.00787404	-0.0220141	-0.00512264	-0.0174341	-0.0130194	0.0931677	-0.000903284	-0.00796572	-0.00343664
-0.00809516	-0.00580283	-0.0216438	-0.00469681	-0.0128317	-0.0116634	0.076079	-0.000526746	-0.00701212	-0.00380645
-0.00429747	-0.0025169	-0.0206359	-0.00324823	-0.0152169	-0.00570979	0.0587289	-0.000399865	-0.00474496	-0.00195891
-0.00202546	-0.00134704	-0.00529563	-0.00104575	-0.00934362	-0.00691777	0.0281418	-5.46786e-05	-0.0018499	-0.000261977
-0.000412275	-0.000442044	0.0118492	-0.000115048	-0.00115825	-0.00400286	-0.00472455	-2.264e-05	-0.000939801	-3.1745e-05
-7.21048e-06	-2.0141e-05	0.00891311	-8.20322e-07	-0.00026606	-0.000580467	-0.00771549	-2.66074e-08	-0.000321699	-1.18715e-06
0.0	0.0	0.0	0.0	0.0	0.0	0.0	0.0	0.0	0.0
0.0	0.0	0.0	0.0	0.0	0.0	0.0	0.0	0.0	0.0
0.0	0.0	0.0	0.0	0.0	0.0	0.0	0.0	0.0	0.0
0.0	0.0	0.0	0.0	0.0	0.0	0.0	0.0	0.0	0.0
-6.67268e-08	0.000190449	-3.92557e-05	-6.97524e-06	-7.08016e-06	-2.38823e-06	-0.000103682	-7.84734e-09	-3.02479e-05	-7.45124e-07
0.000608511	4.52223e-05	-8.04017e-05	-1.31591e-05	-0.00161098	-5.47116e-05	0.00158418	-0.000107321	-0.000177539	-0.000193797
-0.00440309	-4.4184e-05	-0.00110921	-0.000994544	-0.000944225	0.0040717	0.00410643	-0.000446687	-0.000132179	-0.000104006
-0.0176813	-0.00112839	0.00137471	0.0288819	-0.00293985	-0.0148244	0.0102742	-0.00135008	-0.00192524	-0.000681436
-0.0239875	-0.0015833	0.00554368	0.0218297	-0.0226861	-0.0102525	0.0380723	-0.00204125	-0.00396556	-0.000929445
-0.0281347	-0.00943892	0.0269796	0.0346434	-0.0480064	-0.0192757	0.0627774	-0.00658771	-0.0104228	-0.00253416
-0.0156343	-0.0295485	0.0664891	0.0412896	-0.0962504	-0.0251968	0.0963348	-0.0158949	-0.0154632	-0.00612514
-0.0320442	-0.0438052	0.17584	0.0199971	-0.135421	-0.0478753	0.12289	-0.0211136	-0.0254553	-0.0130129
-0.0299907	-0.0756132	0.194214	0.0569419	-0.161499	-0.0530748	0.173169	-0.0386078	-0.0392894	-0.0262492
-0.0174867	-0.123571	0.240274	0.15723	-0.205485	-0.0870877	0.203498	-0.0588006	-0.0689976	-0.0395728
-0.0331542	-0.075404	0.25683	0.218368	-0.292866	-0.081685	0.185561	-0.0486969	-0.0800831	-0.0488705
0.00155422	-0.0384461	0.275054	0.181063	-0.339537	-0.0895273	0.209658	-0.0486461	-0.0840676	-0.0671038
-0.0216017	-0.0391375	0.189518	0.278816	-0.286866	-0.0610756	0.202202	-0.0517503	-0.124813	-0.0852925
-0.0420369	0.0211149	0.154492	0.251964	-0.273587	0.00405646	0.176574	-0.0527671	-0.136213	-0.103597
-0.0394116	0.0324961	0.170998	0.190684	-0.221731	-0.00747803	0.139819	-0.0461355	-0.125459	-0.0937814
-0.0729214	-0.0399373	0.0597241	0.166072	-0.152718	0.0653346	0.153707	-0.0377166	-0.075355	-0.0661896
-0.126795	-0.0810959	-0.0819818	0.148614	-0.103797	0.146627	0.194884	-0.0311932	-0.0322909	-0.0329711
-0.130776	-0.070155	-0.115135	0.111863	-0.0339264	0.131715	0.215093	-0.0189621	-0.0615709	-0.0281449
-0.0862746	-0.0746626	-0.133235	0.0843439	0.00733888	0.133846	0.147477	-0.0143078	-0.042784	-0.0217419
-0.0747548	-0.0604509	-0.105826	-0.029999	0.00848541	0.0927216	0.193697	-0.0070212	-0.00521321	-0.0116383
-0.0497861	-0.0409259	-0.0908052	-0.0468583	0.00547856	0.0384106	0.184251	-0.00252412	0.00674693	-0.00398686
-0.0239982	-0.0253125	-0.0636673	-0.0249786	0.00672466	-0.0232051	0.144068	-0.0010232	0.0131204	-0.0017277
-0.0105652	-0.0189939	-0.013546	-0.00765891	-0.00485256	-0.0237128	0.0793965	-0.000416883	0.000787009	-0.000437251
-0.00380549	-0.00425234	0.00607095	-0.000256181	-0.000274393	0.0125088	-0.00989595	-4.3405e-06	-6.06937e-05	-3.03327e-05
-0.000875244	-0.00480888	-0.000293672	-2.01682e-05	-0.000101458	0.00264745	0.00462093	-1.64891e-07	-0.00116632	-2.4719e-06
0.0	0.0	0.0	0.0	0.0	0.0	0.0	0.0	0.0	0.0
0.0	0.0	0.0	0.0	0.0	0.0	0.0	0.0	0.0	0.0
-1.96723e-08	-1.79077e-08	-8.89531e-06	1.37679e-05	-1.29584e-07	-4.04373e-06	-2.41565e-08	-1.29514e-08	-6.14513e-07	-9.97332e-09
-2.00639e-05	0.0006497	-0.000342817	0.000448782	-2.59864e-06	-0.000361957	-0.000405248	-5.01504e-08	3.54209e-05	-1.16842e-06
-0.000215525	4.16029e-06	-0.00199124	0.00639377	-0.000431367	-0.00260872	-0.00078163	0.000178237	-0.000434922	-0.000112765
-0.00523632	0.00120303	-0.0135572	0.0243248	0.00513682	-0.0154777	0.00771697	-0.00108725	-0.0025824	-0.000440769
-0.031442	0.00887849	0.0151485	0.090844	0.00694141	-0.0646775	0.00251176	-0.0101423	-0.0138611	-0.00420125
-0.033243	0.00150812	0.0585194	0.126454	-0.0163602	-0.0889013	-0.00334289	-0.0121536	-0.0256561	-0.00682397
-0.0213326	-0.0285449	0.0716765	0.172249	-0.0403172	-0.102226	0.0258706	-0.0274025	-0.0352112	-0.0147608
-0.0115023	-0.0543074	0.129053	0.245922	-0.108568	-0.180703	0.0742989	-0.0476497	-0.016505	-0.0300372
0.0143498	-0.0721434	0.243647	0.258706	-0.168394	-0.175116	0.0522322	-0.0807517	-0.00802884	-0.0645005
0.008812	-0.0742717	0.271075	0.309616	-0.247412	-0.118626	0.0550086	-0.118659	0.00228416	-0.0878275
0.0167037	-0.111417	0.315134	0.377155	-0.266072	-0.070798	-0.0146884	-0.14744	0.0270178	-0.125595
-0.0345807	-0.0250491	0.295024	0.354615	-0.272228	-0.101778	-0.0272419	-0.161505	0.14957	-0.176824
-0.0276545	0.122995	0.18587	0.372128	-0.237736	-0.180752	-0.00696717	-0.177781	0.15022	-0.200323
-0.0652256	0.173375	0.175061	0.31906	-0.289194	-0.053918	-0.0402602	-0.203833	0.243529	-0.258595
-0.00936178	0.10171	0.101547	0.272306	-0.293052	0.137207	-0.0597797	-0.201358	0.24254	-0.291757
-0.0554709	0.0676415	0.085315	0.262744	-0.183378	0.120003	0.0385923	-0.192829	0.144883	-0.287501
-0.0247001	-0.00582226	0.0500943	0.160658	-0.121561	0.140454	0.140099	-0.162709	0.0340148	-0.210527
-0.0849763	-0.0410145	-0.0158681	0.204317	-0.0783623	0.196168	0.152171	-0.132304	-0.0413856	-0.158745
-0.10301	0.0920038	-0.104093	0.0957387	0.0351734	0.0715221	0.181204	-0.0952081	-0.0356997	-0.137631
-0.0889657	0.0869263	-0.124995	-0.0107641	0.100925	-0.0369384	0.210776	-0.0707495	0.0270145	-0.0932286
-0.0820312	0.0741613	-0.194005	-0.0971279	0.102812	0.117511	0.242621	-0.0399917	-0.042544	-0.0814055
-0.0665346	0.0444441	-0.206793	-0.0932092	0.124306	0.0800261	0.261598	-0.0290938	-0.0653352	-0.0494083
-0.0831901	0.0126222	-0.155417	-0.119622	0.123326	0.135192	0.18888	-0.0136865	-0.0675067	-0.0205981
-0.0747802	-0.0572484	-0.0712867	-0.0249107	0.0662196	0.126453	0.0433991	-0.00428345	0.00279345	-0.00635545
-0.0210654	-0.0313678	-0.00744261	-0.00306452	0.00164579	0.0468414	-0.00416649	-0.00104326	0.0214342	-0.00177121
-0.00212059	-0.00337519	-0.00169307	-7.32925e-05	-0.00402277	0.00588433	-0.00137115	-0.000250438	0.00759371	-0.000571532
-3.86296e-05	-0.0018632	-0.00134376	-1.72936e-05	-0.000776386	-0.00104881	0.00475414	-1.07012e-05	0.00038309	-3.84542e-05
0.0	0.0	0.0	0.0	0.0	0.0	0.0	0.0	0.0	0.0
0.0	0.0	0.0	0.0	0.0	0.0	0.0	0.0	0.0	0.0
-0.000105565	6.49347e-05	0.000115272	0.00134531	-3.24438e-05	-0.00123603	1.75091e-05	-6.8185e-06	-0.000159979	-2.18468e-06
-0.00158112	0.00207429	0.000256911	0.0329713	0.00073561	-0.0162473	-0.0110708	-0.000337878	-0.00562643	-0.0011746
-0.0143848	0.00307341	0.00526786	0.0854031	0.00508397	-0.0610692	0.00627502	-0.00649713	-0.0173483	-0.00580389
-0.0434173	0.021925	0.0242361	0.18825	0.0261266	-0.110851	-0.0582078	0.0220223	-0.0473511	-0.0227325
-0.0331696	-0.0116134	0.0752321	0.247167	0.0191648	-0.16141	-0.0468458	0.0234883	-0.0598353	-0.0521779
-0.041077	-0.0894967	0.147666	0.250121	-0.00226155	-0.122059	-0.033463	0.0135386	-0.0453016	-0.0776672
-0.0239709	-0.18633	0.206195	0.226725	-0.0305792	-0.108455	0.0430356	0.00940417	-0.0332249	-0.1028
-0.011665	-0.205155	0.201178	0.224971	-0.0429114	0.0112211	-0.00387706	-0.027317	-0.00382599	-0.142619
0.0606541	-0.131202	0.236774	0.202205	-0.140824	0.0710971	-0.00836565	-0.115844	-0.0900118	-0.0844822
0.0332851	-0.107613	0.25458	0.181728	-0.137034	0.0523052	-0.224402	-0.182347	0.109969	0.0195291
0.00639325	-0.03676	0.20305	0.135153	-0.147405	-0.0214004	-0.168727	-0.210443	0.219816	0.0203221
0.106814	0.0838441	0.166397	0.112978	-0.210397	-0.0604	-0.185253	-0.27321	0.199669	0.0595583
0.146158	0.138426	0.148035	0.0621991	-0.113068	-0.0804914	-0.0743266	-0.333109	0.193248	-0.0870702
0.152374	0.126574	0.211972	0.120631	-0.0912257	-0.0609882	-0.129766	-0.35028	0.15807	-0.137362
0.145055	-0.044744	0.282402	0.161883	-0.0289162	0.0531796	-0.102385	-0.325897	0.166405	-0.306984
0.217128	-0.096921	0.224053	-0.00730589	-0.0491514	0.117589	0.00146903	-0.322135	0.213086	-0.297813
0.180404	-0.00749962	0.132854	0.0083088	0.0465805	0.138858	0.125059	-0.314348	-0.047544	-0.262673
0.0341973	0.0602125	-0.0117479	0.0480575	0.105122	0.0504927	0.177172	-0.29917	0.0733623	-0.237699
-0.0283488	0.136735	-0.0534695	-0.0460879	0.0871236	0.144912	0.143579	-0.254839	0.0830699	-0.212675
0.0066504	0.217538	-0.0594364	-0.164246	0.139318	0.123348	0.118226	-0.173418	-0.00729374	-0.200688
-0.0197163	0.18936	-0.143605	-0.167712	0.230221	0.202905	0.119688	-0.115307	-0.10371	-0.192124
-0.123254	0.104993	-0.186498	-0.195682	0.277668	0.258867	0.153378	-0.0629012	-0.10594	-0.12063
-0.129008	0.0186287	-0.117842	-0.0675002	0.101634	0.221975	0.0683509	-0.023648	-0.0190911	-0.0534986
-0.0520945	-0.0495225	-0.0275734	-0.0140704	-0.00246828	0.136741	-0.0165281	-0.00728881	0.0500807	-0.0172762
-0.0137423	-0.00794054	-0.00640357	-0.00132702	-0.00912395	0.0318911	0.00998007	-0.00265397	0.00177066	-0.00245045
-0.00384385	-0.00245608	-0.00198518	-6.50952e-05	-0.000148929	0.00262992	0.00706535	-7.7972e-05	-0.00109071	-2.74454e-05
0.0	0.0	0.0	0.0	0.0	0.0	0.0	0.0	0.0	0.0
-1.29693e-06	-7.07042e-07	-4.43505e-06	0.000100429	-3.12028e-07	-1.49805e-05	-9.38113e-08	-2.30917e-06	-9.45625e-06	-6.68384e-05
-0.000553544	-0.00439084	-0.00279624	0.00238578	-0.00185684	0.0018085	-0.00043595	0.00954092	-0.00186822	-0.00183357
-0.00196405	0.000477443	0.0048052	0.0629821	-0.00959326	-0.0489845	-0.015065	0.0342523	-0.0171034	-0.00980671
-0.0221731	0.00117736	0.0381642	0.129782	0.012741	-0.101894	-0.000365367	0.0206643	-0.0382938	-0.039802
-0.0249975	-0.0274808	0.0658762	0.215808	0.0725452	-0.123834	-0.0590957	0.0568378	-0.0642275	-0.111432
-0.0269428	-0.0721308	0.143738	0.255114	0.0693892	-0.126355	-0.0999908	0.101058	-0.0896131	-0.154266
-0.0447219	-0.149911	0.169553	0.15958	0.0697129	-0.033473	-0.0230601	0.108704	-0.0438546	-0.21253
-0.0585458	-0.253429	0.136636	0.195823	0.0140132	0.0106898	-0.029426	0.16308	0.0225171	-0.201357
-0.118722	-0.304299	0.192547	0.243966	0.00296994	0.0263737	-0.0900601	0.125541	0.0239979	-0.102315
-0.0113112	-0.185082	0.157147	0.227707	-0.0773836	0.0385941	-0.204115	0.120075	-0.024046	-0.0415847
-0.0106944	-0.0907115	0.0522196	0.122771	-0.165837	0.00903137	-0.203674	0.137418	0.0680802	0.0813964
-0.0355989	-0.109501	0.0690539	0.0853424	-0.180353	0.00118757	-0.153368	0.0502579	0.16068	0.112299
0.113603	-0.114852	0.0899085	0.233244	-0.28387	-0.0169614	-0.231811	-0.100642	0.0183375	0.293044
0.120647	-0.0974389	0.0906182	0.141861	-0.352236	0.07836	-0.194363	-0.1209	0.021193	0.312257
0.0845418	-0.199696	0.110862	0.128715	-0.318754	-0.0319197	-0.122011	-0.0583545	0.227151	0.179466
0.140529	-0.232053	0.157498	0.155158	-0.278595	-0.0567697	-0.140227	-0.0542262	0.112067	0.196618
0.19726	-0.215705	0.094054	0.0556709	-0.183413	0.0189036	-0.124842	-0.046048	0.0851871	0.118933
0.233092	-0.0775383	0.063719	0.125162	-0.206924	0.0708875	-0.146981	-0.107139	-0.0707683	0.11649
0.12188	-0.05301	-0.0400553	-0.0531027	-0.0543872	0.133171	-0.0663551	-0.135143	0.17111	-0.0241084
0.106318	0.0654247	-0.0940247	0.039937	-0.0423437	0.107521	-0.0466654	-0.135198	0.0666166	-0.0675856
0.185943	0.10087	-0.0859942	-0.0285252	0.0960872	0.0745712	-0.0650931	-0.0868103	-0.031279	-0.159769
0.155951	0.100544	-0.155124	-0.176058	0.303917	0.213205	-0.0491091	-0.110961	-0.0235497	-0.258814
-0.0419554	0.0543746	-0.248875	-0.20421	0.357278	0.349566	-0.0147178	-0.109498	0.0854412	-0.227405
-0.189137	-0.0168287	-0.132649	-0.102671	0.12948	0.468587	-0.0132586	-0.0598368	0.0477551	-0.131441
-0.121077	-0.0500049	-0.0380098	-0.0297845	0.00456448	0.266329	-0.0303957	-0.0261142	0.0716327	-0.0471409
-0.0506271	-0.00569455	-0.00543108	-0.00362397	0.0135835	0.094448	-0.0171485	-0.00887241	-0.00341465	-0.0132193
-0.0118424	-0.000306768	-0.000415231	-0.000316119	-0.000697971	0.0179717	-0.00109821	-0.000577233	-0.00206524	-0.00065252
0.0	0.0	0.0	0.0	0.0	0.0	0.0	0.0	0.0	0.0
-0.000123882	-0.00028606	-0.000394514	0.0029653	-0.000307411	-0.000703154	-8.06856e-05	0.00247998	-0.00109184	-0.00245772
-0.000609397	-0.00425893	0.00325546	-0.00520253	-0.00287218	-0.00662005	-0.00174959	0.0292057	-0.00362904	-0.00751946
-0.00460388	-0.00502772	0.0174855	0.051753	-0.00455013	-0.0608215	-0.0190733	0.0824618	-0.0189846	-0.038639
-0.0371989	-0.00631501	0.0936205	0.225065	0.0323957	-0.207331	-0.00706981	0.0542214	-0.0369159	-0.110472
-0.0254943	-0.0576344	0.0972774	0.312491	0.102603	-0.202411	-0.0601301	0.0941888	-0.0432934	-0.217597
-0.024213	-0.132764	0.209492	0.180979	0.0619325	-0.111703	-0.123054	0.199104	-0.0183101	-0.241464
-0.0619219	-0.183745	0.0984636	0.0705933	0.0678221	0.0328098	-0.0155508	0.203376	0.0602421	-0.272088
-0.116526	-0.314313	0.115056	0.0497607	-0.000749255	0.132953	-0.0456587	0.189129	0.0969687	-0.10662
-0.0247671	-0.305308	0.0565428	0.0638512	-0.0327282	0.0816644	-0.122496	0.242324	0.0178371	0.0230812
0.000719048	-0.21983	-0.0180239	0.0328942	-0.125811	0.160734	-0.185289	0.291779	0.0587894	0.0040393
0.0453647	-0.195752	0.0548628	0.026963	-0.192412	0.139693	-0.133919	0.246979	-0.0879565	0.0961781
0.0481328	-0.117268	0.0172882	0.0894157	-0.367998	0.0494106	-0.161775	0.211741	-0.0404369	0.27149
0.0948328	-0.148555	0.137415	0.107912	-0.332999	-0.0681024	-0.210627	0.0877454	-0.0604762	0.392856
0.0907863	-0.114181	0.0605268	0.197031	-0.431902	0.066858	-0.179563	-0.0344709	-0.15418	0.499095
0.0806005	-0.297722	0.00589976	0.175201	-0.418583	-0.0764358	-0.147291	0.0440715	0.11922	0.51504
0.120402	-0.236847	-0.00358145	0.0541559	-0.418918	0.0767715	-0.250515	0.157864	0.0439656	0.456703
0.210801	-0.160264	-0.141192	0.0943148	-0.264116	0.127325	-0.228425	0.204149	-0.0915238	0.248932
0.200499	-0.145469	-0.0566339	0.0250753	-0.264744	0.0911867	-0.273992	0.214145	0.0667378	0.143195
0.136295	-0.0398773	-0.0336037	0.0742286	-0.153696	0.0830039	-0.268092	0.133477	-0.00760837	0.0758734
0.0558854	0.0319851	-0.0851286	0.0579626	-0.118565	0.0856861	-0.241844	0.130966	-0.00260563	0.0856578
0.0994535	-0.0122376	-0.0163767	-0.030137	0.00452849	0.123282	-0.234038	0.0426139	0.0331542	-0.0102431
0.139943	-0.0172441	-0.0230138	-0.139772	0.225154	0.174812	-0.251362	0.0236556	0.0710545	-0.203226
0.0862544	-0.0786016	-0.265526	-0.225933	0.298385	0.406302	-0.177358	-0.0370926	0.260674	-0.267102
-0.117703	-0.154345	-0.18422	-0.162334	0.100146	0.576692	-0.0462376	-0.0622806	0.235094	-0.18481
-0.145616	-0.084254	-0.0493613	-0.0396679	-0.00217583	0.449518	-0.059582	-0.0442233	0.0492925	-0.0739293
-0.0574678	-0.00447865	-0.00746549	-0.00290918	0.0129764	0.107845	-0.0186512	-0.00958279	0.00118277	-0.0214486
-0.00424764	-0.00139269	-0.000403445	-0.000161544	-0.000785505	0.0106209	-0.00346602	-0.000419107	0.000877856	-0.000622792
0.00411506	-2.02585e-07	-0.000108174	-3.65993e-07	-0.000128259	-2.91518e-06	-5.62368e-06	-0.00244966	-9.61922e-06	-0.00141024
-0.000205745	-0.000284505	0.00069058	-0.00343395	-0.00532799	-0.000896872	-0.000253971	0.0239181	-0.00135132	-0.0128543
-0.0011598	-0.00198473	0.00246565	-0.00763926	-0.0017959	-0.0102956	-0.00221528	0.0590407	-0.00586129	-0.0305545
-0.00418042	-0.00183208	0.0208411	0.0538513	-0.00762993	-0.0676128	-0.0202022	0.143236	-0.0144422	-0.102029
-0.0562198	-0.0133953	0.108659	0.254871	0.0112554	-0.26984	-0.0179715	0.162298	-0.0100625	-0.169594
-0.0526044	-0.0476761	0.0911333	0.255007	0.0819106	-0.245014	-0.0912474	0.180834	0.0340047	-0.206346
-0.0609193	-0.130927	0.0943627	0.15658	0.0130315	-0.14022	-0.134792	0.205296	0.129081	-0.131494
-0.0793401	-0.181473	0.0762546	0.0639112	-0.00778883	-0.0588845	-0.0848723	0.303081	0.160012	-0.1909
-0.0615423	-0.298491	0.0930488	0.0175445	-0.101014	0.0951529	-0.0928036	0.223877	0.0448346	0.0793933
0.0459702	-0.336442	0.0978935	0.00823588	0.0137795	0.0491992	-0.135587	0.179609	0.123119	-0.0457773
0.028537	-0.272209	0.201575	0.0400597	-0.118814	0.107649	-0.165315	0.149805	0.073107	-0.0443961
0.0212852	-0.192852	0.143037	-0.00471728	-0.1419	0.142532	-0.153807	0.263131	-0.00440803	-0.0723012
0.106012	-0.0732732	0.018009	0.0393407	-0.24087	-0.0331524	-0.168488	0.288693	0.198167	-0.134437
0.0748894	-0.00998987	0.00817826	0.0846469	-0.241123	-0.128265	-0.235401	0.123739	0.193132	0.130193
0.164436	0.0151735	0.0645014	0.188742	-0.4279	-0.132969	-0.2875	0.18165	-0.0874728	0.32134
0.240134	0.0150256	0.0498614	0.182511	-0.421849	-0.20719	-0.317619	0.271243	-0.0678239	0.255705
0.38404	-0.133697	-0.0178676	0.0746258	-0.391708	-0.0864172	-0.368397	0.276209	0.0976716	0.165541
0.282792	0.0425603	-0.0660581	0.13013	-0.231639	-0.0432968	-0.3849	0.245579	0.0171124	0.00772074
0.167773	-0.0789308	-0.0820323	0.215505	-0.119297	-0.0374933	-0.508727	0.295335	0.0964026	0.0514641
0.116319	-0.0878927	0.0946405	0.12208	-0.103524	0.0556076	-0.470325	0.149223	0.123141	0.000729265
0.127428	-0.127859	-0.00048233	0.161296	-0.0599694	0.145973	-0.369678	0.139429	0.036995	-0.0531313
0.0818919	-0.175648	-0.0284066	0.125324	-0.0272517	0.109345	-0.31781	0.0232058	0.115653	0.0936965
0.192716	-0.192353	-0.0557744	0.0676481	0.0424958	0.135904	-0.337879	0.0775379	0.182039	-0.112334
0.248628	-0.252262	-0.12573	-0.283047	0.103441	0.515845	-0.278587	0.00521489	0.293357	-0.226859
-0.0189708	-0.223311	-0.207129	-0.217613	0.0115851	0.782263	-0.163417	-0.0888724	0.295638	-0.170174
-0.142143	-0.0938674	-0.0706197	-0.0526179	-0.0179812	0.549151	-0.0966277	-0.0606571	0.0669884	-0.0816259
-0.0476756	-0.00786919	-0.00917417	-0.00370902	-0.0266707	0.145146	-0.0472946	-0.011734	0.0274573	-0.018476
-0.00285534	-0.00103486	-0.000675115	-4.55329e-05	-0.000712732	0.0061942	-0.00388405	-0.00218424	0.00610173	-0.000904053
-2.50079e-06	-4.70628e-06	-4.36143e-06	-7.60365e-05	-0.000307499	-3.71116e-05	-2.54631e-06	0.00127369	-1.69857e-05	-0.000821942
-0.000412821	-5.7895e-05	-0.000474517	-0.00314728	-0.00599131	-0.000882107	-0.000135571	0.0298012	-0.000831858	-0.0178679
0.000549042	-0.00130835	-0.00100927	0.012076	-0.00624576	-0.00599195	-0.00297441	0.0624837	-0.0125721	-0.0450068
-0.000232688	-0.00277618	0.0321521	0.0778249	-0.0537603	-0.0737162	-0.02942	0.187973	-0.0232587	-0.114786
-0.0461966	-0.0255432	0.0874799	0.257624	-0.0683084	-0.223519	-0.0277014	0.245521	0.0144799	-0.213836
-0.0455834	-0.0867142	0.174416	0.159113	-0.0125071	-0.213178	-0.124822	0.19272	0.0764507	-0.119894
-0.0682646	-0.125271	0.0737405	0.103753	-0.0813966	-0.121758	-0.136267	0.14628	0.163351	0.0458324
-0.0719371	-0.137547	0.0161165	0.0658891	-0.0757351	0.0100102	-0.0527143	0.121144	0.131884	-0.00710974
-0.0576912	-0.211322	-0.015618	0.0243617	-0.0583332	0.139551	-0.0618455	0.066129	0.121305	0.0534624
0.0231087	-0.276596	0.109327	-0.0443401	-0.00135745	0.0827681	-0.134562	0.0676835	0.187283	-0.0133147
0.0644782	-0.216935	0.203724	-0.177694	-0.11519	0.159112	-0.167949	-0.000587135	0.173248	0.077792
-0.0393322	-0.104987	0.103433	-0.311093	-0.113017	0.278403	-0.133423	0.128233	0.123127	0.0686562
0.0119624	-0.0505692	0.0522129	-0.244084	-0.0759525	0.155066	-0.192106	0.256768	0.0669317	0.0197723
0.147868	0.0785626	0.0648852	-0.0704753	-0.16539	-0.029331	-0.285875	0.202705	0.0160494	0.041
0.0705287	0.259671	0.0961207	0.218344	-0.582558	-0.17558	-0.196382	0.344175	-0.207094	0.172772
0.0477381	0.384638	0.124585	0.324412	-0.424583	-0.342645	-0.333685	0.382297	-0.350973	0.188218
0.209498	0.126952	0.146813	0.23843	-0.105232	-0.366911	-0.467279	0.367726	-0.154724	0.00472663
0.291672	0.0362869	0.0143896	0.17902	-0.0499359	-0.281021	-0.559288	0.352068	0.0047206	0.0120893
0.247895	-0.106785	0.0815828	0.109027	0.0173883	-0.155265	-0.553799	0.243926	0.0506163	0.0654148
0.220928	-0.19835	0.0412514	0.134082	0.00282633	-0.0981474	-0.488739	0.248768	0.135966	0.00141433
0.141885	-0.253678	-0.0370176	0.274025	-0.0111116	0.00556452	-0.365343	0.131342	0.116345	-0.00201101
0.0158622	-0.277866	-0.0632911	0.206536	-0.0319451	0.181247	-0.284303	0.195806	0.149487	-0.0915337
0.125836	-0.303666	-0.014115	0.1333	-0.0467416	0.277711	-0.337797	0.108871	0.190442	-0.13384
0.32646	-0.286785	-0.134747	-0.158711	-0.0787198	0.58435	-0.252024	-0.0652669	0.277288	-0.211846
0.0926591	-0.185543	-0.203682	-0.180158	-0.1851	0.978773	-0.205001	-0.0876718	0.142955	-0.167232
-0.134769	-0.0779003	-0.059552	-0.0353049	-0.121019	0.702173	-0.158763	-0.0395499	0.00631673	-0.0816322
-0.0456313	-0.0093517	-0.00650295	-0.00456435	-0.0397084	0.166289	-0.0610176	-0.00450508	0.0311062	-0.0261133
-0.00089324	-0.0013173	-0.000716058	-0.000258286	-0.00323046	0.0103491	-0.00345952	0.010598	-0.00915303	-0.00191927
-3.95939e-06	-5.51594e-06	-8.50826e-06	-0.000120411	-0.00036001	-4.75831e-05	-3.01371e-06	0.00176891	-2.3637e-05	-0.00119627
-0.000471232	-2.59662e-05	-0.000140187	-0.00249586	-0.00551021	-0.000786064	-4.65776e-05	0.028302	-0.000483819	-0.0183421
0.00876201	-0.000748856	0.000170673	0.00754865	-0.0182012	-0.00649357	-0.00886981	0.0837302	-0.0107861	-0.055112
-0.0091805	-0.0132414	0.0341183	0.109012	-0.0649599	-0.0610596	-0.0299743	0.186687	-0.0406375	-0.110764
-0.0402218	-0.0296129	-0.0121614	0.125781	-0.0733529	-0.1119	-0.047518	0.275095	0.0753609	-0.16147
-0.0347948	-0.0891634	0.109299	0.00363527	-0.0872626	-0.111029	-0.108457	0.210429	0.0913425	0.0160015
-0.058835	-0.143404	0.112074	-0.066172	-0.11396	-0.0107969	-0.0949286	0.0814796	0.154697	0.139846
-0.079722	-0.142381	-0.0712434	-0.127216	-0.044927	0.153266	0.0125648	0.0502164	0.19235	0.0570924
-0.0525343	-0.160032	-0.068824	-0.271088	0.0148968	0.250888	0.0164757	-0.0826203	0.183673	0.169166
0.00266678	-0.210836	-0.105558	-0.383236	0.131109	0.300949	-0.0886511	0.0143768	0.243831	0.0953484
-0.0712672	-0.112614	-0.0853474	-0.450008	0.0543098	0.258287	-0.0442175	0.0170789	0.273473	0.160304
-0.0252406	-0.0208872	-0.100901	-0.490919	0.0313971	0.256851	-0.0950112	-0.030275	0.241401	0.233587
-0.00185329	0.0116125	-0.156208	-0.414833	0.156662	0.286253	-0.177253	-0.048881	0.181117	0.163386
0.0352628	0.21873	-0.230593	0.0352311	-0.235667	0.164123	-0.0923889	0.170682	0.0591424	-0.124524
-0.0325903	0.504387	-0.100302	0.236973	-0.715142	0.0120297	-0.226361	0.319857	-0.00548014	0.00662942
-0.114358	0.623163	-0.120678	0.199458	-0.200673	-0.159554	-0.405732	0.439379	-0.226981	-0.0340249
-0.025001	0.248055	0.0265366	0.202299	0.00557057	-0.262378	-0.453462	0.52235	-0.296749	0.0327807
0.184118	0.0392186	0.0833511	0.176924	0.0605458	-0.372468	-0.455753	0.33782	-0.134908	0.0811539
0.197924	-0.179853	0.0747821	0.183223	-0.0114799	-0.327601	-0.426999	0.299976	0.0990151	0.0910122
0.118765	-0.208582	0.0140531	0.204912	0.0483981	-0.24673	-0.393388	0.293511	0.182137	-0.0130769
0.139836	-0.299066	-0.0463578	0.307692	-0.125454	-0.0947762	-0.291209	0.299959	0.10303	0.00634682
0.0959587	-0.282025	-0.0562543	0.167914	-0.110734	0.0226602	-0.225728	0.310547	0.107891	-0.0302298
0.211648	-0.260058	-0.0654615	0.043991	-0.144779	0.115718	-0.209138	0.150998	0.201005	-0.0439228
0.356797	-0.221636	-0.130108	-0.111187	-0.294272	0.488999	-0.114825	-0.121018	0.236004	-0.0887531
0.153243	-0.154085	-0.148275	-0.121564	-0.230056	0.897145	-0.16817	-0.100041	0.0429398	-0.171136
-0.138093	-0.0550049	-0.0352786	-0.0204438	-0.139724	0.735944	-0.190666	-0.0359043	-0.0458089	-0.0750204
-0.0546997	-0.0129475	0.00191923	-0.00341675	-0.0413332	0.192144	-0.0591903	-0.00485529	0.00869722	-0.0263181
-0.000525833	0.000173474	-0.000380196	-0.000101712	-0.000934978	0.00611096	-0.00844803	0.00202587	0.00575733	-0.00367688
-2.77182e-05	-2.8564e-06	-1.01935e-05	-7.49533e-05	-6.83032e-05	-5.53381e-05	-4.20755e-06	0.000846437	-2.92168e-05	-0.00057365
0.00171225	0.000192781	-0.000282729	-0.00182014	-0.0105226	-0.00386673	-0.000124446	0.0381915	-0.000755123	-0.0227247
-0.00420981	-0.000174716	-0.00315708	0.00679805	-0.0506951	-0.00920745	-0.00100912	0.151854	-0.00756212	-0.0826361
-0.0156497	-0.0087271	-0.0225189	0.0871077	-0.0566639	-0.0632494	-0.030659	0.233213	-0.012688	-0.110164
-0.100114	-0.0151717	-0.0818925	0.0537141	-0.109826	-0.0474149	-0.0327181	0.317416	0.039315	-0.0233066
-0.0865168	-0.0515486	-0.0869335	-0.137423	-0.0822176	-0.0164012	-0.0246975	0.146022	0.1556	0.184116
-0.0303023	-0.125715	-0.19387	-0.258077	-0.00668597	0.17473	-0.0197194	0.055448	0.194808	0.209385
-0.026542	-0.150548	-0.341142	-0.375792	0.0548733	0.162574	0.108108	0.099025	0.319391	0.15005
-0.0136892	-0.162839	-0.380438	-0.420997	0.151042	0.17593	0.0562436	-0.0309923	0.264828	0.360913
-0.0728886	-0.19467	-0.403001	-0.377705	0.233524	0.155204	0.0770707	0.122	0.306838	0.153625
-0.0466073	-0.164178	-0.586843	-0.302116	0.294131	0.136496	0.0405905	0.174739	0.218491	0.235298
-0.0711804	-0.15751	-0.56788	-0.175907	0.224258	0.172713	-0.021062	0.1369	0.155284	0.304385
-0.093161	-0.0630596	-0.629199	-0.0566591	0.316158	0.297174	0.0568855	-0.0356978	0.161967	0.0455929
-0.0643074	0.25845	-0.650423	0.155751	-0.430654	0.426978	0.0523736	0.0398709	0.273035	-0.0610732
-0.315224	0.665326	-0.492978	0.150765	-0.619855	0.118178	-0.227684	0.227329	0.439786	0.0543573
-0.499402	0.656871	-0.359923	0.153027	0.0693773	-0.135634	-0.464725	0.397984	0.0234009	0.159023
-0.432619	0.199416	-0.148423	0.0430495	0.329998	-0.173841	-0.329322	0.429557	-0.15456	0.236744
-0.115806	-0.0575782	-0.206228	0.216904	0.137959	-0.21023	-0.302904	0.346619	-0.127702	0.318966
-0.0563366	-0.084132	-0.0904616	0.188375	-0.0455874	-0.222108	-0.238878	0.361871	-0.0680535	0.255311
0.0576431	-0.181666	0.108711	0.190307	-0.0598209	-0.363178	-0.211986	0.215387	0.0414399	0.203163
0.125531	-0.190336	-0.0174858	0.237972	-0.154984	-0.46877	-0.1423	0.243412	0.0167458	0.350214
0.184298	-0.16709	-0.00121469	-0.0517973	-0.143374	-0.397747	-0.0333123	0.240526	0.124572	0.24514
0.253822	-0.131087	-0.0912634	-0.0874456	-0.19026	-0.366413	0.0273924	0.119456	0.278504	0.187295
0.330421	-0.10337	-0.128158	-0.130554	-0.258562	-0.0736502	0.147884	-0.105057	0.334939	-0.0138915
0.212311	-0.0767998	-0.0741952	-0.0879937	-0.199383	0.230105	-0.0219866	-0.0828539	0.220882	-0.120085
-0.0835238	-0.037169	0.0142341	-0.00675116	-0.0907125	0.379048	-0.138648	-0.0319658	0.0584245	-0.0629367
-0.0339005	-0.0104337	0.00562196	-0.00185603	-0.0132254	0.105951	-0.0704695	-0.00771194	0.0455194	-0.0194955
-0.000344025	0.00166454	-0.000139963	-2.96716e-05	-0.000594647	0.00368318	-0.00503381	7.53964e-05	0.002846	-0.002127
-1.09899e-06	-3.03528e-08	-2.82637e-06	-1.37387e-05	-1.4597e-06	-5.40553e-06	-1.69006e-08	0.000831964	-1.22739e-05	-0.000795113
-5.76073e-05	-7.61309e-05	-1.7824e-05	-0.00188407	-0.0160678	-0.00482493	-0.000176817	0.0397492	-0.000603894	-0.0160402
-0.00475327	-0.000827329	-0.00136358	-0.00588132	-0.0538766	-0.00800239	-0.00106101	0.158236	-0.00438262	-0.0780879
-0.0240078	-8.31262e-05	-0.0563177	0.00610153	-0.0845979	-0.0250007	-0.0250844	0.27059	0.0158909	-0.0774911
-0.0948237	0.00076203	-0.134672	-0.0409717	-0.151144	0.00636455	-0.046185	0.309517	0.00849171	0.142661
-0.0308045	-0.0338315	-0.345816	-0.186029	-0.0551877	0.0416678	-0.00378762	0.174846	0.145534	0.293408
0.0948898	-0.0638746	-0.587796	-0.315586	0.117296	0.202967	0.104042	0.0411712	0.149097	0.257793
0.0484942	-0.0921123	-0.685623	-0.349522	0.24605	0.152266	0.159415	0.174152	0.192871	0.154009
0.0108896	-0.125915	-0.52291	-0.327382	0.306701	0.0664953	0.116004	0.187596	0.0978971	0.190624
-8.19777e-05	-0.148488	-0.49488	-0.125074	0.227117	-0.0273341	0.144818	0.0246166	0.13231	0.266997
0.0300148	-0.276766	-0.553543	0.0466572	0.390208	0.170466	0.0384472	-0.0286432	-0.0495278	0.232687
0.0133466	-0.353679	-0.51152	-0.0123197	0.532941	0.232514	0.169523	-0.12345	-0.0454666	0.098109
0.0645909	-0.0534911	-0.535456	0.0532183	0.562139	0.282613	0.144804	-0.470895	0.14758	-0.195102
-0.105972	0.244321	-0.464645	0.156911	-0.124564	0.295137	0.0896449	-0.572703	0.441286	0.0405837
-0.514336	0.786325	-0.453175	0.351097	-0.355776	-0.00897644	-0.225206	-0.171204	0.309748	0.281502
-0.688125	0.495805	-0.409522	0.162764	0.184265	-0.0907993	-0.275812	0.260242	0.0708623	0.29032
-0.586852	0.137738	-0.268884	0.0705034	0.377703	-0.316178	-0.0885909	0.413068	-0.018381	0.279874
-0.213073	0.0538554	-0.273923	0.0758699	0.11824	-0.321526	-0.102388	0.319728	0.0134416	0.329776
-0.0639192	-0.0629833	-0.156783	0.130493	0.00845071	-0.274651	-0.154391	0.251031	-0.00786034	0.330614
0.0161347	-0.156104	0.0991841	-0.00261529	0.0525199	-0.307682	-0.192499	0.0249965	0.103934	0.36213
0.0303775	-0.123691	-0.000522951	-0.0779782	0.0347808	-0.440461	-0.0877723	0.0866254	0.20052	0.378122
0.129665	-0.0831338	-0.00620284	-0.312994	0.0665213	-0.615948	0.0877855	0.0621127	0.323535	0.34866
0.30435	-0.0656774	-0.134351	-0.245533	-0.00764185	-0.695708	0.252869	0.0274105	0.319366	0.244915
0.382556	-0.0415765	-0.228946	-0.141525	-0.130722	-0.581813	0.386292	-0.0672475	0.344433	0.0785491
0.29391	-0.032326	0.0112531	-0.0577676	-0.070804	-0.389462	0.172236	-0.0538584	0.247923	-0.121104
-0.0133592	-0.0163507	0.0960354	0.000625504	-0.0266752	0.0187749	-0.0744063	0.0072315	0.0658711	-0.0577469
-0.0158989	-0.00899584	0.0600305	-0.00035992	-0.0103053	0.044283	-0.0740995	0.00983464	0.0136293	-0.0181178
-9.12723e-05	0.00135171	0.00586144	-3.2584e-05	-0.00350835	-0.000919773	-0.00369069	0.00508869	-0.00328739	-0.000771781
-6.35798e-09	2.24783e-05	-2.73114e-06	-6.47333e-06	-1.30689e-07	-1.10343e-06	-9.97305e-07	-3.26571e-06	-2.57186e-06	-5.19841e-06
0.00035152	-1.42025e-05	-1.54519e-05	-0.00115821	-0.0115422	-0.00108765	-0.000194821	0.0220197	-0.000171013	-0.00818773
-0.00216941	-0.000302186	-0.000518884	-0.00382404	-0.0326625	-0.00263723	-0.000504439	0.0991293	-0.00136012	-0.0551506
-0.0136105	0.00335436	-0.0641716	-0.00225549	-0.0676706	-0.00178718	-0.0213909	0.196038	0.0103554	-0.0388611
-0.0472186	0.00384838	-0.217928	-0.0872405	-0.0622854	0.0390822	-0.0622635	0.188955	-0.0257546	0.270805
0.0223949	-0.0288128	-0.48058	-0.181062	0.109759	0.0908129	0.0387524	0.0837118	0.00946064	0.335563
0.187085	-0.056145	-0.672825	-0.281726	0.298063	0.0593469	0.219808	0.0583623	-0.00538148	0.193412
0.224154	-0.0859507	-0.616177	-0.292759	0.31357	0.132596	0.0921044	0.0710295	-0.0201222	0.181555
0.119361	-0.0706964	-0.397201	-0.192384	0.320574	0.0497165	0.095618	-0.0251093	-0.0573012	0.157423
0.109387	-0.175801	-0.274913	-0.0727556	0.259402	0.0736071	0.119677	-0.100286	-0.0091454	0.0708276
0.132184	-0.448739	-0.157936	-0.135886	0.40111	0.203359	0.162575	-0.117894	-0.108845	0.0700729
0.098511	-0.509583	-0.0542617	-0.140541	0.589626	0.26027	0.117831	-0.410893	0.1097	-0.0606616
0.0588284	-0.130931	-0.110272	0.113099	0.358505	0.317262	0.123415	-0.805409	0.260664	-0.185162
-0.329958	0.296643	0.00651584	0.321597	-0.144541	0.172584	0.00369842	-0.811775	0.374656	0.110581
-0.593819	0.646776	-0.049181	0.242639	-0.121875	-0.058587	-0.143474	-0.260921	0.0650008	0.273441
-0.704478	0.394099	-0.24837	-0.0502443	0.238152	-0.251548	0.0430785	0.0847882	0.230542	0.263981
-0.571648	0.145515	-0.281053	0.0524034	0.251518	-0.381554	0.0522138	0.204762	0.107093	0.420749
-0.265726	0.0754535	-0.163472	0.10512	0.217811	-0.212815	-0.125693	0.126549	-0.0807418	0.323514
-0.113554	-0.207767	-0.14865	0.150948	0.182601	-0.148784	-0.159873	0.131679	0.0424582	0.270941
-0.0962493	-0.206036	-0.101708	-0.0569075	0.152865	-0.0943966	-0.024847	0.0163238	0.0440655	0.36689
-0.141715	-0.145207	-0.0660028	-0.310302	0.229922	-0.111664	-0.0483718	0.141399	0.130573	0.32137
0.0775402	-0.0999236	-0.0465636	-0.292837	0.175354	-0.297752	0.162693	0.0618624	-0.0105308	0.270157
0.273851	-0.0791995	-0.138609	-0.294381	0.109668	-0.378583	0.351215	0.0215362	0.0609495	0.0735541
0.367711	-0.0652352	-0.141504	-0.140924	-0.0298978	-0.460954	0.488587	0.0231742	0.0972798	-0.138237
0.258206	-0.0477757	0.134948	-0.0455863	-0.0935858	-0.342973	0.22701	0.0249279	0.0638491	-0.17902
0.0186677	-0.0242679	0.217045	-0.00535524	-0.00863114	-0.0603746	-0.0921504	0.0226768	0.0124238	-0.0800339
-0.0050792	-0.010665	0.130121	-0.000682442	-0.0106272	-0.00230173	-0.0768345	0.0023877	-0.00525461	-0.0210636
-0.000695416	-0.000253122	0.0348928	-0.00128628	-0.0107618	-0.00756657	-0.0109606	-0.00148519	-0.00109501	-0.000788762
-3.18185e-05	-6.22502e-07	-8.64023e-06	-0.000815548	-3.21473e-05	0.00298837	-5.87993e-05	-2.62988e-05	-0.000118394	-0.00189611
-4.50794e-05	-5.49331e-06	-0.003725	0.00379245	-0.00601279	-0.000521991	-1.20815e-05	0.0110221	-0.000389087	-0.00410305
-0.000582841	0.000361815	-0.00265621	0.00110791	-0.0145012	-0.00110698	-5.12086e-05	0.0505363	-0.000711173	-0.0323964
-0.028247	0.00609065	-0.0474138	0.0064325	-0.0133591	0.0010068	-0.0121816	0.0942952	-0.00762622	0.00100274
-0.0386448	0.00654337	-0.168871	-0.0267217	0.143222	0.0115971	-0.111623	0.0718427	-0.0583866	0.171043
0.155855	-0.0355485	-0.385715	-0.153991	0.275761	-0.0228188	0.0201765	0.0620263	-0.0749973	0.15925
0.205963	-0.0675554	-0.333531	-0.268587	0.304057	-0.0421683	0.172784	-0.0146475	-0.150682	0.194368
0.297266	-0.0990279	-0.166793	-0.263359	0.370281	-0.0310407	0.0852545	-0.0579752	-0.287107	0.152501
0.200383	-0.0917898	-0.0975507	-0.166897	0.340207	0.0808404	0.134658	-0.188803	-0.276278	0.0652295
0.212756	-0.230214	-0.0353987	-0.0964599	0.244894	0.18489	0.194777	-0.256964	-0.222104	0.00382365
0.15353	-0.499545	0.0216379	-0.15813	0.318943	0.243186	0.222155	-0.281237	-0.0191084	-0.00143288
0.164646	-0.4963	0.0812213	-0.142234	0.362201	0.0382387	0.336763	-0.52626	0.212908	-0.0311845
0.0245056	-0.0401409	0.0459138	0.147729	0.215919	0.0531276	0.171355	-0.776757	0.245332	-0.0869827
-0.367022	0.333662	0.220916	0.133314	-0.137741	0.0288619	-0.0464658	-0.609651	0.383184	0.0609414
-0.63275	0.548858	0.087849	0.100528	-0.0366184	-0.0981866	-0.0560556	-0.198094	0.225765	0.0587057
-0.657426	0.360573	-0.150211	0.0128662	0.170516	-0.172194	0.102245	-0.0289561	0.174043	0.188543
-0.57465	0.125123	-0.109451	-0.0216967	0.358024	-0.257526	0.0943634	0.0422449	-0.0227591	0.366327
-0.204213	-0.225847	-0.207203	0.060426	0.461794	-0.238529	-0.200397	0.24892	0.027833	0.277215
-0.10557	-0.378143	-0.0474577	0.0535763	0.29543	-0.161275	-0.157515	0.405441	-0.0495063	0.14502
-0.121498	-0.289541	-0.0803507	-0.0527925	0.31392	-0.195519	-0.0396982	0.44181	-0.0596309	0.0832988
-0.00483676	-0.188994	-0.0322784	-0.164847	0.190843	-0.0512526	-0.00269472	0.279699	-0.200062	0.174423
0.147682	-0.124537	-0.104909	-0.0477765	0.0774879	-0.0912114	0.131095	0.162601	-0.237331	0.0868991
0.202052	-0.0848754	-0.11474	-0.161129	0.0628693	-0.0709665	0.306042	0.222447	-0.245512	-0.116186
0.335914	-0.0582353	-0.0104622	-0.108483	-0.0406089	-0.172021	0.347989	0.160557	-0.185382	-0.269268
0.260557	-0.0288699	0.176564	-0.0264077	-0.104777	-0.170949	0.152413	0.0365631	-0.0974858	-0.197605
0.00412551	-0.017221	0.270724	-0.0147743	-0.0472658	-0.0792196	-0.0634008	0.00192554	-0.000497707	-0.0543956
-0.00267176	-0.00325386	0.140627	-0.0057132	-0.0281998	-0.0107417	-0.0747086	-0.00149669	-0.0063785	-0.00746329
-8.16336e-05	-1.34952e-05	0.0042483	-0.00095599	-0.00117858	-0.000447777	-0.00130923	-1.83412e-05	-0.000223813	-1.94449e-05
-1.24196e-05	-2.91965e-07	-2.87424e-06	-0.00026869	-1.83969e-05	0.000956441	-1.97913e-05	3.92511e-05	-4.197e-05	-0.000631258
-4.90813e-05	-7.05816e-06	-0.00819442	0.00947533	-2.55579e-05	-0.000349719	-6.5004e-06	-5.67472e-05	-0.000759294	-2.69519e-05
-0.000981308	0.00236279	-0.00500196	0.0121136	0.00294631	-0.00225055	-0.000176317	0.0125262	-0.00128028	-0.0202584
-0.0393917	0.00170318	0.0144016	0.022113	0.0214582	-0.0131539	-0.0354168	0.0427749	-0.0117499	-0.00273849
0.0152909	-0.00716593	0.0105493	0.0563207	0.124123	-0.0276538	-0.173087	0.0142748	-0.0675271	0.0548759
0.222363	-0.0593009	0.019077	-0.02741	0.182643	-0.158189	-0.0190474	-0.0589615	-0.166347	0.0651733
0.141162	-0.113323	0.0733661	-0.109778	0.224693	-0.149911	0.149179	-0.0520237	-0.219279	0.0559143
0.253534	-0.125103	0.0188274	-0.219138	0.340262	-0.150775	0.192035	-0.120303	-0.240692	0.0513518
0.242791	-0.134492	-0.00164755	-0.248612	0.355946	0.0087064	0.182159	-0.30264	-0.188235	0.086024
0.275203	-0.269518	0.00742546	-0.228815	0.324553	0.141746	0.177026	-0.338842	-0.0497411	-0.0390363
0.281631	-0.401519	0.00710828	-0.170883	0.23725	0.107407	0.308699	-0.352574	-0.0373799	0.0202604
0.0937801	-0.229384	-0.0663366	-0.0497262	0.283483	0.0570931	0.39715	-0.500029	-0.0161476	0.0301187
-0.171246	0.0627536	0.0106894	0.0965466	0.152106	0.0968052	0.186725	-0.589258	0.174349	-0.0194707
-0.561486	0.386556	0.176989	0.17875	-0.0877133	-0.0644886	0.051355	-0.357843	0.372996	-0.0951157
-0.711868	0.576675	0.0598213	0.186975	0.0681855	-0.285054	0.147366	-0.222414	0.301613	-0.1213
-0.641384	0.18077	-0.0251925	0.104477	0.261142	-0.256887	0.110285	0.0138879	0.101885	0.151017
-0.439556	0.0126105	-0.01526	-0.0494581	0.444753	-0.204411	-0.0125832	0.00114784	-0.0424668	0.305225
-0.196661	-0.438325	-0.0801682	-0.0323641	0.414213	-0.177695	-0.105917	0.441004	-0.127429	0.303343
-0.0595883	-0.405161	-0.13578	-0.0289706	0.20968	0.0551029	-0.0988731	0.494663	-0.119991	0.0889186
-0.0336196	-0.31778	-0.0793156	0.142123	0.18054	-0.0961953	-0.00287845	0.368823	-0.195499	0.0338011
0.123902	-0.223429	-0.172904	0.223867	-0.0114989	-0.153784	0.103212	0.384001	-0.311662	0.0382963
0.124144	-0.140803	-0.107737	0.15213	-0.0247703	-0.0393271	0.141111	0.327762	-0.324975	-0.107535
0.203609	-0.103537	-0.157715	0.125756	0.032422	-0.0239874	0.10886	0.29922	-0.251927	-0.232699
0.293176	-0.0669252	-0.00969476	0.0568437	-0.0723782	0.0081812	0.166884	0.113367	-0.227342	-0.262111
0.194699	-0.0387902	0.301803	0.0189818	-0.190673	-0.0440122	0.0977023	0.00598133	-0.162648	-0.183044
-0.0121814	-0.0160772	0.342348	-0.0248654	-0.0907247	-0.0556589	-0.0341032	-0.0304661	-0.0198948	-0.0583761
-0.00439561	-0.00575164	0.14952	-0.00712222	0.00261948	-0.0172353	-0.0765123	-0.00357112	-0.0146785	-0.0228728
-0.000795754	-0.000554928	0.0186466	-0.000347125	-0.00114949	-0.00718247	-0.00553445	-0.000247429	-0.00152694	-0.00130796
-1.1435e-05	-5.03639e-07	-2.57897e-07	-9.43903e-06	-4.49761e-05	-0.000126021	-3.07702e-06	0.000273499	-1.83082e-05	-5.9481e-05
-4.24712e-05	-1.1315e-06	-0.00420764	0.00639338	-1.61032e-05	-0.000227249	-2.56028e-05	-0.000673447	-0.00041817	-0.00078156
-0.00273628	0.0019115	-0.00460499	0.0358449	-0.00505245	-0.00697269	-0.00115821	-0.00101367	-0.00286081	-0.0133573
-0.0385356	-0.00298932	0.0963435	0.0903765	-0.0356987	-0.00422153	-0.0600412	-0.0119655	-0.0120399	-0.0212283
0.0427408	-0.0169592	0.186044	0.15647	-0.0428265	-0.0336637	-0.19825	-0.00798254	-0.0980611	0.0124885
0.268185	-0.0865269	0.186721	0.0493644	0.0286389	-0.112691	-0.0267551	-0.0932778	-0.200491	-0.0131679
0.228143	-0.186961	0.229886	-0.100088	0.135692	-0.142344	0.163976	-0.0558694	-0.177815	-0.0946196
0.187904	-0.214633	0.0943031	-0.199801	0.303221	-0.316561	0.267376	-0.0352437	-0.0594246	-0.0271388
0.252508	-0.220064	-0.016254	-0.307576	0.350265	-0.293411	0.228082	-0.217841	0.0927986	0.131492
0.257384	-0.185908	0.0826177	-0.206816	0.232576	-0.246685	0.283776	-0.250138	0.100526	-0.0673324
0.252773	-0.143714	0.112543	-0.230538	-0.0141448	-0.121374	0.398964	-0.402416	0.0894481	0.0584609
0.0730254	-0.1068	0.14717	-0.0908728	-0.0434188	-0.123536	0.486217	-0.502694	0.0706097	0.0902998
-0.298093	-0.0640753	0.261776	0.0225311	0.0487693	-0.0634684	0.0780251	-0.288003	0.337564	-0.0350255
-0.632497	0.386993	0.268026	0.165318	0.0639715	-0.136488	0.0480852	-0.165819	0.214417	-0.212007
-0.645254	0.584704	0.0666873	-0.00399584	0.308544	-0.276424	0.170279	-0.179096	0.0796142	-0.105059
-0.47644	0.0373428	0.00121124	-0.159404	0.484541	-0.193983	0.10911	0.097836	0.0336703	0.0661166
-0.284827	-0.193195	0.18641	-0.238159	0.427232	-0.193503	-0.0501089	0.0736768	0.0450747	0.2274
-0.0553351	-0.545099	0.159047	-0.0238987	0.294998	-0.120661	-0.138212	0.265144	-0.0439824	0.207999
0.00356457	-0.412542	0.0344696	0.209698	0.192392	-0.0556109	0.0274527	0.188107	-0.275438	0.0879069
0.0418708	-0.286548	-0.0151709	0.254447	0.0958033	-0.0205682	0.123803	0.241345	-0.340364	-0.0946182
0.14424	-0.199054	-0.0642487	0.211941	0.127617	-0.0190213	0.0400959	0.218423	-0.349279	-0.110715
0.137455	-0.131728	0.121291	0.189546	0.0754454	-0.0372343	0.0274269	0.211063	-0.339588	-0.253678
0.167361	-0.106248	0.103244	0.253431	-0.0677791	0.0656213	-0.00773601	0.0715419	-0.259135	-0.220301
0.177509	-0.0807391	0.169243	0.191066	-0.144855	0.0927423	0.0401039	-0.0159727	-0.12976	-0.299338
0.0518352	-0.0436101	0.371819	0.0817414	-0.149867	0.0040961	0.0380679	-0.0306697	-0.136285	-0.187127
-0.0428692	-0.032024	0.473049	-0.0407542	-0.0765476	-0.0556816	-0.0654086	-0.0358208	-0.0664411	-0.0575023
-0.016057	-0.0138759	0.215264	-0.00811477	-0.0364017	-0.0302213	-0.0698763	-0.00267031	-0.0234962	-0.014551
-0.000869709	-0.000236402	0.0304617	-0.000459206	-0.00142295	-0.0137026	-0.0121679	-0.000264984	-0.00110309	-0.00023487
0.0	0.0	0.0	0.0	0.0	0.0	0.0	0.0	0.0	0.0
-5.16949e-05	0.000260649	-0.00164795	0.00234013	-1.20734e-05	-0.000239755	-2.07204e-05	-6.2885e-05	-0.000440019	-0.00012568
-0.0050752	-0.00022536	0.00565228	0.0438845	-0.00512289	-0.0108574	-0.002344	-0.00159183	-0.00307761	-0.0212425
-0.0463755	-0.00656773	0.133839	0.173687	-0.0913719	0.00648458	-0.0677914	-0.0240235	-0.0229597	-0.0549207
0.041066	-0.0302974	0.302073	0.205937	-0.0663595	0.0248813	-0.236513	-0.0227314	-0.113108	-0.104948
0.230823	-0.155091	0.299136	0.0605594	-0.0720441	0.141886	-0.09242	-0.0832847	-0.196498	-0.133067
0.244075	-0.278279	0.199644	-0.0483916	0.0141255	0.235884	0.053009	-0.153818	-0.141509	-0.12474
0.194406	-0.284751	0.155714	-0.101409	0.165667	-0.176256	0.19019	-0.206524	0.0552539	0.00770927
0.146501	-0.221057	0.126718	-0.245741	0.225634	-0.288758	0.233458	-0.226305	0.170665	0.0788844
0.215904	-0.123718	0.157736	-0.451907	0.122196	-0.258258	0.264956	-0.250737	0.275722	0.0481089
0.297071	0.0267718	0.248041	-0.529853	-0.0194772	-0.29038	0.460098	-0.409107	0.099489	0.117347
0.035559	-0.0922186	0.282215	-0.411652	-0.0639661	-0.281316	0.440754	-0.280607	0.296197	0.0750338
-0.266197	0.0858377	0.316466	-0.271142	0.0596622	-0.373165	0.157458	-0.0974173	0.360435	0.0280632
-0.570407	0.416163	0.238738	-0.204673	0.257477	-0.379468	0.0859416	0.0348736	0.200511	-0.0791579
-0.565157	0.433392	0.0578834	-0.280663	0.504033	-0.279579	0.115858	0.0824471	0.00314284	-0.0713566
-0.332378	-0.00969221	0.101716	-0.262511	0.416149	-0.129874	0.0440754	0.0820285	-0.0919151	0.182401
-0.0922815	-0.318589	0.100325	-0.0186011	0.31977	-0.0532763	-0.0503537	-0.0394792	0.0774637	0.0750231
0.0570978	-0.466049	-0.00970635	0.149195	0.191834	0.0424172	0.052169	0.0114123	-0.0841953	0.055826
0.0069825	-0.314009	0.0607759	0.127904	0.152375	0.105382	0.140254	0.0660423	-0.265023	-0.0806819
0.0402427	-0.207211	0.0281534	0.250564	-0.0415846	0.0466428	0.129143	0.018629	-0.124322	-0.140257
0.0829768	-0.141915	0.0149999	0.114834	0.0168555	0.0663579	0.0263761	0.0490493	-0.0954	-0.134135
0.0413355	-0.0952657	0.11858	0.202132	0.0186058	0.0324625	0.0266004	0.00218783	-0.138656	-0.207982
0.140132	-0.0628079	0.161763	0.316997	-0.143267	-0.0201603	0.0404325	-0.01395	-0.149383	-0.269755
0.0882148	-0.0585059	0.182905	0.237324	-0.148905	0.0902296	0.00615381	-0.0570693	-0.0329662	-0.30738
0.00485024	-0.037479	0.448069	-0.0312438	-0.141063	0.0579161	-0.0239188	-0.0216317	-0.0614904	-0.194009
-0.0279673	-0.0424195	0.49944	-0.0734896	-0.0962478	-0.065699	-0.0584811	0.00175495	-0.0964572	-0.0404335
-0.00851783	-0.00892723	0.125959	-0.00685029	-0.0199456	-0.0145063	-0.0473817	0.00681742	-0.0188784	-0.00776901
0.00713499	-0.000285013	0.0094671	-0.000255821	-0.00780362	-0.00207345	-0.00463904	-0.000647943	-0.000288124	-0.00060908
-1.28513e-05	-5.89285e-06	-7.31431e-06	-0.000202861	-0.00198391	-0.000117275	-3.32433e-06	0.00202635	-6.34371e-05	0.00037051
-1.14073e-05	4.55605e-05	-0.000100459	0.000269191	-2.2675e-06	-0.000102363	-4.55186e-06	-3.27188e-06	-6.80762e-05	-2.23547e-05
-0.00532356	-0.00059961	-0.0149574	0.0513492	-0.00517177	-0.00838409	-0.00193499	0.00299303	-0.00359107	-0.0143797
-0.0743599	-0.00816946	0.100325	0.274756	-0.0749233	-0.00316611	-0.0635098	-0.00776038	-0.0565611	-0.0866302
0.011059	-0.0529581	0.337802	0.238094	-0.0753845	0.128418	-0.224761	-0.0595323	-0.160919	-0.141818
0.14154	-0.195241	0.385355	0.204653	-0.110103	0.224302	-0.210539	-0.130029	-0.119422	-0.190518
0.165233	-0.355525	0.229984	0.083357	-0.120727	0.429028	-0.0260078	-0.261688	-0.016226	-0.127428
0.120239	-0.299049	0.310717	-0.0702202	-0.0235529	0.174028	0.137864	-0.279073	0.0511025	-0.122056
0.177268	-0.121037	0.140341	-0.162463	0.0372541	-0.00233989	0.175359	-0.283854	0.134049	-0.0945758
0.226865	-0.0103467	0.0964299	-0.349959	-0.0111357	-0.113584	0.22223	-0.294684	0.239843	-0.00565866
0.316427	-0.102349	0.196369	-0.443053	-0.191255	-0.15262	0.294042	-0.315961	0.27425	0.12415
0.0757871	-0.0828896	0.181557	-0.413786	-0.10806	-0.127402	0.322976	-0.185822	0.261936	0.0757012
-0.278299	0.0997337	0.254554	-0.422937	0.0842848	-0.127331	0.43198	-0.0833334	0.208584	-0.167236
-0.484619	0.245983	0.255374	-0.323619	0.233079	-0.102712	0.217261	0.0703068	0.0316222	-0.142674
-0.419248	0.211141	0.0899908	-0.239641	0.300315	-0.017744	0.0585026	0.0616852	-0.11831	0.0733091
-0.193233	-0.145957	-0.0259101	0.0536311	0.215289	-0.0515884	0.0982043	-0.0156107	-0.0298145	0.0949897
-0.0419865	-0.278508	0.117388	0.244047	0.145461	-0.0091555	0.188681	-0.14596	-0.131444	-0.0885225
0.00967892	-0.201774	0.160245	0.191024	-0.110706	0.0781582	0.219491	-0.111207	-0.108572	-0.126337
-0.0168846	-0.120644	0.085878	0.215004	-0.0732624	-0.0378238	0.220028	-0.0905507	-0.0190168	-0.162727
-0.0296758	-0.0820078	0.051291	0.225048	-0.148196	0.0388626	0.0774801	-0.0469776	-0.00563003	-0.0801937
-0.0528254	-0.0270104	0.00366222	0.15214	-0.0784812	0.0978936	0.0145043	-0.0787864	0.0132166	-0.0443137
0.0257485	-0.0408042	0.13678	0.323966	-0.0866452	0.0214538	0.0646294	-0.157735	-0.102013	-0.18538
0.133503	-0.0673548	0.16097	0.351065	-0.233235	0.0323142	0.0345416	-0.147284	-0.0210426	-0.243478
0.0609341	-0.0619013	0.365844	0.142677	-0.162196	0.117034	-0.0124839	-0.176872	-0.00642462	-0.266611
-0.0133622	-0.0198353	0.528113	-0.103622	-0.128319	0.102928	-0.0499599	-0.110214	-0.0525556	-0.153174
-0.0211813	-0.00241316	0.363434	-0.0517134	-0.0883568	-0.0401394	-0.0270477	-0.0140599	-0.0813796	-0.0371427
-0.00476651	0.00033248	0.0498665	-0.00601925	-0.00567248	-0.0102774	-0.0192889	0.00610024	-0.00848554	-0.00178915
-0.00286128	-6.15597e-06	0.0154054	-0.00010907	-2.42138e-05	-0.00453533	-0.00747417	-1.10574e-05	-0.00019162	-0.000192487
-1.77584e-09	2.34374e-05	-1.48965e-05	-1.72676e-06	-8.09495e-09	-6.99767e-08	-1.79251e-07	-2.65019e-07	-6.09755e-06	-1.92351e-07
0.00252309	0.000111962	-0.00104268	1.77572e-05	-0.0025275	-0.000289589	-0.000218942	0.00644622	-0.000449254	-0.00457105
-0.00400023	-0.000912072	-0.0134046	0.0510756	-0.00464023	-0.010071	-0.00193649	0.00206647	-0.00611383	-0.0120636
-0.0614839	-0.0092799	0.0311497	0.314884	-0.0252505	-0.0102233	-0.0619809	-0.0264667	-0.0819259	-0.0694216
-0.0293091	-0.069653	0.245727	0.29988	-0.0822639	0.155287	-0.172666	-0.061653	-0.155642	-0.129708
0.109501	-0.229124	0.21487	0.297131	-0.0888561	0.253796	-0.224144	-0.161539	-0.0177666	-0.153869
0.168604	-0.230345	0.200205	0.146225	-0.159455	0.363506	-0.102216	-0.272103	0.0634604	-0.177881
0.129984	-0.113827	0.303106	0.0507835	-0.189741	0.196067	0.0586172	-0.343748	0.0816086	-0.172851
0.143593	-0.0541928	0.228279	-0.0226189	-0.257807	0.26383	0.090326	-0.292609	0.112613	-0.211413
0.186282	0.0120687	0.204188	-0.0770257	-0.337413	0.13949	0.219431	-0.289024	0.214349	-0.272346
0.313183	-0.0871624	0.251694	-0.151863	-0.359451	0.0501774	0.316437	-0.295602	0.19924	-0.236654
0.278118	-0.0196038	0.21816	-0.231281	-0.252946	0.073198	0.500362	-0.190991	-0.0921631	-0.282853
0.0829916	0.0250656	0.211674	-0.287039	-0.293494	0.0952486	0.471739	-0.0579452	0.0189494	-0.267189
-0.157915	0.18559	0.26482	-0.20711	-0.103102	0.0944919	0.219766	-0.000308947	-0.10176	-0.19447
-0.193553	0.00213214	0.0982665	-0.0598902	0.0896316	0.0313019	0.214273	0.132748	-0.12266	-0.192249
-0.108236	-0.0646121	0.0892368	0.0462476	0.0152004	0.0373532	0.24361	-0.0757363	-0.0198164	-0.163247
-0.0635393	0.0358986	0.139065	0.181882	-0.0654224	-0.00774043	0.261135	-0.275087	-0.0645515	-0.141639
0.00368459	-0.00766518	0.162605	0.27743	-0.149072	-0.00961066	0.192254	-0.272102	0.00881235	-0.206335
-0.0319735	0.0370419	0.0923751	0.247053	-0.132651	0.0261875	0.133204	-0.280499	0.100244	-0.190983
-0.0583258	0.0566684	-0.0046158	0.200899	-0.199691	0.0160369	0.131017	-0.173972	0.0799939	-0.0480098
-0.00500549	0.0180544	0.0634334	0.144766	-0.16622	0.100697	0.087275	-0.268478	0.0560088	-0.0305319
0.050529	-0.012571	0.159386	0.309329	-0.128754	0.0717727	0.102019	-0.346537	-0.0346632	-0.17051
0.10351	-0.0574946	0.255352	0.184624	-0.251515	0.0844403	0.0392813	-0.270824	0.0988821	-0.186258
0.0111597	-0.0434239	0.327049	0.0636507	-0.1717	0.150952	-0.0406378	-0.195459	0.0529503	-0.15454
-0.00897336	0.00140505	0.328994	-0.0794199	-0.100561	0.0970978	-0.05728	-0.0579042	-0.0434629	-0.0798944
-0.0242836	0.0158209	0.259947	-0.0350482	-0.0420616	-0.0116041	-0.0601093	-0.0132467	-0.0676961	-0.0217187
-0.00457242	0.000899464	0.069563	-0.00553229	-0.0015423	-0.0156193	-0.0279075	-0.00165952	-0.00879379	-0.00483525
-0.000898608	1.65515e-05	0.00717243	-6.62025e-05	-1.30291e-07	-0.00137481	-0.00479259	-2.64302e-07	-5.62171e-05	-1.54474e-07
0.0	0.0	0.0	0.0	0.0	0.0	0.0	0.0	0.0	0.0
0.00635369	-3.39237e-05	-0.00238975	6.67612e-06	-5.56515e-05	-0.00031977	-0.000547057	-6.27811e-05	-0.000957063	-0.00199436
-0.00380527	-0.0048234	0.00460612	0.040038	-0.00204201	-0.00704248	-0.00184376	-0.00594227	-0.00874385	-0.010401
-0.0530365	-0.0185284	0.0573173	0.284404	-0.034216	0.00094309	-0.0434441	-0.0481353	-0.0877799	-0.0575239
-0.0162918	-0.0485946	0.234659	0.340967	-0.0845777	0.0698678	-0.143212	-0.116601	-0.149621	-0.0865962
0.122072	-0.136885	0.227448	0.219048	-0.141558	0.256397	-0.236618	-0.189198	-0.0461207	-0.0745861
0.153923	-0.0309526	0.200359	0.255792	-0.232948	0.254811	-0.19947	-0.304795	0.0973463	-0.194066
0.126395	0.00555737	0.355291	0.164384	-0.344279	0.0692432	0.00036064	-0.339811	0.273766	-0.310906
0.112076	0.0893607	0.255851	0.187182	-0.415586	0.239044	0.0168467	-0.275548	0.0801108	-0.289336
0.181972	0.0632321	0.243298	0.198695	-0.389845	0.21524	0.182317	-0.295552	-0.0124437	-0.386912
0.321984	0.076951	0.216189	-0.0188331	-0.354692	0.0547421	0.322114	-0.239705	0.0830284	-0.461778
0.379754	0.106345	0.296471	-0.160093	-0.22306	0.145927	0.326295	-0.201299	-0.164512	-0.50583
0.289998	0.03756	0.186837	-0.294034	-0.198825	0.0783074	0.419679	-0.0636192	0.00269956	-0.458603
0.0930382	-0.0174428	0.0662517	-0.137197	-0.254979	0.0304915	0.384014	0.00800881	0.0149111	-0.187095
-0.000474985	-0.00886064	0.0155429	0.0156067	-0.103429	-0.0702633	0.493096	0.0475845	-0.129961	-0.258841
-0.0025348	-0.0519771	0.0499053	-0.0171478	-0.0464379	0.0118757	0.329202	-0.134122	0.0527475	-0.191511
-0.051868	0.1371	0.0758259	0.102685	-0.0130018	0.0897538	0.198995	-0.273896	-0.139365	-0.126228
-0.0176522	0.224323	0.0158757	0.167762	-0.0445871	0.118458	0.111842	-0.342709	-0.0552142	-0.178097
-0.0958904	0.219507	0.128028	0.192223	-0.0952809	0.12782	0.18282	-0.419057	-0.00393022	-0.236241
-0.0822638	0.146942	0.157686	0.170276	-0.16802	0.0604679	0.113473	-0.336131	0.0243991	-0.0868301
-0.0344603	0.0623355	0.132184	0.225262	-0.111038	0.0355213	0.118312	-0.42253	0.0890508	-0.0946371
0.0388434	-0.0187825	0.234815	0.164015	-0.0733671	0.122612	0.00860379	-0.396076	0.0777107	-0.158375
0.0420547	-0.0622903	0.263693	0.0321762	-0.144154	0.258137	-0.0863677	-0.295943	0.129317	-0.136622
-0.0378353	-0.046904	0.289002	9.31257e-05	-0.125395	0.138078	-0.0490703	-0.149112	0.0551302	-0.0739863
-0.0285286	-0.0216627	0.278076	-0.0599542	-0.0610631	0.0508654	-0.048426	-0.0347096	-0.0729861	-0.0016101
-0.0185316	-0.000360154	0.125987	-0.0205592	-0.0366611	0.0255248	-0.0255243	-0.0125789	-0.0473731	0.0100766
-0.00101679	0.00246666	0.0216003	-0.00265593	-0.000398776	-0.00228763	-0.00521759	-0.00105562	-0.00795938	-0.0034752
-2.0947e-05	5.92354e-05	-4.98831e-05	-4.05252e-05	-2.13216e-05	0.000343204	-4.22727e-06	-3.11294e-05	-0.000203015	-3.13909e-05
-2.19194e-08	6.03907e-05	-2.96444e-05	-8.7601e-06	-4.30284e-07	-3.6481e-07	-6.46788e-07	-3.25127e-06	-1.6351e-05	-9.1999e-07
-4.94166e-05	5.46521e-06	1.2926e-05	0.000459263	-2.47286e-06	-0.000128686	-3.05491e-05	-7.3294e-05	-6.81455e-05	-0.00012509
-0.00889249	-0.00834535	0.0196272	0.0404866	-0.000604685	-0.00788554	-0.00097381	-0.0170421	-0.00807312	-0.00829675
-0.0402036	-0.0129928	0.0858562	0.182651	-0.0317495	0.0119875	-0.025034	-0.059901	-0.066465	-0.0441485
-0.0455918	0.0187826	0.146926	0.248741	-0.0640562	0.0870022	-0.103521	-0.118118	-0.10809	-0.0620738
0.0676866	0.146287	0.153023	0.154606	-0.0988241	0.0674021	-0.188427	-0.167674	-0.0725302	-0.0615484
0.121383	0.161721	0.154462	0.182403	-0.228278	0.124797	-0.273652	-0.235931	0.149903	-0.156809
0.126515	0.117031	0.172053	0.123699	-0.301493	0.174426	-0.134432	-0.258132	0.225266	-0.244932
0.0505822	0.139053	0.174518	0.106171	-0.236815	0.171337	0.0119333	-0.205709	0.025362	-0.236434
0.102525	0.0612469	0.24928	-0.0466197	-0.237439	0.152475	0.116405	-0.256612	0.0724752	-0.213737
0.243337	0.107183	0.140045	-0.0542441	-0.219602	0.0392564	0.240227	-0.198605	-0.04713	-0.250469
0.332601	-0.0991976	0.108259	-0.133355	-0.0938044	0.130806	0.336143	-0.17345	-0.0670763	-0.340926
0.246886	-0.159063	0.0365776	-0.110481	-0.118994	0.101656	0.476836	-0.105728	-0.078659	-0.28903
0.0990254	-0.140379	0.067055	-0.07214	-0.16864	0.0414969	0.518888	-0.113279	0.0438211	-0.275849
0.0165703	0.0153957	0.05167	-0.0897404	-0.0937448	0.0562547	0.49469	-0.141283	-0.033994	-0.275817
-0.0132125	0.0262926	-0.0275745	0.00304943	0.0160623	0.0477345	0.297903	-0.134376	-0.0084171	-0.207461
-0.0201775	0.0655013	0.0671123	0.0929005	-0.054874	0.0427738	0.207011	-0.147023	-0.118165	-0.135059
-0.110669	0.177427	0.153068	0.0622024	-0.0115209	0.0972014	0.246038	-0.28287	-0.0804323	-0.250445
-0.122765	0.243465	0.211649	0.181975	-0.0784775	-0.0058394	0.190036	-0.315866	-0.0451262	-0.259051
-0.127879	0.140529	0.265195	0.23302	-0.0153441	-0.00263576	0.088209	-0.344985	-0.0261521	-0.209957
-0.053622	0.110559	0.10817	0.0893716	0.00914902	0.141916	0.00983253	-0.369604	0.074365	-0.120138
-0.013539	0.0397231	0.183939	-0.0221934	0.00193891	0.249405	-0.0592312	-0.350992	0.0339173	-0.0629673
-0.0121249	-0.089111	0.278146	-0.0662933	-0.0587096	0.230248	-0.0443124	-0.255796	0.0950352	-0.0770817
-0.0199339	-0.0645139	0.307437	-0.0855824	-0.0466724	0.103732	-0.0410499	-0.131907	-0.00733091	-0.0141784
-0.0257231	-0.00733035	0.200289	-0.0683447	-0.0431618	0.0499176	-0.0250606	-0.0272552	-0.0887127	0.0353823
-0.00851465	-0.00156741	0.0723696	-0.0148739	-0.0328199	0.0402815	-0.0158225	-0.00965327	-0.0317494	0.00234993
0.00700445	-0.000936507	0.00802881	-0.00225493	-0.000727082	0.00059344	-0.00133293	-0.00101777	-0.003074	-0.00628349
4.00742e-06	-4.47116e-11	-6.23501e-07	-2.75101e-07	-3.55722e-09	-1.40545e-06	-2.27485e-07	-7.57855e-09	-1.45184e-06	-1.28083e-08
-2.12344e-08	5.85035e-05	-2.8718e-05	-8.48635e-06	-4.16838e-07	-3.5341e-07	-6.26576e-07	-3.14966e-06	-1.584e-05	-8.91241e-07
-7.84869e-07	1.75155e-05	-1.02233e-05	1.44253e-05	-1.72403e-07	-4.80817e-06	-2.05523e-07	-4.53564e-06	-6.61888e-06	-4.59204e-06
-0.00198136	-0.00797544	0.0112677	0.0371441	-0.000366867	-0.00561436	-0.000221677	-0.017824	-0.00596549	-0.00846255
-0.0319986	-0.00917129	0.0592453	0.112955	-0.0252249	0.00843312	-0.00871265	-0.0485407	-0.0349395	-0.0220458
-0.095037	0.0530222	0.115194	0.160934	-0.0432541	0.085968	-0.048676	-0.0787937	-0.104009	-0.0453471
-0.0163927	0.307988	0.115548	0.123204	-0.0782997	-0.0154813	-0.114337	-0.0455154	-0.160073	-0.11664
0.059634	0.278942	0.156806	0.140877	-0.140386	-0.104621	-0.21753	-0.0560677	0.0255104	-0.143166
0.117142	0.155723	0.172224	0.0817673	-0.189055	-0.0297475	-0.230753	0.00647146	0.129686	-0.213458
0.143602	0.0941457	0.259732	-0.0503113	-0.183677	0.0738542	-0.188126	-0.0545903	0.0240438	-0.118673
0.149912	0.0785767	0.248932	-0.0221647	-0.19321	0.0907478	-0.082665	-0.140108	-0.0415446	-0.088476
0.16887	-0.0609086	0.131814	0.0130323	-0.110234	-0.0157495	0.011624	-0.0981229	0.0129309	-0.0532572
0.234224	-0.278164	0.145714	0.0377526	-0.076021	0.0751354	0.0211142	-0.200818	0.0999685	-0.0589058
0.191715	-0.37702	0.0788539	-0.0649749	-0.11529	0.166296	0.163626	-0.144023	0.163732	-0.062914
0.290213	-0.271202	-0.0211704	-0.0904248	-0.0931374	0.227521	0.165344	-0.226908	0.191493	-0.171728
0.141705	-0.0773959	-0.0637971	-0.0815826	-0.0831211	0.11583	0.0526818	-0.118794	0.183268	-0.0687928
0.100689	0.0288852	-0.119154	0.0206847	-0.0542347	0.0481125	0.102699	-0.06055	0.0984426	-0.165575
0.0428886	0.0857716	-0.0279201	0.0515153	-0.0609655	0.110413	0.072742	-0.0882657	-0.0256051	-0.160573
0.0171835	0.231738	0.0298133	0.0921393	0.0136141	0.0255526	0.0110678	-0.195165	-0.00769079	-0.218253
-0.0738439	0.244863	0.161451	0.0962325	0.0356957	0.0499858	-0.0536552	-0.220992	-0.00785081	-0.231886
-0.108443	0.104416	0.247415	0.136603	0.181444	0.0917617	-0.0538052	-0.256887	-0.0499708	-0.292533
-0.129522	0.0488869	0.251438	0.0585125	0.122531	0.104572	-0.0278736	-0.327491	-0.00491928	-0.0961351
-0.0852243	-0.0376452	0.234053	-0.0637175	0.136352	0.0861345	-0.0333874	-0.305396	0.0710008	-0.00217011
-0.0181056	-0.0865187	0.261368	-0.0321016	0.00574309	0.0823301	-0.075787	-0.189141	0.00788132	0.0443316
0.00284757	-0.0437351	0.182921	-0.0559961	-0.0442961	0.0786662	-0.0579901	-0.112681	-0.0200234	0.0702879
-0.0135524	-0.0111627	0.115715	-0.0458748	-0.0342119	0.0508839	-0.0244113	-0.0288181	-0.0454313	0.0368638
-0.00492779	-0.00185725	0.0382142	-0.0132398	-0.0200552	0.0289834	-0.00705364	-0.0130623	-0.0119467	0.0049451
0.000752676	0.00159529	-0.0055176	-0.000135119	0.000558414	0.00561724	-9.14221e-05	-0.000193716	-0.00131787	-0.00126788
7.39832e-06	-8.25445e-11	-1.15108e-06	-5.07879e-07	-6.56718e-09	-2.59467e-06	-4.19972e-07	-1.39912e-08	-2.68032e-06	-2.36461e-08
0.0	0.0	0.0	0.0	0.0	0.0	0.0	0.0	0.0	0.0
0.0	0.0	0.0	0.0	0.0	0.0	0.0	0.0	0.0	0.0
-0.000261975	-9.80789e-05	-0.000221289	0.0215847	-0.000112592	-0.000478859	-2.77667e-05	-0.0133316	-0.00169746	-0.005355
-0.0119252	-0.0180697	-0.0101505	0.102316	-0.00616244	0.00900236	-0.0017601	-0.0336133	-0.0224478	-0.00718967
-0.0645403	0.0189214	-0.00632058	0.183281	-0.0200193	0.0524602	-0.0103106	0.00830144	-0.111265	-0.0505084
-0.0638834	0.212993	-0.0169409	0.211747	-0.0468287	0.0435741	-0.032831	0.0696028	-0.293249	-0.0841832
-0.0167525	0.242859	-0.0187477	0.222994	-0.0647971	-0.0614148	-0.0804359	0.168454	-0.282496	-0.109664
0.0681139	0.108305	-0.00342542	0.189306	-0.0818782	-0.080451	-0.161873	0.219086	-0.140195	-0.11699
0.109183	0.0017589	0.0663177	0.0192966	-0.0782515	0.0773908	-0.225366	-0.0463532	0.0913674	-0.015344
0.164334	-0.024573	0.0811997	0.0651032	-0.0648402	0.138774	-0.271481	-0.0454721	0.0561105	-0.0991554
0.228269	-0.0907866	0.0049589	0.052138	-0.0335589	0.216945	-0.325649	-0.0453584	-0.00224957	-0.00470817
0.27828	-0.132506	0.0945724	0.121	-0.00607568	0.122327	-0.299644	-0.164334	0.0727603	-0.0863796
0.272441	-0.0705781	0.0330189	-0.0578856	-0.0886419	0.134674	-0.190479	-0.176391	0.199396	-0.0555541
0.2746	-0.138035	-0.0826202	0.0279805	-0.069659	0.00411428	-0.136096	-0.161112	0.40358	-0.122753
0.240238	-0.148162	-0.112666	-0.0601137	-0.0122517	0.0472022	-0.0988926	-0.0572527	0.296098	-0.0941994
0.152908	0.0325982	-0.128492	-0.0179794	-0.0325536	0.0308557	-0.102582	-0.00373924	0.237146	-0.168161
0.013636	0.0812419	-0.0651652	-0.116621	0.0559618	0.119729	-0.145933	-0.068073	0.269251	-0.144027
-0.0290837	0.175873	-0.0371664	0.0646559	0.0486287	0.00603508	-0.128102	-0.0772298	0.116359	-0.139971
-0.201503	0.0646542	0.154808	0.140833	0.183675	-0.0857942	-0.0813037	-0.145997	0.122235	-0.151609
-0.228646	0.0206097	0.261347	-0.00435141	0.200667	-0.0157338	-0.0499153	-0.233917	0.123852	-0.0739131
-0.203007	-0.0439449	0.220758	-0.0448203	0.191968	0.0416778	-0.0442378	-0.282917	0.124525	0.0399997
-0.106627	-0.0756583	0.222523	-0.0570597	0.129718	-0.0163717	-0.0546417	-0.265086	0.0548787	0.168325
-0.0435481	-0.0611545	0.173778	-0.0676183	-0.00917338	0.00360613	-0.0370417	-0.160695	0.0099354	0.191912
-0.0167935	-0.041942	0.0962747	-0.0357842	-0.0349618	0.0454517	-0.0240422	-0.117697	0.0123919	0.117102
-0.01717	-0.00953886	0.0726156	-0.0165458	-0.0255156	0.0370177	-0.0146796	-0.0389943	-0.0273748	0.0401856
-0.00318051	7.15491e-05	0.0329312	-0.00999936	-0.0019979	0.0115664	-0.00352148	-0.0146527	-0.00870925	-0.00250797
-9.54212e-06	0.00667942	-0.0042928	0.00146446	0.000584466	0.00318741	-7.57638e-05	-0.000103929	-0.00574113	-0.00169258
0.0	0.0	0.0	0.0	0.0	0.0	0.0	0.0	0.0	0.0
0.0	0.0	0.0	0.0	0.0	0.0	0.0	0.0	0.0	0.0
0.0	0.0	0.0	0.0	0.0	0.0	0.0	0.0	0.0	0.0
-0.00117067	-8.04925e-06	-0.00149185	0.00957093	-7.99702e-06	-0.000257582	-3.76214e-06	-0.00521423	-7.80217e-05	-0.00133875
-0.00196334	-0.0130184	-0.0318581	0.0625212	-0.000241787	0.00728195	-0.000150312	0.0045723	-0.0210498	-0.0060937
-0.0088539	-0.0203107	-0.060916	0.127505	-0.0102391	-0.00682612	-0.00182784	0.0746146	-0.0969761	0.00383056
-0.0346206	0.0322658	-0.114525	0.174554	-0.0155681	-0.0155552	-0.00999369	0.198742	-0.224418	0.00911905
-0.046818	0.0392733	-0.189155	0.297784	-0.0437654	-0.0399104	-0.0217474	0.264334	-0.290342	0.0303477
-0.0817364	-0.0451661	-0.228557	0.343385	-0.0611042	0.00887128	-0.045957	0.251451	-0.235223	0.0940365
-0.0762622	-0.137472	-0.189722	0.253219	-0.0617439	0.0590307	-0.091225	0.182571	-0.0287441	0.0903495
-0.073593	-0.183438	-0.159073	0.251749	-0.0374501	0.21987	-0.140024	0.104992	0.0316773	-0.0147096
-0.0578136	-0.218446	-0.197794	0.314445	-0.0275097	0.172488	-0.182228	0.128579	0.0591077	0.00917197
-0.0206111	-0.232969	-0.147325	0.301969	0.0168644	0.151678	-0.2343	0.0810207	0.189811	-0.106139
0.0907621	-0.233429	-0.0419469	0.233515	-0.107004	0.181324	-0.222894	0.0582337	0.161856	-0.120416
0.104972	-0.264986	-0.0225043	0.264594	-0.143061	0.250857	-0.233945	0.127548	0.129526	-0.213002
0.0404236	-0.259484	0.0626858	0.221577	-0.0964012	0.227873	-0.211551	0.0799245	0.141025	-0.206073
-0.0544193	-0.216091	-0.00487341	0.112357	-0.0812936	0.1672	-0.18301	0.0781646	0.228592	-0.046625
-0.11096	-0.240175	-0.0199015	0.138992	-0.0355451	0.0643329	-0.131028	0.0503089	0.296694	-0.012718
-0.152737	-0.0778496	0.0431225	0.0642476	-0.0838438	0.0709367	-0.0947625	0.0543484	0.079774	0.0967632
-0.19424	-0.0125218	0.0766823	-0.110481	0.0147982	0.0503248	-0.0758068	-0.0531456	0.206867	0.097523
-0.173484	0.00191459	-0.0198792	-0.109932	0.088347	-0.00727747	-0.0649707	-0.0969018	0.255521	0.126663
-0.146984	-0.0168174	-0.0130849	-0.0588871	0.0773775	-0.00549706	-0.0402484	-0.154365	0.0846589	0.273847
-0.103038	-0.0130921	0.0456076	-0.0355181	0.0427536	-0.0140361	-0.0356065	-0.157332	-0.00567769	0.275941
-0.043691	-0.0231241	0.0218254	-0.0270855	0.00715144	0.0466156	-0.0199461	-0.120972	-0.0308742	0.1901
-0.0145855	-0.0108266	0.0297411	-0.0117586	-0.00899905	0.0409934	-0.00827625	-0.106568	-0.0217017	0.111981
-0.00243851	-0.00324392	0.0707289	-0.0106501	-0.0170796	0.0289234	-0.00228114	-0.0438763	-0.018839	-0.00124357
-0.000157722	0.00202755	0.0389531	-0.00262449	0.00248527	-0.00498394	-0.00025891	-0.0184648	-0.00682653	-0.0101495
-3.25946e-07	0.000435554	0.00501024	-8.21395e-06	-3.53405e-05	-9.27364e-05	-1.72367e-05	-1.5331e-06	-0.000911015	-0.00437939
0.0	0.0	0.0	0.0	0.0	0.0	0.0	0.0	0.0	0.0
0.0	0.0	0.0	0.0	0.0	0.0	0.0	0.0	0.0	0.0
0.0	0.0	0.0	0.0	0.0	0.0	0.0	0.0	0.0	0.0
-1.01459e-05	-1.88865e-07	-3.02553e-05	0.000947844	-2.02099e-05	-4.55511e-06	-2.15127e-07	-0.00151624	-5.76075e-05	0.000691577
-0.00010771	-0.000765789	-0.00791018	-0.00365349	-6.39394e-05	0.0080401	-4.00329e-05	0.0100574	-0.00234086	-0.0032155
-0.00218724	-0.0155536	-0.0256425	0.0116175	-0.00171454	0.0101796	-0.000686427	0.062726	-0.0488224	0.0100836
-0.00873593	-0.0325696	-0.0474586	0.0543574	-0.0239055	-0.0181775	-0.00162902	0.0841288	-0.0995512	0.0935413
-0.0355316	-0.0503512	-0.0615461	0.120729	-0.0652897	-0.0215889	-0.00490673	0.0965283	-0.111933	0.13389
-0.0671734	-0.0800897	-0.103998	0.207096	-0.117073	-0.00445188	-0.00917977	0.133184	-0.143807	0.185494
-0.103831	-0.0923248	-0.177613	0.337742	-0.181101	0.00651852	-0.0268179	0.251985	-0.20685	0.192293
-0.154709	-0.141361	-0.191792	0.392327	-0.168595	0.0760601	-0.0386233	0.280081	-0.191881	0.138492
-0.211907	-0.227155	-0.178372	0.426353	-0.168717	0.0963665	-0.0400844	0.199617	-0.0763917	0.180292
-0.224534	-0.20648	-0.180604	0.411788	-0.239943	0.152422	-0.0419078	0.283768	-0.0402122	0.0857017
-0.26205	-0.1584	-0.143153	0.432533	-0.321703	0.17026	-0.0466755	0.27179	-0.0900927	0.14749
-0.245579	-0.196585	-0.105345	0.356368	-0.256059	0.195242	-0.0661802	0.257392	-0.0841038	0.144848
-0.224575	-0.206624	-0.0514834	0.213321	-0.241227	0.110711	-0.058586	0.243787	0.0299834	0.184693
-0.20865	-0.216224	-0.026172	0.0958295	-0.25453	0.160978	-0.056079	0.250374	0.131114	0.123358
-0.162723	-0.178729	-0.0429932	0.0794537	-0.309607	0.131803	-0.0501053	0.201039	0.125902	0.205958
-0.163636	-0.0997899	-0.0575051	0.0230882	-0.320221	0.0962364	-0.0382056	0.187246	0.116912	0.255875
-0.129051	-0.0392779	-0.0954239	-0.0160994	-0.252846	0.0312198	-0.0314985	0.158376	0.0814465	0.293155
-0.0801165	-0.0270546	-0.115556	0.0154895	-0.211776	0.0239656	-0.0209718	0.0316097	0.0450665	0.339344
-0.0760056	-0.012221	-0.0775712	-0.0192684	-0.117934	0.0124105	-0.0119024	-0.0700359	0.00869275	0.363836
-0.0590665	-0.00392464	-0.0594889	-0.0414868	-0.0725369	0.0467228	-0.00744429	-0.0595051	-0.0172561	0.273987
-0.0230162	-0.00277774	-0.0479881	-0.0167226	-0.0328048	0.068684	-0.00451275	-0.0293694	-0.0181927	0.1067
-0.00554848	-0.000731472	-0.0240895	-0.00307318	-0.0223205	0.0518521	-0.00184251	-0.0252779	-0.00655448	0.0375859
-0.00142816	-1.0173e-05	-0.00480492	-0.000155039	-0.0137103	0.0314062	-0.000464705	-0.00186524	-0.00263722	-0.00633037
-3.68427e-07	-2.25952e-06	0.00444719	-0.000159045	-0.000565336	-4.47904e-06	-1.0342e-05	-0.000492834	-0.000897339	-0.00231519
-2.79554e-07	-2.69354e-06	0.00532101	-1.89413e-06	-3.7357e-05	-2.00063e-06	-1.09096e-05	-1.29482e-06	-0.000618367	-0.00464622
0.0	0.0	0.0	0.0	0.0	0.0	0.0	0.0	0.0	0.0
0.0	0.0	0.0	0.0	0.0	0.0	0.0	0.0	0.0	0.0
0.0	0.0	0.0	0.0	0.0	0.0	0.0	0.0	0.0	0.0
0.0	0.0	0.0	0.0	0.0	0.0	0.0	0.0	0.0	0.0
0.0	0.0	0.0	0.0	0.0	0.0	0.0	0.0	0.0	0.0
-0.0001669	-0.000490872	-0.000575679	0.000324304	-0.000686552	-0.00196624	-3.64868e-05	-0.0107468	-0.00706626	0.0214115
-0.00215982	-0.00215111	-0.00207022	0.00722631	-0.00572383	-0.00473678	-0.000259965	-0.025351	-0.0180325	0.0532589
-0.00892326	-0.00396303	-0.00603315	0.0122676	-0.0275752	-0.0102939	-0.00108111	-0.0195018	-0.0264082	0.0915122
-0.0202342	-0.00572709	-0.011932	0.02005	-0.0572679	-0.029059	-0.00192121	0.0194184	-0.0196839	0.106357
-0.0321473	-0.00969169	-0.0160563	0.0114722	-0.106617	-0.0401399	-0.00417038	0.0732597	-0.0226788	0.146769
-0.0535829	-0.0166207	-0.0163012	0.00577012	-0.164756	-0.0322147	-0.00595391	0.109448	-0.0453017	0.219513
-0.0513286	-0.0324047	-0.0162852	0.00806955	-0.171551	-0.0117806	-0.00656563	0.103246	-0.0726895	0.25129
-0.0431614	-0.0311714	-0.0279537	0.00568081	-0.21425	0.0357367	-0.00754723	0.111916	-0.0579196	0.228669
-0.0328333	-0.037379	-0.0180562	-0.0125346	-0.253153	0.0393475	-0.00891001	0.0723833	-0.0686276	0.319762
-0.0520736	-0.0653488	-0.0264222	-0.0159983	-0.265884	0.00732509	-0.0105766	0.174262	-0.0786985	0.333415
-0.0691448	-0.0605239	-0.0218526	-0.0338692	-0.3136	-0.0162574	-0.00919687	0.228245	-0.0872259	0.383427
-0.0569998	-0.0437228	-0.0260367	-0.0275088	-0.277226	0.0195763	-0.00842525	0.259747	-0.0860469	0.246643
-0.0421891	-0.0240872	-0.0317684	0.0020619	-0.24935	0.000707102	-0.00768807	0.196213	-0.0614987	0.217599
-0.044597	-0.0125106	-0.0378309	-0.00108354	-0.223932	-0.0194632	-0.00730693	0.200943	-0.0362072	0.181988
-0.0286238	-0.0125871	-0.0274042	-0.00711627	-0.210365	-0.0367626	-0.00640116	0.174552	-0.0248138	0.179522
-0.00783462	-0.00602269	-0.0139755	-0.0103272	-0.157064	-0.0155002	-0.00410763	0.0723223	-0.0260455	0.168555
-0.0161875	-0.00270191	-0.0109194	-0.014958	-0.077829	0.00761933	-0.00276127	-0.00856317	-0.0148082	0.141109
-0.0199759	-0.00155722	-0.00996014	-0.00814885	-0.0365865	0.012088	-0.00179988	-0.000190817	-0.00715344	0.0732847
-0.00999537	-0.000289048	-0.00306338	-0.000132504	-0.0168561	0.00628168	-0.000354905	0.0152778	-0.00156774	0.0106996
-0.000762679	-7.84824e-06	-3.99793e-05	-0.000122267	-0.00105838	4.9684e-05	-5.91056e-05	-0.00230297	-0.000162954	0.0044665
-2.23657e-06	-1.56569e-09	-3.25583e-07	-1.41298e-06	-0.00032666	-8.41503e-06	-8.77705e-07	-2.77532e-05	-6.68237e-06	0.000374365
-1.45083e-07	-1.50333e-08	-8.47343e-07	-1.47389e-07	-5.0665e-08	-6.99297e-08	-8.57675e-10	6.6045e-06	-4.93285e-07	-4.83475e-06
0.0	0.0	0.0	0.0	0.0	0.0	0.0	0.0	0.0	0.0
0.0	0.0	0.0	0.0	0.0	0.0	0.0	0.0	0.0	0.0
0.0	0.0	0.0	0.0	0.0	0.0	0.0	0.0	0.0	0.0
0.0	0.0	0.0	0.0	0.0	0.0	0.0	0.0	0.0	0.0
0.0	0.0	0.0	0.0	0.0	0.0	0.0	0.0	0.0	0.0
0.0	0.0	0.0	0.0	0.0	0.0	0.0	0.0	0.0	0.0
-2.68719e-06	-3.36194e-06	-1.99108e-06	-4.48121e-07	-1.20026e-06	-7.94057e-07	-7.38792e-08	7.08056e-05	-3.269e-05	-2.75591e-05
-4.86929e-05	-8.78165e-06	-6.33779e-06	-1.90009e-06	-5.21408e-06	-1.37925e-05	-8.23426e-07	0.00029401	-9.08053e-05	-0.000117662
-6.35282e-05	-7.81033e-06	-1.9107e-05	-1.34769e-05	-0.00246071	-2.54853e-05	-2.29035e-06	9.47194e-06	-0.000103437	0.00268638
-0.00013929	-2.20096e-05	-5.46925e-05	-4.62203e-05	-0.0141996	-0.000291075	-3.73861e-05	-0.000565559	-0.000146474	0.0155023
-0.000417849	-4.61514e-05	-8.12574e-05	-0.000102463	-0.0156486	-0.000727311	-6.97465e-05	0.0060114	-0.000258607	0.0113406
-0.000844425	-3.08411e-05	-0.000127418	-0.000444199	-0.00819638	-0.000553777	-2.76614e-05	0.00720671	-0.000463865	0.00348185
-0.000764434	-0.00204837	-0.000944432	-0.00184605	-0.0134197	0.00211051	-5.47244e-05	0.0230991	-0.00534286	-0.000788998
-0.00126355	-0.000600401	-0.000513524	-0.00123728	-0.0113734	0.00562325	-6.15544e-05	0.0100232	-0.00195898	0.0013622
-0.00317348	-0.00101045	-0.000483455	-0.00196664	-0.0199144	0.00353397	-0.000379584	0.0205848	-0.00404177	0.00685101
-0.00517867	-0.00110211	-0.000554677	-0.00285789	-0.0152211	-0.00212203	-0.000388874	0.0564813	-0.00350644	-0.0255495
-0.00754187	-0.000981362	-0.000564996	-0.0043533	-0.0421285	-0.00783202	-0.000753594	0.0644493	-0.0045418	0.00424826
-0.00721301	-0.000423432	-0.000802648	-0.00389199	-0.0238147	-0.00603242	-0.000758575	0.0653841	-0.00442076	-0.0180266
-0.00450937	-0.000275049	-0.000682812	-0.00440901	-0.0171129	-0.00382204	-0.000540336	0.0570556	-0.00231212	-0.023392
-0.00379022	-0.00135732	-0.000594323	-0.0035629	-0.0152123	-0.00420587	-0.000498655	0.065175	-0.00218529	-0.0337681
-0.00386913	-0.00379839	-0.000484514	-0.00253679	-0.019855	-0.00397853	-0.000325349	0.0774993	-0.00250363	-0.040148
-0.00191244	-0.000121758	-0.000366364	-0.00170501	-0.0152598	-0.00286121	-0.000196235	0.0473847	-0.00151006	-0.0234518
-0.00318848	-7.16663e-05	-0.00129209	-0.000806909	-0.00338628	-0.00291429	-0.000182441	0.0124766	-0.00123038	0.000595936
-0.00397073	-2.53035e-05	-0.000754967	-0.000290756	-0.00116805	-0.00121211	-7.18185e-05	0.0015839	-0.000608968	0.00651881
-0.0107078	-4.92999e-05	-0.00265393	-0.000203617	-0.00173726	-0.00128339	-0.000177014	0.0126637	-0.000537883	0.00468648
-0.00244567	-2.82065e-06	-2.70016e-05	-2.28287e-05	-0.000337718	-0.00027093	-1.36117e-05	0.00411547	-0.000100495	-0.000894398
0.0	0.0	0.0	0.0	0.0	0.0	0.0	0.0	0.0	0.0
0.0	0.0	0.0	0.0	0.0	0.0	0.0	0.0	0.0	0.0
0.0	0.0	0.0	0.0	0.0	0.0	0.0	0.0	0.0	0.0
0.0	0.0	0.0	0.0	0.0	0.0	0.0	0.0	0.0	0.0
