0.0	0.0	0.0	0.0	0.0	0.0	0.0	0.0	0.0	0.0
0.0	0.0	0.0	0.0	0.0	0.0	0.0	0.0	0.0	0.0
0.0	0.0	0.0	0.0	0.0	0.0	0.0	0.0	0.0	0.0
0.0	0.0	0.0	0.0	0.0	0.0	0.0	0.0	0.0	0.0
0.0	0.0	0.0	0.0	0.0	0.0	0.0	0.0	0.0	0.0
0.0	0.0	0.0	0.0	0.0	0.0	0.0	0.0	0.0	0.0
0.0	0.0	0.0	0.0	0.0	0.0	0.0	0.0	0.0	0.0
0.0	0.0	0.0	0.0	0.0	0.0	0.0	0.0	0.0	0.0
0.0	0.0	0.0	0.0	0.0	0.0	0.0	0.0	0.0	0.0
0.0	0.0	0.0	0.0	0.0	0.0	0.0	0.0	0.0	0.0
0.0	0.0	0.0	0.0	0.0	0.0	0.0	0.0	0.0	0.0
0.0	0.0	0.0	0.0	0.0	0.0	0.0	0.0	0.0	0.0
-3.25243e-06	-5.78995e-06	-0.000356297	-2.8304e-05	-0.00182553	-4.23971e-05	0.00271557	-6.18803e-06	-9.22407e-05	-0.000355574
-1.74678e-05	-1.38441e-05	-0.000448352	-7.3141e-05	-0.00412744	-9.33181e-05	0.00582911	-1.80827e-05	-0.00021097	-0.000826495
-1.15132e-05	-1.29767e-06	0.000369247	-1.24244e-05	-0.000144841	-5.37493e-07	-0.000130264	-5.04442e-06	-1.00095e-05	-5.33157e-05
-4.79716e-07	-5.40695e-08	1.53853e-05	-5.17685e-07	-6.03506e-06	-2.23956e-08	-5.42768e-06	-2.10184e-07	-4.17062e-07	-2.22149e-06
0.0	0.0	0.0	0.0	0.0	0.0	0.0	0.0	0.0	0.0
0.0	0.0	0.0	0.0	0.0	0.0	0.0	0.0	0.0	0.0
0.0	0.0	0.0	0.0	0.0	0.0	0.0	0.0	0.0	0.0
0.0	0.0	0.0	0.0	0.0	0.0	0.0	0.0	0.0	0.0
0.0	0.0	0.0	0.0	0.0	0.0	0.0	0.0	0.0	0.0
0.0	0.0	0.0	0.0	0.0	0.0	0.0	0.0	0.0	0.0
0.0	0.0	0.0	0.0	0.0	0.0	0.0	0.0	0.0	0.0
0.0	0.0	0.0	0.0	0.0	0.0	0.0	0.0	0.0	0.0
0.0	0.0	0.0	0.0	0.0	0.0	0.0	0.0	0.0	0.0
0.0	0.0	0.0	0.0	0.0	0.0	0.0	0.0	0.0	0.0
0.0	0.0	0.0	0.0	0.0	0.0	0.0	0.0	0.0	0.0
0.0	0.0	0.0	0.0	0.0	0.0	0.0	0.0	0.0	0.0
0.0	0.0	0.0	0.0	0.0	0.0	0.0	0.0	0.0	0.0
0.0	0.0	0.0	0.0	0.0	0.0	0.0	0.0	0.0	0.0
0.0	0.0	0.0	0.0	0.0	0.0	0.0	0.0	0.0	0.0
0.0	0.0	0.0	0.0	0.0	0.0	0.0	0.0	0.0	0.0
-4.53568e-09	-2.52381e-08	-5.36025e-06	-7.97278e-09	-3.26841e-05	-7.37002e-08	3.95759e-05	-4.80328e-08	-4.62326e-07	-9.0974e-07
-1.05011e-07	-7.45689e-08	-1.76964e-05	-3.7185e-08	-0.000197198	-2.23883e-07	0.000220635	-5.3911e-07	-1.38162e-06	-3.37962e-06
-1.93745e-05	-1.07555e-07	-0.000268796	-5.7081e-06	-0.0132086	-1.12619e-05	0.0137042	-4.45109e-05	-4.86073e-06	-0.000140983
-3.92776e-05	-3.45158e-05	-0.0006195	-1.33244e-05	-0.030401	-2.14556e-05	0.0317087	-0.000217526	-3.22879e-05	-0.000329848
-5.45298e-05	-0.00163917	-0.0019311	-9.71867e-05	-0.0276104	-6.32347e-05	0.0334274	-0.00104387	-0.000429735	-0.000558178
-9.78102e-05	-0.00139465	-0.00286176	-0.000127028	-0.0116207	-8.75373e-05	0.0176802	-0.000631026	-0.000476023	-0.000383591
-0.000969164	-0.000964801	-0.00338053	-0.00013659	-0.0202611	-0.000354644	0.0281765	-0.00047013	-0.00057817	-0.00106137
0.00701061	-0.000652343	-0.010666	-0.000238816	-0.0378688	-0.000490409	0.0513324	-0.00296799	-0.000991896	-0.00446666
0.0157741	-0.000543191	-0.0113424	-0.000524367	-0.0645203	-0.00244258	0.0786643	-0.00670482	-0.000914821	-0.00744596
0.00667342	-0.000335628	-0.00786036	-0.000335799	-0.0353172	-0.00244194	0.0462484	-0.0019333	-0.00112382	-0.0035738
-0.000488116	0.00870809	-0.000280625	-0.00236115	-0.0142945	-0.00121631	0.0132965	-0.000232385	-0.0017558	-0.00137569
0.00605744	0.0129956	0.00838957	-0.00302086	-0.0373743	-0.00137988	0.0209873	-0.000592166	-0.00162261	-0.00443998
0.0173048	-0.00311319	0.0265942	-0.000967882	-0.0351792	-0.00144351	0.00980175	-0.00123465	-0.00189147	-0.00987085
0.00748431	-0.00182221	0.00405397	-0.000350781	-0.0146111	-0.0011012	0.0146843	-0.000560839	-0.00158993	-0.00618654
-0.00108861	-0.000152461	-0.00746406	-9.84914e-05	-0.007514	-0.00138125	0.0200956	-0.000106967	-0.000976177	-0.00131363
-0.000536008	-7.10925e-05	-0.00566359	-6.71135e-05	-0.010762	-0.00119154	0.0201691	-0.000137686	-0.00080528	-0.000934796
-0.000238129	-9.28066e-05	-0.00280662	-6.17388e-05	-0.00853202	-0.000553724	0.0134394	-6.77856e-05	-0.000443217	-0.000643317
-9.90082e-05	-0.000225503	-0.00223168	-5.29353e-05	-0.00961805	-0.000116687	0.0130908	-7.52264e-06	-0.00047431	-0.000265117
-1.14894e-05	-1.95508e-05	-0.000251414	-4.51651e-06	-0.0116868	-1.00432e-05	0.0122	-1.25711e-05	-7.55792e-05	-0.000128029
-2.23868e-06	-1.44766e-06	-9.11872e-05	-6.66387e-07	-0.00297084	-9.66648e-06	0.00319312	-1.72223e-05	-3.59018e-05	-6.39464e-05
0.0	0.0	0.0	0.0	0.0	0.0	0.0	0.0	0.0	0.0
0.0	0.0	0.0	0.0	0.0	0.0	0.0	0.0	0.0	0.0
0.0	0.0	0.0	0.0	0.0	0.0	0.0	0.0	0.0	0.0
0.0	0.0	0.0	0.0	0.0	0.0	0.0	0.0	0.0	0.0
0.0	0.0	0.0	0.0	0.0	0.0	0.0	0.0	0.0	0.0
0.0	0.0	0.0	0.0	0.0	0.0	0.0	0.0	0.0	0.0
-2.97295e-08	-5.13949e-10	-2.95655e-07	-1.36939e-09	-3.20573e-06	-5.82671e-07	4.95068e-06	-8.00815e-12	-5.33028e-07	-3.01926e-07
0.000733393	-4.38569e-10	-1.01192e-05	-5.1756e-07	-0.000635338	-4.72778e-05	0.000115706	-5.53908e-05	-5.05053e-06	-9.54058e-05
0.000289365	-1.26056e-06	-0.000373613	-8.22969e-07	-0.00036824	-7.98212e-06	0.000544716	-2.04652e-05	-2.01163e-05	-4.15815e-05
-0.000197477	-1.88427e-06	-7.35496e-05	-4.36434e-05	-0.000457966	-1.92434e-06	0.000798392	-2.36495e-06	-1.21889e-05	-7.39392e-06
-0.00590284	-1.41352e-05	-0.0010572	-0.000280861	-0.0139607	-3.59518e-05	0.0218257	-0.000295177	-0.000116166	-0.000162673
-0.00693536	-0.000930131	-0.00288703	-0.00108223	-0.0466508	-0.000656306	0.0613653	-0.000958907	-0.000590965	-0.000673545
-0.00696389	-0.0106554	0.00220129	-0.00386531	-0.0586836	-0.00192519	0.0851599	-0.00227891	-0.00171721	-0.00127171
-0.0123947	-0.0198241	0.020613	-0.00757561	-0.053505	-0.00660375	0.0911063	-0.00361967	-0.00581418	-0.00238217
-0.0124039	-0.0185065	0.0106364	-0.00381792	-0.105295	-0.0171125	0.171874	-0.00736607	-0.0106028	-0.00740533
-0.0197589	-0.0213394	0.0343972	0.00745171	-0.125458	-0.0321905	0.20143	-0.0145022	-0.0173683	-0.0126616
-0.0203925	0.000762209	0.0256869	0.0106018	-0.169023	-0.0370409	0.245383	-0.0136128	-0.0227988	-0.0195666
-0.0279229	0.0456738	0.0150644	-0.000608949	-0.139933	-0.0423419	0.207338	-0.00785039	-0.0296158	-0.0198039
-0.0457201	0.0521676	0.0345118	-0.00068942	-0.103633	-0.0461137	0.168883	-0.010441	-0.0302278	-0.0187365
-0.0546689	0.095403	0.0630531	-0.0162934	-0.124658	-0.0339536	0.137887	-0.012633	-0.0328474	-0.0212881
-0.0463942	0.0596716	0.0576252	-0.0143447	-0.128316	-0.0078043	0.148064	-0.00767239	-0.0346882	-0.0261418
-0.0419046	0.0106679	0.00829417	-0.0126441	-0.0691193	0.013922	0.142506	-0.00554608	-0.026652	-0.0195237
-0.030949	-0.00457693	-0.0143976	-0.0196983	-0.0480362	0.0211109	0.123956	-0.00361785	-0.0102008	-0.0135906
-0.0246112	0.0032872	-0.0463214	-0.0119186	-0.0281808	0.00889232	0.128511	-0.00202693	-0.0183229	-0.00930857
-0.0156239	-0.00797488	-0.023064	-0.00518686	-0.0177554	-0.0125726	0.0949182	-0.000915389	-0.00819482	-0.00363037
-0.00823657	-0.00605218	-0.0229204	-0.00479113	-0.0142607	-0.0145941	0.0830076	-0.000543611	-0.00741344	-0.00419541
-0.00442529	-0.00261048	-0.0216215	-0.00342543	-0.0158517	-0.00906815	0.0645115	-0.000406991	-0.00498426	-0.00211768
-0.00214881	-0.00137333	-0.00556688	-0.00110882	-0.00953363	-0.00987651	0.0318365	-5.66813e-05	-0.00190859	-0.000263274
-0.000449272	-0.000445073	0.0117687	-0.000133446	-0.00131538	-0.00468444	-0.00373059	-2.46273e-05	-0.000953426	-3.24209e-05
-7.21424e-06	-2.07242e-05	0.00891276	-8.21053e-07	-0.00027771	-0.000580665	-0.00770121	-2.66094e-08	-0.000323062	-1.33018e-06
0.0	0.0	0.0	0.0	0.0	0.0	0.0	0.0	0.0	0.0
0.0	0.0	0.0	0.0	0.0	0.0	0.0	0.0	0.0	0.0
0.0	0.0	0.0	0.0	0.0	0.0	0.0	0.0	0.0	0.0
0.0	0.0	0.0	0.0	0.0	0.0	0.0	0.0	0.0	0.0
-6.67268e-08	0.000190449	-3.92557e-05	-6.97524e-06	-7.08016e-06	-2.38823e-06	-0.000103682	-7.84734e-09	-3.02479e-05	-7.45124e-07
0.00139312	4.52223e-05	-8.40261e-05	-1.31604e-05	-0.00215698	-5.64347e-05	0.00154501	-0.000164969	-0.000181181	-0.000326602
-0.00414156	-4.41845e-05	-0.00111164	-0.000994188	-0.00112786	0.00407076	0.00409631	-0.000465903	-0.000133427	-0.000148317
-0.0223988	-0.00113942	0.00161345	0.0334791	-0.00294304	-0.0148332	0.0101877	-0.00135557	-0.00192834	-0.00068183
-0.0288109	-0.00158898	0.00639053	0.0266081	-0.022749	-0.0102882	0.0374119	-0.00205515	-0.00398189	-0.000936364
-0.0330421	-0.0106385	0.0288243	0.0421152	-0.0486764	-0.0195635	0.0615559	-0.00669122	-0.0113199	-0.00256362
-0.0138976	-0.0316624	0.0680514	0.0455606	-0.0989592	-0.0258069	0.0956239	-0.01653	-0.0161804	-0.00619885
-0.0319067	-0.0480355	0.180355	0.0199403	-0.140131	-0.0481518	0.126964	-0.022226	-0.0235565	-0.0132518
-0.028956	-0.0818401	0.198513	0.0583023	-0.164759	-0.0519343	0.173918	-0.0399709	-0.0363783	-0.0268946
-0.01436	-0.1282	0.254163	0.16212	-0.210552	-0.0854548	0.189392	-0.0614129	-0.0648644	-0.040832
-0.0310158	-0.077248	0.275891	0.224989	-0.300362	-0.0840104	0.172457	-0.0528847	-0.0770821	-0.050735
0.00535315	-0.0399172	0.313837	0.191944	-0.35113	-0.0932118	0.180926	-0.0532556	-0.0850006	-0.0695452
-0.0143478	-0.0432919	0.229555	0.296499	-0.293352	-0.069164	0.171031	-0.0552966	-0.133003	-0.0886291
-0.0311022	0.0169982	0.186179	0.257932	-0.280777	-0.0102293	0.158917	-0.0538928	-0.137278	-0.106746
-0.0352214	0.0328128	0.190877	0.201857	-0.230736	-0.0210548	0.134148	-0.0462916	-0.13055	-0.0958403
-0.0789806	-0.0476396	0.0869155	0.178105	-0.158028	0.0577479	0.150448	-0.038066	-0.0827427	-0.0677596
-0.135895	-0.0916681	-0.0657787	0.157308	-0.101199	0.149389	0.187625	-0.031441	-0.0338941	-0.0344471
-0.136021	-0.0785662	-0.116355	0.12	-0.0238219	0.146194	0.201212	-0.0190522	-0.0645297	-0.0290604
-0.0918393	-0.0813556	-0.137971	0.0986376	0.0086209	0.137457	0.148038	-0.0143547	-0.0448125	-0.0224202
-0.0796698	-0.0637141	-0.110881	-0.0214808	0.00903898	0.100589	0.191804	-0.00705185	-0.00652788	-0.0121072
-0.0543718	-0.0422945	-0.0943368	-0.0457789	0.00563489	0.0458438	0.1831	-0.00254225	0.00881965	-0.00407366
-0.0282916	-0.0277557	-0.0659814	-0.0252382	0.00588236	-0.02087	0.149417	-0.00103979	0.0156631	-0.00178548
-0.0127359	-0.0213275	-0.0144772	-0.00778342	-0.00518682	-0.0206374	0.0826717	-0.000425842	0.000350297	-0.000447883
-0.00380649	-0.00534994	0.00604835	-0.000258517	-0.000291118	0.0123933	-0.008587	-4.34167e-06	-0.000113634	-3.05708e-05
-0.000875278	-0.00682103	-0.00031825	-2.03968e-05	-0.000109437	0.00259369	0.00681553	-1.6553e-07	-0.00126207	-2.58541e-06
0.0	0.0	0.0	0.0	0.0	0.0	0.0	0.0	0.0	0.0
0.0	0.0	0.0	0.0	0.0	0.0	0.0	0.0	0.0	0.0
-1.96723e-08	-1.79077e-08	-8.89531e-06	1.37679e-05	-1.29584e-07	-4.04373e-06	-2.41565e-08	-1.29514e-08	-6.14513e-07	-9.97332e-09
-2.00639e-05	0.0006497	-0.000342817	0.000448782	-2.59864e-06	-0.000361957	-0.000405248	-5.01504e-08	3.54209e-05	-1.16842e-06
-0.000215525	4.15963e-06	-0.00199127	0.0063938	-0.000431367	-0.00260872	-0.00078163	0.000178237	-0.000434923	-0.000112765
-0.00524683	0.00182977	-0.0141839	0.0242896	0.00691523	-0.016009	0.00662584	-0.00108752	-0.00269197	-0.000441195
-0.0362494	0.0144506	0.0133644	0.102468	0.00736694	-0.0714201	-0.000476073	-0.0106424	-0.0146338	-0.0042278
-0.036862	0.0057198	0.0561052	0.145024	-0.0175581	-0.0975899	-0.0073309	-0.0128721	-0.0276666	-0.00696876
-0.0221295	-0.0255334	0.0635018	0.192556	-0.036997	-0.108287	0.0195073	-0.0283981	-0.0388123	-0.0154074
-0.0134575	-0.0508635	0.123201	0.260549	-0.110539	-0.188334	0.0711811	-0.0498107	-0.0106433	-0.0312829
0.015443	-0.067704	0.242968	0.268012	-0.174724	-0.190229	0.0442846	-0.0839549	0.014547	-0.0686429
0.00930396	-0.0831718	0.277477	0.30592	-0.258082	-0.117903	0.0435483	-0.123938	0.0412615	-0.0944164
0.0188092	-0.134391	0.334696	0.356335	-0.277863	-0.049656	-0.040846	-0.152905	0.0796234	-0.133802
-0.0281136	-0.0421983	0.327942	0.33022	-0.281958	-0.0822859	-0.0634877	-0.167058	0.19332	-0.186379
-0.0197725	0.112843	0.24053	0.359476	-0.238912	-0.184879	-0.042911	-0.181701	0.160344	-0.205019
-0.0560323	0.154814	0.22774	0.305813	-0.284671	-0.0628783	-0.0502709	-0.209909	0.246158	-0.270766
0.00494026	0.100775	0.132513	0.274616	-0.293664	0.122928	-0.0639798	-0.205801	0.23468	-0.307007
-0.0530683	0.0671712	0.113682	0.272769	-0.186103	0.114371	0.0298187	-0.195933	0.137736	-0.300444
-0.0212364	-0.00336909	0.0672756	0.177023	-0.114586	0.138023	0.110707	-0.165964	0.0303437	-0.218216
-0.0802797	-0.0472415	-0.00947896	0.213535	-0.0708315	0.210424	0.103711	-0.1343	-0.0215632	-0.163975
-0.0982418	0.0804423	-0.10824	0.0972724	0.0501292	0.0851354	0.137805	-0.0961909	-0.00499129	-0.143121
-0.0844589	0.0879438	-0.137522	-0.00150412	0.107418	-0.0389906	0.18823	-0.0716938	0.0471679	-0.0965894
-0.0862378	0.0807698	-0.206467	-0.0836068	0.096318	0.124862	0.2345	-0.0368044	-0.0390971	-0.0842363
-0.0737878	0.0417691	-0.215363	-0.0872392	0.116216	0.103996	0.257778	-0.0292383	-0.0629341	-0.0511956
-0.0887056	0.00488886	-0.16174	-0.120954	0.119437	0.160142	0.19025	-0.0140191	-0.0682903	-0.0210081
-0.0795929	-0.0671085	-0.0748574	-0.025284	0.0671328	0.142662	0.0468841	-0.0043096	0.000885446	-0.0064114
-0.0235237	-0.0367523	-0.00772398	-0.00311629	0.00449223	0.0478876	0.000734881	-0.00105362	0.02084	-0.00178483
-0.00212081	-0.00365805	-0.00169768	-7.37592e-05	-0.00402405	0.005887	-0.00106608	-0.000250438	0.00757544	-0.000571572
-3.86296e-05	-0.0018632	-0.00134376	-1.72936e-05	-0.000776386	-0.00104881	0.00475414	-1.07012e-05	0.00038309	-3.84542e-05
0.0	0.0	0.0	0.0	0.0	0.0	0.0	0.0	0.0	0.0
0.0	0.0	0.0	0.0	0.0	0.0	0.0	0.0	0.0	0.0
-0.000105565	6.49347e-05	0.000115272	0.00134531	-3.24438e-05	-0.00123603	1.75091e-05	-6.8185e-06	-0.000159979	-2.18468e-06
-0.00158117	0.00209208	0.00140673	0.0328421	0.000734263	-0.016261	-0.0110772	-0.000359748	-0.00662136	-0.00117475
-0.0150333	0.00443465	0.00740664	0.0829853	0.00809015	-0.0619521	0.00488272	-0.00443371	-0.0196549	-0.00672557
-0.0485574	0.0347355	0.0180087	0.203979	0.0242142	-0.12033	-0.0653457	0.0282318	-0.0507148	-0.0242218
-0.0340858	-6.67829e-05	0.066491	0.258191	0.0157891	-0.165753	-0.0504853	0.0285233	-0.0642968	-0.054307
-0.0413951	-0.0803419	0.142413	0.242103	-0.00155046	-0.114414	-0.0407364	0.0189477	-0.0429467	-0.0820791
-0.0208499	-0.173397	0.199826	0.20534	-0.0290966	-0.105031	0.0356917	0.0209273	-0.0224916	-0.110919
-0.0106196	-0.194791	0.205857	0.201082	-0.042629	-0.00148144	-0.00478465	-0.0221734	0.026637	-0.157097
0.0633235	-0.140096	0.252207	0.164021	-0.140761	0.0685889	-0.0177241	-0.113433	-0.0403686	-0.0957567
0.0462731	-0.134334	0.274709	0.1422	-0.144154	0.0558235	-0.24781	-0.175656	0.159133	0.0238146
0.0177948	-0.0566551	0.227186	0.099105	-0.152114	-0.0115632	-0.199084	-0.19228	0.233897	0.0337136
0.127382	0.0559219	0.204642	0.0886078	-0.221558	-0.0629074	-0.200876	-0.254174	0.188792	0.0741703
0.173428	0.11878	0.179706	0.0522485	-0.101043	-0.0897203	-0.0813627	-0.325025	0.168274	-0.0952848
0.171915	0.137369	0.221867	0.132762	-0.0795437	-0.0925168	-0.122878	-0.352896	0.137873	-0.153954
0.152047	-0.0416555	0.293261	0.198373	-0.0126299	0.021699	-0.117682	-0.336092	0.179356	-0.336677
0.233138	-0.10861	0.21814	0.0314154	-0.0318221	0.088662	-0.0284498	-0.332478	0.251731	-0.321726
0.1957	-0.0271641	0.129951	0.0477627	0.0714566	0.0989032	0.0876982	-0.318458	-0.00443167	-0.28142
0.04667	0.0432555	0.000927112	0.0671033	0.117579	0.0208475	0.15499	-0.30506	0.0949031	-0.241215
-0.0269065	0.143621	-0.0470742	-0.0304661	0.0787294	0.127552	0.125472	-0.260179	0.0979223	-0.20867
0.00625189	0.236702	-0.0614982	-0.144129	0.1057	0.112153	0.110144	-0.172292	0.000538982	-0.193572
-0.0266093	0.196161	-0.144267	-0.154341	0.20129	0.204406	0.116183	-0.117981	-0.0826315	-0.192211
-0.131901	0.106208	-0.190091	-0.186807	0.267627	0.260058	0.167336	-0.0648005	-0.104486	-0.123143
-0.13477	0.0172198	-0.123262	-0.0648952	0.0970483	0.241129	0.0737256	-0.0238895	-0.0278855	-0.0544206
-0.054666	-0.052897	-0.029194	-0.0143571	-0.00444666	0.142429	-0.0116026	-0.00751021	0.0498475	-0.0176034
-0.0145401	-0.00805674	-0.00642414	-0.00134224	-0.00926974	0.0333603	0.0098682	-0.00278065	0.0016848	-0.00249975
-0.00384385	-0.00245608	-0.00198518	-6.50952e-05	-0.000148929	0.00262992	0.00706535	-7.7972e-05	-0.00109071	-2.74454e-05
0.0	0.0	0.0	0.0	0.0	0.0	0.0	0.0	0.0	0.0
-1.29693e-06	-7.07042e-07	-4.43505e-06	0.000100429	-3.12028e-07	-1.49805e-05	-9.38113e-08	-2.30917e-06	-9.45625e-06	-6.68384e-05
-0.000554817	-0.00462907	-0.00218875	0.00231656	-0.00186863	0.0016934	-0.000520666	0.00955446	-0.00192276	-0.00187973
-0.00199231	0.000462524	0.0102841	0.0624935	-0.00977802	-0.051274	-0.015142	0.0341541	-0.0193606	-0.0098472
-0.0231372	0.00198799	0.0424983	0.127887	0.0171297	-0.106296	-0.00208221	0.023741	-0.0392421	-0.0424863
-0.0263863	-0.0185364	0.0661228	0.21528	0.0741575	-0.130506	-0.06305	0.0640828	-0.0617548	-0.119409
-0.0272944	-0.0582829	0.142918	0.246238	0.071675	-0.113828	-0.108304	0.109587	-0.0961886	-0.16652
-0.0359279	-0.136988	0.161231	0.136935	0.0667715	-0.0106358	-0.0336357	0.129581	-0.0504886	-0.226843
-0.05034	-0.232847	0.138935	0.159712	0.00442291	0.0346751	-0.0335248	0.169432	0.0217336	-0.212198
-0.110461	-0.286344	0.218262	0.204851	0.002011	0.0164078	-0.0994526	0.131312	0.0392645	-0.115851
0.0024894	-0.180852	0.173059	0.212263	-0.0816915	0.0249994	-0.204248	0.138045	-0.0293024	-0.0547623
0.00807067	-0.0833845	0.0431814	0.114323	-0.183734	0.0152291	-0.215817	0.166291	0.0570531	0.0787861
-0.0137215	-0.112211	0.0468597	0.100398	-0.19059	-0.00135866	-0.160249	0.0780063	0.161342	0.091524
0.138552	-0.132505	0.0657954	0.24816	-0.278261	-0.0141709	-0.226397	-0.0899398	0.0445304	0.244236
0.144417	-0.102009	0.0698892	0.156	-0.313575	0.0806346	-0.193806	-0.1179	0.0400755	0.236273
0.0923522	-0.18856	0.0930047	0.137222	-0.316402	-0.0410763	-0.134553	-0.049154	0.255406	0.15176
0.154806	-0.216061	0.133153	0.171373	-0.297028	-0.0714609	-0.177554	-0.0370599	0.137595	0.202237
0.226685	-0.232036	0.0632923	0.0827228	-0.19574	-0.00148615	-0.160739	-0.0289168	0.0973463	0.148871
0.258083	-0.109832	0.024104	0.176171	-0.191916	0.0442427	-0.166692	-0.0901916	-0.0804715	0.136502
0.130935	-0.0771778	-0.0508199	-0.0413577	-0.0333713	0.124786	-0.0764268	-0.115929	0.157621	-0.0182599
0.112836	0.0785396	-0.103187	0.0450931	-0.0718088	0.0902694	-0.0408955	-0.12423	0.0583363	-0.0449533
0.185249	0.122106	-0.10182	-0.0111124	0.0417176	0.0341342	-0.0527183	-0.0685617	-0.0127843	-0.136211
0.154704	0.107356	-0.163217	-0.159431	0.265602	0.177061	-0.025599	-0.102614	-0.0081737	-0.245689
-0.0473602	0.0535438	-0.25629	-0.193693	0.348312	0.330271	0.00215546	-0.109506	0.101838	-0.229273
-0.198206	-0.012968	-0.14077	-0.0918583	0.12596	0.468956	-0.00494623	-0.0616658	0.0503779	-0.13488
-0.124911	-0.0516712	-0.0407304	-0.0303806	0.000107334	0.268422	-0.022997	-0.0268543	0.076125	-0.0471103
-0.0517385	-0.00576313	-0.00553383	-0.0036666	0.0132554	0.0960252	-0.0184291	-0.00920075	-0.00165444	-0.0132943
-0.0118585	-0.000306775	-0.00041576	-0.000319484	-0.000713711	0.0180924	-0.00109835	-0.000579897	-0.0021395	-0.000660443
0.0	0.0	0.0	0.0	0.0	0.0	0.0	0.0	0.0	0.0
-0.000135323	-0.000286111	-0.000452153	0.00329105	-0.000307897	-0.000714028	-8.07166e-05	0.00237516	-0.00109377	-0.00259621
-0.000615047	-0.00527528	0.00594046	-0.00555739	-0.00292654	-0.0071418	-0.00212251	0.0293043	-0.00386615	-0.00774002
-0.00455412	-0.0050812	0.0199504	0.054477	-0.00478925	-0.0640884	-0.0200189	0.0829474	-0.0201028	-0.0387399
-0.0394558	-0.00693742	0.100343	0.235255	0.0373074	-0.223037	-0.0112011	0.0557947	-0.0337536	-0.114315
-0.0254103	-0.0579932	0.105982	0.315253	0.109084	-0.20298	-0.0626197	0.0897594	-0.040474	-0.2306
-0.0195164	-0.122451	0.213347	0.183582	0.063444	-0.0891263	-0.127642	0.188673	-0.034232	-0.256078
-0.0506634	-0.169537	0.0947319	0.0530412	0.0584426	0.0710339	-0.0232655	0.208479	0.0450523	-0.287314
-0.108728	-0.296783	0.130938	0.0221161	-0.0160341	0.159349	-0.0464444	0.185155	0.101619	-0.131187
-0.00554774	-0.285072	0.0761632	0.0429864	-0.0434392	0.0676205	-0.121542	0.244138	0.0276648	-0.00297073
0.0250732	-0.205219	-0.0165225	0.0316647	-0.138858	0.148078	-0.185667	0.285325	0.0542489	0.00187801
0.0675365	-0.183507	0.0213204	0.0408854	-0.217764	0.15101	-0.142146	0.260897	-0.0817477	0.0835155
0.0564495	-0.105445	-0.031682	0.134667	-0.390113	0.051573	-0.156999	0.219709	-0.0238057	0.245646
0.110126	-0.159514	0.0975198	0.11208	-0.327243	-0.049938	-0.200242	0.0914022	-0.0266815	0.352492
0.0967147	-0.120312	0.0380384	0.205078	-0.4025	0.106099	-0.164036	-0.0327705	-0.164855	0.438544
0.0703474	-0.299008	-0.00465752	0.187396	-0.406582	-0.0694736	-0.162384	0.0574397	0.137152	0.489771
0.128683	-0.227058	0.000260807	0.0443729	-0.440481	0.074165	-0.282129	0.176114	0.0532619	0.47281
0.241559	-0.178969	-0.167311	0.114183	-0.262873	0.100787	-0.241242	0.229956	-0.103492	0.267404
0.227765	-0.182691	-0.094082	0.044166	-0.250241	0.0780316	-0.274094	0.237001	0.0578846	0.15626
0.152404	-0.0486402	-0.0526968	0.0646804	-0.13663	0.0996619	-0.270445	0.148852	-0.0308956	0.0737092
0.0496442	0.0431823	-0.0955026	0.0505488	-0.143477	0.097908	-0.225581	0.141924	-0.00494633	0.0862998
0.0849269	0.000997238	-0.0450286	-0.0347519	-0.040889	0.115532	-0.199448	0.0583942	0.0510596	0.00920806
0.132138	-0.0113038	-0.0388024	-0.14202	0.191048	0.156505	-0.214739	0.0313588	0.0804556	-0.184639
0.0849756	-0.0721878	-0.278738	-0.22753	0.276955	0.396582	-0.160565	-0.0297743	0.269713	-0.25943
-0.127242	-0.156922	-0.198015	-0.154761	0.0991103	0.592767	-0.0352314	-0.0617703	0.237832	-0.195767
-0.152929	-0.0860429	-0.0528725	-0.0407105	-0.00513447	0.465967	-0.0536383	-0.0443225	0.0459362	-0.076253
-0.0601266	-0.00450826	-0.00752923	-0.00298875	0.0176612	0.108424	-0.0189068	-0.00977724	0.000456095	-0.0227042
-0.00460503	-0.00139383	-0.00040512	-0.000170846	-0.000822442	0.0112018	-0.00346698	-0.000422793	0.000723843	-0.000638566
0.00411506	-2.02585e-07	-0.000108174	-3.65993e-07	-0.000128259	-2.91518e-06	-5.62368e-06	-0.00244966	-9.61922e-06	-0.00141024
-0.000206035	-0.000284759	0.000678839	-0.00368168	-0.00534267	-0.000897733	-0.000254007	0.0243798	-0.00135221	-0.0130395
-0.00116467	-0.00282971	0.0046466	-0.00742085	-0.00186452	-0.010815	-0.00251773	0.0589917	-0.00604204	-0.0309838
-0.00417804	-0.00196739	0.0200482	0.0620749	-0.00783773	-0.0723919	-0.0216259	0.143628	-0.0147195	-0.10303
-0.057826	-0.0159462	0.119149	0.265304	0.0161786	-0.285916	-0.0215198	0.16015	-0.0039013	-0.175671
-0.0519748	-0.0526935	0.107364	0.24263	0.0877075	-0.23301	-0.0933022	0.17005	0.0406399	-0.21741
-0.0485945	-0.130538	0.104021	0.143073	0.00897023	-0.10985	-0.141175	0.18459	0.125634	-0.136132
-0.0646808	-0.174433	0.0882873	0.0474119	-0.0142013	-0.0350584	-0.0925162	0.284482	0.164065	-0.203357
-0.0467836	-0.293609	0.103857	0.000410462	-0.114837	0.11263	-0.0986648	0.197464	0.0622689	0.0772646
0.0703209	-0.335586	0.0855003	-0.00168179	-0.00351097	0.063245	-0.133788	0.165294	0.134568	-0.0443612
0.0499304	-0.271218	0.192006	0.0543319	-0.140429	0.127751	-0.175594	0.156502	0.0536972	-0.0469777
0.0381711	-0.201538	0.10184	0.0243094	-0.156083	0.165425	-0.150626	0.278939	-0.0114773	-0.0889588
0.117053	-0.0864221	-0.023966	0.065902	-0.258257	-0.0161062	-0.147361	0.296586	0.200308	-0.147735
0.0639486	-0.0165622	-0.0288724	0.0903364	-0.254959	-0.0917172	-0.208737	0.122189	0.183317	0.141056
0.152901	0.00790709	0.0489911	0.196267	-0.424219	-0.092494	-0.28199	0.186228	-0.115994	0.322404
0.219434	0.0124642	0.0520185	0.206901	-0.409514	-0.171394	-0.337464	0.260625	-0.0808323	0.247761
0.373093	-0.134607	-0.0134772	0.0820959	-0.409064	-0.050315	-0.370237	0.270601	0.0688346	0.183076
0.285446	0.0311928	-0.0746322	0.132413	-0.21862	-0.0120621	-0.384258	0.242278	-0.0240437	0.0222872
0.175755	-0.0979284	-0.124523	0.209434	-0.0963867	-0.0108756	-0.495771	0.321418	0.0684447	0.0504332
0.1157	-0.0802975	0.072365	0.118779	-0.111567	0.0833993	-0.460126	0.165545	0.105101	-0.00889934
0.113868	-0.118189	-0.00707378	0.147531	-0.11162	0.168252	-0.351146	0.147515	0.053825	-0.042962
0.0634974	-0.157002	-0.0604444	0.10781	-0.0682793	0.13544	-0.290877	0.0258531	0.135781	0.10822
0.19205	-0.18126	-0.0767522	0.0597218	0.0114981	0.130994	-0.326329	0.0903334	0.193075	-0.0933308
0.25234	-0.249554	-0.131189	-0.297398	0.101269	0.532282	-0.286659	0.0164009	0.285641	-0.223133
-0.0240129	-0.227719	-0.216862	-0.220453	0.0195756	0.813444	-0.170615	-0.0898388	0.293564	-0.177084
-0.149914	-0.0952255	-0.0725871	-0.0538278	-0.0128416	0.564006	-0.0970556	-0.0618277	0.0627492	-0.0834768
-0.048657	-0.00815855	-0.00938587	-0.00389385	-0.0262622	0.141022	-0.0476839	-0.011795	0.0344	-0.0195856
-0.00285796	-0.00103512	-0.00067541	-4.62915e-05	-0.000714444	0.00620733	-0.00388416	-0.00218445	0.00609914	-0.000908638
-2.55087e-06	-4.70851e-06	-4.74539e-06	-7.94776e-05	-0.000307521	-3.73732e-05	-2.54639e-06	0.00129568	-1.72092e-05	-0.00083955
-0.000412966	-5.79042e-05	-0.000484514	-0.00340144	-0.00599187	-0.000882779	-0.000135571	0.030122	-0.000832491	-0.0179224
0.000545856	-0.00185822	0.000474393	0.0114478	-0.00631324	-0.00631061	-0.00317058	0.0633279	-0.0126689	-0.0454745
-0.000263087	-0.00317012	0.0314867	0.0806385	-0.0545542	-0.077418	-0.0292841	0.191494	-0.0223852	-0.116545
-0.0456804	-0.0308591	0.0897979	0.268303	-0.0669587	-0.235239	-0.0279973	0.24746	0.0207136	-0.219541
-0.0433107	-0.0990641	0.182917	0.151193	-0.0195016	-0.204858	-0.128553	0.188658	0.091015	-0.118495
-0.0585233	-0.135761	0.0714523	0.0950785	-0.0817814	-0.0872549	-0.139208	0.112934	0.17047	0.0525932
-0.0626209	-0.144689	0.0250451	0.0573936	-0.0816832	0.036295	-0.0522567	0.0891727	0.14704	-0.0136978
-0.0407774	-0.219904	-0.00392479	0.0142754	-0.0732885	0.14659	-0.0693332	0.046714	0.149855	0.0497935
0.0382876	-0.286481	0.10059	-0.0393226	-0.0191181	0.0892088	-0.142573	0.0624977	0.187929	0.00898193
0.0833821	-0.222335	0.184715	-0.1583	-0.128459	0.182779	-0.17831	0.00497949	0.126053	0.105497
-0.0221245	-0.117401	0.0849219	-0.306829	-0.114055	0.305093	-0.119931	0.14891	0.102637	0.03878
0.0250208	-0.068645	0.0195036	-0.258775	-0.0993424	0.171733	-0.164848	0.272243	0.0738395	0.0292724
0.144852	0.0795712	0.0502192	-0.086915	-0.186705	-0.0163014	-0.266498	0.195165	0.0159046	0.0707067
0.0540348	0.247135	0.127926	0.216588	-0.579765	-0.161223	-0.196893	0.34056	-0.233467	0.185103
0.00625223	0.378892	0.165251	0.349342	-0.419533	-0.321177	-0.343936	0.36917	-0.381448	0.197189
0.181354	0.122316	0.161065	0.256907	-0.118277	-0.328989	-0.462585	0.356297	-0.176625	0.00853513
0.281449	0.0202532	0.0201195	0.175511	-0.030312	-0.230377	-0.554351	0.345742	-0.0310831	0.00304927
0.252133	-0.107638	0.0598976	0.118203	0.0255927	-0.117519	-0.543755	0.243543	0.0114197	0.0581228
0.224886	-0.177972	0.0183246	0.164623	-0.0408725	-0.0754206	-0.489514	0.262454	0.104362	0.00913093
0.130258	-0.237456	-0.040433	0.271686	-0.055346	0.00483987	-0.361516	0.127119	0.144078	0.0167706
-0.00527948	-0.260861	-0.0862554	0.190285	-0.0480746	0.177207	-0.28025	0.1975	0.195159	-0.0794314
0.122449	-0.29533	-0.020133	0.118326	-0.0446125	0.258829	-0.352164	0.1167	0.210351	-0.114416
0.340148	-0.287484	-0.135862	-0.170678	-0.0726478	0.580005	-0.263963	-0.0627259	0.282091	-0.208884
0.0940277	-0.187758	-0.209165	-0.188291	-0.178302	0.999905	-0.212476	-0.0893766	0.141326	-0.169889
-0.14462	-0.0805334	-0.0612132	-0.0362415	-0.12336	0.721796	-0.163578	-0.038786	0.00860565	-0.0820702
-0.0477016	-0.00970621	-0.00571806	-0.00464897	-0.0413681	0.167648	-0.0628941	-0.00175289	0.0331814	-0.0270389
-0.000935071	-0.00140112	-0.00073806	-0.000262593	-0.00325406	0.0105903	-0.00365276	0.0145595	-0.0129354	-0.00197069
-4.08279e-06	-5.52194e-06	-9.4318e-06	-0.000128695	-0.000360064	-4.82371e-05	-3.01391e-06	0.00182197	-2.41766e-05	-0.00123875
-0.000471489	-2.61501e-05	-0.000141951	-0.00252499	-0.00553383	-0.00079082	-4.67207e-05	0.0285184	-0.000485998	-0.0184964
0.00875811	-0.00102526	0.000917776	0.00727695	-0.0189833	-0.00664218	-0.00897339	0.0871993	-0.0108445	-0.0576836
-0.00920666	-0.017221	0.0347917	0.115715	-0.0668625	-0.0655412	-0.029806	0.192951	-0.0400869	-0.114733
-0.0393328	-0.0341126	-0.0186898	0.138302	-0.0775	-0.121964	-0.0516649	0.281432	0.0845912	-0.161061
-0.0285662	-0.100135	0.104432	0.00115025	-0.0939086	-0.104099	-0.11299	0.200307	0.104105	0.029705
-0.0549535	-0.15733	0.112558	-0.0727173	-0.11896	0.0104741	-0.0930322	0.0536868	0.161739	0.158535
-0.0576544	-0.15431	-0.0767188	-0.149392	-0.0518448	0.168923	0.00700136	0.0377206	0.217299	0.0589754
-0.0386396	-0.170139	-0.0609878	-0.277467	-0.00456768	0.250271	0.0129572	-0.0972233	0.200541	0.185256
0.0217536	-0.217671	-0.121011	-0.394943	0.124295	0.290811	-0.100352	0.0063139	0.248454	0.14235
-0.0675063	-0.114547	-0.0848697	-0.451565	0.0648893	0.250009	-0.0501369	0.0092628	0.25821	0.186253
-0.0143409	-0.0251476	-0.0909997	-0.491637	0.0424672	0.254049	-0.0733921	-0.0474036	0.226476	0.21993
-0.00664635	0.0052675	-0.163698	-0.440595	0.150511	0.282784	-0.154282	-0.058416	0.216128	0.168948
0.0318107	0.230844	-0.225283	0.0100137	-0.24258	0.167853	-0.0868862	0.174282	0.0642641	-0.124319
-0.0485787	0.503951	-0.0646792	0.221905	-0.701154	0.0389278	-0.22597	0.331903	-0.049007	-0.00729614
-0.135985	0.616251	-0.0904553	0.214481	-0.190319	-0.118232	-0.41416	0.450899	-0.274112	-0.0583676
-0.0515465	0.239008	0.0258148	0.22909	0.00914284	-0.222817	-0.436003	0.528194	-0.324161	0.00327986
0.182914	0.0434505	0.0979689	0.192004	0.079482	-0.365182	-0.438782	0.336454	-0.182595	0.0542873
0.228915	-0.160634	0.0764434	0.193175	-0.00711047	-0.355244	-0.418824	0.301165	0.0686311	0.0734836
0.142879	-0.182827	-0.0101043	0.237633	0.018768	-0.286236	-0.394624	0.308188	0.160813	0.00550856
0.143151	-0.283466	-0.059208	0.308855	-0.141321	-0.135364	-0.293401	0.305478	0.125658	0.029618
0.0760434	-0.276879	-0.0583589	0.149147	-0.104191	-0.000737641	-0.241789	0.314567	0.162739	-0.0205404
0.20454	-0.263017	-0.0579491	0.0361322	-0.134405	0.0981856	-0.228956	0.151534	0.225912	-0.031977
0.380957	-0.226073	-0.12842	-0.109014	-0.300986	0.483579	-0.120001	-0.122279	0.234377	-0.09214
0.166521	-0.157764	-0.154198	-0.124097	-0.239728	0.925637	-0.170544	-0.0984732	0.0246311	-0.171985
-0.142949	-0.0562738	-0.0361362	-0.021127	-0.145854	0.765492	-0.199294	-0.0319732	-0.056935	-0.0749501
-0.0589486	-0.0133593	0.00444559	-0.00350517	-0.0448495	0.201668	-0.0620267	-0.00255068	0.00623824	-0.027112
-0.000530079	0.000151019	-0.000386998	-0.000101817	-0.000935091	0.00622868	-0.00850012	0.00310429	0.00466166	-0.00369154
-2.82254e-05	-2.93989e-06	-1.09799e-05	-8.13994e-05	-6.8483e-05	-5.92636e-05	-4.20914e-06	0.00090178	-3.02924e-05	-0.000615986
0.00235575	0.000231345	-0.00031911	-0.00185678	-0.0115218	-0.00395352	-0.000130224	0.041091	-0.00078804	-0.0251086
-0.00421295	-0.000158089	-0.00316768	0.00668273	-0.0546866	-0.00932742	-0.00102332	0.163382	-0.00762626	-0.0898623
-0.0156696	-0.0116632	-0.0207791	0.0928763	-0.0610997	-0.0674201	-0.0307317	0.242915	-0.0128211	-0.115606
-0.101368	-0.0193816	-0.0904431	0.0594067	-0.113532	-0.0497199	-0.0374254	0.321287	0.0503482	-0.0191719
-0.0839636	-0.0560368	-0.108026	-0.14064	-0.0844315	-0.0116494	-0.0251697	0.147346	0.16627	0.196301
-0.0150537	-0.135442	-0.210214	-0.265702	-0.00875611	0.177959	-0.0156098	0.0325262	0.20379	0.236503
0.00100311	-0.161668	-0.341289	-0.407227	0.0438124	0.163524	0.105995	0.0815421	0.347968	0.166339
-0.021995	-0.175084	-0.373273	-0.431558	0.145791	0.180529	0.0436378	-0.0576988	0.285563	0.404089
-0.0910723	-0.206871	-0.404788	-0.409991	0.253236	0.16947	0.0691641	0.106729	0.328232	0.18589
-0.0629843	-0.165131	-0.579291	-0.338812	0.333993	0.146716	0.0488979	0.154601	0.227265	0.234747
-0.0755153	-0.15102	-0.558727	-0.202388	0.245606	0.15607	0.0043504	0.112809	0.172658	0.296157
-0.100204	-0.0500759	-0.636883	-0.07311	0.335324	0.273048	0.0751141	-0.0411279	0.187061	0.0308531
-0.067942	0.272045	-0.662777	0.156414	-0.434274	0.39851	0.0833594	0.0573735	0.286403	-0.0891116
-0.328637	0.668092	-0.480877	0.175184	-0.619944	0.107278	-0.212446	0.259093	0.411325	0.0209312
-0.523128	0.656376	-0.348399	0.201601	0.0835917	-0.118407	-0.460169	0.409281	-0.0280381	0.127291
-0.456597	0.199888	-0.146979	0.0860331	0.352095	-0.158782	-0.311623	0.432342	-0.205727	0.209353
-0.110802	-0.0396514	-0.199428	0.232393	0.14344	-0.204415	-0.303908	0.331603	-0.167967	0.318735
-0.0353355	-0.0581727	-0.0869075	0.187116	-0.0551765	-0.227391	-0.235445	0.366376	-0.103946	0.248882
0.0878895	-0.161414	0.0832849	0.189945	-0.0801156	-0.372635	-0.213429	0.209414	0.0213593	0.2357
0.137729	-0.190689	-0.0506431	0.228602	-0.16497	-0.488987	-0.152414	0.250602	0.0448908	0.38588
0.175842	-0.170061	-0.00555656	-0.0523164	-0.123358	-0.410422	-0.0495335	0.242401	0.13878	0.254226
0.243165	-0.13529	-0.0736743	-0.0986507	-0.18096	-0.376585	0.0137785	0.12011	0.295109	0.192997
0.332283	-0.107228	-0.127254	-0.136333	-0.260623	-0.0650704	0.156398	-0.105412	0.337732	-0.024492
0.228518	-0.0799241	-0.072523	-0.0913536	-0.207354	0.242841	-0.0249111	-0.0868261	0.216692	-0.125159
-0.0805941	-0.0392038	0.0225135	-0.00741954	-0.0959486	0.393709	-0.152602	-0.0330299	0.0570578	-0.0644817
-0.0358826	-0.0107035	0.00750202	-0.00190317	-0.0142756	0.110833	-0.0765576	-0.00812059	0.0492806	-0.020173
-0.000344025	0.00166454	-0.000139963	-2.96716e-05	-0.000594647	0.00368318	-0.00503381	7.53964e-05	0.002846	-0.002127
-1.18584e-06	-3.07866e-08	-3.23794e-06	-1.58437e-05	-1.51463e-06	-5.88818e-06	-1.6983e-08	0.000843699	-1.28807e-05	-0.000803099
-5.77548e-05	-7.75377e-05	-1.80218e-05	-0.00193146	-0.0174967	-0.00484659	-0.000177995	0.0422517	-0.00060896	-0.0170367
-0.00475456	-0.000831861	-0.00136385	-0.00596622	-0.0573506	-0.00808048	-0.00106654	0.166663	-0.00440851	-0.0828408
-0.0240612	-0.000594371	-0.0613051	0.00761379	-0.0890961	-0.025644	-0.0251062	0.282384	0.0155762	-0.0797674
-0.101185	9.70313e-05	-0.142213	-0.0427715	-0.155178	0.0070913	-0.0504405	0.314712	0.0160726	0.153815
-0.0292029	-0.035399	-0.367882	-0.19465	-0.0519513	0.045574	-0.0070876	0.176399	0.162197	0.302003
0.115712	-0.0664443	-0.623959	-0.322229	0.110041	0.203895	0.109727	0.0290136	0.153824	0.290421
0.0550456	-0.0948033	-0.702883	-0.362341	0.231636	0.142918	0.160216	0.179839	0.201931	0.188441
-0.00971992	-0.135681	-0.518763	-0.341913	0.313593	0.0842047	0.100154	0.180185	0.109393	0.218546
-0.0326211	-0.153193	-0.506764	-0.160475	0.258782	-0.00569057	0.145454	0.0122577	0.165838	0.27641
0.00699593	-0.280303	-0.559624	0.011701	0.431577	0.204205	0.0500365	-0.0478168	-0.0369985	0.220227
0.0052856	-0.360034	-0.516707	-0.0451725	0.559403	0.241525	0.204198	-0.137955	-0.0545798	0.104035
0.0682022	-0.039383	-0.535819	0.0278181	0.593368	0.276424	0.189277	-0.486317	0.128698	-0.222268
-0.106653	0.248408	-0.462253	0.147799	-0.107213	0.292743	0.123154	-0.578843	0.422763	0.0200934
-0.532816	0.795562	-0.446491	0.378705	-0.361957	-0.00542433	-0.20398	-0.169038	0.277481	0.267958
-0.705919	0.502497	-0.385741	0.16453	0.185751	-0.075247	-0.255014	0.25906	0.0362922	0.273793
-0.601098	0.130127	-0.232398	0.0718439	0.389181	-0.294454	-0.0878235	0.40276	-0.0486561	0.270519
-0.201102	0.0767296	-0.243484	0.0665895	0.116886	-0.323452	-0.115713	0.320257	-0.0318691	0.33516
-0.0421979	-0.0371365	-0.167617	0.134465	-0.00467088	-0.281244	-0.152049	0.253189	-0.0611853	0.358447
0.0366762	-0.150046	0.0860784	0.000738213	0.0340851	-0.32659	-0.197909	0.0165031	0.090187	0.410277
0.0359187	-0.125345	-0.0343252	-0.0759735	0.0516695	-0.448963	-0.10249	0.088127	0.218072	0.39331
0.125385	-0.0803027	-0.0120062	-0.320565	0.101978	-0.641015	0.0739621	0.0522688	0.34267	0.357624
0.302764	-0.0652705	-0.116848	-0.258254	0.013504	-0.722525	0.242884	0.0113818	0.339745	0.252619
0.384404	-0.0420732	-0.224295	-0.146662	-0.123116	-0.608344	0.400599	-0.0793323	0.363945	0.0748771
0.313745	-0.0328106	0.0170019	-0.059494	-0.0676037	-0.420774	0.179997	-0.0616168	0.261561	-0.130005
-0.00279552	-0.0169309	0.108671	0.000499314	-0.025943	0.00679999	-0.0830843	0.00557117	0.0683336	-0.0611218
-0.0167747	-0.00902017	0.0601625	-0.000361564	-0.00969121	0.0457067	-0.0756517	0.00959006	0.0148708	-0.0188307
-9.12723e-05	0.00135171	0.00586144	-3.2584e-05	-0.00350835	-0.000919773	-0.00369069	0.00508869	-0.00328739	-0.000771781
-6.38882e-09	2.56002e-05	-3.01933e-06	-7.42163e-06	-1.37649e-07	-1.17509e-06	-1.07366e-06	-3.80993e-06	-2.96531e-06	-5.99116e-06
0.000351424	-1.43828e-05	-1.54527e-05	-0.0011782	-0.0121325	-0.00109245	-0.000194956	0.0229674	-0.000171888	-0.00851898
-0.00217068	-0.000302496	-0.000518904	-0.00386014	-0.0336345	-0.0026675	-0.000504665	0.101593	-0.00136458	-0.0565694
-0.0136893	0.00335263	-0.0707675	-0.00249722	-0.0682696	-0.00184551	-0.021398	0.203313	0.0102474	-0.0384454
-0.0526741	0.00372692	-0.232679	-0.0921142	-0.0682254	0.0409929	-0.0650482	0.189045	-0.020599	0.297575
0.0254686	-0.0292754	-0.500334	-0.191263	0.128076	0.101774	0.0346507	0.0734728	0.0146394	0.342791
0.203532	-0.0573912	-0.703447	-0.300216	0.311182	0.0618692	0.221763	0.0468394	0.00176489	0.214103
0.217969	-0.0873635	-0.609145	-0.320615	0.301826	0.142483	0.0829152	0.0777342	-0.0162178	0.210413
0.0884108	-0.0685011	-0.3765	-0.216805	0.321401	0.0555096	0.0791446	-0.0212147	-0.0406534	0.179209
0.0704428	-0.170999	-0.262643	-0.0901525	0.290388	0.0777347	0.109526	-0.100408	0.0165234	0.0595873
0.112634	-0.458143	-0.158714	-0.152694	0.422009	0.209062	0.174804	-0.127247	-0.090427	0.0687168
0.0831284	-0.516686	-0.048237	-0.179446	0.595521	0.281897	0.151538	-0.43451	0.109152	-0.04236
0.0537731	-0.113848	-0.0950032	0.0791302	0.38206	0.337152	0.152418	-0.839534	0.235653	-0.191803
-0.343396	0.304276	0.0182002	0.289808	-0.131057	0.199414	0.0249693	-0.839763	0.375803	0.101746
-0.611096	0.650216	-0.0266878	0.220648	-0.111041	-0.0360426	-0.130502	-0.268631	0.0555729	0.257564
-0.726028	0.406143	-0.217736	-0.0731812	0.261377	-0.242522	0.0412865	0.068403	0.241514	0.240744
-0.578935	0.14417	-0.247093	0.0574922	0.301954	-0.371581	0.041352	0.190855	0.0889457	0.37284
-0.25384	0.101698	-0.135527	0.0975607	0.222192	-0.208729	-0.132809	0.113257	-0.126991	0.32319
-0.0842965	-0.197486	-0.156464	0.14482	0.159597	-0.142448	-0.14872	0.115917	0.00743931	0.30164
-0.0797968	-0.208117	-0.121402	-0.0739985	0.145361	-0.0934531	-0.0207209	0.0137185	0.0444981	0.39391
-0.138843	-0.145159	-0.0870729	-0.333398	0.247445	-0.121556	-0.0624906	0.140106	0.173491	0.327479
0.0650788	-0.0971882	-0.0528039	-0.315073	0.213099	-0.306629	0.148502	0.0464195	0.0234907	0.275104
0.270754	-0.0802027	-0.116334	-0.300424	0.123882	-0.39398	0.339512	-0.00442816	0.0795369	0.0816838
0.367552	-0.0672005	-0.123504	-0.143839	-0.0286073	-0.48104	0.498873	0.00472793	0.109834	-0.136795
0.274496	-0.0498681	0.145003	-0.0507925	-0.0937849	-0.366113	0.244197	0.0207107	0.0617849	-0.185631
0.0312129	-0.0252623	0.224044	-0.0059498	-0.00599365	-0.0735492	-0.0940237	0.0191146	0.0116269	-0.0812203
-0.00508548	-0.0106672	0.133353	-0.000692992	-0.0106846	-0.00230585	-0.0792622	0.0016873	-0.00524952	-0.0210927
-0.000695416	-0.000253122	0.0348928	-0.00128628	-0.0107618	-0.00756657	-0.0109606	-0.00148519	-0.00109501	-0.000788762
-3.18185e-05	-6.22502e-07	-8.64023e-06	-0.000815548	-3.21473e-05	0.00298837	-5.87993e-05	-2.62988e-05	-0.000118394	-0.00189611
-4.56571e-05	-5.5332e-06	-0.00437904	0.00452049	-0.00601298	-0.000555071	-1.2096e-05	0.0110223	-0.000428485	-0.00410396
-0.00058368	0.000361779	-0.00311242	0.00160327	-0.0144824	-0.00113136	-5.13637e-05	0.0514591	-0.000739985	-0.033323
-0.0283983	0.00608733	-0.0544876	0.00624092	-0.00896603	0.000756295	-0.0126007	0.0982836	-0.00774646	0.000831013
-0.0403217	0.00644362	-0.173221	-0.0325428	0.152628	0.0151398	-0.119421	0.0680604	-0.0601596	0.183394
0.16747	-0.0359354	-0.388438	-0.171132	0.311028	-0.0290313	0.0139624	0.0526106	-0.0732883	0.152752
0.210588	-0.069431	-0.317143	-0.296962	0.323184	-0.0440347	0.168547	-0.0267202	-0.155927	0.2079
0.287669	-0.100637	-0.128042	-0.300264	0.342097	-0.00850228	0.0706448	-0.0553448	-0.295948	0.188327
0.174602	-0.0815103	-0.0741413	-0.195901	0.316138	0.0940019	0.120641	-0.171922	-0.272091	0.0901817
0.183703	-0.224913	-0.0167265	-0.120814	0.263686	0.194961	0.185651	-0.246274	-0.21996	0.000687749
0.131994	-0.505914	0.0451621	-0.187805	0.333229	0.269163	0.242503	-0.285641	-0.0256425	-0.0170494
0.151939	-0.495778	0.107958	-0.216033	0.371365	0.0893608	0.363965	-0.557294	0.221486	-0.0369698
0.0316735	-0.0130363	0.0477046	0.0863782	0.220606	0.101818	0.188025	-0.799874	0.234437	-0.0977308
-0.361445	0.352524	0.241535	0.0694132	-0.133306	0.0511354	-0.0329356	-0.612093	0.397908	0.0272641
-0.643993	0.560734	0.120287	0.0704878	-0.0405003	-0.0932952	-0.0484506	-0.199358	0.253607	0.0204825
-0.664514	0.37728	-0.104749	0.00276606	0.190511	-0.18578	0.0838017	-0.0379403	0.181904	0.156721
-0.573404	0.143527	-0.0810606	-0.0169585	0.398139	-0.274441	0.0983012	0.0305915	-0.0505613	0.325865
-0.186432	-0.218379	-0.200353	0.052552	0.455206	-0.240385	-0.184701	0.232482	0.00137115	0.288639
-0.0739422	-0.385757	-0.0509355	0.036844	0.238805	-0.131271	-0.142748	0.387609	-0.0614477	0.182845
-0.10267	-0.298959	-0.0967932	-0.0865521	0.292062	-0.168853	-0.038305	0.435258	-0.0392309	0.104043
-0.00481307	-0.191666	-0.0486959	-0.198605	0.213367	-0.0481708	-0.0233995	0.278136	-0.153762	0.17761
0.142998	-0.12626	-0.113948	-0.071424	0.105926	-0.0975484	0.118986	0.148817	-0.19778	0.0902336
0.19754	-0.0887176	-0.0945066	-0.168186	0.0692608	-0.0831687	0.303598	0.213987	-0.231501	-0.118306
0.325759	-0.0610679	0.00614687	-0.10569	-0.0374995	-0.183477	0.360851	0.15873	-0.184509	-0.279243
0.275771	-0.0308895	0.178925	-0.0297821	-0.106377	-0.18527	0.172899	0.0401168	-0.108645	-0.206746
0.0170562	-0.0190181	0.277744	-0.0160736	-0.043629	-0.0903978	-0.0661211	-0.000877891	-0.00318194	-0.0555004
-0.00301403	-0.00331343	0.14387	-0.00605517	-0.0277646	-0.0108373	-0.0766178	-0.00186402	-0.00642928	-0.00797408
-8.16336e-05	-1.34952e-05	0.0042483	-0.00095599	-0.00117858	-0.000447777	-0.00130923	-1.83412e-05	-0.000223813	-1.94449e-05
-1.25035e-05	-2.92949e-07	-2.87442e-06	-0.000268783	-1.85914e-05	0.000953363	-1.97921e-05	4.38589e-05	-4.21163e-05	-0.000632269
-5.03987e-05	-7.14923e-06	-0.00968748	0.0111373	-2.60011e-05	-0.000425226	-6.53338e-06	-5.70677e-05	-0.000849233	-2.82077e-05
-0.00102254	0.00236273	-0.0058603	0.0130495	0.00505006	-0.00240783	-0.000181192	0.0132693	-0.0013427	-0.022917
-0.0399605	0.00185284	0.0119618	0.0214896	0.0297238	-0.0139549	-0.0387294	0.0436646	-0.0121169	-0.00393103
0.0182434	-0.00733187	0.020993	0.0485728	0.135433	-0.0362792	-0.186671	0.00953664	-0.0662023	0.0637065
0.240891	-0.0616096	0.0406386	-0.0405686	0.203188	-0.18016	-0.0244142	-0.0725027	-0.167404	0.0619425
0.141032	-0.118006	0.104868	-0.125317	0.235737	-0.157131	0.152546	-0.0545758	-0.234843	0.055688
0.242762	-0.125168	0.0411864	-0.24389	0.317464	-0.139161	0.195107	-0.114303	-0.255218	0.0812207
0.219355	-0.127818	0.00195242	-0.287392	0.338238	0.0339341	0.172492	-0.277752	-0.16885	0.0958403
0.263314	-0.265706	0.0261256	-0.254845	0.33422	0.136307	0.169377	-0.315442	-0.0379429	-0.0554082
0.280893	-0.394995	0.0102186	-0.190343	0.248039	0.125109	0.322205	-0.334454	-0.0530278	-0.0136468
0.0944646	-0.209434	-0.0633023	-0.0738908	0.281816	0.0891521	0.408522	-0.511069	-0.0323838	0.0161269
-0.158853	0.0827942	0.0101209	0.0698907	0.136178	0.11752	0.195682	-0.591581	0.181527	-0.0432791
-0.558043	0.401064	0.21812	0.119618	-0.108173	-0.0520756	0.0803851	-0.357524	0.3796	-0.122972
-0.717008	0.591797	0.109713	0.13371	0.0468613	-0.267181	0.162067	-0.222026	0.302802	-0.140733
-0.643242	0.182726	0.0118974	0.0699981	0.266491	-0.246468	0.106237	0.0224378	0.0786516	0.151273
-0.434685	0.0373047	-0.0120219	-0.0599237	0.458014	-0.20226	-0.00175922	-0.00405574	-0.0726229	0.292011
-0.183224	-0.437101	-0.097808	-0.0450155	0.382732	-0.198448	-0.0733416	0.448244	-0.118855	0.322818
-0.0315393	-0.411696	-0.156678	-0.0623726	0.1481	0.0733041	-0.076937	0.487085	-0.0976301	0.128365
-0.018837	-0.328102	-0.0960326	0.107959	0.170098	-0.062175	0.0161766	0.352827	-0.194694	0.0527793
0.12998	-0.230025	-0.211713	0.185468	0.0123831	-0.114487	0.0951887	0.377081	-0.292193	0.0483166
0.125269	-0.143444	-0.137303	0.1372	-0.00750219	-0.0282337	0.1319	0.335696	-0.29631	-0.117274
0.202047	-0.1068	-0.163367	0.126333	0.0373917	-0.0361754	0.106517	0.314418	-0.233327	-0.247038
0.291422	-0.0697241	-0.0122933	0.0727495	-0.0820679	-0.0102409	0.182482	0.121617	-0.219702	-0.274242
0.202597	-0.0404832	0.304703	0.0239426	-0.205176	-0.0524467	0.118183	0.00931041	-0.169607	-0.191024
-0.00575982	-0.0174486	0.349437	-0.0263828	-0.0894294	-0.0605601	-0.0354657	-0.0314691	-0.0217082	-0.0612133
-0.00527467	-0.00601881	0.151555	-0.00816407	0.00644228	-0.0177515	-0.0779548	-0.00365884	-0.0149473	-0.0242271
-0.000822642	-0.000628572	0.0204353	-0.000351012	-0.00173673	-0.00750486	-0.00575988	-0.000295898	-0.00167078	-0.00166491
-1.19147e-05	-5.0926e-07	-2.58978e-07	-9.97085e-06	-4.60875e-05	-0.000143605	-3.08134e-06	0.000299829	-1.91438e-05	-6.52575e-05
-4.33391e-05	-1.25476e-06	-0.00495454	0.00738391	-1.63208e-05	-0.000270222	-2.56199e-05	-0.000789198	-0.000462198	-0.000821214
-0.00279885	0.0019114	-0.00611702	0.037494	-0.00448445	-0.0070698	-0.00115859	-0.000956977	-0.00295486	-0.0138649
-0.0397103	-0.00312608	0.0972207	0.0933987	-0.0331346	-0.00512917	-0.064254	-0.0137561	-0.012351	-0.0191579
0.0444262	-0.0172365	0.193861	0.169168	-0.0453615	-0.0454797	-0.216079	-0.0128112	-0.0963191	0.0258317
0.284455	-0.093665	0.200817	0.0553891	0.0340852	-0.132894	-0.0324109	-0.107021	-0.204681	-0.0040741
0.239113	-0.196421	0.257911	-0.102351	0.132129	-0.157733	0.172002	-0.0652758	-0.194669	-0.084704
0.177285	-0.222287	0.0923191	-0.20535	0.292264	-0.332272	0.280036	-0.031349	-0.0506565	1.20773e-05
0.239795	-0.221952	-0.0355997	-0.322414	0.332606	-0.284224	0.229543	-0.183231	0.103003	0.142473
0.262227	-0.181078	0.0809013	-0.208097	0.217536	-0.256456	0.276216	-0.213336	0.100408	-0.0783221
0.267721	-0.128716	0.104032	-0.222454	-0.0262591	-0.130416	0.410074	-0.383579	0.0690244	0.0405748
0.0750371	-0.0952439	0.172848	-0.0793422	-0.0514416	-0.132438	0.502359	-0.502609	0.0474279	0.0634028
-0.303337	-0.0783492	0.283401	0.0338714	0.0463766	-0.0785501	0.0651055	-0.277466	0.361243	-0.052293
-0.646488	0.385301	0.297216	0.17513	0.041014	-0.147001	0.0611563	-0.15841	0.20151	-0.209427
-0.648386	0.584943	0.113931	-0.0183237	0.283859	-0.267818	0.174336	-0.179066	0.0451186	-0.0885931
-0.472859	0.0292872	-0.0120665	-0.164017	0.476207	-0.154738	0.0946688	0.110176	0.029229	0.064114
-0.274837	-0.186757	0.146906	-0.229528	0.414725	-0.178017	-0.0482302	0.0978821	0.0559282	0.201928
-0.0309148	-0.561039	0.132591	-0.0435033	0.256701	-0.117744	-0.111151	0.289059	-0.0317	0.217702
0.0279628	-0.42433	-0.00636125	0.190381	0.161467	-0.057895	0.0645497	0.193082	-0.253934	0.105079
0.0422547	-0.297613	-0.0538237	0.25394	0.0946478	-0.00588456	0.146206	0.243972	-0.335019	-0.0886795
0.146842	-0.207342	-0.100256	0.187163	0.150956	0.00380574	0.0302954	0.232271	-0.327994	-0.115743
0.141777	-0.137252	0.118413	0.154287	0.0834907	-0.0212805	0.0223541	0.230859	-0.315371	-0.277278
0.177853	-0.111738	0.101819	0.244056	-0.0865007	0.0854996	-0.0108675	0.0813796	-0.252561	-0.228942
0.182638	-0.0853956	0.16579	0.208238	-0.164013	0.0746669	0.0522627	-0.0125907	-0.117068	-0.304527
0.0550392	-0.0481439	0.374018	0.0879146	-0.156247	-0.00443811	0.057311	-0.0285172	-0.143911	-0.193026
-0.0398974	-0.035005	0.488856	-0.0427624	-0.0780311	-0.0589549	-0.0651405	-0.036478	-0.0721614	-0.060426
-0.0166983	-0.0156016	0.221769	-0.00919483	-0.0345702	-0.0308447	-0.0714908	-0.00281865	-0.0249755	-0.0155742
-0.000869709	-0.000236402	0.0304617	-0.000459206	-0.00142295	-0.0137026	-0.0121679	-0.000264984	-0.00110309	-0.00023487
0.0	0.0	0.0	0.0	0.0	0.0	0.0	0.0	0.0	0.0
-5.24692e-05	0.000260616	-0.00191124	0.00266244	-1.21561e-05	-0.000265008	-2.11971e-05	-6.93637e-05	-0.000458523	-0.000133094
-0.00521096	-0.00022573	0.0040598	0.0459281	-0.00408474	-0.0110979	-0.00234449	-0.00166462	-0.00318358	-0.0221759
-0.0484562	-0.00668415	0.138336	0.182683	-0.0968082	0.00432067	-0.0721464	-0.0256922	-0.0235283	-0.0520235
0.044156	-0.0306538	0.31729	0.224272	-0.0745324	0.0108328	-0.251698	-0.0246429	-0.112781	-0.102242
0.237039	-0.165442	0.312157	0.0713304	-0.0689334	0.118465	-0.0946028	-0.085345	-0.195875	-0.128793
0.259348	-0.290909	0.215202	-0.0600683	0.0175028	0.216768	0.0610472	-0.173281	-0.136204	-0.109405
0.193343	-0.294861	0.139803	-0.103551	0.162813	-0.204352	0.213596	-0.222569	0.0826352	0.0331427
0.144007	-0.225355	0.102417	-0.237892	0.23113	-0.301014	0.24205	-0.21139	0.182165	0.0738818
0.226885	-0.118206	0.15316	-0.435025	0.132031	-0.27052	0.254143	-0.23348	0.267732	0.0232795
0.314287	0.0457869	0.262121	-0.489549	-0.0163287	-0.322539	0.471939	-0.401552	0.0435758	0.0922616
0.0435813	-0.0872798	0.299995	-0.390176	-0.0735783	-0.304093	0.44927	-0.265995	0.270056	0.0582191
-0.274651	0.0728224	0.339435	-0.257173	0.0682091	-0.395789	0.14877	-0.076819	0.355435	0.019761
-0.588104	0.387596	0.26491	-0.193284	0.25943	-0.389602	0.0914576	0.0496942	0.19755	-0.0796484
-0.57942	0.429797	0.0700851	-0.287715	0.508188	-0.261005	0.1103	0.0893377	-0.0211047	-0.0584641
-0.32956	-0.0158061	0.0996157	-0.251618	0.400439	-0.0826136	0.0151903	0.0759565	-0.11461	0.203006
-0.081265	-0.335101	0.0981243	0.00245289	0.301639	-0.0131402	-0.0745391	-0.0362797	0.0808255	0.0572843
0.0824194	-0.478924	-0.0287855	0.14152	0.157091	0.0850752	0.0511194	0.0335939	-0.0913631	0.0482542
0.0127896	-0.330862	0.0394141	0.107973	0.144687	0.126384	0.160334	0.0661394	-0.262471	-0.0643882
0.0329114	-0.223206	0.0197842	0.256933	-0.0491829	0.0370373	0.149574	0.0189207	-0.115394	-0.127378
0.0819071	-0.155603	0.0155636	0.0937417	0.026948	0.0572014	0.0237785	0.071648	-0.07647	-0.138716
0.0453408	-0.104482	0.111499	0.179969	0.0269254	0.0478893	0.0215226	0.015738	-0.115279	-0.229123
0.148912	-0.069611	0.148327	0.301622	-0.151491	-4.83594e-05	0.0477992	-0.013212	-0.131519	-0.280779
0.090091	-0.0653246	0.17615	0.235433	-0.154182	0.0919774	0.0184021	-0.0611315	-0.0229311	-0.308483
0.00879711	-0.0432044	0.453946	-0.0349399	-0.141771	0.0565894	-0.0197287	-0.015832	-0.0664084	-0.197448
-0.0246414	-0.0477154	0.523667	-0.0757783	-0.0991207	-0.0713833	-0.0606805	0.00271718	-0.10513	-0.0419343
-0.00899773	-0.00817966	0.128086	-0.00751929	-0.0185805	-0.0150572	-0.0488783	0.0074594	-0.0201595	-0.00817324
0.00713499	-0.000285013	0.0094671	-0.000255821	-0.00780362	-0.00207345	-0.00463904	-0.000647943	-0.000288124	-0.00060908
-1.28544e-05	-5.96164e-06	-7.3356e-06	-0.000212939	-0.00201975	-0.000122441	-3.32923e-06	0.00196975	-8.16564e-05	0.000496523
-1.15495e-05	4.55437e-05	-0.000104968	0.000280404	-2.27002e-06	-0.000106435	-4.67161e-06	-3.30838e-06	-6.90996e-05	-2.36457e-05
-0.00540811	-0.000601869	-0.0158803	0.0528277	-0.00466005	-0.00860927	-0.00193544	0.00307437	-0.00363184	-0.0151753
-0.0766086	-0.00820682	0.10643	0.280112	-0.0811294	-0.00164992	-0.0670968	-0.0097025	-0.0578885	-0.0842591
0.010621	-0.0538977	0.355852	0.250076	-0.0836382	0.114837	-0.232126	-0.0639424	-0.15929	-0.138491
0.135477	-0.205346	0.396486	0.214253	-0.116223	0.206603	-0.211913	-0.131619	-0.102425	-0.185294
0.170599	-0.370232	0.222057	0.082432	-0.112873	0.412008	-0.0198288	-0.276337	0.0125754	-0.120401
0.122249	-0.310665	0.290318	-0.0844392	-0.00502648	0.136978	0.163665	-0.290609	0.0821853	-0.104656
0.188328	-0.121218	0.119379	-0.133854	0.0598572	-0.0212531	0.18267	-0.290622	0.119195	-0.102482
0.237629	0.00125275	0.103821	-0.312359	0.0154458	-0.128014	0.22025	-0.313743	0.205515	-0.0297972
0.331242	-0.0839632	0.212304	-0.393316	-0.182034	-0.180001	0.300239	-0.335136	0.221062	0.109605
0.0777222	-0.0761651	0.187728	-0.382399	-0.101276	-0.151886	0.330998	-0.190019	0.249563	0.0557337
-0.279514	0.0613199	0.270321	-0.418292	0.101177	-0.144293	0.459222	-0.0794113	0.207998	-0.178528
-0.491564	0.189838	0.267638	-0.341569	0.225328	-0.0845942	0.238371	0.0910671	0.0497383	-0.144253
-0.426256	0.208744	0.110659	-0.24519	0.296115	0.00599388	0.0505633	0.0502349	-0.133137	0.0822742
-0.184705	-0.133247	0.00508479	0.0571073	0.195054	-0.0180642	0.0750553	-0.0343699	-0.06145	0.0995353
-0.0226314	-0.284686	0.14178	0.268326	0.135554	0.0173954	0.172927	-0.159543	-0.152463	-0.116659
0.020298	-0.202873	0.185038	0.184195	-0.137646	0.108995	0.211287	-0.11115	-0.138127	-0.120016
-0.0176675	-0.118441	0.103464	0.201008	-0.0866277	-0.0339143	0.215663	-0.108571	-0.031683	-0.123231
-0.0322153	-0.0921481	0.0814249	0.223809	-0.145672	0.0288826	0.0699977	-0.0561156	-0.0150795	-0.062883
-0.0574396	-0.0439199	0.0472672	0.13592	-0.0745296	0.0837546	0.0169831	-0.0783388	0.014309	-0.0440065
0.0316792	-0.0513083	0.155843	0.304436	-0.0803079	0.0400414	0.0555525	-0.161417	-0.0915614	-0.202958
0.138652	-0.0765091	0.170732	0.339355	-0.240966	0.0557404	0.0311652	-0.159828	0.000994036	-0.259336
0.0627282	-0.0708104	0.386386	0.128479	-0.16912	0.129009	-0.0137562	-0.187357	0.00669646	-0.272256
-0.013961	-0.0253908	0.55731	-0.106876	-0.130176	0.112691	-0.060345	-0.116013	-0.0607798	-0.15646
-0.0207812	-0.00290392	0.379292	-0.0533627	-0.0927877	-0.0430928	-0.0260574	-0.0131365	-0.0887812	-0.0383887
-0.00480768	0.00156687	0.0494793	-0.00656092	-0.00678648	-0.0105166	-0.0181348	0.0075235	-0.00978481	-0.00197836
-0.00286128	-6.15597e-06	0.0154054	-0.00010907	-2.42138e-05	-0.00453533	-0.00747417	-1.10574e-05	-0.00019162	-0.000192487
-1.77584e-09	2.34374e-05	-1.48965e-05	-1.72676e-06	-8.09495e-09	-6.99767e-08	-1.79251e-07	-2.65019e-07	-6.09755e-06	-1.92351e-07
0.00252308	0.000111948	-0.00104297	1.90681e-05	-0.0025275	-0.000290507	-0.000218942	0.00644622	-0.00044934	-0.00457105
-0.00401453	-0.000938149	-0.0140796	0.0516867	-0.00464246	-0.00956018	-0.00193762	0.0022996	-0.00617045	-0.0126433
-0.0629104	-0.00933979	0.0324052	0.314083	-0.0271992	-0.00463418	-0.0645137	-0.0270591	-0.0837844	-0.0670468
-0.0282861	-0.0724469	0.247729	0.296373	-0.0909746	0.155289	-0.173624	-0.063301	-0.148152	-0.122607
0.0935956	-0.24388	0.217451	0.30262	-0.098461	0.229692	-0.218788	-0.159933	0.026511	-0.148808
0.165913	-0.243658	0.194227	0.167533	-0.165583	0.321406	-0.0936018	-0.2767	0.100702	-0.170239
0.147128	-0.122378	0.291734	0.0660906	-0.181128	0.151832	0.0785394	-0.350881	0.0850569	-0.165995
0.162531	-0.0515446	0.219779	0.0050886	-0.25274	0.241231	0.0931711	-0.303386	0.0985028	-0.212631
0.203206	0.0274806	0.202776	-0.0571631	-0.329024	0.119018	0.220438	-0.295728	0.19354	-0.284544
0.333327	-0.0806336	0.265359	-0.127862	-0.362041	0.0323281	0.337236	-0.311951	0.160317	-0.246079
0.287611	-0.0421127	0.233535	-0.223146	-0.247235	0.0542366	0.534844	-0.203321	-0.0939649	-0.300445
0.0849676	-0.0274078	0.221754	-0.277345	-0.313104	0.108644	0.498611	-0.0727274	0.0367045	-0.260097
-0.158504	0.151414	0.276975	-0.192085	-0.142986	0.10996	0.229232	-0.00541014	-0.0883734	-0.180221
-0.203081	-0.00219166	0.121045	-0.055629	0.076489	0.0428763	0.211699	0.120245	-0.127395	-0.184057
-0.105216	-0.0494447	0.127447	0.0572398	-0.0107853	0.0452974	0.222729	-0.102924	-0.025891	-0.158452
-0.0621958	0.0432083	0.167099	0.173717	-0.073821	0.000611445	0.235281	-0.265448	-0.0565325	-0.16192
0.00365157	-0.00773168	0.184461	0.277748	-0.158592	-0.0130332	0.175172	-0.28211	0.00177631	-0.181342
-0.0276093	0.0492145	0.098322	0.255982	-0.139456	0.0136705	0.111655	-0.299617	0.0999269	-0.162089
-0.0662538	0.0631491	0.0210498	0.205497	-0.195616	0.0145433	0.117193	-0.175446	0.055895	-0.0400101
-0.00487108	0.0162223	0.0976424	0.130677	-0.172368	0.103741	0.0843424	-0.280719	0.0532313	-0.0278984
0.0635716	-0.0128472	0.187157	0.28108	-0.129597	0.0895684	0.0846077	-0.365773	-0.0133482	-0.184418
0.113974	-0.0556022	0.283653	0.156981	-0.270141	0.114402	0.0270547	-0.293902	0.120482	-0.196903
0.00979938	-0.0447631	0.358203	0.0513784	-0.184416	0.167883	-0.0544613	-0.21028	0.0673468	-0.160689
-0.0140046	0.00147115	0.356075	-0.0817895	-0.106747	0.111348	-0.0664335	-0.0635524	-0.053829	-0.0825359
-0.0244173	0.0177495	0.266793	-0.0360661	-0.0434775	-0.0121446	-0.0621369	-0.0137354	-0.0696126	-0.0229521
-0.00463508	0.00198274	0.0724694	-0.00571504	-0.00157409	-0.0157566	-0.0283617	-0.00199724	-0.0101643	-0.00624801
-0.000898608	2.05222e-05	0.00716916	-6.6346e-05	-1.37751e-07	-0.00137485	-0.00479261	-3.01736e-07	-5.66579e-05	-1.69877e-07
0.0	0.0	0.0	0.0	0.0	0.0	0.0	0.0	0.0	0.0
0.00635333	-3.40418e-05	-0.00238993	3.53921e-05	-5.56548e-05	-0.000325177	-0.000547058	-8.25566e-05	-0.000957277	-0.00199702
-0.00381338	-0.00486969	0.00390315	0.0406364	-0.00207381	-0.00610335	-0.00184591	-0.00602306	-0.00914346	-0.0106669
-0.0536162	-0.0186209	0.0584109	0.285742	-0.0350065	0.00469653	-0.0449075	-0.0485542	-0.0905568	-0.0575875
-0.0142812	-0.05234	0.240025	0.331545	-0.0938096	0.0686407	-0.145286	-0.120621	-0.133993	-0.0798796
0.110643	-0.149532	0.228178	0.226148	-0.156932	0.24462	-0.234806	-0.188602	-0.0135676	-0.0661491
0.146173	-0.04145	0.20709	0.277416	-0.24432	0.214137	-0.187794	-0.304566	0.12031	-0.186995
0.131489	0.00173792	0.363256	0.204562	-0.35826	0.0172611	0.0205395	-0.337761	0.26166	-0.304484
0.127881	0.104435	0.25061	0.206744	-0.433196	0.216337	0.0129087	-0.267399	0.0694666	-0.287785
0.203222	0.082132	0.237248	0.197447	-0.401804	0.199915	0.177753	-0.286812	-0.0136496	-0.395451
0.344846	0.0865708	0.211007	-0.0374394	-0.351581	0.0560132	0.330047	-0.243648	0.0884035	-0.48422
0.399892	0.0860384	0.285908	-0.160964	-0.208537	0.13532	0.344206	-0.210416	-0.149473	-0.521975
0.293124	0.0158856	0.179656	-0.283812	-0.23199	0.0918975	0.446982	-0.0684026	0.0132192	-0.456561
0.0934368	-0.0314961	0.0710467	-0.097915	-0.293998	0.0618325	0.370339	3.18247e-05	0.0126144	-0.185893
-0.00434661	-0.00269707	0.027643	0.0339234	-0.117223	-0.0382629	0.470596	0.0331389	-0.151456	-0.251315
-0.00374539	-0.0374843	0.0553196	-0.00561	-0.0503569	0.0146048	0.304495	-0.138391	0.0578116	-0.196643
-0.0531442	0.148456	0.0860108	0.0832808	-0.00577082	0.0860266	0.18213	-0.268878	-0.129254	-0.128855
-0.0166835	0.23006	0.0138595	0.161634	-0.0293668	0.116911	0.0949949	-0.347547	-0.0647961	-0.159066
-0.0983487	0.241895	0.12465	0.22152	-0.0912552	0.111198	0.173883	-0.434135	-0.0197991	-0.229609
-0.0882928	0.172629	0.181338	0.181725	-0.1662	0.0680228	0.0961151	-0.345081	-0.00556821	-0.0946893
-0.0353118	0.076686	0.151941	0.209443	-0.122295	0.0407322	0.114918	-0.437323	0.0980354	-0.0968255
0.0456309	-0.00115821	0.248307	0.122639	-0.0735007	0.137341	-0.012919	-0.416189	0.121307	-0.171459
0.0432626	-0.0454327	0.294627	-0.00592693	-0.163595	0.289283	-0.103862	-0.315194	0.149866	-0.143029
-0.0445477	-0.0401071	0.320107	-0.0159477	-0.139912	0.163314	-0.058472	-0.1573	0.0520449	-0.079179
-0.0285597	-0.0195413	0.298819	-0.0653223	-0.0693592	0.0607095	-0.0522176	-0.036616	-0.0848539	-0.00305753
-0.0185319	0.00131938	0.127696	-0.0209525	-0.0387333	0.0254281	-0.0256503	-0.0132824	-0.0482413	0.0109484
-0.00106203	0.00353708	0.0231176	-0.00273775	-0.000420666	-0.00228941	-0.00537083	-0.00127383	-0.00910485	-0.00439532
-2.09484e-05	7.48126e-05	-6.2724e-05	-4.1088e-05	-2.13508e-05	0.000343076	-4.30577e-06	-3.12763e-05	-0.000204745	-3.14513e-05
-2.19194e-08	6.03907e-05	-2.96444e-05	-8.7601e-06	-4.30284e-07	-3.6481e-07	-6.46788e-07	-3.25127e-06	-1.6351e-05	-9.1999e-07
-4.97256e-05	5.28174e-06	1.09667e-05	0.000498626	-2.54514e-06	-0.000138626	-3.08384e-05	-8.92002e-05	-6.90737e-05	-0.000134865
-0.00845079	-0.00826874	0.0195241	0.0419637	-0.000629771	-0.00810087	-0.00124044	-0.0181156	-0.00825343	-0.00842813
-0.0406649	-0.0131082	0.0871761	0.183254	-0.0318263	0.01398	-0.0254494	-0.060881	-0.0675664	-0.0449134
-0.0473598	0.0199819	0.151709	0.23288	-0.0683238	0.0952153	-0.106786	-0.118254	-0.0944053	-0.0646561
0.0537083	0.159161	0.154069	0.141266	-0.105669	0.0655295	-0.193493	-0.166066	-0.045817	-0.0626896
0.100043	0.168898	0.155923	0.201227	-0.243413	0.118095	-0.275423	-0.230515	0.159488	-0.154325
0.1137	0.128721	0.165495	0.166911	-0.318559	0.150853	-0.125726	-0.253434	0.209209	-0.237169
0.0280185	0.16446	0.153411	0.144443	-0.241888	0.156025	0.0143789	-0.204851	0.010825	-0.224822
0.0889629	0.0853509	0.240143	-0.0213807	-0.233977	0.132535	0.101191	-0.258571	0.0833903	-0.217644
0.234005	0.115419	0.132531	-0.0493668	-0.200549	0.0454093	0.225939	-0.196682	-0.0272394	-0.279465
0.31136	-0.10669	0.11488	-0.110715	-0.091995	0.150446	0.311772	-0.16758	-0.0387884	-0.372691
0.231172	-0.16621	0.0537889	-0.0834502	-0.135866	0.124301	0.464703	-0.119213	-0.0724742	-0.296751
0.0938199	-0.164752	0.0809776	-0.0519207	-0.190856	0.0657552	0.501342	-0.128414	0.0529482	-0.2589
0.0147516	0.010932	0.0563386	-0.0646564	-0.0952931	0.0675721	0.470922	-0.151384	-0.0372678	-0.271914
-0.00882821	0.0285413	-0.0196712	0.0105281	0.0352419	0.0574567	0.27482	-0.124664	-0.0145144	-0.23891
-0.0147607	0.0600745	0.087277	0.0568801	-0.0538871	0.0496567	0.202716	-0.130999	-0.117643	-0.139314
-0.118654	0.169165	0.17537	0.0297225	-0.0032632	0.0946198	0.251996	-0.281448	-0.0676111	-0.249896
-0.125933	0.254295	0.230419	0.181838	-0.0833209	0.00699031	0.187536	-0.33112	-0.0582174	-0.262487
-0.12859	0.157499	0.279784	0.23969	-0.0234355	0.0117104	0.0764029	-0.35813	-0.0345887	-0.220342
-0.0476864	0.122754	0.119033	0.0708037	-0.00183585	0.157648	-0.00437187	-0.383491	0.0941359	-0.126988
-0.0106425	0.0516509	0.198151	-0.0646733	0.00386101	0.265829	-0.0750898	-0.371353	0.0667908	-0.0645237
-0.016958	-0.0848044	0.299701	-0.0865034	-0.0651427	0.268948	-0.0506981	-0.272297	0.0909462	-0.083191
-0.0198254	-0.062817	0.324311	-0.104796	-0.052659	0.127567	-0.0367727	-0.140373	-0.0154714	-0.0191628
-0.025316	-0.00313812	0.207207	-0.0746824	-0.0469848	0.0563069	-0.0239373	-0.0290447	-0.0945135	0.0341032
-0.00851941	-0.00160263	0.07581	-0.0151713	-0.034409	0.0394719	-0.0156536	-0.010355	-0.0326495	0.00307855
0.00699357	-0.000795542	0.00807631	-0.00226992	-0.000731143	0.000725123	-0.00135132	-0.00101788	-0.00332398	-0.00630522
4.00742e-06	-4.47116e-11	-6.23501e-07	-2.75101e-07	-3.55722e-09	-1.40545e-06	-2.27485e-07	-7.57855e-09	-1.45184e-06	-1.28083e-08
-2.12344e-08	5.85035e-05	-2.8718e-05	-8.48635e-06	-4.16838e-07	-3.5341e-07	-6.26576e-07	-3.14966e-06	-1.584e-05	-8.91241e-07
-7.9846e-07	1.75111e-05	-1.0228e-05	1.55023e-05	-1.72528e-07	-5.00609e-06	-2.05543e-07	-5.2839e-06	-6.62636e-06	-4.69257e-06
-0.00199553	-0.00787667	0.0111266	0.0399644	-0.000368157	-0.00569496	-0.00022177	-0.0198048	-0.00606771	-0.00906141
-0.0321463	-0.00927161	0.0585732	0.116785	-0.0252576	0.00777161	-0.00874223	-0.0504496	-0.033451	-0.0238113
-0.100406	0.061638	0.109538	0.146695	-0.0435705	0.0934925	-0.0503472	-0.073324	-0.0919672	-0.0517487
-0.0303991	0.332933	0.112966	0.110623	-0.0809201	-0.0179945	-0.117348	-0.0363889	-0.145596	-0.127876
0.0462431	0.294187	0.153869	0.139669	-0.147087	-0.106284	-0.221048	-0.0420149	0.0305609	-0.148097
0.104787	0.161596	0.169926	0.100379	-0.195704	-0.0416293	-0.229065	0.0180928	0.124503	-0.212886
0.138012	0.106818	0.248012	-0.00850966	-0.188903	0.0614362	-0.19425	-0.0534609	0.00760902	-0.116764
0.135599	0.100524	0.256233	0.0225084	-0.17867	0.0699302	-0.0973297	-0.149615	-0.054491	-0.104689
0.152814	-0.045192	0.147897	0.0430531	-0.0957114	-0.0208094	-0.00720925	-0.109604	0.00991064	-0.0751493
0.219393	-0.266365	0.154741	0.0730512	-0.0929843	0.068815	-0.000276938	-0.211686	0.129936	-0.0746241
0.189808	-0.366846	0.0836952	-0.0353624	-0.13498	0.156601	0.1534	-0.157437	0.166896	-0.0557741
0.3019	-0.273577	-0.015666	-0.0573776	-0.119461	0.210228	0.161229	-0.241444	0.18783	-0.15366
0.150182	-0.0875157	-0.0574424	-0.0706554	-0.0989839	0.0965805	0.0580876	-0.104046	0.1903	-0.0765065
0.115097	0.024623	-0.106756	-0.00471719	-0.0403169	0.0485394	0.10509	-0.038545	0.0897368	-0.19275
0.0418838	0.064971	-0.0139072	0.010656	-0.0604687	0.121054	0.0841793	-0.07552	-0.00941987	-0.163428
0.0123013	0.222339	0.0356698	0.0619802	0.018774	0.0379593	0.0231824	-0.191469	0.00630357	-0.22704
-0.0699407	0.251704	0.171504	0.0828187	0.0231027	0.0697165	-0.0440607	-0.23932	-0.00138732	-0.244138
-0.105734	0.121474	0.253573	0.143514	0.174696	0.0931864	-0.0608626	-0.276771	-0.0433255	-0.29975
-0.130353	0.0624272	0.257598	0.0483788	0.116586	0.126332	-0.0328785	-0.344771	-0.00360532	-0.0997148
-0.0851367	-0.0395505	0.238459	-0.0873101	0.146857	0.114729	-0.0369826	-0.32426	0.0714105	0.00178496
-0.0168517	-0.0877205	0.265795	-0.0402822	0.0050908	0.11115	-0.075241	-0.19884	-0.00245516	0.0393553
0.00461414	-0.0456395	0.188096	-0.0618012	-0.0479306	0.0887351	-0.0558513	-0.122556	-0.01669	0.0690235
-0.0137804	-0.0109352	0.123409	-0.0491842	-0.0371118	0.0541678	-0.0243746	-0.0298546	-0.0464429	0.0341066
-0.00493948	-0.00184974	0.0414135	-0.0134557	-0.0194003	0.0281078	-0.00705887	-0.0136897	-0.0129105	0.00378293
0.000751375	0.00163284	-0.00549818	-0.000136339	0.000887317	0.00562275	-9.42694e-05	-0.000242492	-0.00137339	-0.00154961
7.39832e-06	-8.25445e-11	-1.15108e-06	-5.07879e-07	-6.56718e-09	-2.59467e-06	-4.19972e-07	-1.39912e-08	-2.68032e-06	-2.36461e-08
0.0	0.0	0.0	0.0	0.0	0.0	0.0	0.0	0.0	0.0
0.0	0.0	0.0	0.0	0.0	0.0	0.0	0.0	0.0	0.0
-0.000263932	-0.000100194	-0.000416061	0.0247679	-0.000115804	-0.000540499	-2.77732e-05	-0.0153046	-0.00171118	-0.0062879
-0.0120075	-0.0180715	-0.0108682	0.104135	-0.00619866	0.0107615	-0.00176578	-0.0358546	-0.0217432	-0.00838645
-0.0680206	0.0249887	-0.0146987	0.176964	-0.0203129	0.060903	-0.0106008	0.0156368	-0.108457	-0.0564024
-0.0746627	0.230221	-0.031069	0.199951	-0.0481098	0.0515414	-0.0333482	0.0872993	-0.289049	-0.0927744
-0.0273005	0.261474	-0.0297339	0.221628	-0.0630619	-0.0560667	-0.0823684	0.185962	-0.288098	-0.122435
0.0694373	0.123096	-0.00311217	0.190129	-0.0810693	-0.0824998	-0.168071	0.233223	-0.153838	-0.127295
0.117769	0.0212687	0.0568028	0.0260533	-0.0783639	0.0630807	-0.228369	-0.0492501	0.087506	-0.0164982
0.18339	0.00185743	0.0705142	0.0961074	-0.0473017	0.118725	-0.278984	-0.0587398	0.02939	-0.114959
0.260833	-0.0757557	0.00961263	0.0831687	-0.0293091	0.194744	-0.328237	-0.0646096	-0.0383437	-0.0121022
0.309624	-0.131637	0.111547	0.11884	-0.0220749	0.114841	-0.29521	-0.178621	0.0585075	-0.0858159
0.298804	-0.0497623	0.0466367	-0.0770652	-0.106565	0.122262	-0.183336	-0.187433	0.194833	-0.0583751
0.297767	-0.122421	-0.0832623	0.0140378	-0.087648	0.0257487	-0.127232	-0.151829	0.359073	-0.124233
0.258758	-0.151132	-0.0942532	-0.0980149	-0.0244933	0.0805248	-0.0924768	-0.032797	0.247999	-0.0941135
0.165182	0.0252949	-0.10058	-0.0629308	-0.026092	0.0554954	-0.0950358	0.0263188	0.21606	-0.203712
0.0205671	0.0709212	-0.0495997	-0.136675	0.0604793	0.13334	-0.137636	-0.0693508	0.262534	-0.15458
-0.0255209	0.182249	-0.0207016	0.0476322	0.0511492	0.0165269	-0.118134	-0.0946265	0.113637	-0.152211
-0.203533	0.0614199	0.164083	0.141135	0.18122	-0.0760149	-0.0743275	-0.165436	0.130296	-0.158844
-0.230786	0.0239964	0.261477	-0.00817261	0.201301	0.000958155	-0.0435847	-0.260305	0.127211	-0.0720954
-0.207342	-0.0379637	0.208018	-0.0508604	0.19424	0.0643639	-0.0435186	-0.299194	0.12828	0.0439758
-0.107843	-0.0740914	0.224008	-0.0660813	0.138202	-0.0044435	-0.0536123	-0.274334	0.044287	0.17391
-0.043384	-0.0612187	0.179962	-0.0727381	-0.00957029	0.014391	-0.0364985	-0.163473	0.00438517	0.188144
-0.0177407	-0.044211	0.105567	-0.0389184	-0.0388229	0.0486365	-0.0243692	-0.124293	0.0166526	0.1175
-0.0176322	-0.0103297	0.0801011	-0.018664	-0.0277499	0.0370745	-0.0146992	-0.0390785	-0.0279775	0.0389554
-0.00318245	7.15755e-05	0.0355286	-0.0100354	-0.00130145	0.0106845	-0.00352952	-0.0152795	-0.00925563	-0.00370078
-9.94364e-06	0.00668893	-0.00429546	0.00146407	0.00091364	0.00318632	-7.69736e-05	-0.000152605	-0.00575044	-0.00196753
0.0	0.0	0.0	0.0	0.0	0.0	0.0	0.0	0.0	0.0
0.0	0.0	0.0	0.0	0.0	0.0	0.0	0.0	0.0	0.0
0.0	0.0	0.0	0.0	0.0	0.0	0.0	0.0	0.0	0.0
-0.00117109	-8.34471e-06	-0.0015275	0.0114022	-8.54037e-06	-0.000271645	-3.76361e-06	-0.00675563	-7.99172e-05	-0.00157575
-0.00196906	-0.0131844	-0.0329476	0.0617062	-0.000243815	0.0103614	-0.000151353	0.00427931	-0.0213739	-0.00647694
-0.0108428	-0.020394	-0.0649448	0.130598	-0.0103119	-0.00599674	-0.00196583	0.0796533	-0.101364	0.00556842
-0.03804	0.0363513	-0.124884	0.171859	-0.0143975	-0.0137944	-0.0103912	0.209881	-0.226477	0.00989251
-0.0492092	0.0446489	-0.202805	0.303069	-0.0414733	-0.0328868	-0.0221932	0.274732	-0.291574	0.0176928
-0.0818631	-0.0381216	-0.237831	0.348496	-0.0594127	0.0118532	-0.047182	0.258337	-0.236239	0.0819623
-0.0755555	-0.126792	-0.18913	0.258995	-0.058737	0.0583616	-0.0936947	0.181208	-0.023659	0.0690037
-0.068377	-0.170801	-0.159113	0.255638	-0.016261	0.228288	-0.142966	0.096726	0.0117279	-0.0348629
-0.0435389	-0.227929	-0.19787	0.31932	-0.0138808	0.180993	-0.185672	0.117265	0.0436384	0.00767381
-0.00169139	-0.256412	-0.142813	0.301005	0.0149531	0.163756	-0.238052	0.0702429	0.187356	-0.098346
0.121374	-0.24468	-0.0297192	0.224315	-0.127712	0.200247	-0.226985	0.0669261	0.152869	-0.136636
0.128874	-0.266837	-0.0137184	0.254761	-0.146788	0.269348	-0.242793	0.145619	0.104325	-0.232791
0.0596232	-0.266987	0.0847587	0.218014	-0.0983886	0.239317	-0.220535	0.0896839	0.112581	-0.218068
-0.0529398	-0.222641	0.00585905	0.125281	-0.0658331	0.18455	-0.193856	0.0843614	0.225752	-0.0905331
-0.115477	-0.248159	-0.00721859	0.155142	-0.0118975	0.0811215	-0.139661	0.0235614	0.303645	-0.0410565
-0.153113	-0.0754965	0.0549706	0.0761115	-0.0671086	0.0928567	-0.0984713	0.0214801	0.0757229	0.073048
-0.195845	-0.00708846	0.080267	-0.11422	0.0132512	0.0758215	-0.0772113	-0.0792187	0.210105	0.0941393
-0.179116	0.00576707	-0.026399	-0.112888	0.0891254	0.00759021	-0.0661066	-0.11626	0.259002	0.139285
-0.154823	-0.0123318	-0.0187766	-0.064985	0.0690152	-0.00365325	-0.040815	-0.153179	0.0825742	0.296974
-0.105329	-0.0114964	0.0440478	-0.0374956	0.0403455	-0.0159274	-0.0359975	-0.152705	-0.0123365	0.286894
-0.0441893	-0.0233381	0.0176728	-0.0280081	0.00807316	0.0511417	-0.0201329	-0.117695	-0.0292734	0.185749
-0.014974	-0.010995	0.0281635	-0.0120683	-0.00976288	0.0446715	-0.00834444	-0.109478	-0.0159805	0.108768
-0.00250502	-0.00324667	0.0727458	-0.010698	-0.018182	0.0301938	-0.00230139	-0.0446839	-0.018693	-0.00262961
-0.000157753	0.00202625	0.0413347	-0.00264782	0.00250561	-0.00585638	-0.000264384	-0.0189945	-0.00717062	-0.010775
-3.25946e-07	0.000435554	0.00501024	-8.21395e-06	-3.53405e-05	-9.27364e-05	-1.72367e-05	-1.5331e-06	-0.000911015	-0.00437939
0.0	0.0	0.0	0.0	0.0	0.0	0.0	0.0	0.0	0.0
0.0	0.0	0.0	0.0	0.0	0.0	0.0	0.0	0.0	0.0
0.0	0.0	0.0	0.0	0.0	0.0	0.0	0.0	0.0	0.0
-1.35883e-05	-1.88883e-07	-3.11497e-05	0.00107103	-2.52748e-05	-5.1378e-06	-2.45249e-07	-0.00187959	-9.89433e-05	0.000983089
-0.000108995	-0.000885259	-0.00903078	-0.00572202	-6.42125e-05	0.01101	-4.00426e-05	0.0109866	-0.0026565	-0.00348882
-0.00226611	-0.0166728	-0.0277234	0.00996073	-0.00175311	0.0116761	-0.000710264	0.0660512	-0.0519368	0.0133744
-0.00929427	-0.0356903	-0.0481095	0.0529483	-0.0239286	-0.016377	-0.00163853	0.0851115	-0.103168	0.100146
-0.0382435	-0.0530243	-0.0632961	0.121967	-0.0657469	-0.0198733	-0.0049281	0.0976528	-0.108738	0.134231
-0.0688813	-0.0806183	-0.111182	0.210785	-0.120779	-0.00461588	-0.00923218	0.140807	-0.138686	0.182403
-0.108957	-0.0897775	-0.191801	0.339314	-0.192894	0.00975825	-0.0272027	0.257242	-0.202132	0.206451
-0.16397	-0.140278	-0.206641	0.394517	-0.175956	0.085749	-0.0391727	0.285009	-0.194277	0.155019
-0.223228	-0.238382	-0.186889	0.425697	-0.165212	0.10618	-0.040529	0.211141	-0.0775315	0.188755
-0.233765	-0.216151	-0.183848	0.408044	-0.245134	0.166912	-0.0425058	0.301603	-0.0462307	0.0910734
-0.274311	-0.167219	-0.143153	0.417213	-0.323258	0.185567	-0.0476208	0.291138	-0.0849907	0.146633
-0.255987	-0.205205	-0.103631	0.338905	-0.250449	0.210896	-0.0680436	0.261054	-0.0561272	0.128588
-0.233935	-0.221014	-0.0504428	0.21394	-0.241932	0.120107	-0.0614824	0.238681	0.0606958	0.175382
-0.220347	-0.222107	-0.0274487	0.110328	-0.255921	0.171951	-0.0598937	0.239128	0.149308	0.115
-0.168053	-0.18262	-0.0387987	0.0997754	-0.303895	0.145794	-0.052632	0.174992	0.136213	0.189224
-0.168217	-0.102958	-0.0576918	0.0419859	-0.316759	0.113912	-0.0387219	0.163772	0.118859	0.245818
-0.134366	-0.0410771	-0.102217	-0.00296299	-0.254193	0.0450563	-0.0318932	0.153292	0.0757542	0.292606
-0.0826456	-0.0279926	-0.119553	0.0230919	-0.227484	0.03242	-0.0211643	0.0252859	0.0436814	0.35436
-0.0804287	-0.0124419	-0.0795356	-0.0197288	-0.129665	0.0176751	-0.0119918	-0.0658618	0.0090922	0.372887
-0.0607604	-0.00398848	-0.0628434	-0.0427309	-0.0799775	0.0531402	-0.00747102	-0.0574414	-0.0190782	0.281151
-0.0230371	-0.00280026	-0.0487766	-0.017054	-0.0358454	0.0766301	-0.00451815	-0.0231882	-0.0200373	0.0986269
-0.0056758	-0.000732252	-0.024435	-0.00326958	-0.0228571	0.0585651	-0.00185621	-0.0264206	-0.0067229	0.0334043
-0.00148843	-1.0187e-05	-0.00501195	-0.000165416	-0.014063	0.0334945	-0.000474404	-0.00219223	-0.00267221	-0.00741664
-3.68427e-07	-2.25952e-06	0.00444719	-0.000159045	-0.000565336	-4.47904e-06	-1.0342e-05	-0.000492834	-0.000897339	-0.00231519
-2.79554e-07	-2.69354e-06	0.00532101	-1.89413e-06	-3.7357e-05	-2.00063e-06	-1.09096e-05	-1.29482e-06	-0.000618367	-0.00464622
0.0	0.0	0.0	0.0	0.0	0.0	0.0	0.0	0.0	0.0
0.0	0.0	0.0	0.0	0.0	0.0	0.0	0.0	0.0	0.0
0.0	0.0	0.0	0.0	0.0	0.0	0.0	0.0	0.0	0.0
0.0	0.0	0.0	0.0	0.0	0.0	0.0	0.0	0.0	0.0
0.0	0.0	0.0	0.0	0.0	0.0	0.0	0.0	0.0	0.0
-0.0001669	-0.000490872	-0.000575679	0.000324304	-0.000686552	-0.00196624	-3.64868e-05	-0.0107468	-0.00706626	0.0214115
-0.00216141	-0.00215641	-0.0020814	0.00721521	-0.00608653	-0.00474758	-0.00026007	-0.0251864	-0.0183297	0.0537942
-0.0093901	-0.00399486	-0.00615893	0.0121416	-0.0311858	-0.0116726	-0.00108256	-0.020546	-0.0289121	0.100801
-0.0208918	-0.00576937	-0.0126902	0.0191778	-0.0609111	-0.0311969	-0.00192449	0.0208078	-0.0216429	0.115041
-0.0329295	-0.00979011	-0.0165885	0.0114545	-0.109812	-0.041672	-0.00417414	0.0759142	-0.0243605	0.151958
-0.0547469	-0.0172099	-0.0166311	0.00772071	-0.17077	-0.0327735	-0.00596367	0.110559	-0.0488988	0.228714
-0.052895	-0.0361747	-0.0166158	0.0101539	-0.178672	-0.0122448	-0.00659399	0.104737	-0.0767556	0.265061
-0.044971	-0.0330076	-0.0284828	0.00700842	-0.220872	0.0351036	-0.00761262	0.12073	-0.0608836	0.232988
-0.0342788	-0.0400782	-0.0188192	-0.0131062	-0.261144	0.0368778	-0.00895165	0.0791455	-0.0709159	0.331271
-0.0561426	-0.0670838	-0.0274746	-0.0134126	-0.274141	0.000937366	-0.010653	0.183841	-0.0801723	0.344302
-0.0748494	-0.0617364	-0.0226021	-0.0301057	-0.328477	-0.0256943	-0.00930052	0.24364	-0.087466	0.396592
-0.060265	-0.0418457	-0.0266899	-0.0230301	-0.287654	0.0171902	-0.00849935	0.267733	-0.0891976	0.252258
-0.043453	-0.0248973	-0.0342811	0.0132578	-0.259917	-0.00313057	-0.00774265	0.191889	-0.0637821	0.232057
-0.0466026	-0.0132928	-0.0409111	0.00917703	-0.232164	-0.0247387	-0.0073564	0.194435	-0.0383135	0.199767
-0.0307649	-0.0131266	-0.0291873	0.00135066	-0.215217	-0.0431746	-0.00644755	0.171362	-0.0263602	0.191566
-0.00795441	-0.00642003	-0.0141363	-0.00619147	-0.165045	-0.0172181	-0.00413176	0.0756826	-0.0271234	0.172538
-0.0189332	-0.00271225	-0.0112836	-0.0143054	-0.0826624	0.00613552	-0.00277976	-0.00467987	-0.015113	0.146334
-0.0217419	-0.00155888	-0.0115486	-0.00852381	-0.0381262	0.0116525	-0.00181011	-0.00144159	-0.00726321	0.0803617
-0.00999821	-0.000289819	-0.00391721	-0.000138119	-0.0171363	0.00626456	-0.000355662	0.0162005	-0.00163624	0.0110065
-0.000763575	-7.84827e-06	-4.06388e-05	-0.000122272	-0.000419758	4.87037e-05	-6.05756e-05	-0.00268539	-0.00016717	0.00421852
-2.26057e-06	-1.56642e-09	-3.4325e-07	-1.41311e-06	-0.000309554	-8.44129e-06	-9.1708e-07	-3.79965e-05	-6.7953e-06	0.000367723
-1.45083e-07	-1.50333e-08	-8.47343e-07	-1.47389e-07	-5.0665e-08	-6.99297e-08	-8.57675e-10	6.6045e-06	-4.93285e-07	-4.83475e-06
0.0	0.0	0.0	0.0	0.0	0.0	0.0	0.0	0.0	0.0
0.0	0.0	0.0	0.0	0.0	0.0	0.0	0.0	0.0	0.0
0.0	0.0	0.0	0.0	0.0	0.0	0.0	0.0	0.0	0.0
0.0	0.0	0.0	0.0	0.0	0.0	0.0	0.0	0.0	0.0
0.0	0.0	0.0	0.0	0.0	0.0	0.0	0.0	0.0	0.0
0.0	0.0	0.0	0.0	0.0	0.0	0.0	0.0	0.0	0.0
-2.68719e-06	-3.36194e-06	-1.99108e-06	-4.48121e-07	-1.20026e-06	-7.94057e-07	-7.38792e-08	7.08056e-05	-3.269e-05	-2.75591e-05
-4.86929e-05	-8.78165e-06	-6.33779e-06	-1.90009e-06	-5.21408e-06	-1.37925e-05	-8.23426e-07	0.00029401	-9.08053e-05	-0.000117662
-6.37163e-05	-7.81033e-06	-1.91072e-05	-1.348e-05	-0.00246071	-2.55197e-05	-2.29035e-06	1.04333e-05	-0.000103481	0.00268568
-0.000139584	-2.20096e-05	-5.46931e-05	-4.62291e-05	-0.0141996	-0.000291129	-3.73861e-05	-0.000563166	-0.000146548	0.0155003
-0.000425949	-4.62962e-05	-8.13458e-05	-0.000105232	-0.0156634	-0.00073649	-6.97658e-05	0.00605559	-0.00026333	0.0113362
-0.000860617	-3.27995e-05	-0.000128558	-0.000485842	-0.00837264	-0.000577302	-2.79187e-05	0.00700146	-0.000511583	0.0039958
-0.000773752	-0.00204984	-0.000952645	-0.0018965	-0.0135467	0.00209894	-5.49154e-05	0.0231023	-0.00537942	-0.000547383
-0.00127117	-0.000604754	-0.000522302	-0.00127362	-0.0115073	0.00560151	-6.16045e-05	0.0104119	-0.00196624	0.00119358
-0.00318829	-0.00101753	-0.000491336	-0.00204417	-0.0209157	0.00344126	-0.000379881	0.0220398	-0.00405984	0.00661571
-0.00524294	-0.00110288	-0.000570747	-0.00301657	-0.0160591	-0.00220883	-0.000389073	0.0597947	-0.00353977	-0.0276648
-0.00779456	-0.000985405	-0.000591123	-0.00463407	-0.0437899	-0.00792652	-0.00075547	0.0672983	-0.00459663	0.00377539
-0.00745736	-0.000425165	-0.000827565	-0.0040424	-0.0240446	-0.00611699	-0.000758825	0.0678624	-0.0044474	-0.019742
-0.00456271	-0.000276401	-0.000698839	-0.00450017	-0.0177083	-0.00390696	-0.000540692	0.0600385	-0.00237773	-0.0254667
-0.00386327	-0.00135869	-0.000606028	-0.00359375	-0.0157415	-0.00433228	-0.000500457	0.0682869	-0.00224542	-0.0360456
-0.00395453	-0.00379967	-0.00049129	-0.00255391	-0.0200504	-0.00409845	-0.000327386	0.0796753	-0.00252447	-0.0418752
-0.00196789	-0.000122803	-0.000368967	-0.00171406	-0.0153172	-0.00327224	-0.0001967	0.0493887	-0.0015566	-0.0248722
-0.00336376	-7.29739e-05	-0.00129984	-0.000818014	-0.00362761	-0.00419111	-0.00018391	0.0175371	-0.00135878	-0.00262108
-0.00401522	-2.5623e-05	-0.000838096	-0.000294704	-0.00125433	-0.00153666	-7.21941e-05	0.00304003	-0.000644168	0.00564097
-0.01071	-4.93333e-05	-0.00379024	-0.00020751	-0.00173967	-0.00128424	-0.000177027	0.0109436	-0.000543308	0.00755767
-0.00244567	-2.82065e-06	-2.70016e-05	-2.28287e-05	-0.000337718	-0.00027093	-1.36117e-05	0.00411547	-0.000100495	-0.000894398
0.0	0.0	0.0	0.0	0.0	0.0	0.0	0.0	0.0	0.0
0.0	0.0	0.0	0.0	0.0	0.0	0.0	0.0	0.0	0.0
0.0	0.0	0.0	0.0	0.0	0.0	0.0	0.0	0.0	0.0
0.0	0.0	0.0	0.0	0.0	0.0	0.0	0.0	0.0	0.0
