0.0	0.0	0.0	0.0	0.0	0.0	0.0	0.0	0.0	0.0
0.0	0.0	0.0	0.0	0.0	0.0	0.0	0.0	0.0	0.0
0.0	0.0	0.0	0.0	0.0	0.0	0.0	0.0	0.0	0.0
0.0	0.0	0.0	0.0	0.0	0.0	0.0	0.0	0.0	0.0
0.0	0.0	0.0	0.0	0.0	0.0	0.0	0.0	0.0	0.0
0.0	0.0	0.0	0.0	0.0	0.0	0.0	0.0	0.0	0.0
0.0	0.0	0.0	0.0	0.0	0.0	0.0	0.0	0.0	0.0
0.0	0.0	0.0	0.0	0.0	0.0	0.0	0.0	0.0	0.0
0.0	0.0	0.0	0.0	0.0	0.0	0.0	0.0	0.0	0.0
0.0	0.0	0.0	0.0	0.0	0.0	0.0	0.0	0.0	0.0
0.0	0.0	0.0	0.0	0.0	0.0	0.0	0.0	0.0	0.0
0.0	0.0	0.0	0.0	0.0	0.0	0.0	0.0	0.0	0.0
-3.3692e-06	-6.05078e-06	-0.00042729	-3.82638e-05	-0.00266646	-5.82396e-05	0.00376141	-6.48109e-06	-0.000105708	-0.000449551
-1.81632e-05	-1.44154e-05	-0.000600029	-9.53928e-05	-0.00596988	-0.000128032	0.00811755	-1.87361e-05	-0.000240573	-0.00103232
-1.20025e-05	-1.29789e-06	0.000373446	-1.29178e-05	-0.000146064	-5.64528e-07	-0.000132033	-5.05744e-06	-1.0135e-05	-5.33736e-05
-5.00104e-07	-5.40787e-08	1.55602e-05	-5.38241e-07	-6.08602e-06	-2.3522e-08	-5.50136e-06	-2.10727e-07	-4.22292e-07	-2.2239e-06
0.0	0.0	0.0	0.0	0.0	0.0	0.0	0.0	0.0	0.0
0.0	0.0	0.0	0.0	0.0	0.0	0.0	0.0	0.0	0.0
0.0	0.0	0.0	0.0	0.0	0.0	0.0	0.0	0.0	0.0
0.0	0.0	0.0	0.0	0.0	0.0	0.0	0.0	0.0	0.0
0.0	0.0	0.0	0.0	0.0	0.0	0.0	0.0	0.0	0.0
0.0	0.0	0.0	0.0	0.0	0.0	0.0	0.0	0.0	0.0
0.0	0.0	0.0	0.0	0.0	0.0	0.0	0.0	0.0	0.0
0.0	0.0	0.0	0.0	0.0	0.0	0.0	0.0	0.0	0.0
0.0	0.0	0.0	0.0	0.0	0.0	0.0	0.0	0.0	0.0
0.0	0.0	0.0	0.0	0.0	0.0	0.0	0.0	0.0	0.0
0.0	0.0	0.0	0.0	0.0	0.0	0.0	0.0	0.0	0.0
0.0	0.0	0.0	0.0	0.0	0.0	0.0	0.0	0.0	0.0
0.0	0.0	0.0	0.0	0.0	0.0	0.0	0.0	0.0	0.0
0.0	0.0	0.0	0.0	0.0	0.0	0.0	0.0	0.0	0.0
0.0	0.0	0.0	0.0	0.0	0.0	0.0	0.0	0.0	0.0
0.0	0.0	0.0	0.0	0.0	0.0	0.0	0.0	0.0	0.0
-4.53568e-09	-2.52381e-08	-5.36025e-06	-7.97278e-09	-3.26841e-05	-7.37002e-08	3.95759e-05	-4.80328e-08	-4.62326e-07	-9.0974e-07
-1.0669e-07	-7.45689e-08	-1.77921e-05	-3.72325e-08	-0.000214727	-2.24014e-07	0.000238309	-5.79149e-07	-1.38183e-06	-3.38604e-06
-1.94663e-05	-1.07586e-07	-0.000280199	-5.92746e-06	-0.0157676	-1.21156e-05	0.0162816	-4.77254e-05	-4.95872e-06	-0.00014354
-3.9425e-05	-3.45255e-05	-0.000648504	-1.36879e-05	-0.0356923	-2.30548e-05	0.0370464	-0.000223735	-3.55971e-05	-0.000335602
-5.47723e-05	-0.00163927	-0.00212647	-0.000102914	-0.032617	-6.76451e-05	0.038713	-0.00106526	-0.000465204	-0.00057446
-0.00010136	-0.00139495	-0.00312551	-0.000131424	-0.0149082	-9.91786e-05	0.0213777	-0.000705109	-0.000513975	-0.00039803
-0.000998412	-0.000969224	-0.00376529	-0.000140359	-0.0255716	-0.000407818	0.0341079	-0.000522018	-0.000627531	-0.00110565
0.00683459	-0.000661341	-0.0115604	-0.000249276	-0.0420853	-0.000543736	0.0572067	-0.00316571	-0.00108047	-0.00469517
0.0156752	-0.000543689	-0.0117827	-0.000539017	-0.071258	-0.00247645	0.086787	-0.006787	-0.000955176	-0.00812018
0.00666712	-0.000337112	-0.00862634	-0.000352554	-0.0389125	-0.0026064	0.0511922	-0.00198088	-0.00116835	-0.00387523
-0.000529061	0.00929993	0.000691254	-0.00240746	-0.0174014	-0.00134912	0.0151725	-0.000243002	-0.00180693	-0.00142667
0.0075851	0.0143743	0.0115807	-0.0031367	-0.0441938	-0.00153382	0.0229596	-0.000643418	-0.00172446	-0.00526751
0.0217334	-0.00374244	0.0334278	-0.00104411	-0.0442293	-0.0016141	0.0104841	-0.00132205	-0.00206994	-0.0116234
0.00962538	-0.00207301	0.00674863	-0.000397944	-0.0182912	-0.00120578	0.0149155	-0.000602173	-0.00169802	-0.00702137
-0.00110306	-0.000153566	-0.00816146	-0.000101362	-0.00818004	-0.00141186	0.0215763	-0.00010741	-0.00102866	-0.00132884
-0.000545741	-7.13318e-05	-0.00655622	-6.88617e-05	-0.0128596	-0.00131036	0.0234108	-0.000144013	-0.000857485	-0.000997195
-0.000248405	-9.35628e-05	-0.00344269	-6.46385e-05	-0.00998466	-0.000687905	0.0158049	-7.34688e-05	-0.000510559	-0.000699027
-0.000103507	-0.00022652	-0.00255302	-5.52626e-05	-0.0109794	-0.000150178	0.0149691	-8.34413e-06	-0.000598418	-0.000294517
-1.16912e-05	-1.96237e-05	-0.000277403	-4.66022e-06	-0.0139398	-1.08832e-05	0.0145065	-1.42385e-05	-8.7838e-05	-0.000140376
-2.25473e-06	-1.45315e-06	-0.00010422	-6.73358e-07	-0.00428074	-1.04904e-05	0.00452969	-1.95498e-05	-3.84926e-05	-7.18095e-05
0.0	0.0	0.0	0.0	0.0	0.0	0.0	0.0	0.0	0.0
0.0	0.0	0.0	0.0	0.0	0.0	0.0	0.0	0.0	0.0
0.0	0.0	0.0	0.0	0.0	0.0	0.0	0.0	0.0	0.0
0.0	0.0	0.0	0.0	0.0	0.0	0.0	0.0	0.0	0.0
0.0	0.0	0.0	0.0	0.0	0.0	0.0	0.0	0.0	0.0
0.0	0.0	0.0	0.0	0.0	0.0	0.0	0.0	0.0	0.0
-2.97295e-08	-5.13949e-10	-2.95655e-07	-1.36939e-09	-3.20573e-06	-5.82671e-07	4.95068e-06	-8.00815e-12	-5.33028e-07	-3.01926e-07
0.000725269	-4.43129e-10	-1.05435e-05	-5.52573e-07	-0.000635539	-5.13013e-05	0.000128535	-5.54008e-05	-5.05477e-06	-9.54123e-05
0.000289365	-1.26056e-06	-0.000373613	-8.22969e-07	-0.00036824	-7.98212e-06	0.000544716	-2.04652e-05	-2.01163e-05	-4.15815e-05
-0.000212344	-2.87566e-06	-2.18727e-05	-9.6571e-05	-0.000521655	-1.96814e-06	0.000880121	-2.53542e-06	-1.28469e-05	-7.4511e-06
-0.00598795	-1.93468e-05	-0.000778572	-0.000565093	-0.0163325	-3.85024e-05	0.0243061	-0.000298894	-0.00012031	-0.000165002
-0.00701749	-0.000982492	-0.0027926	-0.00137922	-0.0540668	-0.000673638	0.0692116	-0.000979409	-0.000631664	-0.000688352
-0.00715183	-0.0128805	0.00427084	-0.00478428	-0.0678459	-0.00210403	0.0959954	-0.0023513	-0.00184339	-0.00130501
-0.0129398	-0.0245178	0.0287671	-0.00913553	-0.0617868	-0.00732291	0.0993421	-0.00380974	-0.00614658	-0.00244991
-0.0131443	-0.0200016	0.0204933	-0.00618242	-0.120132	-0.0176735	0.183806	-0.00821654	-0.0112405	-0.00770885
-0.021386	-0.0215784	0.0478033	0.00635263	-0.141477	-0.0336689	0.213818	-0.0167514	-0.0196258	-0.0134859
-0.0232318	0.00561666	0.0361613	0.0130063	-0.188262	-0.041093	0.259664	-0.0142624	-0.0267788	-0.0208191
-0.0315112	0.0492859	0.028729	-2.65514e-06	-0.157279	-0.0479	0.222592	-0.00826895	-0.0346981	-0.0209468
-0.0512128	0.0662043	0.0388074	0.000614835	-0.111768	-0.0523445	0.174815	-0.011954	-0.0334196	-0.0197433
-0.0595033	0.127038	0.0507333	-0.014719	-0.132475	-0.0410239	0.142894	-0.0146792	-0.0358286	-0.0224358
-0.0498005	0.0770891	0.0553682	-0.00875494	-0.134702	-0.0145113	0.148462	-0.00799382	-0.0381073	-0.0270495
-0.0443992	0.0155574	0.0134729	-0.00655445	-0.0735294	0.0138007	0.136867	-0.00567173	-0.0295402	-0.0200032
-0.0328474	-0.00188792	-0.0122072	-0.0167363	-0.0522569	0.0231274	0.123128	-0.00365201	-0.0125284	-0.014139
-0.0255308	0.00741533	-0.0487628	-0.0110827	-0.0316135	0.00479416	0.136275	-0.00204013	-0.01968	-0.00977455
-0.0163268	-0.00731561	-0.026932	-0.00526876	-0.0193741	-0.016503	0.105151	-0.000924759	-0.00881693	-0.00368911
-0.00844281	-0.00618135	-0.025718	-0.00502672	-0.0158948	-0.0163391	0.0903447	-0.000547606	-0.00796077	-0.00423344
-0.00449108	-0.00262933	-0.0226296	-0.00363579	-0.019537	-0.0100159	0.0706533	-0.000409048	-0.00515715	-0.00214839
-0.00218573	-0.00143291	-0.00570946	-0.00112473	-0.0121683	-0.0102989	0.035297	-5.97699e-05	-0.00203945	-0.000277767
-0.000460981	-0.000472657	0.0158738	-0.00013371	-0.00146904	-0.00481885	-0.00739639	-2.58634e-05	-0.00106373	-3.26062e-05
-7.29301e-06	-2.12643e-05	0.0117041	-8.72285e-07	-0.000285157	-0.000642031	-0.0103818	-2.66109e-08	-0.000364306	-1.35045e-06
0.0	0.0	0.0	0.0	0.0	0.0	0.0	0.0	0.0	0.0
0.0	0.0	0.0	0.0	0.0	0.0	0.0	0.0	0.0	0.0
0.0	0.0	0.0	0.0	0.0	0.0	0.0	0.0	0.0	0.0
0.0	0.0	0.0	0.0	0.0	0.0	0.0	0.0	0.0	0.0
-6.67314e-08	0.000190445	-3.80296e-05	-7.92432e-06	-7.08043e-06	-2.3887e-06	-0.000103687	-7.84734e-09	-3.05148e-05	-7.45125e-07
0.00129755	4.52212e-05	-9.35194e-05	-1.63041e-05	-0.00221821	-2.46191e-05	0.00172179	-0.000165468	-0.000213395	-0.000333046
-0.00510492	-4.62664e-05	-0.00148421	-0.00140518	-0.00123015	0.00514419	0.00495146	-0.000526405	-0.000146428	-0.000152081
-0.0229278	-0.00115164	0.000600078	0.0329262	-0.00327118	-0.0148509	0.0127381	-0.00140783	-0.00197245	-0.000682483
-0.0289563	-0.00165883	0.0026353	0.0261429	-0.0258397	-0.0106054	0.0454695	-0.00208114	-0.0041615	-0.000944924
-0.0328154	-0.0110272	0.025418	0.0440208	-0.057207	-0.020822	0.0748421	-0.00763081	-0.01216	-0.00261828
-0.00889316	-0.0348852	0.0644279	0.056459	-0.112038	-0.0283444	0.109115	-0.0209847	-0.0181999	-0.00665544
-0.030152	-0.0553809	0.186045	0.0329573	-0.156424	-0.0472267	0.137171	-0.0267492	-0.0258084	-0.0144314
-0.0255944	-0.0946597	0.201921	0.0820462	-0.183329	-0.0475378	0.182853	-0.047151	-0.0400101	-0.0285378
-0.00351862	-0.136772	0.256795	0.185768	-0.231302	-0.0855854	0.200492	-0.0664336	-0.0763417	-0.0431021
-0.0141027	-0.0816556	0.273695	0.246901	-0.325619	-0.0709381	0.175259	-0.0547643	-0.0936009	-0.0551747
0.0256097	-0.039506	0.300407	0.213966	-0.380041	-0.0904427	0.210384	-0.0550388	-0.109279	-0.0760586
0.00833687	-0.0249556	0.201794	0.32496	-0.303954	-0.0752672	0.17656	-0.0579823	-0.15411	-0.0953837
-0.0172044	0.0572716	0.146064	0.28309	-0.278925	-0.0185258	0.148595	-0.0580502	-0.148593	-0.113722
-0.0195749	0.0527276	0.185916	0.220847	-0.241692	-0.0224711	0.101154	-0.0495215	-0.126601	-0.100783
-0.0735244	-0.0555522	0.114097	0.198776	-0.174728	0.0702161	0.10824	-0.0387051	-0.078675	-0.0701439
-0.146672	-0.100116	-0.0671267	0.188682	-0.115259	0.152214	0.173614	-0.0318111	-0.0201798	-0.033346
-0.148423	-0.0823559	-0.125155	0.149104	-0.0311675	0.145392	0.207482	-0.0195005	-0.0655026	-0.0298729
-0.103963	-0.0960846	-0.144726	0.122804	0.00491919	0.151311	0.151059	-0.0149045	-0.0472282	-0.0231868
-0.0898332	-0.0795848	-0.111457	-0.0130428	0.00461271	0.111307	0.200816	-0.00736152	-0.00305008	-0.0124058
-0.0614343	-0.0499126	-0.0962502	-0.0488633	0.00300385	0.0450531	0.199224	-0.00258169	0.0159851	-0.0042234
-0.0311792	-0.0288622	-0.0691041	-0.0263432	0.00378108	-0.0329915	0.166938	-0.00104884	0.0206966	-0.00188659
-0.0139158	-0.0217306	-0.0116965	-0.00800899	-0.00708537	-0.0301543	0.0931566	-0.000430741	0.000335891	-0.000470195
-0.00354519	-0.00633041	0.00868547	-0.00028087	-0.000307888	0.010005	-0.00782639	-4.53492e-06	-0.000363878	-3.13585e-05
-0.000875299	-0.00860716	-0.000330966	-2.05163e-05	-0.000118009	0.00252654	0.00900628	-1.65813e-07	-0.00157805	-2.64657e-06
0.0	0.0	0.0	0.0	0.0	0.0	0.0	0.0	0.0	0.0
0.0	0.0	0.0	0.0	0.0	0.0	0.0	0.0	0.0	0.0
-1.96723e-08	-1.79077e-08	-8.89531e-06	1.37679e-05	-1.29584e-07	-4.04373e-06	-2.41565e-08	-1.29514e-08	-6.14513e-07	-9.97332e-09
-2.30243e-05	0.000649447	-0.000370735	0.000520227	-2.70007e-06	-0.000407247	-0.000405636	-5.06866e-08	4.10261e-05	-1.30634e-06
-0.000263221	7.44837e-07	-0.00201124	0.00644572	-0.000499938	-0.00258114	-0.000737767	0.000248715	-0.000479442	-0.000122442
-0.00608961	0.00244794	-0.0146947	0.0259404	0.00683224	-0.0184259	0.00840606	-0.00105484	-0.00291219	-0.000449434
-0.038586	0.0199129	0.00796869	0.110604	0.00801574	-0.077409	0.00319598	-0.0128629	-0.0163207	-0.00451822
-0.0403021	0.00986492	0.0613108	0.15168	-0.0211851	-0.107048	-0.00378053	-0.0150135	-0.028354	-0.0071722
-0.0226031	-0.0236479	0.0651619	0.212731	-0.0472903	-0.120816	0.0280779	-0.0336152	-0.0417789	-0.0162195
-0.00800226	-0.0501238	0.121942	0.278592	-0.127102	-0.204179	0.0857269	-0.0546994	-0.00871138	-0.0334415
0.0241118	-0.0788366	0.253199	0.290494	-0.193001	-0.196485	0.0433712	-0.091155	0.0213321	-0.0730297
0.0210115	-0.091579	0.275941	0.341282	-0.283606	-0.116575	0.053076	-0.137846	0.0375778	-0.0992822
0.0397385	-0.149205	0.335897	0.382922	-0.301934	-0.0336624	-0.0345385	-0.1664	0.0705866	-0.143405
-0.0179668	-0.0406507	0.342323	0.347347	-0.302734	-0.0705091	-0.0570986	-0.177244	0.176636	-0.200103
-0.000236225	0.139737	0.244125	0.365027	-0.244088	-0.198468	-0.0358995	-0.192493	0.13998	-0.217685
-0.0328575	0.197985	0.212053	0.306706	-0.286907	-0.100241	-0.0654603	-0.219705	0.265808	-0.277381
0.0238389	0.145409	0.102514	0.270912	-0.300929	0.103734	-0.091763	-0.214096	0.269695	-0.309314
-0.0396077	0.0886562	0.113928	0.282494	-0.212677	0.106793	0.0133584	-0.208003	0.161836	-0.306777
0.00630195	-0.0241808	0.0882047	0.167369	-0.141459	0.136682	0.089793	-0.176489	0.077828	-0.224049
-0.0738634	-0.0751214	-0.00949936	0.227185	-0.0823753	0.208592	0.0962778	-0.140931	0.0264782	-0.176742
-0.120112	0.073239	-0.121187	0.113359	0.0583903	0.0791608	0.150095	-0.0996003	0.024549	-0.157894
-0.103062	0.0867597	-0.131156	0.0140949	0.112085	-0.0720213	0.204392	-0.0743329	0.0694009	-0.106161
-0.101359	0.068726	-0.204726	-0.0678129	0.0987023	0.113908	0.250831	-0.0402205	-0.0277912	-0.0902575
-0.0835844	0.0326645	-0.225034	-0.0773229	0.121702	0.0815816	0.284992	-0.0314684	-0.0491452	-0.054385
-0.0936695	0.00238485	-0.176267	-0.126668	0.121482	0.154336	0.216257	-0.0144184	-0.0614216	-0.0220141
-0.0832374	-0.0720543	-0.081087	-0.0267804	0.0624473	0.142938	0.0570664	-0.00444111	0.0118533	-0.00670395
-0.0240138	-0.0417946	-0.00634933	-0.00317073	0.000277314	0.0439805	0.00683895	-0.00107958	0.0272291	-0.0019178
-0.00216845	-0.0048393	-0.00204106	-8.13277e-05	-0.00585032	0.00587007	-0.000118502	-0.000262937	0.0101592	-0.000667355
-4.58213e-05	-0.00252188	-0.0016636	-1.95732e-05	-0.00120443	-0.0012183	0.00593984	-1.20748e-05	0.000795132	-4.92895e-05
0.0	0.0	0.0	0.0	0.0	0.0	0.0	0.0	0.0	0.0
0.0	0.0	0.0	0.0	0.0	0.0	0.0	0.0	0.0	0.0
-0.000119129	5.96291e-05	0.000132011	0.00148899	-4.19867e-05	-0.0013713	2.92375e-05	-6.83622e-06	-0.000168355	-2.25561e-06
-0.00197093	0.00258189	0.000602023	0.0349009	0.00064813	-0.0157323	-0.0117218	-0.000324666	-0.00726343	-0.00171974
-0.0174547	0.00587847	0.0057691	0.0918951	0.00743498	-0.0693985	0.00820727	-0.00380856	-0.0217439	-0.00677933
-0.0568996	0.0461468	0.01816	0.210875	0.0279927	-0.126243	-0.0702485	0.03235	-0.0572137	-0.0249196
-0.0394923	0.00927572	0.0688107	0.259344	0.0122394	-0.172567	-0.0471292	0.0309609	-0.0646483	-0.0567934
-0.0414412	-0.0789702	0.13326	0.262936	-0.0121356	-0.125635	-0.033914	0.0218571	-0.0394702	-0.0864858
-0.0149859	-0.184716	0.20652	0.208715	-0.0377487	-0.119502	0.0442981	0.0409341	-0.0276003	-0.115914
0.00225191	-0.21193	0.19524	0.205198	-0.048709	0.0131885	-0.00945296	-0.00547378	0.0267714	-0.167085
0.0820434	-0.159692	0.237543	0.196303	-0.15359	0.07627	-0.0104461	-0.11553	-0.0547953	-0.0981055
0.0630576	-0.172161	0.288463	0.159878	-0.160751	0.0720673	-0.264666	-0.17168	0.153795	0.0319975
0.0182392	-0.0683005	0.246973	0.0938427	-0.15865	0.0146229	-0.199223	-0.184468	0.204376	0.0325874
0.147043	0.0785961	0.199366	0.0774727	-0.222481	-0.0712576	-0.222915	-0.250603	0.166576	0.0982022
0.181534	0.137924	0.174726	0.0146266	-0.0938205	-0.135444	-0.0869472	-0.32511	0.202834	-0.0703227
0.171879	0.173523	0.198442	0.0919643	-0.0703974	-0.120264	-0.120672	-0.345728	0.163764	-0.142513
0.142424	-0.0178944	0.247792	0.201734	-0.0185855	0.0569943	-0.117215	-0.319373	0.157156	-0.333032
0.245391	-0.104941	0.220984	0.00201544	-0.0542936	0.142105	-0.0227842	-0.336363	0.224827	-0.316941
0.221058	-0.0221066	0.151711	-0.0100869	0.069817	0.152591	0.0933969	-0.33932	-0.0337624	-0.2833
0.0421766	0.0374392	0.0123065	0.0534367	0.140293	0.0611206	0.161121	-0.334823	0.0857592	-0.25883
-0.0372629	0.116921	-0.0157378	-0.0219499	0.0766061	0.158767	0.129838	-0.283067	0.112444	-0.23656
0.000148557	0.230985	-0.0416596	-0.129269	0.0875029	0.107605	0.142135	-0.189637	0.0103792	-0.218191
-0.0230688	0.206541	-0.138881	-0.137408	0.186989	0.19193	0.143252	-0.129157	-0.0907251	-0.209471
-0.134438	0.116721	-0.197546	-0.192031	0.265455	0.265059	0.188336	-0.0694447	-0.112124	-0.129988
-0.144958	0.0183215	-0.134085	-0.0654855	0.0939399	0.241568	0.0917433	-0.0245393	-0.0193291	-0.057176
-0.0592198	-0.0615977	-0.030689	-0.0150701	-0.008536	0.144637	-0.00386704	-0.00762519	0.060366	-0.0183978
-0.0164025	-0.0101642	-0.00768881	-0.00139542	-0.0103389	0.0366029	0.0125441	-0.00280586	0.00225421	-0.00260553
-0.00478379	-0.00330121	-0.00245383	-7.10089e-05	-0.00016818	0.00340402	0.00883404	-7.81588e-05	-0.00135339	-2.84968e-05
0.0	0.0	0.0	0.0	0.0	0.0	0.0	0.0	0.0	0.0
-1.43517e-06	-7.87699e-07	-7.78413e-06	0.0001324	-3.8709e-07	-1.71704e-05	-1.10804e-07	-2.94165e-06	-1.13053e-05	-9.04775e-05
-0.000556208	-0.00463041	-0.00219893	0.00192988	-0.00187342	0.0021301	-0.000521073	0.00983087	-0.00212003	-0.00199078
-0.00206443	0.00189836	0.01092	0.0656454	-0.0132025	-0.0540435	-0.016683	0.0405301	-0.0211716	-0.0118287
-0.0260127	0.00197337	0.0475292	0.137943	0.0156195	-0.117573	-0.000190343	0.0312189	-0.0444019	-0.0461064
-0.0317644	-0.0168729	0.0738064	0.218667	0.0829026	-0.138552	-0.0627205	0.0700299	-0.0683663	-0.127129
-0.0312464	-0.0559753	0.153991	0.239831	0.0735108	-0.121968	-0.103875	0.121429	-0.10151	-0.174187
-0.0395313	-0.130993	0.166035	0.135305	0.0664635	-0.0225457	-0.0206364	0.133926	-0.0634206	-0.224603
-0.0570498	-0.227468	0.142836	0.154052	-0.0051055	0.0281542	-0.0282863	0.176012	0.00692967	-0.190075
-0.117123	-0.29335	0.205931	0.223594	-0.00441338	0.0215936	-0.0999977	0.128776	0.0242413	-0.0892516
0.0114099	-0.192556	0.186883	0.242214	-0.113022	0.0207426	-0.208586	0.147568	-0.0488262	-0.0458272
-0.00272437	-0.106563	0.0787688	0.129284	-0.206584	0.0100347	-0.219605	0.170553	0.0338312	0.113005
-0.0301461	-0.117373	0.0933686	0.0649558	-0.191833	0.00272841	-0.161997	0.0550707	0.148968	0.136258
0.143485	-0.121673	0.120554	0.206141	-0.289917	-0.0503387	-0.229266	-0.117554	0.0334761	0.305092
0.139018	-0.112415	0.108514	0.152366	-0.32027	0.0237892	-0.178957	-0.135084	0.0374953	0.285543
0.058253	-0.18283	0.0881864	0.124305	-0.311539	-0.0746427	-0.10029	-0.0398088	0.25172	0.186647
0.110428	-0.204696	0.114113	0.177503	-0.307337	-0.0629468	-0.179627	-0.0185778	0.1218	0.24934
0.21581	-0.240612	0.0335864	0.0703992	-0.196948	0.0216741	-0.169979	0.00153449	0.0829376	0.181598
0.272057	-0.107901	-0.00643745	0.152075	-0.20988	0.0799854	-0.187422	-0.0849029	-0.0973179	0.189744
0.12114	-0.0915249	-0.0724149	-0.0463596	-0.0168421	0.161503	-0.0857693	-0.124482	0.163813	-0.00906336
0.0864757	0.0659763	-0.0930327	0.0616215	-0.0720195	0.113095	-0.0350173	-0.124642	0.066882	-0.0693382
0.192284	0.11979	-0.0740724	-0.00254291	0.0226328	0.0230177	-0.0434932	-0.078777	-0.0103617	-0.148478
0.181736	0.117184	-0.145929	-0.145172	0.252363	0.17584	-0.0157085	-0.127909	-0.0405855	-0.251819
-0.0364293	0.0656897	-0.256663	-0.202752	0.348248	0.343084	0.012399	-0.128905	0.0889567	-0.233629
-0.211425	-0.00679291	-0.146628	-0.0872718	0.121986	0.485999	0.0019058	-0.0644465	0.0445974	-0.137925
-0.137657	-0.0584546	-0.0443568	-0.03209	-0.00216204	0.283837	-0.0214977	-0.0275337	0.089059	-0.0491445
-0.0579358	-0.00604131	-0.0063088	-0.00383682	0.0131814	0.102531	-0.020828	-0.0093725	0.00242348	-0.0138124
-0.0141383	-0.000308783	-0.000430078	-0.000320476	-0.000716271	0.0205591	-0.0012651	-0.00058156	-0.00213368	-0.00066485
0.0	0.0	0.0	0.0	0.0	0.0	0.0	0.0	0.0	0.0
-0.000153641	-0.000288149	-0.000534554	0.00453095	-0.0003112	-0.000806329	-8.10808e-05	0.00228299	-0.00139999	-0.00323899
-0.000617263	-0.00527684	0.00591793	-0.00478119	-0.00294044	-0.00814201	-0.00212465	0.0299611	-0.00413716	-0.00785945
-0.00458245	-0.00516583	0.0202214	0.0665629	-0.00771235	-0.0735138	-0.024157	0.0911483	-0.022122	-0.0406789
-0.0420063	-0.00615971	0.116273	0.244037	0.0368386	-0.243942	-0.0112079	0.0604721	-0.0331395	-0.121165
-0.028825	-0.0598105	0.126997	0.320102	0.112851	-0.222194	-0.0629853	0.0928829	-0.03964	-0.239378
-0.0264127	-0.119555	0.248337	0.16553	0.0544078	-0.101323	-0.132694	0.195212	-0.0352574	-0.248245
-0.0737012	-0.159231	0.109039	0.0457266	0.0612108	0.0789138	-0.0150929	0.204781	0.0231163	-0.274761
-0.128174	-0.293598	0.131379	0.0276399	-0.0178285	0.180221	-0.0408541	0.175306	0.0859255	-0.120015
0.000360384	-0.276345	0.0609703	0.0648524	-0.0714134	0.0724397	-0.126058	0.234346	0.0230668	0.0177818
0.0150363	-0.201661	0.00764799	0.0329756	-0.162307	0.154153	-0.186791	0.270622	0.0510073	0.0193173
0.0422631	-0.19112	0.0792701	0.0327493	-0.220145	0.121068	-0.134307	0.227403	-0.0877013	0.13052
0.0368021	-0.0970583	0.0167655	0.0969233	-0.376586	0.0334471	-0.150539	0.18635	-0.0524008	0.306295
0.0879941	-0.170663	0.180424	0.065786	-0.33437	-0.0768135	-0.198516	0.088679	-0.0509356	0.408417
0.0741187	-0.160719	0.112075	0.184805	-0.405354	0.0710794	-0.140561	-0.0409992	-0.183297	0.488853
0.036815	-0.304948	-0.0129832	0.189557	-0.386762	-0.0921561	-0.149602	0.0677383	0.150278	0.502064
0.078883	-0.226203	-0.00197393	0.0246302	-0.413589	0.0778573	-0.289559	0.205401	0.0703687	0.474186
0.207441	-0.192299	-0.18215	0.0820341	-0.239737	0.0992321	-0.253309	0.262428	-0.0808837	0.297246
0.231586	-0.210289	-0.126535	0.00304755	-0.22466	0.0641719	-0.288536	0.275809	0.083596	0.19181
0.129067	-0.0638589	-0.0623564	0.08186	-0.0969132	0.102979	-0.28835	0.16054	-0.054932	0.0919649
0.0100302	0.0391681	-0.0919043	0.0728088	-0.134928	0.106493	-0.2302	0.155194	-0.0139822	0.0873208
0.0709346	-0.0046196	-0.0152987	-0.0460494	-0.0563648	0.108461	-0.20542	0.0588672	0.0823953	0.00709451
0.138473	-0.0130994	0.00689486	-0.144725	0.17813	0.15909	-0.222517	0.0187319	0.0733311	-0.194309
0.105276	-0.0673866	-0.272528	-0.232762	0.278779	0.386657	-0.164897	-0.0356929	0.265495	-0.26294
-0.11472	-0.162476	-0.212605	-0.156952	0.08835	0.580101	-0.0256822	-0.058267	0.25314	-0.190887
-0.162176	-0.0952544	-0.0594063	-0.0426936	-0.00775516	0.493493	-0.054273	-0.0442227	0.0515185	-0.07923
-0.0638247	-0.0050063	-0.00834974	-0.00305218	0.0155497	0.115232	-0.0204858	-0.00994761	0.00402949	-0.0241444
-0.0047988	-0.00173817	-0.00042624	-0.000173121	-0.000881796	0.0122322	-0.00368651	-0.000425279	0.000542382	-0.000644688
0.00514851	-2.1652e-07	-0.000127417	-4.29303e-07	-0.000159134	-3.33549e-06	-6.0521e-06	-0.00322577	-1.11208e-05	-0.00161504
-0.000219406	-0.000285425	0.000654181	-0.00309083	-0.00602434	-0.000970271	-0.000254057	0.0277304	-0.00177909	-0.0157611
-0.000817427	-0.0028309	0.00416215	-0.00687046	-0.00115299	-0.011676	-0.00252561	0.0621456	-0.00658318	-0.0338512
-0.00390459	-0.00207713	0.0182049	0.0780688	-0.00921869	-0.0824901	-0.024008	0.154899	-0.0191854	-0.110288
-0.0653406	-0.0165081	0.138646	0.279154	0.0105019	-0.317121	-0.0184007	0.17334	-0.00344974	-0.180821
-0.0635985	-0.0517509	0.124981	0.238632	0.0878303	-0.245638	-0.0942531	0.1777	0.040555	-0.214456
-0.073642	-0.123091	0.139848	0.123361	-0.000748733	-0.107524	-0.148045	0.19306	0.11388	-0.1171
-0.0896397	-0.158323	0.109655	0.0559067	-0.00755211	-0.0349172	-0.100234	0.294234	0.136463	-0.205592
-0.0546711	-0.287776	0.100639	0.0197792	-0.108232	0.127874	-0.107853	0.188988	0.0425856	0.0786661
0.0828421	-0.326691	0.0738196	0.0100313	-0.0233211	0.0478876	-0.131303	0.158611	0.168844	-0.0607211
0.0236338	-0.262199	0.209764	0.0429828	-0.160292	0.115629	-0.166303	0.135341	0.093295	-0.0318528
0.0208063	-0.207794	0.119039	0.0169897	-0.129624	0.170081	-0.158241	0.279988	-0.0269933	-0.0842494
0.106365	-0.0768327	-0.0154484	0.0608314	-0.246733	0.0265839	-0.155931	0.329813	0.147881	-0.176527
0.0424563	-0.0328857	0.00943243	0.0951422	-0.240872	-0.0811141	-0.210341	0.143047	0.159734	0.115402
0.151597	-0.0327291	0.0854387	0.192731	-0.418278	-0.0946359	-0.286433	0.198691	-0.126581	0.330199
0.224513	0.0314166	0.0398578	0.191898	-0.388315	-0.174582	-0.356629	0.261196	-0.0566552	0.2273
0.37185	-0.12804	-0.0253152	0.0760771	-0.387475	-0.0446688	-0.408947	0.295356	0.116113	0.135051
0.263038	0.0360233	-0.0442551	0.108859	-0.217369	-0.0193555	-0.408894	0.249132	-0.00845162	0.041274
0.141566	-0.112266	-0.134638	0.203681	-0.0630201	-0.02684	-0.535909	0.338243	0.0864669	0.102715
0.100632	-0.0852224	0.074207	0.105383	-0.0816265	0.0709255	-0.48449	0.1672	0.0978303	0.0351609
0.109087	-0.128974	-0.00478121	0.149717	-0.0954046	0.180397	-0.347032	0.164772	0.0283442	-0.0561249
0.0455359	-0.171159	-0.0476109	0.106097	-0.0731612	0.139266	-0.289271	0.0318721	0.130783	0.127648
0.188807	-0.197079	-0.0499407	0.0862846	-0.012918	0.107719	-0.336589	0.106982	0.195095	-0.0883614
0.274259	-0.270963	-0.104661	-0.317402	0.0866102	0.524912	-0.306484	0.0270759	0.311646	-0.224992
0.00254372	-0.251361	-0.23947	-0.233163	0.00552436	0.82014	-0.179273	-0.0835921	0.329927	-0.171277
-0.159982	-0.107274	-0.0813333	-0.0566957	-0.0136248	0.594984	-0.102936	-0.0619916	0.0772915	-0.0884375
-0.0519007	-0.00942913	-0.0107548	-0.00421236	-0.0302699	0.149109	-0.050005	-0.0126711	0.0416381	-0.0215044
-0.00290237	-0.00129387	-0.000752191	-5.03092e-05	-0.000816262	0.00714896	-0.00390676	-0.0025317	0.00604583	-0.000941326
-2.75023e-06	-5.77519e-06	-4.94782e-06	-8.49156e-05	-0.000346454	-4.21844e-05	-2.69166e-06	0.00142237	-1.82979e-05	-0.000914348
-0.000430007	-5.98572e-05	-0.000512581	-0.00290107	-0.00698068	-0.000972873	-0.000135724	0.0350925	-0.00132108	-0.0217786
0.00067728	-0.00186029	-0.0021189	0.0158824	-0.00625693	-0.0063622	-0.00317602	0.070544	-0.015178	-0.0521514
-0.000897843	-0.0035842	0.0304302	0.0954748	-0.0608689	-0.0855829	-0.0307845	0.210547	-0.0284746	-0.126258
-0.0565926	-0.0336298	0.101844	0.289937	-0.0801105	-0.26055	-0.019341	0.267123	0.0224374	-0.231117
-0.0568187	-0.102516	0.20427	0.137192	-0.027413	-0.191858	-0.129991	0.195773	0.0791869	-0.107825
-0.0743942	-0.135532	0.0840775	0.0791533	-0.092665	-0.0606686	-0.148817	0.126083	0.151524	0.0712385
-0.0811398	-0.132118	0.000167549	0.0810344	-0.0695535	0.042742	-0.0439431	0.104724	0.114526	-0.0164403
-0.0390026	-0.203602	-0.0438423	0.0481249	-0.0669012	0.141466	-0.0589475	0.0515108	0.13142	0.0397727
0.0400532	-0.268856	0.0576764	-0.0177768	-0.039756	0.052079	-0.124183	0.0759885	0.222779	0.00199672
0.0825719	-0.203422	0.137281	-0.158133	-0.125478	0.179898	-0.185001	0.00360458	0.152522	0.116156
-0.0156592	-0.0997339	0.0581874	-0.303933	-0.0916657	0.349074	-0.13659	0.152886	0.0429531	0.0444802
0.0234961	-0.0659911	0.0385276	-0.250821	-0.100817	0.221358	-0.173642	0.285138	0.00925608	0.0134965
0.159977	0.0522533	0.0684973	-0.0775895	-0.172091	0.0178014	-0.294127	0.196296	0.00419007	0.0447938
0.0602196	0.222113	0.138796	0.243013	-0.580201	-0.15087	-0.223152	0.348994	-0.256285	0.197369
-0.00954629	0.419279	0.153092	0.346099	-0.394388	-0.292943	-0.382799	0.365591	-0.40112	0.196738
0.186916	0.133906	0.150471	0.279926	-0.101624	-0.304708	-0.503308	0.343203	-0.155617	-0.0291636
0.311159	0.0379903	0.0484009	0.166497	-0.0583968	-0.209267	-0.592838	0.329383	-0.0297553	-0.00317488
0.257878	-0.102029	0.0738757	0.100321	0.0327571	-0.098156	-0.569678	0.236839	0.00643044	0.0617615
0.238964	-0.197565	0.00398688	0.143144	-0.0180566	-0.0520174	-0.501882	0.261341	0.0903385	0.0317471
0.13531	-0.255716	-0.0385036	0.253614	-0.037938	0.0183893	-0.346438	0.144235	0.121712	0.00533581
-0.0153661	-0.278572	-0.0896684	0.189451	-0.0483278	0.195073	-0.260416	0.214624	0.175325	-0.0821228
0.0967127	-0.314085	0.00925274	0.141795	-0.0526655	0.252065	-0.365679	0.13379	0.205222	-0.106409
0.348625	-0.305016	-0.112485	-0.175218	-0.085726	0.594608	-0.28237	-0.0554872	0.287221	-0.214153
0.11997	-0.200605	-0.224161	-0.200173	-0.199322	1.03147	-0.231384	-0.0834976	0.16527	-0.177569
-0.159067	-0.0866278	-0.0663261	-0.0389142	-0.140003	0.764076	-0.174618	-0.0359299	0.0248886	-0.0874786
-0.0517545	-0.0110175	-0.00682203	-0.00541145	-0.0447591	0.170381	-0.0657004	0.000832036	0.0424168	-0.0281651
-0.000984096	-0.00158062	-0.000810868	-0.000296747	-0.00375541	0.0118476	-0.0043543	0.0184599	-0.0163626	-0.00216291
-4.31629e-06	-6.7631e-06	-9.66809e-06	-0.000135035	-0.000405345	-5.38706e-05	-3.18288e-06	0.00196951	-2.54465e-05	-0.00132588
-0.000480627	-2.71754e-05	-0.000157486	-0.00233582	-0.00652105	-0.000849378	-4.69133e-05	0.0335408	-0.000732706	-0.0223896
0.00875352	-0.00102836	0.000862048	0.00919459	-0.021518	-0.00670763	-0.00898557	0.0987371	-0.0126704	-0.0666374
-0.0110764	-0.0202965	0.0357426	0.136073	-0.0747233	-0.0731497	-0.0310676	0.209372	-0.048491	-0.122383
-0.0497449	-0.0371489	-0.00993222	0.14612	-0.0844	-0.131592	-0.0440492	0.291945	0.0914236	-0.172621
-0.0359551	-0.105379	0.123844	-0.00391734	-0.115178	-0.0892221	-0.10942	0.210623	0.0926921	0.0319128
-0.0582818	-0.175604	0.121232	-0.0609971	-0.139987	0.0315335	-0.0973572	0.0692495	0.151922	0.15829
-0.0582949	-0.156903	-0.0887968	-0.118214	-0.053443	0.157713	0.0189488	0.0488731	0.190328	0.0597876
-0.0199246	-0.158784	-0.106233	-0.267832	-0.00525873	0.233316	0.0268164	-0.0877338	0.210157	0.175478
0.0436279	-0.204459	-0.190101	-0.40446	0.122592	0.292539	-0.0882538	0.0183754	0.270142	0.139997
-0.0506801	-0.0894915	-0.127531	-0.455601	0.0830639	0.265534	-0.0394884	0.0175368	0.226676	0.16998
0.0381193	-0.0053271	-0.0974125	-0.514544	0.0404401	0.278836	-0.085575	-0.0409704	0.186919	0.199515
0.0222977	-0.0087451	-0.148461	-0.439458	0.15734	0.296183	-0.163163	-0.0670357	0.194201	0.156843
0.0750923	0.202965	-0.238311	0.0462068	-0.254529	0.17734	-0.102534	0.175182	0.0664663	-0.147878
-0.0315817	0.509212	-0.0846405	0.256518	-0.720816	0.0267588	-0.24263	0.33669	-0.0520903	0.00258012
-0.152251	0.657621	-0.129467	0.248361	-0.156859	-0.125081	-0.441608	0.460604	-0.290145	-0.0711742
-0.0279008	0.24238	0.000793046	0.25081	-0.000251878	-0.220397	-0.448884	0.519616	-0.317289	0.00112492
0.241431	0.0488411	0.113615	0.204499	0.0675458	-0.37038	-0.455481	0.28567	-0.155159	0.0194202
0.260759	-0.168838	0.116679	0.203677	-0.0199325	-0.35694	-0.447291	0.267121	0.102654	0.0421118
0.156917	-0.201903	0.0137556	0.22195	0.039812	-0.28783	-0.429305	0.313273	0.188944	-0.0156156
0.157735	-0.307214	-0.0701999	0.284831	-0.138294	-0.131856	-0.279192	0.336455	0.12878	0.0189551
0.0745666	-0.295845	-0.0714275	0.145656	-0.112946	0.00392953	-0.207822	0.345989	0.138378	-0.0204792
0.188959	-0.277346	-0.0249229	0.0353631	-0.142309	0.0902825	-0.226052	0.163999	0.213573	-0.0215464
0.381225	-0.237441	-0.0939444	-0.119602	-0.318786	0.493608	-0.12939	-0.128913	0.247288	-0.0940444
0.184036	-0.165924	-0.161986	-0.133052	-0.261331	0.972921	-0.184	-0.0983352	0.0386237	-0.19095
-0.156963	-0.0607645	-0.0403794	-0.0216482	-0.165381	0.828751	-0.212013	-0.0291062	-0.0599785	-0.0825177
-0.0639778	-0.0151678	0.00370943	-0.0036712	-0.0468294	0.215071	-0.0664624	-0.00035221	0.00620069	-0.0285206
-0.000550056	0.000126696	-0.000418841	-0.00010838	-0.00102498	0.00662395	-0.0088622	0.00407739	0.00418708	-0.00405066
-2.84604e-05	-3.14603e-06	-1.1115e-05	-8.40659e-05	-7.3439e-05	-6.4706e-05	-4.22926e-06	0.000942762	-3.08996e-05	-0.0006427
0.00234897	0.000274934	-0.000346384	-0.0016997	-0.0131386	-0.00414606	-0.000135814	0.0472048	-0.000993048	-0.0293691
-0.00421617	-0.00014204	-0.00322638	0.0082063	-0.0603971	-0.00954789	-0.00104984	0.181089	-0.00845299	-0.102262
-0.0142615	-0.0136429	-0.0189688	0.11204	-0.06859	-0.0766817	-0.0347423	0.257416	-0.0165337	-0.126035
-0.110106	-0.0204197	-0.0863399	0.0724446	-0.123667	-0.0580093	-0.0331385	0.323533	0.0611925	-0.0254885
-0.0874879	-0.0591941	-0.109779	-0.138115	-0.100639	0.00324369	-0.0203745	0.14711	0.176886	0.18835
-0.0106037	-0.150099	-0.208808	-0.258844	-0.0149319	0.207517	-0.0156979	0.0381444	0.19989	0.213434
0.0151701	-0.165554	-0.348414	-0.405396	0.038239	0.142751	0.125337	0.111921	0.333798	0.152148
0.00131172	-0.172068	-0.399478	-0.458391	0.140518	0.157235	0.0570043	-0.0326562	0.314184	0.392341
-0.0735731	-0.21292	-0.448981	-0.429714	0.266234	0.168879	0.0927486	0.137117	0.350085	0.150122
-0.019725	-0.160363	-0.638016	-0.340878	0.346703	0.152743	0.0717164	0.16875	0.204919	0.214151
-0.00662984	-0.166997	-0.588773	-0.20826	0.223429	0.135031	0.0112072	0.123029	0.164549	0.313415
-0.076516	-0.0756867	-0.652256	-0.0623804	0.344583	0.259879	0.0995199	-0.0377891	0.168383	0.0322639
-0.0451926	0.260199	-0.687958	0.208404	-0.467884	0.407268	0.097089	0.0655867	0.253179	-0.0906923
-0.333899	0.694296	-0.514664	0.189679	-0.639187	0.0561614	-0.205253	0.308889	0.424044	0.0199334
-0.538274	0.678213	-0.424624	0.239966	0.116989	-0.197923	-0.450625	0.435287	-0.00600178	0.146992
-0.463407	0.195946	-0.18851	0.112584	0.361491	-0.232505	-0.291797	0.429453	-0.138253	0.215001
-0.0998875	-0.0427381	-0.191139	0.259674	0.153536	-0.228996	-0.325354	0.305765	-0.13386	0.303001
-0.0301435	-0.0593957	-0.029618	0.156055	-0.0612607	-0.211498	-0.260969	0.356253	-0.0797195	0.220296
0.106995	-0.176673	0.130857	0.136642	-0.0619766	-0.365985	-0.229156	0.197163	0.0452845	0.216848
0.15187	-0.208211	-0.0777739	0.231302	-0.168663	-0.508859	-0.136229	0.267511	0.0338422	0.415209
0.204151	-0.183638	-0.0314054	-0.0832963	-0.13569	-0.428526	-0.0156781	0.282093	0.116948	0.275042
0.232171	-0.144772	-0.0609695	-0.107663	-0.197195	-0.399935	0.0369912	0.130937	0.28217	0.228266
0.337486	-0.115242	-0.116098	-0.152142	-0.277436	-0.06139	0.162742	-0.117499	0.355115	-0.0155343
0.242934	-0.0851196	-0.078179	-0.0993594	-0.224131	0.270236	-0.0327106	-0.0943558	0.242864	-0.142177
-0.0963541	-0.0418736	0.0208305	-0.00675216	-0.103107	0.43712	-0.167639	-0.035832	0.0656126	-0.0720049
-0.0405858	-0.012991	0.00744588	-0.0020216	-0.0147161	0.124688	-0.08874	-0.00862541	0.0578242	-0.0222777
-0.000351059	0.00212592	-0.000144057	-3.30063e-05	-0.000594682	0.00386526	-0.00503612	-4.4125e-05	0.00236469	-0.00215283
-1.21166e-06	-3.13562e-08	-3.25397e-06	-1.64355e-05	-1.52023e-06	-6.96527e-06	-1.70357e-08	0.000993799	-1.31301e-05	-0.000951233
-5.90476e-05	-7.86667e-05	-1.93837e-05	-0.00190436	-0.0177423	-0.00488383	-0.000178894	0.0436746	-0.000642979	-0.0181651
-0.00475651	-0.000839337	-0.00138997	-0.0056292	-0.0610069	-0.00823463	-0.00108325	0.179172	-0.00495605	-0.0912761
-0.0253221	-0.000920556	-0.0552716	0.0123131	-0.102184	-0.0300205	-0.0288383	0.300627	0.0170408	-0.0874233
-0.102028	0.0030168	-0.139985	-0.0540819	-0.172555	0.00603351	-0.0499499	0.322497	0.03039	0.156663
-0.0242575	-0.0362947	-0.38131	-0.209789	-0.0570142	0.0626245	-0.00421521	0.186739	0.181046	0.282471
0.128423	-0.0731019	-0.646069	-0.32143	0.114895	0.234171	0.117789	0.0374178	0.143835	0.26407
0.0737213	-0.101386	-0.73363	-0.372036	0.246082	0.128173	0.180928	0.232287	0.18632	0.15954
0.00932835	-0.13637	-0.522734	-0.375013	0.341514	0.0478965	0.116137	0.247233	0.0867884	0.185219
-0.0107417	-0.163272	-0.538699	-0.177533	0.258654	-0.0131958	0.157823	0.0454449	0.172264	0.269256
0.0459835	-0.306658	-0.589153	0.0244979	0.435978	0.200045	0.0603495	-0.0566815	-0.0570207	0.24266
0.0381238	-0.397869	-0.508302	-0.0781256	0.562649	0.221551	0.207334	-0.122135	-0.0540028	0.130776
0.0812456	-0.0556636	-0.51788	-0.0121736	0.628082	0.280954	0.212373	-0.489769	0.109724	-0.236892
-0.0947371	0.23739	-0.443037	0.101672	-0.0945537	0.319938	0.134231	-0.586012	0.422711	0.00239759
-0.53341	0.82422	-0.442865	0.375949	-0.377766	-0.0704545	-0.183966	-0.116098	0.283052	0.241338
-0.715272	0.510046	-0.430197	0.187995	0.200319	-0.165607	-0.232438	0.278647	0.103537	0.262972
-0.599552	0.113061	-0.255596	0.0975669	0.381022	-0.354449	-0.0903795	0.400073	0.0443167	0.263937
-0.18875	0.0782893	-0.24024	0.0581497	0.103477	-0.347328	-0.126313	0.313808	0.0360652	0.312841
-0.0346023	-0.0327647	-0.14017	0.0784841	0.00451946	-0.280118	-0.165785	0.264483	-0.0256097	0.331563
0.0535413	-0.160104	0.107962	-0.0474359	0.0598135	-0.312889	-0.218967	-0.00179528	0.115253	0.404622
0.028132	-0.13515	-0.037473	-0.114531	0.0613806	-0.452858	-0.0844926	0.0995275	0.221321	0.414144
0.133667	-0.0870542	-0.0079929	-0.370806	0.113773	-0.671675	0.0927867	0.0723394	0.347201	0.377761
0.300996	-0.0709196	-0.104618	-0.274109	0.0142863	-0.77094	0.256795	0.0156337	0.341191	0.291685
0.405695	-0.0445174	-0.228882	-0.155835	-0.126925	-0.656222	0.41214	-0.0914092	0.389077	0.0968813
0.35359	-0.0342889	0.0171686	-0.063853	-0.0771495	-0.4537	0.177444	-0.0755582	0.295942	-0.139594
-0.0111166	-0.0177812	0.115305	0.00104247	-0.0258064	0.0196648	-0.09371	0.00337961	0.0776584	-0.0686357
-0.01876	-0.0104939	0.0656682	-0.000374719	-0.00712623	0.0555575	-0.0859658	0.00933929	0.0133923	-0.0212366
-0.000107742	0.00196456	0.00635593	-3.80637e-05	-0.00351214	-0.00122151	-0.00379964	0.0050299	-0.00388441	-0.000786882
-6.38882e-09	2.56002e-05	-3.01933e-06	-7.42163e-06	-1.37649e-07	-1.17509e-06	-1.07366e-06	-3.80993e-06	-2.96531e-06	-5.99116e-06
0.000351389	-1.43832e-05	-1.54621e-05	-0.00117863	-0.012133	-0.00109322	-0.000194956	0.0230744	-0.000172081	-0.00862401
-0.0021693	-0.000302562	-0.000533587	-0.00395205	-0.0360304	-0.00268826	-0.000505848	0.109296	-0.00142256	-0.0616917
-0.0144214	0.0033434	-0.0665083	-0.00282641	-0.0791194	0.000246344	-0.0245675	0.218424	0.0119264	-0.0464967
-0.0571126	0.00611842	-0.234264	-0.1105	-0.0714243	0.0470994	-0.0659869	0.197287	-0.016499	0.305282
0.018302	-0.0304712	-0.511949	-0.213367	0.133173	0.120059	0.0499224	0.0743213	0.0286226	0.331387
0.20965	-0.0628395	-0.730571	-0.305921	0.31171	0.0876918	0.241718	0.0610317	-0.00458294	0.192112
0.24952	-0.0954591	-0.637256	-0.347924	0.312739	0.154854	0.0999767	0.10779	-0.041304	0.197064
0.115509	-0.0567965	-0.390377	-0.237849	0.333343	0.0388005	0.0905425	0.0277575	-0.0856721	0.164742
0.0946303	-0.172125	-0.268617	-0.0904915	0.300298	0.0482138	0.116213	-0.0778164	0.004173	0.0455213
0.120463	-0.486866	-0.146652	-0.144793	0.422404	0.205749	0.175827	-0.0967327	-0.119536	0.0701373
0.0895827	-0.539922	-0.00789762	-0.191788	0.621953	0.270909	0.120972	-0.414451	0.0767795	-0.0261382
0.0661938	-0.115781	-0.0706201	0.0449125	0.416751	0.341834	0.143372	-0.850174	0.228513	-0.205003
-0.336203	0.297777	0.0433994	0.25928	-0.0891096	0.220191	0.01654	-0.854441	0.361935	0.0806322
-0.6038	0.656742	-0.0466767	0.193557	-0.0679824	-0.0371423	-0.133494	-0.258053	0.0623189	0.234531
-0.726543	0.403326	-0.245749	-0.100233	0.281203	-0.241118	0.0450665	0.0591043	0.299754	0.225188
-0.572336	0.144344	-0.232557	0.0412803	0.270149	-0.410307	0.0361245	0.16997	0.153751	0.399581
-0.229287	0.127693	-0.119669	0.0780892	0.219777	-0.241231	-0.160309	0.0981294	-0.0995469	0.326356
-0.0807673	-0.185872	-0.155392	0.124703	0.162747	-0.126629	-0.182248	0.115056	0.0265957	0.301804
-0.1057	-0.223353	-0.109571	-0.115361	0.171991	-0.0513804	-0.0380505	0.000474554	0.0673281	0.403623
-0.19133	-0.157586	-0.0768732	-0.393273	0.271577	-0.0873613	-0.0576843	0.154154	0.201963	0.336415
0.0582936	-0.104633	-0.00857748	-0.359512	0.227486	-0.323284	0.146698	0.0413616	0.0160532	0.306114
0.282484	-0.0860018	-0.0942458	-0.33373	0.144578	-0.407505	0.336532	-0.00503342	0.0641168	0.0988068
0.401554	-0.0720695	-0.123558	-0.155459	-0.0229104	-0.514536	0.514442	0.0012457	0.115867	-0.144576
0.319984	-0.0551061	0.16135	-0.0534779	-0.0967733	-0.403172	0.251969	0.00938298	0.0696688	-0.203825
0.0313626	-0.0302813	0.253086	-0.00576447	0.00154103	-0.0769431	-0.107867	0.0183238	0.0120349	-0.0954929
-0.00524382	-0.0142004	0.155158	-0.000767542	-0.00293212	-0.0038654	-0.0913507	0.000524491	-0.0103439	-0.026979
-0.000876717	-0.000310742	0.0399954	-0.00162256	-0.0107965	-0.0102805	-0.0120056	-0.00202279	-0.00115604	-0.000924087
-3.30804e-05	-6.7847e-07	-9.25883e-06	-0.000857662	-3.75057e-05	0.0034351	-6.48682e-05	-2.9605e-05	-0.000122926	-0.00227952
-4.66324e-05	-5.58294e-06	-0.00556945	0.00578237	-0.00601311	-0.000594616	-1.22158e-05	0.011022	-0.000457027	-0.00410572
-0.000597633	0.000361695	-0.00393496	0.0024157	-0.0160836	-0.00117662	-5.14955e-05	0.0567465	-0.000784975	-0.0368946
-0.0355667	0.00608185	-0.0565607	0.00754365	-0.0126498	0.00846322	-0.0132811	0.106516	-0.00798288	-0.0025634
-0.0447089	0.00794414	-0.171645	-0.0491424	0.166258	0.0311575	-0.127793	0.0683955	-0.0668738	0.186408
0.163532	-0.039072	-0.395014	-0.199453	0.32889	-0.00556484	0.0312701	0.0529118	-0.0685141	0.131014
0.220453	-0.0741715	-0.303888	-0.324557	0.298394	-0.0094539	0.177743	-0.0336806	-0.156388	0.205549
0.335513	-0.102831	-0.121441	-0.334036	0.347995	-0.0174029	0.0893848	-0.0336098	-0.32178	0.158208
0.210898	-0.0719696	-0.0925149	-0.216256	0.305569	0.0793664	0.138864	-0.139004	-0.294607	0.0796538
0.203497	-0.218286	-0.0159323	-0.0969609	0.255194	0.177641	0.181295	-0.255317	-0.237816	0.00668433
0.117442	-0.522552	0.0581598	-0.169115	0.318704	0.262369	0.235936	-0.268373	-0.0194326	-0.0131395
0.172452	-0.508935	0.110347	-0.200472	0.371699	0.058533	0.344762	-0.534679	0.229463	-0.0431716
0.0635808	-0.00956906	0.0522694	0.0967129	0.23469	0.084564	0.153537	-0.804646	0.244995	-0.116133
-0.334082	0.338601	0.261124	0.0391973	-0.13244	0.0704047	-0.0725755	-0.617785	0.409548	0.0380065
-0.630781	0.563815	0.105162	0.0535313	-0.0212239	-0.0529162	-0.100027	-0.215448	0.280922	0.0169652
-0.656729	0.390752	-0.11794	0.000996288	0.181248	-0.136908	0.0508726	-0.0623037	0.193588	0.156423
-0.594585	0.165553	-0.0634894	-0.0110565	0.388569	-0.260614	0.102188	-0.00817385	-0.0533704	0.334978
-0.189881	-0.217803	-0.197306	0.0761665	0.476601	-0.2662	-0.196865	0.212049	0.0188233	0.284414
-0.0931592	-0.403402	-0.038761	0.0218081	0.251421	-0.124786	-0.176308	0.384142	-0.042359	0.221404
-0.156377	-0.319975	-0.0916492	-0.106764	0.347619	-0.137169	-0.0797482	0.456779	-0.02779	0.115074
-0.0334749	-0.20399	-0.0116033	-0.220648	0.218386	-0.0282966	-0.0488173	0.282611	-0.157154	0.202988
0.149314	-0.133786	-0.0806651	-0.0915262	0.0917218	-0.113974	0.107223	0.162817	-0.192469	0.101343
0.214238	-0.0908951	-0.0922894	-0.179553	0.0702537	-0.0948817	0.304515	0.229738	-0.251873	-0.109253
0.359528	-0.0627334	0.0154815	-0.113041	-0.0376789	-0.187716	0.370109	0.166358	-0.213845	-0.296463
0.31855	-0.0308461	0.196554	-0.0311228	-0.108764	-0.195472	0.169401	0.0284356	-0.121139	-0.225595
0.0198811	-0.0200135	0.303215	-0.0167725	-0.0456075	-0.102193	-0.0713832	-0.00664083	0.00085375	-0.0613385
-0.00356269	-0.00349403	0.161689	-0.00721485	-0.0296857	-0.0135235	-0.0866813	-0.00211645	-0.00654186	-0.00886875
-0.000106221	-1.56951e-05	0.00470409	-0.0011968	-0.001179	-0.000551801	-0.0013716	-2.48714e-05	-0.000236967	-2.11325e-05
-1.29644e-05	-3.11926e-07	-3.07723e-06	-0.00028267	-2.05146e-05	0.00109308	-2.17802e-05	5.05381e-05	-4.37081e-05	-0.000758592
-5.1751e-05	-7.26138e-06	-0.0123708	0.0139625	-2.62801e-05	-0.000500239	-6.60224e-06	-5.73426e-05	-0.000912166	-2.99707e-05
-0.0010477	0.0023622	-0.00608359	0.014768	0.00460317	-0.00251719	-0.000181559	0.0140013	-0.00139282	-0.0245118
-0.0462351	0.002035	0.0195468	0.0190825	0.0277144	-0.00827929	-0.0406026	0.0456744	-0.0131547	-0.0057814
0.0252539	-0.00753219	0.041475	0.0356578	0.144514	-0.0253381	-0.199041	0.00678073	-0.075114	0.0533444
0.253456	-0.0675516	0.0747241	-0.042058	0.189493	-0.162938	-0.0277309	-0.073904	-0.178376	0.0348858
0.147083	-0.124874	0.136266	-0.132506	0.207051	-0.136772	0.16439	-0.0582408	-0.247491	0.045094
0.281708	-0.130332	0.0291885	-0.244404	0.312579	-0.164367	0.221147	-0.122867	-0.262814	0.0801614
0.25741	-0.124406	-0.0194631	-0.268131	0.311257	0.0121409	0.186634	-0.275171	-0.190191	0.109919
0.267768	-0.26387	0.016609	-0.224273	0.30911	0.145789	0.163315	-0.332845	-0.0445077	-0.0370956
0.292062	-0.399901	0.0168192	-0.164199	0.242041	0.108509	0.299006	-0.335257	-0.0607794	0.00169894
0.103476	-0.223724	-0.0502096	-0.0742474	0.272689	0.0805515	0.388821	-0.500478	-0.0229587	0.026082
-0.135228	0.0724586	0.0199965	0.0763808	0.133891	0.116226	0.170608	-0.60317	0.208169	-0.0593316
-0.551339	0.407548	0.220869	0.136167	-0.139048	-0.0479382	0.0598106	-0.36444	0.409911	-0.131539
-0.717645	0.608817	0.146397	0.15149	0.0260743	-0.298502	0.142314	-0.258491	0.355928	-0.156382
-0.634532	0.19546	0.0243114	0.0794351	0.250468	-0.258432	0.103761	0.000257753	0.101169	0.138103
-0.427064	0.0516802	0.0114178	-0.0631327	0.483314	-0.197273	-0.00121603	-0.0447099	-0.060224	0.247209
-0.196876	-0.450527	-0.0739177	-0.0344687	0.407393	-0.221775	-0.0671005	0.432454	-0.124383	0.329202
-0.0722472	-0.439532	-0.141158	-0.0833553	0.180825	0.0821364	-0.100409	0.497425	-0.0659164	0.142232
-0.075652	-0.352773	-0.0541957	0.0695961	0.209781	-0.0131939	-0.0232154	0.367748	-0.183868	0.0557728
0.128459	-0.244508	-0.196195	0.199246	-0.00997191	-0.0937243	0.0698924	0.407413	-0.317095	0.0564856
0.14041	-0.149316	-0.130462	0.141007	-0.0336814	-0.0303467	0.12946	0.366	-0.31823	-0.114841
0.232002	-0.111299	-0.18017	0.123289	0.0398845	-0.0506886	0.0981244	0.334862	-0.242017	-0.243986
0.327267	-0.0723522	0.0014045	0.0809735	-0.0827856	-0.0197706	0.175485	0.123304	-0.246893	-0.286632
0.23867	-0.04131	0.349112	0.0291985	-0.220135	-0.0515607	0.101917	-0.00415879	-0.191039	-0.210692
-0.0020043	-0.0180206	0.403187	-0.0288028	-0.0921296	-0.0732364	-0.0516803	-0.0472523	-0.0214029	-0.0686574
-0.00619266	-0.00624022	0.171944	-0.00967281	0.0111755	-0.0227982	-0.0889866	-0.0053693	-0.0157345	-0.0281254
-0.000857375	-0.000718644	0.0226048	-0.000359012	-0.00246837	-0.00794336	-0.00604982	-0.000362309	-0.00176323	-0.0020827
-1.21871e-05	-5.12983e-07	-2.60466e-07	-1.05284e-05	-4.7051e-05	-0.000181071	-3.08649e-06	0.000344182	-1.97601e-05	-6.9724e-05
-4.39795e-05	1.08065e-07	-0.0062253	0.00872139	-1.64529e-05	-0.000305741	-2.56542e-05	-0.000789329	-0.000492992	-0.000822051
-0.00289516	0.00190804	-0.00441225	0.0423828	-0.00546236	-0.008399	-0.00117423	-0.00134748	-0.00328156	-0.0173188
-0.0435272	-0.00322869	0.120903	0.0924017	-0.042677	-0.000541262	-0.0675068	-0.0201459	-0.0143729	-0.0213045
0.0588376	-0.0176542	0.229361	0.167437	-0.0571324	-0.037861	-0.228152	-0.0177973	-0.109727	0.0126878
0.318266	-0.10073	0.23863	0.068008	-0.0041445	-0.128242	-0.042937	-0.107671	-0.219039	-0.0221392
0.25117	-0.210057	0.275639	-0.102455	0.0948971	-0.15499	0.202195	-0.0624622	-0.203303	-0.090634
0.178131	-0.233726	0.0755091	-0.204288	0.293118	-0.349399	0.328217	-0.0215662	-0.0661883	0.000193008
0.271623	-0.227283	-0.0586758	-0.331249	0.344984	-0.294956	0.258843	-0.181292	0.0549124	0.163092
0.279813	-0.17129	0.101739	-0.203519	0.215473	-0.273392	0.278809	-0.22323	0.0767905	-0.0811942
0.297419	-0.13751	0.143781	-0.227721	-0.0221958	-0.134426	0.380901	-0.398124	0.0504302	0.0474473
0.0990488	-0.138197	0.180324	-0.0655799	-0.0542404	-0.110442	0.495263	-0.525902	0.0312044	0.0885204
-0.261186	-0.117256	0.265042	0.0523643	0.0359525	-0.0604459	0.0530696	-0.29513	0.366965	-0.0393751
-0.636308	0.383141	0.303684	0.20367	0.0255777	-0.165397	0.0691779	-0.197942	0.22562	-0.211221
-0.633392	0.593647	0.132877	-0.0133909	0.283486	-0.318883	0.189846	-0.239213	0.0947209	-0.0896971
-0.451828	0.0260512	0.00928794	-0.175175	0.478115	-0.215776	0.106633	0.0843085	0.0796046	0.0587796
-0.262288	-0.184923	0.204269	-0.255743	0.445404	-0.222629	-0.0497294	0.0934543	0.0568862	0.1753
-0.0567226	-0.590936	0.170421	-0.0478769	0.289441	-0.12067	-0.108085	0.31337	-0.0486047	0.199663
-0.0178241	-0.451688	0.0331064	0.168138	0.173927	-0.0625186	0.0753629	0.19798	-0.219904	0.103422
0.0272698	-0.319157	-0.0153434	0.225644	0.0819113	0.0302741	0.144702	0.259246	-0.335849	-0.0986977
0.16884	-0.215989	-0.0666931	0.169861	0.129035	0.0495723	0.0162541	0.237644	-0.376701	-0.111823
0.16829	-0.14015	0.156516	0.180045	0.0445869	-0.0326844	0.016595	0.231991	-0.353618	-0.271572
0.203717	-0.113636	0.123353	0.252092	-0.103746	0.0726482	0.00164375	0.0652231	-0.27437	-0.226926
0.206011	-0.0855397	0.190178	0.228275	-0.167529	0.0742176	0.050386	-0.0396347	-0.134107	-0.322257
0.0660426	-0.0445488	0.417907	0.108869	-0.164422	-0.00888953	0.0456105	-0.0462472	-0.160757	-0.213564
-0.0429415	-0.0358161	0.551803	-0.0481705	-0.0778539	-0.0677324	-0.0863544	-0.0507724	-0.074092	-0.0680697
-0.0185865	-0.0157332	0.241311	-0.0105351	-0.038519	-0.0326192	-0.0781527	-0.00362574	-0.0258527	-0.0176866
-0.000634573	-0.000239708	0.0305728	-0.000491184	-0.00164186	-0.0137057	-0.0122485	-0.000265234	-0.00110464	-0.000241342
0.0	0.0	0.0	0.0	0.0	0.0	0.0	0.0	0.0	0.0
-5.26978e-05	0.000282023	-0.00235574	0.00312455	-1.22025e-05	-0.000277859	-2.12356e-05	-6.94119e-05	-0.000483998	-0.00013342
-0.00578295	-0.00022317	0.00896268	0.0500002	-0.00443236	-0.0129355	-0.00240268	-0.00189598	-0.00359882	-0.0276914
-0.0505641	-0.00685614	0.15211	0.194211	-0.108745	0.00984449	-0.0758258	-0.024742	-0.0267912	-0.0626409
0.0491626	-0.0314739	0.335131	0.242273	-0.0798671	0.0297318	-0.266734	-0.0286387	-0.12831	-0.121274
0.275219	-0.174321	0.340578	0.0882154	-0.0987025	0.141668	-0.115393	-0.0821026	-0.213427	-0.161734
0.279349	-0.304389	0.217712	-0.0487185	-0.0292579	0.26074	0.0742672	-0.183117	-0.151108	-0.115477
0.190202	-0.304474	0.126708	-0.0990048	0.134791	-0.196752	0.272582	-0.235478	0.0502782	0.0611484
0.150613	-0.242948	0.110852	-0.253153	0.204361	-0.315269	0.312962	-0.212485	0.140241	0.104827
0.25655	-0.140363	0.183023	-0.45893	0.104754	-0.289704	0.280704	-0.216491	0.25742	0.0230378
0.373827	0.00512628	0.294466	-0.508868	-0.0172699	-0.338105	0.460805	-0.394303	0.0264455	0.0978788
0.104759	-0.13605	0.302806	-0.397745	-0.0654431	-0.336512	0.447949	-0.261244	0.254188	0.087291
-0.20607	0.0504766	0.318589	-0.254744	0.0604905	-0.417815	0.133541	-0.090005	0.342775	0.0627627
-0.564702	0.385988	0.242682	-0.18926	0.261328	-0.400464	0.0848087	0.0203512	0.209419	-0.0501523
-0.554654	0.429687	0.0629203	-0.285929	0.502457	-0.275165	0.106138	0.0500192	0.0237349	-0.0592078
-0.303414	-0.0190734	0.134796	-0.285069	0.407082	-0.109802	-0.00344685	0.0554272	-0.0764309	0.199932
-0.0811141	-0.351316	0.124782	-0.00890556	0.335634	-0.0338584	-0.0993598	-0.0146221	0.111081	0.0176797
0.06257	-0.492974	-0.02069	0.15727	0.188006	0.0984121	0.0473925	0.0565148	-0.114047	0.0175464
9.742e-05	-0.33969	0.0726307	0.0741056	0.170509	0.163692	0.154301	0.0696458	-0.270649	-0.0946407
0.0618422	-0.228846	0.0580796	0.233361	-0.0710447	0.0734443	0.13629	0.00112794	-0.11673	-0.147526
0.125278	-0.15909	0.0363622	0.0732454	-0.000323487	0.0833879	0.0183612	0.0683895	-0.110867	-0.134744
0.060022	-0.101623	0.108414	0.187934	0.00817561	0.0416821	0.0564946	-0.00272088	-0.132248	-0.22613
0.164375	-0.0613806	0.124578	0.321905	-0.158962	-0.0160475	0.084796	-0.0219899	-0.150947	-0.286326
0.0893207	-0.0593849	0.148226	0.262486	-0.146424	0.0892246	0.0402133	-0.0609209	-0.0307686	-0.331972
0.00707318	-0.037352	0.456796	-0.0351114	-0.145981	0.0607782	-0.0119252	-0.00195177	-0.0761476	-0.216179
-0.0262157	-0.05244	0.579332	-0.0863655	-0.103154	-0.0787138	-0.0754331	0.00371402	-0.115732	-0.0449915
-0.00995903	-0.00878849	0.137168	-0.00861217	-0.0212389	-0.0156422	-0.0527673	0.00957479	-0.0206584	-0.00907655
0.00917226	-0.000289105	0.00964574	-0.000317596	-0.00969841	-0.00208082	-0.00482993	-0.000649828	-0.000290694	-0.000661611
-1.28544e-05	-5.96164e-06	-7.3356e-06	-0.000212939	-0.00201975	-0.000122441	-3.32923e-06	0.00196975	-8.16564e-05	0.000496523
-1.1582e-05	4.76383e-05	-0.000106702	0.000300746	-2.2918e-06	-0.000123168	-4.67515e-06	-3.32464e-06	-7.28145e-05	-2.3826e-05
-0.00573708	-0.000615218	-0.0122399	0.0526946	-0.00623443	-0.00927553	-0.00199942	0.00444269	-0.00376333	-0.0172725
-0.0822593	-0.00836735	0.100213	0.311115	-0.0883558	0.00293223	-0.0697324	-0.0043065	-0.063507	-0.0977316
0.00310634	-0.0581585	0.380162	0.272504	-0.0841998	0.15073	-0.248063	-0.0739552	-0.184417	-0.157707
0.153059	-0.213531	0.43205	0.229094	-0.117349	0.231698	-0.246959	-0.142376	-0.105724	-0.219961
0.189916	-0.388078	0.231364	0.0852074	-0.136262	0.457701	-0.0262046	-0.302466	0.011158	-0.122336
0.115097	-0.324337	0.348599	-0.128217	-0.0412417	0.18564	0.190663	-0.310299	0.0473044	-0.0832106
0.18	-0.138141	0.143315	-0.175874	0.0316535	-0.0045885	0.237273	-0.296343	0.110987	-0.088282
0.247892	-0.0219899	0.107226	-0.335606	-0.00363981	-0.139841	0.248857	-0.300907	0.217325	-0.0193151
0.351318	-0.1225	0.2251	-0.423593	-0.207253	-0.160211	0.287192	-0.320253	0.22025	0.149952
0.124372	-0.0998838	0.158024	-0.391497	-0.100667	-0.176301	0.307819	-0.176516	0.255715	0.0989344
-0.234993	0.0518487	0.288388	-0.438319	0.114814	-0.164021	0.439708	-0.092983	0.212589	-0.177031
-0.479516	0.173914	0.291219	-0.329658	0.221388	-0.0855368	0.218908	0.0790323	0.0568786	-0.146629
-0.416188	0.19966	0.132869	-0.238408	0.283266	0.0202001	0.0106843	0.034914	-0.117244	0.090248
-0.154508	-0.143111	0.00988104	0.0678182	0.200453	-0.00336921	0.0262406	-0.0447913	-0.0532802	0.0946673
-0.0235569	-0.309716	0.135437	0.273772	0.20185	0.0373298	0.145289	-0.138223	-0.184599	-0.137581
0.0146685	-0.1903	0.177918	0.204173	-0.115176	0.106272	0.197159	-0.0946963	-0.178692	-0.121326
0.000195635	-0.0990106	0.103353	0.195137	-0.0786718	-0.0159736	0.210735	-0.108861	-0.0561478	-0.150757
0.00126403	-0.0780601	0.0807479	0.181291	-0.151561	0.099466	0.0330059	-0.0572616	-0.0454521	-0.0634392
-0.0538583	-0.03573	0.0358543	0.0978087	-0.0830347	0.11467	0.015094	-0.0640251	0.00410602	-0.0308854
0.0271723	-0.0373612	0.123453	0.317447	-0.0857683	0.0305861	0.0946004	-0.158525	-0.116029	-0.195575
0.139934	-0.0730968	0.139872	0.362275	-0.264542	0.0527611	0.064777	-0.153872	-0.00339063	-0.264718
0.0658809	-0.0750727	0.390752	0.138503	-0.176259	0.131751	0.0126186	-0.18498	-0.00633366	-0.29686
-0.0189086	-0.0234882	0.586076	-0.129329	-0.133202	0.137316	-0.0505932	-0.116595	-0.079108	-0.172169
-0.0215728	-0.000502732	0.412608	-0.0584096	-0.100766	-0.0470556	-0.0286531	-0.014867	-0.10162	-0.0391607
-0.00483401	0.00139359	0.053162	-0.00728679	-0.00859423	-0.0107505	-0.0188768	0.00794955	-0.0100554	-0.00210744
-0.00286151	-6.15695e-06	0.0154138	-0.000116037	-2.42138e-05	-0.00453566	-0.00747498	-1.10574e-05	-0.000191701	-0.000192487
-1.77584e-09	2.34374e-05	-1.48965e-05	-1.72676e-06	-8.09495e-09	-6.99767e-08	-1.79251e-07	-2.65019e-07	-6.09755e-06	-1.92351e-07
0.00252274	0.000111035	-0.00104412	5.52615e-05	-0.00316602	-0.00034414	-0.00021912	0.00805497	-0.000455096	-0.0055155
-0.00404113	-0.000910181	-0.0102491	0.0508554	-0.00731038	-0.0101674	-0.00200711	0.00379391	-0.00634572	-0.0136182
-0.0655907	-0.00959294	0.0151299	0.357765	-0.0286299	-0.0102056	-0.0670408	-0.0230807	-0.0913034	-0.0774503
-0.0291494	-0.0808019	0.276371	0.304947	-0.0901339	0.183703	-0.18781	-0.0768282	-0.169001	-0.131295
0.0926859	-0.258665	0.237344	0.31357	-0.0843808	0.27256	-0.249247	-0.184127	0.0195264	-0.159267
0.18377	-0.240204	0.194875	0.150356	-0.154276	0.343577	-0.118979	-0.295055	0.104297	-0.168361
0.144995	-0.111754	0.327894	0.0371846	-0.180606	0.16215	0.0750685	-0.362036	0.0650893	-0.157987
0.146905	-0.0571255	0.251184	-0.000566708	-0.255721	0.248713	0.104887	-0.299622	0.0768265	-0.215479
0.167827	0.028827	0.215095	-0.058736	-0.340539	0.118529	0.228148	-0.297879	0.22196	-0.283231
0.298954	-0.0866615	0.272646	-0.133772	-0.382057	0.0335119	0.340821	-0.317048	0.185801	-0.212195
0.307324	-0.0251367	0.244238	-0.242839	-0.253297	0.0120487	0.52556	-0.213929	-0.0633143	-0.290654
0.125148	-0.0169274	0.254835	-0.287087	-0.34872	0.0687212	0.495935	-0.0573329	0.0293088	-0.263881
-0.144535	0.154929	0.31512	-0.221035	-0.189017	0.105543	0.218709	0.0118998	-0.078339	-0.173274
-0.192163	-0.0180192	0.136766	-0.0717146	0.0654084	0.0372463	0.199151	0.130948	-0.127508	-0.160115
-0.0879458	-0.0385449	0.137933	0.0468678	-0.00205037	0.0276458	0.211307	-0.100403	-0.0300807	-0.164729
-0.0566882	0.0584021	0.168163	0.166759	-0.0422096	-0.0161036	0.220353	-0.247112	-0.0864118	-0.165152
0.0200517	0.0060452	0.169381	0.300147	-0.149425	-0.0366664	0.184153	-0.27399	-0.0400269	-0.179669
-0.0110883	0.071324	0.0893508	0.262048	-0.147831	0.0352109	0.114736	-0.315673	0.0699873	-0.168065
-0.0604188	0.0900495	0.0117459	0.200985	-0.194009	0.0522361	0.111973	-0.191369	0.0195373	-0.0407287
-0.00940534	0.0423946	0.0901713	0.114914	-0.177965	0.103598	0.0942135	-0.291757	0.0451117	-0.0112762
0.0687319	0.00423846	0.174141	0.294687	-0.133368	0.0803366	0.111954	-0.379783	-0.0173628	-0.203574
0.12545	-0.0457294	0.280452	0.164553	-0.300429	0.103385	0.0557701	-0.303069	0.13319	-0.213573
0.0116462	-0.0415158	0.355392	0.0559706	-0.205666	0.187679	-0.0289314	-0.22008	0.0649898	-0.179483
-0.0136188	0.00573086	0.364773	-0.0906034	-0.120328	0.135101	-0.0576139	-0.0663651	-0.0663329	-0.0907417
-0.0259128	0.024014	0.292691	-0.0389097	-0.0507293	-0.0111631	-0.0663372	-0.0157094	-0.0839446	-0.0239984
-0.00471544	0.0019107	0.081398	-0.00625565	-0.00187623	-0.0178262	-0.0318472	-0.00223296	-0.0112969	-0.00725812
-0.000898608	2.05222e-05	0.00716916	-6.6346e-05	-1.37751e-07	-0.00137485	-0.00479261	-3.01736e-07	-5.66579e-05	-1.69877e-07
0.0	0.0	0.0	0.0	0.0	0.0	0.0	0.0	0.0	0.0
0.00635311	-3.50883e-05	-0.00239034	3.81787e-05	-5.57297e-05	-0.000329592	-0.000547058	-7.01285e-05	-0.000957762	-0.00200559
-0.00384687	-0.00488928	0.00812488	0.039422	-0.00323523	-0.00663864	-0.00188822	-0.0059323	-0.00987685	-0.0112395
-0.0543203	-0.0191355	0.0607674	0.303394	-0.0379666	0.00549533	-0.0469468	-0.0499481	-0.0973336	-0.0640056
-0.0156162	-0.0587064	0.276382	0.33938	-0.0971067	0.0806627	-0.158882	-0.131396	-0.149125	-0.0855904
0.112708	-0.156462	0.247147	0.227325	-0.158334	0.283451	-0.254388	-0.202853	-0.0414438	-0.0571506
0.161245	-0.0319387	0.219429	0.256964	-0.233596	0.212659	-0.2068	-0.326184	0.122175	-0.173955
0.132099	0.00928363	0.38957	0.205451	-0.357495	0.00339909	0.0112239	-0.354667	0.267543	-0.306406
0.135284	0.106905	0.283227	0.201552	-0.444551	0.202412	0.00895637	-0.272291	0.0526593	-0.274154
0.192545	0.0890287	0.255864	0.18486	-0.400448	0.160843	0.206712	-0.303961	-0.000382234	-0.385061
0.318642	0.120469	0.235387	-0.0492077	-0.3673	0.0252727	0.349355	-0.275912	0.117129	-0.473837
0.411303	0.125078	0.313311	-0.162431	-0.227771	0.123057	0.313298	-0.217826	-0.14123	-0.536788
0.324335	0.0490329	0.19918	-0.302088	-0.255925	0.0595175	0.439098	-0.0316728	-0.0138694	-0.467608
0.114053	-0.039247	0.086779	-0.131002	-0.333034	0.031814	0.363454	0.02867	0.029013	-0.150499
-0.0021441	0.00519005	0.0332706	-0.00481063	-0.128997	-0.0497518	0.491054	0.0559978	-0.159496	-0.240313
0.0127108	-0.00979725	0.0505906	-0.0399468	-0.0599369	-0.000981269	0.322171	-0.130806	0.0592902	-0.203294
-0.0349868	0.186047	0.0585803	0.0890769	-0.00738219	0.0755778	0.194593	-0.259957	-0.174189	-0.127359
-0.018288	0.264699	-0.046533	0.171375	-0.00913376	0.115004	0.118688	-0.355253	-0.079125	-0.161433
-0.105449	0.283247	0.103645	0.232509	-0.106258	0.127782	0.200818	-0.468682	-0.0407647	-0.226847
-0.0918392	0.22112	0.185168	0.181432	-0.183595	0.0832709	0.10192	-0.3742	-0.0316786	-0.0915982
-0.0254236	0.111144	0.144828	0.228338	-0.130917	0.0241994	0.14221	-0.472426	0.0864247	-0.108376
0.0603111	0.0195162	0.250258	0.138944	-0.088028	0.128333	0.00562702	-0.442765	0.132291	-0.204488
0.0492464	-0.0361031	0.309382	-0.0099723	-0.194246	0.318596	-0.0876025	-0.340113	0.154153	-0.163339
-0.0482489	-0.0426705	0.324925	-0.017621	-0.164056	0.189173	-0.0381617	-0.165573	0.0476809	-0.0854489
-0.0336153	-0.0201964	0.317668	-0.0666163	-0.0826959	0.0741144	-0.0518935	-0.0398981	-0.0934958	-0.00336974
-0.0201837	0.00282113	0.13519	-0.0227646	-0.0465997	0.0371234	-0.0276259	-0.0173719	-0.0562407	0.0156522
-0.00110692	0.00353189	0.0257983	-0.00281165	-0.000451145	-0.00264503	-0.00591474	-0.0014231	-0.0099292	-0.00504837
-2.09484e-05	7.48126e-05	-6.2724e-05	-4.1088e-05	-2.13508e-05	0.000343076	-4.30577e-06	-3.12763e-05	-0.000204745	-3.14513e-05
-2.19811e-08	6.60273e-05	-3.18414e-05	-1.00108e-05	-4.37622e-07	-4.02424e-07	-6.63452e-07	-3.81142e-06	-1.78276e-05	-1.01049e-06
-4.97895e-05	6.12901e-06	1.01456e-05	0.000502497	-2.54853e-06	-0.000141636	-3.08436e-05	-8.9409e-05	-6.96222e-05	-0.000134923
-0.00848794	-0.00817283	0.0248849	0.0404253	-0.000635894	-0.00840312	-0.00124078	-0.019345	-0.00932773	-0.00969686
-0.0418339	-0.011871	0.0916611	0.190871	-0.034799	0.018269	-0.0277346	-0.0650755	-0.071155	-0.0483314
-0.0532442	0.0279337	0.170603	0.238566	-0.0712592	0.106122	-0.11909	-0.12569	-0.106949	-0.0669914
0.0612466	0.183214	0.176607	0.127922	-0.10317	0.0686536	-0.206455	-0.178179	-0.0773433	-0.0524949
0.105062	0.186534	0.177813	0.163989	-0.252672	0.122405	-0.280409	-0.248679	0.163056	-0.1371
0.113912	0.13494	0.165914	0.144266	-0.325116	0.164395	-0.123487	-0.273755	0.228854	-0.229923
0.0329546	0.158977	0.134353	0.133996	-0.230986	0.156989	0.0320165	-0.217558	0.00558976	-0.206333
0.0817596	0.0767593	0.26593	-0.0769958	-0.227368	0.109484	0.144966	-0.2864	0.103997	-0.192132
0.222865	0.153635	0.141467	-0.0611714	-0.219955	-0.00012156	0.260985	-0.215178	-0.0169642	-0.265563
0.322642	-0.068708	0.09837	-0.111772	-0.108383	0.134902	0.329361	-0.161546	-0.0478249	-0.387042
0.258387	-0.150732	0.0395557	-0.0979117	-0.149398	0.0984003	0.495677	-0.0828438	-0.12227	-0.288864
0.10561	-0.166734	0.0786628	-0.0688796	-0.198725	0.0162632	0.54301	-0.140135	0.055838	-0.224911
0.0213351	0.0403042	0.0295249	-0.0697009	-0.102906	0.0563175	0.508193	-0.178234	-0.029829	-0.275003
0.010996	0.0515218	-0.0715335	0.00982515	0.0316916	0.0599917	0.292739	-0.127456	-0.0263751	-0.231401
-0.0120718	0.0622378	0.0306985	0.08593	-0.0691517	0.0359998	0.223355	-0.108506	-0.116153	-0.132338
-0.12842	0.175432	0.124196	0.0527154	0.0277141	0.0756206	0.280744	-0.293195	-0.0428013	-0.272006
-0.137816	0.278744	0.213278	0.212428	-0.0934515	0.00106707	0.209177	-0.353653	-0.0595994	-0.270176
-0.139155	0.179267	0.294646	0.251992	-0.0269492	0.00897011	0.102516	-0.381236	-0.0691417	-0.22091
-0.0475029	0.158441	0.102517	0.08799	-0.00461846	0.169336	0.0210409	-0.409471	0.0710112	-0.148743
-0.012349	0.0723896	0.201803	-0.0711403	-0.00168174	0.302894	-0.0590681	-0.397311	0.0616981	-0.0972337
-0.0209018	-0.0941072	0.317816	-0.102081	-0.0876873	0.310234	-0.0286436	-0.296558	0.101979	-0.10005
-0.026378	-0.0709818	0.346955	-0.113893	-0.0638763	0.153407	-0.0361528	-0.154298	-0.0197308	-0.0150512
-0.0281498	-0.00142284	0.221227	-0.0790642	-0.057618	0.0704735	-0.0293023	-0.0308675	-0.106192	0.0409164
-0.0100204	-0.00126823	0.0768585	-0.0162928	-0.0418008	0.0555407	-0.0192577	-0.0129818	-0.0361163	0.00533889
0.00693524	-0.000951555	0.00843285	-0.00252122	-0.000736448	0.00144391	-0.00163787	-0.00101923	-0.00361448	-0.00633121
4.00742e-06	-4.47116e-11	-6.23501e-07	-2.75101e-07	-3.55722e-09	-1.40545e-06	-2.27485e-07	-7.57855e-09	-1.45184e-06	-1.28083e-08
-2.12942e-08	6.3964e-05	-3.08464e-05	-9.69795e-06	-4.23946e-07	-3.89848e-07	-6.42719e-07	-3.69231e-06	-1.72705e-05	-9.78917e-07
-8.15336e-07	1.90313e-05	-1.095e-05	1.6236e-05	-1.7511e-07	-5.80909e-06	-2.10754e-07	-5.46786e-06	-7.11077e-06	-4.72849e-06
-0.00201721	-0.00780239	0.0179143	0.0404202	-0.000370706	-0.00596076	-0.000222328	-0.0244645	-0.00687474	-0.0106218
-0.0331299	-0.0079156	0.0635018	0.124818	-0.0279877	0.00602681	-0.00970452	-0.0590755	-0.032659	-0.0238742
-0.118363	0.0745101	0.11822	0.163287	-0.0470477	0.100203	-0.0556108	-0.0799623	-0.0997307	-0.0555043
-0.0287652	0.36874	0.124188	0.111122	-0.0824254	-0.0172717	-0.125934	-0.0440373	-0.166941	-0.138675
0.056018	0.303729	0.193674	0.120826	-0.148527	-0.11829	-0.232044	-0.0504947	0.0211055	-0.145997
0.110495	0.139387	0.202802	0.0472949	-0.200532	-0.0294634	-0.229062	0.016148	0.14566	-0.202729
0.146804	0.0826869	0.282266	-0.0519659	-0.196294	0.0732251	-0.181668	-0.0745323	0.0205344	-0.101057
0.1402	0.0714998	0.278005	-0.00452594	-0.188672	0.0560496	-0.0476803	-0.176186	-0.0447008	-0.0839892
0.147309	-0.0496572	0.142112	0.0077576	-0.118743	-0.0510413	0.0585982	-0.101469	0.025027	-0.0598951
0.200969	-0.262482	0.138775	0.0448132	-0.095483	0.0433434	0.0677154	-0.203226	0.13447	-0.0688954
0.164673	-0.374725	0.0696491	-0.0442289	-0.125727	0.132551	0.220882	-0.136029	0.111905	-0.0189513
0.311906	-0.293139	-0.021826	-0.0699757	-0.0962403	0.198347	0.217558	-0.273405	0.160515	-0.13374
0.14054	-0.0801098	-0.0668329	-0.0649331	-0.106349	0.113245	0.0827524	-0.143385	0.189658	-0.0645859
0.109305	0.0164209	-0.122217	0.0202369	-0.066186	0.0751154	0.126871	-0.0404468	0.06586	-0.18496
0.0340554	0.0379072	-0.0310774	0.0423148	-0.0866585	0.133286	0.102669	-0.0853087	0.00316199	-0.150349
0.00190436	0.222185	0.00875315	0.0997257	0.0421371	0.0474976	0.0381226	-0.208056	0.0211354	-0.273405
-0.0931004	0.265923	0.173782	0.111867	0.0130045	0.0864347	-0.0353895	-0.245016	-0.0188837	-0.258622
-0.122277	0.139946	0.282165	0.155476	0.17698	0.116667	-0.0486951	-0.285119	-0.0975056	-0.317637
-0.146893	0.0818343	0.280377	0.0457204	0.106639	0.16086	-0.0198577	-0.36504	-0.034347	-0.109294
-0.0978747	-0.0328104	0.256742	-0.088103	0.154284	0.133245	-0.026003	-0.34551	0.0780616	-0.0320312
-0.0249172	-0.0934446	0.293027	-0.0472391	-0.00269907	0.134599	-0.0729364	-0.217325	-0.00464248	0.0355793
0.0021274	-0.0501434	0.19522	-0.0627677	-0.0615853	0.111639	-0.0603672	-0.136385	-0.0212376	0.0835003
-0.0147559	-0.0113759	0.126366	-0.0522469	-0.0456154	0.0694235	-0.0279223	-0.0323037	-0.0526239	0.0410549
-0.00587994	-0.00238987	0.0369943	-0.0148558	-0.0271651	0.0434905	-0.0085836	-0.0153924	-0.0150395	0.00882147
0.000749305	0.00175361	-0.0092675	-0.000186684	0.00128294	0.00939151	-0.000118667	-0.000316494	-0.00141956	-0.00186846
7.39832e-06	-8.25445e-11	-1.15108e-06	-5.07879e-07	-6.56718e-09	-2.59467e-06	-4.19972e-07	-1.39912e-08	-2.68032e-06	-2.36461e-08
0.0	0.0	0.0	0.0	0.0	0.0	0.0	0.0	0.0	0.0
0.0	0.0	0.0	0.0	0.0	0.0	0.0	0.0	0.0	0.0
-0.000273848	-0.000114942	6.804e-05	0.0286449	-0.00011714	-0.000529029	-2.81436e-05	-0.0191269	-0.0017692	-0.00675376
-0.0124609	-0.0183189	-0.013484	0.115967	-0.00623702	0.0102622	-0.00177924	-0.0446117	-0.0221185	-0.00721881
-0.0799543	0.0237618	-0.0144852	0.204359	-0.0216819	0.0625774	-0.0112154	0.0101376	-0.112059	-0.0614409
-0.0856273	0.244332	-0.0462444	0.237132	-0.0514818	0.0612328	-0.0351987	0.0859525	-0.309262	-0.100835
-0.0198986	0.263728	-0.0449893	0.238598	-0.0693404	-0.053139	-0.0871864	0.198322	-0.303488	-0.122607
0.0881289	0.100362	0.011598	0.164596	-0.084531	-0.0986051	-0.173924	0.234351	-0.134719	-0.107257
0.140151	0.00148312	0.0760676	-0.017787	-0.077251	0.0736733	-0.235804	-0.0823449	0.1145	0.00731168
0.202387	-0.00402152	0.0981199	0.0957449	-0.0440245	0.0945589	-0.2791	-0.075996	0.0447297	-0.132398
0.25894	-0.0654614	0.0279022	0.0688412	-0.0378285	0.181422	-0.325742	-0.0537762	-0.0396852	-0.0146105
0.290908	-0.131429	0.128797	0.103559	-0.0192507	0.0981646	-0.288939	-0.177104	0.0624588	-0.0671653
0.248383	-0.0391533	0.0577804	-0.0850455	-0.0995748	0.128604	-0.16633	-0.183628	0.173449	-0.0344854
0.247188	-0.114778	-0.0700282	0.0280279	-0.0545626	0.0239306	-0.104423	-0.179319	0.335622	-0.111656
0.223095	-0.162723	-0.079807	-0.0901232	-0.0211838	0.0987903	-0.0725696	-0.0571496	0.247367	-0.0856952
0.136006	0.0114976	-0.085818	-0.0390099	-0.0622456	0.0427494	-0.0694974	0.0249213	0.239451	-0.198053
-0.00240488	0.0543182	-0.0402839	-0.115067	0.0306708	0.137599	-0.122189	-0.0734995	0.293907	-0.163051
-0.0382017	0.190376	-0.0218847	0.0555292	0.0657007	0.0195237	-0.110658	-0.0866384	0.121195	-0.194941
-0.235863	0.0644987	0.189138	0.161957	0.183643	-0.0926687	-0.0534865	-0.170415	0.128673	-0.175476
-0.257175	0.031849	0.307202	-0.00403405	0.189417	0.0152701	-0.0357609	-0.272766	0.104755	-0.0787579
-0.228633	-0.0286522	0.235126	-0.0491678	0.188329	0.0711315	-0.0378475	-0.31914	0.119324	0.0495297
-0.117828	-0.0692706	0.243992	-0.0685179	0.15243	0.00896284	-0.055364	-0.291365	0.0424602	0.154501
-0.0481567	-0.0605644	0.193057	-0.0810357	-0.0107432	0.0234321	-0.0384568	-0.181204	0.00795261	0.195719
-0.0204579	-0.0464032	0.105193	-0.0420493	-0.0478911	0.0660407	-0.0261963	-0.135953	0.0178805	0.129837
-0.0185799	-0.0105731	0.0795209	-0.0185258	-0.0338078	0.0511102	-0.0164435	-0.0436889	-0.0319813	0.0429693
-0.00378349	0.000208418	0.0314326	-0.0119231	-0.00215796	0.0226716	-0.00444751	-0.017131	-0.0109717	-0.00389789
-1.01468e-05	0.00696256	-0.00659811	0.00145815	0.00130981	0.00544963	-8.9455e-05	-0.000226653	-0.00596923	-0.00228656
0.0	0.0	0.0	0.0	0.0	0.0	0.0	0.0	0.0	0.0
0.0	0.0	0.0	0.0	0.0	0.0	0.0	0.0	0.0	0.0
0.0	0.0	0.0	0.0	0.0	0.0	0.0	0.0	0.0	0.0
-0.00121	-8.37787e-06	-0.00157178	0.0134562	-8.65829e-06	-0.000286421	-3.80983e-06	-0.00842306	-8.20824e-05	-0.00186197
-0.00203358	-0.0132688	-0.036757	0.0714886	-0.000246793	0.0126312	-0.000152682	0.00149197	-0.025852	-0.00730087
-0.0127453	-0.0226201	-0.0704431	0.152241	-0.0124105	-0.00397668	-0.0020142	0.0791522	-0.114678	0.00749448
-0.042328	0.0404675	-0.144316	0.2	-0.0196036	-0.0109997	-0.0105967	0.226147	-0.252234	0.0134628
-0.0524379	0.0431161	-0.230053	0.344476	-0.0462428	-0.0319868	-0.0227261	0.292455	-0.320809	0.0242093
-0.0825288	-0.050691	-0.248082	0.378699	-0.0613633	0.00800133	-0.0492842	0.251948	-0.258552	0.111852
-0.0718807	-0.134332	-0.192286	0.250004	-0.0645649	0.0612493	-0.0975196	0.174754	-0.019771	0.0943466
-0.0681403	-0.171763	-0.17111	0.239153	-0.0101714	0.233076	-0.147878	0.101043	0.0434583	-0.0476683
-0.0462973	-0.235549	-0.21473	0.333208	-0.0125199	0.166185	-0.193128	0.118245	0.0707398	0.013847
-0.0159177	-0.274742	-0.161896	0.305787	0.0334384	0.148673	-0.253162	0.0808345	0.227815	-0.0908318
0.109972	-0.258309	-0.0407435	0.24136	-0.126967	0.200541	-0.243114	0.0740284	0.176352	-0.13312
0.112804	-0.288088	-0.0189392	0.290368	-0.116304	0.281951	-0.264829	0.131728	0.110957	-0.239648
0.0407749	-0.295521	0.0937654	0.248629	-0.0793214	0.253967	-0.241112	0.0804707	0.14072	-0.242374
-0.0604828	-0.246529	0.00468616	0.148078	-0.0865008	0.197713	-0.209222	0.0944529	0.251234	-0.0934287
-0.118502	-0.272593	-0.0056846	0.179383	-0.016246	0.0931505	-0.147205	0.0221083	0.320401	-0.0548129
-0.163503	-0.0834184	0.0660979	0.0931698	-0.0652138	0.120183	-0.0971449	0.015836	0.0558464	0.0581476
-0.212467	-0.0108964	0.101096	-0.112588	0.0195722	0.110058	-0.0779737	-0.0864177	0.194089	0.0755276
-0.194762	0.0112364	-0.0204388	-0.121272	0.0787407	0.0355301	-0.0698667	-0.108991	0.2495	0.140324
-0.168968	-0.00715311	-0.0202049	-0.0709086	0.0632743	0.0176389	-0.0427834	-0.158117	0.0731987	0.314024
-0.114893	-0.00906538	0.0464605	-0.042613	0.0532702	-0.00426657	-0.0384994	-0.160861	-0.0147224	0.28519
-0.0493042	-0.025354	0.0133517	-0.0320489	0.0178712	0.0643734	-0.0227032	-0.130248	-0.0315684	0.19563
-0.0170185	-0.0116536	0.0305796	-0.0137158	-0.00670103	0.0534195	-0.0093816	-0.119207	-0.0247373	0.118416
-0.00262269	-0.00326606	0.0861346	-0.0128041	-0.0185971	0.0334098	-0.00240148	-0.047472	-0.024336	-0.00804485
-0.00015791	0.00281627	0.048605	-0.00274793	0.00328304	-0.0067484	-0.000288232	-0.0203903	-0.00957099	-0.0148006
-3.31409e-07	0.000572097	0.00675446	-9.35343e-06	-4.73097e-05	-0.000135516	-2.10889e-05	-1.58961e-06	-0.00128409	-0.00582728
0.0	0.0	0.0	0.0	0.0	0.0	0.0	0.0	0.0	0.0
0.0	0.0	0.0	0.0	0.0	0.0	0.0	0.0	0.0	0.0
0.0	0.0	0.0	0.0	0.0	0.0	0.0	0.0	0.0	0.0
-1.3595e-05	-1.88905e-07	-3.1152e-05	0.00122725	-2.52748e-05	-5.20271e-06	-2.45253e-07	-0.00201712	-9.89463e-05	0.000964474
-0.00011311	-0.00101281	-0.0095165	-0.00669534	-6.58407e-05	0.0131263	-4.23006e-05	0.0109538	-0.00275846	-0.00387573
-0.00238166	-0.018478	-0.0309273	0.013703	-0.00201639	0.0152664	-0.000752525	0.0684786	-0.0588134	0.0159212
-0.0102243	-0.0392673	-0.0530324	0.0614711	-0.0264977	-0.016132	-0.00167583	0.0831383	-0.113816	0.116036
-0.0418512	-0.0583849	-0.063188	0.140218	-0.0725227	-0.0254521	-0.00499391	0.0868367	-0.113924	0.153263
-0.0737621	-0.0903051	-0.111802	0.234616	-0.131809	-0.0229954	-0.00935803	0.130157	-0.128682	0.203941
-0.116299	-0.0949864	-0.199906	0.369281	-0.218084	-0.0133799	-0.0275191	0.265183	-0.188147	0.223859
-0.174956	-0.147056	-0.2173	0.425185	-0.181621	0.0767704	-0.0397979	0.285627	-0.177887	0.151036
-0.24151	-0.257829	-0.200627	0.459902	-0.158289	0.0936423	-0.0417027	0.206326	-0.0550066	0.195094
-0.25518	-0.234536	-0.203615	0.437993	-0.257305	0.148298	-0.0440848	0.304436	-0.012616	0.116608
-0.299159	-0.173975	-0.158704	0.457755	-0.351884	0.170016	-0.0493949	0.289451	-0.067422	0.183316
-0.274428	-0.222595	-0.117224	0.37843	-0.241297	0.201806	-0.0707412	0.264484	-0.0430132	0.12458
-0.252268	-0.243875	-0.0552566	0.234676	-0.236983	0.107551	-0.0652075	0.252957	0.0836885	0.174717
-0.236496	-0.2386	-0.0182296	0.109709	-0.273189	0.178481	-0.064584	0.264993	0.178635	0.09928
-0.180838	-0.196509	-0.0314027	0.108447	-0.328474	0.153833	-0.0565248	0.172175	0.15657	0.202723
-0.185707	-0.112106	-0.0535676	0.0505789	-0.336638	0.128671	-0.0399159	0.158437	0.139735	0.250514
-0.150649	-0.0450116	-0.112632	0.00413794	-0.257128	0.0651701	-0.0329402	0.162086	0.0863619	0.280604
-0.0924632	-0.0311542	-0.131877	0.0260176	-0.238021	0.0557176	-0.0220953	0.0226053	0.0429037	0.368366
-0.0895177	-0.0138621	-0.0838436	-0.0230827	-0.131315	0.0357857	-0.0122865	-0.0793608	0.00685995	0.390624
-0.068978	-0.00459282	-0.0670751	-0.04784	-0.0808554	0.0653798	-0.00771282	-0.0706064	-0.0207595	0.303041
-0.0268719	-0.00317009	-0.0536328	-0.0184333	-0.032818	0.0888603	-0.0049045	-0.0292356	-0.0225992	0.102805
-0.00658681	-0.000772068	-0.0279502	-0.00342401	-0.0208614	0.0650725	-0.00196032	-0.0304494	-0.00789215	0.0348238
-0.0015423	-1.02974e-05	-0.005197	-0.000167178	-0.0140795	0.0370737	-0.000478804	-0.00220242	-0.00315518	-0.010241
-3.72802e-07	-2.76369e-06	0.00599688	-0.000159397	-0.00057596	-5.32384e-06	-1.21689e-05	-0.000492858	-0.00114758	-0.00360045
-2.84784e-07	-3.29622e-06	0.00717351	-2.31496e-06	-5.00566e-05	-3.0105e-06	-1.30935e-05	-1.32389e-06	-0.000917504	-0.00618262
0.0	0.0	0.0	0.0	0.0	0.0	0.0	0.0	0.0	0.0
0.0	0.0	0.0	0.0	0.0	0.0	0.0	0.0	0.0	0.0
0.0	0.0	0.0	0.0	0.0	0.0	0.0	0.0	0.0	0.0
0.0	0.0	0.0	0.0	0.0	0.0	0.0	0.0	0.0	0.0
0.0	0.0	0.0	0.0	0.0	0.0	0.0	0.0	0.0	0.0
-0.000168008	-0.000579602	-0.000587504	0.000503071	0.00022569	-0.00198562	-3.65563e-05	-0.0134863	-0.00787176	0.0239866
-0.00261714	-0.00230789	-0.00213156	0.00797492	-0.00176013	-0.00516571	-0.000261774	-0.0336561	-0.0198042	0.0597296
-0.0102657	-0.00421268	-0.00639934	0.0136337	-0.0276075	-0.0130827	-0.00108809	-0.0284573	-0.0311068	0.108587
-0.0227136	-0.00594512	-0.0130418	0.0227862	-0.0640626	-0.0413066	-0.00192906	0.0233558	-0.0165427	0.1194
-0.0344859	-0.0100976	-0.0174107	0.011724	-0.119668	-0.0555085	-0.00418049	0.0859815	-0.0135137	0.157159
-0.0582107	-0.0178242	-0.0169508	0.00515632	-0.185555	-0.0419165	-0.00598483	0.110923	-0.0406624	0.251025
-0.0561291	-0.0386642	-0.0175322	0.010297	-0.19536	-0.0192821	-0.0066615	0.109076	-0.0721962	0.286453
-0.0471536	-0.0360055	-0.0296503	0.0068672	-0.241457	0.0317077	-0.00772505	0.103	-0.0576535	0.278071
-0.0351539	-0.0433546	-0.0200715	-0.0141748	-0.274546	0.0369934	-0.0090833	0.0621759	-0.0685057	0.36572
-0.0591183	-0.0767999	-0.0299399	-0.0151775	-0.29267	0.00122298	-0.0111245	0.211532	-0.0813311	0.353407
-0.0797715	-0.0714799	-0.0243418	-0.0303673	-0.355806	-0.0279352	-0.00967394	0.27823	-0.0923122	0.413458
-0.0630532	-0.0467587	-0.0290313	-0.0211444	-0.311866	0.0214303	-0.00863557	0.292549	-0.0982105	0.264719
-0.045149	-0.027363	-0.0378276	0.0178281	-0.276734	0.00107371	-0.0078965	0.207483	-0.0682692	0.236855
-0.0509729	-0.0140071	-0.0449757	0.0098597	-0.246746	-0.0124899	-0.00747915	0.19856	-0.0382236	0.206475
-0.0328107	-0.0140938	-0.031726	-0.000683137	-0.232958	-0.0346457	-0.00658279	0.178282	-0.0263433	0.201562
-0.00834622	-0.00736048	-0.0149924	-0.00797168	-0.182155	-0.00732536	-0.00422553	0.0800729	-0.030101	0.182405
-0.0220306	-0.0033665	-0.012522	-0.0139748	-0.0886916	0.018537	-0.00282261	-0.00844394	-0.0163254	0.14964
-0.0257289	-0.00205229	-0.0135121	-0.00755082	-0.0397113	0.0184955	-0.00182866	-0.000920352	-0.00783792	0.0806468
-0.0121194	-0.000365323	-0.00460025	5.78894e-05	-0.0178226	0.00820711	-0.000362209	0.0192254	-0.00183265	0.00961203
-0.000850878	-8.49826e-06	-4.2539e-05	-0.000136968	-0.000445805	9.228e-05	-6.0804e-05	-0.00237626	-0.000176718	0.00400619
-2.26057e-06	-1.56642e-09	-3.4325e-07	-1.41311e-06	-0.000309554	-8.44129e-06	-9.1708e-07	-3.79965e-05	-6.7953e-06	0.000367723
-1.57494e-07	-1.59767e-08	-9.32837e-07	-1.69079e-07	-5.86154e-08	-7.74301e-08	-8.6074e-10	8.58655e-06	-5.46629e-07	-6.62742e-06
0.0	0.0	0.0	0.0	0.0	0.0	0.0	0.0	0.0	0.0
0.0	0.0	0.0	0.0	0.0	0.0	0.0	0.0	0.0	0.0
0.0	0.0	0.0	0.0	0.0	0.0	0.0	0.0	0.0	0.0
0.0	0.0	0.0	0.0	0.0	0.0	0.0	0.0	0.0	0.0
0.0	0.0	0.0	0.0	0.0	0.0	0.0	0.0	0.0	0.0
0.0	0.0	0.0	0.0	0.0	0.0	0.0	0.0	0.0	0.0
-2.83505e-06	-3.53013e-06	-2.02689e-06	-4.7798e-07	-1.21024e-06	-8.35604e-07	-7.39087e-08	8.27268e-05	-3.37856e-05	-3.79517e-05
-5.15065e-05	-9.20395e-06	-6.43171e-06	-1.97757e-06	-5.29257e-06	-1.45692e-05	-8.23935e-07	0.000330259	-9.375e-05	-0.000146704
-6.75181e-05	-8.17414e-06	-1.99915e-05	-1.45178e-05	-0.00246136	-2.87352e-05	-2.2912e-06	9.68364e-05	-0.000107947	0.0026137
-0.000141711	-2.20315e-05	-5.55186e-05	-4.77129e-05	-0.0142024	-0.000323402	-3.73898e-05	-0.000328018	-0.000152307	0.0153105
-0.000436798	-4.63075e-05	-8.19628e-05	-0.000107383	-0.0156922	-0.000796201	-6.97726e-05	0.00638998	-0.000270184	0.0111108
-0.000921519	-3.29184e-05	-0.00013149	-0.000524861	-0.00913849	-0.000606862	-2.79352e-05	0.00576299	-0.00052733	0.00614841
-0.000829455	-0.00248376	-0.0011185	-0.00243764	-0.0176375	0.00233265	-5.71358e-05	0.0254561	-0.00681842	0.00359362
-0.0013444	-0.000660554	-0.000581382	-0.0015388	-0.013499	0.0063508	-6.26598e-05	0.00954777	-0.002219	0.00400726
-0.00326456	-0.00133767	-0.000520701	-0.00220234	-0.0232299	0.00418502	-0.000383938	0.0188238	-0.00453164	0.0124619
-0.00558498	-0.00138437	-0.0006075	-0.00330533	-0.0177826	-0.00208954	-0.000392959	0.0647918	-0.00393041	-0.0297141
-0.00819972	-0.00110522	-0.000624415	-0.00505874	-0.0475901	-0.00817845	-0.000765601	0.0719212	-0.00477945	0.00438049
-0.00748995	-0.000433461	-0.000847034	-0.00426565	-0.0245948	-0.00619955	-0.000761174	0.0716446	-0.00463247	-0.0224205
-0.0045861	-0.000283189	-0.000726439	-0.00487405	-0.0188107	-0.00415652	-0.000542438	0.0611367	-0.00246113	-0.0246962
-0.00387936	-0.00137922	-0.00066616	-0.00383519	-0.0174081	-0.00464658	-0.000502812	0.0726906	-0.00234161	-0.0380315
-0.00395728	-0.00380512	-0.000507797	-0.00262817	-0.0222132	-0.00416511	-0.000328133	0.0875236	-0.00267211	-0.0472466
-0.00196833	-0.000122922	-0.000371061	-0.00172713	-0.0154755	-0.0033016	-0.00019683	0.0542653	-0.00162138	-0.0294806
-0.00336436	-7.30755e-05	-0.00135318	-0.000837115	-0.00368981	-0.00421066	-0.000183942	0.0185614	-0.00137928	-0.00346996
-0.00477643	-2.58376e-05	-0.000909159	-0.000310071	-0.00141703	-0.00165512	-7.32778e-05	0.00428964	-0.000708274	0.00558556
-0.0131578	-4.99232e-05	-0.00455584	-0.000217003	-0.00222039	-0.00164394	-0.000180516	0.0132076	-0.000730121	0.00954793
-0.0030044	-2.94681e-06	-3.50897e-05	-2.35997e-05	-0.000446349	-0.000352617	-1.44029e-05	0.0051238	-0.000141716	-0.00110268
0.0	0.0	0.0	0.0	0.0	0.0	0.0	0.0	0.0	0.0
0.0	0.0	0.0	0.0	0.0	0.0	0.0	0.0	0.0	0.0
0.0	0.0	0.0	0.0	0.0	0.0	0.0	0.0	0.0	0.0
0.0	0.0	0.0	0.0	0.0	0.0	0.0	0.0	0.0	0.0
