0.0	0.0	0.0	0.0	0.0	0.0	0.0	0.0	0.0	0.0
0.0	0.0	0.0	0.0	0.0	0.0	0.0	0.0	0.0	0.0
0.0	0.0	0.0	0.0	0.0	0.0	0.0	0.0	0.0	0.0
0.0	0.0	0.0	0.0	0.0	0.0	0.0	0.0	0.0	0.0
0.0	0.0	0.0	0.0	0.0	0.0	0.0	0.0	0.0	0.0
0.0	0.0	0.0	0.0	0.0	0.0	0.0	0.0	0.0	0.0
0.0	0.0	0.0	0.0	0.0	0.0	0.0	0.0	0.0	0.0
0.0	0.0	0.0	0.0	0.0	0.0	0.0	0.0	0.0	0.0
0.0	0.0	0.0	0.0	0.0	0.0	0.0	0.0	0.0	0.0
0.0	0.0	0.0	0.0	0.0	0.0	0.0	0.0	0.0	0.0
0.0	0.0	0.0	0.0	0.0	0.0	0.0	0.0	0.0	0.0
0.0	0.0	0.0	0.0	0.0	0.0	0.0	0.0	0.0	0.0
-3.3692e-06	-6.05078e-06	-0.00042729	-3.82638e-05	-0.00266646	-5.82396e-05	0.00376141	-6.48109e-06	-0.000105708	-0.000449551
-1.81632e-05	-1.44154e-05	-0.000600029	-9.53928e-05	-0.00596988	-0.000128032	0.00811755	-1.87361e-05	-0.000240573	-0.00103232
-1.20025e-05	-1.29789e-06	0.000373446	-1.29178e-05	-0.000146064	-5.64528e-07	-0.000132033	-5.05744e-06	-1.0135e-05	-5.33736e-05
-5.00104e-07	-5.40787e-08	1.55602e-05	-5.38241e-07	-6.08602e-06	-2.3522e-08	-5.50136e-06	-2.10727e-07	-4.22292e-07	-2.2239e-06
0.0	0.0	0.0	0.0	0.0	0.0	0.0	0.0	0.0	0.0
0.0	0.0	0.0	0.0	0.0	0.0	0.0	0.0	0.0	0.0
0.0	0.0	0.0	0.0	0.0	0.0	0.0	0.0	0.0	0.0
0.0	0.0	0.0	0.0	0.0	0.0	0.0	0.0	0.0	0.0
0.0	0.0	0.0	0.0	0.0	0.0	0.0	0.0	0.0	0.0
0.0	0.0	0.0	0.0	0.0	0.0	0.0	0.0	0.0	0.0
0.0	0.0	0.0	0.0	0.0	0.0	0.0	0.0	0.0	0.0
0.0	0.0	0.0	0.0	0.0	0.0	0.0	0.0	0.0	0.0
0.0	0.0	0.0	0.0	0.0	0.0	0.0	0.0	0.0	0.0
0.0	0.0	0.0	0.0	0.0	0.0	0.0	0.0	0.0	0.0
0.0	0.0	0.0	0.0	0.0	0.0	0.0	0.0	0.0	0.0
0.0	0.0	0.0	0.0	0.0	0.0	0.0	0.0	0.0	0.0
0.0	0.0	0.0	0.0	0.0	0.0	0.0	0.0	0.0	0.0
0.0	0.0	0.0	0.0	0.0	0.0	0.0	0.0	0.0	0.0
0.0	0.0	0.0	0.0	0.0	0.0	0.0	0.0	0.0	0.0
0.0	0.0	0.0	0.0	0.0	0.0	0.0	0.0	0.0	0.0
-4.65454e-09	-2.6638e-08	-6.12895e-06	-8.24716e-09	-3.54598e-05	-7.84667e-08	4.32673e-05	-5.43355e-08	-5.06409e-07	-9.99877e-07
-1.07039e-07	-7.86812e-08	-2.00501e-05	-3.80385e-08	-0.000222881	-2.38015e-07	0.000249152	-5.97664e-07	-1.51132e-06	-3.65081e-06
-1.94663e-05	-1.07586e-07	-0.000280199	-5.92746e-06	-0.0157676	-1.21156e-05	0.0162816	-4.77254e-05	-4.95872e-06	-0.00014354
-3.96056e-05	-3.8937e-05	-0.000638576	-1.38515e-05	-0.0357941	-2.30808e-05	0.0371689	-0.000246973	-3.57781e-05	-0.000337998
-5.5808e-05	-0.00185397	-0.0015967	-0.000108237	-0.0333532	-6.85003e-05	0.0393316	-0.00122467	-0.00047344	-0.000597097
-0.000106342	-0.00156532	-0.00272824	-0.000136093	-0.0153339	-9.98474e-05	0.0216585	-0.000745519	-0.000526737	-0.000416519
-0.001068	-0.00105847	-0.00384956	-0.000145608	-0.0265433	-0.00040911	0.0355861	-0.000558754	-0.000654734	-0.00129863
0.00682125	-0.000673472	-0.0120582	-0.000256062	-0.0450171	-0.000545444	0.0610896	-0.00322191	-0.00111414	-0.00502451
0.015671	-0.000569455	-0.0126036	-0.000576555	-0.0764593	-0.00250308	0.0940083	-0.00765111	-0.0010105	-0.0083056
0.00666647	-0.000364125	-0.00925737	-0.000361994	-0.041067	-0.00263573	0.0542014	-0.00204058	-0.00119575	-0.00394532
-0.000530225	0.00988486	-0.000224038	-0.00265722	-0.0186325	-0.0013864	0.0171124	-0.000247832	-0.0018534	-0.00146559
0.00756396	0.0150885	0.0108586	-0.00343474	-0.0456302	-0.00162007	0.0249081	-0.000650158	-0.00176298	-0.00532102
0.0217019	-0.00363791	0.0332879	-0.00109177	-0.045041	-0.00171666	0.0116044	-0.00132753	-0.00209469	-0.0116847
0.00961733	-0.00207307	0.00655548	-0.000398683	-0.0185536	-0.00122007	0.0154136	-0.000603424	-0.00170606	-0.00703149
-0.00111871	-0.000153612	-0.00846243	-0.0001021	-0.00868567	-0.0015264	0.0225406	-0.000112559	-0.00103826	-0.00134084
-0.000555982	-7.14016e-05	-0.00672843	-6.97579e-05	-0.0134131	-0.00138814	0.0242523	-0.000147435	-0.000869589	-0.00100848
-0.000248517	-9.36064e-05	-0.00346906	-6.51708e-05	-0.010504	-0.000691596	0.0163887	-7.35261e-05	-0.000518792	-0.000724411
-0.000103512	-0.000226522	-0.00255373	-5.52925e-05	-0.0110775	-0.000150439	0.0150709	-8.34748e-06	-0.000599016	-0.000296526
-1.16912e-05	-1.96237e-05	-0.000277403	-4.66022e-06	-0.0139398	-1.08832e-05	0.0145065	-1.42385e-05	-8.7838e-05	-0.000140376
-2.25473e-06	-1.45315e-06	-0.00010422	-6.73358e-07	-0.00428074	-1.04904e-05	0.00452969	-1.95498e-05	-3.84926e-05	-7.18095e-05
0.0	0.0	0.0	0.0	0.0	0.0	0.0	0.0	0.0	0.0
0.0	0.0	0.0	0.0	0.0	0.0	0.0	0.0	0.0	0.0
0.0	0.0	0.0	0.0	0.0	0.0	0.0	0.0	0.0	0.0
0.0	0.0	0.0	0.0	0.0	0.0	0.0	0.0	0.0	0.0
0.0	0.0	0.0	0.0	0.0	0.0	0.0	0.0	0.0	0.0
0.0	0.0	0.0	0.0	0.0	0.0	0.0	0.0	0.0	0.0
-2.97295e-08	-5.13949e-10	-2.95655e-07	-1.36939e-09	-3.20573e-06	-5.82671e-07	4.95068e-06	-8.00815e-12	-5.33028e-07	-3.01926e-07
0.000725269	-4.43129e-10	-1.05435e-05	-5.52573e-07	-0.000635539	-5.13013e-05	0.000128535	-5.54008e-05	-5.05477e-06	-9.54123e-05
0.000289195	-1.38165e-06	-0.000434358	-8.75425e-07	-0.00041259	-8.21998e-06	0.000652997	-2.04877e-05	-2.23818e-05	-4.18979e-05
-0.000212357	-3.53486e-06	-1.73561e-05	-0.00011042	-0.000529145	-2.01693e-06	0.000899633	-2.54996e-06	-1.44905e-05	-7.76196e-06
-0.0076536	-2.26507e-05	-0.00074833	-0.000637397	-0.0163408	-3.86621e-05	0.0260547	-0.000320976	-0.00012706	-0.000165254
-0.00888759	-0.00107061	-0.00257749	-0.00144349	-0.0555083	-0.000674601	0.0725247	-0.00102794	-0.000640851	-0.00069383
-0.00779256	-0.0132049	0.00582564	-0.00479532	-0.0696184	-0.00211098	0.0974238	-0.00252874	-0.00186356	-0.00133506
-0.0130467	-0.0250117	0.0321251	-0.00923068	-0.0649254	-0.00736	0.100243	-0.00397076	-0.00625431	-0.00256888
-0.0133506	-0.0210155	0.0206645	-0.00653898	-0.127917	-0.0177528	0.194377	-0.00853527	-0.0116257	-0.0083054
-0.0237652	-0.0228711	0.0457463	0.00571683	-0.149647	-0.0343823	0.230652	-0.0171354	-0.0203815	-0.0139324
-0.0271441	0.00538773	0.0325032	0.012689	-0.200068	-0.0424381	0.283317	-0.0155317	-0.0274289	-0.0212858
-0.0351614	0.0595566	0.0252042	-0.00152626	-0.165536	-0.0505444	0.233373	-0.00850727	-0.0354295	-0.0214277
-0.0544096	0.0639369	0.0442119	-0.00262827	-0.119742	-0.0539777	0.18921	-0.012129	-0.0340883	-0.0203836
-0.0625562	0.123493	0.057874	-0.020897	-0.140277	-0.0378987	0.155312	-0.0148227	-0.0368545	-0.0233725
-0.0533961	0.07633	0.0552077	-0.0145324	-0.140719	-0.00900241	0.162089	-0.00817547	-0.0395304	-0.0282709
-0.0465617	0.0150825	0.00888227	-0.0111624	-0.0739188	0.0159783	0.148017	-0.00584212	-0.0297841	-0.0206903
-0.0341378	-0.00390623	-0.0130191	-0.0175835	-0.0548087	0.0208171	0.1303	-0.00368178	-0.0096275	-0.0143521
-0.0268315	0.00571265	-0.0478389	-0.0119596	-0.0329694	0.00590677	0.140266	-0.00206049	-0.0203109	-0.00991479
-0.0177715	-0.0073447	-0.0248511	-0.00581432	-0.0211283	-0.0186113	0.10951	-0.000964009	-0.00907557	-0.0039493
-0.00929647	-0.00622976	-0.0254289	-0.00544593	-0.0170687	-0.018838	0.0961645	-0.000600087	-0.00850075	-0.00475569
-0.00465057	-0.00273031	-0.0239277	-0.00387555	-0.0190325	-0.0109225	0.0736818	-0.000436078	-0.00574532	-0.00236127
-0.00220703	-0.00146123	-0.00606673	-0.00124273	-0.0123148	-0.0110163	0.0368043	-6.03277e-05	-0.00215713	-0.000277967
-0.000472868	-0.000472773	0.0158072	-0.0001388	-0.00155603	-0.00553435	-0.00650562	-2.5872e-05	-0.00106818	-3.26709e-05
-7.46557e-06	-2.12645e-05	0.0117033	-8.75919e-07	-0.000285198	-0.000643302	-0.0103794	-2.66818e-08	-0.000364404	-1.35192e-06
0.0	0.0	0.0	0.0	0.0	0.0	0.0	0.0	0.0	0.0
0.0	0.0	0.0	0.0	0.0	0.0	0.0	0.0	0.0	0.0
0.0	0.0	0.0	0.0	0.0	0.0	0.0	0.0	0.0	0.0
0.0	0.0	0.0	0.0	0.0	0.0	0.0	0.0	0.0	0.0
-6.67314e-08	0.000190445	-3.80296e-05	-7.92432e-06	-7.08043e-06	-2.3887e-06	-0.000103687	-7.84734e-09	-3.05148e-05	-7.45125e-07
0.00129755	4.52212e-05	-9.35194e-05	-1.63041e-05	-0.00221821	-2.46191e-05	0.00172179	-0.000165468	-0.000213395	-0.000333046
-0.00510367	-4.85507e-05	-0.00150557	-0.00139443	-0.00123178	0.00513156	0.00498123	-0.000526419	-0.000150066	-0.0001523
-0.02784	-0.00118917	0.000699576	0.0378847	-0.00327323	-0.0150999	0.0130135	-0.00141459	-0.00209677	-0.000684073
-0.0356892	-0.00172139	0.00298232	0.0311885	-0.0276587	-0.0112056	0.0495819	-0.00212388	-0.0043837	-0.000970142
-0.0397204	-0.0112535	0.0275549	0.0507875	-0.0603557	-0.0232337	0.0792175	-0.00772296	-0.0126016	-0.0026719
-0.0122447	-0.0358014	0.0720041	0.062218	-0.118699	-0.0301418	0.109361	-0.0212827	-0.0187165	-0.00669666
-0.0328629	-0.0547439	0.206936	0.0296014	-0.169282	-0.0520886	0.141716	-0.0274044	-0.0270649	-0.0148064
-0.0255758	-0.0945513	0.224449	0.0754981	-0.198139	-0.054282	0.193099	-0.0495561	-0.0411925	-0.0297488
-0.010375	-0.144372	0.269279	0.190796	-0.243776	-0.0925789	0.224632	-0.0720672	-0.0771973	-0.0443407
-0.0317508	-0.0792204	0.285534	0.251495	-0.343035	-0.0804581	0.204932	-0.0581285	-0.0925215	-0.0568479
0.0183033	-0.0343848	0.334535	0.205733	-0.402191	-0.0946485	0.210385	-0.0572942	-0.101878	-0.0785598
0.00317254	-0.0353104	0.233678	0.314909	-0.333061	-0.065178	0.190742	-0.0599393	-0.150116	-0.0988975
-0.0250943	0.033389	0.182035	0.278284	-0.3092	0.000348005	0.1699	-0.060262	-0.150686	-0.118713
-0.0257884	0.0439062	0.200591	0.221543	-0.253212	-0.0161825	0.113788	-0.0508628	-0.129572	-0.10421
-0.0734674	-0.0480519	0.10546	0.198637	-0.177661	0.0626726	0.120215	-0.0394347	-0.0761065	-0.0722629
-0.143564	-0.097427	-0.0698799	0.185101	-0.118095	0.153346	0.174993	-0.0323188	-0.0177712	-0.034384
-0.149058	-0.086435	-0.124207	0.15282	-0.0230598	0.155758	0.196138	-0.0198751	-0.071546	-0.0305349
-0.105151	-0.0971159	-0.144053	0.124102	0.0138489	0.164474	0.131958	-0.0153062	-0.0487106	-0.0240463
-0.0906029	-0.0783843	-0.113156	-0.0190206	0.0104536	0.121776	0.192277	-0.00758733	-0.00270925	-0.0130453
-0.0613333	-0.051201	-0.101371	-0.0541792	0.00468083	0.0551435	0.197079	-0.00267808	0.0181529	-0.00429297
-0.0314612	-0.0326899	-0.0751604	-0.0309823	0.00586376	-0.0247687	0.167463	-0.00107072	0.0247096	-0.00190253
-0.0142628	-0.0252279	-0.0136643	-0.00985347	-0.00679395	-0.0243207	0.0935559	-0.000432516	0.00147451	-0.000474792
-0.00395321	-0.00660756	0.00851015	-0.00028615	-0.000303758	0.0155523	-0.0129471	-4.55451e-06	7.14931e-05	-3.16216e-05
-0.00097407	-0.00860719	-0.000331334	-2.05169e-05	-0.000118012	0.00327654	0.00835675	-1.65828e-07	-0.00157935	-2.64796e-06
0.0	0.0	0.0	0.0	0.0	0.0	0.0	0.0	0.0	0.0
0.0	0.0	0.0	0.0	0.0	0.0	0.0	0.0	0.0	0.0
-1.96723e-08	-1.79077e-08	-8.89531e-06	1.37679e-05	-1.29584e-07	-4.04373e-06	-2.41565e-08	-1.29514e-08	-6.14513e-07	-9.97332e-09
-2.30267e-05	0.000649435	-0.000379887	0.000519343	-2.73691e-06	-0.000410522	-0.000406431	-5.06871e-08	5.5184e-05	-1.30747e-06
-0.000263838	-1.7506e-05	-0.00260143	0.00707911	-0.000500905	-0.00259513	-0.000739156	0.000248685	-0.000484799	-0.00012503
-0.00613994	0.00237226	-0.020166	0.0302943	0.00991152	-0.0200636	0.00847431	-0.00119795	-0.0030111	-0.000473884
-0.0438052	0.0196193	0.00390134	0.126056	0.0110852	-0.0851357	0.00253913	-0.0129866	-0.0167226	-0.00455107
-0.0475318	0.00903773	0.0630283	0.171241	-0.0224349	-0.12049	-0.00109671	-0.0152697	-0.0292047	-0.00727936
-0.0313069	-0.0255183	0.0724022	0.228745	-0.0441667	-0.132586	0.0249885	-0.0339949	-0.0421264	-0.0164358
-0.0143411	-0.0515727	0.13892	0.29395	-0.130712	-0.217055	0.0853052	-0.0564575	-0.0134105	-0.0346254
0.0208492	-0.0857157	0.280182	0.301679	-0.207117	-0.214336	0.051819	-0.0973548	0.0257201	-0.0757251
0.0201618	-0.101284	0.293727	0.358943	-0.297407	-0.13128	0.0645434	-0.144812	0.0398515	-0.102444
0.0289413	-0.164434	0.336134	0.407473	-0.313232	-0.0349764	-0.0162336	-0.171063	0.0755077	-0.148118
-0.0412589	-0.0478598	0.342819	0.362677	-0.306069	-0.0610515	-0.0462595	-0.18125	0.180328	-0.202074
-0.0194758	0.140949	0.239799	0.369627	-0.247133	-0.181848	-0.0335804	-0.198109	0.1481	-0.218328
-0.0592832	0.188506	0.231869	0.312322	-0.312702	-0.0614661	-0.0543901	-0.226774	0.263948	-0.282031
0.00332799	0.10664	0.134856	0.294496	-0.336413	0.151253	-0.0767429	-0.221568	0.263206	-0.319055
-0.0502808	0.0587155	0.137749	0.307162	-0.221892	0.126385	0.0127359	-0.213605	0.165361	-0.322329
0.0091691	-0.0166944	0.0813635	0.175723	-0.142295	0.147197	0.086852	-0.180495	0.0725159	-0.233336
-0.0683795	-0.0725968	-0.00727514	0.221578	-0.0909595	0.22663	0.0824543	-0.144336	0.0321849	-0.179299
-0.108939	0.0675841	-0.118133	0.103249	0.0613011	0.104093	0.12654	-0.101953	0.0273563	-0.161099
-0.0963171	0.0842802	-0.129238	-0.00866247	0.122721	-0.0573131	0.193007	-0.0760957	0.0746547	-0.107037
-0.0946422	0.0720597	-0.209927	-0.0972463	0.112253	0.134574	0.24574	-0.0416277	-0.0268235	-0.0943606
-0.0798874	0.0310085	-0.232599	-0.0906153	0.125709	0.108722	0.276579	-0.0327628	-0.0496863	-0.0564666
-0.0912445	-0.00343158	-0.184958	-0.138157	0.130563	0.178753	0.205822	-0.015201	-0.059307	-0.0228385
-0.087873	-0.0817837	-0.0872169	-0.0272991	0.0724354	0.163671	0.0454601	-0.00445885	0.0139098	-0.00684431
-0.0246778	-0.0437497	-0.00717378	-0.00322963	0.00187257	0.050394	0.00206357	-0.00108408	0.0275391	-0.00195419
-0.00220562	-0.00483954	-0.00204487	-8.23248e-05	-0.00585162	0.00622323	-0.000335547	-0.000262956	0.0100716	-0.000672381
-4.58213e-05	-0.00252188	-0.0016636	-1.95732e-05	-0.00120443	-0.0012183	0.00593984	-1.20748e-05	0.000795132	-4.92895e-05
0.0	0.0	0.0	0.0	0.0	0.0	0.0	0.0	0.0	0.0
0.0	0.0	0.0	0.0	0.0	0.0	0.0	0.0	0.0	0.0
-0.000124629	5.96289e-05	0.000131268	0.00148818	-4.20068e-05	-0.00138074	4.59393e-05	-6.8363e-06	-0.000168541	-2.25865e-06
-0.00201703	0.00257874	4.02012e-05	0.0365776	0.000594732	-0.0165306	-0.0118937	-0.000357278	-0.00727175	-0.00172084
-0.0176728	0.00585758	0.00138602	0.102921	0.00939659	-0.0770087	0.0085758	-0.00452548	-0.0220609	-0.00686928
-0.0636161	0.0462938	0.0124486	0.237881	0.0314796	-0.144049	-0.0727865	0.0363373	-0.0585506	-0.0254374
-0.0487676	0.00583089	0.0642557	0.289258	0.018622	-0.197902	-0.0495347	0.0407716	-0.0638413	-0.0586921
-0.0495458	-0.0891193	0.145526	0.267999	-0.00367054	-0.1368	-0.0437387	0.0300414	-0.0330044	-0.0876872
-0.0215704	-0.202538	0.219174	0.210053	-0.0391919	-0.12551	0.0450062	0.042047	-0.0113398	-0.11613
0.00370317	-0.240676	0.206638	0.20385	-0.0530295	0.007134	0.00287027	-0.00746354	0.0422992	-0.165325
0.089383	-0.173101	0.226524	0.193053	-0.162036	0.0775432	0.00741116	-0.114768	-0.0530168	-0.0909932
0.0487036	-0.166535	0.265839	0.168101	-0.151816	0.0803402	-0.259509	-0.179157	0.146704	0.0473298
0.000634265	-0.0708073	0.221294	0.103538	-0.153702	0.0217886	-0.195971	-0.189795	0.210223	0.0527973
0.135037	0.0592848	0.194748	0.0796282	-0.234171	-0.0558657	-0.232156	-0.256285	0.198117	0.111662
0.166335	0.129731	0.171236	0.0341256	-0.099724	-0.115777	-0.0960714	-0.337139	0.222006	-0.0747227
0.154094	0.156635	0.205623	0.120761	-0.0878623	-0.0904622	-0.147722	-0.359701	0.171924	-0.123291
0.131094	-0.0453378	0.282206	0.235984	-0.0418543	0.0536959	-0.129718	-0.331478	0.177861	-0.332453
0.245217	-0.108378	0.238173	0.00902163	-0.075808	0.13138	-0.0251039	-0.35064	0.257001	-0.320862
0.232973	-0.0042016	0.158442	-0.0221356	0.0480202	0.141396	0.0886631	-0.352106	-0.0127787	-0.278274
0.0539626	0.0484314	0.0164665	0.0406242	0.144707	0.0587119	0.148882	-0.347345	0.0916608	-0.256102
-0.0346928	0.118147	0.000166755	-0.0458996	0.0964971	0.168859	0.126215	-0.298155	0.111815	-0.242953
0.011044	0.231808	-0.0329983	-0.15587	0.099432	0.1185	0.14353	-0.19691	0.00687702	-0.225414
-0.0175865	0.198821	-0.13311	-0.154147	0.18571	0.21249	0.134749	-0.132706	-0.0793254	-0.214895
-0.134885	0.107088	-0.20351	-0.206149	0.280866	0.280295	0.18277	-0.0709347	-0.10231	-0.133231
-0.14822	0.0133711	-0.140759	-0.0683786	0.102474	0.262042	0.0785063	-0.0249503	-0.0152484	-0.0588368
-0.0608665	-0.0630366	-0.0321281	-0.0153201	-0.0059082	0.149852	-0.00939787	-0.00789571	0.0640116	-0.0193108
-0.0173046	-0.0105683	-0.00776417	-0.00141996	-0.0110323	0.0387947	0.0122411	-0.00300248	0.00270751	-0.00265131
-0.00478379	-0.00330121	-0.00245383	-7.10089e-05	-0.00016818	0.00340402	0.00883404	-7.81588e-05	-0.00135339	-2.84968e-05
0.0	0.0	0.0	0.0	0.0	0.0	0.0	0.0	0.0	0.0
-1.78843e-06	-8.95857e-07	-1.11228e-05	0.000165566	-4.57085e-07	-1.96133e-05	-1.2624e-07	-3.6825e-06	-1.38615e-05	-0.000114018
-0.000558355	-0.00503804	-0.00152929	0.0018011	-0.0018805	0.00170045	-0.000649729	0.0103696	-0.00214222	-0.00207302
-0.00215491	0.00190308	0.0104125	0.0691639	-0.013456	-0.0595326	-0.0170353	0.0438065	-0.0212569	-0.0118502
-0.0267203	0.00196527	0.0481127	0.144121	0.0161692	-0.126435	0.00203813	0.032512	-0.0449033	-0.0468592
-0.0348123	-0.0208964	0.0687404	0.230043	0.0880074	-0.145017	-0.0670197	0.079712	-0.0683434	-0.130413
-0.0403352	-0.0670329	0.154237	0.24837	0.0846714	-0.125512	-0.117943	0.135542	-0.0957185	-0.176278
-0.0446102	-0.150651	0.165886	0.131634	0.0757312	-0.0131346	-0.0326969	0.150237	-0.0484833	-0.233912
-0.0517639	-0.25053	0.132359	0.17023	-0.0133852	0.0232902	-0.0313776	0.193466	0.0295051	-0.201793
-0.118798	-0.319469	0.209033	0.235199	-0.00945683	0.0246733	-0.0978123	0.147993	0.034646	-0.106008
0.00860463	-0.204018	0.169522	0.235884	-0.113291	0.0413194	-0.201925	0.172427	-0.0492912	-0.0592322
-0.00289512	-0.0930353	0.0517928	0.132623	-0.205279	0.00968123	-0.213619	0.198205	0.0372299	0.0852965
-0.041501	-0.125709	0.0682419	0.0863668	-0.199345	0.00627776	-0.159755	0.0836983	0.183821	0.0979042
0.139538	-0.144557	0.0978439	0.247569	-0.281503	-0.0125595	-0.265921	-0.102054	0.0655579	0.256085
0.127113	-0.113254	0.0837564	0.166408	-0.320218	0.0780838	-0.22146	-0.123235	0.0593462	0.263459
0.0467748	-0.189791	0.104702	0.144376	-0.339431	-0.0546472	-0.122933	-0.0380611	0.277041	0.171971
0.104172	-0.217357	0.145086	0.221156	-0.333539	-0.0963419	-0.16766	-0.0336025	0.144649	0.233439
0.210981	-0.236396	0.0438647	0.115081	-0.22669	-0.021541	-0.143642	-0.00519186	0.105682	0.157853
0.280907	-0.0925141	0.015722	0.179124	-0.251728	0.0505362	-0.19441	-0.0886477	-0.0917285	0.192739
0.141952	-0.088809	-0.0715517	-0.0729491	-0.0325706	0.162059	-0.103512	-0.121077	0.165942	0.0205168
0.107705	0.0588164	-0.0967393	0.0277267	-0.07853	0.118758	-0.0431953	-0.119781	0.0594992	-0.0342599
0.215667	0.106324	-0.0558277	-0.0179518	0.0105472	0.0313015	-0.0445563	-0.0832771	-0.0224766	-0.13975
0.196061	0.102345	-0.130462	-0.14494	0.248183	0.194986	-0.027159	-0.133947	-0.0465461	-0.25852
-0.0348916	0.058932	-0.265621	-0.20391	0.358383	0.356297	-0.000109093	-0.131502	0.105049	-0.242628
-0.219962	-0.0110699	-0.155138	-0.0926079	0.129219	0.507674	-0.0050537	-0.0654738	0.0575832	-0.145171
-0.144102	-0.0605677	-0.0444165	-0.0326486	-0.00163122	0.297148	-0.0271624	-0.0290346	0.0942291	-0.0518132
-0.0617871	-0.00723433	-0.00664234	-0.00394282	0.0159323	0.110618	-0.0226174	-0.00977859	0.000248547	-0.0147961
-0.0141343	-0.000308802	-0.000431663	-0.000326262	-0.00073726	0.0207274	-0.00127154	-0.000585406	-0.00225983	-0.000672319
0.0	0.0	0.0	0.0	0.0	0.0	0.0	0.0	0.0	0.0
-0.000160925	-0.000344903	-0.000603461	0.00520694	-0.000357899	-0.000857604	-8.14123e-05	0.00253152	-0.00157342	-0.00375884
-0.000623368	-0.00699986	0.00887098	-0.00484901	-0.00297439	-0.0100743	-0.00269428	0.0316332	-0.00426852	-0.00802048
-0.00462422	-0.00516354	0.0212172	0.0659999	-0.00748624	-0.0786946	-0.0243184	0.0965236	-0.0212885	-0.042165
-0.0442384	-0.0063149	0.120854	0.251684	0.0389379	-0.255615	-0.00890701	0.0606564	-0.0309208	-0.126136
-0.0303011	-0.0681842	0.110955	0.332925	0.124083	-0.224819	-0.0685512	0.106223	-0.0344395	-0.247889
-0.0298254	-0.135903	0.231209	0.174035	0.0699779	-0.103946	-0.149064	0.21477	-0.0144553	-0.256798
-0.0691817	-0.177774	0.0693491	0.065328	0.06898	0.0665057	-0.0154052	0.235723	0.0488837	-0.292408
-0.130089	-0.3137	0.106378	0.0683331	-0.022685	0.154793	-0.0300442	0.191483	0.103431	-0.127898
0.00352659	-0.28176	0.0327609	0.0798227	-0.0642763	0.0648953	-0.110912	0.259208	0.0128266	0.00390995
0.0127536	-0.197047	-0.0398914	0.0387965	-0.163211	0.154296	-0.168158	0.315797	0.0616862	-0.0150217
0.0471096	-0.181646	0.0504666	0.0386045	-0.220989	0.117954	-0.115863	0.274624	-0.079624	0.0693633
0.0346138	-0.0940894	-0.0105447	0.124508	-0.403907	0.0457827	-0.160725	0.209283	-0.0264295	0.281509
0.096441	-0.173054	0.13721	0.092628	-0.328472	-0.0563557	-0.234561	0.0885345	-0.0218097	0.399441
0.0801967	-0.141962	0.0653329	0.211987	-0.388196	0.0984694	-0.17202	-0.0483182	-0.189507	0.484019
0.0478579	-0.302661	-0.0265823	0.189586	-0.384284	-0.130751	-0.137246	0.0524995	0.171142	0.520438
0.0952937	-0.218938	0.0121505	-0.000903453	-0.426369	0.0589273	-0.266142	0.173503	0.0778704	0.494608
0.22572	-0.180857	-0.170407	0.11538	-0.254737	0.088419	-0.237039	0.240781	-0.111383	0.284126
0.229861	-0.201113	-0.0956855	0.0265238	-0.248636	0.0640611	-0.281051	0.25358	0.0825344	0.169925
0.146411	-0.0581271	-0.0551034	0.0593966	-0.100479	0.107827	-0.287434	0.148075	-0.0565572	0.0959914
0.0277781	0.0332005	-0.102875	0.0222702	-0.131828	0.113141	-0.233591	0.178991	-0.00630059	0.0992137
0.0798094	-0.0150546	0.0133016	-0.0808271	-0.0565246	0.122595	-0.208319	0.0640178	0.068584	0.0124175
0.144274	-0.0197301	0.0344873	-0.139854	0.174352	0.173775	-0.235916	0.0228805	0.0403946	-0.194664
0.113071	-0.0733241	-0.285077	-0.218194	0.28681	0.38873	-0.173371	-0.0284993	0.262398	-0.272543
-0.123836	-0.169735	-0.222311	-0.166952	0.0982706	0.608316	-0.0266491	-0.0581259	0.266352	-0.205328
-0.166407	-0.0992941	-0.058927	-0.0440744	-0.0073408	0.514182	-0.0593148	-0.0481017	0.0523375	-0.0830591
-0.0653782	-0.00508831	-0.00893098	-0.00319821	0.019319	0.115938	-0.0212138	-0.010164	0.00369833	-0.0249822
-0.00478693	-0.00173819	-0.000428275	-0.000182729	-0.00091857	0.0123605	-0.00370029	-0.000427846	0.000479548	-0.000657214
0.00514851	-2.1652e-07	-0.000127417	-4.29303e-07	-0.000159134	-3.33549e-06	-6.0521e-06	-0.00322577	-1.11208e-05	-0.00161504
-0.000220087	-0.000330255	0.000647487	-0.00309437	-0.00606188	-0.000976415	-0.000254097	0.0280488	-0.00188428	-0.0158749
-0.000821972	-0.00426191	0.00654203	-0.00694667	-0.00120629	-0.0129871	-0.00298384	0.0635097	-0.00671636	-0.0341275
-0.00394555	-0.00208997	0.0188812	0.0756423	-0.00995008	-0.0868159	-0.0241075	0.160021	-0.0130038	-0.114631
-0.0704094	-0.0190155	0.140528	0.288222	0.0118421	-0.327111	-0.017499	0.176802	0.00480564	-0.188164
-0.063303	-0.0576062	0.0989358	0.241811	0.10186	-0.259138	-0.0993306	0.202548	0.0607991	-0.226575
-0.0728783	-0.138182	0.104664	0.130393	0.0195543	-0.12859	-0.156	0.217274	0.147437	-0.123672
-0.0897122	-0.169123	0.062729	0.068054	0.00418352	-0.0590461	-0.0880005	0.317986	0.163081	-0.210152
-0.0570139	-0.299624	0.0533998	0.0376845	-0.104921	0.119427	-0.0753841	0.204187	0.032028	0.0902165
0.0739276	-0.334869	0.0262425	0.00726942	-0.00144829	0.0475058	-0.100591	0.184803	0.160701	-0.0635409
0.013382	-0.263939	0.192814	0.0397837	-0.149577	0.082032	-0.152081	0.167259	0.112038	-0.0417123
0.00455141	-0.210453	0.112242	0.0236005	-0.129379	0.128941	-0.144095	0.291551	-0.00403	-0.0729276
0.101514	-0.0790612	-0.0256214	0.0774244	-0.245928	0.00587207	-0.179749	0.312393	0.187334	-0.154177
0.0527523	-0.0374846	-0.0232352	0.0887063	-0.226073	-0.071284	-0.23984	0.129364	0.193713	0.133382
0.17059	-0.0160955	0.0580359	0.201957	-0.395588	-0.117798	-0.312136	0.198539	-0.133757	0.346253
0.231905	0.0292217	0.0375254	0.17504	-0.368532	-0.212074	-0.337147	0.269611	-0.08201	0.256461
0.392035	-0.13066	-0.0219572	0.0544979	-0.406375	-0.0711407	-0.380498	0.296798	0.0990672	0.168235
0.264595	0.0416958	-0.0495738	0.123809	-0.228447	-0.0115188	-0.386142	0.250702	-0.032194	0.0270755
0.142168	-0.113464	-0.139795	0.228109	-0.0669323	-0.0204876	-0.515402	0.323394	0.0823508	0.0800591
0.105987	-0.083075	0.0879273	0.0990185	-0.0676024	0.0903196	-0.47777	0.151732	0.0942283	-0.00076494
0.126856	-0.135755	-0.00504023	0.109404	-0.0735184	0.20549	-0.359154	0.158312	0.0398272	-0.0664217
0.05091	-0.179688	-0.0314933	0.0924809	-0.0598575	0.14794	-0.290465	0.0253367	0.127758	0.117078
0.198645	-0.198808	-0.0393396	0.0970035	-0.0165705	0.111969	-0.336737	0.110928	0.16857	-0.0956611
0.280092	-0.278864	-0.109528	-0.312313	0.0875034	0.535587	-0.311045	0.0378473	0.308567	-0.237847
-0.0061606	-0.257036	-0.251619	-0.245616	0.0150168	0.857602	-0.186927	-0.0860505	0.347395	-0.186605
-0.1679	-0.111536	-0.086589	-0.058378	-0.00655271	0.62224	-0.107265	-0.0665261	0.0758092	-0.093302
-0.0540499	-0.00943973	-0.0110629	-0.00429343	-0.0308776	0.151471	-0.0534752	-0.0127309	0.0463118	-0.0218529
-0.0029046	-0.00129387	-0.000752815	-5.04871e-05	-0.000819344	0.00700336	-0.00390713	-0.00253289	0.00620589	-0.000948101
-2.77203e-06	-5.77637e-06	-5.38487e-06	-8.73663e-05	-0.000346493	-4.25882e-05	-2.69173e-06	0.00143885	-1.8487e-05	-0.000927295
-0.000430143	-5.98718e-05	-0.000513999	-0.00300934	-0.00698119	-0.000974478	-0.000135725	0.0353041	-0.00132325	-0.0218761
0.00120058	-0.00280138	-0.00261406	0.0165518	-0.0065153	-0.00665417	-0.00387951	0.073413	-0.015318	-0.0533828
-0.000843371	-0.00360081	0.0298424	0.0919872	-0.0639189	-0.0867413	-0.0308187	0.21556	-0.0221344	-0.129332
-0.0588804	-0.0377362	0.110045	0.294984	-0.0849149	-0.27116	-0.0167735	0.271375	0.0314059	-0.238345
-0.0534113	-0.111011	0.191493	0.147583	-0.0164457	-0.220392	-0.131673	0.200863	0.10262	-0.109626
-0.0803003	-0.145991	0.0606095	0.0851303	-0.0710415	-0.0810242	-0.149415	0.125658	0.168483	0.0878906
-0.0942474	-0.14145	-0.0101542	0.0875933	-0.0565215	0.021573	-0.0324895	0.098771	0.129808	-0.00288286
-0.0658719	-0.2183	-0.0650223	0.0570395	-0.04937	0.152836	-0.0372664	0.0557197	0.120276	0.0499597
0.0173654	-0.287337	0.0703377	-0.0205332	-0.0120972	0.0602475	-0.116796	0.0942594	0.20046	-0.00590629
0.0567304	-0.214317	0.174346	-0.174094	-0.141389	0.140834	-0.172512	0.0100086	0.178428	0.141965
-0.0494821	-0.107947	0.0882613	-0.313239	-0.0975211	0.29698	-0.134941	0.149092	0.1007	0.0680961
0.00421363	-0.0838169	0.0506309	-0.266179	-0.0815536	0.21498	-0.205849	0.293966	0.0483751	0.0252336
0.162495	0.044606	0.0686892	-0.101868	-0.14509	0.00941715	-0.324455	0.21824	0.0312914	0.036674
0.0670626	0.227295	0.133439	0.234126	-0.559083	-0.174938	-0.218952	0.377134	-0.262222	0.176137
-0.0145495	0.419932	0.16792	0.324078	-0.388217	-0.349174	-0.350986	0.386303	-0.419519	0.224216
0.1734	0.141931	0.185513	0.255071	-0.128034	-0.339333	-0.493402	0.381232	-0.167292	-0.00908539
0.282842	0.0221636	0.0373713	0.154192	-0.0692096	-0.184884	-0.58635	0.383148	-0.0229259	-0.0163468
0.23801	-0.10714	0.0594754	0.0987346	0.0295948	-0.0808596	-0.566776	0.248765	0.00266116	0.0775348
0.231426	-0.192717	0.00538246	0.153079	-0.0249883	-0.0477132	-0.503626	0.262431	0.078971	0.0377577
0.148001	-0.262812	-0.0358071	0.25932	-0.00809197	0.0267379	-0.359939	0.118139	0.109611	0.00484162
-0.0249899	-0.28577	-0.0684368	0.201182	-0.0257128	0.195327	-0.257751	0.215618	0.163468	-0.112934
0.0871781	-0.315164	0.0140497	0.158179	-0.040347	0.233688	-0.357163	0.150359	0.18819	-0.118971
0.357445	-0.306322	-0.120771	-0.172232	-0.0785094	0.586685	-0.279386	-0.0480031	0.285886	-0.224792
0.114043	-0.199779	-0.234401	-0.210327	-0.200341	1.07132	-0.238479	-0.0826372	0.171411	-0.190806
-0.169128	-0.0886246	-0.0681519	-0.0400345	-0.140634	0.794712	-0.186656	-0.0382089	0.0287527	-0.0920262
-0.0555285	-0.0112027	-0.00772082	-0.00588474	-0.0463404	0.177418	-0.0707206	8.65071e-05	0.0489452	-0.0290521
-0.00100407	-0.00166965	-0.000853068	-0.000314278	-0.00411964	0.0125794	-0.00449368	0.0184149	-0.0163041	-0.00223586
-4.36868e-06	-6.76594e-06	-1.07181e-05	-0.000140923	-0.000405438	-5.48408e-05	-3.18304e-06	0.00200912	-2.59008e-05	-0.00135698
-0.000480882	-2.7396e-05	-0.000159429	-0.00243353	-0.00654461	-0.000861748	-4.70554e-05	0.0338015	-0.000734699	-0.0225121
0.0114572	-0.00150682	-0.00165382	0.009451	-0.022293	-0.00708976	-0.0112352	0.104208	-0.012786	-0.0685516
-0.00878923	-0.0203087	0.0363287	0.138862	-0.079564	-0.0737148	-0.0328048	0.211503	-0.0468616	-0.12465
-0.0490901	-0.042153	-0.00969932	0.149026	-0.0901351	-0.136437	-0.0436501	0.293695	0.100281	-0.171837
-0.028732	-0.11192	0.123226	-0.00608162	-0.105191	-0.113385	-0.109458	0.189908	0.105973	0.0556609
-0.070245	-0.183594	0.139932	-0.0525327	-0.120366	0.00385123	-0.101551	0.0455023	0.164507	0.174496
-0.098722	-0.166446	-0.061916	-0.11501	-0.050016	0.149543	0.0251992	0.0441044	0.209033	0.0642287
-0.0609885	-0.171125	-0.071604	-0.267066	0.00281503	0.266411	0.0351833	-0.0908574	0.189314	0.167918
0.00454833	-0.22394	-0.130468	-0.425193	0.139299	0.32162	-0.0956847	0.0302488	0.259793	0.119776
-0.0961109	-0.10041	-0.0594675	-0.488387	0.0746291	0.23039	-0.0411555	0.0101863	0.28468	0.185645
0.000123691	-0.011913	-0.0392095	-0.532436	0.0539829	0.257997	-0.106315	-0.0616928	0.239099	0.200366
0.00310597	-0.0168549	-0.117184	-0.481689	0.18472	0.343554	-0.206132	-0.0772578	0.219845	0.147895
0.0861241	0.208869	-0.224084	0.0279807	-0.227487	0.195955	-0.113483	0.173893	0.041732	-0.169501
-0.0142733	0.504226	-0.0532191	0.23631	-0.716017	0.0412066	-0.235755	0.329233	-0.0607449	-0.030964
-0.162424	0.661254	-0.103725	0.225841	-0.165754	-0.139454	-0.439444	0.465797	-0.275768	-0.0663225
-0.0589805	0.239518	0.0353105	0.208339	-0.0417761	-0.219218	-0.450062	0.564099	-0.299611	0.0223815
0.200789	0.0374344	0.115465	0.17299	0.0452867	-0.347951	-0.453677	0.352569	-0.155352	0.0324474
0.223749	-0.17167	0.0850411	0.202469	-0.0299351	-0.33853	-0.454249	0.318671	0.10576	0.0586945
0.123846	-0.197979	-0.00779737	0.241942	0.0398304	-0.29993	-0.420972	0.329779	0.178124	0.0131546
0.163507	-0.316593	-0.0691609	0.319957	-0.116287	-0.160582	-0.279346	0.327358	0.108566	0.0225797
0.0710357	-0.291595	-0.0470285	0.156776	-0.0828764	-0.0367649	-0.210753	0.350881	0.13234	-0.0420142
0.178813	-0.274286	-0.0260366	0.0456523	-0.122126	0.0586388	-0.224065	0.185969	0.210913	-0.0334742
0.379901	-0.236871	-0.103716	-0.111819	-0.327113	0.508741	-0.121883	-0.133448	0.24418	-0.0979705
0.171408	-0.169442	-0.168407	-0.14187	-0.271919	1.03188	-0.190997	-0.104684	0.0436433	-0.199608
-0.172761	-0.0621071	-0.0404926	-0.0217875	-0.17163	0.874213	-0.227244	-0.03204	-0.060239	-0.0859114
-0.0709091	-0.0148572	0.0027294	-0.00395862	-0.0477778	0.227645	-0.0693885	-0.00117805	0.00776071	-0.0300655
-0.000550144	0.000353267	-0.000439282	-0.000114664	-0.00102501	0.00662354	-0.00889173	0.00407734	0.00416189	-0.00419521
-2.84976e-05	-3.14704e-06	-1.17092e-05	-8.80361e-05	-7.34963e-05	-6.53658e-05	-4.22935e-06	0.00096213	-3.13402e-05	-0.000656308
0.00234882	0.000265769	-0.000347494	-0.00180197	-0.0141313	-0.00458307	-0.000141865	0.0491078	-0.00101356	-0.0297032
-0.00421662	-0.000158414	-0.00378658	0.00792386	-0.0639894	-0.0104381	-0.00107126	0.188074	-0.00851334	-0.103824
-0.0146121	-0.0136057	-0.0230661	0.116357	-0.0701661	-0.0775869	-0.0347699	0.260938	-0.0182636	-0.125223
-0.113111	-0.0240698	-0.0947645	0.085882	-0.128173	-0.0614892	-0.0312234	0.327198	0.0532718	-0.0135201
-0.0844999	-0.0639847	-0.118922	-0.137796	-0.0948147	-0.0137724	-0.019847	0.124951	0.17722	0.231466
-0.0322735	-0.158619	-0.205828	-0.252595	-0.00276334	0.194177	-0.0225188	0.022974	0.216577	0.24087
-0.0331905	-0.174261	-0.335274	-0.404359	0.0419364	0.149971	0.127054	0.108842	0.370559	0.148721
-0.0444183	-0.180902	-0.366404	-0.432544	0.152022	0.180312	0.0538773	-0.0450235	0.293826	0.389257
-0.132103	-0.224399	-0.400137	-0.423701	0.292488	0.195159	0.0905454	0.127077	0.323318	0.151751
-0.0639609	-0.168079	-0.578916	-0.358631	0.364646	0.161459	0.0549804	0.171003	0.210463	0.207036
-0.0452557	-0.169641	-0.5446	-0.208724	0.22108	0.175319	-0.0279478	0.137256	0.165222	0.297291
-0.095183	-0.0775355	-0.648761	-0.0663988	0.377203	0.29898	0.0723635	-0.0424252	0.162023	0.0197338
-0.0396992	0.271127	-0.705678	0.199309	-0.467507	0.429449	0.107907	0.0620463	0.240063	-0.097017
-0.333397	0.693102	-0.487033	0.165492	-0.63123	0.078926	-0.216439	0.292856	0.443993	-0.00626932
-0.561453	0.675223	-0.405978	0.203641	0.117819	-0.155857	-0.466187	0.435318	0.0142264	0.143248
-0.494703	0.189073	-0.176258	0.0675473	0.338142	-0.162242	-0.297987	0.444229	-0.150972	0.243172
-0.115557	-0.0533879	-0.211865	0.235532	0.130751	-0.185147	-0.327636	0.357975	-0.156087	0.325423
-0.0632211	-0.0494369	-0.0620348	0.156283	-0.0619605	-0.190992	-0.26293	0.406882	-0.11323	0.24064
0.0826819	-0.177455	0.132872	0.166566	-0.0504414	-0.388905	-0.201316	0.201138	0.014352	0.220506
0.147583	-0.201204	-0.0734982	0.270053	-0.164184	-0.543733	-0.119162	0.265847	0.00612947	0.412169
0.182895	-0.176597	-0.0169349	-0.0732423	-0.124854	-0.462467	-0.00993854	0.288595	0.117792	0.274752
0.210798	-0.142613	-0.0573684	-0.100412	-0.196441	-0.433638	0.0395872	0.152178	0.301289	0.226621
0.320409	-0.114545	-0.116822	-0.145724	-0.298925	-0.0591408	0.177395	-0.119924	0.372156	-0.0148797
0.228911	-0.0877086	-0.0846309	-0.104404	-0.240248	0.301297	-0.0250919	-0.0988048	0.261088	-0.150407
-0.108131	-0.0436724	0.0233132	-0.00561768	-0.112273	0.469478	-0.18177	-0.0370817	0.0704396	-0.074685
-0.0435849	-0.0122735	0.00684939	-0.00210966	-0.0151302	0.128479	-0.0923169	-0.00870216	0.0610513	-0.0222621
-0.000351062	0.00217959	-0.000144942	-3.44944e-05	-0.000594683	0.00386522	-0.00503702	-4.41359e-05	0.00231898	-0.00215745
-1.23512e-06	-3.15306e-08	-3.56039e-06	-1.88476e-05	-1.55251e-06	-7.36881e-06	-1.7081e-08	0.00100205	-1.34622e-05	-0.000955971
-5.91325e-05	-9.47738e-05	-1.95409e-05	-0.00207604	-0.0214581	-0.00564127	-0.000189535	0.0492402	-0.000678206	-0.0190236
-0.00475984	-0.000962788	-0.00139512	-0.00585336	-0.0693945	-0.0091247	-0.00110607	0.191571	-0.0051069	-0.0938678
-0.0259627	-0.000789703	-0.061098	0.0146371	-0.103194	-0.0306036	-0.0288623	0.30712	0.0149144	-0.0861618
-0.101369	0.000765465	-0.150396	-0.0380568	-0.178012	0.0020441	-0.047157	0.320494	0.0101719	0.181515
-0.0288332	-0.0395902	-0.392633	-0.201632	-0.0669832	0.047157	-0.00292754	0.174215	0.170591	0.340636
0.10121	-0.0766791	-0.65852	-0.313135	0.1161	0.225434	0.119546	0.0312938	0.151667	0.303083
0.027475	-0.103717	-0.749307	-0.349528	0.252129	0.132279	0.184182	0.228248	0.21987	0.158368
-0.0423666	-0.140869	-0.502113	-0.337749	0.355861	0.0649497	0.116892	0.228824	0.0882875	0.168283
-0.051602	-0.162836	-0.502713	-0.150077	0.257467	0.0022633	0.174146	0.0238458	0.138157	0.27135
0.00589495	-0.30724	-0.557172	0.0456433	0.436176	0.238621	0.0497381	-0.0572355	-0.0957448	0.241319
0.0267978	-0.406627	-0.500075	-0.0533594	0.55279	0.24402	0.185979	-0.121517	-0.0609858	0.132976
0.0927208	-0.0483135	-0.535207	0.0287312	0.649448	0.282397	0.195052	-0.530198	0.107477	-0.242107
-0.080586	0.250251	-0.455897	0.148164	-0.0982717	0.291219	0.131859	-0.633953	0.44685	0.000364983
-0.535166	0.832406	-0.422597	0.394316	-0.381667	-0.0631438	-0.205735	-0.136388	0.290595	0.227378
-0.720095	0.509578	-0.438532	0.181583	0.197518	-0.113679	-0.250292	0.29639	0.0797743	0.257757
-0.607415	0.110695	-0.271458	0.0713058	0.349325	-0.290528	-0.0748	0.424298	-0.00236583	0.290946
-0.174344	0.0817529	-0.274345	0.0121422	0.0948482	-0.31699	-0.11335	0.34558	0.00862211	0.336085
-0.033612	-0.0332246	-0.142794	0.076325	0.012885	-0.265947	-0.155757	0.274053	-0.0755453	0.343619
0.0519896	-0.16018	0.116849	-0.0102348	0.0770548	-0.311439	-0.189082	-0.0262208	0.0799979	0.371265
0.028575	-0.13232	-0.0482181	-0.0782872	0.0670744	-0.461452	-0.0661241	0.091086	0.207603	0.392064
0.105052	-0.0831568	-0.0159444	-0.368561	0.138157	-0.698131	0.104542	0.0890798	0.356358	0.372604
0.263786	-0.0684217	-0.0979484	-0.286173	0.015566	-0.80494	0.284151	0.031825	0.365916	0.296238
0.380236	-0.0427575	-0.24307	-0.161179	-0.143333	-0.684618	0.454088	-0.0929157	0.424917	0.108635
0.335217	-0.0349314	0.017245	-0.0676061	-0.0859683	-0.467829	0.199262	-0.0801025	0.327131	-0.142417
-0.0204311	-0.0187096	0.123413	0.00233344	-0.0278332	0.0229394	-0.106641	0.00420445	0.0905001	-0.0697747
-0.0214605	-0.0105456	0.0652998	-0.000375719	-0.00736394	0.057162	-0.0908476	0.00976416	0.0196423	-0.0212748
-0.000128404	0.00195994	0.00684313	-3.95462e-05	-0.00352214	-0.00145921	-0.00393792	0.00497284	-0.00388969	-0.000798994
-6.38882e-09	2.56002e-05	-3.01933e-06	-7.42163e-06	-1.37649e-07	-1.17509e-06	-1.07366e-06	-3.80993e-06	-2.96531e-06	-5.99116e-06
0.000351346	-1.63375e-05	-1.54631e-05	-0.00121917	-0.0132511	-0.00118268	-0.000196248	0.0245683	-0.000176688	-0.00886201
-0.00217134	-0.000339325	-0.000533864	-0.00402824	-0.0415254	-0.00287656	-0.000509997	0.116815	-0.00147033	-0.0633604
-0.0155107	0.00418175	-0.0733266	1.20414e-05	-0.0827635	5.37002e-05	-0.0245975	0.227754	0.0101693	-0.0459724
-0.0459242	0.00651598	-0.257386	-0.104426	-0.076857	0.0432949	-0.065067	0.184992	-0.031202	0.34606
0.00981256	-0.0318003	-0.533461	-0.208677	0.132433	0.116288	0.0531086	0.0641106	0.016072	0.382113
0.181326	-0.0647496	-0.734299	-0.292205	0.322864	0.0701897	0.252284	0.0657054	-0.00613458	0.205018
0.209717	-0.0954431	-0.642547	-0.314558	0.310134	0.150956	0.097797	0.100363	-0.0186552	0.202236
0.073766	-0.0605973	-0.365176	-0.188433	0.323764	0.0138607	0.097665	0.0120972	-0.068267	0.161321
0.0558952	-0.170222	-0.26001	-0.0539213	0.285953	0.0454097	0.13357	-0.0899798	0.0114083	0.0418972
0.103396	-0.495916	-0.133731	-0.10615	0.414384	0.21972	0.18376	-0.0920012	-0.149788	0.0563274
0.0805876	-0.563111	-0.00753038	-0.144836	0.600219	0.279978	0.116126	-0.420392	0.0940046	-0.0350478
0.068974	-0.117785	-0.0911006	0.0991664	0.39038	0.335744	0.158993	-0.880846	0.252779	-0.216305
-0.339806	0.312679	0.0461166	0.323763	-0.126948	0.181173	0.0173055	-0.881362	0.407908	0.0591716
-0.609657	0.67262	-0.0208134	0.254436	-0.0882129	-0.0649538	-0.142276	-0.253892	0.041969	0.21078
-0.735086	0.406837	-0.254155	-0.0720677	0.26882	-0.243754	0.0569647	0.0795065	0.249872	0.243062
-0.570465	0.129049	-0.268441	0.0750384	0.235047	-0.397388	0.0552296	0.197779	0.107824	0.436327
-0.218807	0.126117	-0.143194	0.0849151	0.206528	-0.228571	-0.139993	0.113331	-0.132559	0.332233
-0.0618957	-0.19632	-0.144141	0.123742	0.178467	-0.132951	-0.158163	0.118434	0.0114637	0.261363
-0.0752134	-0.232136	-0.120868	-0.075447	0.171267	-0.067228	-0.00654249	-0.00343441	0.0626504	0.346953
-0.184353	-0.161801	-0.105762	-0.369536	0.27421	-0.0702707	-0.0490848	0.163747	0.191005	0.311846
0.0271134	-0.106312	-0.0246025	-0.365927	0.232908	-0.314607	0.177289	0.0663073	0.00640599	0.301426
0.240675	-0.0884116	-0.10918	-0.349071	0.137658	-0.412916	0.382322	0.00739852	0.0807269	0.110798
0.368939	-0.0748622	-0.132801	-0.163098	-0.0394783	-0.526393	0.563925	0.00743197	0.140442	-0.144105
0.295739	-0.0579146	0.172078	-0.0553558	-0.105412	-0.410665	0.261162	0.0150091	0.0928973	-0.207537
0.0281464	-0.0320201	0.268007	-0.00488172	0.000579388	-0.0806707	-0.1254	0.0231627	0.0201481	-0.0970709
-0.00674375	-0.0147304	0.165738	-0.000791125	-0.0060389	-0.00503723	-0.0987087	0.00190414	-0.00809353	-0.0274985
-0.00106573	-0.000352999	0.0444524	-0.00163612	-0.0108879	-0.012455	-0.0132705	-0.00254482	-0.0012044	-0.00103489
-3.30804e-05	-6.7847e-07	-9.25883e-06	-0.000857662	-3.75057e-05	0.0034351	-6.48682e-05	-2.9605e-05	-0.000122926	-0.00227952
-4.66324e-05	-5.58294e-06	-0.00556945	0.00578237	-0.00601311	-0.000594616	-1.22158e-05	0.011022	-0.000457027	-0.00410572
-0.000597727	0.000465589	-0.00394098	0.00240843	-0.016463	-0.001178	-5.18837e-05	0.057687	-0.000786712	-0.0375427
-0.0365861	0.00760202	-0.0596047	0.00850221	-0.0134141	0.00564063	-0.013399	0.110615	-0.00818483	-0.00117068
-0.0386604	0.00797507	-0.184396	-0.0471834	0.169305	0.023174	-0.129461	0.0546989	-0.0753996	0.219949
0.152289	-0.0411869	-0.404052	-0.194059	0.337829	-0.0142258	0.0341412	0.052355	-0.0772892	0.154197
0.178498	-0.0759523	-0.284035	-0.314276	0.311088	-0.0082882	0.189203	-0.0322317	-0.16919	0.205185
0.298122	-0.105161	-0.105286	-0.316624	0.328987	-0.00256304	0.0919622	-0.0309598	-0.327949	0.169472
0.175016	-0.0718881	-0.0790266	-0.18415	0.281777	0.0644034	0.151389	-0.147357	-0.269797	0.0796336
0.187123	-0.226367	-0.017252	-0.0697914	0.241923	0.148465	0.20576	-0.242195	-0.239069	0.0114044
0.112259	-0.530229	0.05078	-0.143056	0.294859	0.265187	0.2592	-0.234149	-0.0457034	-0.0291475
0.160616	-0.52831	0.0925009	-0.177561	0.344011	0.0499743	0.370211	-0.5191	0.260969	-0.053313
0.0611966	-0.0133067	0.0197312	0.141217	0.204458	0.0510923	0.193838	-0.803997	0.28564	-0.139868
-0.337312	0.351601	0.249065	0.0884911	-0.16949	0.00961907	-0.0426633	-0.593189	0.436939	0.00693889
-0.638423	0.583657	0.0927112	0.113126	-0.0463058	-0.112126	-0.0665441	-0.178677	0.24298	0.00960346
-0.660635	0.381388	-0.130198	0.0499386	0.156623	-0.177639	0.074318	-0.0448537	0.160716	0.190342
-0.599896	0.158914	-0.0893184	0.0333937	0.357332	-0.293925	0.1269	0.0291843	-0.0926527	0.370066
-0.176723	-0.220162	-0.210653	0.0943376	0.464684	-0.292604	-0.19454	0.248564	0.0188917	0.268207
-0.0595212	-0.419324	-0.0340108	0.0389724	0.261816	-0.160541	-0.16411	0.414772	-0.0393366	0.161283
-0.110027	-0.336237	-0.1068	-0.0772161	0.341317	-0.18991	-0.0502552	0.50587	-0.031976	0.055234
-0.0262757	-0.21389	-0.032785	-0.192242	0.217238	-0.0452914	-0.0167918	0.300968	-0.158972	0.168043
0.119705	-0.137526	-0.108737	-0.0833965	0.0817187	-0.0976169	0.145282	0.166588	-0.190035	0.104016
0.168474	-0.0944462	-0.115017	-0.196472	0.0675583	-0.0601196	0.342905	0.236716	-0.246217	-0.103382
0.334774	-0.0653922	0.00762512	-0.116732	-0.0403612	-0.175243	0.399111	0.168233	-0.206783	-0.305232
0.303323	-0.0331555	0.207533	-0.0286281	-0.116013	-0.191773	0.17568	0.0267604	-0.112049	-0.231677
0.016111	-0.0215237	0.316725	-0.0169256	-0.0413156	-0.107225	-0.0811257	-0.00688632	0.00517619	-0.0630093
-0.00384513	-0.00373444	0.175374	-0.0073084	-0.0315869	-0.01547	-0.0951479	-0.0023146	-0.006633	-0.00933343
-0.000108517	-1.62083e-05	0.00475822	-0.00119697	-0.00118011	-0.000578212	-0.00138697	-3.12118e-05	-0.000237554	-2.24782e-05
-1.29644e-05	-3.11926e-07	-3.07723e-06	-0.00028267	-2.05146e-05	0.00109308	-2.17802e-05	5.05381e-05	-4.37081e-05	-0.000758592
-5.1751e-05	-7.26138e-06	-0.0123708	0.0139625	-2.62801e-05	-0.000500239	-6.60224e-06	-5.73426e-05	-0.000912166	-2.99707e-05
-0.0010786	0.00296671	-0.00631817	0.0155611	0.00543032	-0.00301411	-0.000196529	0.0140721	-0.00142128	-0.0260015
-0.0474397	0.00203673	0.0243454	0.0202744	0.0304804	-0.013392	-0.041706	0.0456968	-0.0124807	-0.00781506
0.0283081	-0.00756513	0.0409103	0.0427103	0.142976	-0.0410964	-0.202776	0.000156257	-0.080536	0.0769121
0.24341	-0.0707569	0.0814735	-0.0377468	0.200641	-0.175806	-0.0163085	-0.0820109	-0.188999	0.0461038
0.1069	-0.130402	0.165775	-0.128299	0.213889	-0.110503	0.161178	-0.0543971	-0.263962	0.0398201
0.249085	-0.131756	0.0355276	-0.257587	0.313648	-0.128943	0.229292	-0.103225	-0.267421	0.0613807
0.231459	-0.123646	-0.0208255	-0.288932	0.329507	0.042263	0.195278	-0.256966	-0.188606	0.0804669
0.269697	-0.27396	0.0265092	-0.250369	0.316032	0.165995	0.182455	-0.314515	-0.0713573	-0.0504867
0.287204	-0.414156	0.0149929	-0.17522	0.211717	0.119945	0.339547	-0.322021	-0.0713334	0.00932451
0.089154	-0.217777	-0.0664703	-0.0794434	0.25995	0.0740157	0.433354	-0.512939	0.00243567	0.017721
-0.141534	0.0948974	0.00679788	0.0661689	0.117523	0.104923	0.207388	-0.612176	0.240841	-0.084828
-0.542768	0.41686	0.219651	0.127507	-0.133157	-0.0866822	0.0891474	-0.338627	0.411905	-0.163836
-0.71932	0.620388	0.133895	0.163492	0.0485146	-0.338821	0.181508	-0.238367	0.326993	-0.178283
-0.635515	0.168032	0.0213287	0.112099	0.253841	-0.276186	0.1287	0.020998	0.0661695	0.140535
-0.430305	0.0588289	-0.00626162	-0.0366214	0.461774	-0.225787	-0.00407936	-0.0264542	-0.0616268	0.270533
-0.185979	-0.455457	-0.0870256	-0.0150423	0.40535	-0.248197	-0.102624	0.45161	-0.0949755	0.332341
-0.0292323	-0.453069	-0.14425	-0.0707992	0.181592	0.0702767	-0.111052	0.511739	-0.0723576	0.117153
-0.0383139	-0.364099	-0.0454032	0.0947147	0.210601	-0.0633296	-1.64192e-06	0.384256	-0.203423	0.0249992
0.118736	-0.253247	-0.205983	0.234282	-0.00608139	-0.14633	0.11582	0.418479	-0.31592	0.0402459
0.0976327	-0.152134	-0.146204	0.167542	-0.0307255	-0.0337789	0.157227	0.362648	-0.312059	-0.110149
0.186054	-0.114238	-0.193586	0.127279	0.038683	-0.0245998	0.117293	0.345147	-0.236315	-0.245716
0.307228	-0.074766	-0.0135791	0.0818501	-0.0971895	0.0182404	0.191973	0.126358	-0.242592	-0.297523
0.220589	-0.0430614	0.367683	0.0361272	-0.236481	-0.0356607	0.106705	-0.00744101	-0.191307	-0.217153
-0.00649327	-0.0191255	0.420308	-0.0301608	-0.100708	-0.0770183	-0.0517076	-0.0470991	-0.0174979	-0.0704962
-0.00675051	-0.00656015	0.188335	-0.00995053	0.00881494	-0.0261488	-0.0973035	-0.00562253	-0.0163097	-0.0285044
-0.00103923	-0.000725349	0.0251746	-0.000388221	-0.00248027	-0.00949298	-0.00671021	-0.00036282	-0.00188955	-0.00208596
-1.21871e-05	-5.12983e-07	-2.60466e-07	-1.05284e-05	-4.7051e-05	-0.000181071	-3.08649e-06	0.000344182	-1.97601e-05	-6.9724e-05
-4.40946e-05	8.45316e-08	-0.00625158	0.0088223	-1.646e-05	-0.000311652	-2.56551e-05	-0.000842074	-0.000493557	-0.00083731
-0.00297889	0.0023045	-0.002491	0.0431731	-0.00645811	-0.0094058	-0.00122189	-0.00154563	-0.00331142	-0.0180649
-0.0444416	-0.00323698	0.136166	0.0910914	-0.0451848	-0.00221501	-0.0708009	-0.0206405	-0.012267	-0.0284704
0.0617757	-0.0177247	0.233178	0.182742	-0.0634345	-0.0570214	-0.233536	-0.0220607	-0.114494	0.0305755
0.31027	-0.10437	0.224968	0.0794527	0.0175851	-0.127924	-0.0235751	-0.118856	-0.233779	-0.0237725
0.213196	-0.220408	0.299429	-0.101978	0.113224	-0.122646	0.190555	-0.0546409	-0.209063	-0.107668
0.162157	-0.240515	0.0745945	-0.223008	0.316274	-0.324864	0.32083	0.00708355	-0.0585978	-0.0339543
0.258097	-0.230735	-0.0609119	-0.355047	0.377529	-0.257181	0.247237	-0.160788	0.0676211	0.114176
0.270551	-0.174731	0.100706	-0.201619	0.23953	-0.261993	0.291412	-0.220882	0.0787609	-0.121735
0.272746	-0.132784	0.137418	-0.23049	-0.0385114	-0.129035	0.428268	-0.414579	0.0626001	0.0443694
0.0770586	-0.128026	0.197329	-0.0920184	-0.0830159	-0.122166	0.560764	-0.547786	0.0651224	0.0727368
-0.278278	-0.11493	0.302366	0.0162131	0.0185805	-0.0484159	0.0757236	-0.292409	0.395804	-0.0746531
-0.643504	0.416329	0.34665	0.188301	0.0188707	-0.152602	0.0650214	-0.18598	0.195282	-0.248366
-0.635736	0.615657	0.151217	-0.018293	0.293057	-0.3096	0.204161	-0.248199	0.0682703	-0.120533
-0.447073	0.0169957	-0.0137541	-0.170107	0.473738	-0.167041	0.129053	0.0847823	0.0620971	0.0313097
-0.260116	-0.170556	0.167752	-0.238066	0.410866	-0.188175	-0.0543799	0.0761896	0.0541388	0.202347
-0.0295402	-0.607879	0.156077	-0.0221278	0.264536	-0.119785	-0.137744	0.277309	-0.0217834	0.240939
0.0182562	-0.47035	0.0232199	0.201678	0.188526	-0.0777406	0.0795388	0.180571	-0.227255	0.0835565
0.0289316	-0.32565	-0.00195328	0.22747	0.116158	-0.00955462	0.164031	0.252898	-0.342181	-0.110149
0.137408	-0.219872	-0.0711377	0.175304	0.179717	0.00540437	0.0522588	0.22941	-0.368531	-0.11996
0.127807	-0.142385	0.169	0.191104	0.0852105	-0.0416869	0.028929	0.22784	-0.360624	-0.285196
0.166505	-0.118439	0.145827	0.269254	-0.0968532	0.0896494	-0.00747533	0.0620555	-0.281102	-0.22942
0.183786	-0.091442	0.205333	0.236856	-0.179193	0.101017	0.0405506	-0.0418412	-0.122635	-0.332431
0.0494133	-0.0474928	0.438652	0.116521	-0.176236	0.0037749	0.0384794	-0.048393	-0.155784	-0.218935
-0.0474208	-0.0376671	0.58401	-0.0501521	-0.0881971	-0.0725867	-0.0901098	-0.0518028	-0.0767228	-0.0693515
-0.0194079	-0.016213	0.260823	-0.0109314	-0.0425311	-0.0376046	-0.0832372	-0.00428188	-0.0285125	-0.0181034
-0.00110382	-0.000280759	0.0371755	-0.000599779	-0.00171202	-0.0171137	-0.0143324	-0.000381646	-0.00138354	-0.000267802
0.0	0.0	0.0	0.0	0.0	0.0	0.0	0.0	0.0	0.0
-5.2704e-05	0.000282021	-0.00235717	0.00313003	-1.22029e-05	-0.000278181	-2.12357e-05	-7.22785e-05	-0.000484029	-0.00013425
-0.00591581	-0.000223861	0.0155052	0.0493284	-0.00744114	-0.014827	-0.00249531	-0.00190117	-0.0036256	-0.0284037
-0.0510901	-0.00687007	0.163971	0.200059	-0.120344	0.0085168	-0.0778672	-0.0210056	-0.0271499	-0.0682198
0.0519017	-0.0320725	0.342493	0.255866	-0.0837648	0.0164417	-0.272966	-0.0222172	-0.136904	-0.118777
0.260005	-0.182379	0.330213	0.0916419	-0.0837719	0.147981	-0.101185	-0.0826198	-0.223585	-0.156299
0.245933	-0.319547	0.216936	-0.0508754	-0.00694656	0.272737	0.0808201	-0.173778	-0.135857	-0.129421
0.185637	-0.319251	0.126469	-0.11301	0.173248	-0.176658	0.241171	-0.223974	0.0691349	0.0372333
0.154464	-0.243609	0.102343	-0.261049	0.251729	-0.279185	0.270047	-0.219986	0.155191	0.0700543
0.249955	-0.131349	0.176332	-0.464033	0.135523	-0.271721	0.267037	-0.24049	0.291829	-0.0130814
0.344127	0.0209509	0.290653	-0.527604	-0.0108866	-0.338252	0.499629	-0.437121	0.0795617	0.0789432
0.0545261	-0.133147	0.320707	-0.43247	-0.0685497	-0.310765	0.488725	-0.272512	0.306743	0.0467418
-0.237731	0.0615572	0.365021	-0.292499	0.0619782	-0.403905	0.152063	-0.0835021	0.356139	0.0208785
-0.579561	0.416501	0.289324	-0.217408	0.263019	-0.393542	0.0905983	0.0183625	0.195612	-0.0829074
-0.555105	0.459749	0.0958231	-0.303893	0.516758	-0.284172	0.12299	0.0399372	0.00726628	-0.0993533
-0.297812	-0.00677339	0.124068	-0.277055	0.385937	-0.10382	0.0208089	0.0320419	-0.0712033	0.193808
-0.0714004	-0.344463	0.0784057	0.0230877	0.303313	-0.0142127	-0.0835905	-0.0619539	0.126162	0.0446528
0.0778709	-0.516317	-0.0658017	0.188249	0.174546	0.109043	0.0539885	0.00629224	-0.0864549	0.0585842
-0.00020739	-0.353826	0.0617569	0.103218	0.178092	0.152132	0.178152	0.0530765	-0.276014	-0.0963791
0.0409266	-0.229044	0.0596431	0.230659	-0.0505028	0.0551868	0.167377	-0.00596602	-0.122042	-0.146239
0.0858451	-0.156983	0.0415951	0.0397691	0.0387885	0.0700159	0.0442006	0.0653931	-0.0827231	-0.145901
0.0236959	-0.102542	0.125919	0.173499	0.0488989	0.0328331	0.052402	0.0135968	-0.124397	-0.243905
0.149093	-0.0619603	0.1408	0.342719	-0.144226	-0.0120166	0.0560824	-0.0163389	-0.157859	-0.296294
0.0696469	-0.061448	0.168982	0.275502	-0.150048	0.099779	0.0183792	-0.0641714	-0.0184067	-0.338214
-0.00907371	-0.0413349	0.482078	-0.0353753	-0.156849	0.0664797	-0.0190212	-0.000203755	-0.0634881	-0.223212
-0.0279905	-0.0543421	0.606087	-0.0886834	-0.114543	-0.0831761	-0.0761666	0.00817035	-0.122298	-0.047058
-0.010013	-0.00849588	0.144396	-0.00936429	-0.0239854	-0.0169366	-0.0543192	0.0118268	-0.0237466	-0.009362
0.0091685	-0.000352222	0.0108454	-0.000407059	-0.0097795	-0.00221646	-0.00527744	-0.000936028	-0.00033647	-0.000708742
-1.28567e-05	-6.05364e-06	-7.34373e-06	-0.000228438	-0.00204428	-0.000128613	-3.33209e-06	0.00194906	-8.90901e-05	0.000570955
-1.1582e-05	4.76383e-05	-0.000106702	0.000300746	-2.2918e-06	-0.000123168	-4.67515e-06	-3.32464e-06	-7.28145e-05	-2.3826e-05
-0.00579515	-0.000623593	-0.00762945	0.0530662	-0.00920365	-0.0106444	-0.00204527	0.00431437	-0.0038125	-0.0176266
-0.0828624	-0.00840542	0.111793	0.317588	-0.0979124	0.000362373	-0.0705214	-0.000410109	-0.0677235	-0.101907
0.00856408	-0.0590059	0.395299	0.277465	-0.0818105	0.137557	-0.252106	-0.0692532	-0.199343	-0.157365
0.129585	-0.224095	0.440714	0.24206	-0.10619	0.210298	-0.233935	-0.141339	-0.101814	-0.215286
0.151343	-0.404247	0.220169	0.0996705	-0.115415	0.436002	-0.0126381	-0.298354	0.0449456	-0.121475
0.109189	-0.33639	0.347563	-0.124297	-0.00992364	0.172015	0.176328	-0.306586	0.0739534	-0.101853
0.205204	-0.128084	0.134216	-0.153121	0.0551879	-0.00429966	0.184235	-0.307545	0.125192	-0.110986
0.258607	-0.0087746	0.095524	-0.34245	0.0241472	-0.136576	0.230496	-0.323066	0.235246	-0.0331542
0.32364	-0.112823	0.213584	-0.431893	-0.187475	-0.151838	0.298135	-0.344364	0.240344	0.15269
0.0698674	-0.0960351	0.16757	-0.407817	-0.0851392	-0.151904	0.341746	-0.183229	0.263843	0.0810969
-0.282186	0.0530226	0.304984	-0.466939	0.129505	-0.142813	0.486706	-0.0868842	0.217736	-0.213132
-0.500139	0.184437	0.305584	-0.34187	0.239596	-0.096682	0.252644	0.0709125	0.052303	-0.166786
-0.424261	0.217515	0.13854	-0.240448	0.30592	-0.017566	0.0523554	0.0170031	-0.117504	0.0684457
-0.163515	-0.129938	-0.0127242	0.0949481	0.201963	-0.0456386	0.0691795	-0.0747515	-0.0445256	0.105003
-0.0260778	-0.320314	0.10314	0.321791	0.19764	0.00136686	0.177085	-0.173122	-0.144044	-0.137462
0.00180267	-0.201894	0.163575	0.212536	-0.127986	0.0987677	0.219879	-0.109474	-0.15083	-0.106376
-0.017399	-0.11159	0.106167	0.197406	-0.0817565	-0.0278208	0.228169	-0.105373	-0.053636	-0.134166
-0.0326335	-0.0788072	0.0886522	0.189797	-0.146432	0.0784088	0.0561061	-0.046975	-0.0529871	-0.0551291
-0.0773355	-0.0299335	0.0412265	0.0860028	-0.0594636	0.124133	0.00411482	-0.0584767	0.0133915	-0.0436596
0.0140611	-0.0358905	0.146663	0.3049	-0.0619434	0.0411652	0.0634845	-0.147072	-0.103038	-0.22233
0.135412	-0.0694378	0.132796	0.384798	-0.253055	0.056137	0.0400021	-0.158169	0.00353113	-0.272014
0.0490012	-0.0681822	0.379535	0.150402	-0.172531	0.134231	0.00451485	-0.193626	0.0127664	-0.296111
-0.0307711	-0.0192449	0.587625	-0.134235	-0.138417	0.136382	-0.0460079	-0.112629	-0.067267	-0.175436
-0.020924	0.00133343	0.423849	-0.0599797	-0.106322	-0.0488549	-0.026824	-0.0128321	-0.106519	-0.0429271
-0.00485957	0.00291079	0.0518439	-0.00771422	-0.00856007	-0.0109667	-0.0191825	0.0104361	-0.0117497	-0.00215804
-0.00286931	-6.3509e-06	0.0156286	-0.000122347	-2.42138e-05	-0.00457349	-0.00763453	-1.10574e-05	-0.000194845	-0.000192487
-1.77584e-09	2.34374e-05	-1.48965e-05	-1.72676e-06	-8.09495e-09	-6.99767e-08	-1.79251e-07	-2.65019e-07	-6.09755e-06	-1.92351e-07
0.00299099	0.000110651	-0.00117579	3.80525e-05	-0.00316893	-0.000363529	-0.000275389	0.00804851	-0.000484816	-0.00571975
-0.00368756	-0.00092694	-0.0064433	0.0519569	-0.0101803	-0.0114348	-0.00210534	0.00357699	-0.00646906	-0.0142866
-0.0675136	-0.00981379	0.0278376	0.357286	-0.0295635	-0.00889197	-0.0677352	-0.0211331	-0.0987153	-0.0817566
-0.0188656	-0.0826794	0.289012	0.321845	-0.0916491	0.173162	-0.190935	-0.0725487	-0.189604	-0.137737
0.0844053	-0.270685	0.244767	0.314003	-0.0738695	0.243126	-0.235742	-0.184464	0.0363497	-0.157891
0.163015	-0.250495	0.176241	0.151443	-0.143165	0.309875	-0.0981182	-0.295382	0.144468	-0.157881
0.147667	-0.113226	0.307497	0.0358087	-0.173445	0.135507	0.0863302	-0.37506	0.0949487	-0.146028
0.164388	-0.0522912	0.24182	0.0118901	-0.247045	0.232506	0.0741723	-0.312368	0.0968294	-0.2099
0.184651	0.0438161	0.220658	-0.0563669	-0.33457	0.0841138	0.21741	-0.312246	0.221933	-0.2694
0.295477	-0.0662287	0.306718	-0.143128	-0.379392	0.0178684	0.346574	-0.345231	0.167497	-0.200156
0.283027	-0.028723	0.282283	-0.24835	-0.251909	0.0162614	0.546707	-0.224037	-0.0867562	-0.288501
0.101748	-0.023777	0.267645	-0.298666	-0.352865	0.0720625	0.513072	-0.0718409	0.0428225	-0.250201
-0.153893	0.165748	0.319429	-0.205163	-0.174116	0.0826993	0.230242	-0.00553316	-0.0816666	-0.177746
-0.205622	-0.00832399	0.1272	-0.0465879	0.0798808	0.0152791	0.231717	0.128093	-0.142757	-0.178877
-0.113958	-0.031188	0.13155	0.0631795	-0.00990801	0.0320154	0.24238	-0.103936	-0.0399204	-0.170215
-0.0873248	0.0578368	0.154808	0.188168	-0.0451588	-0.0139481	0.238155	-0.275766	-0.0426335	-0.174136
-0.000925339	-0.0108923	0.174161	0.297414	-0.16441	-0.0525207	0.18905	-0.265077	0.00928604	-0.176085
-0.0212374	0.0464729	0.115241	0.26418	-0.161086	0.022771	0.105984	-0.302267	0.0806864	-0.150744
-0.0805322	0.07536	0.0288589	0.209055	-0.21324	0.0617535	0.106609	-0.168839	0.0131872	-0.0322119
-0.0162169	0.0328668	0.110693	0.100211	-0.180255	0.132745	0.0757633	-0.27306	0.0471002	-0.0298479
0.0601319	-0.00462239	0.194273	0.281868	-0.123385	0.0956528	0.0937304	-0.375076	-0.0003265	-0.222245
0.111982	-0.0524802	0.269783	0.165298	-0.304043	0.125288	0.0539226	-0.311475	0.152015	-0.21029
0.000151552	-0.0413739	0.33418	0.07001	-0.212982	0.181097	-0.0246369	-0.225754	0.0874662	-0.168157
-0.0141823	0.0105608	0.355209	-0.0940686	-0.121209	0.133814	-0.0551993	-0.0634645	-0.0611592	-0.0902992
-0.0264635	0.0251917	0.299435	-0.0401033	-0.0507337	-0.0105781	-0.0673141	-0.0155316	-0.0869678	-0.0269349
-0.00477413	0.00325134	0.0825502	-0.00637349	-0.0018608	-0.0180258	-0.0324654	-0.00223414	-0.0127608	-0.00730695
-0.000904629	2.54291e-05	0.00733165	-6.82785e-05	-1.46044e-07	-0.00140465	-0.00491868	-3.28597e-07	-6.01852e-05	-1.80795e-07
0.0	0.0	0.0	0.0	0.0	0.0	0.0	0.0	0.0	0.0
0.00753238	-3.61053e-05	-0.00272105	4.19015e-05	-6.30527e-05	-0.000386142	-0.000688814	-0.000127665	-0.00103276	-0.00251869
-0.00345719	-0.00534127	0.0115762	0.0407612	-0.00516375	-0.00733581	-0.0020058	-0.00676358	-0.0100932	-0.0121768
-0.0568075	-0.0201726	0.0726544	0.310676	-0.0401159	0.00587243	-0.0474362	-0.0518765	-0.104351	-0.0684437
-0.00817574	-0.0575509	0.293471	0.361902	-0.102709	0.0743842	-0.159578	-0.135699	-0.171854	-0.0941908
0.130799	-0.165021	0.255989	0.231531	-0.167308	0.270909	-0.250995	-0.210625	-0.0368574	-0.0584203
0.15908	-0.0405174	0.214521	0.264649	-0.239554	0.190935	-0.19502	-0.334569	0.160811	-0.180336
0.134205	0.00288095	0.37006	0.209672	-0.368337	-0.0166476	0.0384929	-0.366246	0.307382	-0.311462
0.139208	0.126227	0.272164	0.202791	-0.452539	0.203112	0.0022941	-0.287118	0.0673551	-0.273495
0.198539	0.12256	0.270832	0.181955	-0.403202	0.164619	0.193646	-0.316716	-0.0235121	-0.388721
0.329425	0.148404	0.252826	-0.0827432	-0.368897	0.044096	0.346536	-0.277251	0.0954425	-0.487837
0.414896	0.115863	0.343869	-0.183674	-0.234777	0.150272	0.315013	-0.231057	-0.15685	-0.533554
0.329407	0.0336333	0.207816	-0.321535	-0.262992	0.0644998	0.446982	-0.0415373	0.0320014	-0.488276
0.109784	-0.0257926	0.0711665	-0.117404	-0.340819	0.0444894	0.364844	0.0301726	0.0394613	-0.175902
-0.0153785	0.00809317	0.0227129	0.03081	-0.138613	-0.0344193	0.506146	0.0610991	-0.19031	-0.250139
-0.0161154	-0.01437	0.0577474	-0.0152235	-0.0661456	0.0429688	0.32396	-0.122723	0.0313088	-0.221407
-0.0671179	0.175458	0.0836111	0.0989488	0.00131713	0.0952425	0.166079	-0.271226	-0.162882	-0.119431
-0.0246682	0.23931	0.00142253	0.183324	-0.0273812	0.110663	0.0815801	-0.352251	-0.0592804	-0.152718
-0.10948	0.250873	0.136214	0.254695	-0.131169	0.151468	0.176631	-0.459322	-0.0526091	-0.217301
-0.0981364	0.199783	0.207981	0.172497	-0.209808	0.115942	0.0952747	-0.35768	-0.0313354	-0.0945186
-0.0404272	0.104675	0.163625	0.213698	-0.147681	0.042941	0.131798	-0.462461	0.113287	-0.119453
0.04496	0.0125813	0.258248	0.11496	-0.0848838	0.150302	-0.00377719	-0.442614	0.16998	-0.219756
0.0402112	-0.0413957	0.280216	-0.0104616	-0.194469	0.3346	-0.0890905	-0.348447	0.184354	-0.155516
-0.0553862	-0.043219	0.309905	-0.00776675	-0.170343	0.179179	-0.0354466	-0.171652	0.0648429	-0.0701126
-0.0346299	-0.0211593	0.32608	-0.0710516	-0.0839902	0.0726458	-0.0535977	-0.0384258	-0.0963425	0.000472564
-0.0218228	0.000904617	0.144158	-0.0235478	-0.0468108	0.0370797	-0.0285681	-0.017306	-0.0584123	0.0143253
-0.00114695	0.00480754	0.02656	-0.0029153	-0.000470501	-0.00277285	-0.00619964	-0.00142706	-0.0112372	-0.00519812
-2.1e-05	9.46583e-05	-7.68847e-05	-4.22501e-05	-2.33498e-05	0.000356567	-4.37377e-06	-3.13863e-05	-0.000220243	-3.17381e-05
-2.19811e-08	6.60273e-05	-3.18414e-05	-1.00108e-05	-4.37622e-07	-4.02424e-07	-6.63452e-07	-3.81142e-06	-1.78276e-05	-1.01049e-06
-5.08333e-05	5.9732e-06	1.59039e-05	0.000563779	-2.59915e-06	-0.000154721	-3.09557e-05	-0.0001251	-7.10032e-05	-0.000150444
-0.00930544	-0.00919525	0.0261745	0.0455375	-0.000645619	-0.00870703	-0.00124122	-0.0229535	-0.00949679	-0.0101672
-0.0441405	-0.0130748	0.0997356	0.201625	-0.0394536	0.0187492	-0.0283348	-0.0700506	-0.0724919	-0.0525619
-0.0569506	0.0269234	0.186433	0.244152	-0.0777021	0.118687	-0.120825	-0.133576	-0.111757	-0.0753845
0.0713556	0.186726	0.178354	0.129814	-0.113488	0.0750279	-0.208354	-0.18483	-0.0794915	-0.0551143
0.121429	0.178125	0.170009	0.16723	-0.266529	0.129237	-0.285379	-0.259168	0.187867	-0.142823
0.122031	0.119414	0.154838	0.152461	-0.336105	0.176474	-0.113432	-0.286893	0.250122	-0.23891
0.0401463	0.173702	0.120771	0.131321	-0.221343	0.159703	0.0431819	-0.230926	0.00739637	-0.223955
0.084318	0.104172	0.245441	-0.0991988	-0.21276	0.123318	0.145442	-0.288364	0.113377	-0.215746
0.230872	0.163596	0.126234	-0.11166	-0.203972	0.0749669	0.249659	-0.210369	-0.0461298	-0.273197
0.34197	-0.104911	0.102096	-0.132125	-0.0925038	0.198793	0.323022	-0.175472	-0.0735425	-0.387328
0.268598	-0.172882	0.0355006	-0.0746548	-0.139494	0.12695	0.480695	-0.0841004	-0.113045	-0.327566
0.0914266	-0.166786	0.0717999	-0.0325276	-0.212951	0.0525809	0.52249	-0.119376	0.0587203	-0.265378
0.00942154	0.0398718	0.0404115	-0.0488448	-0.12273	0.0818937	0.501763	-0.161552	-0.0503393	-0.289894
-0.00759738	0.0495161	-0.0284915	0.00925036	0.039156	0.081244	0.284171	-0.117035	-0.0628711	-0.247342
-0.0250969	0.0451852	0.0876062	0.0797499	-0.0478831	0.0353476	0.20512	-0.115905	-0.127472	-0.136652
-0.13798	0.152585	0.169405	0.062728	0.0048174	0.0833688	0.258593	-0.283625	-0.0538286	-0.256064
-0.14565	0.258643	0.23586	0.211301	-0.111326	0.0159886	0.193489	-0.339591	-0.0685661	-0.25015
-0.157032	0.172413	0.299891	0.232982	-0.0359115	0.00904185	0.101369	-0.369318	-0.0310439	-0.222391
-0.0718791	0.162792	0.11049	0.0522558	-0.0172205	0.179423	0.0242486	-0.409324	0.115013	-0.145798
-0.0207165	0.0762569	0.196442	-0.0754447	-0.00369697	0.306872	-0.0597734	-0.407723	0.0891395	-0.101356
-0.0256598	-0.0993585	0.298238	-0.0847979	-0.0848303	0.311238	-0.0254395	-0.309225	0.117278	-0.0974421
-0.0256336	-0.0745925	0.340431	-0.113779	-0.0642848	0.149492	-0.0288467	-0.161117	-0.0178873	-0.00378018
-0.0282668	-0.00377511	0.226143	-0.0828615	-0.0584741	0.0693467	-0.0275219	-0.0309011	-0.1129	0.0492116
-0.0100562	-0.00151669	0.0816337	-0.016951	-0.0420056	0.0546825	-0.019494	-0.0129593	-0.0379558	0.00462245
0.00883197	-0.000980643	0.00897483	-0.00264652	-0.000821549	0.00141348	-0.00167874	-0.00115039	-0.00387625	-0.00806619
4.04873e-06	-4.47357e-11	-6.36447e-07	-2.78985e-07	-3.56793e-09	-1.41102e-06	-2.28118e-07	-7.58473e-09	-1.4699e-06	-1.29532e-08
-2.12942e-08	6.3964e-05	-3.08464e-05	-9.69795e-06	-4.23946e-07	-3.89848e-07	-6.42719e-07	-3.69231e-06	-1.72705e-05	-9.78917e-07
-8.26321e-07	1.90294e-05	-1.09914e-05	1.86801e-05	-1.75464e-07	-6.10105e-06	-2.10764e-07	-7.19865e-06	-7.12072e-06	-5.08518e-06
-0.00213042	-0.00882082	0.0159714	0.0451445	-0.000371213	-0.00608236	-0.000222931	-0.0256817	-0.0069976	-0.0108089
-0.0342438	-0.00890053	0.0654748	0.132095	-0.0333606	0.00901839	-0.0102953	-0.0618378	-0.0319048	-0.0260456
-0.124966	0.0728523	0.132973	0.156321	-0.0533268	0.114551	-0.0571642	-0.0852592	-0.0962238	-0.0597564
-0.0324747	0.380683	0.128598	0.10639	-0.0900587	-0.00863761	-0.129091	-0.0452556	-0.168395	-0.141759
0.0566035	0.306772	0.19628	0.122266	-0.152524	-0.110182	-0.240675	-0.0554101	0.0263782	-0.149509
0.117818	0.137487	0.215292	0.0627259	-0.203802	-0.0192053	-0.235886	0.0133382	0.138011	-0.225779
0.161611	0.0967746	0.288796	-0.0463551	-0.189986	0.0779667	-0.185765	-0.0738308	0.00769141	-0.136903
0.150109	0.0947862	0.279715	-0.00621261	-0.191903	0.0702222	-0.062422	-0.175382	-0.0499922	-0.108921
0.147031	-0.0626657	0.140887	-0.000137493	-0.1144	0.00528978	0.0313589	-0.113068	0.0156441	-0.0499414
0.20431	-0.303332	0.134137	0.0631682	-0.0863746	0.0918391	0.0474503	-0.202186	0.113116	-0.0621286
0.167372	-0.410607	0.0615988	-0.0164849	-0.131651	0.172689	0.214914	-0.116451	0.117891	-0.0592716
0.312935	-0.309144	-0.0259476	-0.0345589	-0.103324	0.233808	0.199579	-0.259563	0.166374	-0.180158
0.136941	-0.0950125	-0.058997	-0.052796	-0.120196	0.122725	0.0597744	-0.115398	0.19681	-0.0738509
0.108136	0.0153557	-0.0988949	0.0075489	-0.06246	0.0643346	0.118253	-0.0376308	0.0686279	-0.18327
0.0339029	0.0432433	-0.0244149	0.0255958	-0.0695746	0.133782	0.105982	-0.0849708	-0.00801937	-0.155526
-0.00196367	0.221318	0.00618465	0.0913246	0.0169405	0.0427423	0.0333276	-0.190034	0.0221874	-0.242027
-0.100247	0.259775	0.155629	0.113277	0.00169868	0.0806492	-0.0316879	-0.232642	-0.00861371	-0.237838
-0.135464	0.136283	0.266678	0.142237	0.189194	0.117681	-0.050376	-0.275734	-0.0648808	-0.325618
-0.160366	0.0865151	0.285588	0.0508742	0.109294	0.137564	-0.0168688	-0.374485	-0.00772483	-0.110391
-0.100452	-0.0299841	0.264902	-0.0766609	0.161391	0.123567	-0.0218276	-0.363175	0.0743947	-0.0321532
-0.0229728	-0.101438	0.292979	-0.0325994	-0.000276717	0.131845	-0.0737965	-0.227684	-0.00426922	0.0382134
0.0038478	-0.0546761	0.196073	-0.0614101	-0.0622726	0.105396	-0.0603994	-0.144293	-0.0181738	0.0959088
-0.0155205	-0.0115596	0.128017	-0.0530593	-0.0475509	0.0642923	-0.028919	-0.032317	-0.0536483	0.0502659
-0.00595453	-0.00239698	0.0414397	-0.0149313	-0.0271654	0.0397565	-0.00874834	-0.0154111	-0.015333	0.0087445
0.000944999	0.00193655	-0.00926479	-0.000187499	0.00127476	0.00938995	-0.000119741	-0.000329834	-0.0016002	-0.0020442
7.47457e-06	-8.25891e-11	-1.17498e-06	-5.15049e-07	-6.58695e-09	-2.60497e-06	-4.21141e-07	-1.40026e-08	-2.71366e-06	-2.39136e-08
0.0	0.0	0.0	0.0	0.0	0.0	0.0	0.0	0.0	0.0
0.0	0.0	0.0	0.0	0.0	0.0	0.0	0.0	0.0	0.0
-0.000275952	-0.000115823	4.66183e-05	0.0294295	-0.00011749	-0.00056484	-2.81494e-05	-0.0196313	-0.00183481	-0.00690781
-0.0133107	-0.0183157	-0.0140792	0.117229	-0.00708255	0.0125157	-0.00179005	-0.0454753	-0.0218919	-0.00779912
-0.0842211	0.0239701	-0.00919133	0.198166	-0.0244191	0.0698616	-0.0113306	0.00969716	-0.108479	-0.0640537
-0.0916106	0.257562	-0.0330546	0.223536	-0.0540968	0.073076	-0.036416	0.0850085	-0.319996	-0.104008
-0.0336095	0.268552	-0.0168206	0.233518	-0.0651802	-0.0412319	-0.0893643	0.190741	-0.320027	-0.126578
0.0813494	0.0998911	0.0305677	0.179946	-0.0734328	-0.0876375	-0.180735	0.23898	-0.154581	-0.134349
0.138992	0.0089877	0.0951943	-0.0104989	-0.0691101	0.0881475	-0.241004	-0.0896761	0.102502	-0.0235343
0.214039	0.000690523	0.0986341	0.107031	-0.0526867	0.102592	-0.289829	-0.0779917	0.0382216	-0.1407
0.273574	-0.0806248	0.0225097	0.0907073	-0.0334049	0.184511	-0.343035	-0.0572202	-0.0533038	-0.00371151
0.296207	-0.14582	0.119259	0.116413	-0.0158861	0.0988938	-0.293047	-0.161333	0.0668321	-0.0815201
0.258685	-0.0417629	0.049016	-0.0991512	-0.108285	0.124591	-0.1599	-0.17053	0.209146	-0.0618086
0.263155	-0.124596	-0.0763036	0.00743633	-0.0685822	0.01333	-0.0921336	-0.164637	0.384344	-0.142013
0.24118	-0.180897	-0.0710642	-0.127459	-0.0321854	0.0810813	-0.0621576	-0.0473485	0.270199	-0.0713475
0.152038	0.00946203	-0.0800749	-0.066523	-0.047028	0.0139886	-0.061423	0.0263563	0.239184	-0.185979
-0.0026438	0.0513357	-0.0315897	-0.126366	0.0568414	0.116009	-0.112771	-0.0801627	0.275146	-0.145798
-0.0335306	0.192415	-0.0341136	0.0737897	0.0449083	0.00515904	-0.115318	-0.0770246	0.10509	-0.161375
-0.246876	0.0547527	0.177845	0.18853	0.182503	-0.0987799	-0.0583111	-0.164889	0.133464	-0.16824
-0.271618	0.0234947	0.297132	0.00724937	0.214661	-0.00425003	-0.033706	-0.270747	0.120312	-0.0825278
-0.237732	-0.033341	0.246923	-0.0344072	0.206377	0.0524531	-0.0361534	-0.332723	0.130804	0.0378003
-0.118616	-0.0747023	0.267206	-0.0603873	0.160275	-0.00595913	-0.0538764	-0.309655	0.0388099	0.156905
-0.0459341	-0.0687316	0.21937	-0.0825799	-0.0157647	0.0159507	-0.0382927	-0.187927	0.00781964	0.19609
-0.0206306	-0.0522295	0.119844	-0.0448567	-0.0490124	0.061198	-0.0270113	-0.146259	0.0188511	0.140107
-0.0214444	-0.0110094	0.084919	-0.0188836	-0.0350494	0.0457098	-0.0169166	-0.0437313	-0.0340662	0.0504721
-0.00386267	0.000208355	0.0366255	-0.0119524	-0.00215914	0.0181839	-0.00444803	-0.0171534	-0.0113619	-0.0040801
-1.02347e-05	0.00797924	-0.00672144	0.00145416	0.00130981	0.00544764	-9.20574e-05	-0.000226654	-0.00685359	-0.00228687
0.0	0.0	0.0	0.0	0.0	0.0	0.0	0.0	0.0	0.0
0.0	0.0	0.0	0.0	0.0	0.0	0.0	0.0	0.0	0.0
0.0	0.0	0.0	0.0	0.0	0.0	0.0	0.0	0.0	0.0
-0.00121054	-8.62316e-06	-0.00159424	0.0142856	-8.782e-06	-0.000292456	-3.81471e-06	-0.00920563	-8.44628e-05	-0.00187705
-0.00203636	-0.0133434	-0.0374627	0.0722793	-0.000247834	0.0125614	-0.00015271	0.00193236	-0.0259865	-0.00754355
-0.0124687	-0.022567	-0.0722039	0.153339	-0.0126516	-0.00515142	-0.00201632	0.0811607	-0.11494	0.00749891
-0.0415726	0.0413802	-0.147529	0.197784	-0.0187766	-0.0113049	-0.0114142	0.227077	-0.257109	0.0214642
-0.0581109	0.0429493	-0.230644	0.354952	-0.0362883	-0.0296512	-0.0237172	0.282874	-0.325846	0.0234833
-0.0936256	-0.0543045	-0.248756	0.395067	-0.0482401	0.0107567	-0.0507962	0.248107	-0.262599	0.104389
-0.07576	-0.140011	-0.192933	0.260494	-0.059104	0.0677001	-0.100545	0.173455	-0.0134559	0.0801605
-0.0678123	-0.173273	-0.177414	0.241392	-0.0165336	0.245688	-0.153361	0.101559	0.0431129	-0.043358
-0.0431847	-0.241836	-0.222046	0.329545	-0.0096012	0.163665	-0.201494	0.135095	0.0758834	0.0139734
-0.00704094	-0.278449	-0.164187	0.311409	0.0374433	0.137433	-0.260084	0.101075	0.236289	-0.113888
0.12219	-0.252511	-0.029742	0.233978	-0.131895	0.183086	-0.244502	0.0832666	0.205103	-0.168973
0.128091	-0.278729	-0.00871334	0.272107	-0.139306	0.259956	-0.266607	0.132831	0.151568	-0.251198
0.0512683	-0.291629	0.0924339	0.23784	-0.107876	0.235788	-0.245931	0.0773458	0.163471	-0.212712
-0.065337	-0.248431	-0.00264257	0.141136	-0.0860031	0.190576	-0.212133	0.0779068	0.261886	-0.0569569
-0.128188	-0.280248	-0.0162777	0.182039	-0.0121168	0.0835739	-0.146416	0.0150029	0.335654	-0.0330237
-0.171399	-0.0820107	0.062373	0.105482	-0.0857377	0.113246	-0.101843	0.0212694	0.061475	0.0771438
-0.21935	-0.00769167	0.095789	-0.112475	0.006964	0.0993347	-0.081501	-0.0871154	0.213557	0.0924892
-0.203322	0.00804865	-0.0240162	-0.127512	0.100713	0.0176354	-0.0723218	-0.120064	0.279309	0.14153
-0.175607	-0.0126273	-0.00775874	-0.0712317	0.0817774	0.00577785	-0.0437118	-0.170756	0.0854726	0.308665
-0.116701	-0.0130769	0.073332	-0.0379082	0.0564275	-0.00989851	-0.0404749	-0.178672	-0.0152095	0.282182
-0.0492885	-0.0273342	0.0316816	-0.0319831	0.0159367	0.0684209	-0.023988	-0.138216	-0.0350877	0.189858
-0.0179768	-0.0128011	0.0397275	-0.0164688	-0.00509926	0.0522647	-0.00986438	-0.128147	-0.0250275	0.123392
-0.00270682	-0.00327111	0.0957071	-0.015002	-0.0194264	0.0309898	-0.00243442	-0.0507193	-0.0257771	-0.00735978
-0.000184542	0.00281481	0.0560524	-0.0029959	0.0032558	-0.00781577	-0.000293134	-0.0227248	-0.010592	-0.0175168
-3.52957e-07	0.00057142	0.00824783	-9.68468e-06	-5.96382e-05	-0.000136659	-2.33193e-05	-1.60742e-06	-0.0016076	-0.00698038
0.0	0.0	0.0	0.0	0.0	0.0	0.0	0.0	0.0	0.0
0.0	0.0	0.0	0.0	0.0	0.0	0.0	0.0	0.0	0.0
0.0	0.0	0.0	0.0	0.0	0.0	0.0	0.0	0.0	0.0
-1.48801e-05	-2.11371e-07	-3.53117e-05	0.00135354	-2.96962e-05	-5.49983e-06	-2.73154e-07	-0.00224395	-0.000117529	0.00109381
-0.000113702	-0.00109721	-0.0102358	-0.0068961	-6.59865e-05	0.0131261	-4.23039e-05	0.0122789	-0.00287593	-0.00407797
-0.00238782	-0.0185603	-0.0314832	0.0136311	-0.00108373	0.0151929	-0.000753524	0.0694545	-0.0590697	0.0150599
-0.0104547	-0.0411717	-0.0538796	0.0629597	-0.0239636	-0.0164626	-0.00168282	0.0793518	-0.116444	0.121748
-0.0441371	-0.0619106	-0.066453	0.145435	-0.0712328	-0.0190017	-0.00500891	0.089072	-0.11782	0.151058
-0.0785428	-0.096584	-0.121571	0.244351	-0.131056	-0.00871962	-0.00939069	0.136024	-0.13332	0.198811
-0.121919	-0.103805	-0.210768	0.386464	-0.225664	-0.00284658	-0.0278848	0.268036	-0.192546	0.230934
-0.183072	-0.153255	-0.227732	0.439633	-0.196695	0.0819935	-0.0405472	0.296803	-0.183497	0.166367
-0.254053	-0.273693	-0.206957	0.466533	-0.155026	0.0922441	-0.0422309	0.222458	-0.03883	0.189556
-0.269088	-0.243468	-0.2061	0.451345	-0.262032	0.161761	-0.0437964	0.321455	-0.00575218	0.0956746
-0.314249	-0.178635	-0.157826	0.476297	-0.365407	0.192641	-0.0468355	0.30086	-0.0728567	0.166011
-0.288303	-0.220934	-0.117689	0.392058	-0.27009	0.222563	-0.0715093	0.273539	-0.060268	0.140632
-0.265464	-0.245148	-0.0578864	0.252701	-0.269125	0.119651	-0.0662105	0.245337	0.0764421	0.209702
-0.248143	-0.247939	-0.0220763	0.122504	-0.286134	0.199459	-0.0658647	0.248414	0.181031	0.118747
-0.186636	-0.204955	-0.0379794	0.116859	-0.329684	0.169428	-0.0574135	0.17615	0.162571	0.191658
-0.188433	-0.116073	-0.0617881	0.0564036	-0.343608	0.148553	-0.0407232	0.165682	0.153344	0.226643
-0.152447	-0.0477236	-0.121135	0.00272376	-0.269726	0.0788384	-0.0335766	0.16343	0.0963655	0.283253
-0.096338	-0.0325128	-0.139724	0.0213718	-0.242728	0.0606249	-0.0225965	0.0222592	0.05169	0.377953
-0.0943785	-0.0141245	-0.0870949	-0.0254771	-0.135817	0.0396102	-0.0125967	-0.0818278	0.0110302	0.400677
-0.0702282	-0.00461641	-0.0678588	-0.048693	-0.0840155	0.0743233	-0.00778354	-0.0702539	-0.0206615	0.299788
-0.0270347	-0.00317815	-0.0551095	-0.0185992	-0.0366337	0.099059	-0.00491451	-0.0269236	-0.0227458	0.0960802
-0.00694367	-0.000772352	-0.0300304	-0.00345821	-0.0211159	0.0665021	-0.00196603	-0.0312315	-0.0079875	0.0370034
-0.00154518	-1.04383e-05	-0.00528261	-0.000167762	-0.014145	0.0370543	-0.000480155	-0.0021439	-0.00323183	-0.0100474
-3.91932e-07	-3.36419e-06	0.00732262	-0.000159691	-0.000586905	-6.33841e-06	-1.4149e-05	-0.000492874	-0.00143478	-0.00462413
-3.07651e-07	-4.01406e-06	0.00875831	-2.66649e-06	-6.314e-05	-4.22332e-06	-1.54605e-05	-1.3428e-06	-0.00126083	-0.00740633
0.0	0.0	0.0	0.0	0.0	0.0	0.0	0.0	0.0	0.0
0.0	0.0	0.0	0.0	0.0	0.0	0.0	0.0	0.0	0.0
0.0	0.0	0.0	0.0	0.0	0.0	0.0	0.0	0.0	0.0
0.0	0.0	0.0	0.0	0.0	0.0	0.0	0.0	0.0	0.0
0.0	0.0	0.0	0.0	0.0	0.0	0.0	0.0	0.0	0.0
-0.000168348	-0.000587612	-0.000602558	0.000499755	0.00155687	-0.00198618	-3.65578e-05	-0.0146226	-0.00799075	0.023938
-0.00261937	-0.00231765	-0.00218511	0.00921937	0.00273609	-0.00517832	-0.000261782	-0.0419166	-0.0199756	0.062499
-0.010345	-0.00424615	-0.00658772	0.016043	-0.0241884	-0.0133697	-0.00108822	-0.0370354	-0.0313887	0.112206
-0.0229831	-0.00621321	-0.0143841	0.0245985	-0.066007	-0.0423811	-0.001933	0.0200035	-0.0174525	0.126752
-0.0354338	-0.0107703	-0.0188614	0.0129449	-0.125	-0.0574094	-0.0042039	0.0781172	-0.0154946	0.176112
-0.0604086	-0.0187706	-0.0184171	0.0037259	-0.196229	-0.044446	-0.00602213	0.117354	-0.0447589	0.267973
-0.0574921	-0.0431787	-0.0181895	0.00844635	-0.205584	-0.019812	-0.00670057	0.115586	-0.0804776	0.307402
-0.0481759	-0.0385568	-0.0334572	0.00625238	-0.253852	0.0360384	-0.00784243	0.119246	-0.0623973	0.282745
-0.0363362	-0.0457256	-0.0205899	-0.014443	-0.295253	0.0383528	-0.00919006	0.0654234	-0.0734098	0.391171
-0.0624878	-0.080372	-0.0306127	-0.0161577	-0.313498	-0.00359277	-0.0112324	0.213423	-0.0874536	0.391984
-0.0844901	-0.0729003	-0.0251916	-0.0348084	-0.372972	-0.0272433	-0.00975405	0.274625	-0.0993221	0.452057
-0.0658685	-0.0501801	-0.0314648	-0.0258284	-0.33273	0.0268277	-0.00873479	0.296859	-0.103553	0.294673
-0.0460828	-0.0303055	-0.0418839	0.0174662	-0.292556	-0.000361609	-0.0080143	0.223192	-0.0728906	0.251437
-0.0515048	-0.015266	-0.0497825	0.0140098	-0.256852	-0.0189956	-0.00759337	0.211845	-0.0412983	0.215438
-0.0331646	-0.0157191	-0.0345417	0.0015218	-0.246623	-0.0415642	-0.00669507	0.182575	-0.0286421	0.222853
-0.00841834	-0.00830007	-0.0156344	-0.00912178	-0.18771	-0.0095034	-0.00426493	0.0831235	-0.0328035	0.192632
-0.0220748	-0.00358804	-0.0127025	-0.0153985	-0.0918455	0.018655	-0.0028447	-0.00997782	-0.0180361	0.157813
-0.0257483	-0.0020559	-0.0136361	-0.00820415	-0.0438492	0.0205456	-0.00183978	-0.00331638	-0.00808291	0.0861871
-0.0121582	-0.000366025	-0.00466205	6.03947e-06	-0.0205317	0.00999328	-0.000368715	0.020767	-0.00189493	0.00921523
-0.000860567	-8.56442e-06	-4.37483e-05	-0.000139876	-0.000212968	0.000144188	-6.35305e-05	-0.00244088	-0.000186385	0.00381233
-2.28643e-06	-1.56747e-09	-3.72038e-07	-1.41323e-06	-0.000293494	-8.45819e-06	-9.76843e-07	-4.67738e-05	-6.94714e-06	0.000360723
-1.57494e-07	-1.59767e-08	-9.32837e-07	-1.69079e-07	-5.86154e-08	-7.74301e-08	-8.6074e-10	8.58655e-06	-5.46629e-07	-6.62742e-06
0.0	0.0	0.0	0.0	0.0	0.0	0.0	0.0	0.0	0.0
0.0	0.0	0.0	0.0	0.0	0.0	0.0	0.0	0.0	0.0
0.0	0.0	0.0	0.0	0.0	0.0	0.0	0.0	0.0	0.0
0.0	0.0	0.0	0.0	0.0	0.0	0.0	0.0	0.0	0.0
0.0	0.0	0.0	0.0	0.0	0.0	0.0	0.0	0.0	0.0
0.0	0.0	0.0	0.0	0.0	0.0	0.0	0.0	0.0	0.0
-2.83522e-06	-3.53013e-06	-2.02703e-06	-4.78153e-07	-1.21057e-06	-8.35681e-07	-7.39087e-08	8.30802e-05	-3.37869e-05	-3.83029e-05
-5.15074e-05	-9.20396e-06	-6.43243e-06	-1.97843e-06	-5.29419e-06	-1.45696e-05	-8.23935e-07	0.000332005	-9.37562e-05	-0.00014844
-6.75495e-05	-8.17598e-06	-2.02885e-05	-1.49916e-05	-0.00246146	-2.87749e-05	-2.29121e-06	0.000104467	-0.000108049	0.00260712
-0.000141955	-2.20385e-05	-5.66448e-05	-4.95317e-05	-0.0142042	-0.000325556	-3.73902e-05	-0.000179504	-0.000154193	0.015171
-0.000437231	-4.63156e-05	-8.2329e-05	-0.000110693	-0.0157163	-0.00080518	-6.97752e-05	0.00676283	-0.000275604	0.0107806
-0.00092411	-3.29469e-05	-0.000140459	-0.000556836	-0.00920871	-0.000614405	-2.79424e-05	0.00660595	-0.000537757	0.00543721
-0.000834928	-0.00248432	-0.00113672	-0.00247594	-0.0184935	0.00230773	-5.73244e-05	0.0264162	-0.00683298	0.00359189
-0.00136641	-0.000665742	-0.000616393	-0.00158867	-0.0138915	0.00623362	-6.28525e-05	0.010051	-0.00226007	0.00416702
-0.0032981	-0.00158042	-0.000541999	-0.00242123	-0.0247498	0.00396594	-0.000386679	0.0216298	-0.00507676	0.0124593
-0.00561951	-0.00158115	-0.000624688	-0.00349363	-0.0195601	-0.00222829	-0.00039507	0.0702962	-0.00434792	-0.0324459
-0.00834673	-0.00110583	-0.000636999	-0.00519264	-0.0488471	-0.00841286	-0.000765806	0.0778218	-0.004807	0.000293217
-0.00767044	-0.000433973	-0.000857811	-0.00441461	-0.0251101	-0.00644918	-0.000761372	0.0761986	-0.00466572	-0.0258355
-0.00469091	-0.000283405	-0.000730081	-0.0049329	-0.0190659	-0.00423736	-0.000542491	0.0641562	-0.00247962	-0.0271936
-0.00388419	-0.00170872	-0.000671021	-0.00387332	-0.0176889	-0.00468673	-0.000503021	0.0741115	-0.00236132	-0.0387342
-0.00396359	-0.00487722	-0.000518837	-0.00269258	-0.0230028	-0.0042216	-0.000328742	0.0889997	-0.00271087	-0.0466834
-0.00196977	-0.000136415	-0.000377104	-0.00181846	-0.0170166	-0.0033593	-0.000196905	0.0565244	-0.00164768	-0.0300022
-0.0033645	-7.40001e-05	-0.00136046	-0.00087581	-0.00385173	-0.0042279	-0.000183978	0.0187817	-0.0013893	-0.00345407
-0.0047825	-2.59114e-05	-0.000910729	-0.000315724	-0.00151041	-0.00165994	-7.33323e-05	0.00447069	-0.000711381	0.00551924
-0.013192	-4.99809e-05	-0.00455604	-0.000219195	-0.00237549	-0.00166823	-0.000180771	0.0144095	-0.000738948	0.00857107
-0.00301308	-2.96117e-06	-3.51327e-05	-2.39677e-05	-0.000485379	-0.000358766	-1.44677e-05	0.00543066	-0.000143932	-0.00135297
0.0	0.0	0.0	0.0	0.0	0.0	0.0	0.0	0.0	0.0
0.0	0.0	0.0	0.0	0.0	0.0	0.0	0.0	0.0	0.0
0.0	0.0	0.0	0.0	0.0	0.0	0.0	0.0	0.0	0.0
0.0	0.0	0.0	0.0	0.0	0.0	0.0	0.0	0.0	0.0
