0.0	0.0	0.0	0.0	0.0	0.0	0.0	0.0	0.0	0.0
0.0	0.0	0.0	0.0	0.0	0.0	0.0	0.0	0.0	0.0
0.0	0.0	0.0	0.0	0.0	0.0	0.0	0.0	0.0	0.0
0.0	0.0	0.0	0.0	0.0	0.0	0.0	0.0	0.0	0.0
0.0	0.0	0.0	0.0	0.0	0.0	0.0	0.0	0.0	0.0
0.0	0.0	0.0	0.0	0.0	0.0	0.0	0.0	0.0	0.0
0.0	0.0	0.0	0.0	0.0	0.0	0.0	0.0	0.0	0.0
0.0	0.0	0.0	0.0	0.0	0.0	0.0	0.0	0.0	0.0
0.0	0.0	0.0	0.0	0.0	0.0	0.0	0.0	0.0	0.0
0.0	0.0	0.0	0.0	0.0	0.0	0.0	0.0	0.0	0.0
0.0	0.0	0.0	0.0	0.0	0.0	0.0	0.0	0.0	0.0
0.0	0.0	0.0	0.0	0.0	0.0	0.0	0.0	0.0	0.0
-3.3692e-06	-6.05078e-06	-0.00042729	-3.82638e-05	-0.00266646	-5.82396e-05	0.00376141	-6.48109e-06	-0.000105708	-0.000449551
-1.81632e-05	-1.44154e-05	-0.000600029	-9.53928e-05	-0.00596988	-0.000128032	0.00811755	-1.87361e-05	-0.000240573	-0.00103232
-1.20025e-05	-1.29789e-06	0.000373446	-1.29178e-05	-0.000146064	-5.64528e-07	-0.000132033	-5.05744e-06	-1.0135e-05	-5.33736e-05
-5.00104e-07	-5.40787e-08	1.55602e-05	-5.38241e-07	-6.08602e-06	-2.3522e-08	-5.50136e-06	-2.10727e-07	-4.22292e-07	-2.2239e-06
0.0	0.0	0.0	0.0	0.0	0.0	0.0	0.0	0.0	0.0
0.0	0.0	0.0	0.0	0.0	0.0	0.0	0.0	0.0	0.0
0.0	0.0	0.0	0.0	0.0	0.0	0.0	0.0	0.0	0.0
0.0	0.0	0.0	0.0	0.0	0.0	0.0	0.0	0.0	0.0
0.0	0.0	0.0	0.0	0.0	0.0	0.0	0.0	0.0	0.0
0.0	0.0	0.0	0.0	0.0	0.0	0.0	0.0	0.0	0.0
0.0	0.0	0.0	0.0	0.0	0.0	0.0	0.0	0.0	0.0
0.0	0.0	0.0	0.0	0.0	0.0	0.0	0.0	0.0	0.0
0.0	0.0	0.0	0.0	0.0	0.0	0.0	0.0	0.0	0.0
0.0	0.0	0.0	0.0	0.0	0.0	0.0	0.0	0.0	0.0
0.0	0.0	0.0	0.0	0.0	0.0	0.0	0.0	0.0	0.0
0.0	0.0	0.0	0.0	0.0	0.0	0.0	0.0	0.0	0.0
0.0	0.0	0.0	0.0	0.0	0.0	0.0	0.0	0.0	0.0
0.0	0.0	0.0	0.0	0.0	0.0	0.0	0.0	0.0	0.0
0.0	0.0	0.0	0.0	0.0	0.0	0.0	0.0	0.0	0.0
0.0	0.0	0.0	0.0	0.0	0.0	0.0	0.0	0.0	0.0
-4.65454e-09	-2.6638e-08	-6.12895e-06	-8.24716e-09	-3.54598e-05	-7.84667e-08	4.32673e-05	-5.43355e-08	-5.06409e-07	-9.99877e-07
-1.07039e-07	-7.86812e-08	-2.00501e-05	-3.80385e-08	-0.000222881	-2.38015e-07	0.000249152	-5.97664e-07	-1.51132e-06	-3.65081e-06
-1.94663e-05	-1.07586e-07	-0.000280199	-5.92746e-06	-0.0157676	-1.21156e-05	0.0162816	-4.77254e-05	-4.95872e-06	-0.00014354
-3.96056e-05	-3.8937e-05	-0.000638576	-1.38515e-05	-0.0357941	-2.30808e-05	0.0371689	-0.000246973	-3.57781e-05	-0.000337998
-5.5808e-05	-0.00185397	-0.0015967	-0.000108237	-0.0333532	-6.85003e-05	0.0393316	-0.00122467	-0.00047344	-0.000597097
-0.000106343	-0.00156532	-0.0027283	-0.000136093	-0.0153341	-9.98479e-05	0.0216588	-0.000745519	-0.000526738	-0.000416523
-0.00106807	-0.00105847	-0.00385399	-0.00014561	-0.0265544	-0.000409139	0.0356022	-0.000558803	-0.000654799	-0.00129894
0.00682111	-0.000673474	-0.0120755	-0.00025607	-0.0452662	-0.000545792	0.0613593	-0.00322247	-0.00111437	-0.00502652
0.0156709	-0.000569456	-0.0126399	-0.000576567	-0.0771886	-0.00250402	0.0947814	-0.00765259	-0.00101092	-0.00831026
0.00666647	-0.000364126	-0.00928443	-0.000361997	-0.0411878	-0.00263589	0.0543506	-0.00204082	-0.00119588	-0.00394612
-0.000530226	0.00988486	-0.000224155	-0.00265722	-0.0186332	-0.0013864	0.0171132	-0.000247833	-0.00185341	-0.00146562
0.00756396	0.0150885	0.0108586	-0.00343474	-0.0456302	-0.00162007	0.0249081	-0.000650158	-0.00176298	-0.00532102
0.0217006	-0.00363797	0.0331719	-0.00109247	-0.0450598	-0.00172346	0.0117507	-0.00132782	-0.00209595	-0.0116858
0.0096154	-0.00207321	0.00636475	-0.000400354	-0.0185914	-0.00123056	0.0156617	-0.000603879	-0.00170878	-0.0070337
-0.0011189	-0.000153623	-0.00848012	-0.000102227	-0.0086888	-0.00152741	0.0225632	-0.000112603	-0.00103848	-0.00134102
-0.000556092	-7.14309e-05	-0.00674845	-7.03268e-05	-0.0134132	-0.00138973	0.0242849	-0.000147435	-0.000879715	-0.00100851
-0.000248561	-9.36182e-05	-0.00347711	-6.53994e-05	-0.0105041	-0.000692234	0.0164018	-7.35262e-05	-0.00052286	-0.000724424
-0.000103512	-0.000226522	-0.00255373	-5.52925e-05	-0.0110775	-0.000150439	0.0150709	-8.34748e-06	-0.000599016	-0.000296526
-1.16912e-05	-1.96237e-05	-0.000277403	-4.66022e-06	-0.0139398	-1.08832e-05	0.0145065	-1.42385e-05	-8.7838e-05	-0.000140376
-2.25473e-06	-1.45315e-06	-0.00010422	-6.73358e-07	-0.00428074	-1.04904e-05	0.00452969	-1.95498e-05	-3.84926e-05	-7.18095e-05
0.0	0.0	0.0	0.0	0.0	0.0	0.0	0.0	0.0	0.0
0.0	0.0	0.0	0.0	0.0	0.0	0.0	0.0	0.0	0.0
0.0	0.0	0.0	0.0	0.0	0.0	0.0	0.0	0.0	0.0
0.0	0.0	0.0	0.0	0.0	0.0	0.0	0.0	0.0	0.0
0.0	0.0	0.0	0.0	0.0	0.0	0.0	0.0	0.0	0.0
0.0	0.0	0.0	0.0	0.0	0.0	0.0	0.0	0.0	0.0
-2.97295e-08	-5.13949e-10	-2.95655e-07	-1.36939e-09	-3.20573e-06	-5.82671e-07	4.95068e-06	-8.00815e-12	-5.33028e-07	-3.01926e-07
0.00102716	-4.43263e-10	-1.33508e-05	-5.52905e-07	-0.000883247	-5.17281e-05	0.000119969	-8.2759e-05	-6.36601e-06	-0.000109127
0.000393296	-1.38165e-06	-0.000435326	-8.75539e-07	-0.000498007	-8.36716e-06	0.000650044	-2.99216e-05	-2.28339e-05	-4.66273e-05
-0.000212357	-3.53486e-06	-1.73561e-05	-0.00011042	-0.000529145	-2.01693e-06	0.000899633	-2.54996e-06	-1.44905e-05	-7.76196e-06
-0.00765361	-2.26508e-05	-0.000748766	-0.000637397	-0.016341	-3.86956e-05	0.0260556	-0.000320977	-0.000127224	-0.000165277
-0.00908896	-0.00107096	-0.0027575	-0.00152934	-0.0555159	-0.000697302	0.0730358	-0.00103378	-0.000647902	-0.000694141
-0.0084506	-0.013206	0.00517345	-0.00507526	-0.069646	-0.00221076	0.0991853	-0.00254791	-0.00188624	-0.00133593
-0.0136773	-0.0250128	0.0316139	-0.00949176	-0.0649691	-0.00744339	0.101815	-0.00398903	-0.00627564	-0.0025699
-0.0135642	-0.0210159	0.0206577	-0.00662273	-0.127968	-0.0177737	0.194769	-0.00854139	-0.0116342	-0.00830653
-0.0237796	-0.0228712	0.0457268	0.00570615	-0.150021	-0.0343849	0.231087	-0.0171366	-0.0203907	-0.013936
-0.0271602	0.00538608	0.031407	0.0125779	-0.197967	-0.0431596	0.283284	-0.0155354	-0.0275357	-0.021297
-0.0351748	0.0595528	0.0226513	-0.00173547	-0.16104	-0.0520546	0.233405	-0.00850968	-0.0356537	-0.0214402
-0.0544174	0.0639349	0.0421412	-0.00274016	-0.118184	-0.0547283	0.190736	-0.0121302	-0.0342103	-0.0204011
-0.0625761	0.123491	0.0563396	-0.0209236	-0.141051	-0.0380248	0.158041	-0.0148295	-0.0369528	-0.0235134
-0.0534132	0.0763264	0.0540493	-0.0145602	-0.141387	-0.0092185	0.164429	-0.00818091	-0.0396545	-0.0283909
-0.0465716	0.0150699	0.00816173	-0.0111956	-0.0740094	0.0157943	0.149159	-0.00584265	-0.0298599	-0.0207057
-0.0341619	-0.00393791	-0.0137749	-0.0176306	-0.0548324	0.0206604	0.131413	-0.00368185	-0.0096986	-0.0143548
-0.0268796	0.0057015	-0.0481754	-0.0119886	-0.0329851	0.00562567	0.141029	-0.00206052	-0.0203514	-0.00991567
-0.0177907	-0.00734478	-0.0248911	-0.0058204	-0.0211383	-0.019066	0.110047	-0.000964018	-0.00908126	-0.00395014
-0.00931354	-0.00623081	-0.0254465	-0.00545024	-0.0170747	-0.0192054	0.0965819	-0.000600092	-0.00850339	-0.00475718
-0.00467661	-0.00273175	-0.0239472	-0.00387626	-0.0190343	-0.0109508	0.073763	-0.000436088	-0.00574739	-0.00236256
-0.00222363	-0.00146144	-0.00607571	-0.00124284	-0.012315	-0.0110194	0.0368344	-6.03339e-05	-0.00215754	-0.000278471
-0.000472868	-0.000472773	0.0158072	-0.0001388	-0.00155603	-0.00553435	-0.00650562	-2.5872e-05	-0.00106818	-3.26709e-05
-7.46557e-06	-2.12645e-05	0.0117033	-8.75919e-07	-0.000285198	-0.000643302	-0.0103794	-2.66818e-08	-0.000364404	-1.35192e-06
0.0	0.0	0.0	0.0	0.0	0.0	0.0	0.0	0.0	0.0
0.0	0.0	0.0	0.0	0.0	0.0	0.0	0.0	0.0	0.0
0.0	0.0	0.0	0.0	0.0	0.0	0.0	0.0	0.0	0.0
0.0	0.0	0.0	0.0	0.0	0.0	0.0	0.0	0.0	0.0
-6.67314e-08	0.000190445	-3.80296e-05	-7.92432e-06	-7.08043e-06	-2.3887e-06	-0.000103687	-7.84734e-09	-3.05148e-05	-7.45125e-07
0.00217199	4.52212e-05	-0.000101651	-1.63051e-05	-0.00293571	-2.58554e-05	0.00169698	-0.000244712	-0.000217193	-0.000372772
-0.00481219	-4.85507e-05	-0.00150828	-0.00139443	-0.00147095	0.00513115	0.00497296	-0.000552833	-0.000151332	-0.000165542
-0.02784	-0.00118917	0.000699576	0.0378847	-0.00327323	-0.0150999	0.0130135	-0.00141459	-0.00209677	-0.000684073
-0.0358225	-0.00172163	0.00288512	0.0311307	-0.0276635	-0.0112126	0.0498908	-0.00212775	-0.00438835	-0.000970311
-0.0402981	-0.011255	0.0271458	0.0505127	-0.0603764	-0.0232696	0.0805748	-0.00773975	-0.0126218	-0.00267264
-0.0122866	-0.0358104	0.0718206	0.0619841	-0.118766	-0.0302232	0.110047	-0.02133	-0.0187294	-0.00670581
-0.0292621	-0.0548149	0.208212	0.0297773	-0.169606	-0.0523623	0.137635	-0.0276264	-0.0270898	-0.0148616
-0.0256523	-0.0946947	0.228716	0.0762775	-0.198644	-0.0553157	0.19022	-0.0498291	-0.041259	-0.0298176
-0.00871318	-0.144555	0.27317	0.191016	-0.244343	-0.0949786	0.222292	-0.0721135	-0.0773804	-0.0443945
-0.02933	-0.080249	0.284149	0.252845	-0.342218	-0.083138	0.205799	-0.0581792	-0.0924992	-0.0571807
0.0220721	-0.038074	0.331526	0.207851	-0.402061	-0.0959097	0.211146	-0.0573807	-0.0999651	-0.0792037
0.00675204	-0.0400072	0.229307	0.316432	-0.332096	-0.0645008	0.192097	-0.0599621	-0.148672	-0.0993506
-0.0216799	0.0286468	0.179262	0.276488	-0.310846	0.00206422	0.174736	-0.060285	-0.149311	-0.119076
-0.0238992	0.0412408	0.200614	0.218536	-0.25431	-0.0166213	0.118931	-0.0508851	-0.129057	-0.104549
-0.0721483	-0.0491352	0.105171	0.195393	-0.178139	0.0641624	0.12437	-0.0394489	-0.0777498	-0.0724754
-0.142922	-0.0984786	-0.0711005	0.183115	-0.118142	0.156382	0.176364	-0.0323297	-0.0184869	-0.0344011
-0.149042	-0.0867402	-0.125579	0.153483	-0.0223904	0.158069	0.194784	-0.0199474	-0.0720722	-0.0305651
-0.105073	-0.0968997	-0.145315	0.12654	0.0138455	0.165906	0.1297	-0.0153237	-0.0492995	-0.0240795
-0.0897124	-0.0783796	-0.113974	-0.0170031	0.00976744	0.124066	0.189909	-0.00758815	-0.00403203	-0.0130531
-0.0615468	-0.0512025	-0.101647	-0.0537622	0.00390201	0.0565189	0.196643	-0.00267894	0.018074	-0.00429983
-0.0315456	-0.03269	-0.0752246	-0.0309833	0.00544968	-0.0247476	0.168019	-0.0010711	0.0246993	-0.00190504
-0.0142628	-0.025228	-0.013667	-0.00985347	-0.00679397	-0.024322	0.0935693	-0.000432516	0.00146525	-0.000474795
-0.00395321	-0.00660759	0.0085096	-0.000286151	-0.000303764	0.015552	-0.0129443	-4.55451e-06	6.95828e-05	-3.16222e-05
-0.00097407	-0.00860719	-0.000331334	-2.05169e-05	-0.000118012	0.00327654	0.00835675	-1.65828e-07	-0.00157935	-2.64796e-06
0.0	0.0	0.0	0.0	0.0	0.0	0.0	0.0	0.0	0.0
0.0	0.0	0.0	0.0	0.0	0.0	0.0	0.0	0.0	0.0
-1.96723e-08	-1.79077e-08	-8.89531e-06	1.37679e-05	-1.29584e-07	-4.04373e-06	-2.41565e-08	-1.29514e-08	-6.14513e-07	-9.97332e-09
-2.30267e-05	0.000649435	-0.000379887	0.000519343	-2.73691e-06	-0.000410522	-0.000406431	-5.06871e-08	5.5184e-05	-1.30747e-06
-0.000265312	-1.75076e-05	-0.00260259	0.00707813	-0.000501526	-0.00268588	-0.000643962	0.000248685	-0.000484962	-0.000125073
-0.00613994	0.00237226	-0.020166	0.0302943	0.00991152	-0.0200636	0.00847431	-0.00119795	-0.0030111	-0.000473884
-0.0438079	0.0196176	0.00412184	0.125852	0.0110851	-0.0851403	0.00253582	-0.0129871	-0.0167253	-0.00455124
-0.0477979	0.00903527	0.0636462	0.170648	-0.022445	-0.12068	-0.000546728	-0.0152808	-0.0292988	-0.00728025
-0.0320338	-0.0253819	0.0720654	0.228641	-0.0441924	-0.132376	0.0253253	-0.0340182	-0.04159	-0.0164392
-0.0162693	-0.0508431	0.140766	0.290771	-0.130315	-0.218047	0.0868128	-0.0571494	-0.0110723	-0.0346516
0.0230593	-0.0838177	0.283985	0.297061	-0.204427	-0.215178	0.0468461	-0.0981422	0.0265971	-0.0759822
0.0222915	-0.100322	0.303076	0.348243	-0.296305	-0.130601	0.0589438	-0.145616	0.0430587	-0.10277
0.0379104	-0.163325	0.345052	0.389705	-0.310751	-0.0331937	-0.0226072	-0.17133	0.0773532	-0.148813
-0.0338905	-0.0489631	0.345342	0.346216	-0.299454	-0.0586948	-0.0504641	-0.181611	0.1854	-0.203881
-0.0162633	0.137432	0.24513	0.355873	-0.242282	-0.178756	-0.0336373	-0.198412	0.15146	-0.220545
-0.0531865	0.185562	0.234963	0.299685	-0.307286	-0.057996	-0.0567395	-0.226958	0.267976	-0.286021
0.0120846	0.100639	0.127707	0.287669	-0.332531	0.154555	-0.0779039	-0.221787	0.273151	-0.323584
-0.0403789	0.048669	0.12512	0.309987	-0.220458	0.12287	0.0151143	-0.214048	0.17839	-0.325266
0.0156441	-0.0203271	0.0740365	0.181913	-0.141829	0.150944	0.0838067	-0.180959	0.071888	-0.235117
-0.0638282	-0.0718963	-0.0110333	0.226872	-0.0877447	0.228459	0.0744487	-0.144642	0.0302818	-0.180916
-0.10857	0.0689286	-0.118099	0.106721	0.0656003	0.106712	0.118451	-0.102309	0.0243955	-0.16183
-0.0985291	0.0830838	-0.128345	-0.00513109	0.125701	-0.057629	0.189769	-0.0762464	0.0746487	-0.107322
-0.0964096	0.0724054	-0.212371	-0.092316	0.113575	0.135912	0.244759	-0.0416425	-0.0293272	-0.0945842
-0.081804	0.0314281	-0.233955	-0.0865912	0.12291	0.105701	0.282861	-0.0327727	-0.0511678	-0.0566088
-0.0922099	-0.00307283	-0.185224	-0.13845	0.128678	0.176297	0.212476	-0.0152101	-0.0603691	-0.0229144
-0.0879648	-0.0816085	-0.0872559	-0.0274084	0.0725441	0.161759	0.0478176	-0.00446413	0.0134409	-0.00685899
-0.0246779	-0.0438199	-0.00717927	-0.00323015	0.00168907	0.0502894	0.00203809	-0.0010858	0.0279416	-0.00196502
-0.0022059	-0.00511146	-0.00206477	-8.43256e-05	-0.00660599	0.00581867	-0.000411026	-0.000268655	0.0116434	-0.00070998
-4.58959e-05	-0.00259448	-0.00166891	-2.01074e-05	-0.00140582	-0.0013263	0.00591969	-1.35962e-05	0.00121475	-5.93272e-05
0.0	0.0	0.0	0.0	0.0	0.0	0.0	0.0	0.0	0.0
0.0	0.0	0.0	0.0	0.0	0.0	0.0	0.0	0.0	0.0
-0.000124629	5.96289e-05	0.000131268	0.00148818	-4.20068e-05	-0.00138074	4.59393e-05	-6.8363e-06	-0.000168541	-2.25865e-06
-0.00201848	0.00257873	-6.34771e-05	0.0365304	0.000783579	-0.0165312	-0.0119082	-0.000373241	-0.00727441	-0.00172371
-0.0176818	0.00585739	0.00162573	0.102379	0.00978117	-0.0770098	0.00854407	-0.00455798	-0.0220624	-0.00687514
-0.0636276	0.0462913	0.0135758	0.236738	0.0316612	-0.144063	-0.0728106	0.0363306	-0.0585283	-0.0255669
-0.0493562	0.00583492	0.0647015	0.288456	0.0197522	-0.198188	-0.0494919	0.0407381	-0.063367	-0.0590788
-0.0522092	-0.0891792	0.14675	0.262138	-0.00238104	-0.132397	-0.0431896	0.0305125	-0.0317941	-0.08825
-0.0233948	-0.201456	0.220851	0.202351	-0.0385488	-0.123991	0.0466517	0.0447078	-0.0126112	-0.114559
0.00681637	-0.237462	0.200979	0.193118	-0.0490073	0.0104274	-0.000491075	-0.00391862	0.04107	-0.161532
0.100428	-0.170186	0.222248	0.17737	-0.160021	0.0843304	-0.00393423	-0.107056	-0.0566366	-0.0865433
0.0640602	-0.163642	0.251665	0.151933	-0.149919	0.0851397	-0.263084	-0.173781	0.138463	0.0591656
0.00773195	-0.0709948	0.215144	0.090465	-0.147251	0.0222364	-0.19902	-0.187957	0.206513	0.0631325
0.137004	0.05778	0.19981	0.0668192	-0.23065	-0.056244	-0.235357	-0.253491	0.194001	0.120328
0.174257	0.123998	0.176013	0.026562	-0.0985159	-0.116215	-0.104835	-0.33211	0.221576	-0.0707309
0.167251	0.151616	0.210302	0.109307	-0.0855091	-0.0848728	-0.158444	-0.35479	0.171954	-0.126815
0.145235	-0.0508747	0.288965	0.232893	-0.0396478	0.0583366	-0.140725	-0.333829	0.177103	-0.337456
0.253034	-0.112039	0.24526	0.0177653	-0.0728772	0.133773	-0.0327552	-0.353725	0.248487	-0.326923
0.239092	-0.00118937	0.163353	-0.00736642	0.0469003	0.131037	0.0865798	-0.354909	-0.0238515	-0.279647
0.0583241	0.0466507	0.0192793	0.0547893	0.139993	0.0482045	0.14575	-0.349723	0.0894038	-0.252671
-0.0367525	0.118724	-0.000260531	-0.0333706	0.0907207	0.164759	0.127529	-0.299301	0.108197	-0.240246
0.00795613	0.232786	-0.03251	-0.145385	0.102765	0.118918	0.144803	-0.197466	-0.00378586	-0.228082
-0.0198022	0.202211	-0.133571	-0.14474	0.1906	0.208518	0.135716	-0.133055	-0.0888966	-0.21698
-0.13639	0.111647	-0.20111	-0.20402	0.280445	0.276843	0.186942	-0.0710227	-0.10958	-0.133755
-0.148453	0.0178915	-0.141726	-0.0677779	0.10063	0.257152	0.0833337	-0.0249794	-0.0171563	-0.0589144
-0.0608986	-0.0630299	-0.0323482	-0.0154734	-0.00713746	0.148083	-0.00854375	-0.00791693	0.0666256	-0.0193599
-0.017307	-0.0106464	-0.007775	-0.00142103	-0.0112366	0.0388707	0.0122172	-0.00301847	0.00297975	-0.00266308
-0.00478379	-0.00330121	-0.00245383	-7.10089e-05	-0.00016818	0.00340402	0.00883404	-7.81588e-05	-0.00135339	-2.84968e-05
0.0	0.0	0.0	0.0	0.0	0.0	0.0	0.0	0.0	0.0
-1.78843e-06	-8.95857e-07	-1.11228e-05	0.000165566	-4.57085e-07	-1.96133e-05	-1.2624e-07	-3.6825e-06	-1.38615e-05	-0.000114018
-0.000558359	-0.00503804	-0.0015293	0.00180178	-0.0018805	0.00170006	-0.000649729	0.0103696	-0.00214241	-0.0020731
-0.00215825	0.00190285	0.010114	0.0691344	-0.0130274	-0.0595413	-0.0170683	0.0437742	-0.0212733	-0.0118569
-0.0267344	0.00186232	0.0480439	0.143641	0.0168645	-0.12696	0.00196345	0.0330337	-0.0449665	-0.0467475
-0.0348802	-0.0209855	0.0687986	0.234241	0.0884221	-0.148406	-0.0672914	0.080373	-0.0694261	-0.130844
-0.041106	-0.0670358	0.150298	0.255293	0.0865978	-0.129854	-0.119109	0.135114	-0.0949829	-0.175215
-0.0471727	-0.151386	0.161982	0.141311	0.075804	-0.0164015	-0.0320303	0.147242	-0.0497857	-0.229562
-0.0527898	-0.250885	0.121041	0.18273	-0.0142369	0.0206601	-0.0326093	0.189713	0.0293336	-0.192955
-0.115523	-0.316529	0.18835	0.245927	-0.00856516	0.0217003	-0.103049	0.142361	0.031779	-0.0864513
0.0234613	-0.201175	0.150333	0.242865	-0.112065	0.0357227	-0.211848	0.168821	-0.0625205	-0.0335934
0.00871249	-0.0904717	0.0275635	0.137436	-0.202267	0.00432973	-0.217911	0.195324	0.0280085	0.109276
-0.0399655	-0.120764	0.0514636	0.0896628	-0.189543	0.00213052	-0.165524	0.0809048	0.175773	0.115863
0.138587	-0.143195	0.0913364	0.255137	-0.270129	-0.0208123	-0.275848	-0.102964	0.0578259	0.270062
0.123928	-0.113038	0.088421	0.174988	-0.311445	0.0699792	-0.231965	-0.118218	0.0481867	0.269162
0.0400684	-0.187962	0.112732	0.142687	-0.336906	-0.0513012	-0.133343	-0.0311623	0.269973	0.175215
0.0989956	-0.214502	0.149557	0.209467	-0.328401	-0.0906829	-0.172263	-0.0326747	0.144509	0.235995
0.203382	-0.241428	0.0529606	0.112594	-0.21743	-0.0202102	-0.147866	-0.00453101	0.0995758	0.162953
0.274446	-0.098613	0.0336111	0.192868	-0.249332	0.0474582	-0.19532	-0.0882109	-0.108734	0.191827
0.140376	-0.0962456	-0.0584369	-0.0559495	-0.0358382	0.152181	-0.100271	-0.117291	0.155138	0.016336
0.103265	0.0553397	-0.0934453	0.0438811	-0.0791293	0.107146	-0.037691	-0.117241	0.0536559	-0.0357809
0.206215	0.0996581	-0.0632998	0.00389851	0.0184179	0.0322262	-0.0374638	-0.0829042	-0.0331182	-0.14363
0.191767	0.102932	-0.137927	-0.134273	0.254541	0.193047	-0.0222106	-0.132999	-0.052739	-0.262139
-0.0372448	0.0623189	-0.269544	-0.197266	0.359666	0.355838	0.00108841	-0.13266	0.101993	-0.244191
-0.220643	-0.0123955	-0.153565	-0.0914371	0.126889	0.51026	-0.00421797	-0.0656605	0.0560798	-0.145308
-0.144158	-0.0615836	-0.0448775	-0.0328855	-0.00369426	0.295489	-0.0240209	-0.0290626	0.0966386	-0.0518447
-0.0617669	-0.00724864	-0.00666191	-0.0039498	0.0158166	0.111562	-0.0226341	-0.00980676	-0.000512176	-0.0147979
-0.0141345	-0.000309873	-0.000431676	-0.000333013	-0.0008175	0.0212615	-0.00127159	-0.000585534	-0.00270539	-0.000672399
0.0	0.0	0.0	0.0	0.0	0.0	0.0	0.0	0.0	0.0
-0.000160925	-0.000344903	-0.000603461	0.00520694	-0.000357899	-0.000857604	-8.14123e-05	0.00253152	-0.00157342	-0.00375884
-0.000623369	-0.00699986	0.00887098	-0.00484894	-0.00297439	-0.0100743	-0.00269428	0.0316332	-0.00426854	-0.00802049
-0.00462579	-0.0051643	0.0207421	0.0661067	-0.00710059	-0.0787083	-0.0243509	0.0968394	-0.0214441	-0.0422938
-0.0442554	-0.00642021	0.119605	0.260938	0.0393105	-0.262166	-0.00901826	0.0624315	-0.0338354	-0.126588
-0.0305036	-0.0682992	0.106119	0.346704	0.125058	-0.233327	-0.0695639	0.109131	-0.0353839	-0.249933
-0.0316622	-0.13607	0.221833	0.189438	0.0719691	-0.111	-0.149539	0.213614	-0.0142263	-0.254356
-0.0687605	-0.178183	0.0561956	0.0853896	0.0739376	0.0588948	-0.0219739	0.229003	0.0487003	-0.283203
-0.129308	-0.31485	0.0894011	0.0787556	-0.0174367	0.151423	-0.0404705	0.182832	0.104556	-0.104903
0.00940937	-0.281192	0.019459	0.0882155	-0.0598855	0.0605528	-0.126156	0.248998	0.00551828	0.0350809
0.0258856	-0.195938	-0.0452303	0.0464057	-0.168614	0.147728	-0.183736	0.300716	0.0517607	0.0210244
0.0498101	-0.178385	0.0334432	0.0515811	-0.218672	0.112236	-0.126932	0.260964	-0.0800568	0.0960111
0.0285221	-0.0898679	-0.0267667	0.145103	-0.392934	0.0302991	-0.164205	0.204567	-0.0316097	0.296893
0.0870017	-0.167999	0.13329	0.108666	-0.314841	-0.064398	-0.24153	0.0834161	-0.0392995	0.415695
0.0690307	-0.14229	0.0677632	0.226552	-0.373719	0.0949024	-0.171868	-0.0561108	-0.213625	0.499366
0.0363332	-0.305825	-0.0265225	0.199101	-0.373366	-0.122372	-0.145334	0.0460245	0.158652	0.533309
0.0835604	-0.219344	0.0117426	0.00438697	-0.416157	0.0670347	-0.271651	0.162972	0.0780165	0.499439
0.21388	-0.18445	-0.169164	0.122128	-0.239485	0.0922296	-0.239439	0.230666	-0.111914	0.285551
0.217524	-0.210506	-0.0800462	0.0366197	-0.24208	0.0652003	-0.277856	0.25455	0.0796339	0.156961
0.13806	-0.0668605	-0.0389207	0.0737503	-0.100236	0.107942	-0.280374	0.158114	-0.0632038	0.0717289
0.0211987	0.0245071	-0.0962535	0.0372887	-0.130251	0.105267	-0.223196	0.184082	-0.0065729	0.0839297
0.0701376	-0.0246067	0.00853917	-0.0722438	-0.0473758	0.118762	-0.196371	0.0679524	0.0738674	0.00133937
0.137645	-0.0248061	0.0322589	-0.131266	0.182534	0.165082	-0.227265	0.0259029	0.0434625	-0.20355
0.110055	-0.0798827	-0.286314	-0.213823	0.286282	0.389975	-0.173059	-0.0267484	0.269542	-0.276028
-0.124527	-0.178852	-0.220759	-0.164869	0.0976423	0.614559	-0.0277431	-0.0584116	0.268754	-0.205792
-0.166521	-0.102773	-0.0594563	-0.0443137	-0.00951145	0.514508	-0.0567695	-0.0480489	0.0560335	-0.0831475
-0.0654125	-0.00509343	-0.00893854	-0.00320474	0.0192284	0.116624	-0.0212228	-0.0101711	0.00318894	-0.0249979
-0.00478699	-0.0017386	-0.00042828	-0.000185291	-0.000949017	0.0125631	-0.00370031	-0.000427894	0.000310481	-0.000657244
0.00514851	-2.1652e-07	-0.000127417	-4.29303e-07	-0.000159134	-3.33549e-06	-6.0521e-06	-0.00322577	-1.11208e-05	-0.00161504
-0.000220142	-0.00033051	0.000647422	-0.0031367	-0.00626165	-0.000978539	-0.00025412	0.0284209	-0.00188609	-0.0160006
-0.000821972	-0.00426192	0.00654202	-0.00695195	-0.00120666	-0.0129879	-0.00298384	0.0635857	-0.00671802	-0.0341954
-0.00262429	-0.00209264	0.0183453	0.0756869	-0.0107262	-0.0876561	-0.0243255	0.163629	-0.0138289	-0.116407
-0.0691229	-0.0190509	0.138064	0.296822	0.0108571	-0.333403	-0.017787	0.183084	0.00137525	-0.190837
-0.0601366	-0.0578106	0.0891534	0.255722	0.10135	-0.266652	-0.101705	0.204873	0.0619425	-0.226735
-0.0698862	-0.138464	0.0885863	0.147412	0.02323	-0.135862	-0.161443	0.214771	0.148955	-0.117299
-0.0850326	-0.169696	0.0476152	0.0836246	0.00994721	-0.0624162	-0.0996881	0.309502	0.163435	-0.197291
-0.0514506	-0.300302	0.0381556	0.0463827	-0.0983586	0.113995	-0.0918846	0.188093	0.0337469	0.121623
0.08383	-0.335437	0.0196773	0.0144005	0.00583593	0.0411082	-0.122445	0.16761	0.157434	-0.0320149
0.0223407	-0.260516	0.199937	0.0501691	-0.155677	0.0842939	-0.171504	0.143146	0.105983	-0.0181732
0.00464734	-0.208753	0.108671	0.0307613	-0.12984	0.128287	-0.152058	0.276023	-0.00149839	-0.0562406
0.0984033	-0.0756128	-0.0288974	0.0853033	-0.236607	-0.00261741	-0.18504	0.301092	0.189818	-0.14584
0.0469942	-0.0314796	-0.0217812	0.0824618	-0.207377	-0.0730958	-0.247861	0.114284	0.189926	0.147929
0.171187	-0.016922	0.0577368	0.200312	-0.39094	-0.115835	-0.317908	0.18145	-0.143379	0.3743
0.237907	0.0182988	0.0311399	0.19494	-0.370171	-0.213066	-0.347016	0.248335	-0.0893	0.288933
0.397249	-0.143561	-0.0400489	0.0673063	-0.402746	-0.0742522	-0.384769	0.281612	0.109731	0.18948
0.271741	0.0299558	-0.0675882	0.124263	-0.215997	-0.0135978	-0.387083	0.242396	-0.014627	0.0305391
0.14253	-0.120183	-0.133923	0.221131	-0.0618842	-0.0233599	-0.513885	0.328804	0.0966423	0.0641276
0.096964	-0.0891557	0.10611	0.0998907	-0.0726701	0.0829032	-0.464909	0.162952	0.10022	-0.0223045
0.122668	-0.14157	0.00487936	0.119173	-0.0746345	0.19582	-0.35171	0.163149	0.0431141	-0.0808878
0.0468621	-0.187437	-0.0292393	0.0979998	-0.0561796	0.143701	-0.283905	0.0254376	0.133093	0.109667
0.192184	-0.204799	-0.0322807	0.104579	-0.0157152	0.103192	-0.332858	0.111942	0.174987	-0.101231
0.276559	-0.288967	-0.0997944	-0.311053	0.0866119	0.533524	-0.31064	0.0416475	0.31593	-0.243817
-0.00655582	-0.266223	-0.250881	-0.244901	0.0154988	0.863162	-0.188618	-0.0859537	0.352239	-0.187768
-0.168258	-0.115741	-0.0869269	-0.0590457	-0.00719545	0.624046	-0.106571	-0.0663714	0.0794437	-0.0933804
-0.0542119	-0.00944141	-0.0110894	-0.00429403	-0.0309371	0.15229	-0.0535068	-0.0127747	0.0458489	-0.0218837
-0.00290465	-0.00129387	-0.000753023	-5.04933e-05	-0.000819394	0.00700301	-0.0039073	-0.0025329	0.00621267	-0.000954051
-2.77203e-06	-5.77637e-06	-5.38487e-06	-8.73663e-05	-0.000346493	-4.25882e-05	-2.69173e-06	0.00143885	-1.8487e-05	-0.000927295
-0.000430149	-5.99118e-05	-0.000514007	-0.00301875	-0.00700331	-0.000975411	-0.000135727	0.0354137	-0.00132496	-0.0219515
0.00120058	-0.00280139	-0.00261406	0.0165456	-0.00651646	-0.00665508	-0.00387951	0.0734982	-0.0153199	-0.0534579
0.00353554	-0.00364503	0.0291567	0.093369	-0.0646063	-0.0876547	-0.0314828	0.215375	-0.0233082	-0.130739
-0.0545442	-0.0379073	0.107996	0.301298	-0.0865724	-0.274796	-0.0174669	0.272836	0.029128	-0.239971
-0.0499167	-0.111677	0.180781	0.162494	-0.0156121	-0.230522	-0.136118	0.20429	0.103762	-0.107483
-0.0793055	-0.14678	0.0471383	0.102472	-0.0701129	-0.0858928	-0.157869	0.125375	0.169393	0.0955811
-0.0916774	-0.142357	-0.0238457	0.102394	-0.053407	0.0164678	-0.043797	0.0894842	0.129001	0.0177366
-0.0635705	-0.219504	-0.0643552	0.0718014	-0.0466029	0.146163	-0.0544888	0.0350193	0.119185	0.076352
0.0221935	-0.286356	0.0823148	-0.0111806	-0.00783413	0.0570399	-0.137553	0.0722655	0.19923	0.00987969
0.0663737	-0.211824	0.186955	-0.168381	-0.146956	0.145566	-0.189812	-0.00404439	0.173466	0.148656
-0.0469328	-0.105817	0.0934272	-0.310826	-0.0940206	0.28922	-0.13716	0.139566	0.107098	0.0654445
0.00597292	-0.0822842	0.0594226	-0.274823	-0.0619315	0.200642	-0.210505	0.285349	0.0611129	0.0170456
0.160993	0.0384055	0.0820761	-0.110956	-0.133381	-0.0043099	-0.32653	0.208851	0.0429627	0.0418895
0.0703036	0.216824	0.148054	0.236942	-0.571229	-0.186178	-0.223875	0.365786	-0.254068	0.19744
-0.00646958	0.411493	0.170069	0.343996	-0.401099	-0.362915	-0.357955	0.363643	-0.416082	0.255323
0.186082	0.140947	0.173896	0.267408	-0.129056	-0.35218	-0.493791	0.364745	-0.16631	0.00825921
0.295727	0.0196277	0.0130151	0.162719	-0.0701727	-0.199748	-0.581928	0.374727	-0.00752742	-0.0064409
0.246688	-0.108232	0.0491641	0.0954625	0.0239244	-0.0965857	-0.558441	0.249747	0.0184958	0.0797766
0.226409	-0.189506	0.0171213	0.144259	-0.0355992	-0.0630463	-0.49516	0.273923	0.097877	0.023723
0.149591	-0.263275	-0.0172378	0.255907	-0.0134185	0.0179437	-0.355033	0.118685	0.110187	-0.00334918
-0.0267258	-0.290979	-0.0584656	0.211727	-0.02664	0.193421	-0.258356	0.212385	0.161931	-0.118298
0.0821838	-0.320895	0.0274393	0.166139	-0.0441612	0.228571	-0.359978	0.148587	0.191397	-0.119285
0.353597	-0.311075	-0.109952	-0.166714	-0.0794485	0.581248	-0.280634	-0.0463977	0.288266	-0.228891
0.112022	-0.20197	-0.234894	-0.210236	-0.200812	1.07495	-0.236892	-0.0822393	0.172376	-0.192307
-0.168384	-0.0891074	-0.0682621	-0.0401243	-0.1422	0.801154	-0.187727	-0.0382384	0.0251357	-0.0922463
-0.0555702	-0.0112122	-0.00773155	-0.0058867	-0.0477815	0.181718	-0.0726122	7.76786e-05	0.0483403	-0.0293416
-0.00100425	-0.00166965	-0.000853913	-0.000314304	-0.00411985	0.012578	-0.00449435	0.0184149	-0.0162764	-0.00226011
-4.36868e-06	-6.76594e-06	-1.07181e-05	-0.000140923	-0.000405438	-5.48408e-05	-3.18304e-06	0.00200912	-2.59008e-05	-0.00135698
-0.000480882	-2.73985e-05	-0.000159429	-0.00243453	-0.00654468	-0.000861894	-4.70555e-05	0.0338158	-0.000735013	-0.0225249
0.0114572	-0.00150683	-0.00165383	0.00944442	-0.0224173	-0.00709075	-0.0112352	0.104444	-0.0127883	-0.0686538
-0.00714252	-0.0208816	0.037648	0.140197	-0.0793297	-0.0737882	-0.0331292	0.208787	-0.0471955	-0.125164
-0.0450778	-0.0428049	-0.00800705	0.152391	-0.0936969	-0.136457	-0.0443316	0.292252	0.0989331	-0.1732
-0.0267111	-0.112663	0.119507	0.000960445	-0.104264	-0.114439	-0.114709	0.193499	0.106187	0.0526321
-0.0693009	-0.184426	0.128101	-0.0425485	-0.11641	0.00425506	-0.108866	0.0408092	0.164827	0.183558
-0.0992237	-0.167134	-0.0701623	-0.108261	-0.0449837	0.151937	0.0166879	0.0306979	0.207901	0.0825391
-0.0622885	-0.173289	-0.0638253	-0.263998	0.00817807	0.272904	0.0218192	-0.104816	0.181538	0.183778
0.0130988	-0.222483	-0.116041	-0.423326	0.144709	0.325086	-0.110995	0.0158301	0.244124	0.129998
-0.0880912	-0.0972514	-0.0553668	-0.483817	0.0729459	0.242832	-0.0501354	0.00370135	0.272967	0.182214
0.00635667	-0.00968611	-0.0381349	-0.528831	0.0627852	0.244059	-0.100783	-0.0626751	0.238802	0.18811
0.00588615	-0.0157049	-0.108712	-0.480141	0.198045	0.321945	-0.203314	-0.0815564	0.231509	0.132044
0.0882075	0.207262	-0.215796	0.0295523	-0.235345	0.176001	-0.112256	0.176273	0.0566927	-0.170593
-0.00766043	0.500853	-0.0435289	0.235961	-0.73586	0.0304463	-0.24249	0.330031	-0.0461104	-0.0216402
-0.149831	0.661279	-0.0992228	0.228626	-0.181549	-0.148198	-0.444212	0.456268	-0.272779	-0.0503808
-0.0426761	0.246038	0.0283072	0.216486	-0.056586	-0.229577	-0.446192	0.549904	-0.296715	0.0310124
0.213642	0.0415147	0.100461	0.162207	0.039164	-0.356117	-0.445372	0.345068	-0.141793	0.0412273
0.233994	-0.170812	0.0712366	0.191937	-0.0420086	-0.346462	-0.442532	0.319239	0.115105	0.0703039
0.123007	-0.190685	0.00550142	0.232612	0.0304348	-0.306589	-0.414888	0.326551	0.179632	0.0144218
0.165837	-0.310535	-0.0474866	0.314637	-0.123396	-0.15922	-0.281918	0.318604	0.101291	0.0221863
0.0735183	-0.293141	-0.0325607	0.167554	-0.088396	-0.0357549	-0.220553	0.347095	0.128625	-0.0463871
0.177807	-0.276552	-0.0117009	0.0590251	-0.130333	0.061652	-0.238508	0.186629	0.207285	-0.0353053
0.376936	-0.237939	-0.0974457	-0.107035	-0.335373	0.512748	-0.124833	-0.132304	0.244592	-0.0993461
0.168848	-0.169797	-0.169125	-0.14111	-0.277101	1.04422	-0.191806	-0.104945	0.0412715	-0.200451
-0.170831	-0.062433	-0.0408108	-0.0220101	-0.176435	0.887768	-0.231048	-0.0320842	-0.065698	-0.0864176
-0.0709222	-0.0148628	0.00272166	-0.00396031	-0.0498891	0.231266	-0.0703023	-0.00118101	0.00737409	-0.0302438
-0.000550219	0.000353266	-0.00043962	-0.000114675	-0.00102509	0.00662297	-0.008892	0.00407734	0.00417294	-0.00420491
-2.84976e-05	-3.14704e-06	-1.17092e-05	-8.80361e-05	-7.34963e-05	-6.53658e-05	-4.22935e-06	0.00096213	-3.13402e-05	-0.000656308
0.00234873	0.000265769	-0.000347494	-0.00180205	-0.0141313	-0.00458326	-0.000141865	0.0492158	-0.00101363	-0.0298107
-0.00421664	-0.00015842	-0.00378658	0.00789782	-0.0653573	-0.0104426	-0.00107128	0.190113	-0.00852484	-0.104453
-0.0146136	-0.0142418	-0.0195333	0.117405	-0.0714137	-0.0776174	-0.0348345	0.259669	-0.0183581	-0.12646
-0.112986	-0.0245917	-0.0909768	0.0867329	-0.131245	-0.0591154	-0.0313476	0.328248	0.052114	-0.0168316
-0.0900471	-0.0643746	-0.112104	-0.134258	-0.0932305	-0.0106943	-0.0216248	0.125135	0.175522	0.225676
-0.0348504	-0.158989	-0.211588	-0.251356	0.00439747	0.200531	-0.0291344	0.0140511	0.22309	0.243849
-0.0381839	-0.175864	-0.326848	-0.410017	0.0466893	0.156519	0.117339	0.0984792	0.375473	0.156413
-0.043667	-0.185535	-0.349436	-0.44516	0.155454	0.188397	0.0428745	-0.0486505	0.281984	0.403741
-0.121232	-0.224861	-0.384693	-0.429978	0.291689	0.209004	0.0810514	0.107787	0.30254	0.168691
-0.0553386	-0.166851	-0.574071	-0.349726	0.361415	0.173798	0.0505063	0.158479	0.193652	0.208138
-0.0420898	-0.164912	-0.537196	-0.198066	0.227413	0.159045	-0.0251671	0.129052	0.158607	0.293316
-0.0902115	-0.0786691	-0.639772	-0.0630569	0.3745	0.280434	0.0762467	-0.0452709	0.173938	0.0118612
-0.0361918	0.267456	-0.699492	0.195366	-0.48119	0.425079	0.103711	0.0582874	0.257828	-0.0908537
-0.326154	0.686046	-0.483921	0.158978	-0.650224	0.0884246	-0.222748	0.287608	0.44679	0.0152003
-0.553475	0.680586	-0.404443	0.205898	0.100273	-0.156741	-0.474486	0.429507	0.00978826	0.163094
-0.486597	0.199355	-0.182665	0.055978	0.328235	-0.166767	-0.294545	0.432824	-0.148273	0.262457
-0.107442	-0.0422575	-0.237988	0.221511	0.134383	-0.183049	-0.31869	0.348661	-0.156443	0.341316
-0.0524381	-0.043502	-0.0769528	0.151806	-0.0699995	-0.189149	-0.255535	0.40058	-0.1268	0.261991
0.089262	-0.173699	0.140371	0.165223	-0.0639134	-0.387273	-0.204215	0.19643	0.00597062	0.231844
0.152959	-0.198425	-0.0557764	0.27229	-0.171449	-0.545714	-0.133954	0.256846	0.000104119	0.423118
0.190013	-0.179063	-0.00162216	-0.0590234	-0.129263	-0.460553	-0.026392	0.2747	0.117452	0.273752
0.212116	-0.144067	-0.0450378	-0.0899355	-0.199581	-0.429683	0.0213443	0.152123	0.302226	0.220496
0.318946	-0.114989	-0.114904	-0.145348	-0.302844	-0.053657	0.175435	-0.119823	0.373968	-0.0167828
0.231446	-0.0883112	-0.0852501	-0.104607	-0.241738	0.303284	-0.0250751	-0.0991822	0.259854	-0.150419
-0.104736	-0.0440749	0.0231979	-0.00570177	-0.113546	0.470208	-0.182746	-0.0371231	0.0692725	-0.0747499
-0.043585	-0.0122735	0.00684932	-0.00210966	-0.0151302	0.128479	-0.0923169	-0.00870216	0.0610536	-0.022264
-0.000351062	0.00217959	-0.000144942	-3.44944e-05	-0.000594683	0.00386522	-0.00503702	-4.41359e-05	0.00231898	-0.00215745
-1.23512e-06	-3.15306e-08	-3.56039e-06	-1.88476e-05	-1.55251e-06	-7.36881e-06	-1.7081e-08	0.00100205	-1.34622e-05	-0.000955971
-5.94748e-05	-9.47739e-05	-1.95419e-05	-0.00207641	-0.0214581	-0.00564213	-0.000189535	0.0496809	-0.000678586	-0.0194624
-0.00475987	-0.00096279	-0.00139512	-0.00585919	-0.0696924	-0.00912653	-0.00110607	0.192108	-0.0051099	-0.0940957
-0.0259677	-0.000925224	-0.0615041	0.0146664	-0.105629	-0.0306368	-0.0289017	0.31244	0.0148578	-0.0884
-0.101733	0.000714001	-0.147305	-0.0373808	-0.180748	0.00308566	-0.0472585	0.324466	0.00951714	0.176644
-0.0340327	-0.0395982	-0.388775	-0.196793	-0.0604576	0.0547	-0.00840922	0.170517	0.171557	0.331293
0.0960517	-0.0772106	-0.648646	-0.312171	0.125073	0.23501	0.109639	0.0177105	0.154936	0.299606
0.0255551	-0.105506	-0.732216	-0.359669	0.253915	0.135713	0.170463	0.216062	0.227048	0.168635
-0.0335392	-0.144021	-0.484305	-0.352984	0.354145	0.072172	0.106993	0.219635	0.0782209	0.183682
-0.0368364	-0.164097	-0.486667	-0.150041	0.247898	0.013622	0.167478	0.00112772	0.118054	0.289462
0.0131188	-0.305897	-0.546484	0.0576408	0.430513	0.243787	0.0470093	-0.0757168	-0.112935	0.248965
0.0297136	-0.407311	-0.500518	-0.0429893	0.558019	0.232851	0.189361	-0.132032	-0.0672061	0.140111
0.0966989	-0.0552723	-0.534548	0.0272319	0.647353	0.270193	0.198899	-0.54617	0.120207	-0.224592
-0.0807228	0.242171	-0.450789	0.140899	-0.103069	0.286967	0.127614	-0.652809	0.454989	0.0347502
-0.533787	0.823622	-0.422019	0.396375	-0.384808	-0.0560248	-0.221044	-0.154142	0.284234	0.267591
-0.721105	0.511355	-0.445473	0.183338	0.191704	-0.104445	-0.264103	0.279147	0.0737464	0.295837
-0.606207	0.128872	-0.294942	0.0710428	0.354764	-0.287935	-0.0810551	0.411039	-0.0123919	0.316815
-0.170361	0.0957237	-0.302062	0.0187492	0.102315	-0.319211	-0.1155	0.347065	-0.0101694	0.353449
-0.0247609	-0.0272986	-0.156177	0.0832483	0.00747459	-0.265228	-0.157669	0.276364	-0.0939239	0.357972
0.054726	-0.160097	0.121919	-0.00832257	0.0609658	-0.312819	-0.193779	-0.0300151	0.0752341	0.392189
0.0368327	-0.129171	-0.0408838	-0.0735636	0.0606259	-0.461817	-0.0771003	0.0738372	0.206473	0.404768
0.113464	-0.0837665	0.00173848	-0.36075	0.136302	-0.697157	0.0957016	0.0726833	0.350866	0.370917
0.267675	-0.0686096	-0.0875361	-0.283778	0.0168072	-0.803259	0.274904	0.0241655	0.367845	0.291785
0.379823	-0.042474	-0.244631	-0.161732	-0.143196	-0.685686	0.458268	-0.0947512	0.426784	0.107597
0.339764	-0.0349347	0.0156248	-0.067745	-0.0837374	-0.472346	0.199798	-0.0804424	0.32684	-0.14282
-0.0174745	-0.0187096	0.123422	0.00233335	-0.027623	0.0199662	-0.106804	0.00417069	0.0905258	-0.0698071
-0.0214605	-0.0105456	0.0656941	-0.000375729	-0.00736609	0.0571619	-0.0911728	0.00970217	0.0196387	-0.0212761
-0.000128404	0.00195994	0.00684313	-3.95462e-05	-0.00352214	-0.00145921	-0.00393792	0.00497284	-0.00388969	-0.000798994
-6.40062e-09	2.78508e-05	-3.27143e-06	-8.32277e-06	-1.41848e-07	-1.20586e-06	-1.1113e-06	-4.25423e-06	-3.17334e-06	-6.36357e-06
0.00035096	-1.63377e-05	-1.54959e-05	-0.00122069	-0.0132511	-0.0011843	-0.000196249	0.0246197	-0.000177039	-0.00890946
-0.00217455	-0.000339327	-0.000534128	-0.00404052	-0.0415255	-0.00288967	-0.000510004	0.11734	-0.00147313	-0.0638536
-0.0155173	0.00418154	-0.0735969	-0.00022712	-0.0846785	8.06646e-06	-0.0246334	0.233445	0.0101078	-0.0490891
-0.0466092	0.00651567	-0.258091	-0.103229	-0.0771893	0.043164	-0.0670104	0.191792	-0.0315582	0.342216
0.0022024	-0.0318028	-0.533543	-0.199693	0.136864	0.124757	0.0438938	0.0646222	0.0177363	0.374963
0.176304	-0.0659426	-0.724393	-0.290654	0.33654	0.0786753	0.239725	0.0594737	-0.00409119	0.194363
0.218226	-0.0967166	-0.634193	-0.31412	0.315672	0.151891	0.0782065	0.0896162	-0.0126838	0.2041
0.0905161	-0.0629553	-0.355827	-0.185151	0.317768	0.0195143	0.0830313	-0.00809772	-0.0791838	0.180386
0.0772829	-0.172485	-0.251162	-0.0530792	0.278499	0.0609745	0.126753	-0.112254	-0.0133096	0.0587809
0.113958	-0.502023	-0.124101	-0.11143	0.407987	0.22931	0.184025	-0.10994	-0.166052	0.0782672
0.0846094	-0.562448	0.00461035	-0.157706	0.600384	0.27654	0.120742	-0.432555	0.0809876	-0.0151665
0.0661938	-0.123174	-0.0829257	0.0923323	0.382061	0.345236	0.15827	-0.900487	0.243264	-0.180772
-0.343011	0.300739	0.0537574	0.317836	-0.133168	0.194313	0.00953314	-0.896021	0.398637	0.0973855
-0.607315	0.653627	-0.0198207	0.257504	-0.0878838	-0.052504	-0.160495	-0.264058	0.0317865	0.249159
-0.734013	0.404794	-0.270215	-0.0617081	0.278896	-0.231814	0.0456526	0.059467	0.238824	0.270115
-0.577391	0.145298	-0.289492	0.0781692	0.248657	-0.384382	0.0487036	0.193161	0.0882579	0.449018
-0.226138	0.139607	-0.156444	0.0938679	0.211731	-0.222979	-0.149941	0.115529	-0.151458	0.346225
-0.0655788	-0.190985	-0.149589	0.130721	0.173299	-0.130723	-0.16612	0.117826	-0.00256135	0.283711
-0.0740915	-0.225539	-0.12414	-0.0671608	0.154105	-0.0681531	-0.0106579	-0.00960793	0.0558336	0.369412
-0.175652	-0.157059	-0.098044	-0.371111	0.268708	-0.0773826	-0.0525458	0.148301	0.195928	0.318858
0.0357819	-0.106367	-0.0151407	-0.366406	0.242808	-0.317423	0.171838	0.054262	0.00630774	0.294339
0.24143	-0.0883618	-0.10339	-0.345083	0.150802	-0.40506	0.372778	-0.0072206	0.0777698	0.106337
0.373201	-0.0746525	-0.137701	-0.163046	-0.0303044	-0.525267	0.56228	0.00458776	0.136857	-0.145954
0.299468	-0.057917	0.169557	-0.0555998	-0.0986522	-0.415112	0.260703	0.0141002	0.0923232	-0.20887
0.0300537	-0.0320206	0.268782	-0.0048928	0.0038947	-0.0826043	-0.12795	0.0226107	0.0199551	-0.0978284
-0.0067449	-0.0147306	0.169408	-0.000791448	-0.00594471	-0.00503752	-0.10179	0.00130445	-0.0081286	-0.0275437
-0.00106573	-0.000352999	0.0444524	-0.00163612	-0.0108879	-0.012455	-0.0132705	-0.00254482	-0.0012044	-0.00103489
-3.30804e-05	-6.7847e-07	-9.25883e-06	-0.000857662	-3.75057e-05	0.0034351	-6.48682e-05	-2.9605e-05	-0.000122926	-0.00227952
-4.71932e-05	-5.58308e-06	-0.00556949	0.00578021	-0.00601312	-0.000596802	-1.2217e-05	0.011077	-0.000457426	-0.00415535
-0.000602277	0.000465587	-0.00394133	0.00239209	-0.0164631	-0.00119522	-5.18927e-05	0.0586388	-0.000790155	-0.0384525
-0.036594	0.00760195	-0.0595896	0.00839622	-0.0142671	0.00557026	-0.0134307	0.113735	-0.00823493	-0.00318741
-0.043652	0.00797477	-0.185207	-0.0400327	0.174479	0.0221412	-0.134864	0.0562233	-0.0755792	0.218517
0.1444	-0.0411886	-0.403818	-0.184222	0.340795	-0.0104528	0.0267904	0.0514859	-0.0742082	0.150417
0.177543	-0.0765326	-0.278585	-0.306292	0.32361	-0.00618468	0.176568	-0.0335532	-0.167835	0.191261
0.310051	-0.107772	-0.0976093	-0.30845	0.340148	0.000478905	0.0702038	-0.0388618	-0.328314	0.160125
0.196911	-0.0727663	-0.077569	-0.182386	0.285542	0.0712691	0.134223	-0.158385	-0.28174	0.0849006
0.206091	-0.233204	-0.0197929	-0.0835036	0.243042	0.17011	0.200405	-0.254198	-0.251139	0.0221888
0.119313	-0.537502	0.049939	-0.167857	0.29025	0.276862	0.262601	-0.245791	-0.0410391	-0.00677781
0.158834	-0.525658	0.100396	-0.203111	0.343366	0.0611223	0.37091	-0.533604	0.256891	-0.029146
0.0546808	-0.0131567	0.0333826	0.122315	0.196599	0.074124	0.187886	-0.818567	0.279129	-0.116392
-0.339956	0.333809	0.256608	0.0755873	-0.164183	0.0422259	-0.0553531	-0.600985	0.426361	0.0258859
-0.639071	0.568563	0.0826078	0.11479	-0.0320418	-0.0853989	-0.0733346	-0.185673	0.22247	0.0270892
-0.665637	0.385696	-0.148911	0.0610693	0.176121	-0.165936	0.0713313	-0.0521636	0.145449	0.192982
-0.612604	0.172556	-0.10505	0.0406146	0.365236	-0.288697	0.128998	0.018911	-0.0992671	0.379303
-0.188491	-0.211287	-0.212443	0.0913116	0.467672	-0.285935	-0.204867	0.234295	0.0163845	0.293361
-0.0647345	-0.411458	-0.0366197	0.0474234	0.258732	-0.15832	-0.178482	0.407416	-0.0506505	0.186692
-0.106189	-0.328969	-0.113799	-0.06977	0.331405	-0.191607	-0.0519448	0.493986	-0.0312672	0.0681552
-0.0170622	-0.209109	-0.0290213	-0.193621	0.217684	-0.0517898	-0.0212367	0.285739	-0.149699	0.168117
0.127783	-0.137591	-0.106128	-0.081885	0.0981442	-0.107446	0.138675	0.153008	-0.184037	0.0994761
0.170713	-0.0944941	-0.110466	-0.193804	0.0809242	-0.0567594	0.33216	0.225705	-0.247595	-0.106384
0.341201	-0.0654246	0.00296218	-0.115277	-0.0285007	-0.173091	0.392119	0.16607	-0.213077	-0.306983
0.307298	-0.0331609	0.204807	-0.0288907	-0.109543	-0.194599	0.173717	0.0258888	-0.112705	-0.232811
0.0178269	-0.0215247	0.320029	-0.0169598	-0.0399158	-0.10897	-0.0843638	-0.00755056	0.0049789	-0.0635499
-0.00384587	-0.00373457	0.177105	-0.0073086	-0.0315206	-0.0154701	-0.0966121	-0.00260181	-0.00664983	-0.00936121
-0.000108517	-1.62083e-05	0.00475822	-0.00119697	-0.00118011	-0.000578212	-0.00138697	-3.12118e-05	-0.000237554	-2.24782e-05
-1.29644e-05	-3.11926e-07	-3.07723e-06	-0.00028267	-2.05146e-05	0.00109308	-2.17802e-05	5.05381e-05	-4.37081e-05	-0.000758592
-5.1751e-05	-7.26138e-06	-0.0123708	0.0139625	-2.62801e-05	-0.000500239	-6.60224e-06	-5.73426e-05	-0.000912166	-2.99707e-05
-0.0010796	0.00296671	-0.00631817	0.0155602	0.00543022	-0.00301609	-0.000196529	0.0153113	-0.00142207	-0.027236
-0.0474667	0.00203672	0.0241298	0.0209556	0.0306857	-0.0134618	-0.0417475	0.0464206	-0.0125136	-0.00903868
0.025591	-0.0075654	0.0421752	0.0494156	0.144201	-0.0378285	-0.209845	-0.00123174	-0.0807693	0.0758582
0.233014	-0.0705443	0.088992	-0.0320041	0.200235	-0.171611	-0.0223979	-0.0834823	-0.184957	0.0427541
0.104189	-0.129433	0.174305	-0.119675	0.218259	-0.117449	0.154006	-0.0543841	-0.26153	0.0317111
0.259684	-0.130411	0.0347325	-0.250003	0.325089	-0.134936	0.212324	-0.104189	-0.262347	0.0500577
0.251033	-0.123136	-0.0202913	-0.288478	0.335898	0.0431167	0.177459	-0.25763	-0.185845	0.0678741
0.285845	-0.271832	0.0238084	-0.264686	0.3165	0.163547	0.17192	-0.314947	-0.0591409	-0.0510141
0.291066	-0.410113	0.0170261	-0.193485	0.210913	0.121353	0.328259	-0.326568	-0.0645843	0.0261356
0.0830081	-0.213688	-0.062719	-0.091487	0.263145	0.0891879	0.421513	-0.514938	-0.0144364	0.0404156
-0.148065	0.0863364	0.0141454	0.0591099	0.124213	0.132467	0.18799	-0.616578	0.228966	-0.0685837
-0.547781	0.402074	0.225518	0.126508	-0.119186	-0.0565705	0.0773491	-0.345843	0.389711	-0.151779
-0.724725	0.610958	0.11724	0.177644	0.0647863	-0.316248	0.1811	-0.239067	0.300143	-0.171832
-0.646221	0.174741	-0.000990179	0.127472	0.262031	-0.264824	0.128441	0.0233839	0.0483395	0.147629
-0.447574	0.0704749	-0.016267	-0.0288526	0.468135	-0.224233	-7.56603e-06	-0.0360371	-0.0721589	0.286522
-0.195257	-0.451675	-0.0903941	-0.0123707	0.407084	-0.244236	-0.101117	0.437517	-0.10223	0.352679
-0.0336785	-0.444875	-0.150259	-0.0612403	0.178504	0.0771207	-0.12053	0.500155	-0.0804266	0.135229
-0.0323804	-0.360414	-0.0597089	0.104989	0.200534	-0.0617769	0.000170043	0.372299	-0.203883	0.0401711
0.128498	-0.249318	-0.209648	0.232165	-0.00582991	-0.1452	0.112728	0.406675	-0.31214	0.0420707
0.106479	-0.152314	-0.147837	0.170452	-0.017142	-0.0399756	0.147439	0.352108	-0.307407	-0.111802
0.189546	-0.114466	-0.198936	0.130615	0.0567193	-0.0275618	0.104216	0.339647	-0.230902	-0.248877
0.311037	-0.0748828	-0.0201299	0.0876041	-0.0831294	0.0143782	0.185425	0.125209	-0.246195	-0.299316
0.219267	-0.0431366	0.370941	0.0369873	-0.231991	-0.0343879	0.101029	-0.00760318	-0.193511	-0.217595
-0.00637443	-0.0191539	0.425019	-0.0302436	-0.100551	-0.077274	-0.0560379	-0.047145	-0.0175261	-0.0707123
-0.00675051	-0.00656015	0.188335	-0.00995053	0.00881494	-0.0261488	-0.0973035	-0.00562253	-0.0163097	-0.0285044
-0.00103923	-0.000725349	0.0251746	-0.000388221	-0.00248027	-0.00949298	-0.00671021	-0.00036282	-0.00188955	-0.00208596
-1.21871e-05	-5.12983e-07	-2.60466e-07	-1.05284e-05	-4.7051e-05	-0.000181071	-3.08649e-06	0.000344182	-1.97601e-05	-6.9724e-05
-4.40946e-05	8.45316e-08	-0.00625158	0.0088223	-1.646e-05	-0.000311652	-2.56551e-05	-0.000842074	-0.000493557	-0.00083731
-0.00297949	0.0023045	-0.00249136	0.0431733	-0.00645817	-0.00940729	-0.00122189	-0.000804511	-0.00331198	-0.0188032
-0.0444911	-0.003237	0.135754	0.0935794	-0.045613	-0.00223654	-0.070847	-0.0214271	-0.0122942	-0.0291868
0.0552774	-0.0177255	0.238615	0.187977	-0.0605811	-0.056072	-0.237401	-0.0246998	-0.11502	0.0296315
0.30265	-0.100965	0.236855	0.0801784	0.0140452	-0.129682	-0.0230882	-0.119964	-0.232792	-0.0272385
0.215662	-0.216082	0.309219	-0.0971517	0.109412	-0.138938	0.189328	-0.0503103	-0.20448	-0.116658
0.172378	-0.237675	0.0790888	-0.222628	0.310941	-0.343806	0.315034	0.00989061	-0.0436216	-0.0396025
0.27583	-0.228559	-0.0588717	-0.357813	0.378382	-0.273906	0.237578	-0.157086	0.0766139	0.107831
0.28566	-0.168909	0.104729	-0.207584	0.24189	-0.275717	0.281656	-0.218768	0.0814244	-0.124381
0.271895	-0.128388	0.151793	-0.232387	-0.0375894	-0.137442	0.412733	-0.41449	0.0569184	0.0569591
0.0724674	-0.131039	0.201877	-0.0922769	-0.0724448	-0.106851	0.534585	-0.544509	0.0501126	0.0880769
-0.28531	-0.122879	0.297857	0.0207709	0.0296871	-0.0240236	0.0499491	-0.287321	0.387198	-0.0659293
-0.65056	0.398917	0.335917	0.206304	0.0308016	-0.130386	0.0555965	-0.179297	0.181179	-0.248471
-0.644629	0.608074	0.139702	0.00087804	0.302597	-0.295608	0.205794	-0.236642	0.047038	-0.127203
-0.456414	0.0222077	-0.0195071	-0.160776	0.480513	-0.170832	0.135206	0.0920817	0.046556	0.0309653
-0.271831	-0.166705	0.161349	-0.222012	0.410284	-0.192494	-0.0458761	0.0712261	0.0488921	0.207167
-0.0376393	-0.604853	0.15501	-0.0117092	0.267127	-0.113499	-0.1381	0.266086	-0.033541	0.251118
0.00919754	-0.460511	0.0150898	0.21319	0.190295	-0.0707059	0.0707626	0.166683	-0.236893	0.102893
0.0314034	-0.32199	-0.00774105	0.247285	0.11108	-0.0112829	0.162126	0.23902	-0.351786	-0.0981147
0.151039	-0.21958	-0.0702825	0.181711	0.179249	0.00055511	0.041934	0.221984	-0.369439	-0.117169
0.135904	-0.144014	0.177307	0.191298	0.0910625	-0.0408434	0.00947704	0.225633	-0.358043	-0.287782
0.172336	-0.119715	0.150063	0.270681	-0.0898797	0.0871611	-0.0226231	0.0644488	-0.278668	-0.233805
0.187175	-0.0925371	0.203542	0.241021	-0.176023	0.0990387	0.0316758	-0.0366481	-0.122426	-0.334819
0.046946	-0.0485365	0.442768	0.118343	-0.175309	0.00667552	0.0349272	-0.0475795	-0.157903	-0.220332
-0.0474343	-0.0382252	0.589961	-0.0502179	-0.0893607	-0.0728192	-0.0924779	-0.0518379	-0.0776022	-0.0699867
-0.0194079	-0.016213	0.260823	-0.0109314	-0.0425311	-0.0376046	-0.0832372	-0.00428188	-0.0285125	-0.0181034
-0.00110382	-0.000280759	0.0371755	-0.000599779	-0.00171202	-0.0171137	-0.0143324	-0.000381646	-0.00138354	-0.000267802
0.0	0.0	0.0	0.0	0.0	0.0	0.0	0.0	0.0	0.0
-5.2704e-05	0.000282021	-0.00235717	0.00313003	-1.22029e-05	-0.000278181	-2.12357e-05	-7.22785e-05	-0.000484029	-0.00013425
-0.00591586	-0.000223882	0.0155013	0.0493366	-0.00744114	-0.0148303	-0.00249531	-0.00190117	-0.00362653	-0.0284037
-0.0511825	-0.00687018	0.163543	0.203226	-0.12089	0.00849465	-0.0779776	-0.0229461	-0.0271712	-0.0682258
0.047748	-0.0320734	0.352975	0.258318	-0.0842333	0.0159075	-0.276438	-0.0268285	-0.137304	-0.11807
0.250599	-0.181062	0.344168	0.09312	-0.0876996	0.143483	-0.0980778	-0.0858796	-0.220712	-0.157938
0.24688	-0.318622	0.226268	-0.0482475	-0.0144287	0.25892	0.0835688	-0.171636	-0.126333	-0.13637
0.190276	-0.320455	0.134937	-0.114937	0.162078	-0.200322	0.245371	-0.220956	0.0891375	0.0348704
0.169449	-0.242059	0.117349	-0.270616	0.244621	-0.29938	0.269887	-0.221419	0.161153	0.0710143
0.258811	-0.12995	0.192872	-0.470757	0.134748	-0.286343	0.266529	-0.244345	0.287319	-0.0088815
0.342754	0.0223939	0.305408	-0.528984	-0.0166814	-0.344576	0.49657	-0.438997	0.0729343	0.0891798
0.0517269	-0.135361	0.326051	-0.429991	-0.0681915	-0.299265	0.468496	-0.26867	0.303493	0.0517105
-0.24247	0.0545087	0.361684	-0.284723	0.0695169	-0.388315	0.131571	-0.0703032	0.356457	0.0120741
-0.587085	0.402448	0.285185	-0.205991	0.264623	-0.382993	0.0924429	0.0324419	0.1892	-0.0902732
-0.568598	0.459142	0.0915869	-0.298379	0.525455	-0.276535	0.128598	0.0506404	-0.0024216	-0.109487
-0.312309	-0.00344961	0.123018	-0.269533	0.388411	-0.108925	0.0315015	0.0388633	-0.0796719	0.192096
-0.0798152	-0.342063	0.0749857	0.0390599	0.299383	-0.0282445	-0.0777778	-0.0707475	0.135096	0.0501248
0.073181	-0.516021	-0.0731645	0.209137	0.179632	0.110209	0.0517444	-0.00478915	-0.0969162	0.0669887
-0.000249788	-0.343193	0.0564622	0.110794	0.178622	0.162065	0.167909	0.03829	-0.29616	-0.074538
0.0481966	-0.226228	0.0606211	0.24147	-0.0506403	0.0560934	0.156865	-0.0191691	-0.129798	-0.137412
0.0972213	-0.157105	0.0463274	0.052091	0.036006	0.0623175	0.031096	0.065625	-0.0866074	-0.146972
0.0309124	-0.102822	0.135743	0.182608	0.0445925	0.024511	0.0352919	0.0197006	-0.125217	-0.24532
0.159453	-0.062484	0.145603	0.347131	-0.149525	-0.0203445	0.0465446	-0.0100914	-0.156522	-0.299765
0.0728195	-0.0625979	0.17132	0.27666	-0.153539	0.10131	0.011342	-0.0604005	-0.0167523	-0.34016
-0.0102278	-0.0424603	0.47793	-0.0354097	-0.158486	0.0735439	-0.0195646	0.00399173	-0.0648476	-0.224469
-0.0284904	-0.0554699	0.61361	-0.0887474	-0.114995	-0.0839025	-0.0774164	0.00811453	-0.12447	-0.0482319
-0.0104441	-0.00849625	0.146229	-0.00936843	-0.0239854	-0.0172481	-0.0553975	0.0118268	-0.0237542	-0.00936201
0.0091584	-0.000352223	0.0108883	-0.000407069	-0.0097795	-0.00222376	-0.00530272	-0.000936028	-0.000336617	-0.000708742
-1.28567e-05	-6.05364e-06	-7.34373e-06	-0.000228438	-0.00204428	-0.000128613	-3.33209e-06	0.00194906	-8.90901e-05	0.000570955
-1.1582e-05	4.76383e-05	-0.000106702	0.000300746	-2.2918e-06	-0.000123168	-4.67515e-06	-3.32464e-06	-7.28145e-05	-2.3826e-05
-0.00579517	-0.000623606	-0.00763075	0.0530688	-0.00919983	-0.0106455	-0.00204799	0.00431743	-0.00381303	-0.0176304
-0.0830866	-0.00840673	0.111682	0.322271	-0.0975044	-0.00145787	-0.0705595	-0.00251395	-0.0678698	-0.102554
0.00603219	-0.0590325	0.403869	0.286362	-0.0840943	0.133611	-0.253975	-0.0754282	-0.201394	-0.155949
0.125146	-0.225853	0.454318	0.252043	-0.107913	0.200552	-0.234281	-0.147023	-0.101831	-0.215159
0.150671	-0.407543	0.224463	0.107488	-0.1194	0.423982	-0.00422545	-0.301245	0.0490486	-0.123238
0.112906	-0.337779	0.351679	-0.122541	-0.0137551	0.149081	0.188058	-0.309024	0.0833333	-0.101959
0.217921	-0.128491	0.138892	-0.159135	0.0595035	-0.0184965	0.184871	-0.313437	0.12704	-0.108668
0.267107	-0.0136451	0.112416	-0.345191	0.0242202	-0.145793	0.22811	-0.332951	0.235394	-0.0296673
0.321882	-0.113314	0.231702	-0.434164	-0.194217	-0.155691	0.297086	-0.349139	0.235709	0.160147
0.0662169	-0.101117	0.171494	-0.405491	-0.09154	-0.139975	0.329429	-0.176997	0.264478	0.0834997
-0.287576	0.0423326	0.305628	-0.455888	0.124639	-0.129214	0.478391	-0.0857015	0.217502	-0.210115
-0.509347	0.179343	0.307291	-0.33058	0.243178	-0.0843583	0.247257	0.068881	0.0459357	-0.1676
-0.433626	0.215738	0.141044	-0.221782	0.310685	-0.0112494	0.0517424	0.00204392	-0.121834	0.0672391
-0.173895	-0.126547	-0.00568633	0.109541	0.197129	-0.051382	0.0683772	-0.0882464	-0.0398033	0.110513
-0.0304849	-0.322155	0.108309	0.335836	0.192559	-0.00546357	0.171917	-0.188347	-0.128659	-0.133509
0.00273721	-0.207112	0.160429	0.227726	-0.124548	0.111514	0.214989	-0.127143	-0.153884	-0.10471
-0.0193681	-0.0999486	0.108529	0.192919	-0.071392	-0.015829	0.21739	-0.131273	-0.0644573	-0.116569
-0.0234711	-0.0749338	0.0957287	0.188134	-0.137419	0.0791119	0.0430937	-0.0700551	-0.0560441	-0.0441442
-0.0679209	-0.0266867	0.047295	0.0964688	-0.0574527	0.110435	-0.00902747	-0.0686742	0.0121603	-0.0365969
0.0227578	-0.0326287	0.152855	0.321714	-0.0655404	0.0276467	0.0522838	-0.151892	-0.105938	-0.221258
0.143119	-0.0681175	0.137624	0.396827	-0.258835	0.0478821	0.0302128	-0.156802	0.00164758	-0.273557
0.047933	-0.0693649	0.392067	0.152551	-0.174554	0.134807	-0.00446471	-0.19389	0.0129274	-0.298013
-0.0323011	-0.0202909	0.594061	-0.134972	-0.140967	0.143155	-0.0476786	-0.112219	-0.0721948	-0.176593
-0.0214491	0.00104422	0.432226	-0.0600455	-0.108481	-0.0505229	-0.0283987	-0.0129568	-0.108153	-0.043263
-0.00486631	0.00291008	0.0518843	-0.00772226	-0.00856007	-0.0109717	-0.0191994	0.010436	-0.0117526	-0.00215806
-0.00286931	-6.3509e-06	0.0156286	-0.000122347	-2.42138e-05	-0.00457349	-0.00763453	-1.10574e-05	-0.000194845	-0.000192487
-1.77584e-09	2.34374e-05	-1.48965e-05	-1.72676e-06	-8.09495e-09	-6.99767e-08	-1.79251e-07	-2.65019e-07	-6.09755e-06	-1.92351e-07
0.00299099	0.000110651	-0.00117579	3.80525e-05	-0.00316893	-0.000363529	-0.000275389	0.00804851	-0.000484816	-0.00571975
-0.00369083	-0.000926942	-0.00644263	0.0519639	-0.0101803	-0.0114389	-0.00210534	0.00357689	-0.00646919	-0.0142866
-0.0678101	-0.00981636	0.0278225	0.363	-0.0282642	-0.0112432	-0.0677586	-0.0240484	-0.0989582	-0.082923
-0.0200261	-0.0827867	0.297093	0.330122	-0.0937755	0.167188	-0.190468	-0.0772718	-0.191331	-0.138744
0.0834414	-0.273199	0.254479	0.328088	-0.0750615	0.235817	-0.237128	-0.189653	0.0319698	-0.158754
0.161085	-0.251487	0.181672	0.160658	-0.148106	0.300754	-0.0902136	-0.300235	0.14358	-0.157705
0.147907	-0.111574	0.309569	0.0375018	-0.176068	0.117653	0.0994107	-0.379807	0.0998902	-0.144484
0.178438	-0.0519816	0.242567	0.0111138	-0.24516	0.223855	0.0751967	-0.32217	0.0938764	-0.205735
0.197851	0.0360037	0.227403	-0.0564047	-0.332595	0.0780592	0.213201	-0.320632	0.220547	-0.263434
0.301	-0.0766754	0.303754	-0.136055	-0.382115	0.0277661	0.349184	-0.350561	0.162442	-0.198739
0.284684	-0.0406151	0.26681	-0.242579	-0.253992	0.0383002	0.545909	-0.221503	-0.0853996	-0.291614
0.0985161	-0.0324217	0.252104	-0.27946	-0.351831	0.0876698	0.511496	-0.0797205	0.0434084	-0.249761
-0.15651	0.165106	0.308291	-0.177192	-0.166449	0.0919602	0.227561	-0.027548	-0.0884594	-0.176757
-0.210549	-0.012324	0.118571	-0.0213755	0.0882094	0.0236348	0.227707	0.105292	-0.13782	-0.181345
-0.117709	-0.0259022	0.121442	0.0815178	-0.0104284	0.0336509	0.229864	-0.122744	-0.0265749	-0.163115
-0.0910849	0.0597119	0.15338	0.197658	-0.0436099	-0.00196418	0.224267	-0.299029	-0.0286219	-0.170707
0.00301341	-0.0139989	0.177475	0.293401	-0.152901	-0.0421002	0.178709	-0.290019	0.021311	-0.17489
-0.0176256	0.0578244	0.11437	0.245675	-0.148116	0.0267034	0.0977914	-0.324726	0.0869459	-0.138842
-0.074182	0.083647	0.0281305	0.195001	-0.203686	0.0532742	0.0962246	-0.183037	0.0221525	-0.0175239
-0.00981877	0.03911	0.105743	0.105844	-0.17429	0.125648	0.0626222	-0.284904	0.0495863	-0.0195411
0.0630007	-0.00273912	0.190901	0.299322	-0.121567	0.0913837	0.0843845	-0.383922	-0.00242973	-0.218333
0.114595	-0.0531698	0.268951	0.186536	-0.30591	0.11654	0.0449023	-0.314774	0.152351	-0.21002
-0.00447886	-0.0417003	0.342805	0.0746242	-0.211566	0.182044	-0.02977	-0.229211	0.0859261	-0.168672
-0.0150634	0.010314	0.360124	-0.0950573	-0.122645	0.138847	-0.0560399	-0.0653741	-0.0645255	-0.0905776
-0.0267439	0.0251736	0.302502	-0.0401279	-0.0514418	-0.0111196	-0.068372	-0.0155317	-0.0873851	-0.0269538
-0.00477413	0.00325134	0.0825502	-0.00637349	-0.0018608	-0.0180258	-0.0324654	-0.00223414	-0.0127608	-0.00730695
-0.000904629	2.54291e-05	0.00733165	-6.82785e-05	-1.46044e-07	-0.00140465	-0.00491868	-3.28597e-07	-6.01852e-05	-1.80795e-07
0.0	0.0	0.0	0.0	0.0	0.0	0.0	0.0	0.0	0.0
0.00753238	-3.61053e-05	-0.00272105	4.19015e-05	-6.30527e-05	-0.000386142	-0.000688814	-0.000127665	-0.00103276	-0.00251869
-0.00346735	-0.00534129	0.0116608	0.0407031	-0.00516375	-0.00734747	-0.0020058	-0.00676378	-0.0100974	-0.0121771
-0.0570903	-0.0201746	0.072486	0.316176	-0.040119	0.00398935	-0.0474394	-0.0548531	-0.10446	-0.0685155
-0.00772897	-0.0587444	0.296616	0.375145	-0.104669	0.0658342	-0.159549	-0.14013	-0.172335	-0.0944386
0.129058	-0.170541	0.268278	0.245962	-0.171428	0.270698	-0.251158	-0.213962	-0.0486767	-0.0582305
0.159987	-0.0425912	0.222169	0.268648	-0.24617	0.195167	-0.191365	-0.33597	0.151209	-0.181085
0.130933	0.00201948	0.373889	0.203588	-0.371221	-0.0196217	0.0507882	-0.367786	0.309448	-0.312037
0.146327	0.123005	0.271361	0.198507	-0.451235	0.201949	0.00916025	-0.292573	0.0665784	-0.27308
0.209473	0.112091	0.271418	0.180296	-0.400841	0.17479	0.18941	-0.325005	-0.025144	-0.386489
0.334441	0.132041	0.240998	-0.0746388	-0.367053	0.0632233	0.344455	-0.281399	0.0960614	-0.488129
0.412147	0.104045	0.321545	-0.165518	-0.228882	0.165356	0.321073	-0.239995	-0.155418	-0.534352
0.33121	0.0264473	0.184425	-0.297453	-0.258905	0.0685439	0.452	-0.0550026	0.0325738	-0.48384
0.113382	-0.0285788	0.0544446	-0.0888705	-0.330475	0.0476813	0.358661	0.0108927	0.0360602	-0.173197
-0.0129086	0.00432354	0.016579	0.0520425	-0.135339	-0.0274222	0.498258	0.0440643	-0.185437	-0.254161
-0.0158593	-0.00736572	0.0481431	-0.00626932	-0.0630554	0.0545452	0.308565	-0.141464	0.0376143	-0.214853
-0.0617284	0.17887	0.08219	0.0887664	0.00545942	0.105195	0.154307	-0.288085	-0.153069	-0.111905
-0.0143721	0.241891	-0.00642431	0.160229	-0.0171587	0.109865	0.0747946	-0.366694	-0.0392581	-0.142871
-0.101934	0.260763	0.13122	0.233433	-0.119227	0.134755	0.172698	-0.47375	-0.0309584	-0.207
-0.0937216	0.207889	0.208457	0.166182	-0.200163	0.107333	0.0795594	-0.372619	-0.0204037	-0.0825143
-0.0395027	0.107531	0.159218	0.224042	-0.142973	0.0406357	0.122511	-0.473191	0.111378	-0.109651
0.0448192	0.0121092	0.255954	0.130144	-0.0861266	0.146195	-0.00496747	-0.449456	0.165538	-0.21421
0.0416527	-0.0419534	0.280188	0.00615946	-0.19849	0.328399	-0.0891784	-0.352706	0.179844	-0.153913
-0.059714	-0.0434942	0.317142	0.00111566	-0.172531	0.174119	-0.0332223	-0.174972	0.0609771	-0.0694195
-0.0346648	-0.02119	0.32869	-0.0718239	-0.0848301	0.0756331	-0.0533409	-0.0402899	-0.0991826	0.00100017
-0.021826	0.000896177	0.144189	-0.0235562	-0.0471674	0.0370639	-0.0285748	-0.0173374	-0.0584209	0.014734
-0.00114695	0.00480754	0.02656	-0.0029153	-0.000470501	-0.00277285	-0.00619964	-0.00142706	-0.0112372	-0.00519812
-2.1e-05	9.46583e-05	-7.68847e-05	-4.22501e-05	-2.33498e-05	0.000356567	-4.37377e-06	-3.13863e-05	-0.000220243	-3.17381e-05
-2.19811e-08	6.60273e-05	-3.18414e-05	-1.00108e-05	-4.37622e-07	-4.02424e-07	-6.63452e-07	-3.81142e-06	-1.78276e-05	-1.01049e-06
-5.08333e-05	5.9732e-06	1.59039e-05	0.000563779	-2.59915e-06	-0.000154721	-3.09557e-05	-0.0001251	-7.10032e-05	-0.000150444
-0.00907162	-0.00919539	0.026265	0.0454142	-0.000653536	-0.00873593	-0.00135863	-0.0229659	-0.00951471	-0.0101835
-0.044234	-0.0130759	0.0987181	0.205367	-0.0394548	0.0184577	-0.0283354	-0.0722533	-0.0726111	-0.0525775
-0.0556436	0.0243507	0.182936	0.262401	-0.0789769	0.113635	-0.120887	-0.138911	-0.113268	-0.0756361
0.0699919	0.188646	0.185847	0.149873	-0.115898	0.0700264	-0.208694	-0.190078	-0.093861	-0.0558549
0.121543	0.178813	0.172809	0.185239	-0.269686	0.131316	-0.285281	-0.260863	0.170448	-0.144339
0.120496	0.116499	0.154241	0.155271	-0.336025	0.173951	-0.104504	-0.288923	0.249372	-0.240377
0.0365545	0.163153	0.117444	0.137216	-0.216716	0.159615	0.0537399	-0.233472	0.00819884	-0.225735
0.0881148	0.0937145	0.247049	-0.0966555	-0.2106	0.134281	0.147642	-0.293016	0.103996	-0.214528
0.235138	0.151905	0.129205	-0.110322	-0.202874	0.0904045	0.249308	-0.214171	-0.052534	-0.276058
0.340471	-0.115457	0.0981857	-0.131876	-0.0907849	0.208849	0.326502	-0.175526	-0.071246	-0.389118
0.268295	-0.180931	0.0349309	-0.0742859	-0.135136	0.135607	0.48231	-0.0910949	-0.117926	-0.321768
0.0891897	-0.166087	0.081891	-0.0378261	-0.213293	0.0618484	0.516071	-0.125595	0.0532	-0.2594
0.00764096	0.0453244	0.0535021	-0.0618252	-0.115682	0.0939871	0.492512	-0.167448	-0.0563856	-0.291624
-0.00211035	0.0577225	-0.0256042	-0.000497943	0.0382836	0.0879754	0.274724	-0.127002	-0.0621739	-0.241317
-0.0136569	0.0450337	0.0899663	0.0601451	-0.0531983	0.0361249	0.197592	-0.125772	-0.109312	-0.126923
-0.128584	0.15428	0.173801	0.0442742	0.0112014	0.0794695	0.249711	-0.291918	-0.0448073	-0.247427
-0.142037	0.267399	0.236876	0.195383	-0.0995705	0.0125107	0.177218	-0.349554	-0.0532169	-0.245009
-0.159152	0.178962	0.302791	0.234483	-0.0229938	0.00636875	0.0814181	-0.378885	-0.028009	-0.214984
-0.0716253	0.165036	0.10794	0.059071	-0.00871809	0.181609	0.0140351	-0.41501	0.104692	-0.13703
-0.0178027	0.0749645	0.191977	-0.0625705	-0.00328883	0.298301	-0.0564548	-0.409729	0.0770699	-0.0924672
-0.0247485	-0.100409	0.299082	-0.070063	-0.0892969	0.298923	-0.0210994	-0.309962	0.110862	-0.0932865
-0.0265466	-0.0750844	0.342196	-0.104592	-0.0657737	0.141749	-0.0272588	-0.161635	-0.0200218	-0.00303225
-0.0282754	-0.00379584	0.226252	-0.0829169	-0.0591813	0.0693842	-0.0275248	-0.0309636	-0.113004	0.0500262
-0.0100601	-0.00151722	0.0816354	-0.0169517	-0.0424414	0.0546634	-0.0194955	-0.0129978	-0.0379597	0.00512455
0.00883197	-0.000980643	0.00897483	-0.00264652	-0.000821549	0.00141348	-0.00167874	-0.00115039	-0.00387625	-0.00806619
4.04873e-06	-4.47357e-11	-6.36447e-07	-2.78985e-07	-3.56793e-09	-1.41102e-06	-2.28118e-07	-7.58473e-09	-1.4699e-06	-1.29532e-08
-2.12942e-08	6.3964e-05	-3.08464e-05	-9.69795e-06	-4.23946e-07	-3.89848e-07	-6.42719e-07	-3.69231e-06	-1.72705e-05	-9.78917e-07
-8.26321e-07	1.90294e-05	-1.09914e-05	1.86801e-05	-1.75464e-07	-6.10105e-06	-2.10764e-07	-7.19865e-06	-7.12072e-06	-5.08518e-06
-0.00213057	-0.00882088	0.0160321	0.0451027	-0.000371213	-0.00609102	-0.000222937	-0.0256822	-0.00700699	-0.0108091
-0.0342652	-0.00890078	0.0646927	0.133936	-0.033361	0.00897161	-0.0102954	-0.0627313	-0.0319946	-0.0260515
-0.124751	0.0741049	0.129445	0.165871	-0.0534341	0.114574	-0.0572858	-0.0897214	-0.0982626	-0.0605397
-0.0319939	0.383911	0.130874	0.119176	-0.0904047	-0.0119083	-0.129613	-0.0471437	-0.179216	-0.143681
0.0557603	0.305208	0.199091	0.139234	-0.151598	-0.113842	-0.241463	-0.0561147	0.0160897	-0.152366
0.117016	0.130198	0.210963	0.0770787	-0.198006	-0.022573	-0.234673	0.0138972	0.136188	-0.230088
0.157425	0.0867171	0.281071	-0.0295877	-0.185416	0.0733452	-0.17842	-0.0763754	0.00776311	-0.136522
0.145717	0.0867485	0.284395	0.00272769	-0.18989	0.0727742	-0.0564403	-0.177138	-0.0616323	-0.107262
0.147915	-0.0683443	0.146347	-0.000645392	-0.11263	0.005395	0.0351987	-0.115179	0.00769664	-0.045755
0.205884	-0.311954	0.144718	0.0583804	-0.0853866	0.0870075	0.0517974	-0.204854	0.111543	-0.0571355
0.164998	-0.41683	0.0818415	-0.0281354	-0.127744	0.161672	0.217766	-0.122022	0.116156	-0.0477017
0.314465	-0.303228	-0.00211314	-0.0597687	-0.102522	0.229827	0.198607	-0.254653	0.152371	-0.172984
0.137644	-0.087511	-0.0413791	-0.0759115	-0.113324	0.121911	0.0618889	-0.11928	0.184598	-0.068636
0.111407	0.022769	-0.0866239	-0.0123176	-0.0624425	0.059769	0.117886	-0.0448305	0.067036	-0.172651
0.0385629	0.0440976	-0.0129812	0.0130969	-0.0704847	0.129853	0.0989024	-0.0898657	-0.0115508	-0.13963
0.00362135	0.221844	0.0117081	0.0850241	0.0228117	0.0397434	0.0180131	-0.194297	0.0168042	-0.225272
-0.0995753	0.266779	0.159056	0.119393	0.0147466	0.0736903	-0.0523041	-0.2427	-0.00370537	-0.23538
-0.135987	0.140184	0.264879	0.154549	0.200647	0.108242	-0.0557197	-0.283381	-0.0702833	-0.32313
-0.157764	0.0890774	0.283686	0.0657549	0.114508	0.126121	-0.0107792	-0.380688	-0.0234127	-0.106506
-0.0996416	-0.0294704	0.266608	-0.0643154	0.161105	0.106116	-0.0152588	-0.365016	0.0610995	-0.0212266
-0.0233453	-0.101534	0.292662	-0.0205537	-0.00465394	0.12017	-0.0732058	-0.225208	-0.00800641	0.0436746
0.00384501	-0.0546852	0.196137	-0.0562949	-0.0641516	0.0989635	-0.0604398	-0.144341	-0.0165398	0.0975071
-0.0155214	-0.0115597	0.128073	-0.0531354	-0.0474909	0.0640523	-0.0289208	-0.0323204	-0.0534251	0.0502489
-0.00595453	-0.00239701	0.0414416	-0.0149326	-0.0271654	0.0397565	-0.00874865	-0.0154111	-0.0153332	0.0087445
0.000944999	0.00193655	-0.00926479	-0.000187499	0.00127476	0.00938995	-0.000119741	-0.000329834	-0.0016002	-0.0020442
7.47457e-06	-8.25891e-11	-1.17498e-06	-5.15049e-07	-6.58695e-09	-2.60497e-06	-4.21141e-07	-1.40026e-08	-2.71366e-06	-2.39136e-08
0.0	0.0	0.0	0.0	0.0	0.0	0.0	0.0	0.0	0.0
0.0	0.0	0.0	0.0	0.0	0.0	0.0	0.0	0.0	0.0
-0.000276079	-0.000115829	4.68398e-05	0.0294438	-0.000117491	-0.000578373	-2.81496e-05	-0.019632	-0.00183494	-0.00690784
-0.0133126	-0.0183158	-0.0140785	0.117322	-0.00708262	0.0124699	-0.00179006	-0.0455009	-0.0219055	-0.00780602
-0.0844071	0.0272019	-0.0111387	0.198119	-0.0244958	0.0715058	-0.0115822	0.0116784	-0.112023	-0.0648577
-0.0920799	0.258256	-0.0340095	0.226951	-0.0543665	0.0739572	-0.0368961	0.0886108	-0.32431	-0.106113
-0.0345558	0.263217	-0.0130355	0.239811	-0.0622659	-0.0438731	-0.0899852	0.195157	-0.324692	-0.129778
0.07979	0.0901519	0.0311266	0.195964	-0.0659929	-0.0947952	-0.18124	0.237501	-0.153341	-0.139165
0.130239	-0.00303899	0.0889587	0.0135806	-0.0651053	0.0786852	-0.24012	-0.0908622	0.111541	-0.0238778
0.198597	-0.00400008	0.0997461	0.119528	-0.0495237	0.0975601	-0.287282	-0.0755451	0.0386305	-0.137711
0.263873	-0.0799765	0.0308781	0.0876173	-0.031312	0.183521	-0.340018	-0.0625828	-0.0535631	0.00156374
0.292377	-0.141941	0.13588	0.11238	-0.0135831	0.0882618	-0.288861	-0.166382	0.0579314	-0.0760632
0.261419	-0.0390298	0.0638653	-0.109392	-0.104182	0.116011	-0.155445	-0.173461	0.190165	-0.0499522
0.265951	-0.120947	-0.0646024	-0.0026674	-0.0670508	0.00848466	-0.0852569	-0.165985	0.357221	-0.125146
0.243786	-0.172389	-0.0665704	-0.137207	-0.0252793	0.0782677	-0.0575635	-0.0525007	0.246677	-0.0572215
0.156533	0.0191449	-0.0829639	-0.0760087	-0.0421508	0.0181746	-0.0668688	0.0187579	0.227959	-0.172577
-0.00235712	0.0558406	-0.0293939	-0.132791	0.0598574	0.11389	-0.118879	-0.086307	0.265977	-0.125836
-0.0363953	0.197922	-0.0309408	0.0774489	0.051742	-0.00989653	-0.117667	-0.0825309	0.099195	-0.148878
-0.249425	0.0614124	0.180393	0.20085	0.193472	-0.11667	-0.0606503	-0.172333	0.127493	-0.164543
-0.272946	0.0279243	0.304749	0.0168789	0.222119	-0.0161193	-0.0344605	-0.278092	0.111942	-0.0819954
-0.23955	-0.0330263	0.256673	-0.0211125	0.211008	0.0438045	-0.0339213	-0.339224	0.112875	0.0424735
-0.122448	-0.0747522	0.267706	-0.05127	0.160598	-0.0166168	-0.0541695	-0.311011	0.0326793	0.169286
-0.0471414	-0.068763	0.21798	-0.0767257	-0.0206893	0.00690705	-0.0383176	-0.184595	0.00804303	0.203303
-0.0206397	-0.0522295	0.119594	-0.0449325	-0.0530009	0.0584207	-0.0270122	-0.146823	0.0216406	0.144984
-0.0214444	-0.0110094	0.0849197	-0.0189528	-0.0348897	0.0454637	-0.0169168	-0.0437381	-0.0338389	0.0504068
-0.00386267	0.000208355	0.0366255	-0.0119524	-0.00215914	0.0181839	-0.00444803	-0.0171534	-0.0113619	-0.0040801
-1.02347e-05	0.00797924	-0.00672144	0.00145416	0.00130981	0.00544764	-9.20574e-05	-0.000226654	-0.00685359	-0.00228687
0.0	0.0	0.0	0.0	0.0	0.0	0.0	0.0	0.0	0.0
0.0	0.0	0.0	0.0	0.0	0.0	0.0	0.0	0.0	0.0
0.0	0.0	0.0	0.0	0.0	0.0	0.0	0.0	0.0	0.0
-0.00121061	-8.62621e-06	-0.00159424	0.0142925	-8.7822e-06	-0.000298917	-3.81478e-06	-0.00920598	-8.44695e-05	-0.00187706
-0.00203664	-0.0133435	-0.0374702	0.0723511	-0.000247841	0.0125223	-0.00015271	0.00191301	-0.0259897	-0.00754584
-0.0125352	-0.02234	-0.0730424	0.151327	-0.0126664	-0.00462347	-0.00213672	0.08506	-0.116081	0.00703814
-0.0418168	0.0418599	-0.149395	0.19412	-0.0188558	-0.0102379	-0.0117733	0.235247	-0.259268	0.0201197
-0.0585292	0.0446238	-0.232764	0.355458	-0.0338124	-0.0292277	-0.0241253	0.287421	-0.329675	0.0206309
-0.0940097	-0.0554587	-0.249803	0.399893	-0.0453589	0.00965544	-0.0512213	0.247973	-0.261506	0.0998363
-0.0774517	-0.144763	-0.191786	0.263632	-0.0569508	0.0614541	-0.101233	0.173621	-0.00800268	0.0814806
-0.0733216	-0.175012	-0.169611	0.24178	-0.0130903	0.244221	-0.153896	0.100221	0.0405519	-0.0418428
-0.0525975	-0.237018	-0.216309	0.322854	-0.00796651	0.16486	-0.201899	0.13488	0.0742315	0.0189652
-0.0142643	-0.274624	-0.156755	0.303737	0.04149	0.139975	-0.260784	0.097094	0.232839	-0.108707
0.119267	-0.251868	-0.0247151	0.229715	-0.127451	0.186197	-0.244634	0.0841656	0.191471	-0.162148
0.128543	-0.27639	-0.0103691	0.27713	-0.141106	0.261115	-0.265797	0.126416	0.139801	-0.239343
0.0528728	-0.288319	0.0874274	0.244918	-0.105377	0.231461	-0.241957	0.0715936	0.155769	-0.208389
-0.062345	-0.243126	-0.00750941	0.147993	-0.0898451	0.183568	-0.209969	0.0728112	0.256913	-0.0484903
-0.12529	-0.280581	-0.0157929	0.189307	-0.0172088	0.0743243	-0.146	0.00588825	0.33379	-0.0184369
-0.168358	-0.0823692	0.0655203	0.109438	-0.089557	0.108138	-0.102035	0.0122869	0.0613238	0.0856125
-0.216308	-0.00812909	0.0963041	-0.109268	0.00818597	0.0954536	-0.0816787	-0.0945409	0.215612	0.0943688
-0.201311	0.00789517	-0.019585	-0.121181	0.0987503	0.0126094	-0.0723894	-0.125528	0.272982	0.147757
-0.175233	-0.012682	-0.00307949	-0.067184	0.0823631	-0.00198069	-0.0437428	-0.173394	0.0801394	0.314794
-0.117297	-0.0131131	0.0733687	-0.0364464	0.0520058	-0.0161716	-0.0409593	-0.177382	-0.0170792	0.293075
-0.0494816	-0.0273649	0.0307748	-0.0315236	0.00984162	0.0640059	-0.0239936	-0.134919	-0.0341325	0.196793
-0.0179791	-0.0128011	0.0396176	-0.0164691	-0.00932659	0.0494475	-0.009865	-0.128589	-0.0222117	0.128177
-0.00270682	-0.00327111	0.0957066	-0.015002	-0.0195097	0.0307551	-0.00243444	-0.0507206	-0.0255423	-0.00727475
-0.000184542	0.00281481	0.0560524	-0.0029959	0.0032558	-0.00781577	-0.000293134	-0.0227248	-0.010592	-0.0175168
-3.52957e-07	0.00057142	0.00824783	-9.68468e-06	-5.96382e-05	-0.000136659	-2.33193e-05	-1.60742e-06	-0.0016076	-0.00698038
0.0	0.0	0.0	0.0	0.0	0.0	0.0	0.0	0.0	0.0
0.0	0.0	0.0	0.0	0.0	0.0	0.0	0.0	0.0	0.0
0.0	0.0	0.0	0.0	0.0	0.0	0.0	0.0	0.0	0.0
-1.48801e-05	-2.11371e-07	-3.53117e-05	0.00135354	-2.96962e-05	-5.49983e-06	-2.73154e-07	-0.00224395	-0.000117529	0.00109381
-0.000116075	-0.00125947	-0.010447	-0.00707736	-6.71797e-05	0.0131002	-4.46602e-05	0.0130194	-0.00292773	-0.00418009
-0.00240076	-0.0193624	-0.0325585	0.0129355	-0.00108956	0.0149601	-0.000765039	0.0731641	-0.059373	0.0144896
-0.0104701	-0.0417829	-0.0549314	0.0620697	-0.0239861	-0.0169972	-0.00169066	0.0837229	-0.117026	0.121092
-0.0441473	-0.0620887	-0.0670946	0.14465	-0.0713763	-0.019527	-0.00501044	0.0927925	-0.118433	0.150235
-0.0785791	-0.0967006	-0.121984	0.249201	-0.131024	-0.00859326	-0.00940892	0.13494	-0.13328	0.195431
-0.122167	-0.103974	-0.211418	0.394597	-0.225525	-0.00375992	-0.02793	0.264116	-0.192456	0.228519
-0.183585	-0.153382	-0.228531	0.445077	-0.196401	0.0815438	-0.0405691	0.291776	-0.184756	0.168827
-0.254496	-0.273798	-0.207574	0.466836	-0.155002	0.0943102	-0.0422613	0.224024	-0.0417885	0.18975
-0.269136	-0.243691	-0.206787	0.446597	-0.257748	0.165173	-0.0441068	0.325954	-0.0060359	0.0897802
-0.316086	-0.18006	-0.158523	0.47518	-0.361581	0.195223	-0.0470893	0.301852	-0.0722089	0.163293
-0.289316	-0.223426	-0.117415	0.391624	-0.268659	0.22716	-0.0716726	0.266652	-0.061704	0.146755
-0.265887	-0.244346	-0.0563572	0.250317	-0.267742	0.121302	-0.0663737	0.241821	0.0773183	0.209947
-0.248276	-0.243811	-0.0209182	0.126021	-0.288203	0.198232	-0.0659904	0.243446	0.181961	0.117537
-0.186702	-0.204245	-0.0351552	0.123506	-0.333245	0.166732	-0.0574555	0.167992	0.163747	0.194824
-0.18849	-0.116453	-0.0613144	0.0613047	-0.34532	0.146374	-0.0407757	0.15873	0.153181	0.232765
-0.152459	-0.0478433	-0.121367	0.00291684	-0.271808	0.0775185	-0.0336097	0.161313	0.096173	0.289165
-0.0963462	-0.0325251	-0.139789	0.0222327	-0.247716	0.0594594	-0.0226122	0.021626	0.0503493	0.38532
-0.0943854	-0.0141271	-0.0871571	-0.0244617	-0.136461	0.0388057	-0.0126126	-0.082235	0.010255	0.40238
-0.0702286	-0.00464193	-0.0679598	-0.0487574	-0.0880597	0.0739582	-0.00779652	-0.0695065	-0.0218738	0.304867
-0.0270348	-0.00320772	-0.0551902	-0.0186006	-0.0414472	0.0987184	-0.00491626	-0.0263704	-0.0241396	0.102188
-0.00694368	-0.000772352	-0.0300519	-0.00345833	-0.0253318	0.0665014	-0.0019666	-0.0312987	-0.00798834	0.0413103
-0.00154518	-1.04383e-05	-0.00528779	-0.000167791	-0.0152447	0.0370541	-0.000480303	-0.0021608	-0.00323205	-0.00892503
-3.91932e-07	-3.36419e-06	0.00732262	-0.000159691	-0.000586905	-6.33841e-06	-1.4149e-05	-0.000492874	-0.00143478	-0.00462413
-3.07651e-07	-4.01406e-06	0.00875831	-2.66649e-06	-6.314e-05	-4.22332e-06	-1.54605e-05	-1.3428e-06	-0.00126083	-0.00740633
0.0	0.0	0.0	0.0	0.0	0.0	0.0	0.0	0.0	0.0
0.0	0.0	0.0	0.0	0.0	0.0	0.0	0.0	0.0	0.0
0.0	0.0	0.0	0.0	0.0	0.0	0.0	0.0	0.0	0.0
0.0	0.0	0.0	0.0	0.0	0.0	0.0	0.0	0.0	0.0
0.0	0.0	0.0	0.0	0.0	0.0	0.0	0.0	0.0	0.0
-0.000168348	-0.000587612	-0.000602558	0.000499755	0.00155687	-0.00198618	-3.65578e-05	-0.0146226	-0.00799075	0.023938
-0.00261938	-0.00231767	-0.00218511	0.00921926	0.00272658	-0.00517951	-0.000261783	-0.0419041	-0.0199758	0.0624976
-0.0103458	-0.00424624	-0.00659485	0.0160409	-0.0242202	-0.0133743	-0.00108822	-0.0368867	-0.0313905	0.112106
-0.022987	-0.00621343	-0.0144081	0.0245893	-0.0668299	-0.0423748	-0.00193316	0.0188181	-0.0175139	0.128853
-0.03544	-0.0107706	-0.0188712	0.0129283	-0.128564	-0.0573537	-0.00420447	0.0747727	-0.0156252	0.183128
-0.0604143	-0.0187733	-0.0184203	0.00365111	-0.198397	-0.0444104	-0.00602267	0.113748	-0.0448573	0.273897
-0.0574978	-0.0431861	-0.0181978	0.0082985	-0.206191	-0.0198396	-0.00670109	0.114195	-0.0806474	0.309768
-0.0481988	-0.038562	-0.0334841	0.00609475	-0.254411	0.0359259	-0.00784345	0.120239	-0.0619995	0.282239
-0.0363697	-0.045936	-0.020945	-0.0147347	-0.29574	0.038175	-0.00919226	0.0684503	-0.073005	0.389297
-0.0625085	-0.0808896	-0.0312661	-0.0165544	-0.314588	-0.00332301	-0.0112426	0.210842	-0.0858176	0.395349
-0.0844998	-0.0719076	-0.025497	-0.0352491	-0.375309	-0.0273384	-0.00976402	0.269937	-0.0963565	0.455985
-0.0658759	-0.0464916	-0.0314869	-0.0262953	-0.335255	0.0268033	-0.00874272	0.294628	-0.103569	0.296284
-0.0460854	-0.0290895	-0.0419137	0.0171339	-0.293501	-0.000620772	-0.00801732	0.22416	-0.0722201	0.250154
-0.0515069	-0.0153034	-0.0498838	0.0127372	-0.257543	-0.0191351	-0.00759593	0.212867	-0.0411317	0.216496
-0.0331698	-0.0157449	-0.0346375	0.000519883	-0.251141	-0.0416842	-0.00669893	0.182852	-0.0287344	0.228438
-0.00842435	-0.0083053	-0.0156645	-0.00939571	-0.191286	-0.00963388	-0.00427026	0.0824826	-0.0328852	0.197382
-0.0220771	-0.00358882	-0.0127166	-0.0155775	-0.0922035	0.0186047	-0.00284717	-0.0102999	-0.0180634	0.158769
-0.0257483	-0.0020559	-0.0136367	-0.00821073	-0.0438764	0.020545	-0.00183987	-0.00323932	-0.00808384	0.086146
-0.0121582	-0.000366025	-0.00466205	6.01715e-06	-0.0205317	0.00999328	-0.000368715	0.0208325	-0.00189493	0.00914981
-0.000860567	-8.56442e-06	-4.37483e-05	-0.000139879	-0.000212968	0.000144188	-6.35305e-05	-0.00243332	-0.000186385	0.00380477
-2.28643e-06	-1.56747e-09	-3.72038e-07	-1.41323e-06	-0.000293494	-8.45819e-06	-9.76843e-07	-4.67738e-05	-6.94714e-06	0.000360723
-1.57494e-07	-1.59767e-08	-9.32837e-07	-1.69079e-07	-5.86154e-08	-7.74301e-08	-8.6074e-10	8.58655e-06	-5.46629e-07	-6.62742e-06
0.0	0.0	0.0	0.0	0.0	0.0	0.0	0.0	0.0	0.0
0.0	0.0	0.0	0.0	0.0	0.0	0.0	0.0	0.0	0.0
0.0	0.0	0.0	0.0	0.0	0.0	0.0	0.0	0.0	0.0
0.0	0.0	0.0	0.0	0.0	0.0	0.0	0.0	0.0	0.0
0.0	0.0	0.0	0.0	0.0	0.0	0.0	0.0	0.0	0.0
0.0	0.0	0.0	0.0	0.0	0.0	0.0	0.0	0.0	0.0
-2.83522e-06	-3.53013e-06	-2.02703e-06	-4.78153e-07	-1.21057e-06	-8.35681e-07	-7.39087e-08	8.30802e-05	-3.37869e-05	-3.83029e-05
-5.15074e-05	-9.20396e-06	-6.43243e-06	-1.97843e-06	-5.29419e-06	-1.45696e-05	-8.23935e-07	0.000332005	-9.37562e-05	-0.00014844
-6.77459e-05	-8.17956e-06	-2.03353e-05	-1.51675e-05	-0.00305277	-2.89749e-05	-2.35222e-06	-6.79577e-05	-0.000108468	0.00337195
-0.000143074	-2.20588e-05	-5.69108e-05	-5.05326e-05	-0.0175645	-0.000326693	-3.77369e-05	-0.00115927	-0.000156575	0.0195174
-0.000438276	-4.65334e-05	-8.26099e-05	-0.000113229	-0.0190339	-0.000806805	-7.01083e-05	0.00612357	-0.000279793	0.0147477
-0.000924433	-3.55235e-05	-0.00014112	-0.000579464	-0.010309	-0.00062133	-2.8211e-05	0.00610057	-0.000563543	0.00710206
-0.000835004	-0.00248617	-0.00113717	-0.00249221	-0.018604	0.00230292	-5.7473e-05	0.0259049	-0.00685132	0.00425559
-0.00136643	-0.000665743	-0.000616444	-0.00158939	-0.0138917	0.00623349	-6.28526e-05	0.0101297	-0.00226045	0.00408981
-0.00329813	-0.00158042	-0.000542085	-0.00242254	-0.0247499	0.00396577	-0.00038668	0.0216832	-0.0050773	0.0124081
-0.00561955	-0.00158121	-0.000624778	-0.00349472	-0.0195601	-0.00222888	-0.000395071	0.0703246	-0.0043495	-0.0324708
-0.00834677	-0.00110599	-0.000637106	-0.00519407	-0.0488476	-0.00841674	-0.000765807	0.0778862	-0.00480959	0.000237622
-0.00767047	-0.000434025	-0.000857893	-0.00441551	-0.0251113	-0.00645085	-0.000761373	0.0763418	-0.00466769	-0.0259728
-0.00469096	-0.000283415	-0.0007301	-0.00493374	-0.0190664	-0.004238	-0.000542491	0.0642649	-0.00248028	-0.0272995
-0.00388432	-0.00170874	-0.000671037	-0.00387667	-0.0176896	-0.00468819	-0.000503021	0.0743462	-0.0023627	-0.0389619
-0.00396371	-0.00487723	-0.000518845	-0.00269577	-0.0230033	-0.0042227	-0.000328742	0.0891455	-0.00271198	-0.0468233
-0.00196977	-0.000136416	-0.000377104	-0.00181906	-0.0170167	-0.00335939	-0.000196905	0.056533	-0.00164787	-0.0300098
-0.0033645	-7.40001e-05	-0.00136046	-0.00087581	-0.00385173	-0.0042279	-0.000183978	0.0187817	-0.0013893	-0.00345407
-0.0047825	-2.59114e-05	-0.000910729	-0.000315724	-0.00151041	-0.00165994	-7.33323e-05	0.00447069	-0.000711381	0.00551924
-0.013192	-4.99809e-05	-0.00455604	-0.000219195	-0.00237549	-0.00166823	-0.000180771	0.0144095	-0.000738948	0.00857107
-0.00301308	-2.96117e-06	-3.51327e-05	-2.39677e-05	-0.000485379	-0.000358766	-1.44677e-05	0.00543066	-0.000143932	-0.00135297
0.0	0.0	0.0	0.0	0.0	0.0	0.0	0.0	0.0	0.0
0.0	0.0	0.0	0.0	0.0	0.0	0.0	0.0	0.0	0.0
0.0	0.0	0.0	0.0	0.0	0.0	0.0	0.0	0.0	0.0
0.0	0.0	0.0	0.0	0.0	0.0	0.0	0.0	0.0	0.0
