0.0	0.0	0.0	0.0	0.0	0.0	0.0	0.0	0.0	0.0
0.0	0.0	0.0	0.0	0.0	0.0	0.0	0.0	0.0	0.0
0.0	0.0	0.0	0.0	0.0	0.0	0.0	0.0	0.0	0.0
0.0	0.0	0.0	0.0	0.0	0.0	0.0	0.0	0.0	0.0
0.0	0.0	0.0	0.0	0.0	0.0	0.0	0.0	0.0	0.0
0.0	0.0	0.0	0.0	0.0	0.0	0.0	0.0	0.0	0.0
0.0	0.0	0.0	0.0	0.0	0.0	0.0	0.0	0.0	0.0
0.0	0.0	0.0	0.0	0.0	0.0	0.0	0.0	0.0	0.0
0.0	0.0	0.0	0.0	0.0	0.0	0.0	0.0	0.0	0.0
0.0	0.0	0.0	0.0	0.0	0.0	0.0	0.0	0.0	0.0
0.0	0.0	0.0	0.0	0.0	0.0	0.0	0.0	0.0	0.0
0.0	0.0	0.0	0.0	0.0	0.0	0.0	0.0	0.0	0.0
-3.4017e-06	-6.16478e-06	-0.000478156	-4.28714e-05	-0.00284382	-6.58638e-05	0.00409201	-6.57899e-06	-0.000118451	-0.000526707
-1.82343e-05	-1.46651e-05	-0.000711409	-0.000105482	-0.00635823	-0.000144726	0.00884145	-1.89505e-05	-0.000268475	-0.00120127
-1.20025e-05	-1.29789e-06	0.000373446	-1.29178e-05	-0.000146064	-5.64528e-07	-0.000132033	-5.05744e-06	-1.0135e-05	-5.33736e-05
-5.00104e-07	-5.40787e-08	1.55602e-05	-5.38241e-07	-6.08602e-06	-2.3522e-08	-5.50136e-06	-2.10727e-07	-4.22292e-07	-2.2239e-06
0.0	0.0	0.0	0.0	0.0	0.0	0.0	0.0	0.0	0.0
0.0	0.0	0.0	0.0	0.0	0.0	0.0	0.0	0.0	0.0
0.0	0.0	0.0	0.0	0.0	0.0	0.0	0.0	0.0	0.0
0.0	0.0	0.0	0.0	0.0	0.0	0.0	0.0	0.0	0.0
0.0	0.0	0.0	0.0	0.0	0.0	0.0	0.0	0.0	0.0
0.0	0.0	0.0	0.0	0.0	0.0	0.0	0.0	0.0	0.0
0.0	0.0	0.0	0.0	0.0	0.0	0.0	0.0	0.0	0.0
0.0	0.0	0.0	0.0	0.0	0.0	0.0	0.0	0.0	0.0
0.0	0.0	0.0	0.0	0.0	0.0	0.0	0.0	0.0	0.0
0.0	0.0	0.0	0.0	0.0	0.0	0.0	0.0	0.0	0.0
0.0	0.0	0.0	0.0	0.0	0.0	0.0	0.0	0.0	0.0
0.0	0.0	0.0	0.0	0.0	0.0	0.0	0.0	0.0	0.0
0.0	0.0	0.0	0.0	0.0	0.0	0.0	0.0	0.0	0.0
0.0	0.0	0.0	0.0	0.0	0.0	0.0	0.0	0.0	0.0
0.0	0.0	0.0	0.0	0.0	0.0	0.0	0.0	0.0	0.0
0.0	0.0	0.0	0.0	0.0	0.0	0.0	0.0	0.0	0.0
-4.65454e-09	-2.6638e-08	-6.12895e-06	-8.24716e-09	-3.54598e-05	-7.84667e-08	4.32673e-05	-5.43355e-08	-5.06409e-07	-9.99877e-07
-1.07606e-07	-7.86812e-08	-2.0123e-05	-3.8106e-08	-0.00025264	-2.3809e-07	0.000279009	-6.12574e-07	-1.51143e-06	-3.65885e-06
-1.94828e-05	-1.07611e-07	-0.000291371	-6.04049e-06	-0.0190484	-1.22757e-05	0.0195787	-5.00276e-05	-4.99531e-06	-0.00014606
-3.96524e-05	-3.89458e-05	-0.000692839	-1.40948e-05	-0.0426067	-2.33978e-05	0.0440512	-0.000252005	-4.01486e-05	-0.000343357
-5.5975e-05	-0.00185412	-0.00227159	-0.000112051	-0.0388973	-7.24668e-05	0.0456559	-0.00123766	-0.000547436	-0.000607342
-0.00010725	-0.00156839	-0.00338224	-0.000140048	-0.0174964	-0.00010078	0.0246163	-0.000793149	-0.000596638	-0.000431326
-0.00108811	-0.00106399	-0.00411733	-0.00014925	-0.0294472	-0.000410776	0.0388207	-0.000572625	-0.000660551	-0.00131082
0.0110561	-0.000683295	-0.0132104	-0.000265256	-0.0505338	-0.000555319	0.0651992	-0.00394866	-0.00114483	-0.00591362
0.0242926	-0.000588742	-0.0150484	-0.000665403	-0.0894665	-0.00349963	0.10607	-0.00945209	-0.00109136	-0.0105507
0.0102348	-0.000399906	-0.0112088	-0.000436455	-0.0467488	-0.00336813	0.0608387	-0.00264426	-0.00135436	-0.00491288
-0.000632705	0.0114569	-0.00104516	-0.00303593	-0.0163844	-0.00151914	0.0153525	-0.000264414	-0.00225829	-0.00166932
0.00932102	0.0174568	0.0123917	-0.00395719	-0.0517203	-0.00172896	0.0267618	-0.000670256	-0.00196432	-0.00589035
0.0264567	-0.00362765	0.0371981	-0.00133127	-0.0534412	-0.0018446	0.0135084	-0.00138035	-0.00235815	-0.01318
0.0118445	-0.00228381	0.00648011	-0.000500585	-0.0225846	-0.00139235	0.0190708	-0.000633854	-0.00198744	-0.00801275
-0.0011507	-0.000178216	-0.00932646	-0.000126716	-0.0100166	-0.00171045	0.0252539	-0.000122567	-0.00114078	-0.00148137
-0.000574662	-7.16943e-05	-0.00746192	-7.58482e-05	-0.014911	-0.00152965	0.0267809	-0.000154748	-0.000927677	-0.00107375
-0.00025699	-9.40189e-05	-0.00398113	-7.12648e-05	-0.0118198	-0.000766814	0.0184175	-7.63777e-05	-0.000556318	-0.000794784
-0.000107343	-0.000226981	-0.00289032	-5.71423e-05	-0.0112849	-0.000161134	0.0157043	-8.49529e-06	-0.000648311	-0.000319714
-1.24522e-05	-1.96615e-05	-0.000309501	-4.78455e-06	-0.0142371	-1.15793e-05	0.01486	-1.59621e-05	-9.41277e-05	-0.000154849
-2.26927e-06	-1.45656e-06	-0.000115229	-6.77473e-07	-0.0046756	-1.11582e-05	0.00495844	-2.19573e-05	-4.16962e-05	-8.83954e-05
0.0	0.0	0.0	0.0	0.0	0.0	0.0	0.0	0.0	0.0
0.0	0.0	0.0	0.0	0.0	0.0	0.0	0.0	0.0	0.0
0.0	0.0	0.0	0.0	0.0	0.0	0.0	0.0	0.0	0.0
0.0	0.0	0.0	0.0	0.0	0.0	0.0	0.0	0.0	0.0
0.0	0.0	0.0	0.0	0.0	0.0	0.0	0.0	0.0	0.0
0.0	0.0	0.0	0.0	0.0	0.0	0.0	0.0	0.0	0.0
-3.29988e-08	-5.68614e-10	-3.96674e-07	-1.83949e-09	-4.74792e-06	-6.94099e-07	7.04932e-06	-8.27285e-12	-8.22516e-07	-3.52622e-07
0.00119683	-4.44806e-10	-1.53384e-05	-5.94079e-07	-0.00101835	-5.54862e-05	0.000127108	-9.55294e-05	-6.76391e-06	-0.000131878
0.00045684	-1.45983e-06	-0.000507751	-9.24519e-07	-0.000550486	-9.08957e-06	0.000726026	-3.43328e-05	-2.42397e-05	-5.45826e-05
-0.000231193	-3.54886e-06	-4.16273e-05	-0.000110485	-0.00064135	-2.4336e-06	0.00105605	-2.62719e-06	-1.49025e-05	-7.87863e-06
-0.00887097	-2.27021e-05	-0.00104124	-0.00064101	-0.0196163	-4.01331e-05	0.0308928	-0.000363315	-0.000129568	-0.00016755
-0.0110061	-0.00112653	-0.00372348	-0.00163139	-0.0654694	-0.000727812	0.0862048	-0.00112917	-0.000675931	-0.00071492
-0.0103471	-0.0153561	0.00759422	-0.00584557	-0.0811109	-0.00230997	0.113418	-0.00265002	-0.00202445	-0.00136794
-0.0152315	-0.029578	0.0425283	-0.0106235	-0.0724457	-0.00833169	0.107623	-0.00412654	-0.00718824	-0.0026262
-0.0145471	-0.0236753	0.0263118	-0.00692672	-0.139791	-0.0215246	0.21151	-0.00905144	-0.0137161	-0.00858913
-0.0238892	-0.0265795	0.0526961	0.00857196	-0.166142	-0.0411127	0.254465	-0.018856	-0.0235683	-0.0155853
-0.0240462	0.0065417	0.0335317	0.0164614	-0.22121	-0.0499918	0.31163	-0.0178865	-0.0305499	-0.0244805
-0.0373182	0.0640353	0.0166029	3.19973e-05	-0.174915	-0.0578834	0.26297	-0.00975419	-0.0394351	-0.0243342
-0.0650606	0.0664891	0.0473398	-0.00188666	-0.118169	-0.0602041	0.205667	-0.0135218	-0.0382729	-0.0223813
-0.0722335	0.135343	0.080588	-0.0271385	-0.148776	-0.0418699	0.157716	-0.0165659	-0.0418934	-0.0251688
-0.0578222	0.0852137	0.0768165	-0.0211698	-0.160309	-0.0100488	0.171564	-0.00880526	-0.0448112	-0.0306278
-0.0508891	0.020773	0.0201129	-0.0164313	-0.0831651	0.0171669	0.154188	-0.0061217	-0.0337191	-0.0219144
-0.0365659	-0.00640743	-0.00831089	-0.0235915	-0.0593827	0.0212217	0.145549	-0.00373848	-0.013818	-0.014956
-0.0288153	0.00760738	-0.0531928	-0.0141993	-0.0353061	0.0041559	0.156583	-0.00208089	-0.0244016	-0.0103502
-0.0192385	-0.00779554	-0.0283006	-0.00597631	-0.022394	-0.0217906	0.12055	-0.000983116	-0.01004	-0.00403179
-0.0101513	-0.00688448	-0.0285137	-0.00586753	-0.0166381	-0.0238885	0.106709	-0.000617312	-0.00933432	-0.00481408
-0.00525786	-0.00292636	-0.0269145	-0.00423339	-0.0180215	-0.014687	0.0814564	-0.000457972	-0.00655745	-0.00240031
-0.00258801	-0.0015489	-0.00706749	-0.00129698	-0.0127566	-0.0141754	0.0422493	-6.24423e-05	-0.00246028	-0.00029326
-0.000493137	-0.000490902	0.015569	-0.000146064	-0.00161616	-0.00602914	-0.00560812	-2.58762e-05	-0.00112643	-3.31708e-05
-7.61344e-06	-2.2177e-05	0.0117008	-8.7987e-07	-0.00029189	-0.000644438	-0.0103628	-2.67246e-08	-0.000369607	-1.35819e-06
0.0	0.0	0.0	0.0	0.0	0.0	0.0	0.0	0.0	0.0
0.0	0.0	0.0	0.0	0.0	0.0	0.0	0.0	0.0	0.0
0.0	0.0	0.0	0.0	0.0	0.0	0.0	0.0	0.0	0.0
0.0	0.0	0.0	0.0	0.0	0.0	0.0	0.0	0.0	0.0
-7.39541e-08	0.000261663	-4.74447e-05	-1.20897e-05	-1.04784e-05	-3.05047e-06	-0.000138391	-8.41227e-09	-4.9261e-05	-8.65481e-07
0.0025663	6.21781e-05	-0.000120686	-1.80143e-05	-0.00333117	2.35067e-05	0.00176147	-0.000281972	-0.000222742	-0.00043887
-0.00508167	-5.12989e-05	-0.00169404	-0.00135812	-0.00165174	0.00620566	0.00454578	-0.000568651	-0.000155688	-0.00019023
-0.0276439	-0.00176891	0.00125242	0.0444718	-0.00376257	-0.0221213	0.014161	-0.00144495	-0.00240791	-0.000735601
-0.0378714	-0.00180229	0.00249099	0.0336961	-0.0327893	-0.014728	0.0592768	-0.00223658	-0.00497052	-0.00106579
-0.0439414	-0.0123312	0.0296351	0.0563446	-0.0647181	-0.025184	0.0858985	-0.00843895	-0.0144949	-0.00276947
-0.014543	-0.0395953	0.0851848	0.0702136	-0.12767	-0.0333389	0.111162	-0.023855	-0.0200814	-0.00747564
-0.0386465	-0.0610309	0.229372	0.0322271	-0.18474	-0.0559677	0.150718	-0.030367	-0.0249031	-0.0166617
-0.0339825	-0.103519	0.236178	0.0835535	-0.216539	-0.0537708	0.21378	-0.0548447	-0.0387801	-0.0320744
-0.00470891	-0.163893	0.295538	0.206256	-0.266429	-0.0975746	0.239519	-0.0824667	-0.0767848	-0.049456
-0.0217534	-0.0970483	0.310834	0.268787	-0.383421	-0.0749582	0.216417	-0.0671235	-0.0883688	-0.0633648
0.0341032	-0.052667	0.369511	0.20434	-0.443103	-0.0915017	0.224707	-0.0662265	-0.0923134	-0.0868503
0.0112508	-0.0593462	0.262583	0.343666	-0.350163	-0.0710582	0.187228	-0.0699069	-0.146186	-0.108067
-0.0166794	0.0140081	0.196044	0.321307	-0.33696	-0.00495045	0.155841	-0.066083	-0.133332	-0.129194
-0.00429332	0.0388253	0.211509	0.250797	-0.279308	-0.0335724	0.0962073	-0.0536306	-0.114067	-0.112466
-0.0523816	-0.0685277	0.115787	0.215097	-0.191955	0.0597722	0.108501	-0.0420988	-0.0666881	-0.0775067
-0.143509	-0.126271	-0.0702147	0.196774	-0.128275	0.176749	0.17141	-0.0353779	-0.00425513	-0.037029
-0.160121	-0.09595	-0.123159	0.16423	-0.027298	0.158788	0.203541	-0.0210297	-0.0665135	-0.0324868
-0.11358	-0.0997436	-0.158562	0.141976	0.0160757	0.175182	0.132042	-0.0162716	-0.0516315	-0.0254871
-0.100324	-0.0849188	-0.12795	-0.027189	0.016839	0.13663	0.209569	-0.00814948	-0.000715257	-0.0137921
-0.0699739	-0.0585639	-0.1112	-0.0640336	0.010652	0.0611072	0.217737	-0.00283412	0.021648	-0.00453742
-0.0369142	-0.0366268	-0.082734	-0.0376436	0.0089572	-0.0257906	0.187433	-0.00110534	0.0264166	-0.00199211
-0.0157398	-0.0286774	-0.0165417	-0.0119071	-0.00683357	-0.0217056	0.099839	-0.000437353	0.00249348	-0.000490029
-0.0042515	-0.00799934	0.0080334	-0.000306011	-0.000318868	0.0203683	-0.0157921	-4.71048e-06	0.000303205	-3.245e-05
-0.00109665	-0.0106891	-0.000342302	-2.06217e-05	-0.000123297	0.00394328	0.0100338	-1.65993e-07	-0.00170221	-2.69296e-06
0.0	0.0	0.0	0.0	0.0	0.0	0.0	0.0	0.0	0.0
0.0	0.0	0.0	0.0	0.0	0.0	0.0	0.0	0.0	0.0
-2.20738e-08	-1.84528e-08	-1.18864e-05	1.84138e-05	-1.38649e-07	-5.5639e-06	-2.45192e-08	-1.33895e-08	-7.35378e-07	-1.08469e-08
-2.49482e-05	0.000893499	-0.000450313	0.000599801	-2.87452e-06	-0.000487422	-0.000542136	-5.29808e-08	1.58465e-05	-1.39949e-06
-0.000287165	3.58616e-05	-0.0026552	0.00804152	-0.000511871	-0.00333319	-0.00093798	0.000284542	-0.000509995	-0.000126523
-0.00616671	0.00287714	-0.0202007	0.0332491	0.00986362	-0.0233652	0.00872022	-0.00130519	-0.00318399	-0.000488261
-0.0447026	0.0211525	0.00912221	0.14037	0.0110462	-0.101163	0.00102252	-0.0133284	-0.0187276	-0.00479179
-0.0481415	0.0124982	0.0710545	0.182521	-0.026091	-0.127707	-0.00735327	-0.0161357	-0.0330989	-0.00754537
-0.0218185	-0.0268975	0.0635011	0.233474	-0.0479064	-0.129787	0.0199268	-0.037518	-0.034663	-0.0183114
-0.00221048	-0.0539413	0.124141	0.314567	-0.135975	-0.228997	0.0754285	-0.0638994	0.0107502	-0.0398621
0.0368249	-0.0787564	0.257794	0.30975	-0.20793	-0.216179	0.0399275	-0.111068	0.0545703	-0.084933
0.0358225	-0.10033	0.275091	0.367149	-0.31373	-0.120775	0.0540517	-0.163006	0.0811271	-0.115402
0.0529766	-0.186245	0.327566	0.433289	-0.334401	-0.0219021	-0.0312084	-0.193589	0.11958	-0.166067
-0.0314836	-0.0777481	0.323731	0.397305	-0.323641	-0.0650369	-0.0532841	-0.197416	0.260012	-0.232438
-0.0114171	0.123431	0.218956	0.42104	-0.251904	-0.192145	-0.0394022	-0.21193	0.189144	-0.245774
-0.0699481	0.162122	0.228416	0.339431	-0.320373	-0.0369553	-0.0667603	-0.247677	0.331874	-0.320131
0.00838457	0.0835857	0.136971	0.311423	-0.33369	0.201762	-0.120194	-0.238163	0.315051	-0.365132
-0.0493959	0.0531638	0.117945	0.302089	-0.199183	0.14315	0.010122	-0.226487	0.21516	-0.366562
0.0231718	-0.0290952	0.0649663	0.149786	-0.139596	0.166673	0.132814	-0.192883	0.0803784	-0.256215
-0.0613294	-0.0934139	-0.000612171	0.206484	-0.0922049	0.26024	0.092392	-0.155726	0.031919	-0.187749
-0.120071	0.0941397	-0.122105	0.0904042	0.0773771	0.0978124	0.131436	-0.109374	0.0317146	-0.171333
-0.115152	0.100166	-0.143474	-0.00702295	0.151793	-0.0823653	0.196967	-0.0808125	0.0949533	-0.115054
-0.107776	0.0756713	-0.231043	-0.103728	0.138675	0.14994	0.248497	-0.0370557	-0.0284714	-0.10471
-0.0853785	0.0187138	-0.25602	-0.0966601	0.154919	0.116791	0.295206	-0.0336996	-0.0523077	-0.0615619
-0.102099	-0.014107	-0.205295	-0.148413	0.153595	0.201961	0.223679	-0.0163739	-0.0687675	-0.0241782
-0.0990884	-0.0948055	-0.0990985	-0.0290381	0.0897567	0.199231	0.0270734	-0.00485711	0.0180195	-0.00719304
-0.0296106	-0.0519638	-0.00973682	-0.00332657	0.00566352	0.0691061	-0.00706749	-0.00111115	0.0300891	-0.00204218
-0.0029378	-0.00588217	-0.00237179	-8.67178e-05	-0.00628864	0.00928487	-0.00187215	-0.000270075	0.0111553	-0.000730843
-5.27113e-05	-0.00306116	-0.0019623	-2.06543e-05	-0.00140753	-0.00150029	0.00711863	-1.36031e-05	0.000958986	-5.93729e-05
0.0	0.0	0.0	0.0	0.0	0.0	0.0	0.0	0.0	0.0
0.0	0.0	0.0	0.0	0.0	0.0	0.0	0.0	0.0	0.0
-0.00013942	8.41396e-05	0.000163885	0.00167475	-4.86129e-05	-0.00157061	3.35371e-05	-6.84847e-06	-0.000188513	-2.30462e-06
-0.00229856	0.00346633	0.000454213	0.0417021	0.000719706	-0.0197973	-0.0137332	-0.000372256	-0.0083797	-0.00176134
-0.0186561	0.00735631	0.00454775	0.115001	0.0100146	-0.0890818	0.00920243	-0.00511025	-0.024781	-0.00849279
-0.0666188	0.053111	0.0158653	0.262631	0.0338073	-0.155506	-0.0881022	0.039851	-0.0668435	-0.0281937
-0.0393253	0.0127821	0.0579009	0.314949	0.0226856	-0.215614	-0.0636597	0.0451306	-0.0717997	-0.0630485
-0.0383381	-0.0931829	0.129952	0.281794	-0.00566444	-0.136256	-0.0578162	0.0361544	-0.0198261	-0.096817
-0.0116089	-0.209768	0.197817	0.215798	-0.0306517	-0.129529	0.0497827	0.0513925	-0.00131072	-0.131921
0.0169586	-0.239938	0.176831	0.207785	-0.031307	0.0154608	-0.00771796	-0.00675949	0.0572776	-0.188591
0.125026	-0.173392	0.226821	0.184581	-0.155887	0.0844384	-0.00772996	-0.120186	-0.0574742	-0.106198
0.0889231	-0.194366	0.246805	0.170887	-0.1585	0.0638242	-0.286919	-0.182005	0.181877	0.0694746
0.0191014	-0.119308	0.19218	0.116434	-0.153226	-0.0100574	-0.212715	-0.173813	0.267968	0.0734354
0.146569	0.0104007	0.163124	0.108609	-0.252767	-0.0450552	-0.248258	-0.233222	0.203163	0.147436
0.180695	0.0859848	0.140477	0.0719671	-0.108652	-0.0925073	-0.086213	-0.335558	0.209426	-0.0656186
0.184479	0.145458	0.198278	0.168103	-0.0804916	-0.128441	-0.153694	-0.37226	0.154065	-0.115496
0.162604	-0.0604833	0.285208	0.246689	-0.0274241	0.0227752	-0.113557	-0.341751	0.165454	-0.339513
0.285309	-0.135898	0.23226	-0.0141422	-0.0850384	0.119991	0.00501184	-0.360186	0.258077	-0.305386
0.267154	-0.0291493	0.153577	-0.018056	0.0565408	0.133984	0.106237	-0.349263	-0.0455321	-0.275492
0.0463886	0.0395937	0.00811159	0.0423088	0.157356	0.0536017	0.165387	-0.369432	0.110958	-0.254274
-0.0690399	0.144353	-0.0132411	-0.0589524	0.102268	0.19504	0.126457	-0.327819	0.144565	-0.243631
-0.00153626	0.251725	-0.0329017	-0.166554	0.103801	0.137908	0.123943	-0.208529	0.0295198	-0.237377
-0.0180801	0.220009	-0.140533	-0.160095	0.210963	0.256887	0.10482	-0.143558	-0.0953477	-0.235066
-0.151767	0.120481	-0.219655	-0.209886	0.310971	0.320792	0.18415	-0.0761395	-0.134309	-0.144638
-0.167702	0.0159397	-0.156268	-0.0704289	0.11612	0.308525	0.0680609	-0.0261869	-0.0252538	-0.0628066
-0.0711708	-0.0723987	-0.0370535	-0.0164071	-0.00343348	0.176735	-0.0220164	-0.00818234	0.0744573	-0.0205299
-0.0198093	-0.0125751	-0.0089116	-0.00148011	-0.0129179	0.0423399	0.0146487	-0.00317073	0.00474307	-0.0028669
-0.00592171	-0.00399103	-0.00288763	-7.2314e-05	-0.000188045	0.00431835	0.010601	-9.11198e-05	-0.00173812	-2.93921e-05
0.0	0.0	0.0	0.0	0.0	0.0	0.0	0.0	0.0	0.0
-2.15314e-06	-9.61686e-07	-1.43499e-05	0.000210174	-5.57673e-07	-2.29256e-05	-1.47304e-07	-4.69411e-06	-1.91469e-05	-0.000145238
-0.000684825	-0.00600098	-0.00286256	0.00147162	-0.0021319	0.00148944	-0.00065034	0.014071	-0.00235842	-0.002343
-0.00221248	0.00326973	0.00958058	0.0713416	-0.0151767	-0.0647582	-0.0191234	0.0559393	-0.0244653	-0.014395
-0.0280016	0.00404595	0.0637836	0.144296	0.0198772	-0.13703	0.00187518	0.0373236	-0.0510983	-0.0550713
-0.0326798	-0.0203679	0.0847807	0.234136	0.104803	-0.151199	-0.0768259	0.0858169	-0.0754113	-0.153052
-0.0237053	-0.0675208	0.151404	0.26492	0.100074	-0.125136	-0.140829	0.152624	-0.105851	-0.205979
-0.0343282	-0.164618	0.154337	0.148462	0.0820701	-0.00863904	-0.0429446	0.168804	-0.0364477	-0.266696
-0.0542627	-0.274857	0.113257	0.191281	0.00678398	0.0228418	-0.0264866	0.20482	0.0450045	-0.228382
-0.114048	-0.330053	0.186943	0.263143	0.0211022	-0.00158641	-0.119238	0.137496	0.059418	-0.103177
0.0335772	-0.196088	0.146025	0.267651	-0.102519	-0.00390878	-0.241866	0.171542	-0.0437406	-0.0306718
0.00846098	-0.104449	-0.00185375	0.148827	-0.213651	-0.0315394	-0.226735	0.222806	0.0593413	0.138792
-0.0483544	-0.170887	0.0198278	0.074726	-0.181577	-0.011383	-0.158646	0.119994	0.211386	0.144914
0.162813	-0.172219	0.0531493	0.248062	-0.301279	-0.00718325	-0.27992	-0.0773026	0.0570544	0.316826
0.15386	-0.11397	0.0619767	0.152975	-0.355971	0.0975335	-0.219832	-0.0961883	0.0322952	0.28732
0.060992	-0.211217	0.0698295	0.14266	-0.348006	-0.0598959	-0.106826	0.0050341	0.30496	0.142469
0.109709	-0.226571	0.126551	0.182461	-0.333391	-0.0902371	-0.148443	-0.00847888	0.155816	0.232585
0.213119	-0.247953	0.039777	0.0578786	-0.211508	-0.0143678	-0.151485	0.00672936	0.120099	0.187711
0.287778	-0.113572	0.0131556	0.198242	-0.234767	0.0524635	-0.214576	-0.0613533	-0.114823	0.187451
0.132817	-0.10286	-0.0451725	-0.0560567	-0.0266828	0.162072	-0.117456	-0.102171	0.1849	-0.0293896
0.0918619	0.0767568	-0.100414	0.0605088	-0.086261	0.140507	-0.0649527	-0.107758	0.0727043	-0.082953
0.197467	0.108405	-0.0817274	-0.00243069	0.0126903	0.0404616	-0.0520547	-0.055774	-0.012748	-0.15429
0.189038	0.110224	-0.158753	-0.159349	0.266256	0.203664	-0.0302157	-0.122229	-0.0341981	-0.264436
-0.0415326	0.0702377	-0.302265	-0.209881	0.397292	0.358866	-0.00475853	-0.136567	0.119748	-0.251141
-0.246024	-0.0116764	-0.168683	-0.094603	0.142088	0.555961	-0.00945895	-0.0692439	0.0522394	-0.150599
-0.162731	-0.0665863	-0.0484811	-0.0349118	-0.00101665	0.324847	-0.0318151	-0.030598	0.10362	-0.0523267
-0.0708663	-0.00793938	-0.00717365	-0.00407235	0.0209469	0.119755	-0.024338	-0.0102184	-0.000448776	-0.0156449
-0.0172343	-0.000311394	-0.000439417	-0.000337499	-0.000894778	0.0251426	-0.00133022	-0.00060101	-0.00331248	-0.00068148
0.0	0.0	0.0	0.0	0.0	0.0	0.0	0.0	0.0	0.0
-0.000178358	-0.000455748	-0.000698525	0.00637529	-0.000389632	-0.000953559	-8.18729e-05	0.00282662	-0.0018147	-0.00462951
-0.000627166	-0.00752919	0.00724053	-0.00807915	-0.00327521	-0.0103326	-0.0026954	0.0395396	-0.0046768	-0.00956462
-0.00485926	-0.00608675	0.0270019	0.0622791	-0.00736992	-0.0859957	-0.026898	0.119289	-0.025635	-0.051725
-0.0461908	-0.00572455	0.151756	0.268232	0.0491025	-0.287271	-0.0099692	0.0702116	-0.0420872	-0.148059
-0.0277616	-0.0727457	0.133818	0.347563	0.147896	-0.239147	-0.0742599	0.105534	-0.0363356	-0.284559
-0.013839	-0.147869	0.243965	0.17962	0.0895084	-0.0819818	-0.170958	0.215883	-0.0206466	-0.293682
-0.0627586	-0.20001	0.0581138	0.0787059	0.0917166	0.0912748	-0.0298428	0.222523	0.0524275	-0.302149
-0.133473	-0.349494	0.117972	0.0610467	-0.0201394	0.171394	-0.0402518	0.184561	0.106026	-0.0976411
0.0189551	-0.300308	0.0156486	0.0933837	-0.0436996	0.0546463	-0.139914	0.253185	0.0075991	0.0405044
0.0392248	-0.186619	-0.0711993	0.0172422	-0.147525	0.146921	-0.202682	0.300672	0.0852257	0.0187396
0.0624371	-0.197517	0.0294155	0.0413867	-0.209164	0.100851	-0.11579	0.275745	-0.101904	0.11454
0.0275723	-0.124753	-0.0257317	0.151482	-0.390797	0.0142973	-0.160697	0.239668	-0.0389937	0.307954
0.109143	-0.170567	0.155593	0.0791293	-0.338098	-0.0909473	-0.235283	0.125236	-0.0422821	0.408078
0.0873304	-0.121615	0.0695008	0.220867	-0.401458	0.113777	-0.152622	-0.0210337	-0.244762	0.450017
0.0168862	-0.327142	-0.0357541	0.222116	-0.365276	-0.104086	-0.138858	0.0835911	0.165872	0.482652
0.0488147	-0.236331	0.00138137	0.0687467	-0.411574	0.0665205	-0.265754	0.194348	0.0504789	0.483369
0.216895	-0.192874	-0.192464	0.127939	-0.208447	0.0898179	-0.247818	0.261845	-0.136974	0.282083
0.241533	-0.221026	-0.076633	-0.0124492	-0.239783	0.0631042	-0.318668	0.29732	0.0745698	0.192031
0.163556	-0.0562133	-0.0454698	0.057453	-0.118725	0.0969151	-0.322672	0.179875	-0.0434063	0.0886874
0.0380238	0.0424679	-0.124872	0.0628415	-0.130956	0.0950913	-0.25398	0.210605	-0.0106794	0.0714584
0.0737869	-0.0343134	-0.0235504	-0.0864688	-0.0438565	0.144077	-0.195338	0.114761	0.0533868	-0.00248502
0.129376	-0.0313232	0.0195721	-0.189004	0.19108	0.188552	-0.230933	0.0628789	0.0323262	-0.172525
0.118221	-0.0820295	-0.333189	-0.253929	0.326095	0.391267	-0.179113	-0.0250004	0.284723	-0.247045
-0.138169	-0.198481	-0.246575	-0.17445	0.125375	0.628151	-0.0286875	-0.0612422	0.297192	-0.203112
-0.18974	-0.113283	-0.0643343	-0.0464108	-0.00305415	0.550302	-0.066376	-0.051085	0.0697275	-0.0857457
-0.0778394	-0.00548981	-0.00987264	-0.00332255	0.02955	0.125064	-0.0236949	-0.0105363	0.00304217	-0.0269002
-0.00609183	-0.00209377	-0.000593846	-0.000198069	-0.00107597	0.0152712	-0.00486741	-0.000438457	0.000813224	-0.000725092
0.00617405	-2.2448e-07	-0.000135538	-4.93318e-07	-0.000201992	-3.94256e-06	-6.30503e-06	-0.00384164	-1.19634e-05	-0.00197194
-0.000257894	-0.000421005	0.000926718	-0.00431091	-0.00707594	-0.00101973	-0.000255604	0.0335063	-0.00207399	-0.0190179
-0.000806284	-0.00429323	0.00302383	-0.00718933	-0.000528186	-0.013341	-0.00299185	0.0752188	-0.00735144	-0.0417413
-0.00244555	-0.00236893	0.0268464	0.0760665	-0.0114319	-0.0970063	-0.0264597	0.195929	-0.0195205	-0.139608
-0.0734538	-0.018818	0.165693	0.306883	0.0122197	-0.372426	-0.0194446	0.220545	-0.000604892	-0.220592
-0.0707103	-0.0615475	0.119297	0.251105	0.114733	-0.28234	-0.111211	0.230611	0.0635214	-0.253457
-0.0706577	-0.154827	0.101825	0.132154	0.0255851	-0.116099	-0.176887	0.222386	0.155407	-0.118888
-0.0880068	-0.189122	0.0750126	0.0753008	0.0116241	-0.0656002	-0.108054	0.341823	0.152155	-0.205133
-0.0421219	-0.338897	0.0754222	0.0282577	-0.131084	0.101919	-0.102541	0.240687	0.0331394	0.135218
0.0999622	-0.372994	0.0353631	0.0185736	-0.00115967	0.0306434	-0.134383	0.174816	0.173292	-0.0241129
0.0300747	-0.266901	0.222387	0.0549049	-0.153151	0.106305	-0.198249	0.123522	0.0978967	-0.0167896
0.00549674	-0.224004	0.115725	0.0328272	-0.126564	0.136599	-0.158691	0.298795	0.00892845	-0.0891121
0.112056	-0.0887378	-0.00111777	0.0914561	-0.267157	-0.0318963	-0.167104	0.330214	0.232804	-0.210515
0.0334083	-0.000318515	0.00710509	0.091739	-0.275941	-0.0859501	-0.229101	0.126092	0.214639	0.118328
0.148189	-0.0191078	0.0830473	0.198832	-0.413783	-0.0978229	-0.325242	0.216392	-0.111396	0.320893
0.202914	0.0128593	0.0381705	0.234908	-0.369034	-0.189954	-0.359897	0.270767	-0.070267	0.229536
0.379867	-0.161478	-0.0260203	0.139993	-0.427932	-0.0492804	-0.395587	0.272652	0.0839042	0.183883
0.26333	0.0520849	-0.0859382	0.151856	-0.217174	0.00739013	-0.416551	0.261796	-0.0358934	0.0191014
0.140996	-0.122622	-0.183258	0.248451	-0.079059	-0.0259688	-0.55742	0.360251	0.0946152	0.124013
0.10222	-0.0947671	0.0875391	0.105465	-0.115961	0.0734922	-0.510776	0.150176	0.141976	0.0606351
0.136992	-0.163263	-0.0148159	0.118171	-0.0874434	0.202124	-0.359431	0.199713	0.0440609	-0.0761055
0.0679863	-0.201249	-0.0735354	0.0808246	-0.0458896	0.164495	-0.277919	0.055071	0.100846	0.129371
0.202105	-0.212365	-0.0608753	0.102269	-0.0138664	0.103673	-0.354724	0.151526	0.141332	-0.0590733
0.299742	-0.308937	-0.119297	-0.355121	0.113143	0.562938	-0.342798	0.0466718	0.29955	-0.195893
-0.0105643	-0.296872	-0.276581	-0.268148	0.0383568	0.905169	-0.208821	-0.09667	0.380444	-0.166314
-0.189179	-0.125914	-0.0957855	-0.061997	0.00273729	0.650318	-0.12272	-0.0728966	0.108015	-0.0925785
-0.0639721	-0.0103142	-0.0125739	-0.00453579	-0.0313705	0.172088	-0.0623622	-0.0136913	0.0504152	-0.0236832
-0.00363094	-0.00156172	-0.0011912	-6.00395e-05	-0.00106798	0.00870051	-0.00582575	-0.00295272	0.00869424	-0.00110438
-2.98252e-06	-7.05298e-06	-5.818e-06	-9.60728e-05	-0.000387443	-4.62734e-05	-2.76613e-06	0.0015496	-1.91989e-05	-0.000981988
-0.00043377	-6.13844e-05	-0.000566585	-0.00404214	-0.00787449	-0.00101577	-0.000135807	0.0412054	-0.00139695	-0.0256785
0.00172182	-0.00281251	-0.0055845	0.0173371	-0.00623175	-0.00697513	-0.00432756	0.0851758	-0.0167235	-0.0615797
0.00534138	-0.00433572	0.0428807	0.103209	-0.0778435	-0.103685	-0.0341505	0.2566	-0.0305829	-0.157432
-0.0584384	-0.0417193	0.137487	0.333122	-0.107705	-0.311353	-0.0200032	0.322686	0.0224215	-0.276497
-0.0619847	-0.128112	0.235243	0.179864	-0.0286941	-0.26249	-0.149728	0.234354	0.0968512	-0.115304
-0.0903238	-0.165006	0.0730364	0.0917645	-0.0900605	-0.0865611	-0.164361	0.135953	0.186739	0.108819
-0.101754	-0.160372	0.0297433	0.111543	-0.0715506	0.0166129	-0.0411394	0.109711	0.110175	-0.00296998
-0.0659838	-0.243704	-0.0298266	0.0956044	-0.0697585	0.137647	-0.0799467	0.0765821	0.116414	0.0629722
0.0238992	-0.31505	0.103654	0.0036876	-0.00838156	0.0611853	-0.165477	0.080395	0.207889	0.0081985
0.0744162	-0.211234	0.218272	-0.163519	-0.145548	0.187761	-0.229136	-0.023388	0.150427	0.141949
-0.0594831	-0.104994	0.104392	-0.333284	-0.0971543	0.329069	-0.134214	0.144696	0.114093	0.0368787
0.00940054	-0.0810369	0.107778	-0.262739	-0.104047	0.191862	-0.182194	0.28987	0.0459889	-0.0148816
0.159261	0.0651982	0.126066	-0.104313	-0.180643	-0.0235732	-0.328991	0.207123	0.0395398	0.0403334
0.023997	0.219496	0.157764	0.241774	-0.601535	-0.182242	-0.22087	0.407482	-0.226607	0.18074
-0.0505515	0.422119	0.181904	0.375256	-0.407516	-0.340046	-0.366092	0.359957	-0.414067	0.239042
0.173247	0.148469	0.218744	0.287831	-0.128582	-0.308004	-0.519954	0.312931	-0.184444	-0.000237731
0.287625	0.0337196	0.0192435	0.15615	-0.0933629	-0.157668	-0.627978	0.397423	-0.00940227	-0.00575022
0.240222	-0.119472	0.0148222	0.10239	-0.0125104	-0.0625426	-0.592557	0.290973	0.032936	0.10574
0.255366	-0.208971	-0.0116756	0.159578	-0.0616176	-0.0451869	-0.527032	0.27282	0.102529	0.0641895
0.172239	-0.282968	-0.0352145	0.241062	-0.0187301	0.0414163	-0.353281	0.118114	0.0940406	0.0233234
-0.0123055	-0.294142	-0.116306	0.197006	-0.0166156	0.249875	-0.253524	0.232026	0.124524	-0.110537
0.0926494	-0.340125	-0.00797743	0.195226	-0.0476455	0.263741	-0.398275	0.162175	0.163451	-0.0832222
0.3803	-0.338989	-0.124682	-0.174999	-0.0788108	0.615724	-0.310381	-0.0426741	0.277862	-0.203352
0.133069	-0.224551	-0.264572	-0.231695	-0.211086	1.12809	-0.255786	-0.0897948	0.199715	-0.183392
-0.180622	-0.0981129	-0.0740284	-0.042098	-0.151458	0.844374	-0.20428	-0.0394023	0.0436187	-0.0979915
-0.0622862	-0.012442	-0.00621817	-0.00625629	-0.0504683	0.196694	-0.081418	0.000824136	0.0542391	-0.0326681
-0.00103051	-0.00180395	-0.000893348	-0.000339878	-0.00442861	0.0130091	-0.00473287	0.0223658	-0.0198404	-0.00230533
-4.62888e-06	-8.25257e-06	-1.15523e-05	-0.000154266	-0.00045308	-5.93421e-05	-3.26962e-06	0.00214777	-2.67972e-05	-0.00142658
-0.000483012	-2.88272e-05	-0.000172316	-0.00278773	-0.00738925	-0.000919435	-4.72219e-05	0.039064	-0.000776891	-0.0264594
0.0141652	-0.001516	-0.00363626	0.0090857	-0.0240824	-0.00755979	-0.0135189	0.117645	-0.0136687	-0.0769138
-0.00559263	-0.0244843	0.0481167	0.147734	-0.0875935	-0.0848507	-0.0363161	0.238947	-0.0538831	-0.142077
-0.0467482	-0.048042	-0.00195968	0.173991	-0.115466	-0.151558	-0.054494	0.331325	0.104252	-0.191299
-0.0281652	-0.130318	0.161746	0.00740231	-0.134908	-0.132863	-0.124068	0.228161	0.102167	0.0508469
-0.0876297	-0.207802	0.195241	-0.0522313	-0.140302	-0.000344626	-0.108185	0.0479405	0.164431	0.188882
-0.103649	-0.185673	-0.0288764	-0.110595	-0.0565912	0.173026	0.0241773	0.0533362	0.201351	0.0334934
-0.0666322	-0.186112	-0.045476	-0.241734	0.00248041	0.290435	0.0142379	-0.0905155	0.180002	0.143314
0.024429	-0.229672	-0.11387	-0.432929	0.160303	0.332251	-0.133899	0.0218534	0.24766	0.123874
-0.0773161	-0.0690045	-0.0450172	-0.504187	0.0605954	0.266165	-0.0721928	-0.000108514	0.276445	0.16462
-0.00369102	0.0302668	-0.0412822	-0.533345	0.0452401	0.243798	-0.0824671	-0.066397	0.244695	0.163184
-0.0135076	0.015527	-0.0949857	-0.449005	0.171838	0.308835	-0.193556	-0.119321	0.229564	0.144612
0.052512	0.25577	-0.201825	0.0485216	-0.264891	0.175118	-0.0965047	0.161463	0.0469509	-0.177115
-0.0216834	0.525622	-0.0601622	0.249594	-0.782319	0.047091	-0.26523	0.34022	-0.0284855	-0.00464389
-0.148072	0.689536	-0.102946	0.19487	-0.169935	-0.109306	-0.470947	0.468042	-0.284191	-0.0670505
-0.0225371	0.260283	0.0527962	0.227048	-0.0544066	-0.220197	-0.462061	0.557916	-0.338757	-8.19877e-05
0.233998	0.0673614	0.10448	0.194178	0.0270655	-0.35185	-0.473785	0.340312	-0.157799	0.0160421
0.219887	-0.174039	0.0505278	0.195117	-0.0385804	-0.335808	-0.456111	0.341295	0.144585	0.0531267
0.11031	-0.191919	-0.0132766	0.231783	0.0509461	-0.27179	-0.428777	0.342004	0.168423	0.00229457
0.167817	-0.320342	-0.058513	0.304946	-0.124866	-0.137993	-0.2809	0.352689	0.0997391	-0.00257864
0.0877296	-0.298975	-0.0882093	0.179301	-0.0874324	0.00655486	-0.234182	0.367711	0.114087	-0.046586
0.200089	-0.297894	-0.0657746	0.0984712	-0.124302	0.0934021	-0.2654	0.192893	0.18852	-0.0200062
0.404409	-0.263255	-0.12824	-0.0937221	-0.354051	0.559459	-0.129889	-0.148792	0.237528	-0.0834453
0.200579	-0.188191	-0.196716	-0.158512	-0.280332	1.12129	-0.197424	-0.110953	0.0199884	-0.209724
-0.183323	-0.0669553	-0.0442668	-0.0229211	-0.182464	0.949607	-0.258831	-0.0299351	-0.0702422	-0.0906691
-0.0793349	-0.0158193	0.00816924	-0.00413421	-0.0558171	0.252455	-0.0810057	-0.000350669	0.00853268	-0.0326948
-0.000561955	0.000429088	-0.000460872	-0.000122585	-0.00124039	0.00666729	-0.0116909	0.00510629	0.00622377	-0.00434977
-2.87245e-05	-3.37547e-06	-1.31249e-05	-9.63352e-05	-7.87125e-05	-6.83361e-05	-4.24005e-06	0.00101319	-3.29409e-05	-0.000687403
0.00299065	0.00025232	-0.000375781	-0.0020148	-0.0155417	-0.00534156	-0.000147793	0.0542573	-0.00106657	-0.033012
-0.00423305	-0.00018176	-0.0043885	0.00842558	-0.0729207	-0.0119352	-0.00108868	0.209531	-0.00893169	-0.114277
-0.0172756	-0.0164668	-0.0238085	0.131659	-0.0813526	-0.092723	-0.0354966	0.28356	-0.0141967	-0.133899
-0.123832	-0.028478	-0.09336	0.0931786	-0.162706	-0.0620942	-0.0349553	0.363046	0.0652084	-0.0160076
-0.116985	-0.0715819	-0.0951242	-0.152822	-0.116921	-0.0166203	-0.00943234	0.14948	0.199292	0.230714
-0.0522053	-0.173832	-0.178563	-0.282397	0.00178828	0.212515	-0.0142067	0.0170756	0.217904	0.25192
-0.0482543	-0.191856	-0.299082	-0.428933	0.048041	0.167559	0.137315	0.110727	0.381377	0.123106
-0.0382776	-0.194504	-0.372401	-0.42239	0.179225	0.173461	0.0462661	-0.0638839	0.284891	0.407615
-0.101401	-0.225127	-0.40687	-0.436343	0.320533	0.166144	0.0826757	0.129301	0.312407	0.158678
-0.0449363	-0.140698	-0.623946	-0.377869	0.38832	0.156646	0.04177	0.210027	0.185887	0.204799
-0.0750518	-0.14311	-0.583904	-0.199782	0.213178	0.0997207	-0.00168749	0.188817	0.198109	0.303711
-0.131238	-0.0459586	-0.658194	-0.0519983	0.370112	0.2294	0.0987699	-0.051933	0.180913	0.0601267
-0.0319051	0.302231	-0.725032	0.183522	-0.536039	0.448269	0.106176	0.0424973	0.256274	-0.045993
-0.321141	0.715968	-0.521389	0.141277	-0.704764	0.11915	-0.241763	0.294123	0.490688	0.0278509
-0.54562	0.707875	-0.396453	0.167262	0.13007	-0.116406	-0.513694	0.426111	-0.00188418	0.142739
-0.465597	0.212176	-0.169448	0.0473013	0.342111	-0.139289	-0.30333	0.432678	-0.193101	0.2365
-0.0757222	-0.0514064	-0.261881	0.244595	0.118949	-0.17242	-0.338426	0.34581	-0.149764	0.340268
-0.0719069	-0.0404186	-0.0861273	0.1436	-0.0533802	-0.164604	-0.267219	0.390364	-0.117726	0.267418
0.0646125	-0.167247	0.158488	0.206244	-0.0423791	-0.363836	-0.230259	0.191351	-0.0309142	0.213939
0.14877	-0.196525	-0.0499273	0.304686	-0.178235	-0.545044	-0.160917	0.274065	-0.0207805	0.423908
0.200956	-0.187027	-0.012768	-0.0360897	-0.134503	-0.455575	-0.0426756	0.296409	0.0921562	0.279117
0.226736	-0.153552	-0.0866138	-0.0731016	-0.19795	-0.410388	0.0129885	0.153908	0.281448	0.246525
0.332817	-0.122723	-0.135714	-0.149361	-0.313051	-0.0190707	0.201941	-0.141488	0.359457	-0.0128052
0.275131	-0.0965863	-0.0956215	-0.118044	-0.2608	0.339306	-0.0211973	-0.110083	0.2467	-0.158804
-0.110879	-0.0479537	0.0314898	-0.00585514	-0.122914	0.523338	-0.209566	-0.0413147	0.0646744	-0.0810194
-0.049866	-0.0130208	0.0117813	-0.00218829	-0.0186188	0.145253	-0.1069	-0.00923791	0.06707	-0.0242721
-0.00036386	0.00204073	-0.000242079	-3.50346e-05	-0.000816383	0.00396956	-0.00728367	0.000604179	0.00442467	-0.0022981
-1.26869e-06	-3.20422e-08	-4.7173e-06	-2.35773e-05	-1.59095e-06	-8.14397e-06	-1.71341e-08	0.0010925	-1.46768e-05	-0.00103848
-4.92268e-05	-0.000116956	-2.19376e-05	-0.00218418	-0.0249252	-0.00689987	-0.000203016	0.0572575	-0.000715218	-0.022142
-0.00476899	-0.000981421	-0.00146024	-0.00617238	-0.0816686	-0.0106685	-0.0011208	0.217696	-0.00543916	-0.105416
-0.0294929	-0.00111565	-0.0752836	0.020674	-0.129087	-0.0377766	-0.0295159	0.345928	0.0261555	-0.0904855
-0.109872	-0.000149062	-0.161681	-0.0515328	-0.218965	0.00494142	-0.0531577	0.359031	0.0358584	0.195528
-0.0607859	-0.0427491	-0.406757	-0.22521	-0.0719993	0.0570092	0.0118199	0.186146	0.21173	0.340797
0.0996507	-0.0776096	-0.677677	-0.351035	0.12489	0.243837	0.13771	0.0274121	0.169874	0.302947
0.0142352	-0.104152	-0.772737	-0.36822	0.26668	0.136869	0.19518	0.231018	0.237259	0.163867
-0.0128006	-0.140121	-0.527627	-0.350512	0.39071	0.0428973	0.113978	0.253052	0.0540675	0.176356
-0.0084094	-0.144054	-0.524213	-0.160606	0.290584	-0.0400633	0.160017	0.00581866	0.117864	0.303062
0.0127375	-0.29381	-0.583644	0.0652843	0.450232	0.234976	0.0293504	-0.0367672	-0.116957	0.238597
0.0165117	-0.40104	-0.529562	-0.0597874	0.562066	0.210286	0.227666	-0.0774835	-0.0730551	0.124396
0.094666	-0.0141678	-0.539453	0.0295624	0.672959	0.25463	0.224805	-0.556874	0.0895953	-0.255722
-0.0505492	0.258187	-0.454667	0.126864	-0.103225	0.294086	0.143217	-0.689016	0.451814	0.0232892
-0.546378	0.85447	-0.471349	0.427121	-0.421864	-0.0254763	-0.227146	-0.138776	0.28218	0.267217
-0.740485	0.512719	-0.454728	0.184577	0.20596	-0.0588492	-0.283055	0.313043	0.0586836	0.262138
-0.600227	0.127065	-0.264722	0.0894574	0.361653	-0.314237	-0.104899	0.446308	-0.0094397	0.269043
-0.150046	0.0957155	-0.280875	0.0274646	0.0810275	-0.351745	-0.147398	0.364431	0.0245523	0.336875
-0.0266667	-0.0229874	-0.155738	0.117816	-0.00783936	-0.284859	-0.178318	0.27009	-0.0785803	0.367084
0.0455438	-0.15854	0.14356	0.0127116	0.0595303	-0.310164	-0.258672	-0.0446907	0.115536	0.395185
0.040874	-0.128225	-0.0307427	-0.030102	0.0628946	-0.454428	-0.139766	0.0813069	0.219152	0.379036
0.132933	-0.0816047	-0.00484293	-0.369701	0.143913	-0.709942	0.0701583	0.0863746	0.337667	0.395043
0.283301	-0.070012	-0.110755	-0.297417	0.0315615	-0.836269	0.295608	0.0297478	0.337998	0.336237
0.398513	-0.0453601	-0.253565	-0.172651	-0.147775	-0.729736	0.496904	-0.110933	0.431275	0.133331
0.392226	-0.0385583	0.0384891	-0.0752731	-0.0886469	-0.540514	0.213237	-0.0905597	0.352961	-0.163361
-0.0147918	-0.0212523	0.146185	0.00306222	-0.0366365	0.0176001	-0.119644	0.00812004	0.0966901	-0.0793331
-0.0252294	-0.0122127	0.0864776	-0.000391351	-0.0145178	0.0649611	-0.112136	0.0147967	0.0232832	-0.0250318
-0.000143211	0.00135847	0.00950991	-4.04542e-05	-0.00489403	-0.00181612	-0.00596161	0.00754804	-0.00460999	-0.000951007
-6.40062e-09	2.78508e-05	-3.27143e-06	-8.32277e-06	-1.41848e-07	-1.20586e-06	-1.1113e-06	-4.25423e-06	-3.17334e-06	-6.36357e-06
0.000393403	-2.04898e-05	-1.93209e-05	-0.00127366	-0.0181829	-0.00140173	-0.000211902	0.0326264	-0.000184903	-0.0117249
-0.00218161	-0.0003403	-0.00057136	-0.00421671	-0.0508833	-0.00327065	-0.000513721	0.137409	-0.00152909	-0.0739022
-0.0168993	0.00426575	-0.0911156	0.000772225	-0.102354	-0.00112698	-0.025037	0.255493	0.0183251	-0.0423223
-0.0465665	0.00866298	-0.287309	-0.130555	-0.100275	0.044217	-0.072659	0.215157	-0.0116983	0.381027
-0.0193555	-0.0337117	-0.576905	-0.21727	0.13778	0.129175	0.0674235	0.0807875	0.0493736	0.382702
0.17884	-0.0663646	-0.789537	-0.317879	0.347906	0.0664138	0.291445	0.0793744	0.0136896	0.19611
0.221317	-0.0994541	-0.683849	-0.34642	0.314963	0.18055	0.0867236	0.108179	0.00794068	0.210051
0.109246	-0.0527011	-0.378994	-0.222842	0.360778	0.0362546	0.0669824	-0.00393765	-0.0753544	0.160569
0.0854714	-0.165556	-0.256401	-0.0897325	0.317804	0.0725069	0.0948089	-0.107544	0.00668817	0.0419541
0.104762	-0.521412	-0.115836	-0.160867	0.419686	0.240815	0.168907	-0.0659435	-0.149977	0.0798682
0.0833677	-0.570699	0.0020426	-0.20557	0.622707	0.305059	0.125016	-0.397465	0.0713145	-0.0357757
0.0698217	-0.0902368	-0.0892369	0.104993	0.395326	0.387651	0.157665	-0.921649	0.212379	-0.226714
-0.378938	0.304571	0.0495634	0.350034	-0.172859	0.226567	0.0276683	-0.920218	0.426429	0.0871825
-0.65021	0.651166	-0.047163	0.276917	-0.0829755	-0.0306127	-0.153761	-0.227731	0.0431092	0.22126
-0.768313	0.396391	-0.260455	-0.0720905	0.320759	-0.240264	0.0246284	0.0777568	0.305589	0.215998
-0.579025	0.141354	-0.2705	0.0763082	0.248316	-0.416696	0.0154694	0.224482	0.154778	0.405516
-0.220203	0.159618	-0.117979	0.0693616	0.192129	-0.217287	-0.18596	0.125942	-0.128199	0.322579
-0.0785964	-0.207122	-0.137258	0.15613	0.165656	-0.139932	-0.157294	0.103536	0.00541964	0.289459
-0.0942348	-0.234696	-0.129363	-0.0500023	0.115357	-0.0425133	-0.0146167	-0.0243804	0.07386	0.40059
-0.202052	-0.155374	-0.0961484	-0.376183	0.257133	-0.0551202	-0.094406	0.162347	0.223577	0.336228
0.0443552	-0.10544	-0.0141943	-0.370732	0.244932	-0.312875	0.157551	0.0621712	-0.0485351	0.342766
0.250286	-0.0928886	-0.0919951	-0.373549	0.14863	-0.411245	0.387202	-0.0151568	0.0385804	0.160136
0.385704	-0.0801967	-0.113086	-0.172411	-0.0341513	-0.569606	0.612311	-0.00845813	0.116991	-0.137097
0.327418	-0.0626028	0.222073	-0.0594762	-0.121767	-0.460782	0.283614	0.0115621	0.0950365	-0.235074
0.0391237	-0.033574	0.310723	-0.00509759	-0.00568882	-0.0946889	-0.144698	0.0224262	0.0232188	-0.111744
-0.00769893	-0.0152251	0.198366	-0.000847535	-0.0143485	-0.00711899	-0.115715	5.29203e-05	-0.00697113	-0.030493
-0.00118653	-0.00038682	0.0588797	-0.00179064	-0.0153369	-0.0157537	-0.0188086	-0.00301334	-0.00147786	-0.00112529
-3.40486e-05	-7.59328e-07	-1.12203e-05	-0.000942829	-4.46478e-05	0.00412629	-7.01208e-05	-3.31196e-05	-0.000136167	-0.00285338
-4.8866e-05	-6.87613e-06	-0.00686252	0.00710473	-0.00955383	-0.000683485	-1.25387e-05	0.0166888	-0.000494024	-0.00613136
-0.000628063	0.000463833	-0.00484127	0.0032347	-0.0224375	-0.00131425	-5.23098e-05	0.072795	-0.000835554	-0.0463846
-0.0385089	0.00780427	-0.0732884	0.00838947	-0.0170229	0.00567258	-0.0142799	0.118486	-0.00904355	0.0117911
-0.042107	0.0114663	-0.195165	-0.0636034	0.180859	0.0255907	-0.14978	0.069265	-0.0738815	0.237357
0.156106	-0.0430141	-0.439266	-0.225028	0.346632	-0.014599	0.0473753	0.0758748	-0.0509204	0.146839
0.176256	-0.0827874	-0.329714	-0.341332	0.324186	-0.0236811	0.221705	-0.0303495	-0.142067	0.227785
0.321249	-0.121591	-0.109609	-0.329843	0.35431	0.0214243	0.0707545	-0.0410214	-0.331966	0.166293
0.210312	-0.0743554	-0.0802057	-0.209154	0.325682	0.106668	0.114464	-0.163868	-0.286715	0.0571712
0.19601	-0.241249	-0.0254519	-0.121025	0.277197	0.208878	0.190832	-0.264443	-0.234488	0.013738
0.0888508	-0.560261	0.0587733	-0.202525	0.331725	0.304091	0.248484	-0.228948	-0.036132	-0.00405949
0.151199	-0.529833	0.090625	-0.222886	0.39099	0.047294	0.399439	-0.536119	0.245572	-0.0362799
0.0546644	0.030879	-0.00384771	0.143861	0.237777	0.0940525	0.176207	-0.853506	0.252055	-0.132141
-0.372426	0.335829	0.226071	0.111256	-0.14494	0.0676347	-0.0739818	-0.610481	0.440321	0.0207155
-0.693912	0.555159	0.0541069	0.146447	0.0052441	-0.0469059	-0.109223	-0.165754	0.274997	-0.0201581
-0.687699	0.378383	-0.143843	0.0425075	0.21341	-0.151891	0.0378682	-0.0545817	0.218233	0.147615
-0.631878	0.174785	-0.0489762	0.0164843	0.385949	-0.312163	0.0885647	0.0293626	-0.0407699	0.33864
-0.189573	-0.221252	-0.167881	0.0708641	0.470019	-0.284706	-0.241759	0.249297	0.0317748	0.283219
-0.0869426	-0.449937	0.0189139	0.0183281	0.241525	-0.137788	-0.149808	0.407412	-0.0543906	0.192687
-0.135656	-0.345524	-0.0612055	-0.0864478	0.306835	-0.184542	-0.0564239	0.500143	-0.00600595	0.0688269
-0.0162245	-0.21324	0.00547922	-0.220413	0.21105	-0.0301551	-0.0686442	0.287594	-0.166815	0.21137
0.157299	-0.141419	-0.100999	-0.0563087	0.0783372	-0.102513	0.099177	0.137468	-0.226495	0.155453
0.173015	-0.0996953	-0.0962569	-0.195206	0.0617018	-0.0587342	0.325354	0.251867	-0.28752	-0.0745255
0.333506	-0.0694534	0.0465857	-0.121445	-0.0479869	-0.178779	0.416665	0.191532	-0.253031	-0.317593
0.32192	-0.0347642	0.23776	-0.0273374	-0.131881	-0.202263	0.200587	0.0395044	-0.145847	-0.257677
0.0263915	-0.024013	0.362687	-0.0184861	-0.0540566	-0.121827	-0.0864995	-0.0107897	-0.000254512	-0.0731516
-0.00423474	-0.0039849	0.193437	-0.00822148	-0.0361896	-0.0178596	-0.101922	-0.00311494	-0.00757941	-0.0103305
-0.000131989	-1.81648e-05	0.00616978	-0.00131845	-0.00166955	-0.000724599	-0.00196551	-3.69207e-05	-0.000279573	-2.50222e-05
-1.32814e-05	-3.38402e-07	-3.71947e-06	-0.000310556	-2.28531e-05	0.0013194	-2.35e-05	4.93873e-05	-4.80438e-05	-0.000946493
-5.24655e-05	-7.28782e-06	-0.0152836	0.0170039	-2.63662e-05	-0.00055488	-6.61271e-06	-5.74175e-05	-0.000984747	-3.05198e-05
-0.00114925	0.00305204	-0.00718495	0.0177747	0.00637488	-0.00336424	-0.000215674	0.0191475	-0.00152946	-0.0329055
-0.0519095	0.00211956	0.0255647	0.0201963	0.0357158	-0.0180966	-0.048037	0.0515151	-0.013794	-0.0032742
0.0453223	-0.00740087	0.0598544	0.0382702	0.137167	-0.0351724	-0.235609	0.00164678	-0.0868232	0.0827454
0.256368	-0.0757139	0.104514	-0.0551297	0.186617	-0.192492	-0.00161656	-0.0797384	-0.19593	0.0531219
0.0750559	-0.142654	0.172416	-0.129907	0.208629	-0.117067	0.19442	-0.0526579	-0.254414	0.0461772
0.277267	-0.140538	0.0193146	-0.254282	0.338159	-0.136634	0.22444	-0.127823	-0.26596	0.0660578
0.254156	-0.12444	-0.0316292	-0.289874	0.343334	0.0537037	0.191749	-0.290035	-0.177555	0.0705899
0.271083	-0.28549	0.0114509	-0.255335	0.355718	0.18538	0.17346	-0.344021	-0.0342472	-0.0779999
0.293816	-0.426416	0.0157016	-0.200789	0.26865	0.117087	0.319538	-0.330276	-0.0628615	0.00554988
0.0860683	-0.206755	-0.0774093	-0.0824807	0.308745	0.0845177	0.41607	-0.538762	-0.0198433	0.0298513
-0.145561	0.122571	-0.00776137	0.0666743	0.169209	0.138058	0.177223	-0.650076	0.217033	-0.0873692
-0.585985	0.413	0.181181	0.144166	-0.0826045	-0.025088	0.0582082	-0.357173	0.412146	-0.15785
-0.758906	0.625485	0.0733565	0.199603	0.0727286	-0.271371	0.151772	-0.257402	0.354092	-0.189359
-0.646415	0.146242	0.0154626	0.128081	0.281085	-0.262	0.0626151	0.0174906	0.0995205	0.15792
-0.439633	0.0971701	0.0415212	-0.0500298	0.494667	-0.224552	-0.0599744	-0.0626463	-0.078042	0.281519
-0.203427	-0.477992	-0.0702193	-0.0195569	0.424849	-0.230534	-0.111974	0.475238	-0.13523	0.348846
-0.0600612	-0.472937	-0.134367	-0.0953465	0.158921	0.139838	-0.11041	0.512307	-0.073617	0.135673
-0.0389044	-0.380707	-0.0442136	0.102722	0.191851	-0.0396989	-0.00943845	0.36514	-0.183375	0.0366247
0.152237	-0.264807	-0.210739	0.237864	-0.0390543	-0.127462	0.0962989	0.389334	-0.296781	0.0631109
0.122887	-0.160915	-0.145746	0.17199	-0.0430281	-0.0169867	0.135079	0.352826	-0.319871	-0.0962348
0.194405	-0.120162	-0.209328	0.154161	0.0502804	-0.0445335	0.0879479	0.368462	-0.238822	-0.242412
0.300286	-0.0795041	-0.0233542	0.118971	-0.0846736	0.00791166	0.199901	0.138993	-0.267428	-0.311101
0.222482	-0.0467093	0.38859	0.0535063	-0.261538	-0.0256632	0.140783	-0.00535931	-0.227674	-0.238417
-0.00249618	-0.020978	0.450914	-0.033968	-0.114118	-0.0804081	-0.034487	-0.0600123	-0.0260365	-0.0784096
-0.0072613	-0.00694767	0.203825	-0.0116201	0.00907613	-0.0278849	-0.101797	-0.00838326	-0.0178024	-0.0312052
-0.00116406	-0.000725883	0.0261699	-0.000436069	-0.00248839	-0.00982503	-0.00718069	-0.000363545	-0.00189882	-0.00208738
-1.21871e-05	-5.12983e-07	-2.60466e-07	-1.05284e-05	-4.7051e-05	-0.000181071	-3.08649e-06	0.000344182	-1.97601e-05	-6.9724e-05
-4.45629e-05	4.31073e-06	-0.00764331	0.0103219	-1.6506e-05	-0.000340384	-2.56714e-05	-0.00087835	-0.000530902	-0.000846542
-0.00321077	0.00259449	-0.00336442	0.0498705	-0.0067779	-0.0115474	-0.0012642	-0.00060414	-0.0036493	-0.0220469
-0.0453949	-0.00333268	0.148429	0.110914	-0.0494025	-0.00880239	-0.0800956	-0.027898	-0.0147461	-0.0296702
0.0862219	-0.0181593	0.257515	0.201727	-0.10743	-0.0421707	-0.263388	-0.0256772	-0.125889	0.0372501
0.324446	-0.109735	0.229228	0.0789353	-0.0358324	-0.116515	-0.00794491	-0.118675	-0.241535	-0.00237222
0.207131	-0.232875	0.309098	-0.103004	0.068783	-0.131323	0.22436	-0.0422526	-0.197818	-0.1021
0.181238	-0.251047	0.0806833	-0.211414	0.30374	-0.356632	0.316861	0.024855	-0.0577355	-0.030549
0.279932	-0.231678	-0.0694109	-0.32916	0.352444	-0.286105	0.250592	-0.162792	0.0667085	0.129468
0.28625	-0.163307	0.120945	-0.18121	0.21111	-0.286763	0.280945	-0.222284	0.0778364	-0.123522
0.285823	-0.116743	0.152089	-0.206711	-0.069127	-0.134952	0.407018	-0.438171	0.0791539	0.0416202
0.095126	-0.104144	0.197141	-0.0582085	-0.0930697	-0.122784	0.559954	-0.605638	0.0438183	0.0878049
-0.295392	-0.0885486	0.284654	0.0483534	0.0381663	-0.0426653	0.0252624	-0.317978	0.412453	-0.0643044
-0.691669	0.424608	0.315598	0.256468	0.0238984	-0.146985	0.0230019	-0.188052	0.216519	-0.233386
-0.6482	0.624069	0.10966	0.0373613	0.286185	-0.303681	0.185155	-0.271196	0.0787795	-0.0981331
-0.437179	-0.015604	-0.0120454	-0.162995	0.49566	-0.166279	0.10201	0.0856387	0.0698899	0.0409044
-0.264136	-0.153515	0.190528	-0.248675	0.412423	-0.215484	-0.0686841	0.0855333	0.0634279	0.198582
-0.0506783	-0.62708	0.206719	-0.0375859	0.268158	-0.123399	-0.163027	0.302131	-0.00820902	0.232971
0.00102855	-0.475307	0.0423209	0.210369	0.161413	-0.056817	0.0566989	0.192084	-0.238073	0.106284
0.0518894	-0.339132	-0.00673069	0.258205	0.0783383	0.0218224	0.148177	0.276224	-0.361154	-0.127639
0.1727	-0.232699	-0.0766218	0.178523	0.157	0.0415685	0.0262198	0.231593	-0.368204	-0.130079
0.136463	-0.152893	0.210065	0.152628	0.0737367	-0.0108409	0.0260433	0.251732	-0.377792	-0.309142
0.164154	-0.128084	0.140835	0.272256	-0.111187	0.112301	-0.0274966	0.0826954	-0.276743	-0.228731
0.177348	-0.100303	0.187802	0.284089	-0.187338	0.0953095	0.042407	-0.0290058	-0.117582	-0.352727
0.0415593	-0.0498939	0.459965	0.155129	-0.198862	-0.00136656	0.068516	-0.0491173	-0.1865	-0.239429
-0.0496715	-0.0415621	0.642649	-0.0551901	-0.101536	-0.0812316	-0.0751532	-0.0645119	-0.0975455	-0.0762465
-0.0215442	-0.0188383	0.2953	-0.0126134	-0.0519367	-0.0421827	-0.0902888	-0.0059719	-0.0318073	-0.020117
-0.0012034	-0.000328293	0.0403455	-0.000656825	-0.00198062	-0.0180078	-0.0159543	-0.000507692	-0.0014107	-0.000295859
0.0	0.0	0.0	0.0	0.0	0.0	0.0	0.0	0.0	0.0
-5.33434e-05	0.000284798	-0.00284887	0.00366288	-1.22295e-05	-0.000294043	-2.15311e-05	-7.24348e-05	-0.000503838	-0.000141389
-0.00634313	-0.000226039	0.014664	0.0574911	-0.00799112	-0.017865	-0.00256591	-0.00195534	-0.00386175	-0.0313468
-0.0513522	-0.0069867	0.171589	0.234608	-0.129789	0.00377524	-0.0855692	-0.0315247	-0.0291935	-0.0755566
0.0710006	-0.0340079	0.365984	0.282298	-0.117637	0.0351833	-0.300798	-0.0243534	-0.137382	-0.140287
0.265887	-0.196364	0.329287	0.087347	-0.130727	0.173699	-0.0895211	-0.0681187	-0.211902	-0.159586
0.250084	-0.341403	0.233904	-0.0509885	-0.0331026	0.277735	0.0953709	-0.171762	-0.132507	-0.12733
0.199244	-0.336343	0.145426	-0.0767723	0.16276	-0.21569	0.237897	-0.22197	0.0556459	0.0498031
0.165087	-0.239873	0.108762	-0.238521	0.239336	-0.3193	0.280265	-0.207466	0.130995	0.080714
0.280461	-0.12199	0.17762	-0.48421	0.104259	-0.293974	0.291939	-0.240925	0.301523	-0.0147012
0.37763	0.0617458	0.323285	-0.539768	-0.0605872	-0.337871	0.516669	-0.464489	0.0451673	0.0782195
0.0865656	-0.0974658	0.300556	-0.42759	-0.101287	-0.299995	0.470605	-0.279149	0.291244	0.0565165
-0.223697	0.099111	0.334997	-0.253756	0.0418417	-0.437219	0.112127	-0.0754043	0.354874	0.0471253
-0.606067	0.434922	0.245456	-0.169812	0.23758	-0.44254	0.0989935	0.0396256	0.211735	-0.0498941
-0.583036	0.45012	0.0536375	-0.277553	0.505272	-0.293558	0.133168	0.0408498	0.0540794	-0.08298
-0.318709	-0.0346169	0.121217	-0.289392	0.392934	-0.0741938	0.0179189	0.0288771	-0.0756049	0.23157
-0.0798314	-0.364714	0.0691846	0.0097954	0.332	0.0149227	-0.0859594	-0.0476655	0.131446	0.0208232
0.0672215	-0.533591	-0.0636948	0.172085	0.20094	0.128768	0.055888	0.0217619	-0.0986729	0.0492964
-0.000910315	-0.341491	0.0726025	0.0559281	0.200341	0.184065	0.146525	0.0851518	-0.31415	-0.0880606
0.0661573	-0.237784	0.0556226	0.238319	-0.0965195	0.0681901	0.135247	0.00441067	-0.0867008	-0.146942
0.0887269	-0.171501	0.0228974	0.0772012	0.0126381	0.056442	0.0316071	0.0906371	-0.0610147	-0.147635
-0.0103296	-0.113908	0.12547	0.171328	0.0405317	0.0604707	0.0616811	0.0390311	-0.129936	-0.244339
0.14424	-0.070643	0.136547	0.327869	-0.168934	-0.00838875	0.0737791	0.012122	-0.141555	-0.305035
0.0693002	-0.0702029	0.135749	0.301461	-0.16689	0.111016	0.0284094	-0.0531686	0.0131959	-0.368868
-0.00547436	-0.0424646	0.492323	-0.0261388	-0.177063	0.0625014	-0.000788822	0.0124985	-0.0682078	-0.247185
-0.0283767	-0.0556945	0.667939	-0.0981857	-0.13	-0.0983313	-0.0689051	0.0101287	-0.145338	-0.0532347
-0.0122327	-0.00923946	0.165822	-0.0107235	-0.0284709	-0.0201568	-0.0609271	0.0128551	-0.0266476	-0.0102792
0.0108521	-0.000467398	0.0134065	-0.000491307	-0.0117111	-0.00298782	-0.0061221	-0.00124711	-0.000403286	-0.000828427
-2.05912e-05	-9.33671e-06	-9.11911e-06	-0.000327693	-0.00285843	-0.000175815	-4.05945e-06	0.00296873	-0.000102497	0.000538815
-1.17385e-05	5.06005e-05	-0.000113022	0.00032625	-2.29848e-06	-0.000140786	-4.75697e-06	-2.08888e-06	-7.58618e-05	-2.62986e-05
-0.00636874	-0.000630598	-0.0141389	0.0601588	-0.00782012	-0.0118482	-0.00207033	0.00571092	-0.00398085	-0.0190119
-0.0863173	-0.00849248	0.107584	0.360504	-0.101639	0.00043371	-0.0744378	-0.00883976	-0.0745001	-0.114294
0.0150108	-0.0626077	0.397443	0.305148	-0.095011	0.172484	-0.268753	-0.0740496	-0.199713	-0.189948
0.13435	-0.243726	0.431899	0.25792	-0.12031	0.243197	-0.244386	-0.124295	-0.102804	-0.231847
0.162238	-0.441276	0.205949	0.112215	-0.111501	0.464834	0.00420647	-0.29473	0.0183876	-0.120323
0.134325	-0.350766	0.348123	-0.129267	0.0150526	0.155776	0.18884	-0.291266	0.0306346	-0.101453
0.25063	-0.112304	0.109726	-0.150162	0.0834689	-0.0329296	0.179212	-0.289001	0.0714044	-0.110044
0.293015	0.00492494	0.0776165	-0.355281	0.0234143	-0.167845	0.265893	-0.321874	0.214946	-0.0348101
0.359342	-0.104453	0.21611	-0.453282	-0.238811	-0.167695	0.313926	-0.351457	0.269286	0.157036
0.102744	-0.106384	0.142478	-0.421257	-0.118544	-0.158014	0.302489	-0.161284	0.309992	0.107779
-0.285321	0.0603244	0.273746	-0.455496	0.125944	-0.170487	0.505694	-0.081537	0.197813	-0.17068
-0.529245	0.181946	0.278939	-0.312413	0.25135	-0.110428	0.294352	0.0767587	0.00826536	-0.139523
-0.450871	0.194366	0.140055	-0.221424	0.332914	0.00487926	0.0296672	-0.0119507	-0.136677	0.119043
-0.18827	-0.192059	-0.00374345	0.0909964	0.228574	-0.0279057	0.0568845	-0.0692165	-0.0193468	0.124088
-0.0386116	-0.350822	0.115893	0.312245	0.222328	0.00613941	0.178217	-0.176116	-0.136508	-0.132763
-0.00385647	-0.202595	0.217376	0.187137	-0.135496	0.112246	0.234968	-0.10619	-0.203383	-0.100206
-0.0279276	-0.0793183	0.144774	0.144654	-0.0641169	-0.0329486	0.219219	-0.095209	-0.0811643	-0.127962
-0.0340507	-0.0785278	0.108501	0.168602	-0.164641	0.0688399	0.0230515	-0.0371338	-0.0147177	-0.0399232
-0.117554	-0.0300459	0.0180699	0.126326	-0.0661676	0.081858	0.0197285	-0.0523911	0.0411844	-0.0210085
-0.0135372	-0.036027	0.144713	0.342794	-0.067299	0.0352218	0.0868588	-0.147317	-0.119256	-0.226151
0.140917	-0.0677603	0.142908	0.386553	-0.290397	0.0714098	0.0559889	-0.158882	0.016592	-0.297329
0.0578018	-0.0710801	0.39681	0.155717	-0.190282	0.151	0.0146017	-0.225238	0.0466139	-0.335944
-0.0231136	-0.0185143	0.622757	-0.134782	-0.158619	0.144748	-0.0379469	-0.130758	-0.0686136	-0.195159
-0.0248005	0.00513724	0.460259	-0.0658469	-0.117013	-0.0584554	-0.0178801	-0.0153107	-0.120163	-0.0459258
-0.00610329	0.00400825	0.0601524	-0.00840958	-0.0108264	-0.0141645	-0.0199098	0.0110019	-0.0132456	-0.00250339
-0.00369406	-7.02815e-06	0.019709	-0.000136742	-2.85274e-05	-0.00665579	-0.00868994	-1.27942e-05	-0.000234077	-0.000250041
-1.84789e-09	2.72568e-05	-1.74407e-05	-2.05952e-06	-8.76343e-09	-7.98035e-08	-1.90564e-07	-2.94995e-07	-6.94549e-06	-2.35013e-07
0.00334344	0.000130201	-0.00129025	5.54035e-05	-0.00317083	-0.000411582	-0.000315285	0.00812121	-0.000543305	-0.005919
-0.00449111	-0.000924998	-0.0141475	0.0570649	-0.00447618	-0.0118773	-0.00215377	0.003793	-0.00682644	-0.0159606
-0.0702174	-0.0100136	0.0160776	0.385137	-0.0232395	0.00317211	-0.0712099	-0.034735	-0.106232	-0.0887382
-0.0330219	-0.0880431	0.271554	0.340617	-0.0946656	0.211184	-0.190084	-0.0737541	-0.18709	-0.156695
0.0879271	-0.303582	0.196637	0.363784	-0.0601754	0.277577	-0.239618	-0.175422	0.0298525	-0.176981
0.191218	-0.26199	0.155853	0.15579	-0.126737	0.34285	-0.082859	-0.293457	0.0938338	-0.174499
0.186009	-0.0905744	0.342957	-0.0259163	-0.145276	0.137684	0.0860266	-0.369448	0.0376167	-0.159079
0.208085	-0.0378828	0.242947	-0.0519807	-0.22308	0.23177	0.0676263	-0.289585	0.0749743	-0.222872
0.190163	0.0432609	0.222672	-0.05372	-0.339844	0.075824	0.240384	-0.30585	0.234584	-0.307475
0.314469	-0.094317	0.280926	-0.13645	-0.401398	0.0248292	0.378449	-0.354531	0.223797	-0.235776
0.309553	-0.0676968	0.220313	-0.249482	-0.232065	0.0376197	0.560069	-0.206852	-0.0710516	-0.300406
0.124068	-0.0397813	0.224145	-0.260836	-0.338414	0.0601344	0.520625	-0.0592499	0.0140369	-0.244726
-0.170075	0.156006	0.348953	-0.171693	-0.147985	0.0850425	0.233314	-0.0230894	-0.115974	-0.194497
-0.224688	-0.0483822	0.136881	-0.0275677	0.118338	0.0178957	0.228783	0.123193	-0.135106	-0.189345
-0.128996	-0.0551774	0.141865	0.0445618	0.0150387	0.0422885	0.228462	-0.121608	0.000922372	-0.167358
-0.103805	0.0646493	0.174824	0.18172	-0.0378072	-0.0410942	0.237846	-0.296567	-0.0224539	-0.157311
-0.0168253	-0.00939723	0.217098	0.308892	-0.155281	-0.0676566	0.186189	-0.313902	0.00589278	-0.155008
-0.0358347	0.0811623	0.143004	0.230646	-0.157889	0.00223466	0.110686	-0.334086	0.114727	-0.154649
-0.092307	0.102526	0.023692	0.180831	-0.240841	0.0149011	0.131663	-0.170935	0.0558271	-0.00535649
-0.0241498	0.0480114	0.109662	0.120632	-0.200736	0.116007	0.0928156	-0.289328	0.0355958	-0.00851054
0.0597177	0.00547893	0.210901	0.323017	-0.141653	0.0826157	0.12243	-0.398129	-0.030141	-0.234237
0.138857	-0.050329	0.308711	0.157933	-0.345304	0.123884	0.0782276	-0.340867	0.178224	-0.249337
0.0194551	-0.0397393	0.35754	0.0617516	-0.22999	0.204786	-0.0251145	-0.265217	0.116448	-0.199919
-0.00942812	0.013632	0.371634	-0.102923	-0.132587	0.153678	-0.0542926	-0.0770018	-0.0610097	-0.1017
-0.0312613	0.031353	0.334163	-0.0434005	-0.0567454	-0.0164394	-0.0746138	-0.0177316	-0.0974814	-0.0278428
-0.00677641	0.00442044	0.0970514	-0.00697841	-0.00206476	-0.0235461	-0.0357792	-0.00238474	-0.0146509	-0.00929122
-0.00102297	2.91968e-05	0.00835893	-7.30129e-05	-1.57524e-07	-0.00182033	-0.00540454	-3.5879e-07	-6.65636e-05	-1.95095e-07
0.0	0.0	0.0	0.0	0.0	0.0	0.0	0.0	0.0	0.0
0.00842031	-3.8468e-05	-0.0029725	5.81421e-06	-6.75249e-05	-0.000424422	-0.000789182	-0.000123412	-0.00116604	-0.00284457
-0.00464862	-0.00564896	0.00960863	0.043274	-0.00188413	-0.00692104	-0.00208254	-0.00757737	-0.0109114	-0.0132086
-0.0611174	-0.021237	0.0748179	0.334551	-0.0371082	0.0146623	-0.0495076	-0.0657403	-0.114358	-0.0749622
-0.0117783	-0.059593	0.281653	0.37215	-0.103103	0.0989688	-0.158786	-0.159703	-0.166886	-0.0929214
0.129823	-0.195555	0.242504	0.246431	-0.164512	0.31968	-0.248091	-0.224055	-0.0553835	-0.05084
0.167569	-0.0352405	0.223297	0.299212	-0.238291	0.244491	-0.193268	-0.355867	0.0930483	-0.204951
0.156616	0.0179887	0.435262	0.190117	-0.373289	-0.0090822	0.0492086	-0.388204	0.273488	-0.352106
0.179488	0.132658	0.286085	0.183698	-0.461968	0.220436	0.00398766	-0.288649	0.0509776	-0.306715
0.216653	0.0975748	0.277495	0.210408	-0.396919	0.166696	0.225606	-0.32899	-0.0288968	-0.439627
0.327638	0.12112	0.252029	-0.0337695	-0.359896	0.0141994	0.386671	-0.268977	0.0867003	-0.525717
0.415216	0.104411	0.321557	-0.143111	-0.190577	0.123723	0.320144	-0.227994	-0.169195	-0.554174
0.350535	0.0250758	0.1806	-0.298138	-0.237803	0.0568521	0.441016	-0.0609721	0.042363	-0.49953
0.115572	-0.0615034	0.059108	-0.0855669	-0.31535	0.0594844	0.335006	0.00339593	0.0857064	-0.195853
-0.0143724	-0.0116796	-0.00267577	0.0255156	-0.100084	-0.0328703	0.507099	0.0461315	-0.139589	-0.277474
-0.0175099	-0.034745	0.0403535	-0.0407023	-0.0340759	0.0464397	0.313151	-0.152475	0.0923797	-0.212815
-0.0894626	0.169386	0.0671679	0.106436	0.0337155	0.0876828	0.182142	-0.291337	-0.158021	-0.107709
-0.0310282	0.24538	-0.0237014	0.186363	-0.0129284	0.120271	0.0951761	-0.399696	-0.0436104	-0.136224
-0.110834	0.293175	0.147914	0.239226	-0.112781	0.113811	0.223178	-0.523238	-0.0254316	-0.245019
-0.0997595	0.244284	0.230648	0.167334	-0.229092	0.0920769	0.104646	-0.374981	-0.0376071	-0.0975503
-0.0497205	0.125286	0.18214	0.255667	-0.162302	0.00681686	0.164156	-0.490488	0.105018	-0.136573
0.0539228	0.0202708	0.281001	0.13444	-0.0946531	0.130266	0.0279397	-0.476196	0.162566	-0.239558
0.0712336	-0.0395808	0.296246	-0.023975	-0.216229	0.354062	-0.0849331	-0.382803	0.217904	-0.191924
-0.0411082	-0.0407318	0.307416	-0.0123444	-0.180741	0.204189	-0.0330917	-0.194066	0.0817427	-0.0912631
-0.0298144	-0.0214547	0.330663	-0.0786214	-0.0856379	0.0861554	-0.0562737	-0.0444522	-0.101365	0.000802146
-0.0244267	0.00178437	0.159411	-0.0252537	-0.0533304	0.0409046	-0.0308625	-0.0200754	-0.0664295	0.0182789
-0.00120339	0.00588256	0.02989	-0.00287966	-0.000500934	-0.00332825	-0.00674335	-0.00152392	-0.0130331	-0.00655997
-2.10314e-05	0.000110007	-8.93013e-05	-4.33929e-05	-2.42705e-05	0.000365034	-4.47529e-06	-3.1506e-05	-0.000229153	-3.19106e-05
-2.19811e-08	6.60273e-05	-3.18414e-05	-1.00108e-05	-4.37622e-07	-4.02424e-07	-6.63452e-07	-3.81142e-06	-1.78276e-05	-1.01049e-06
-5.24912e-05	4.24129e-06	7.32602e-05	0.00054923	-2.61537e-06	-0.000162139	-3.1007e-05	-0.000129289	-7.69979e-05	-0.000172192
-0.0113935	-0.00978107	0.0288382	0.0539052	-0.000613192	-0.0100918	-0.00141827	-0.0275924	-0.0107625	-0.0110906
-0.0436116	-0.0127801	0.112569	0.213847	-0.0427251	0.0283562	-0.0298688	-0.0861558	-0.0812719	-0.0583575
-0.0599562	0.0359365	0.172056	0.245489	-0.0805321	0.15044	-0.126199	-0.160597	-0.10252	-0.0741146
0.0652437	0.207342	0.178553	0.12577	-0.1103	0.0940621	-0.211842	-0.211208	-0.082626	-0.0549956
0.112272	0.195612	0.183589	0.202174	-0.272685	0.148605	-0.285469	-0.291831	0.162542	-0.15481
0.122818	0.119738	0.168413	0.156731	-0.340684	0.2053	-0.0955315	-0.325119	0.241542	-0.253207
0.0432226	0.147856	0.0799443	0.153075	-0.205695	0.164804	0.0770274	-0.245946	0.00911538	-0.223404
0.0947034	0.064709	0.235137	-0.106725	-0.205144	0.139752	0.168121	-0.304429	0.103878	-0.190002
0.231033	0.146189	0.125217	-0.0832292	-0.199402	0.0476142	0.266273	-0.208881	-0.0604676	-0.264348
0.33167	-0.139362	0.0918405	-0.104581	-0.0844809	0.183276	0.328097	-0.197651	-0.0292652	-0.379544
0.26898	-0.188894	0.0148421	-0.0698714	-0.130232	0.175115	0.474596	-0.103341	-0.106086	-0.335107
0.10078	-0.171726	0.0718417	-0.0760198	-0.182438	0.102271	0.494756	-0.146968	0.0925043	-0.285001
0.0229209	0.063769	0.035148	-0.0985855	-0.0878234	0.122547	0.494499	-0.209168	-0.0333816	-0.309923
0.00181629	0.037023	-0.0526107	-0.0122464	0.0499593	0.100603	0.268764	-0.114845	-0.0124989	-0.265965
-0.0154423	0.0254623	0.0650716	0.0777944	-0.0616502	0.0194383	0.229007	-0.0956614	-0.125017	-0.119002
-0.138723	0.140879	0.173927	0.0538211	0.0152052	0.0582872	0.319028	-0.30508	-0.0517877	-0.265556
-0.155255	0.307085	0.265481	0.189381	-0.0911645	-0.00501923	0.231101	-0.375048	-0.0839598	-0.282604
-0.173247	0.208152	0.330612	0.253551	-0.024417	0.0134282	0.0986573	-0.382797	-0.0510053	-0.272934
-0.0603747	0.19393	0.0956257	0.0768975	-0.0218475	0.183492	0.0253607	-0.426428	0.116433	-0.183089
0.00042121	0.0927569	0.198315	-0.0812988	0.00331462	0.306052	-0.054882	-0.43217	0.084951	-0.11746
-0.00349154	-0.104782	0.307292	-0.0908483	-0.0920782	0.332146	-0.0160733	-0.339156	0.142557	-0.135564
-0.0109818	-0.0745556	0.352122	-0.122137	-0.066297	0.173012	-0.0333426	-0.181725	-0.0134551	-0.0226391
-0.0263855	0.0027644	0.2315	-0.0900138	-0.0652755	0.0861221	-0.0301705	-0.0332972	-0.124113	0.0488691
-0.0103442	-0.00108452	0.0892857	-0.0186057	-0.0481032	0.0612815	-0.0199864	-0.0138761	-0.0451814	0.0066145
0.0107011	-0.00117012	0.00974249	-0.00276994	-0.000947248	0.00176058	-0.00170155	-0.0013557	-0.00453839	-0.00972121
4.04873e-06	-4.47357e-11	-6.36447e-07	-2.78985e-07	-3.56793e-09	-1.41102e-06	-2.28118e-07	-7.58473e-09	-1.4699e-06	-1.29532e-08
-2.12942e-08	6.3964e-05	-3.08464e-05	-9.69795e-06	-4.23946e-07	-3.89848e-07	-6.42719e-07	-3.69231e-06	-1.72705e-05	-9.78917e-07
-8.35574e-07	1.87035e-05	-1.10377e-05	2.03095e-05	-1.76125e-07	-6.31109e-06	-2.10766e-07	-7.36412e-06	-7.17731e-06	-5.9004e-06
-0.00247714	-0.00940677	0.0157831	0.0533663	-0.000377103	-0.00710644	-0.000225323	-0.0296292	-0.00791003	-0.0120174
-0.0359458	-0.00953512	0.0718879	0.150254	-0.0389451	0.015007	-0.011121	-0.0746973	-0.0370985	-0.0298063
-0.137265	0.0844476	0.129369	0.16756	-0.0609316	0.139347	-0.061193	-0.101844	-0.0956285	-0.0638603
-0.0463158	0.425828	0.138277	0.112651	-0.0989907	-0.00823032	-0.135539	-0.0586812	-0.16498	-0.164019
0.0530976	0.333555	0.227116	0.158854	-0.158086	-0.124735	-0.253322	-0.0668731	-0.00248914	-0.167118
0.105397	0.133092	0.221857	0.0969982	-0.199071	-0.0283595	-0.239139	0.026111	0.130121	-0.247007
0.157394	0.0634978	0.250329	-0.0202971	-0.188978	0.0707206	-0.178804	-0.0724912	0.0112499	-0.0926217
0.142341	0.0868164	0.23876	-0.0027113	-0.18427	0.100683	-0.0624969	-0.179397	-0.0607465	-0.07898
0.141366	-0.0779833	0.109996	0.023512	-0.103088	-0.023582	0.0577972	-0.0938427	-0.00266398	-0.0315123
0.196807	-0.322484	0.133195	0.0709171	-0.0932924	0.0726745	0.0498522	-0.221931	0.160119	-0.0458572
0.171426	-0.41479	0.0818985	-0.0562568	-0.143172	0.148837	0.212079	-0.120826	0.153004	-0.0322
0.355088	-0.281272	-0.00831197	-0.0927391	-0.087821	0.229842	0.195093	-0.294285	0.152442	-0.168036
0.137127	-0.0613201	-0.0704922	-0.0771519	-0.102576	0.10347	0.0480235	-0.127618	0.193049	-0.042511
0.0977114	0.0312597	-0.118617	0.0373777	-0.0735023	0.0322447	0.138184	-0.00973174	0.0736125	-0.208538
0.0269511	0.0394951	-0.0470156	0.0412405	-0.0768538	0.102449	0.130719	-0.056919	-0.0151408	-0.144925
0.0178324	0.217045	-0.00753089	0.0864247	0.0198926	0.0240039	0.0437033	-0.206235	0.0312115	-0.226346
-0.0875579	0.296302	0.168395	0.114796	0.0184012	0.102701	-0.042847	-0.272175	-0.0298193	-0.268195
-0.119352	0.147329	0.29099	0.18143	0.196159	0.124997	-0.0400848	-0.285089	-0.0981596	-0.39822
-0.150422	0.101951	0.293194	0.0828977	0.0922267	0.141712	0.00575162	-0.393834	-0.0205371	-0.15294
-0.09469	-0.0393076	0.270652	-0.0636906	0.181868	0.0992293	-0.0112483	-0.390325	0.101825	-0.0543112
-0.00470826	-0.114271	0.311531	-0.0263622	0.00393217	0.140971	-0.0793524	-0.251264	0.00468659	0.0148372
0.0180915	-0.0589932	0.215521	-0.0731402	-0.0747953	0.126768	-0.0699864	-0.166551	-0.0119469	0.0950344
-0.016824	-0.0119968	0.146468	-0.0632776	-0.0578837	0.0791947	-0.0319322	-0.0352985	-0.0597716	0.0513222
-0.00611928	-0.00212236	0.0480902	-0.0171702	-0.0317669	0.0422598	-0.00908112	-0.016297	-0.0186408	0.0108477
0.00113941	0.00205532	-0.0110891	-0.00014874	0.00174204	0.0112761	-0.000113972	-0.000398572	-0.00177612	-0.00268636
7.47457e-06	-8.25891e-11	-1.17498e-06	-5.15049e-07	-6.58695e-09	-2.60497e-06	-4.21141e-07	-1.40026e-08	-2.71366e-06	-2.39136e-08
0.0	0.0	0.0	0.0	0.0	0.0	0.0	0.0	0.0	0.0
0.0	0.0	0.0	0.0	0.0	0.0	0.0	0.0	0.0	0.0
-0.000289692	-0.000127936	-0.000125445	0.0351414	-0.000127211	-0.000538073	-2.90569e-05	-0.0231489	-0.00193751	-0.00881753
-0.0154066	-0.0252406	-0.0190903	0.140069	-0.00827629	0.0169771	-0.00181309	-0.053205	-0.0250278	-0.0089859
-0.0952608	0.0211208	-0.0160864	0.22509	-0.0284107	0.0860117	-0.0122574	0.0115983	-0.116212	-0.075594
-0.110302	0.280246	-0.0387194	0.241831	-0.0613271	0.0862252	-0.0388746	0.096889	-0.32702	-0.128948
-0.0366452	0.290858	-0.00725307	0.248822	-0.0609448	-0.0495923	-0.0947067	0.209289	-0.33532	-0.164507
0.0836826	0.103152	0.0341455	0.215266	-0.0745836	-0.111568	-0.193251	0.268152	-0.173347	-0.15165
0.132605	-0.0110917	0.0840427	0.00680337	-0.064959	0.0704717	-0.250368	-0.106875	0.135341	0.0040298
0.214488	0.00584622	0.0828726	0.121416	-0.0474865	0.122695	-0.302842	-0.0798503	0.0214477	-0.138586
0.285448	-0.0791128	0.00145283	0.0884006	-0.0269154	0.232612	-0.354414	-0.0686315	-0.089591	0.0107513
0.303703	-0.118579	0.13829	0.128103	-0.0105322	0.109274	-0.297013	-0.203982	0.0383487	-0.0876131
0.257126	0.0206932	0.0694497	-0.0974674	-0.107182	0.10092	-0.150143	-0.206053	0.165384	-0.0527275
0.252514	-0.0831189	-0.0784307	0.0487484	-0.0586109	-0.0342888	-0.0770594	-0.214456	0.346316	-0.101614
0.222203	-0.158052	-0.0563197	-0.105958	-0.0191253	0.0505071	-0.0339027	-0.0662268	0.218214	-0.0513391
0.156057	0.0414635	-0.0801535	-0.0624011	-0.0401894	-0.01487	-0.0472382	0.0293379	0.219511	-0.201517
0.0191103	0.068324	-0.0497723	-0.185423	0.0874713	0.132117	-0.120426	-0.0886609	0.304574	-0.167313
-0.00415302	0.187303	-0.0435508	0.0581258	0.0521128	0.0247249	-0.111519	-0.103571	0.105122	-0.164596
-0.246934	0.0452243	0.190223	0.211617	0.203384	-0.110283	-0.0554575	-0.200107	0.141727	-0.179394
-0.281471	0.0127997	0.340945	0.0119865	0.211648	-0.0149056	-0.0312636	-0.294627	0.151743	-0.106857
-0.249614	-0.0526045	0.282721	-0.0137514	0.19562	0.0492304	-0.03085	-0.357079	0.165696	0.0106318
-0.128609	-0.0988113	0.302983	-0.0594577	0.164518	-0.0208097	-0.0533296	-0.335599	0.0636926	0.165424
-0.0456331	-0.0807612	0.253316	-0.0878281	-0.031228	0.0160976	-0.0388394	-0.203746	0.00865124	0.209971
-0.0206764	-0.0595737	0.14841	-0.0555578	-0.0704262	0.0743523	-0.0289657	-0.166581	0.026388	0.152632
-0.0249633	-0.0136879	0.108555	-0.0264984	-0.0467203	0.0524208	-0.0188536	-0.0506176	-0.0385877	0.0589535
-0.00403164	-0.000260228	0.0440247	-0.0144996	-0.00216508	0.0177634	-0.00464739	-0.0183724	-0.013332	-0.00447982
-1.14396e-05	0.00818848	-0.00787555	0.00216328	0.00178226	0.006565	-9.64989e-05	-0.000275683	-0.00707052	-0.00336934
0.0	0.0	0.0	0.0	0.0	0.0	0.0	0.0	0.0	0.0
0.0	0.0	0.0	0.0	0.0	0.0	0.0	0.0	0.0	0.0
0.0	0.0	0.0	0.0	0.0	0.0	0.0	0.0	0.0	0.0
-0.00125068	-8.8696e-06	-0.00168627	0.0176903	-9.24557e-06	-0.00035527	-3.83827e-06	-0.0119322	-9.23467e-05	-0.00235162
-0.00210165	-0.0178307	-0.0432203	0.08575	-0.000261284	0.0166027	-0.00015367	-3.31681e-05	-0.0304336	-0.00831841
-0.013164	-0.0284573	-0.0793409	0.167761	-0.0136086	-0.00445241	-0.00219535	0.0923276	-0.128976	0.0101064
-0.049636	0.0434521	-0.155764	0.204948	-0.0166733	-0.00856991	-0.0120815	0.260345	-0.278217	0.012197
-0.0625708	0.0465772	-0.24364	0.372498	-0.0368123	-0.0322677	-0.0250066	0.306607	-0.341324	0.0159405
-0.097923	-0.058267	-0.266492	0.399807	-0.0518718	0.0249182	-0.0530947	0.248475	-0.258672	0.113119
-0.0747462	-0.156216	-0.199785	0.229946	-0.0639373	0.0855387	-0.106267	0.161839	0.0250666	0.0985621
-0.0655238	-0.179288	-0.164108	0.221306	-0.0198721	0.285677	-0.163512	0.0927779	0.043423	-0.0508794
-0.0480582	-0.246691	-0.214947	0.338438	-0.0153224	0.173898	-0.216965	0.124862	0.0716581	0.0331281
-0.0120288	-0.279824	-0.137347	0.313341	0.0595294	0.143226	-0.289429	0.0602112	0.254885	-0.112564
0.141912	-0.263329	0.000960062	0.217132	-0.133806	0.200431	-0.267815	0.0552596	0.208371	-0.159116
0.142699	-0.30328	0.0104821	0.285536	-0.159402	0.310528	-0.288415	0.113771	0.0863556	-0.198275
0.0682013	-0.295847	0.134401	0.257152	-0.118632	0.268057	-0.25611	0.0524562	0.11958	-0.229258
-0.0569055	-0.245611	0.0294958	0.157856	-0.0839422	0.218552	-0.224729	0.0681739	0.245051	-0.107939
-0.124445	-0.308073	0.0132451	0.210208	-0.00442779	0.106161	-0.152611	0.00926515	0.349907	-0.099229
-0.174083	-0.108243	0.0890052	0.128613	-0.101065	0.153825	-0.106689	0.00267742	0.05089	0.0650696
-0.234849	-0.0216624	0.111047	-0.1232	0.00267008	0.141556	-0.0869416	-0.108001	0.243505	0.0758766
-0.222242	0.00323536	-0.015288	-0.118549	0.0944177	0.0224863	-0.0763266	-0.13185	0.318815	0.125301
-0.193559	-0.0146542	0.00180708	-0.068536	0.0696511	0.00574395	-0.0456233	-0.175897	0.102426	0.318642
-0.132588	-0.0168331	0.0837859	-0.0378047	0.0451269	-0.0185529	-0.042725	-0.171286	-0.0137464	0.304625
-0.0561105	-0.035873	0.0349763	-0.033448	0.0067476	0.078401	-0.024846	-0.140224	-0.0349065	0.205284
-0.0201354	-0.0164897	0.0488221	-0.0180416	-0.0185061	0.0672802	-0.0103559	-0.14646	-0.01956	0.133447
-0.00314404	-0.00573035	0.112557	-0.0157662	-0.0276073	0.0394273	-0.00261147	-0.0595263	-0.0280145	-0.00958408
-0.000246117	0.00322051	0.0665917	-0.00341341	0.00313427	-0.0101304	-0.000312221	-0.0255672	-0.0128042	-0.0204728
-3.63016e-07	0.000711348	0.00977917	-1.07308e-05	-6.8205e-05	-0.000186196	-2.74452e-05	-1.6369e-06	-0.00196965	-0.00822629
0.0	0.0	0.0	0.0	0.0	0.0	0.0	0.0	0.0	0.0
0.0	0.0	0.0	0.0	0.0	0.0	0.0	0.0	0.0	0.0
0.0	0.0	0.0	0.0	0.0	0.0	0.0	0.0	0.0	0.0
-1.70463e-05	-2.20939e-07	-3.93825e-05	0.00170736	-3.57738e-05	-6.24411e-06	-2.84092e-07	-0.00266243	-0.000141816	0.00119584
-0.000116706	-0.00126323	-0.0108426	-0.00989458	-6.73533e-05	0.0172968	-4.4662e-05	0.012343	-0.00295394	-0.00445667
-0.00255203	-0.0234886	-0.0358879	0.0083586	-0.000680106	0.0203435	-0.000786259	0.0841961	-0.0666989	0.0171956
-0.0109741	-0.0483699	-0.0586001	0.0688196	-0.0292026	-0.0146525	-0.00171502	0.0824262	-0.132652	0.144921
-0.0472832	-0.0690786	-0.0747761	0.170784	-0.0867502	-0.0177348	-0.00515581	0.0706917	-0.129809	0.189113
-0.0846166	-0.105902	-0.139764	0.28931	-0.146668	-0.00400004	-0.00966664	0.112439	-0.148673	0.237541
-0.134384	-0.115931	-0.245979	0.440317	-0.24708	0.00902169	-0.0299669	0.266374	-0.215825	0.273456
-0.204377	-0.172307	-0.271058	0.493898	-0.221426	0.112918	-0.0432526	0.315892	-0.199785	0.189497
-0.277644	-0.306681	-0.23957	0.520462	-0.179552	0.130766	-0.0435876	0.219255	-0.0395084	0.216061
-0.289165	-0.26804	-0.232154	0.488957	-0.26725	0.197312	-0.0449476	0.329969	-0.00714321	0.0924616
-0.353147	-0.199416	-0.169583	0.519128	-0.364887	0.215526	-0.0477556	0.298161	-0.0682628	0.170236
-0.328516	-0.242367	-0.118482	0.427889	-0.256915	0.249902	-0.0765491	0.252708	-0.0628669	0.155197
-0.305108	-0.26158	-0.0490141	0.272682	-0.261771	0.136349	-0.0700537	0.255114	0.0758159	0.207566
-0.28019	-0.270954	-0.0125238	0.131341	-0.281641	0.246962	-0.0696593	0.276295	0.193428	0.0669406
-0.208505	-0.237074	-0.0265528	0.135322	-0.339393	0.218116	-0.0599621	0.165238	0.180933	0.171879
-0.21306	-0.136027	-0.0613661	0.0695234	-0.364011	0.183123	-0.0433586	0.153789	0.170673	0.240715
-0.173184	-0.0572515	-0.127169	0.0104758	-0.291981	0.0893591	-0.0358076	0.181325	0.107834	0.2964
-0.105416	-0.0400841	-0.147282	0.0381883	-0.28361	0.068809	-0.0236246	0.0282703	0.058594	0.406155
-0.105087	-0.0170906	-0.0906903	-0.0231135	-0.157459	0.0423966	-0.0132207	-0.0845133	0.0132704	0.435508
-0.0808546	-0.00482973	-0.0747236	-0.055233	-0.0999474	0.0877687	-0.00808873	-0.0615475	-0.0229678	0.320424
-0.032115	-0.00330834	-0.0634222	-0.0202295	-0.0480569	0.118082	-0.00500899	-0.0225421	-0.0262437	0.102844
-0.00762403	-0.000815312	-0.0327085	-0.00381856	-0.0339692	0.0859198	-0.00207313	-0.037022	-0.00841924	0.0405302
-0.00172315	-1.06632e-05	-0.00532456	-0.000192468	-0.0208694	0.0462091	-0.000508672	-0.00308459	-0.00344475	-0.0110509
-4.11922e-07	-4.14798e-06	0.0086833	-0.000192241	-0.000657613	-7.44171e-06	-1.72086e-05	-0.000639173	-0.00176728	-0.00539778
-3.1773e-07	-4.95098e-06	0.0103852	-2.81628e-06	-7.22295e-05	-5.015e-06	-1.91084e-05	-1.3543e-06	-0.00155107	-0.00872837
0.0	0.0	0.0	0.0	0.0	0.0	0.0	0.0	0.0	0.0
0.0	0.0	0.0	0.0	0.0	0.0	0.0	0.0	0.0	0.0
0.0	0.0	0.0	0.0	0.0	0.0	0.0	0.0	0.0	0.0
0.0	0.0	0.0	0.0	0.0	0.0	0.0	0.0	0.0	0.0
0.0	0.0	0.0	0.0	0.0	0.0	0.0	0.0	0.0	0.0
-0.000178901	-0.000684234	-0.000639883	0.000371291	0.000894291	-0.00225807	-3.7627e-05	-0.0221238	-0.00913993	0.0337969
-0.00275865	-0.00261304	-0.00230237	0.0101857	-0.00123367	-0.00594696	-0.000264456	-0.05337	-0.0248498	0.0831532
-0.0116933	-0.00472034	-0.00711117	0.0170725	-0.0340069	-0.0162085	-0.00109756	-0.0491242	-0.038688	0.145578
-0.0259926	-0.00686159	-0.0157213	0.026702	-0.0806251	-0.0513548	-0.00194475	0.0131045	-0.0209834	0.163677
-0.0400358	-0.0116569	-0.0201982	0.0161052	-0.145331	-0.0689063	-0.00424421	0.0766805	-0.0162723	0.213859
-0.070602	-0.0200753	-0.0198786	0.0103652	-0.225939	-0.0497737	-0.00609254	0.129882	-0.0481848	0.3003
-0.0653152	-0.0499415	-0.0197005	0.0151693	-0.23655	-0.0200433	-0.00679667	0.134585	-0.0859565	0.33455
-0.0519633	-0.0432362	-0.036397	0.01375	-0.28377	0.0468274	-0.00798979	0.125187	-0.0730046	0.310596
-0.0381681	-0.0504193	-0.0237044	-0.0112244	-0.318995	0.0496895	-0.00942931	0.0676531	-0.0853352	0.419933
-0.0665869	-0.0891368	-0.0354495	-0.00872308	-0.340604	-0.00549253	-0.0114777	0.233772	-0.0985085	0.422208
-0.0904829	-0.0788776	-0.0277805	-0.0288545	-0.41468	-0.0300091	-0.00993135	0.28513	-0.110035	0.505521
-0.0707091	-0.0533648	-0.0354278	-0.0190514	-0.365263	0.0365841	-0.00896754	0.322233	-0.115124	0.309089
-0.0496524	-0.0340365	-0.0472827	0.032314	-0.320837	0.0012517	-0.00820554	0.218374	-0.0833445	0.291419
-0.0588876	-0.018109	-0.0571466	0.0262225	-0.282481	-0.0304713	-0.00779187	0.219601	-0.0497104	0.258774
-0.0381899	-0.0177218	-0.0390253	0.0111635	-0.281026	-0.0573418	-0.00689463	0.211597	-0.0354715	0.252911
-0.00867586	-0.00922564	-0.0164961	-0.00276036	-0.220319	-0.0171315	-0.00435671	0.104634	-0.0372909	0.211622
-0.0255946	-0.00378413	-0.0142346	-0.0153185	-0.106007	0.0162913	-0.00292054	-0.00988516	-0.0199713	0.181425
-0.0316977	-0.00206693	-0.0154754	-0.00992067	-0.0506225	0.0203964	-0.00192953	0.000399234	-0.00875782	0.0996747
-0.0164641	-0.000367779	-0.00542143	-9.72549e-05	-0.0238266	0.0112413	-0.00037829	0.0283361	-0.00215653	0.00913465
-0.00104399	-8.61666e-06	-4.67855e-05	-0.000142721	-0.000117195	0.000174644	-6.53757e-05	-0.00263166	-0.000206454	0.00408814
-2.54619e-06	-1.58318e-09	-3.99128e-07	-1.42827e-06	-0.000471126	-9.49647e-06	-1.05367e-06	-5.72084e-05	-7.63801e-06	0.000550898
-1.63042e-07	-1.61864e-08	-9.70767e-07	-1.81292e-07	-6.0525e-08	-8.0736e-08	-8.61527e-10	9.43117e-06	-5.77374e-07	-7.38012e-06
0.0	0.0	0.0	0.0	0.0	0.0	0.0	0.0	0.0	0.0
0.0	0.0	0.0	0.0	0.0	0.0	0.0	0.0	0.0	0.0
0.0	0.0	0.0	0.0	0.0	0.0	0.0	0.0	0.0	0.0
0.0	0.0	0.0	0.0	0.0	0.0	0.0	0.0	0.0	0.0
0.0	0.0	0.0	0.0	0.0	0.0	0.0	0.0	0.0	0.0
0.0	0.0	0.0	0.0	0.0	0.0	0.0	0.0	0.0	0.0
-2.89248e-06	-3.73424e-06	-2.08953e-06	-5.30618e-07	-1.21885e-06	-8.57139e-07	-7.39207e-08	9.72747e-05	-3.67445e-05	-4.91339e-05
-5.27109e-05	-9.71643e-06	-6.95353e-06	-2.13368e-06	-5.3995e-06	-1.50535e-05	-8.24241e-07	0.000394441	-0.000102049	-0.000199602
-7.221e-05	-8.62508e-06	-2.38741e-05	-1.88794e-05	-0.00360148	-3.30235e-05	-2.39024e-06	-7.41533e-05	-0.000119524	0.00395416
-0.000151512	-2.21913e-05	-7.08752e-05	-5.87312e-05	-0.0206896	-0.000372618	-3.79545e-05	-0.00142781	-0.000170437	0.0230018
-0.000450144	-4.68095e-05	-0.000102652	-0.000128413	-0.0221839	-0.000883306	-7.0324e-05	0.00682213	-0.000298313	0.0173417
-0.000949734	-3.68096e-05	-0.000165698	-0.000680132	-0.0115898	-0.000654679	-2.84035e-05	0.00627081	-0.000599102	0.00843352
-0.000881409	-0.00282558	-0.00190986	-0.00318989	-0.0227011	0.00240719	-5.90277e-05	0.02884	-0.00758796	0.00790767
-0.00143475	-0.000798419	-0.000873661	-0.0019922	-0.0165036	0.00657992	-6.35825e-05	0.0100596	-0.00244629	0.00747297
-0.00339861	-0.00166857	-0.000582387	-0.00275458	-0.0268094	0.00417739	-0.000387352	0.0198511	-0.00520405	0.0167765
-0.00579876	-0.00174862	-0.000691497	-0.00390799	-0.0211326	-0.00237987	-0.000398571	0.0783822	-0.00445504	-0.0378693
-0.00856835	-0.00128159	-0.000690775	-0.00560201	-0.0589618	-0.00875446	-0.000783843	0.0804594	-0.00508669	0.00927036
-0.00795743	-0.000447448	-0.000878197	-0.00463792	-0.0311251	-0.00670993	-0.000762602	0.078611	-0.00482249	-0.0212699
-0.0048146	-0.000293034	-0.000746698	-0.005309	-0.0210739	-0.00455523	-0.000543578	0.071053	-0.00261858	-0.0310984
-0.00396482	-0.00173002	-0.000741654	-0.00418284	-0.0194754	-0.00516312	-0.000505826	0.0833778	-0.00252885	-0.0450852
-0.00405643	-0.00488618	-0.000547516	-0.00287652	-0.0252961	-0.00458335	-0.00033122	0.100449	-0.00287858	-0.0549933
-0.00203074	-0.000141754	-0.000394836	-0.00201488	-0.0194057	-0.00379031	-0.000197607	0.0660169	-0.00179192	-0.0362492
-0.00356244	-7.69299e-05	-0.0021287	-0.000971653	-0.00410505	-0.00554589	-0.000185196	0.018783	-0.00181114	-0.000396026
-0.0063706	-2.65621e-05	-0.00142408	-0.000328364	-0.00192981	-0.00240547	-7.55283e-05	0.006096	-0.000957021	0.00742144
-0.0181268	-5.0603e-05	-0.00546819	-0.000228499	-0.00364196	-0.00247956	-0.000186965	0.0223342	-0.000909775	0.00875814
-0.00414004	-3.09687e-06	-4.7864e-05	-2.50169e-05	-0.000775425	-0.00054426	-1.58824e-05	0.00767273	-0.000181111	-0.00194004
0.0	0.0	0.0	0.0	0.0	0.0	0.0	0.0	0.0	0.0
0.0	0.0	0.0	0.0	0.0	0.0	0.0	0.0	0.0	0.0
0.0	0.0	0.0	0.0	0.0	0.0	0.0	0.0	0.0	0.0
0.0	0.0	0.0	0.0	0.0	0.0	0.0	0.0	0.0	0.0
