0.0	0.0	0.0	0.0	0.0	0.0	0.0	0.0	0.0	0.0
0.0	0.0	0.0	0.0	0.0	0.0	0.0	0.0	0.0	0.0
0.0	0.0	0.0	0.0	0.0	0.0	0.0	0.0	0.0	0.0
0.0	0.0	0.0	0.0	0.0	0.0	0.0	0.0	0.0	0.0
0.0	0.0	0.0	0.0	0.0	0.0	0.0	0.0	0.0	0.0
0.0	0.0	0.0	0.0	0.0	0.0	0.0	0.0	0.0	0.0
0.0	0.0	0.0	0.0	0.0	0.0	0.0	0.0	0.0	0.0
0.0	0.0	0.0	0.0	0.0	0.0	0.0	0.0	0.0	0.0
0.0	0.0	0.0	0.0	0.0	0.0	0.0	0.0	0.0	0.0
0.0	0.0	0.0	0.0	0.0	0.0	0.0	0.0	0.0	0.0
0.0	0.0	0.0	0.0	0.0	0.0	0.0	0.0	0.0	0.0
0.0	0.0	0.0	0.0	0.0	0.0	0.0	0.0	0.0	0.0
-3.42654e-06	-6.16478e-06	-0.000477903	-4.28986e-05	-0.00284386	-6.58649e-05	0.00409186	-6.57952e-06	-0.000118455	-0.000526709
-1.87707e-05	-1.46651e-05	-0.000705926	-0.000106068	-0.0063592	-0.000144749	0.00883822	-1.89619e-05	-0.000268551	-0.00120133
-1.25388e-05	-1.29797e-06	0.000378929	-1.35041e-05	-0.000147035	-5.8692e-07	-0.000135258	-5.06884e-06	-1.02104e-05	-5.34297e-05
-5.22452e-07	-5.40822e-08	1.57887e-05	-5.62669e-07	-6.12645e-06	-2.4455e-08	-5.63574e-06	-2.11202e-07	-4.25432e-07	-2.22624e-06
0.0	0.0	0.0	0.0	0.0	0.0	0.0	0.0	0.0	0.0
0.0	0.0	0.0	0.0	0.0	0.0	0.0	0.0	0.0	0.0
0.0	0.0	0.0	0.0	0.0	0.0	0.0	0.0	0.0	0.0
0.0	0.0	0.0	0.0	0.0	0.0	0.0	0.0	0.0	0.0
0.0	0.0	0.0	0.0	0.0	0.0	0.0	0.0	0.0	0.0
0.0	0.0	0.0	0.0	0.0	0.0	0.0	0.0	0.0	0.0
0.0	0.0	0.0	0.0	0.0	0.0	0.0	0.0	0.0	0.0
0.0	0.0	0.0	0.0	0.0	0.0	0.0	0.0	0.0	0.0
0.0	0.0	0.0	0.0	0.0	0.0	0.0	0.0	0.0	0.0
0.0	0.0	0.0	0.0	0.0	0.0	0.0	0.0	0.0	0.0
0.0	0.0	0.0	0.0	0.0	0.0	0.0	0.0	0.0	0.0
0.0	0.0	0.0	0.0	0.0	0.0	0.0	0.0	0.0	0.0
0.0	0.0	0.0	0.0	0.0	0.0	0.0	0.0	0.0	0.0
0.0	0.0	0.0	0.0	0.0	0.0	0.0	0.0	0.0	0.0
0.0	0.0	0.0	0.0	0.0	0.0	0.0	0.0	0.0	0.0
0.0	0.0	0.0	0.0	0.0	0.0	0.0	0.0	0.0	0.0
-4.65454e-09	-2.6638e-08	-6.12895e-06	-8.24716e-09	-3.54598e-05	-7.84667e-08	4.32673e-05	-5.43355e-08	-5.06409e-07	-9.99877e-07
-1.07606e-07	-7.86812e-08	-2.0123e-05	-3.8106e-08	-0.00025264	-2.3809e-07	0.000279009	-6.12574e-07	-1.51143e-06	-3.65885e-06
-1.95283e-05	-1.07617e-07	-0.000301442	-6.13895e-06	-0.0190797	-1.33691e-05	0.0196214	-5.01089e-05	-5.00131e-06	-0.000146084
-3.98662e-05	-3.89461e-05	-0.000713794	-1.43045e-05	-0.0427854	-2.51541e-05	0.0442777	-0.000274138	-4.02111e-05	-0.000345885
-5.69486e-05	-0.00185412	-0.00229562	-0.000112418	-0.0397882	-7.26506e-05	0.0467405	-0.00138816	-0.000547871	-0.000624526
-0.000108554	-0.0015684	-0.00344156	-0.000140233	-0.0182635	-0.000103903	0.0254935	-0.000830646	-0.000598486	-0.000438238
-0.00109192	-0.00106473	-0.00447107	-0.000152601	-0.0322649	-0.0004267	0.0421906	-0.000603734	-0.000683199	-0.00143175
0.0110208	-0.000684474	-0.0137494	-0.000273268	-0.0523121	-0.000570642	0.0679018	-0.0040013	-0.00118145	-0.00614996
0.0242364	-0.000588755	-0.0154644	-0.000668177	-0.0911644	-0.00351001	0.10835	-0.00946408	-0.00109677	-0.0106298
0.010232	-0.000399918	-0.0117954	-0.000438046	-0.0476415	-0.00339011	0.0623782	-0.00264866	-0.0013576	-0.00493896
-0.000661192	0.0114569	-0.00160882	-0.00303775	-0.0173085	-0.00154893	0.0169313	-0.000267142	-0.00226259	-0.00169325
0.00895273	0.0173887	0.0119647	-0.00395931	-0.0529425	-0.00185751	0.0290965	-0.00067997	-0.00199108	-0.00597221
0.0258529	-0.00404897	0.0382819	-0.00134653	-0.0539178	-0.0020073	0.0142318	-0.00139084	-0.00241247	-0.0132426
0.0116775	-0.00239361	0.00684973	-0.000508563	-0.0227624	-0.00141315	0.019243	-0.000635704	-0.00201977	-0.00803699
-0.00115546	-0.000178571	-0.00939137	-0.000128928	-0.0100766	-0.00172841	0.0254374	-0.000122754	-0.00115889	-0.00149644
-0.00057808	-7.19215e-05	-0.00770719	-8.066e-05	-0.0149446	-0.00156621	0.0271308	-0.00015507	-0.0009456	-0.00108145
-0.000258114	-9.42708e-05	-0.00411214	-7.615e-05	-0.0119156	-0.00078707	0.0186875	-7.66919e-05	-0.000567708	-0.000799758
-0.000108842	-0.000226981	-0.00289116	-5.7148e-05	-0.0124845	-0.00016116	0.0169165	-8.49831e-06	-0.000649624	-0.000328505
-1.314e-05	-1.96617e-05	-0.000310178	-4.78715e-06	-0.0157216	-1.15913e-05	0.0163572	-1.59646e-05	-9.57125e-05	-0.000164561
-2.26928e-06	-1.45657e-06	-0.000115267	-6.77473e-07	-0.00479582	-1.11582e-05	0.00507955	-2.19574e-05	-4.18226e-05	-8.91262e-05
0.0	0.0	0.0	0.0	0.0	0.0	0.0	0.0	0.0	0.0
0.0	0.0	0.0	0.0	0.0	0.0	0.0	0.0	0.0	0.0
0.0	0.0	0.0	0.0	0.0	0.0	0.0	0.0	0.0	0.0
0.0	0.0	0.0	0.0	0.0	0.0	0.0	0.0	0.0	0.0
0.0	0.0	0.0	0.0	0.0	0.0	0.0	0.0	0.0	0.0
0.0	0.0	0.0	0.0	0.0	0.0	0.0	0.0	0.0	0.0
-3.29988e-08	-5.68614e-10	-3.96674e-07	-1.83949e-09	-4.74792e-06	-6.94099e-07	7.04932e-06	-8.27285e-12	-8.22516e-07	-3.52622e-07
0.00119683	-4.44806e-10	-1.53384e-05	-5.94079e-07	-0.00101835	-5.54862e-05	0.000127108	-9.55294e-05	-6.76391e-06	-0.000131878
0.000456835	-1.45985e-06	-0.000508177	-9.25183e-07	-0.000558482	-9.09505e-06	0.000734474	-3.43328e-05	-2.42542e-05	-5.45837e-05
-0.000231193	-4.07437e-06	-3.11933e-06	-0.000146808	-0.000641354	-2.43434e-06	0.00105509	-2.62721e-06	-1.55637e-05	-7.91123e-06
-0.00887272	-2.54494e-05	-0.000861946	-0.000831923	-0.0196634	-4.19692e-05	0.030962	-0.000363428	-0.000133299	-0.000167788
-0.0110121	-0.00112896	-0.00359225	-0.00179988	-0.0656957	-0.000731038	0.086511	-0.00115231	-0.000680896	-0.000717848
-0.0103585	-0.0153564	0.00689169	-0.00589166	-0.0821756	-0.00242517	0.115567	-0.00281305	-0.00205106	-0.00138698
-0.015298	-0.0295914	0.0413447	-0.010822	-0.0757341	-0.00862486	0.113117	-0.0043052	-0.00735941	-0.00272694
-0.0147183	-0.0247133	0.0275626	-0.00506373	-0.149425	-0.0239309	0.222621	-0.00925765	-0.0139832	-0.00909204
-0.0241993	-0.0286319	0.0588664	0.0130797	-0.170964	-0.0466157	0.257139	-0.0189817	-0.0238461	-0.0158471
-0.0257018	0.00654258	0.0341884	0.017933	-0.226165	-0.0536912	0.320555	-0.017973	-0.0310225	-0.0246657
-0.0390253	0.072456	0.0154156	-0.0012635	-0.178917	-0.0600069	0.265805	-0.00982051	-0.039978	-0.024665
-0.0665203	0.0712962	0.0457341	-0.00318892	-0.123483	-0.0631481	0.214715	-0.0136811	-0.0388544	-0.0228688
-0.0739469	0.140184	0.0760239	-0.0283102	-0.153171	-0.0444242	0.168406	-0.016675	-0.0425425	-0.025543
-0.0590707	0.0909467	0.0733395	-0.0242042	-0.164906	-0.00877058	0.178015	-0.00884611	-0.0455774	-0.0309252
-0.0517987	0.0211361	0.0153197	-0.0211409	-0.0863381	0.0239886	0.160344	-0.00613982	-0.0332441	-0.0221261
-0.0374637	-0.00646794	-0.0158333	-0.0296966	-0.0621358	0.0295243	0.151341	-0.003751	-0.0104808	-0.0150358
-0.0292479	0.00747657	-0.0571591	-0.0163893	-0.0364721	0.00599544	0.162707	-0.00208818	-0.0244479	-0.0103746
-0.0194959	-0.00805242	-0.0298811	-0.00637723	-0.0233664	-0.0234547	0.125902	-0.000988098	-0.0102417	-0.00404467
-0.0101905	-0.00692419	-0.0288958	-0.0061131	-0.0174214	-0.024728	0.109134	-0.000618657	-0.00942209	-0.00482017
-0.00530359	-0.00293003	-0.0270219	-0.00436114	-0.0199947	-0.0143208	0.0834057	-0.000458662	-0.00660033	-0.00241457
-0.00262993	-0.00155164	-0.00671192	-0.001376	-0.0137334	-0.0137134	0.0425756	-6.38812e-05	-0.00249652	-0.000298882
-0.000508289	-0.000491405	0.0194944	-0.000147525	-0.00189688	-0.00609734	-0.00908982	-2.70107e-05	-0.00120261	-3.35204e-05
-7.63201e-06	-2.21797e-05	0.014248	-8.91421e-07	-0.00029189	-0.000659116	-0.0128513	-2.67246e-08	-0.000413535	-1.3582e-06
0.0	0.0	0.0	0.0	0.0	0.0	0.0	0.0	0.0	0.0
0.0	0.0	0.0	0.0	0.0	0.0	0.0	0.0	0.0	0.0
0.0	0.0	0.0	0.0	0.0	0.0	0.0	0.0	0.0	0.0
0.0	0.0	0.0	0.0	0.0	0.0	0.0	0.0	0.0	0.0
-7.39541e-08	0.000261663	-4.74447e-05	-1.20897e-05	-1.04784e-05	-3.05047e-06	-0.000138391	-8.41227e-09	-4.9261e-05	-8.65481e-07
0.0025657	6.21781e-05	-0.000120809	-1.80152e-05	-0.00333196	1.96784e-05	0.00176682	-0.000281972	-0.000222749	-0.000438872
-0.00541287	-5.26516e-05	-0.00178689	-0.00168356	-0.00169062	0.00619997	0.00539424	-0.000616418	-0.000160735	-0.000190464
-0.027951	-0.00177151	0.00127745	0.0440644	-0.0037982	-0.0221242	0.0149427	-0.0014892	-0.00241442	-0.000735899
-0.0378789	-0.00180553	0.0031108	0.0338688	-0.0329309	-0.015358	0.0592945	-0.00224598	-0.00498037	-0.00107436
-0.043259	-0.0137993	0.0327164	0.0571207	-0.0669987	-0.0273313	0.0876644	-0.00871752	-0.0145823	-0.00281293
-0.0116728	-0.0415336	0.0889698	0.0684941	-0.134237	-0.034612	0.117242	-0.0246535	-0.0204236	-0.00757313
-0.0366802	-0.0628357	0.24203	0.0302219	-0.193481	-0.0565314	0.151983	-0.0313301	-0.0263628	-0.0170138
-0.0329205	-0.107517	0.247036	0.0885242	-0.231073	-0.0530827	0.219377	-0.0564436	-0.0407366	-0.033163
-0.00667907	-0.168711	0.303135	0.219194	-0.276243	-0.100847	0.243666	-0.0834495	-0.0797264	-0.0503376
-0.0219121	-0.0979935	0.311752	0.282384	-0.389928	-0.0789072	0.219749	-0.0677571	-0.0930122	-0.0643751
0.0359747	-0.0548503	0.36956	0.219682	-0.452314	-0.095927	0.234969	-0.0669535	-0.100822	-0.089319
0.0195137	-0.0580247	0.256023	0.352508	-0.36021	-0.0701488	0.202299	-0.0704553	-0.160125	-0.11138
-0.00691757	0.021828	0.194574	0.315838	-0.35422	0.00276794	0.174406	-0.0681873	-0.148254	-0.131834
-0.00655533	0.053943	0.216126	0.243846	-0.290852	-0.0207153	0.0992584	-0.0556119	-0.125335	-0.114103
-0.0598066	-0.0515223	0.109601	0.210047	-0.199159	0.0755674	0.10751	-0.0426001	-0.0711911	-0.0784462
-0.145028	-0.118759	-0.0862715	0.202888	-0.134074	0.182761	0.174741	-0.035764	-0.00540764	-0.0350858
-0.157323	-0.094012	-0.130636	0.165492	-0.0289267	0.17026	0.19778	-0.0211563	-0.0689647	-0.0325139
-0.108014	-0.102848	-0.158467	0.143612	0.0166133	0.175707	0.123822	-0.0166239	-0.0477808	-0.0260192
-0.0980139	-0.0840129	-0.128916	-0.0288176	0.0172551	0.137857	0.201071	-0.00839628	0.00600967	-0.0140361
-0.0699712	-0.0580224	-0.114328	-0.0656071	0.0109783	0.0621613	0.216372	-0.00286668	0.0259001	-0.00461509
-0.0365871	-0.037613	-0.0839915	-0.0379491	0.00997741	-0.0306367	0.190211	-0.00110894	0.0297173	-0.00201904
-0.0160073	-0.0294915	-0.0133214	-0.0119285	-0.00681988	-0.0267465	0.103394	-0.000438705	0.00185613	-0.000496276
-0.00425989	-0.00800325	0.0105503	-0.000306958	-0.000319364	0.0189604	-0.0168296	-4.71059e-06	0.000245555	-3.24696e-05
-0.00109665	-0.0106891	-0.000342302	-2.06217e-05	-0.000123297	0.00394328	0.0100338	-1.65993e-07	-0.00170221	-2.69296e-06
0.0	0.0	0.0	0.0	0.0	0.0	0.0	0.0	0.0	0.0
0.0	0.0	0.0	0.0	0.0	0.0	0.0	0.0	0.0	0.0
-2.20738e-08	-1.84528e-08	-1.18864e-05	1.84138e-05	-1.38649e-07	-5.5639e-06	-2.45192e-08	-1.33895e-08	-7.35378e-07	-1.08469e-08
-2.49482e-05	0.000893499	-0.000450313	0.000599801	-2.87452e-06	-0.000487422	-0.000542136	-5.29808e-08	1.58465e-05	-1.39949e-06
-0.000288315	3.5845e-05	-0.00268427	0.00873243	-0.000515837	-0.00375906	-0.00116788	0.000284495	-0.000510833	-0.000126575
-0.00672463	0.00287431	-0.0200558	0.0327059	0.00978904	-0.0235321	0.0100953	-0.00139019	-0.00327227	-0.000489549
-0.0457613	0.0208603	0.00928864	0.141107	0.0108457	-0.101854	0.00456818	-0.0148611	-0.0193863	-0.00480767
-0.0476724	0.0116957	0.0755439	0.185414	-0.0263581	-0.131143	-0.0064411	-0.0174005	-0.0359704	-0.00766772
-0.0198736	-0.0288215	0.0718077	0.237441	-0.0477421	-0.130797	0.0170745	-0.0383661	-0.0420144	-0.0187077
0.00301568	-0.056594	0.134925	0.320397	-0.139708	-0.235451	0.0809091	-0.0654588	-0.00131899	-0.0407151
0.0432026	-0.0852423	0.270559	0.313693	-0.219114	-0.210723	0.0423603	-0.114007	0.0462936	-0.0870199
0.0378197	-0.109371	0.272943	0.379829	-0.331003	-0.103827	0.0655948	-0.168183	0.07359	-0.117393
0.0598271	-0.188633	0.32136	0.433485	-0.339009	-0.00353695	-0.0261066	-0.199395	0.111369	-0.169362
-0.0276092	-0.0761561	0.32688	0.381792	-0.317004	-0.0513025	-0.0523204	-0.204353	0.25238	-0.232304
-0.0103288	0.12467	0.219602	0.418309	-0.241962	-0.196972	-0.0306074	-0.218746	0.178185	-0.242151
-0.0683323	0.165827	0.245085	0.335875	-0.315275	-0.0504062	-0.0559401	-0.253477	0.314633	-0.31799
0.0179482	0.0898594	0.146514	0.308408	-0.338092	0.187156	-0.0991107	-0.244437	0.290694	-0.358939
-0.0524555	0.0721081	0.126344	0.312485	-0.190156	0.121892	0.00756118	-0.232983	0.198552	-0.363347
0.0174565	-0.0142095	0.0614739	0.171405	-0.123183	0.159256	0.0966268	-0.198125	0.088041	-0.258742
-0.0650955	-0.0791424	-0.0124311	0.236695	-0.0918688	0.255302	0.0671005	-0.159374	0.0427266	-0.193912
-0.118956	0.101801	-0.125103	0.102243	0.0738636	0.105239	0.113485	-0.111054	0.0333289	-0.174847
-0.112037	0.100652	-0.139275	0.000395773	0.147016	-0.0968296	0.187312	-0.081998	0.112454	-0.117691
-0.110378	0.072054	-0.231327	-0.100742	0.137018	0.136913	0.250279	-0.0376659	-0.0094475	-0.106704
-0.0901919	0.019091	-0.264769	-0.0949882	0.159521	0.110805	0.293577	-0.0339025	-0.0367857	-0.0623551
-0.107865	-0.0185771	-0.213401	-0.152871	0.160103	0.201358	0.229363	-0.0165755	-0.0569655	-0.0245682
-0.106442	-0.104765	-0.099816	-0.0297124	0.0943575	0.204016	0.0316897	-0.00502315	0.023023	-0.00732722
-0.0313973	-0.054627	-0.00767066	-0.003396	0.00476825	0.0670304	-0.006026	-0.00112915	0.0345329	-0.00208545
-0.00294693	-0.00611775	-0.0023889	-8.82998e-05	-0.00871544	0.00890728	-0.00203178	-0.000278579	0.014435	-0.000774561
-5.27513e-05	-0.00311549	-0.0019658	-2.10452e-05	-0.00175665	-0.00162826	0.00710094	-1.47186e-05	0.00152302	-6.92456e-05
0.0	0.0	0.0	0.0	0.0	0.0	0.0	0.0	0.0	0.0
0.0	0.0	0.0	0.0	0.0	0.0	0.0	0.0	0.0	0.0
-0.000141064	8.41396e-05	0.000165293	0.00167403	-4.86136e-05	-0.00157294	3.70066e-05	-6.84853e-06	-0.000188703	-2.30497e-06
-0.00234329	0.00346206	0.000410359	0.0459579	0.0010103	-0.0225292	-0.0151165	-0.000413312	-0.00841203	-0.0020263
-0.0196469	0.00737792	0.00781901	0.117252	0.0103013	-0.0933077	0.0114001	-0.00715727	-0.0254917	-0.00854637
-0.0667783	0.0524608	0.0180142	0.263407	0.0332305	-0.158982	-0.0845053	0.0428378	-0.0711109	-0.0285722
-0.0369903	0.0098856	0.0669116	0.314558	0.0189138	-0.215257	-0.0641211	0.0490454	-0.0788474	-0.0640977
-0.0316366	-0.0964615	0.141484	0.273185	-0.00865268	-0.128063	-0.061141	0.0389265	-0.0307003	-0.0969395
-0.00102617	-0.222345	0.202978	0.207164	-0.0347002	-0.11886	0.0508624	0.0532936	-0.00859786	-0.128767
0.015472	-0.253838	0.168459	0.190578	-0.0421967	0.0386219	0.00422642	-0.000198171	0.0609863	-0.18211
0.122318	-0.183169	0.211636	0.174065	-0.166063	0.105869	0.0205818	-0.119011	-0.0682608	-0.0979676
0.0873435	-0.192849	0.255796	0.143362	-0.143622	0.0834701	-0.277579	-0.188041	0.151828	0.0802925
0.0144429	-0.109491	0.205613	0.0962203	-0.122145	0.00649072	-0.212792	-0.185053	0.229426	0.077289
0.144128	0.0291053	0.189237	0.110641	-0.225603	-0.061282	-0.248008	-0.244362	0.175486	0.130656
0.184523	0.103411	0.152581	0.0666318	-0.092202	-0.102513	-0.0831229	-0.341002	0.200185	-0.0884918
0.175469	0.154827	0.199599	0.157974	-0.0748746	-0.101484	-0.167904	-0.378095	0.150069	-0.115583
0.143677	-0.0596333	0.292565	0.240186	0.000868314	0.0462831	-0.145264	-0.348446	0.168244	-0.33848
0.267396	-0.123393	0.229548	-0.017228	-0.0497064	0.118607	-0.02741	-0.370475	0.282374	-0.309713
0.249969	-0.00327052	0.147128	-0.0082016	0.0639811	0.126832	0.0966879	-0.36649	-0.0351965	-0.271442
0.0422759	0.0496912	0.00744909	0.0496395	0.132378	0.0620904	0.154072	-0.378346	0.116368	-0.23562
-0.0706634	0.139396	-0.0138457	-0.0401567	0.0788365	0.201344	0.12455	-0.334542	0.141221	-0.22614
-0.00752737	0.254551	-0.0329839	-0.146829	0.0901435	0.128703	0.130908	-0.212977	0.0193213	-0.22331
-0.0242402	0.222429	-0.145818	-0.151394	0.206839	0.249401	0.111789	-0.146567	-0.0888076	-0.23363
-0.157405	0.11974	-0.228861	-0.219049	0.314485	0.319701	0.195389	-0.0779103	-0.118986	-0.147103
-0.174476	0.0130528	-0.160994	-0.074106	0.109007	0.310793	0.0751278	-0.0265881	-0.00832498	-0.0634909
-0.0720345	-0.0752513	-0.036129	-0.0165442	-0.0113163	0.179702	-0.0216771	-0.00822338	0.082164	-0.0206901
-0.0198448	-0.0126281	-0.00892165	-0.00148266	-0.0146031	0.0437819	0.0145005	-0.00317188	0.00524936	-0.00287954
-0.00592171	-0.00399103	-0.00288763	-7.2314e-05	-0.000188045	0.00431835	0.010601	-9.11198e-05	-0.00173812	-2.93921e-05
0.0	0.0	0.0	0.0	0.0	0.0	0.0	0.0	0.0	0.0
-2.15314e-06	-9.61686e-07	-1.43499e-05	0.000210174	-5.57673e-07	-2.29256e-05	-1.47304e-07	-4.69411e-06	-1.91469e-05	-0.000145238
-0.000824764	-0.00631454	-0.00224891	0.00128186	-0.00213879	0.0018192	-0.000769326	0.0139868	-0.00242915	-0.00236242
-0.00228962	0.00327693	0.0116184	0.0746546	-0.0144946	-0.0693532	-0.0200768	0.0559685	-0.024554	-0.0147501
-0.0291714	0.00556075	0.066731	0.142259	0.0211476	-0.138691	0.00432023	0.0388419	-0.0554504	-0.0555477
-0.0334625	-0.0214385	0.0951109	0.226722	0.104759	-0.150468	-0.0745599	0.0911028	-0.0828551	-0.154909
-0.021374	-0.0704671	0.172912	0.247079	0.0978054	-0.114264	-0.145542	0.150963	-0.117339	-0.199772
-0.0221415	-0.166819	0.168343	0.111314	0.0761407	0.0139102	-0.0413228	0.168793	-0.0540984	-0.254119
-0.0509075	-0.282722	0.116026	0.160196	-0.0077339	0.0409891	-0.0256725	0.215705	0.0474874	-0.213368
-0.135686	-0.345176	0.218979	0.248898	0.00563921	0.00349783	-0.106743	0.144914	0.0515433	-0.0858668
0.0105815	-0.203196	0.189072	0.263861	-0.115902	-0.00165253	-0.225134	0.182439	-0.0709851	-0.0290844
-0.00586678	-0.0907171	0.0319015	0.147429	-0.20297	-0.0396134	-0.230497	0.231364	0.0267052	0.132264
-0.0552962	-0.149264	0.0589683	0.0788221	-0.166315	-0.025966	-0.170896	0.109523	0.20374	0.116683
0.161602	-0.158381	0.0765289	0.273705	-0.282556	-0.0416122	-0.288361	-0.0945586	0.0570025	0.296631
0.139872	-0.121835	0.0663211	0.158378	-0.340901	0.0983537	-0.23745	-0.109995	0.0487367	0.29852
0.0360329	-0.229847	0.0735669	0.135963	-0.327607	-0.036431	-0.139724	-0.0135028	0.303149	0.1984
0.0903558	-0.223034	0.125812	0.198765	-0.319309	-0.0971206	-0.182061	-0.0151883	0.124604	0.297177
0.187783	-0.241112	0.0426886	0.0665253	-0.201383	-0.0337656	-0.166659	0.00550738	0.107422	0.232995
0.256872	-0.103236	0.019293	0.20287	-0.260446	0.0377881	-0.205832	-0.078489	-0.0970031	0.228183
0.117323	-0.113798	-0.0515129	-0.0658883	-0.053248	0.168485	-0.104758	-0.119668	0.21275	0.0103139
0.0956005	0.0640854	-0.104828	0.0481829	-0.116122	0.139518	-0.0542735	-0.125917	0.080816	-0.0270634
0.219701	0.111167	-0.0785669	-0.00201102	-0.00522268	0.0249724	-0.0544246	-0.0709311	-0.0208991	-0.123785
0.210392	0.116273	-0.162456	-0.153948	0.261226	0.187033	-0.0273712	-0.133333	-0.0395195	-0.258295
-0.0382865	0.0723101	-0.31372	-0.208518	0.400599	0.351027	0.00272863	-0.143796	0.132333	-0.254678
-0.251878	-0.0109552	-0.176293	-0.0958878	0.134467	0.56261	-0.00477828	-0.0704783	0.0671139	-0.153919
-0.165805	-0.0686676	-0.0492162	-0.0355089	-0.0053268	0.329502	-0.0331379	-0.0312293	0.112328	-0.0529385
-0.0724991	-0.00794972	-0.00724105	-0.00411769	0.0206948	0.119849	-0.0244273	-0.0103005	0.0016917	-0.0157002
-0.017455	-0.000311431	-0.000440368	-0.000338587	-0.000905608	0.0253547	-0.00134009	-0.000613272	-0.00326515	-0.000685141
0.0	0.0	0.0	0.0	0.0	0.0	0.0	0.0	0.0	0.0
-0.000181929	-0.0004559	-0.000737284	0.00655553	-0.000390284	-0.000975999	-8.18771e-05	0.00282745	-0.00189288	-0.00466682
-0.000632143	-0.00888326	0.00997092	-0.00758968	-0.00330603	-0.0112467	-0.00321939	0.0393637	-0.00480008	-0.00965733
-0.00491506	-0.00607152	0.0279799	0.0617595	-0.00667763	-0.0879474	-0.0270376	0.120512	-0.0257447	-0.0518567
-0.0485914	-0.00590126	0.157802	0.257676	0.0521146	-0.286781	-0.00583752	0.0725772	-0.0430648	-0.149993
-0.0269026	-0.0738206	0.152269	0.337963	0.150357	-0.237004	-0.0705999	0.0952647	-0.0430158	-0.284509
-0.00561882	-0.150304	0.268886	0.164157	0.0888394	-0.0815337	-0.178674	0.208291	-0.0383336	-0.27571
-0.0529177	-0.200904	0.0761139	0.0402941	0.0849401	0.0981287	-0.0250188	0.222844	0.0475081	-0.290987
-0.141529	-0.36091	0.134386	0.0307702	-0.0257338	0.186753	-0.0364141	0.187988	0.121672	-0.0969823
0.00279911	-0.310566	0.0426117	0.0718315	-0.0537548	0.0660583	-0.122141	0.263356	0.00613919	0.0336669
0.0218977	-0.186745	-0.0398023	0.0284601	-0.158765	0.15963	-0.193887	0.312237	0.0615657	-0.00458784
0.0566992	-0.182531	0.0526944	0.0397945	-0.200857	0.118744	-0.12126	0.265059	-0.119274	0.0909314
0.0277332	-0.0875915	-0.0162087	0.135561	-0.393533	0.0200076	-0.170118	0.216385	-0.0535837	0.321349
0.112737	-0.162836	0.165256	0.0811796	-0.320039	-0.10492	-0.261982	0.101949	-0.047109	0.435767
0.0744722	-0.134158	0.0620098	0.223941	-0.382076	0.124508	-0.180948	-0.0551176	-0.234429	0.501799
0.00641834	-0.351826	-0.053529	0.231796	-0.354218	-0.107396	-0.16182	0.0636178	0.196806	0.530151
0.0516855	-0.242399	-0.0222741	0.0601088	-0.407338	0.0726497	-0.289428	0.194941	0.0655199	0.516535
0.214093	-0.181414	-0.21255	0.13321	-0.205312	0.0674073	-0.238413	0.264038	-0.138232	0.297176
0.221941	-0.223976	-0.0933824	0.0122374	-0.244218	0.0417397	-0.280592	0.279863	0.097219	0.189168
0.147182	-0.0690639	-0.0463113	0.0805257	-0.116283	0.0848189	-0.291434	0.165511	-0.0423006	0.0873552
0.0388958	0.0333735	-0.113992	0.0520612	-0.141498	0.100922	-0.248918	0.193118	-0.0135634	0.0996004
0.0838971	-0.0306007	-0.00416103	-0.0978557	-0.055189	0.132017	-0.21036	0.0860359	0.0748934	0.0213228
0.135559	-0.0267034	0.0297386	-0.177882	0.184714	0.180901	-0.241424	0.045524	0.0380965	-0.168524
0.124066	-0.0788418	-0.33806	-0.254591	0.315095	0.392958	-0.183478	-0.0270328	0.301492	-0.251607
-0.133113	-0.201346	-0.254308	-0.174712	0.117529	0.633336	-0.0259346	-0.0649036	0.310432	-0.206978
-0.196866	-0.114636	-0.0652375	-0.0468588	-0.00163257	0.561019	-0.0696682	-0.0519254	0.0744296	-0.0886234
-0.0815464	-0.00559124	-0.0100092	-0.00335628	0.0294874	0.128982	-0.0245381	-0.0106365	0.00496265	-0.0277543
-0.00638708	-0.0023685	-0.000598341	-0.000205255	-0.00112049	0.0158827	-0.00491536	-0.000440538	0.000888603	-0.000735744
0.00617405	-2.2448e-07	-0.000135538	-4.93318e-07	-0.000201992	-3.94256e-06	-6.30503e-06	-0.00384164	-1.19634e-05	-0.00197194
-0.00026351	-0.000421244	0.000865759	-0.00403297	-0.00707697	-0.00105502	-0.000255611	0.0335303	-0.00219701	-0.0190937
-0.000810021	-0.00539736	0.00512852	-0.00680887	-0.000553245	-0.0141882	-0.00341271	0.075438	-0.00742119	-0.0419749
-0.00253657	-0.00238437	0.0258495	0.0782918	-0.0107482	-0.0985235	-0.0265555	0.195765	-0.0197576	-0.1394
-0.0757227	-0.0197894	0.177116	0.302344	0.0162187	-0.374905	-0.0138275	0.212658	-0.00108894	-0.223001
-0.0648432	-0.0637804	0.13186	0.231929	0.116585	-0.276017	-0.109754	0.216362	0.0648371	-0.247178
-0.0572	-0.156291	0.121812	0.114153	0.0230236	-0.121458	-0.183269	0.210364	0.155357	-0.106492
-0.0798084	-0.190879	0.0846098	0.0491632	-1.63167e-07	-0.0766739	-0.111101	0.346645	0.181654	-0.20361
-0.0496192	-0.341118	0.0729741	1.08188e-05	-0.134292	0.118404	-0.0988254	0.240439	0.06381	0.128216
0.106952	-0.37459	0.0314172	-0.00518143	0.0166878	0.0560525	-0.122128	0.183641	0.177245	-0.0700975
0.0373869	-0.258112	0.217974	0.0455233	-0.159232	0.117443	-0.193268	0.135346	0.116292	-0.0593533
0.0167786	-0.197682	0.101124	0.0203072	-0.133958	0.137068	-0.160044	0.296956	0.00505767	-0.0856055
0.133067	-0.0639588	-0.0399355	0.0860269	-0.267524	-0.0262674	-0.192786	0.334174	0.217019	-0.179813
0.0455546	-0.00263485	-0.0317943	0.0842017	-0.259517	-0.0947217	-0.254523	0.116252	0.22865	0.168534
0.171164	-0.0252395	0.0529001	0.191551	-0.401025	-0.101019	-0.348031	0.214424	-0.109371	0.354649
0.23162	-0.00873266	0.0189831	0.212334	-0.358183	-0.191706	-0.385009	0.274842	-0.0428609	0.248713
0.414658	-0.174291	-0.0560867	0.111127	-0.418772	-0.0670279	-0.395995	0.276455	0.117345	0.192588
0.276494	0.0621451	-0.0753686	0.132052	-0.222724	-0.0375177	-0.389146	0.262833	-0.0118999	0.00313367
0.149633	-0.124083	-0.170176	0.255573	-0.0667608	-0.056253	-0.53852	0.358078	0.122857	0.0696503
0.111609	-0.0987098	0.111558	0.121306	-0.0964181	0.0657398	-0.490074	0.151724	0.135888	-0.0126226
0.152825	-0.1633	0.00678404	0.121742	-0.081503	0.193273	-0.363535	0.18622	0.0558106	-0.108314
0.0737709	-0.199284	-0.0544624	0.0795582	-0.0489209	0.156513	-0.300754	0.0283054	0.130324	0.13495
0.20331	-0.210942	-0.0519348	0.116052	-0.02049	0.111904	-0.377633	0.131932	0.150867	-0.0530649
0.298361	-0.313771	-0.113308	-0.364781	0.102389	0.579224	-0.353719	0.0394176	0.324025	-0.197839
-0.00207138	-0.30357	-0.284258	-0.271744	0.0315533	0.918145	-0.211141	-0.100257	0.397919	-0.174576
-0.195335	-0.131936	-0.0982037	-0.062995	0.0101536	0.668774	-0.125886	-0.0756936	0.110841	-0.0997201
-0.0676646	-0.0110989	-0.0132422	-0.00458841	-0.0304096	0.177229	-0.064968	-0.0138343	0.054483	-0.025906
-0.00433964	-0.00176437	-0.0011949	-6.17462e-05	-0.00109368	0.00951438	-0.00585294	-0.00295319	0.00885664	-0.00111054
-2.98252e-06	-7.05298e-06	-5.818e-06	-9.60728e-05	-0.000387443	-4.62734e-05	-2.76613e-06	0.0015496	-1.91989e-05	-0.000981988
-0.000440252	-6.18996e-05	-0.000636533	-0.00373879	-0.00788045	-0.00105794	-0.000135817	0.0413059	-0.00153859	-0.0258156
0.00171937	-0.00353444	-0.00435286	0.0185651	-0.00627317	-0.00716964	-0.00460014	0.0845247	-0.0168204	-0.0620584
0.00523308	-0.00446482	0.0419487	0.107053	-0.0767312	-0.104855	-0.0346789	0.252484	-0.0311403	-0.154849
-0.0580078	-0.0439682	0.133201	0.34074	-0.104127	-0.315528	-0.0145138	0.310642	0.0249042	-0.273341
-0.054451	-0.132843	0.250277	0.163928	-0.0325721	-0.259129	-0.153818	0.221382	0.0975204	-0.100294
-0.0759024	-0.16954	0.0823421	0.0953229	-0.102676	-0.0960722	-0.177643	0.130959	0.187422	0.125787
-0.0869276	-0.165759	0.0125161	0.100062	-0.092061	0.0134657	-0.0492969	0.111498	0.148087	0.00841445
-0.0584864	-0.24789	-0.0322	0.0625296	-0.0728244	0.156403	-0.0741485	0.0902128	0.142377	0.034026
0.041238	-0.314305	0.0843371	-0.0137633	-0.00759422	0.0659243	-0.152083	0.111807	0.223962	-0.0395234
0.0986411	-0.203462	0.195649	-0.164059	-0.183398	0.177293	-0.212588	-0.0075451	0.16177	0.137699
-0.0383611	-0.0900941	0.0766966	-0.332888	-0.114849	0.308849	-0.14662	0.150655	0.130309	0.0563026
0.0240189	-0.0825837	0.058266	-0.257184	-0.101624	0.187463	-0.218153	0.319276	0.0463052	0.0242171
0.186198	0.0516327	0.0936292	-0.108379	-0.156624	-0.0358146	-0.357731	0.230455	0.0354854	0.0611488
0.0467359	0.212768	0.177226	0.232095	-0.590634	-0.205809	-0.234292	0.411453	-0.247161	0.197618
-0.0333148	0.410332	0.207222	0.363794	-0.414544	-0.377181	-0.3679	0.367987	-0.407505	0.251114
0.188171	0.143082	0.214422	0.254887	-0.125683	-0.382509	-0.499929	0.331405	-0.131776	0.00793024
0.297708	0.0343255	0.0315641	0.149035	-0.099845	-0.235604	-0.611829	0.415844	0.0426754	-0.0238744
0.244725	-0.107692	0.0619172	0.0941075	0.0204785	-0.114053	-0.585584	0.261653	0.0545986	0.0698489
0.259164	-0.210059	0.02504	0.170199	-0.027779	-0.0846201	-0.532298	0.267308	0.115823	0.0172227
0.183878	-0.288166	-0.0206747	0.247671	0.0103851	0.0160408	-0.368313	0.109991	0.113855	-0.00466559
-0.0176961	-0.2932	-0.0904516	0.188739	-0.000158966	0.228512	-0.266979	0.2304	0.1551	-0.134266
0.0849831	-0.345026	0.00912313	0.194201	-0.0390572	0.25559	-0.414719	0.15707	0.180228	-0.0823951
0.38466	-0.34923	-0.124376	-0.185642	-0.0733949	0.621503	-0.314409	-0.0543024	0.302139	-0.206948
0.140052	-0.230965	-0.27198	-0.237697	-0.216141	1.14953	-0.260053	-0.0879001	0.205813	-0.190662
-0.18679	-0.102323	-0.0776278	-0.0432704	-0.150043	0.865234	-0.210125	-0.0412012	0.0486879	-0.102542
-0.0644922	-0.012682	-0.00721355	-0.00693652	-0.0511467	0.20167	-0.0844963	0.00019611	0.0600104	-0.0349087
-0.00105491	-0.00180447	-0.000917272	-0.000343558	-0.00445941	0.0132036	-0.00486073	0.0223165	-0.019728	-0.00235175
-4.62888e-06	-8.25257e-06	-1.15523e-05	-0.000154266	-0.00045308	-5.93421e-05	-3.26962e-06	0.00214777	-2.67972e-05	-0.00142658
-0.000486427	-2.93696e-05	-0.00020734	-0.00265091	-0.0074093	-0.000949037	-4.73673e-05	0.0392677	-0.000849193	-0.0266388
0.0141634	-0.00188164	-0.00296899	0.00963553	-0.0244386	-0.0077077	-0.0136638	0.118559	-0.0137627	-0.0779344
-0.00533023	-0.0254645	0.0501071	0.16052	-0.0864645	-0.0886269	-0.0381884	0.234028	-0.0568412	-0.143738
-0.0447484	-0.0529664	-0.0139063	0.185927	-0.110313	-0.152447	-0.0545842	0.318888	0.108536	-0.184385
-0.019712	-0.136759	0.179483	0.00576495	-0.138395	-0.133291	-0.130621	0.217407	0.0956414	0.060482
-0.0609113	-0.219318	0.203853	-0.05696	-0.155894	-0.00128983	-0.119931	0.0442398	0.158474	0.207737
-0.0808846	-0.197976	-0.0355277	-0.117153	-0.0771061	0.17303	0.0146426	0.0494972	0.221069	0.0504075
-0.0575722	-0.188609	-0.043055	-0.262868	-0.0114227	0.290443	0.021454	-0.0886989	0.196563	0.143766
0.0314902	-0.231816	-0.133045	-0.435585	0.137819	0.312823	-0.121305	0.036591	0.282499	0.120527
-0.0724122	-0.0727413	-0.0481099	-0.465991	0.0320692	0.212904	-0.0573076	-0.0159895	0.292416	0.195162
0.0118565	0.0217953	-0.0318604	-0.507238	0.0399267	0.235326	-0.116104	-0.103492	0.252965	0.196827
-0.00535705	-0.0106551	-0.0842915	-0.471233	0.211731	0.315351	-0.238929	-0.127498	0.248344	0.162539
0.0724586	0.229356	-0.170916	0.0299761	-0.242404	0.165362	-0.112777	0.171174	0.0411014	-0.183332
-0.0203623	0.520646	-0.00406821	0.228677	-0.780158	0.0247203	-0.244775	0.351997	-0.0623915	-0.014283
-0.159574	0.687854	-0.0835013	0.18232	-0.176565	-0.136673	-0.44332	0.47492	-0.278065	-0.0673967
-0.0406934	0.260872	0.0590113	0.205493	-0.0719304	-0.2643	-0.437188	0.561454	-0.290796	0.0180783
0.224808	0.0707844	0.141836	0.190283	0.0323475	-0.403439	-0.461862	0.318539	-0.121568	0.00827286
0.230785	-0.171965	0.103517	0.182457	-0.0147532	-0.382382	-0.463344	0.306957	0.153069	0.0556592
0.113576	-0.198489	0.0138817	0.22666	0.0910103	-0.31731	-0.441948	0.336359	0.201956	-0.0256974
0.175407	-0.326993	-0.0485463	0.309209	-0.108037	-0.169828	-0.286612	0.348428	0.126118	-0.0191455
0.0843677	-0.303676	-0.0710687	0.162093	-0.0639375	-0.0146997	-0.240682	0.359898	0.148384	-0.0606783
0.197708	-0.305286	-0.0470395	0.088512	-0.120601	0.0791871	-0.283245	0.188949	0.216761	-0.0149463
0.411134	-0.268429	-0.123701	-0.10192	-0.365119	0.561727	-0.135279	-0.149658	0.255727	-0.0844796
0.202378	-0.192834	-0.202394	-0.162146	-0.2929	1.15524	-0.205023	-0.113878	0.0257205	-0.214162
-0.189708	-0.069284	-0.0444017	-0.0239366	-0.185039	0.973416	-0.266619	-0.0326696	-0.0689547	-0.0928041
-0.0807803	-0.0169259	0.00773	-0.00441646	-0.0581608	0.258168	-0.0838083	-0.00106144	0.0129738	-0.0337186
-0.000564673	0.000428972	-0.000481497	-0.000122605	-0.00124452	0.00675071	-0.0118409	0.0051058	0.00637044	-0.00440168
-2.87245e-05	-3.37547e-06	-1.31249e-05	-9.63352e-05	-7.87125e-05	-6.83361e-05	-4.24005e-06	0.00101319	-3.29409e-05	-0.000687403
0.0036332	0.000297448	-0.000427978	-0.00192371	-0.0163105	-0.00545004	-0.000153466	0.0566265	-0.00114943	-0.035142
-0.00423329	-0.000163447	-0.00440391	0.00829435	-0.0756623	-0.0120921	-0.00110798	0.217455	-0.00901675	-0.119069
-0.0126745	-0.0175192	-0.0244633	0.142312	-0.0812156	-0.0963772	-0.0408395	0.288077	-0.0176254	-0.139674
-0.121407	-0.0306244	-0.101678	0.111339	-0.162274	-0.0652732	-0.0422354	0.358698	0.0637021	-0.0102458
-0.097193	-0.0758549	-0.0896587	-0.14669	-0.118928	-0.016383	-0.0203661	0.139829	0.191885	0.23336
-0.00712798	-0.18646	-0.176952	-0.286164	0.00132132	0.213431	-0.0305362	0.000188698	0.213558	0.25874
-0.0130679	-0.202694	-0.309	-0.441853	0.0340733	0.169465	0.13066	0.105589	0.393666	0.133161
-0.0260172	-0.195448	-0.368939	-0.448076	0.142503	0.165584	0.0512363	-0.0671693	0.315041	0.431286
-0.104685	-0.225885	-0.417967	-0.441768	0.27715	0.135062	0.104676	0.127582	0.373082	0.172749
-0.0462841	-0.155844	-0.631553	-0.349133	0.365751	0.112812	0.0480558	0.180561	0.229847	0.245787
-0.075972	-0.165934	-0.584309	-0.204216	0.234879	0.115175	-0.0335667	0.163606	0.209236	0.341101
-0.137116	-0.0660545	-0.659649	-0.0797281	0.417607	0.244801	0.0843882	-0.0626639	0.199993	0.0584217
-0.0479085	0.28096	-0.716993	0.189828	-0.530662	0.437363	0.123408	0.0341568	0.276098	-0.0462519
-0.350051	0.70372	-0.493102	0.165881	-0.713435	0.0742059	-0.214126	0.306843	0.480608	0.0394576
-0.58258	0.711798	-0.397502	0.206155	0.136045	-0.169163	-0.487504	0.429704	-0.00189958	0.154945
-0.509569	0.212766	-0.153982	0.0464891	0.342578	-0.191682	-0.273016	0.426502	-0.146457	0.246372
-0.103037	-0.04335	-0.247898	0.24308	0.128927	-0.188077	-0.330883	0.315832	-0.130661	0.356068
-0.0831795	-0.0461017	-0.0702666	0.134507	-0.0367945	-0.16486	-0.268324	0.380934	-0.106469	0.260554
0.0650958	-0.178934	0.17036	0.154025	-0.0153959	-0.367639	-0.222769	0.197292	0.00991958	0.188046
0.153242	-0.206512	-0.0492125	0.270674	-0.166146	-0.556099	-0.148799	0.266342	0.0165743	0.419936
0.205569	-0.194313	-0.00387434	-0.0625986	-0.135936	-0.444655	-0.0441082	0.278155	0.113428	0.288334
0.22818	-0.159431	-0.0743462	-0.0841939	-0.204883	-0.421665	-0.00315423	0.156865	0.306401	0.256226
0.338994	-0.128412	-0.130513	-0.157398	-0.325336	-0.0195199	0.192336	-0.146919	0.389143	-0.0123731
0.267439	-0.10114	-0.0919027	-0.120489	-0.27144	0.360454	-0.03383	-0.114446	0.267151	-0.161793
-0.112898	-0.051824	0.0384636	-0.00631789	-0.125977	0.533555	-0.224943	-0.0422107	0.0738129	-0.08166
-0.0507378	-0.0147193	0.0114904	-0.00226909	-0.0187857	0.147426	-0.115265	-0.0092751	0.07665	-0.0245149
-0.000372708	0.00253257	-0.000331264	-4.16236e-05	-0.000816406	0.00395199	-0.00718489	0.000604165	0.00395684	-0.00229867
-1.26869e-06	-3.20422e-08	-4.7173e-06	-2.35773e-05	-1.59095e-06	-8.14397e-06	-1.71341e-08	0.0010925	-1.46768e-05	-0.00103848
-4.23086e-05	-0.000118068	-2.69577e-05	-0.00219961	-0.0254225	-0.00692507	-0.000205946	0.0586344	-0.000727797	-0.0229662
-0.00476931	-0.00116132	-0.00146492	-0.00624582	-0.083722	-0.0107376	-0.00113589	0.224098	-0.00556962	-0.109292
-0.0256982	-0.00133917	-0.077312	0.022725	-0.128462	-0.0391308	-0.0340477	0.355077	0.0258919	-0.0977038
-0.106977	0.000799245	-0.169645	-0.0384678	-0.222463	0.00685975	-0.0616574	0.359392	0.0275383	0.204622
-0.02907	-0.0431687	-0.424523	-0.219597	-0.0752381	0.0573218	-0.00723013	0.193533	0.203306	0.344667
0.147425	-0.0801383	-0.707706	-0.343534	0.132522	0.23771	0.13324	0.0273128	0.144789	0.308378
0.0482262	-0.109418	-0.795781	-0.369982	0.25652	0.129145	0.197608	0.247604	0.218561	0.177517
-0.0089128	-0.144425	-0.522298	-0.358571	0.355492	0.0221246	0.128129	0.250699	0.0755496	0.202211
-0.0108687	-0.149664	-0.522881	-0.16947	0.24198	-0.0788883	0.183088	0.00116029	0.183281	0.322263
0.00798636	-0.313608	-0.587449	0.056051	0.45259	0.201146	0.0263855	-0.0405694	-0.0588766	0.256345
0.0102129	-0.432953	-0.532158	-0.0801138	0.587217	0.185597	0.221432	-0.0642443	-0.03292	0.137929
0.0986474	-0.0225559	-0.540343	0.00235616	0.712033	0.229587	0.212019	-0.555503	0.115723	-0.251965
-0.0526814	0.232881	-0.426649	0.11481	-0.107277	0.279875	0.149113	-0.695282	0.465381	0.039828
-0.559528	0.848336	-0.439887	0.432358	-0.436844	-0.0647241	-0.22216	-0.108555	0.276547	0.274456
-0.764023	0.519005	-0.442339	0.181205	0.191613	-0.102185	-0.271282	0.329627	0.0768711	0.281511
-0.62568	0.130321	-0.256326	0.0752995	0.345657	-0.358698	-0.0808079	0.440825	0.0247034	0.304707
-0.165847	0.107071	-0.290025	0.031974	0.0796037	-0.375582	-0.13382	0.352863	0.0413727	0.352391
-0.0359343	-0.0266958	-0.17257	0.112842	0.0105627	-0.284563	-0.177421	0.263641	-0.0525652	0.362705
0.0477847	-0.167072	0.140859	-0.0327915	0.0918776	-0.310027	-0.242001	-0.0504387	0.129945	0.391865
0.0450623	-0.137711	-0.0271533	-0.0846503	0.07291	-0.442746	-0.108887	0.0684642	0.224015	0.390696
0.129197	-0.0861111	0.00163985	-0.414476	0.149222	-0.696037	0.0883797	0.0681048	0.348031	0.412048
0.295905	-0.0724951	-0.104824	-0.319681	0.0374554	-0.85299	0.29281	0.0168165	0.358545	0.348458
0.413519	-0.0459542	-0.262216	-0.183395	-0.147388	-0.75127	0.493941	-0.12052	0.459778	0.143506
0.394255	-0.0390727	0.0453315	-0.0761058	-0.0901691	-0.554072	0.212861	-0.0914538	0.36845	-0.170023
-0.00835781	-0.0221524	0.157864	0.00301098	-0.0346378	0.0133719	-0.131701	0.00938245	0.0949167	-0.0816963
-0.0255232	-0.0125826	0.0862904	-0.000393087	-0.0123521	0.0694514	-0.116994	0.0151561	0.023007	-0.0260602
-0.000153486	0.00201826	0.00940418	-4.92918e-05	-0.0048941	-0.00183862	-0.00585251	0.00754802	-0.00521911	-0.000963343
-6.42446e-09	3.25672e-05	-3.8604e-06	-1.03556e-05	-1.50972e-07	-1.32238e-06	-1.17544e-06	-5.1952e-06	-3.57719e-06	-6.9235e-06
0.000422882	-2.05749e-05	-2.20628e-05	-0.00128829	-0.018363	-0.00140619	-0.000219491	0.0330547	-0.000185981	-0.011972
-0.00218209	-0.000398594	-0.000569394	-0.00424294	-0.0512523	-0.00327889	-0.000514714	0.138685	-0.001569	-0.0746768
-0.0146535	0.00490008	-0.0931619	0.00296875	-0.0999404	-0.0007236	-0.0289583	0.263166	0.0161706	-0.0497678
-0.0370533	0.00919994	-0.30559	-0.12108	-0.102579	0.0527966	-0.079813	0.214562	-0.0286484	0.398206
0.0124769	-0.0343478	-0.60167	-0.21841	0.139522	0.137232	0.0566268	0.0907198	0.0296907	0.388159
0.229814	-0.0669872	-0.807645	-0.312766	0.35862	0.0491282	0.293871	0.0936249	-0.0215359	0.183875
0.258039	-0.101761	-0.679515	-0.342212	0.313785	0.148022	0.0963982	0.122373	-0.0301796	0.215051
0.121514	-0.0570872	-0.373866	-0.223336	0.344258	0.00213419	0.0850113	-0.0182647	-0.0729833	0.19262
0.0867219	-0.17745	-0.259023	-0.103086	0.314165	0.0355855	0.113997	-0.106796	0.0386385	0.0572469
0.10685	-0.544629	-0.123251	-0.163901	0.415479	0.198645	0.165773	-0.0438971	-0.0927734	0.0817052
0.0760832	-0.60895	0.022698	-0.197179	0.621009	0.257102	0.11194	-0.374001	0.119264	-0.0279691
0.0772772	-0.104388	-0.0686103	0.0864673	0.400358	0.358231	0.161842	-0.916324	0.231357	-0.22621
-0.369905	0.290222	0.0926766	0.32234	-0.200325	0.210058	0.0414632	-0.908992	0.414977	0.107485
-0.650907	0.655434	0.00118821	0.224799	-0.122593	-0.0473102	-0.14271	-0.195947	0.0172635	0.260783
-0.779141	0.4038	-0.24907	-0.13534	0.290229	-0.248474	0.0483676	0.096795	0.307802	0.265032
-0.597689	0.158057	-0.289917	0.0483518	0.235614	-0.434761	0.0474272	0.213149	0.161035	0.458733
-0.235768	0.171255	-0.139228	0.075535	0.213363	-0.23826	-0.174166	0.104993	-0.111337	0.333614
-0.0822512	-0.211066	-0.167908	0.185956	0.195318	-0.174781	-0.15521	0.0858095	0.0349868	0.289144
-0.086957	-0.242039	-0.130417	-0.0533062	0.136012	-0.058285	0.00962674	-0.0336325	0.0563681	0.402631
-0.192013	-0.160935	-0.0909876	-0.41021	0.271374	-0.0511075	-0.0694315	0.167471	0.196844	0.338996
0.0434239	-0.109263	-0.00788897	-0.406906	0.251165	-0.303577	0.166597	0.0569122	-0.0359234	0.34546
0.259957	-0.0959831	-0.0981305	-0.39943	0.173585	-0.409136	0.384188	-0.0309656	0.0702029	0.145713
0.402532	-0.0832691	-0.120266	-0.189559	-0.0206706	-0.582743	0.610062	-0.0117035	0.151361	-0.155743
0.332585	-0.0657854	0.233585	-0.0611809	-0.122558	-0.478947	0.288515	0.0197968	0.102295	-0.248303
0.0464549	-0.0364396	0.328245	-0.00526409	-0.00177788	-0.10354	-0.156899	0.0265925	0.0200291	-0.1174
-0.00787941	-0.0172505	0.209302	-0.000856428	-0.0108054	-0.00651912	-0.124229	0.00162658	-0.00968094	-0.0337087
-0.0011893	-0.000386821	0.0588521	-0.00179064	-0.0153369	-0.0157556	-0.01878	-0.00301334	-0.0014682	-0.00113136
-3.40486e-05	-7.59328e-07	-1.12203e-05	-0.000942829	-4.46478e-05	0.00412629	-7.01208e-05	-3.31196e-05	-0.000136167	-0.00285338
-4.88661e-05	-6.87614e-06	-0.00686252	0.00710472	-0.00955383	-0.00068349	-1.25387e-05	0.0166892	-0.000494027	-0.00613176
-0.000628187	0.000550585	-0.0048454	0.00322825	-0.0224012	-0.00131677	-5.27243e-05	0.0734028	-0.000838588	-0.0470987
-0.0417125	0.00917139	-0.077992	0.011218	-0.0152183	0.0079062	-0.0152781	0.126973	-0.00938122	0.00431379
-0.0366083	0.0114152	-0.218118	-0.053623	0.190012	0.028451	-0.156561	0.0718235	-0.0838172	0.247027
0.186704	-0.0455775	-0.457004	-0.222792	0.361135	-0.0122861	0.0345561	0.0718031	-0.0680518	0.151513
0.214906	-0.0842209	-0.306317	-0.344181	0.335429	-0.0367322	0.212807	-0.0283439	-0.16819	0.204843
0.359014	-0.121297	-0.0853895	-0.337756	0.371011	-0.00688678	0.0726053	-0.0437428	-0.362837	0.155279
0.216672	-0.0790887	-0.0754561	-0.209668	0.339429	0.0735873	0.123901	-0.171107	-0.287562	0.069293
0.210742	-0.250879	-0.0281743	-0.118669	0.282885	0.159018	0.206214	-0.253866	-0.223575	0.0163041
0.0804697	-0.582785	0.0767332	-0.17477	0.318772	0.257602	0.239359	-0.209884	-0.00457731	-0.000920387
0.147327	-0.562717	0.115655	-0.187152	0.368314	0.00336998	0.406378	-0.522903	0.26166	-0.0299329
0.0710312	0.00980579	0.0225703	0.15799	0.207098	0.0437801	0.210485	-0.843668	0.227834	-0.106924
-0.347669	0.339896	0.264347	0.0685543	-0.207577	0.0171669	-0.0363716	-0.589185	0.422254	0.0685836
-0.686148	0.565943	0.0974358	0.0972953	-0.0481918	-0.0823411	-0.0802556	-0.155069	0.247476	0.0438563
-0.698184	0.393874	-0.143035	-0.00506987	0.168141	-0.154412	0.0559554	-0.0422704	0.215256	0.209746
-0.654665	0.1945	-0.0854047	-0.0155566	0.394052	-0.286618	0.109607	0.0197415	-0.0386674	0.363009
-0.199485	-0.211307	-0.218532	0.0596068	0.50133	-0.274419	-0.23064	0.23774	0.0475652	0.288142
-0.0858637	-0.457564	0.016168	0.0315794	0.251559	-0.163577	-0.145186	0.39934	-0.0402717	0.193817
-0.131647	-0.350813	-0.0449682	-0.0843563	0.314401	-0.220732	-0.0349526	0.503801	-0.0211337	0.0704012
-0.00559201	-0.218805	0.0245495	-0.234338	0.207336	-0.0504602	-0.0466395	0.290776	-0.175368	0.208543
0.153231	-0.14451	-0.0920857	-0.0768803	0.0931409	-0.10594	0.106295	0.129322	-0.208985	0.14641
0.177746	-0.101576	-0.0936464	-0.214202	0.0876686	-0.0444301	0.322492	0.238629	-0.280113	-0.0925684
0.358908	-0.0711423	0.0512488	-0.139134	-0.0362107	-0.183488	0.412203	0.193101	-0.241322	-0.344163
0.337483	-0.0358782	0.256243	-0.0319767	-0.133953	-0.217923	0.195871	0.0377453	-0.134716	-0.272892
0.029078	-0.02422	0.377802	-0.0188752	-0.0563578	-0.13105	-0.0916931	-0.0117539	0.00312944	-0.0760592
-0.00443815	-0.00402405	0.203785	-0.0082498	-0.0378923	-0.018638	-0.109082	-0.00314297	-0.00769482	-0.0106226
-0.000131989	-1.82092e-05	0.0061827	-0.00132877	-0.0016696	-0.000724663	-0.0019665	-3.69212e-05	-0.000280964	-2.50768e-05
-1.32975e-05	-3.38737e-07	-3.71962e-06	-0.000310601	-2.29666e-05	0.00131546	-2.35004e-05	5.4219e-05	-4.81388e-05	-0.00094712
-5.24655e-05	-7.28782e-06	-0.0152836	0.0170039	-2.63662e-05	-0.00055488	-6.61271e-06	-5.74175e-05	-0.000984747	-3.05198e-05
-0.00115341	0.00355664	-0.00763446	0.0185517	0.0067807	-0.00350924	-0.000217671	0.0191127	-0.00154892	-0.0339381
-0.055299	0.00242162	0.0174785	0.0253614	0.0396987	-0.0164902	-0.0496169	0.0564834	-0.0141468	-0.00589053
0.0449702	-0.00744449	0.0449732	0.0490447	0.154157	-0.0380518	-0.244214	0.00114196	-0.091093	0.0865166
0.280624	-0.0790395	0.0978166	-0.0592192	0.200391	-0.1833	-0.0165807	-0.0980159	-0.20677	0.0640936
0.105277	-0.145558	0.193245	-0.134371	0.210778	-0.131369	0.190521	-0.0619997	-0.268701	0.0421777
0.302898	-0.140019	0.0323907	-0.255717	0.340468	-0.15629	0.219208	-0.134804	-0.262861	0.0547267
0.268385	-0.128605	-0.0257804	-0.295717	0.361297	0.0234198	0.181376	-0.298853	-0.163672	0.0781507
0.292645	-0.294887	0.0249382	-0.259672	0.36744	0.142935	0.170308	-0.327723	-0.0393577	-0.076626
0.283508	-0.443694	0.0377189	-0.188518	0.272678	0.0930915	0.321181	-0.299768	-0.0871242	0.0109279
0.0761427	-0.223106	-0.0576104	-0.0659849	0.311214	0.0555668	0.440757	-0.523089	-0.0467639	0.0328758
-0.139475	0.107732	0.00573895	0.0671031	0.144255	0.116028	0.217602	-0.631257	0.180628	-0.068354
-0.576073	0.429595	0.228595	0.101958	-0.145124	-0.0609395	0.103263	-0.34019	0.392585	-0.13367
-0.758501	0.639209	0.115822	0.162146	0.0471249	-0.313763	0.176607	-0.260322	0.360517	-0.168839
-0.660287	0.149886	0.00676185	0.125045	0.276553	-0.284653	0.0644172	0.0200522	0.119513	0.182712
-0.462713	0.113367	-0.00091441	-0.0491509	0.528322	-0.218287	-0.0615772	-0.0710881	-0.062169	0.284211
-0.21847	-0.477557	-0.0878168	-0.0249837	0.441662	-0.217621	-0.112243	0.47477	-0.134444	0.356705
-0.0618434	-0.478256	-0.109424	-0.0798781	0.149992	0.131148	-0.117405	0.506032	-0.0769463	0.136582
-0.0346653	-0.385799	-0.00716297	0.109832	0.163172	-0.0623264	0.00375284	0.350837	-0.195781	0.0581415
0.168124	-0.268012	-0.181827	0.22009	-0.055741	-0.146934	0.109228	0.379824	-0.303442	0.0786914
0.121367	-0.160171	-0.124499	0.152879	-0.041202	-0.0185032	0.137452	0.343206	-0.320479	-0.0900508
0.208495	-0.120664	-0.210565	0.149619	0.0572638	-0.0393714	0.0750294	0.359022	-0.238452	-0.240376
0.333389	-0.0799389	-0.0177838	0.10712	-0.0990148	0.00784431	0.195309	0.140845	-0.261758	-0.326012
0.240084	-0.0470658	0.419213	0.0452948	-0.279438	-0.0345272	0.131042	-0.00686307	-0.219034	-0.248704
-0.00573763	-0.0212413	0.471679	-0.034615	-0.122763	-0.0881876	-0.0366271	-0.0621622	-0.0190028	-0.0813422
-0.00768678	-0.00717753	0.212336	-0.0115365	0.0082741	-0.0298798	-0.105918	-0.00868502	-0.01816	-0.0315666
-0.00117394	-0.000778151	0.0276004	-0.000478667	-0.00287279	-0.0100504	-0.00750579	-0.000407142	-0.00200325	-0.00233022
-1.2279e-05	-5.149e-07	-2.61308e-07	-1.07805e-05	-4.76993e-05	-0.000203555	-3.08839e-06	0.000371791	-2.03034e-05	-7.33101e-05
-4.45629e-05	4.31073e-06	-0.00764331	0.0103219	-1.6506e-05	-0.000340384	-2.56714e-05	-0.00087835	-0.000530902	-0.000846542
-0.00323891	0.00292544	-0.00410415	0.0512749	-0.00673753	-0.011786	-0.00126546	-0.00111888	-0.00366977	-0.0222797
-0.048447	-0.00334272	0.145912	0.113913	-0.0471055	-0.00720884	-0.0817989	-0.0288225	-0.014978	-0.0281218
0.0802603	-0.0181837	0.255239	0.211932	-0.0893174	-0.0485354	-0.271032	-0.0303228	-0.13103	0.0409908
0.34247	-0.11174	0.233112	0.0715708	-0.0190159	-0.11668	-0.00571196	-0.142751	-0.252705	0.00145183
0.237068	-0.238548	0.324677	-0.117559	0.0938475	-0.145411	0.226444	-0.0646315	-0.197733	-0.118153
0.193943	-0.254432	0.0871852	-0.221603	0.316537	-0.380201	0.318645	0.0187209	-0.0341446	-0.0446518
0.294758	-0.238146	-0.0643798	-0.343546	0.356241	-0.301924	0.238029	-0.174283	0.085943	0.147307
0.289327	-0.172276	0.139257	-0.185863	0.227049	-0.304945	0.291691	-0.223546	0.074729	-0.135425
0.270867	-0.135235	0.172284	-0.217132	-0.048248	-0.141127	0.42751	-0.434766	0.0605492	0.0452998
0.0882698	-0.130628	0.20771	-0.0805039	-0.0724302	-0.129441	0.592781	-0.594492	0.0171542	0.101578
-0.292251	-0.115343	0.308961	0.00801554	0.041827	-0.0465308	0.0464923	-0.286127	0.402344	-0.0673872
-0.697856	0.432468	0.360288	0.204817	0.0178818	-0.141636	0.0504635	-0.173044	0.199322	-0.252704
-0.660131	0.637406	0.147093	-0.017017	0.30903	-0.30944	0.181398	-0.28074	0.0961828	-0.103781
-0.447704	-0.00812727	-0.0234804	-0.186364	0.524247	-0.172381	0.0907632	0.0842918	0.106627	0.0321296
-0.279518	-0.139572	0.190631	-0.270682	0.42976	-0.219845	-0.0816785	0.0655207	0.0910162	0.214369
-0.044868	-0.63859	0.229121	-0.0175375	0.26268	-0.12672	-0.191986	0.287837	-0.0086146	0.248677
0.00594738	-0.485267	0.0632579	0.251275	0.160889	-0.0727	0.0496808	0.16336	-0.257312	0.12087
0.0493538	-0.345241	0.0142059	0.282799	0.0683706	0.00576687	0.155686	0.256391	-0.374149	-0.113183
0.194399	-0.2336	-0.0594818	0.165283	0.164444	0.0418416	0.0179516	0.204982	-0.391611	-0.104207
0.145896	-0.15184	0.233662	0.135088	0.0849737	-0.00584045	0.0169126	0.227026	-0.396735	-0.289142
0.184673	-0.129211	0.168859	0.262116	-0.11243	0.117274	-0.0368821	0.0553065	-0.293	-0.216706
0.202434	-0.103058	0.20192	0.276109	-0.200287	0.0923582	0.0424498	-0.0424532	-0.108531	-0.360941
0.0502776	-0.0521484	0.474798	0.148991	-0.210041	-0.00824661	0.069618	-0.0549514	-0.172518	-0.245778
-0.055727	-0.0443069	0.660064	-0.0564628	-0.105323	-0.0863407	-0.0740883	-0.06597	-0.092815	-0.0790301
-0.023451	-0.021081	0.305072	-0.0128694	-0.0536793	-0.0432275	-0.0914417	-0.00623127	-0.0327959	-0.0202951
-0.0012034	-0.000328303	0.0403482	-0.000659051	-0.00198063	-0.0180078	-0.0159545	-0.000507692	-0.001411	-0.00029587
0.0	0.0	0.0	0.0	0.0	0.0	0.0	0.0	0.0	0.0
-5.35768e-05	0.000284798	-0.00286828	0.00368971	-1.2234e-05	-0.000298718	-2.16316e-05	-7.25247e-05	-0.000504753	-0.000142788
-0.00685059	-0.000226249	0.0146501	0.0582481	-0.00631988	-0.0180502	-0.00256668	-0.00225285	-0.0038741	-0.0327577
-0.0529031	-0.00705427	0.176484	0.237906	-0.135791	0.00497442	-0.0868609	-0.0349033	-0.0297788	-0.0720718
0.0603025	-0.033473	0.37349	0.29175	-0.102932	0.0282218	-0.310052	-0.0315567	-0.145398	-0.130352
0.275304	-0.199859	0.347064	0.0769052	-0.110971	0.175144	-0.0868585	-0.0973936	-0.22801	-0.151327
0.271383	-0.34931	0.23334	-0.0658683	-0.0137926	0.283948	0.0968031	-0.195078	-0.124468	-0.136956
0.211372	-0.343725	0.14136	-0.0821324	0.170214	-0.23144	0.226963	-0.24042	0.0942938	0.0535148
0.156005	-0.243359	0.116445	-0.252897	0.249664	-0.316251	0.267697	-0.219968	0.160771	0.0818914
0.254122	-0.131184	0.181355	-0.479822	0.126649	-0.271537	0.293509	-0.24601	0.293712	-0.0207918
0.356547	0.0408106	0.325122	-0.538621	-0.0114797	-0.336821	0.517045	-0.469741	0.0407858	0.0763539
0.077983	-0.130535	0.316307	-0.438103	-0.0649975	-0.30187	0.485554	-0.271164	0.279109	0.0477166
-0.218027	0.0836832	0.36174	-0.300218	0.0676745	-0.42178	0.112487	-0.0643896	0.343025	0.0358057
-0.616748	0.442784	0.279427	-0.228648	0.262334	-0.421308	0.085444	0.0407651	0.233308	-0.0773601
-0.595095	0.473999	0.0537635	-0.334879	0.550424	-0.271894	0.11217	0.0405201	0.0689094	-0.0979183
-0.322788	-0.0196383	0.119156	-0.327457	0.416501	-0.0759217	0.0140804	0.0179167	-0.0608636	0.239015
-0.0752519	-0.358975	0.0931682	-0.00363046	0.32626	0.00494611	-0.100925	-0.0816946	0.150409	0.0456947
0.0827665	-0.542189	-0.0476183	0.195728	0.194852	0.110007	0.0302624	-0.00201604	-0.0815416	0.0597503
-0.00536544	-0.351962	0.0968587	0.0814196	0.209047	0.182302	0.141201	0.0635081	-0.326881	-0.090127
0.0743563	-0.238658	0.0839927	0.267567	-0.090236	0.0751267	0.123939	-0.0194529	-0.125065	-0.15157
0.116285	-0.171524	0.0358942	0.0569693	0.027822	0.080951	0.019844	0.0518149	-0.0855461	-0.13251
0.00929724	-0.114817	0.140677	0.146041	0.0565977	0.067154	0.0563127	0.0101981	-0.143379	-0.228082
0.165782	-0.068422	0.155528	0.320791	-0.168985	-0.00826936	0.0721906	-0.00609753	-0.159725	-0.302791
0.0851832	-0.0721363	0.141261	0.301087	-0.177202	0.101367	0.0409398	-0.0685734	0.0183153	-0.370242
-0.00102775	-0.0462662	0.495868	-0.0348185	-0.18823	0.059119	0.0110969	0.00840994	-0.0529131	-0.251237
-0.031124	-0.0620862	0.677567	-0.102	-0.136122	-0.0992004	-0.0583148	0.0104961	-0.145401	-0.0538135
-0.0124001	-0.00948776	0.166118	-0.0109831	-0.0286454	-0.0202357	-0.0608437	0.0135639	-0.0267692	-0.0103167
0.0108521	-0.000467398	0.0134065	-0.000491307	-0.0117111	-0.00298782	-0.0061221	-0.00124711	-0.000403286	-0.000828427
-2.05912e-05	-8.53871e-06	-9.68738e-06	-0.000327743	-0.00285843	-0.000175815	-4.06324e-06	0.00296872	-0.000102658	0.000538812
-1.17977e-05	5.37924e-05	-0.000120215	0.000332852	-2.29997e-06	-0.000141975	-4.79764e-06	-2.15542e-06	-7.67394e-05	-2.66643e-05
-0.00668079	-0.000631053	-0.0139615	0.0605936	-0.00685024	-0.0119908	-0.00207081	0.00552952	-0.00398735	-0.0199506
-0.0873331	-0.00856867	0.115985	0.364866	-0.106796	-0.00297026	-0.0750296	-0.0117183	-0.0759458	-0.112487
0.0108352	-0.0638869	0.4246	0.296761	-0.086523	0.167464	-0.276684	-0.0875658	-0.210082	-0.174916
0.133138	-0.249252	0.469089	0.250495	-0.112187	0.226051	-0.245674	-0.148944	-0.101654	-0.221064
0.155251	-0.451491	0.20482	0.113744	-0.103224	0.455183	0.00845311	-0.327825	0.0476652	-0.102575
0.127315	-0.359365	0.351285	-0.114521	0.0142928	0.145952	0.181702	-0.324354	0.0567342	-0.0790426
0.22957	-0.119277	0.125054	-0.142916	0.0935285	-0.0206138	0.169059	-0.325182	0.093831	-0.103054
0.268086	-0.00785434	0.0944387	-0.357832	0.0488154	-0.146914	0.251099	-0.340741	0.228063	-0.0371598
0.347571	-0.126866	0.248477	-0.446451	-0.206261	-0.165755	0.289182	-0.365818	0.26127	0.164651
0.0950297	-0.115165	0.174686	-0.422657	-0.0822798	-0.141447	0.293393	-0.179404	0.282119	0.095725
-0.276894	0.0516243	0.299125	-0.47909	0.170221	-0.147273	0.501066	-0.119505	0.216629	-0.215904
-0.524137	0.187731	0.287372	-0.348781	0.298107	-0.0910237	0.266869	0.0560098	0.0363995	-0.168547
-0.444475	0.223406	0.116377	-0.244514	0.345534	0.00894071	0.0154967	-0.0306673	-0.127721	0.137625
-0.172608	-0.187737	-0.0141309	0.0878735	0.231326	-0.0189784	0.0560323	-0.103483	-0.0297221	0.151429
-0.0171604	-0.341942	0.150377	0.30259	0.228069	0.00071538	0.168006	-0.204649	-0.164183	-0.121822
0.00968799	-0.195059	0.233767	0.183152	-0.132022	0.112736	0.212855	-0.127201	-0.180678	-0.117238
-0.00409129	-0.0821714	0.139906	0.160235	-0.0693801	-0.0458396	0.212119	-0.108924	-0.0582788	-0.143575
-0.0208483	-0.0752193	0.108927	0.181327	-0.154849	0.0797163	0.0138384	-0.0555307	-0.0297148	-0.0476462
-0.0948578	-0.0226698	0.0230225	0.0996994	-0.0619417	0.116171	0.0096892	-0.0795884	0.0204736	-0.00999824
0.00276254	-0.035754	0.151088	0.320303	-0.0582636	0.0460315	0.0857603	-0.168974	-0.137091	-0.205862
0.164756	-0.074531	0.146188	0.38939	-0.298516	0.071958	0.0650298	-0.173785	0.00182761	-0.292318
0.0671982	-0.0781709	0.404615	0.162191	-0.208561	0.140099	0.0349849	-0.237758	0.0475996	-0.332197
-0.0259789	-0.0244945	0.642469	-0.14483	-0.166713	0.143495	-0.0248991	-0.138298	-0.0595861	-0.201165
-0.0257298	0.00300917	0.473542	-0.070116	-0.125708	-0.0590119	-0.00976658	-0.0151634	-0.122117	-0.0489388
-0.00612095	0.00392745	0.0596028	-0.00885659	-0.0108278	-0.0144197	-0.0200981	0.0126943	-0.0133849	-0.00251645
-0.00369406	-7.02815e-06	0.019709	-0.000136742	-2.85274e-05	-0.00665579	-0.00868994	-1.27942e-05	-0.000234077	-0.000250041
-1.87322e-09	3.12467e-05	-2.0282e-05	-2.30875e-06	-9.21146e-09	-8.46311e-08	-2.09529e-07	-3.49663e-07	-7.75227e-06	-2.48695e-07
0.00334335	0.000152006	-0.00130591	5.26202e-05	-0.003597	-0.000414495	-0.000315457	0.00986747	-0.000550562	-0.00723202
-0.00450074	-0.000928732	-0.0134225	0.0559846	-0.00447651	-0.0113826	-0.00215434	0.00377479	-0.00683793	-0.0160559
-0.0704724	-0.0102	0.0176554	0.387776	-0.0212116	-0.00118197	-0.0716969	-0.0362859	-0.107639	-0.0867422
-0.0283879	-0.0918869	0.298545	0.320551	-0.0910094	0.21786	-0.199126	-0.0828066	-0.192136	-0.151602
0.09025	-0.312427	0.231092	0.352841	-0.05878	0.248288	-0.242897	-0.192327	0.0473663	-0.163408
0.174685	-0.26962	0.160924	0.167524	-0.128749	0.300932	-0.0704691	-0.320048	0.130342	-0.14552
0.164224	-0.0919103	0.332033	0.0238423	-0.15628	0.116149	0.0992423	-0.403217	0.0366453	-0.12073
0.191353	-0.0477099	0.23719	-0.0282246	-0.241187	0.252974	0.0610208	-0.320931	0.089676	-0.19416
0.166768	0.0368013	0.24111	-0.0450294	-0.343664	0.0876313	0.229222	-0.326765	0.243973	-0.290047
0.298853	-0.0970707	0.324794	-0.121235	-0.400931	0.0242879	0.371498	-0.372643	0.202068	-0.229622
0.314768	-0.06019	0.252482	-0.247396	-0.213038	0.0360312	0.574731	-0.247911	-0.0914086	-0.318067
0.140424	-0.0437999	0.239052	-0.284208	-0.32167	0.0736632	0.513489	-0.107926	0.0579628	-0.266985
-0.14919	0.180282	0.330929	-0.177134	-0.131367	0.0861346	0.216614	-0.0601478	-0.110088	-0.186031
-0.212002	-0.0232006	0.119539	-0.0321705	0.121589	0.00707199	0.238472	0.101984	-0.160201	-0.161079
-0.102704	-0.0544029	0.154252	0.038442	0.0155807	0.0444187	0.23477	-0.148109	-0.0162171	-0.16603
-0.0819881	0.0827198	0.207041	0.159153	-0.032346	-0.0432568	0.233152	-0.319547	-0.0330832	-0.171846
0.00417719	-0.00273876	0.218918	0.287784	-0.156014	-0.0569435	0.18157	-0.301293	0.0281311	-0.20359
-0.0209541	0.0753853	0.113145	0.236377	-0.159676	0.0157654	0.104438	-0.329562	0.128749	-0.163666
-0.0758272	0.097075	-0.00898285	0.18379	-0.233191	0.0367502	0.1248	-0.1726	0.0564397	-0.00825269
-0.00479239	0.0353634	0.106826	0.0850435	-0.191308	0.15373	0.0873142	-0.303965	0.0314547	0.00033209
0.0669067	-0.00802873	0.216722	0.295051	-0.136199	0.10284	0.128022	-0.411313	-0.0329388	-0.221061
0.154348	-0.0617661	0.30575	0.162323	-0.361776	0.120792	0.093578	-0.348288	0.165833	-0.230795
0.0148747	-0.0467058	0.361824	0.0759572	-0.248092	0.198663	-0.00930281	-0.269366	0.110941	-0.188792
-0.00959029	0.0118538	0.380962	-0.107458	-0.140366	0.154723	-0.0506995	-0.0772455	-0.0585703	-0.103607
-0.0323145	0.0311892	0.344398	-0.0449052	-0.0596873	-0.0153171	-0.0728122	-0.0192917	-0.100971	-0.0302884
-0.00680275	0.00436344	0.0979618	-0.00711694	-0.00206575	-0.0238831	-0.0359081	-0.00238725	-0.0148457	-0.00931559
-0.00102297	2.91968e-05	0.00835893	-7.30129e-05	-1.57524e-07	-0.00182033	-0.00540454	-3.5879e-07	-6.65636e-05	-1.95095e-07
0.0	0.0	0.0	0.0	0.0	0.0	0.0	0.0	0.0	0.0
0.00842	-3.85613e-05	-0.00297279	4.83861e-05	-6.75465e-05	-0.000436888	-0.000789182	-0.000137696	-0.00117894	-0.00284679
-0.00466427	-0.0056602	0.0110529	0.0418922	-0.00189039	-0.00609472	-0.00208344	-0.00796223	-0.0109994	-0.0135904
-0.0596936	-0.0215219	0.0753906	0.333095	-0.0363659	0.0151675	-0.0497882	-0.0668644	-0.114217	-0.0752024
-0.00660234	-0.0618002	0.303675	0.35893	-0.101879	0.10248	-0.168781	-0.165302	-0.168284	-0.0924356
0.138164	-0.200678	0.260386	0.243829	-0.16783	0.297886	-0.258076	-0.237838	-0.0329613	-0.0428809
0.155564	-0.0343551	0.225914	0.315377	-0.239502	0.202995	-0.195074	-0.369154	0.121775	-0.183539
0.125354	0.0184112	0.417702	0.207357	-0.380218	-0.0247869	0.0694839	-0.398125	0.29128	-0.326458
0.145659	0.144422	0.263808	0.181213	-0.469578	0.239682	0.00976497	-0.288606	0.0586474	-0.285014
0.186066	0.109937	0.26296	0.229808	-0.409762	0.201137	0.218542	-0.334603	-0.0407184	-0.423367
0.306621	0.13457	0.264036	-0.0248442	-0.375644	0.0442522	0.38649	-0.293344	0.0841291	-0.526267
0.418562	0.126988	0.325488	-0.163459	-0.181775	0.141443	0.344269	-0.27507	-0.15261	-0.583834
0.360647	0.0409388	0.182324	-0.338131	-0.213128	0.0572994	0.461228	-0.0988512	0.06854	-0.520868
0.133763	-0.0416926	0.0650386	-0.11637	-0.331172	0.0487229	0.347648	-0.0130095	0.0675103	-0.160439
0.00674065	0.000146675	0.0269992	0.0104955	-0.136376	-0.0523053	0.537114	0.0432311	-0.195933	-0.240112
0.00647525	-0.0423384	0.0684964	-0.0535616	-0.0427023	0.0270239	0.346553	-0.168197	0.0718535	-0.213602
-0.0710974	0.180705	0.0735734	0.072014	0.0412725	0.094707	0.206515	-0.307592	-0.158472	-0.131627
-0.0205311	0.262799	-0.0497058	0.173101	0.00063377	0.14802	0.101805	-0.392375	-0.0474285	-0.176317
-0.105543	0.300699	0.0968805	0.239634	-0.109671	0.138027	0.218093	-0.52542	-0.00689546	-0.245804
-0.091853	0.234833	0.207794	0.167346	-0.219045	0.0965458	0.107055	-0.385572	-0.0207047	-0.0963996
-0.0411822	0.116882	0.168535	0.223732	-0.15546	0.032701	0.175213	-0.509626	0.115499	-0.126293
0.0585794	0.0130489	0.273084	0.119706	-0.0962543	0.143727	0.0308204	-0.487347	0.170796	-0.22616
0.0718944	-0.0485146	0.293045	-0.00390462	-0.228566	0.360575	-0.0859205	-0.386023	0.199024	-0.171609
-0.0493436	-0.0485792	0.31895	0.00669774	-0.198566	0.195226	-0.0303525	-0.197084	0.0802917	-0.0772395
-0.0310504	-0.0251588	0.348419	-0.0774512	-0.0943324	0.0843743	-0.0584148	-0.0439822	-0.105016	0.00261349
-0.0256743	0.00175657	0.165006	-0.026384	-0.0554428	0.0431678	-0.0327706	-0.0211999	-0.0681264	0.0196678
-0.00123453	0.00587112	0.030604	-0.00305765	-0.000501408	-0.00352815	-0.00686239	-0.00152438	-0.0131925	-0.00657413
-2.10314e-05	0.000110007	-8.93013e-05	-4.33929e-05	-2.42705e-05	0.000365034	-4.47529e-06	-3.1506e-05	-0.000229153	-3.19106e-05
-2.2019e-08	7.41285e-05	-3.5065e-05	-1.11533e-05	-4.4277e-07	-4.39673e-07	-7.02505e-07	-4.77318e-06	-2.04072e-05	-1.12263e-06
-5.26986e-05	6.63916e-06	6.65375e-05	0.00059606	-2.67958e-06	-0.000177461	-3.13786e-05	-0.000143275	-8.52278e-05	-0.000176518
-0.0114088	-0.00978924	0.0338721	0.0501378	-0.000619709	-0.0103182	-0.00141836	-0.0281386	-0.0108492	-0.0114676
-0.0437043	-0.0130368	0.116487	0.214305	-0.043387	0.0280939	-0.0298947	-0.0874598	-0.0818653	-0.0595367
-0.0595004	0.0438042	0.182265	0.243617	-0.0817489	0.150113	-0.13243	-0.166831	-0.101557	-0.0777309
0.0761955	0.228026	0.178687	0.118929	-0.111364	0.079578	-0.222446	-0.219665	-0.0742065	-0.053734
0.110555	0.212683	0.167414	0.216942	-0.279887	0.129184	-0.302237	-0.292586	0.181725	-0.143796
0.105574	0.132395	0.163267	0.183463	-0.350795	0.192176	-0.0993892	-0.31832	0.234541	-0.24291
0.0107404	0.174809	0.0936021	0.139824	-0.214516	0.17194	0.0792056	-0.230937	-0.00473673	-0.219933
0.0698249	0.0787359	0.255113	-0.12966	-0.224316	0.160687	0.169942	-0.308662	0.113294	-0.18496
0.218855	0.165105	0.128499	-0.0998305	-0.208365	0.0751174	0.270233	-0.231094	-0.0591871	-0.259333
0.32777	-0.118532	0.0936653	-0.136342	-0.0576055	0.194783	0.334763	-0.208023	-0.0239226	-0.406556
0.272476	-0.18199	0.0121759	-0.101974	-0.103142	0.143872	0.499687	-0.118355	-0.0890382	-0.33371
0.0994921	-0.183188	0.0957091	-0.0770512	-0.198543	0.0582727	0.53313	-0.154475	0.0765396	-0.249887
0.0118161	0.0506539	0.0753777	-0.0969305	-0.130497	0.0783684	0.546783	-0.187547	-0.0635162	-0.284506
0.00217379	0.0377548	-0.027532	-0.00440156	0.056967	0.0599353	0.314546	-0.132283	-0.0397283	-0.267431
-0.0120837	0.0259254	0.0718101	0.0901629	-0.0512285	0.0209759	0.246915	-0.104809	-0.129068	-0.158599
-0.144261	0.14181	0.169703	0.0530445	0.0182578	0.0940397	0.310798	-0.303066	-0.0316136	-0.308711
-0.15405	0.306062	0.246459	0.203865	-0.107312	-0.00477935	0.235754	-0.373907	-0.053773	-0.29832
-0.164968	0.197539	0.314984	0.250753	-0.0172124	0.00428155	0.113083	-0.397703	-0.0368622	-0.263895
-0.0599959	0.19161	0.0734727	0.0576768	-0.017147	0.204615	0.035956	-0.442188	0.126333	-0.170331
-0.00144847	0.0907253	0.186543	-0.0751107	-0.00773872	0.321607	-0.056146	-0.441414	0.0705302	-0.0875479
-0.00921829	-0.111263	0.320877	-0.0747515	-0.103322	0.331325	-0.020723	-0.344674	0.120986	-0.109233
-0.0142367	-0.0809446	0.365839	-0.116724	-0.0725102	0.172118	-0.0368321	-0.185387	-0.0195397	-0.0117811
-0.0291264	0.000741222	0.244965	-0.0922236	-0.0682339	0.0855414	-0.0307538	-0.0353041	-0.130081	0.0544761
-0.0121745	-0.00124349	0.0937117	-0.0193543	-0.049563	0.0646682	-0.0227704	-0.0145621	-0.0459267	0.0072148
0.010671	-0.00117743	0.0103942	-0.0029733	-0.000947669	0.00167726	-0.00197277	-0.00135671	-0.00459273	-0.00972185
4.45197e-06	-4.47509e-11	-6.96042e-07	-2.90912e-07	-3.64384e-09	-1.46454e-06	-2.29095e-07	-7.62824e-09	-1.74651e-06	-1.34726e-08
-2.13309e-08	7.1812e-05	-3.39692e-05	-1.08048e-05	-4.28933e-07	-4.25934e-07	-6.80551e-07	-4.62402e-06	-1.97695e-05	-1.08755e-06
-8.44862e-07	2.12326e-05	-1.20503e-05	2.09171e-05	-1.77784e-07	-6.59765e-06	-2.22981e-07	-8.29467e-06	-7.9854e-06	-5.97622e-06
-0.00248295	-0.00940892	0.020675	0.0517735	-0.000378394	-0.00722462	-0.000225391	-0.0320499	-0.00793992	-0.0127383
-0.0385636	-0.00961673	0.0783556	0.149466	-0.0389671	0.016939	-0.0111261	-0.0769553	-0.037714	-0.0318179
-0.145052	0.0935186	0.135526	0.167523	-0.0613299	0.1412	-0.0626642	-0.10716	-0.0926418	-0.0689183
-0.0416763	0.453923	0.136073	0.101819	-0.100444	-0.0218187	-0.140577	-0.0548337	-0.163326	-0.16914
0.0485896	0.350646	0.216214	0.162408	-0.164033	-0.132831	-0.263292	-0.0634218	0.0119625	-0.166244
0.0984773	0.142567	0.21985	0.111629	-0.209017	-0.0329866	-0.245475	0.0287864	0.129376	-0.243206
0.146249	0.0820625	0.287632	-0.0312306	-0.199486	0.0629757	-0.174764	-0.0673014	-0.0040158	-0.102122
0.129324	0.0971606	0.287196	-0.000761877	-0.199437	0.0882011	-0.0436999	-0.186707	-0.0729609	-0.0983153
0.142908	-0.0719886	0.12761	0.0176843	-0.103517	-0.03133	0.0602212	-0.11539	0.0101694	-0.036367
0.195781	-0.316554	0.135025	0.0593621	-0.0714406	0.0703387	0.048381	-0.230462	0.169443	-0.0598743
0.16556	-0.434549	0.0867275	-0.0774496	-0.12627	0.148421	0.224339	-0.137592	0.167845	-0.0170314
0.346138	-0.316889	0.000630939	-0.101017	-0.100765	0.229404	0.203545	-0.29366	0.17403	-0.141418
0.131323	-0.0886772	-0.0501962	-0.0940723	-0.134458	0.100031	0.0612873	-0.103073	0.212705	-0.034869
0.098664	0.0234327	-0.109344	0.0322015	-0.0618457	0.0366834	0.152796	-0.0375458	0.0844686	-0.21951
0.0308986	0.0440102	-0.0314195	0.0437121	-0.071147	0.119617	0.128868	-0.0674652	-0.00761975	-0.189453
0.0206795	0.226481	0.00739606	0.0944179	0.019531	0.0289532	0.0316197	-0.202618	0.0383693	-0.26483
-0.0837102	0.295965	0.172554	0.102789	0.0124531	0.0986831	-0.0472823	-0.265159	-0.0123383	-0.273955
-0.111396	0.152243	0.273314	0.173688	0.204636	0.128585	-0.0466739	-0.290498	-0.0904968	-0.3934
-0.150051	0.10112	0.285676	0.086424	0.0946872	0.147949	-0.00248174	-0.404848	-0.0211142	-0.137362
-0.0961206	-0.0390378	0.268319	-0.0628693	0.174728	0.102267	-0.0137635	-0.398409	0.08703	-0.0221413
-0.00704983	-0.114682	0.310507	-0.017559	-0.00858738	0.146762	-0.0872866	-0.258094	-0.010053	0.0460444
0.0175309	-0.0580865	0.207183	-0.0707172	-0.0795304	0.13662	-0.0755762	-0.169511	-0.0129289	0.105018
-0.0181939	-0.0122462	0.146781	-0.0641481	-0.057715	0.0823858	-0.0336734	-0.035549	-0.0593688	0.0517284
-0.0076694	-0.00218847	0.0480501	-0.0173824	-0.0317727	0.0463728	-0.00974176	-0.0162977	-0.0186586	0.00928814
0.00113889	0.00205527	-0.0110534	-0.000181796	0.00174197	0.0112757	-0.000114553	-0.000398594	-0.00177708	-0.00268639
8.21902e-06	-8.26171e-11	-1.285e-06	-5.37069e-07	-6.72708e-09	-2.70377e-06	-4.22945e-07	-1.40829e-08	-3.22433e-06	-2.48726e-08
0.0	0.0	0.0	0.0	0.0	0.0	0.0	0.0	0.0	0.0
0.0	0.0	0.0	0.0	0.0	0.0	0.0	0.0	0.0	0.0
-0.00029008	-0.000128652	-0.000143895	0.0368614	-0.000128095	-0.000565254	-2.90629e-05	-0.0244025	-0.00195073	-0.00922322
-0.0158846	-0.0252603	-0.0184319	0.14168	-0.00829023	0.0190254	-0.00181557	-0.0554718	-0.0253314	-0.0102191
-0.0992522	0.0228471	-0.0171826	0.226479	-0.0286014	0.0906954	-0.0123067	0.016363	-0.118044	-0.0809976
-0.116707	0.289972	-0.043167	0.242188	-0.0632441	0.0902036	-0.0405641	0.105554	-0.330668	-0.133566
-0.0476022	0.295443	-0.00819793	0.240382	-0.066252	-0.0369513	-0.0985159	0.219288	-0.336142	-0.161452
0.078014	0.101105	0.055208	0.207219	-0.0769909	-0.109094	-0.197643	0.264091	-0.168831	-0.15308
0.129391	-0.0113193	0.121136	-0.00645033	-0.065985	0.080546	-0.253147	-0.122082	0.141463	-0.0135533
0.203039	0.00731244	0.136297	0.0986333	-0.0392881	0.126442	-0.297645	-0.0946314	0.0239154	-0.164075
0.272139	-0.0742173	0.0284037	0.0807233	-0.0111051	0.220369	-0.355317	-0.0809099	-0.0798361	-0.000248974
0.291271	-0.115331	0.148751	0.126	0.00265558	0.099622	-0.299649	-0.219116	0.0579212	-0.0921254
0.245795	0.0128823	0.0762243	-0.131157	-0.107624	0.103507	-0.14767	-0.220658	0.203241	-0.034541
0.253266	-0.105578	-0.0798758	0.028516	-0.072984	-0.0354158	-0.0888512	-0.195947	0.39563	-0.0987603
0.238457	-0.171877	-0.066143	-0.123748	-0.0228039	0.0571616	-0.0514728	-0.0554601	0.249472	-0.0535853
0.169434	0.0403577	-0.0830261	-0.0645971	-0.0313483	0.000776995	-0.0629376	0.00764572	0.230509	-0.206813
0.01801	0.0770929	-0.0445545	-0.188946	0.0965671	0.134669	-0.127817	-0.0976302	0.316242	-0.183634
-0.00691635	0.209391	-0.0442011	0.0596182	0.0443153	0.00704532	-0.108864	-0.0960608	0.113391	-0.177718
-0.251973	0.0517898	0.19705	0.217555	0.192326	-0.129554	-0.0488643	-0.194317	0.143355	-0.177366
-0.283486	0.0163738	0.331876	0.019687	0.209692	-0.0074202	-0.0258712	-0.299138	0.134112	-0.095827
-0.251504	-0.0563306	0.274531	-0.0120325	0.19838	0.0607564	-0.0318103	-0.367437	0.153984	0.0314638
-0.129294	-0.101968	0.299173	-0.0576708	0.159325	-0.0145445	-0.056745	-0.343573	0.047596	0.197701
-0.0478356	-0.0834221	0.245511	-0.0892864	-0.0385721	0.0251148	-0.0410476	-0.21342	0.00257808	0.24038
-0.0219341	-0.0616667	0.144408	-0.055525	-0.0723717	0.0811191	-0.029717	-0.172966	0.0273132	0.161341
-0.0262913	-0.0138664	0.108563	-0.0267782	-0.0471819	0.0576331	-0.019335	-0.0511994	-0.0386496	0.0571061
-0.00506028	0.000319667	0.0434426	-0.0145224	-0.00201817	0.0205362	-0.00503031	-0.0183732	-0.0137019	-0.0055922
-1.14397e-05	0.00823659	-0.0078889	0.00216147	0.00178226	0.00656499	-9.65495e-05	-0.000275692	-0.00710332	-0.0033694
0.0	0.0	0.0	0.0	0.0	0.0	0.0	0.0	0.0	0.0
0.0	0.0	0.0	0.0	0.0	0.0	0.0	0.0	0.0	0.0
0.0	0.0	0.0	0.0	0.0	0.0	0.0	0.0	0.0	0.0
-0.00125069	-8.8719e-06	-0.00168646	0.0176952	-9.278e-06	-0.000356237	-3.83844e-06	-0.0119323	-9.56472e-05	-0.00235189
-0.00210328	-0.0180116	-0.0443256	0.0855554	-0.000261799	0.0164889	-0.00015369	0.00195132	-0.0306664	-0.00847323
-0.013233	-0.0310896	-0.0830374	0.168042	-0.0138538	-0.00608936	-0.00220249	0.101985	-0.132343	0.0118216
-0.0514757	0.0429846	-0.163624	0.203736	-0.0199671	-0.00849522	-0.013398	0.277291	-0.281973	0.0149216
-0.0688204	0.0454157	-0.249331	0.375295	-0.0419938	-0.0280382	-0.0263195	0.322446	-0.34701	0.0183576
-0.110028	-0.0608528	-0.25976	0.411676	-0.0552341	0.0341	-0.0560816	0.254728	-0.265483	0.106935
-0.0879993	-0.157747	-0.183158	0.244411	-0.0572402	0.0880245	-0.11099	0.165043	0.0274798	0.0721769
-0.0751872	-0.179375	-0.139652	0.227052	0.0061039	0.288563	-0.169323	0.0792035	0.0493076	-0.0866919
-0.0525478	-0.243421	-0.20437	0.339109	0.012051	0.18387	-0.222196	0.105776	0.0702546	0.0114751
-0.0194425	-0.275415	-0.143703	0.313069	0.0694399	0.139408	-0.295352	0.0477243	0.277538	-0.113267
0.139373	-0.26563	-0.00207173	0.216845	-0.133691	0.184536	-0.273946	0.0466766	0.232139	-0.144232
0.139375	-0.309531	0.00304516	0.284076	-0.157528	0.277784	-0.298587	0.14072	0.150613	-0.229967
0.0662316	-0.307891	0.137455	0.25427	-0.103679	0.252441	-0.265045	0.057278	0.160489	-0.251548
-0.0564894	-0.255312	0.0303231	0.1396	-0.0741224	0.21628	-0.229437	0.0368965	0.266725	-0.074463
-0.122458	-0.315435	0.0094093	0.201299	0.0101001	0.100171	-0.157639	-0.00579926	0.366891	-0.0865384
-0.17277	-0.0965952	0.0892901	0.122641	-0.096083	0.13879	-0.108096	0.00500604	0.0534439	0.0643739
-0.235416	-0.0129298	0.125961	-0.130525	-0.0064408	0.133359	-0.0880457	-0.112721	0.243312	0.0834474
-0.225274	0.00964845	-0.0166798	-0.120138	0.0901788	0.0198904	-0.0785638	-0.13558	0.323397	0.133122
-0.19817	-0.0149215	-0.00778396	-0.0645409	0.06879	0.0060044	-0.0470797	-0.180956	0.0992691	0.33939
-0.135912	-0.0169744	0.080438	-0.0321646	0.0448984	-0.0184914	-0.0445705	-0.182819	-0.023671	0.329268
-0.0579949	-0.0356257	0.0355274	-0.0338684	0.00500428	0.0805828	-0.0258711	-0.151703	-0.0427784	0.226728
-0.0204511	-0.016499	0.0527337	-0.0182896	-0.0210491	0.0698258	-0.0104637	-0.153075	-0.0260204	0.143288
-0.00328173	-0.00573165	0.118262	-0.0175196	-0.0284967	0.0422833	-0.00261694	-0.0616356	-0.0309754	-0.0102875
-0.000246117	0.00322051	0.0665917	-0.00341342	0.00391437	-0.0101379	-0.000312227	-0.0255684	-0.0132225	-0.0208261
-3.63016e-07	0.000711348	0.00977917	-1.07308e-05	-6.8205e-05	-0.000186196	-2.74452e-05	-1.6369e-06	-0.00196965	-0.00822629
0.0	0.0	0.0	0.0	0.0	0.0	0.0	0.0	0.0	0.0
0.0	0.0	0.0	0.0	0.0	0.0	0.0	0.0	0.0	0.0
0.0	0.0	0.0	0.0	0.0	0.0	0.0	0.0	0.0	0.0
-1.70463e-05	-2.20939e-07	-3.93825e-05	0.00170736	-3.57738e-05	-6.24411e-06	-2.84092e-07	-0.00266243	-0.000141816	0.00119584
-0.000118812	-0.0015575	-0.0121623	-0.0104395	-6.83939e-05	0.0172735	-4.61054e-05	0.0149989	-0.00323513	-0.00464461
-0.00256219	-0.0254521	-0.0377125	0.0082523	-0.000727415	0.0201136	-0.000794462	0.0880874	-0.0693607	0.020156
-0.0113498	-0.0505675	-0.0607975	0.0665579	-0.0312186	-0.0168327	-0.00172798	0.0902664	-0.135304	0.150974
-0.0489346	-0.0701359	-0.0717501	0.169717	-0.0895467	-0.0224766	-0.00520146	0.0731325	-0.127183	0.192379
-0.0879136	-0.106491	-0.134367	0.29815	-0.153513	-0.00824596	-0.00972043	0.115913	-0.145071	0.23126
-0.140922	-0.116204	-0.241562	0.465074	-0.250941	0.00363857	-0.0308992	0.287384	-0.216138	0.240573
-0.211644	-0.173834	-0.267239	0.517613	-0.212049	0.103626	-0.0441963	0.320824	-0.192089	0.158988
-0.289769	-0.311349	-0.237407	0.538571	-0.160171	0.120685	-0.0439541	0.208207	-0.0297937	0.204982
-0.302347	-0.273799	-0.235035	0.498263	-0.268857	0.195521	-0.0454736	0.330536	-0.0073354	0.108526
-0.367189	-0.20608	-0.174717	0.535881	-0.374979	0.214317	-0.0485988	0.309265	-0.0786269	0.190726
-0.33542	-0.249068	-0.122254	0.438344	-0.257874	0.242159	-0.0780311	0.278622	-0.0546385	0.138162
-0.310026	-0.271312	-0.0455702	0.277993	-0.253653	0.125778	-0.0724499	0.250756	0.0869396	0.211546
-0.283136	-0.281558	-0.00742841	0.145061	-0.278877	0.231831	-0.0719664	0.252407	0.198883	0.0947826
-0.210164	-0.241455	-0.0289281	0.147862	-0.342927	0.198786	-0.0617922	0.167659	0.191322	0.179638
-0.215661	-0.137839	-0.0635073	0.0766432	-0.375331	0.170887	-0.0441337	0.157761	0.182385	0.248796
-0.175012	-0.0591275	-0.138405	0.0162634	-0.309119	0.0876871	-0.0366053	0.186334	0.118253	0.309732
-0.106455	-0.0415278	-0.160563	0.0443868	-0.294802	0.070174	-0.0239665	0.0307566	0.0656775	0.41632
-0.106534	-0.0174971	-0.104001	-0.0192265	-0.167078	0.0408955	-0.0133014	-0.0792949	0.0148371	0.451203
-0.0815237	-0.00509112	-0.0844822	-0.0542458	-0.103184	0.0882002	-0.00819673	-0.0639384	-0.0239388	0.336401
-0.0327336	-0.00342862	-0.0702708	-0.0206683	-0.0474139	0.120409	-0.00521769	-0.0242649	-0.0268073	0.110396
-0.00776105	-0.000815631	-0.035535	-0.00385135	-0.0345816	0.088894	-0.0021316	-0.0383691	-0.00843438	0.0425857
-0.0018137	-1.06633e-05	-0.00582182	-0.00019528	-0.0214567	0.0493599	-0.000514445	-0.00327985	-0.00388168	-0.0123857
-4.11922e-07	-4.14798e-06	0.0086833	-0.000192241	-0.000657613	-7.44171e-06	-1.72086e-05	-0.000639173	-0.00176728	-0.00539778
-3.1773e-07	-4.95098e-06	0.0103852	-2.81628e-06	-7.22295e-05	-5.015e-06	-1.91084e-05	-1.3543e-06	-0.00155107	-0.00872837
0.0	0.0	0.0	0.0	0.0	0.0	0.0	0.0	0.0	0.0
0.0	0.0	0.0	0.0	0.0	0.0	0.0	0.0	0.0	0.0
0.0	0.0	0.0	0.0	0.0	0.0	0.0	0.0	0.0	0.0
0.0	0.0	0.0	0.0	0.0	0.0	0.0	0.0	0.0	0.0
0.0	0.0	0.0	0.0	0.0	0.0	0.0	0.0	0.0	0.0
-0.000179134	-0.000685509	-0.000639962	0.000576701	0.000867233	-0.00225955	-3.76279e-05	-0.0222908	-0.00914205	0.0337907
-0.00275901	-0.00261475	-0.00230307	0.0109869	-0.00130316	-0.00594994	-0.000264458	-0.0542401	-0.0248731	0.0833208
-0.0119966	-0.00472199	-0.0071279	0.018743	-0.0342998	-0.0164349	-0.00109757	-0.0495294	-0.038759	0.145224
-0.0264582	-0.00687391	-0.0158341	0.0291542	-0.0811106	-0.0516462	-0.00194485	0.0138295	-0.0212666	0.162151
-0.0404279	-0.0117423	-0.0208158	0.0168025	-0.14647	-0.0692329	-0.00424722	0.0841178	-0.0173982	0.209415
-0.07105	-0.0203963	-0.0205969	0.00998895	-0.228401	-0.0522985	-0.00610989	0.130501	-0.0508609	0.309224
-0.0660388	-0.0503905	-0.020063	0.0128453	-0.240508	-0.0212775	-0.0068184	0.134502	-0.0917198	0.349469
-0.0530213	-0.0446714	-0.039572	0.0111341	-0.293984	0.0461962	-0.00806507	0.13085	-0.0682421	0.319375
-0.0390382	-0.0539891	-0.0244393	-0.00871189	-0.335322	0.0439646	-0.00956792	0.0687882	-0.0816063	0.439922
-0.0679336	-0.0917603	-0.0378192	-0.00741161	-0.357195	-0.00453503	-0.0118394	0.243819	-0.0952315	0.429908
-0.0922911	-0.0815224	-0.0306449	-0.0275338	-0.426404	-0.0298965	-0.0101886	0.297389	-0.110451	0.511543
-0.0714216	-0.0558353	-0.0377213	-0.0181796	-0.373158	0.0332103	-0.0090257	0.339797	-0.119394	0.311727
-0.0498835	-0.0354118	-0.0485375	0.0314841	-0.333977	-0.00404673	-0.00825436	0.238776	-0.0845976	0.294449
-0.0591464	-0.0185197	-0.0579888	0.0231567	-0.298483	-0.0320899	-0.00783885	0.233659	-0.0476801	0.264931
-0.0385476	-0.0193087	-0.0396521	0.00856782	-0.289643	-0.0544871	-0.00693925	0.211683	-0.0336995	0.262027
-0.00893291	-0.0101831	-0.0170827	-0.00360613	-0.226872	-0.0155406	-0.00439814	0.105837	-0.0388333	0.219612
-0.0257792	-0.00414847	-0.0149605	-0.0149284	-0.110461	0.0175639	-0.00294797	-0.004261	-0.0210677	0.180991
-0.0317569	-0.00229802	-0.0161798	-0.00918425	-0.0513485	0.0232639	-0.0019386	0.00129023	-0.00933526	0.0974872
-0.016483	-0.000397977	-0.00556845	3.95319e-05	-0.0239466	0.0116498	-0.000378786	0.0288541	-0.00219373	0.00842509
-0.00104593	-8.73266e-06	-4.70909e-05	-0.000149904	-0.000213697	0.000171266	-6.54514e-05	-0.00282975	-0.000208816	0.0043981
-2.89854e-06	-1.59345e-09	-4.34768e-07	-1.43929e-06	-0.000550444	-1.19198e-05	-1.12467e-06	-5.7229e-05	-8.05326e-06	0.000633545
-1.63042e-07	-1.61864e-08	-9.70767e-07	-1.81292e-07	-6.0525e-08	-8.0736e-08	-8.61527e-10	9.43117e-06	-5.77374e-07	-7.38012e-06
0.0	0.0	0.0	0.0	0.0	0.0	0.0	0.0	0.0	0.0
0.0	0.0	0.0	0.0	0.0	0.0	0.0	0.0	0.0	0.0
0.0	0.0	0.0	0.0	0.0	0.0	0.0	0.0	0.0	0.0
0.0	0.0	0.0	0.0	0.0	0.0	0.0	0.0	0.0	0.0
0.0	0.0	0.0	0.0	0.0	0.0	0.0	0.0	0.0	0.0
0.0	0.0	0.0	0.0	0.0	0.0	0.0	0.0	0.0	0.0
-2.89253e-06	-3.73424e-06	-2.08959e-06	-5.30684e-07	-1.21893e-06	-8.57163e-07	-7.39207e-08	9.75161e-05	-3.67454e-05	-4.93741e-05
-5.27111e-05	-9.71644e-06	-6.95383e-06	-2.13401e-06	-5.3999e-06	-1.50536e-05	-8.24241e-07	0.000395634	-0.000102054	-0.000200789
-7.2218e-05	-8.6252e-06	-2.39027e-05	-1.88867e-05	-0.00360155	-3.31365e-05	-2.39024e-06	-6.33676e-05	-0.000120313	0.00394439
-0.000151585	-2.21917e-05	-7.09978e-05	-5.88299e-05	-0.02069	-0.000373583	-3.79545e-05	-0.00128226	-0.000173147	0.0228606
-0.000453744	-4.68161e-05	-0.000102769	-0.000129027	-0.0222071	-0.000891749	-7.03243e-05	0.00703335	-0.000301518	0.0171697
-0.000956747	-3.68358e-05	-0.000166313	-0.000685236	-0.0116792	-0.000671268	-2.84046e-05	0.00684051	-0.000603907	0.00798738
-0.000883402	-0.00282674	-0.00191186	-0.00330088	-0.0244455	0.00238814	-5.91282e-05	0.0303562	-0.00761071	0.00829393
-0.0014374	-0.000799316	-0.000875351	-0.00207904	-0.0177988	0.0065555	-6.36652e-05	0.0115821	-0.00246659	0.00738257
-0.0034092	-0.00206304	-0.000638329	-0.00278602	-0.0275918	0.00386868	-0.000390311	0.0239172	-0.00607942	0.0151723
-0.00580801	-0.00207107	-0.000756861	-0.00395717	-0.0220509	-0.00269039	-0.000401213	0.0831723	-0.00517507	-0.0402617
-0.00861146	-0.00128216	-0.0006999	-0.0056677	-0.0594069	-0.00904547	-0.000784098	0.0838177	-0.005126	0.00680628
-0.00806739	-0.000447931	-0.000893849	-0.00475814	-0.0313263	-0.00694462	-0.000762786	0.0820054	-0.0048511	-0.0239533
-0.00482622	-0.000293565	-0.000760382	-0.00545679	-0.0223525	-0.00459864	-0.000543754	0.0744121	-0.00263775	-0.0329426
-0.0040271	-0.00209044	-0.000853002	-0.00427662	-0.0202094	-0.00536921	-0.000507442	0.086587	-0.00255895	-0.0466947
-0.00414017	-0.00601739	-0.000594965	-0.00291093	-0.0260196	-0.00474663	-0.00033342	0.101091	-0.00291685	-0.053411
-0.00207876	-0.000153936	-0.000400899	-0.00202347	-0.0197252	-0.00415193	-0.000198041	0.0669041	-0.00185088	-0.036321
-0.00371096	-7.78856e-05	-0.00214146	-0.000988482	-0.0042767	-0.00668515	-0.000186424	0.0225713	-0.00195768	-0.0025466
-0.00640818	-2.67971e-05	-0.00142749	-0.000338453	-0.00195095	-0.00269413	-7.58359e-05	0.00705174	-0.000993625	0.00686373
-0.0181268	-5.06049e-05	-0.00546829	-0.000230107	-0.00364318	-0.00247968	-0.000186965	0.0223248	-0.000909975	0.00877082
-0.00414004	-3.09687e-06	-4.7864e-05	-2.50169e-05	-0.000775425	-0.00054426	-1.58824e-05	0.00767273	-0.000181111	-0.00194004
0.0	0.0	0.0	0.0	0.0	0.0	0.0	0.0	0.0	0.0
0.0	0.0	0.0	0.0	0.0	0.0	0.0	0.0	0.0	0.0
0.0	0.0	0.0	0.0	0.0	0.0	0.0	0.0	0.0	0.0
0.0	0.0	0.0	0.0	0.0	0.0	0.0	0.0	0.0	0.0
