0.0	0.0	0.0	0.0	0.0	0.0	0.0	0.0	0.0	0.0
0.0	0.0	0.0	0.0	0.0	0.0	0.0	0.0	0.0	0.0
0.0	0.0	0.0	0.0	0.0	0.0	0.0	0.0	0.0	0.0
0.0	0.0	0.0	0.0	0.0	0.0	0.0	0.0	0.0	0.0
0.0	0.0	0.0	0.0	0.0	0.0	0.0	0.0	0.0	0.0
0.0	0.0	0.0	0.0	0.0	0.0	0.0	0.0	0.0	0.0
0.0	0.0	0.0	0.0	0.0	0.0	0.0	0.0	0.0	0.0
0.0	0.0	0.0	0.0	0.0	0.0	0.0	0.0	0.0	0.0
0.0	0.0	0.0	0.0	0.0	0.0	0.0	0.0	0.0	0.0
0.0	0.0	0.0	0.0	0.0	0.0	0.0	0.0	0.0	0.0
0.0	0.0	0.0	0.0	0.0	0.0	0.0	0.0	0.0	0.0
0.0	0.0	0.0	0.0	0.0	0.0	0.0	0.0	0.0	0.0
-3.42654e-06	-6.16478e-06	-0.000477903	-4.28986e-05	-0.00284386	-6.58649e-05	0.00409186	-6.57952e-06	-0.000118455	-0.000526709
-1.87707e-05	-1.46651e-05	-0.000705926	-0.000106068	-0.0063592	-0.000144749	0.00883822	-1.89619e-05	-0.000268551	-0.00120133
-1.25388e-05	-1.29797e-06	0.000378929	-1.35041e-05	-0.000147035	-5.8692e-07	-0.000135258	-5.06884e-06	-1.02104e-05	-5.34297e-05
-5.22452e-07	-5.40822e-08	1.57887e-05	-5.62669e-07	-6.12645e-06	-2.4455e-08	-5.63574e-06	-2.11202e-07	-4.25432e-07	-2.22624e-06
0.0	0.0	0.0	0.0	0.0	0.0	0.0	0.0	0.0	0.0
0.0	0.0	0.0	0.0	0.0	0.0	0.0	0.0	0.0	0.0
0.0	0.0	0.0	0.0	0.0	0.0	0.0	0.0	0.0	0.0
0.0	0.0	0.0	0.0	0.0	0.0	0.0	0.0	0.0	0.0
0.0	0.0	0.0	0.0	0.0	0.0	0.0	0.0	0.0	0.0
0.0	0.0	0.0	0.0	0.0	0.0	0.0	0.0	0.0	0.0
0.0	0.0	0.0	0.0	0.0	0.0	0.0	0.0	0.0	0.0
0.0	0.0	0.0	0.0	0.0	0.0	0.0	0.0	0.0	0.0
0.0	0.0	0.0	0.0	0.0	0.0	0.0	0.0	0.0	0.0
0.0	0.0	0.0	0.0	0.0	0.0	0.0	0.0	0.0	0.0
0.0	0.0	0.0	0.0	0.0	0.0	0.0	0.0	0.0	0.0
0.0	0.0	0.0	0.0	0.0	0.0	0.0	0.0	0.0	0.0
0.0	0.0	0.0	0.0	0.0	0.0	0.0	0.0	0.0	0.0
0.0	0.0	0.0	0.0	0.0	0.0	0.0	0.0	0.0	0.0
0.0	0.0	0.0	0.0	0.0	0.0	0.0	0.0	0.0	0.0
0.0	0.0	0.0	0.0	0.0	0.0	0.0	0.0	0.0	0.0
-4.79345e-09	-2.79776e-08	-6.86574e-06	-8.4029e-09	-3.76349e-05	-8.26633e-08	4.63119e-05	-5.78957e-08	-5.56454e-07	-1.07302e-06
-1.08014e-07	-8.26162e-08	-2.22873e-05	-3.85635e-08	-0.00025903	-2.50418e-07	0.000287952	-6.23032e-07	-1.65844e-06	-3.87372e-06
-1.95283e-05	-1.07617e-07	-0.000301442	-6.13895e-06	-0.0190797	-1.33691e-05	0.0196214	-5.01089e-05	-5.00131e-06	-0.000146084
-3.98665e-05	-4.55063e-05	-0.000703388	-1.44041e-05	-0.0427855	-2.51717e-05	0.0442743	-0.000274147	-4.03625e-05	-0.000345951
-5.69638e-05	-0.00217338	-0.00181426	-0.000117238	-0.0397888	-7.3504e-05	0.0465957	-0.00138857	-0.000555238	-0.000627759
-0.000127033	-0.00181785	-0.00305764	-0.000144644	-0.0184091	-0.000104595	0.0255384	-0.000831477	-0.000604958	-0.000441132
-0.00141106	-0.00118988	-0.00432868	-0.000155946	-0.0337614	-0.000427395	0.0440185	-0.000610443	-0.000693532	-0.00144011
0.0109614	-0.000691305	-0.0137604	-0.000275407	-0.0527864	-0.000570912	0.0685534	-0.00400793	-0.00118674	-0.00623571
0.0242363	-0.000595277	-0.0155357	-0.000670127	-0.0930038	-0.00351028	0.110731	-0.0094795	-0.00110462	-0.0110679
0.0102278	-0.000403628	-0.0121683	-0.000439952	-0.0478113	-0.00339437	0.0630608	-0.00265243	-0.00138397	-0.00503477
-0.000686692	0.011456	-0.00298247	-0.0030386	-0.0141437	-0.00155914	0.0153118	-0.000268853	-0.00235052	-0.00173775
0.00895207	0.0173887	0.0118209	-0.00395934	-0.0532696	-0.0018588	0.0295844	-0.000680076	-0.00199314	-0.00598509
0.0258203	-0.00404938	0.0380801	-0.00134889	-0.0561491	-0.00201878	0.016773	-0.00139237	-0.00242549	-0.0132893
0.011657	-0.00239683	0.00633859	-0.000525842	-0.0235841	-0.00146239	0.0208384	-0.000637345	-0.00207501	-0.00815248
-0.00115753	-0.000179372	-0.0112009	-0.000133211	-0.0102178	-0.00174049	0.0274964	-0.000123013	-0.00120361	-0.00154051
-0.000578521	-7.19325e-05	-0.00855712	-8.1049e-05	-0.0149503	-0.00156803	0.0280169	-0.000155071	-0.000966113	-0.00108876
-0.000258359	-9.4275e-05	-0.00411701	-7.62955e-05	-0.0119166	-0.000787666	0.0186967	-7.66919e-05	-0.000569852	-0.00079991
-0.000111653	-0.000226981	-0.00289177	-5.71503e-05	-0.0124961	-0.000161165	0.0169334	-8.49893e-06	-0.000649721	-0.000330353
-1.44297e-05	-1.96617e-05	-0.000310459	-4.78824e-06	-0.0157269	-1.15936e-05	0.016365	-1.59648e-05	-9.57569e-05	-0.000165409
-2.26928e-06	-1.45657e-06	-0.000115267	-6.77473e-07	-0.00479582	-1.11582e-05	0.00507955	-2.19574e-05	-4.18226e-05	-8.91262e-05
0.0	0.0	0.0	0.0	0.0	0.0	0.0	0.0	0.0	0.0
0.0	0.0	0.0	0.0	0.0	0.0	0.0	0.0	0.0	0.0
0.0	0.0	0.0	0.0	0.0	0.0	0.0	0.0	0.0	0.0
0.0	0.0	0.0	0.0	0.0	0.0	0.0	0.0	0.0	0.0
0.0	0.0	0.0	0.0	0.0	0.0	0.0	0.0	0.0	0.0
0.0	0.0	0.0	0.0	0.0	0.0	0.0	0.0	0.0	0.0
-3.29988e-08	-5.68614e-10	-3.96674e-07	-1.83949e-09	-4.74792e-06	-6.94099e-07	7.04932e-06	-8.27285e-12	-8.22516e-07	-3.52622e-07
0.00152652	-4.44826e-10	-1.60585e-05	-5.94196e-07	-0.0013229	-5.55916e-05	0.00012414	-0.000103449	-7.14806e-06	-0.000144913
0.000570214	-1.46069e-06	-0.000509192	-9.26903e-07	-0.000664865	-1.03535e-05	0.000737191	-3.70659e-05	-2.4418e-05	-5.91244e-05
-0.000231489	-4.62084e-06	2.10593e-05	-0.000170294	-0.000645166	-3.62068e-06	0.00106137	-2.63344e-06	-1.65236e-05	-8.07916e-06
-0.00887272	-2.82795e-05	-0.000728291	-0.000954085	-0.0197073	-4.19774e-05	0.0310022	-0.000363471	-0.000137861	-0.000168267
-0.0110125	-0.00125821	-0.00320194	-0.00190675	-0.0661435	-0.000731807	0.0868179	-0.00115291	-0.000688197	-0.000722083
-0.0103826	-0.0158323	0.00892559	-0.0059003	-0.0823381	-0.00242898	0.114228	-0.0028142	-0.00206427	-0.00139308
-0.0155773	-0.0300252	0.0465724	-0.0108448	-0.076357	-0.00864225	0.109373	-0.00432167	-0.00743753	-0.00273989
-0.0151228	-0.0252225	0.0295619	-0.0051282	-0.151505	-0.0239657	0.224198	-0.00946549	-0.0142065	-0.00914408
-0.0268346	-0.0285977	0.0582752	0.0128893	-0.174472	-0.0467761	0.265513	-0.0195	-0.0242796	-0.0162179
-0.0285562	0.00909868	0.0335011	0.0172264	-0.231073	-0.0546921	0.328972	-0.0180118	-0.0313061	-0.0251592
-0.0391301	0.0770956	0.0120087	-0.00243514	-0.178954	-0.0619698	0.268726	-0.00984376	-0.0405845	-0.0249123
-0.0666659	0.0746203	0.0460947	-0.00454197	-0.122007	-0.0649561	0.213988	-0.0136966	-0.0397515	-0.0230832
-0.0745354	0.14836	0.0835865	-0.0308662	-0.156633	-0.046403	0.162639	-0.0167787	-0.0436292	-0.0257381
-0.0597572	0.0911839	0.0854913	-0.0262279	-0.169007	-0.0111407	0.176158	-0.00896995	-0.0465294	-0.0312001
-0.0524236	0.0190033	0.0220261	-0.0223281	-0.0875937	0.0206829	0.161827	-0.00616358	-0.032774	-0.0222559
-0.0380442	-0.00668822	-0.00877279	-0.0304695	-0.063716	0.0268822	0.146301	-0.00375468	-0.00664955	-0.0150884
-0.0297037	0.00737032	-0.052916	-0.0167299	-0.0370589	0.00737218	0.158614	-0.00208904	-0.0244479	-0.0104103
-0.0198841	-0.00817071	-0.0275354	-0.00645201	-0.0247447	-0.0271526	0.129588	-0.000997031	-0.0103793	-0.00427258
-0.0105815	-0.00695316	-0.0282921	-0.00614691	-0.0201794	-0.0288274	0.116531	-0.000653493	-0.00956834	-0.00532805
-0.00537423	-0.00298985	-0.0274899	-0.0043696	-0.0216498	-0.0154235	0.0872421	-0.000476957	-0.00684625	-0.00262205
-0.00263218	-0.00156933	-0.00681002	-0.00137609	-0.0144416	-0.0137208	0.0434744	-6.38937e-05	-0.00256052	-0.000299916
-0.00050879	-0.000491405	0.0194935	-0.000147527	-0.00191209	-0.00609784	-0.00907238	-2.70107e-05	-0.00120288	-3.35856e-05
-7.63513e-06	-2.21797e-05	0.014248	-8.91421e-07	-0.000303161	-0.000659116	-0.0128398	-2.67249e-08	-0.000413722	-1.39568e-06
0.0	0.0	0.0	0.0	0.0	0.0	0.0	0.0	0.0	0.0
0.0	0.0	0.0	0.0	0.0	0.0	0.0	0.0	0.0	0.0
0.0	0.0	0.0	0.0	0.0	0.0	0.0	0.0	0.0	0.0
0.0	0.0	0.0	0.0	0.0	0.0	0.0	0.0	0.0	0.0
-7.39618e-08	0.000282388	-5.00952e-05	-1.29895e-05	-1.04787e-05	-3.17075e-06	-0.000151103	-8.61655e-09	-5.35986e-05	-8.69674e-07
0.00352066	6.71125e-05	-0.000123788	-1.82302e-05	-0.00430338	1.93444e-05	0.00185685	-0.000304911	-0.000232959	-0.00048069
-0.00509485	-5.31957e-05	-0.00176247	-0.00170705	-0.00198472	0.00619866	0.00539277	-0.000624065	-0.000161992	-0.000203091
-0.0326301	-0.00177347	0.00120723	0.0489568	-0.00379821	-0.0221344	0.0148215	-0.0014892	-0.00242402	-0.000736039
-0.0425498	-0.00186808	0.00336837	0.0388486	-0.0349276	-0.0153907	0.0608659	-0.00226937	-0.00499427	-0.0010829
-0.047217	-0.0140684	0.0330893	0.0633221	-0.0691117	-0.0274352	0.0878628	-0.0089744	-0.0146379	-0.0028293
-0.0113882	-0.0422049	0.0928826	0.0752599	-0.138624	-0.0349252	0.113903	-0.0259376	-0.0212381	-0.00772744
-0.0358274	-0.0606331	0.248546	0.0322023	-0.200204	-0.0565972	0.149985	-0.0329327	-0.0274109	-0.0171278
-0.031958	-0.106345	0.251608	0.0903716	-0.23568	-0.0515397	0.219273	-0.0601481	-0.0420327	-0.0335479
-0.0136138	-0.170906	0.310642	0.223647	-0.282774	-0.10138	0.255451	-0.0877913	-0.0812848	-0.05199
-0.0291017	-0.0984773	0.329969	0.282662	-0.398222	-0.0798929	0.219907	-0.0682572	-0.0930831	-0.0655033
0.0360382	-0.0500289	0.384738	0.212386	-0.453548	-0.0985219	0.225465	-0.0686263	-0.0972011	-0.0907013
0.0209662	-0.057227	0.274865	0.349613	-0.360562	-0.0798635	0.194778	-0.0739199	-0.154634	-0.114015
-0.00578567	0.0223218	0.203951	0.32044	-0.354988	-0.0092377	0.168032	-0.0707285	-0.139728	-0.134277
-0.00742515	0.0460568	0.229267	0.252314	-0.294545	-0.0394297	0.102174	-0.056893	-0.114912	-0.116607
-0.0636104	-0.0576582	0.119527	0.216846	-0.199011	0.0604599	0.105775	-0.0430476	-0.0590617	-0.0802187
-0.149329	-0.121443	-0.0804722	0.203297	-0.135623	0.183733	0.169944	-0.0359477	0.00137595	-0.0355346
-0.161814	-0.0972025	-0.122382	0.16767	-0.0266539	0.176615	0.190465	-0.021274	-0.0725302	-0.0328931
-0.109944	-0.106623	-0.157491	0.149297	0.0147773	0.181951	0.122838	-0.0167168	-0.0514189	-0.0266694
-0.099191	-0.0847232	-0.130674	-0.0306921	0.0137944	0.143541	0.206934	-0.00843748	0.00395545	-0.0145071
-0.0703351	-0.0584086	-0.118005	-0.0667846	0.00955181	0.0669748	0.21971	-0.00288178	0.0248378	-0.00465922
-0.036253	-0.0378059	-0.087205	-0.0380332	0.00857961	-0.0279369	0.192538	-0.00110954	0.029252	-0.00202644
-0.0153681	-0.0295977	-0.0143398	-0.0119706	-0.0069657	-0.0243406	0.101984	-0.000439339	0.00153626	-0.000498761
-0.00432402	-0.00801189	0.010396	-0.000312774	-0.00033825	0.0246436	-0.0221185	-4.88763e-06	0.000103939	-3.32042e-05
-0.00117004	-0.0106891	-0.000342443	-2.06219e-05	-0.000123298	0.00475483	0.00929677	-1.65996e-07	-0.00170323	-2.69348e-06
0.0	0.0	0.0	0.0	0.0	0.0	0.0	0.0	0.0	0.0
0.0	0.0	0.0	0.0	0.0	0.0	0.0	0.0	0.0	0.0
-2.20738e-08	-1.84528e-08	-1.18864e-05	1.84138e-05	-1.38649e-07	-5.5639e-06	-2.45192e-08	-1.33895e-08	-7.35378e-07	-1.08469e-08
-2.49607e-05	0.00096454	-0.000456659	0.000596213	-2.91857e-06	-0.000487886	-0.000585679	-5.36878e-08	-1.17791e-06	-1.41821e-06
-0.000288516	4.11877e-05	-0.00325467	0.0101069	-0.00061744	-0.00426924	-0.00133935	0.000284436	-0.00053042	-0.000132854
-0.00672606	0.00282508	-0.0221051	0.0351541	0.0092964	-0.0237709	0.0106617	-0.00153207	-0.00330144	-0.000501634
-0.0506634	0.0207191	0.0105484	0.146704	0.0107857	-0.102326	0.00348089	-0.0148899	-0.019536	-0.00482196
-0.0522861	0.0113262	0.0791094	0.192112	-0.0274251	-0.131827	-0.00815631	-0.0176613	-0.037464	-0.00772766
-0.0196661	-0.0296756	0.0679184	0.251117	-0.048516	-0.132056	0.0127226	-0.0399804	-0.0426907	-0.0191726
0.000114721	-0.0456766	0.135827	0.3336	-0.146539	-0.246412	0.0820568	-0.0670687	-0.00434232	-0.0415585
0.0425358	-0.0657674	0.275806	0.318248	-0.229795	-0.223897	0.0428795	-0.119746	0.0478286	-0.0880912
0.0309736	-0.0940982	0.278002	0.385966	-0.339615	-0.112283	0.0689537	-0.175573	0.0770132	-0.11934
0.0507064	-0.181379	0.333313	0.437293	-0.346067	-0.00119605	-0.0284295	-0.205674	0.116136	-0.174703
-0.0368985	-0.0687604	0.332188	0.386212	-0.316769	-0.0434216	-0.0604277	-0.208511	0.259491	-0.243101
-0.00766557	0.140398	0.222192	0.424221	-0.232293	-0.178909	-0.0586237	-0.223509	0.168841	-0.254654
-0.0628234	0.173623	0.264096	0.327709	-0.310398	-0.0377113	-0.0672249	-0.259631	0.299333	-0.326975
0.0195511	0.0758453	0.150135	0.322643	-0.344277	0.185462	-0.0925983	-0.250452	0.299934	-0.366243
-0.0621013	0.0548027	0.1309	0.337878	-0.201342	0.10266	0.0224828	-0.23699	0.221974	-0.370265
0.013071	-0.0207234	0.0750631	0.197426	-0.122754	0.149615	0.0848251	-0.201967	0.0849547	-0.259509
-0.0673308	-0.0862958	-0.00109921	0.261548	-0.091808	0.253042	0.0498224	-0.161977	0.0329061	-0.188807
-0.114386	0.0937487	-0.116607	0.116653	0.077899	0.101528	0.0886241	-0.112076	0.0432149	-0.178599
-0.0999675	0.0977392	-0.123767	0.0107202	0.142095	-0.0962331	0.16148	-0.0824538	0.110344	-0.119957
-0.0953525	0.0730595	-0.233165	-0.0964481	0.132913	0.142067	0.233185	-0.0379344	-0.00992446	-0.108401
-0.078744	0.0221094	-0.27345	-0.0925897	0.160667	0.112989	0.28823	-0.0339876	-0.0419539	-0.0632689
-0.106719	-0.0166907	-0.219832	-0.156253	0.162319	0.214161	0.222942	-0.0166103	-0.0585903	-0.024726
-0.107573	-0.104862	-0.10303	-0.030083	0.0942574	0.210154	0.030741	-0.00503241	0.0228015	-0.00737221
-0.0319266	-0.0552956	-0.00819183	-0.00341251	0.00431519	0.070057	-0.00678858	-0.00113028	0.0344608	-0.00208739
-0.00297722	-0.00658442	-0.00273109	-8.88143e-05	-0.00871834	0.00886774	-0.00108833	-0.000278587	0.0143737	-0.000774663
-5.95255e-05	-0.0035807	-0.00230099	-2.14752e-05	-0.00175928	-0.00189124	0.00828175	-1.47264e-05	0.00141546	-6.92783e-05
0.0	0.0	0.0	0.0	0.0	0.0	0.0	0.0	0.0	0.0
0.0	0.0	0.0	0.0	0.0	0.0	0.0	0.0	0.0	0.0
-0.000141149	9.40084e-05	0.000164335	0.00167333	-4.87724e-05	-0.00157319	3.1427e-05	-6.84866e-06	-0.000190825	-2.30803e-06
-0.00234708	0.00346322	-4.85583e-05	0.0517783	0.000945149	-0.0262449	-0.0165731	-0.000489554	-0.00845595	-0.00202754
-0.0196457	0.0073665	0.00763399	0.122554	0.00807267	-0.0970308	0.013177	-0.00788146	-0.0256275	-0.00861856
-0.0730586	0.0527058	0.0195618	0.273124	0.0319299	-0.161407	-0.086588	0.0455059	-0.0729838	-0.028789
-0.0352256	0.00931641	0.0621538	0.324268	0.0162589	-0.21324	-0.0671558	0.0508516	-0.082564	-0.0646626
-0.0311575	-0.09857	0.129876	0.287403	-0.00774645	-0.123917	-0.0620431	0.040338	-0.0357714	-0.0984104
-0.00309703	-0.215388	0.192226	0.208857	-0.0388056	-0.116589	0.0601719	0.0567981	-0.0114519	-0.132721
0.0140882	-0.240376	0.161661	0.196216	-0.0472103	0.0454563	0.00928997	-0.00315702	0.0549047	-0.190874
0.112925	-0.158358	0.204889	0.182024	-0.172424	0.105732	0.0262742	-0.126538	-0.0680277	-0.106497
0.0821919	-0.170213	0.252955	0.159647	-0.150974	0.0792252	-0.282219	-0.193683	0.156249	0.0668208
0.0170845	-0.0935252	0.196206	0.126584	-0.120796	0.00831023	-0.22785	-0.180857	0.216742	0.0581018
0.15332	0.0400456	0.161279	0.128989	-0.213999	-0.0509855	-0.263408	-0.234214	0.161245	0.117729
0.181393	0.0919949	0.125213	0.0801378	-0.0687069	-0.086719	-0.0830888	-0.330348	0.183412	-0.0932875
0.182389	0.142715	0.191335	0.177172	-0.0761783	-0.100801	-0.167972	-0.367347	0.122111	-0.103425
0.150715	-0.0803115	0.301286	0.260711	0.00344078	0.0199503	-0.151589	-0.334359	0.18184	-0.351682
0.278735	-0.137187	0.234413	-0.00268097	-0.0552667	0.0978877	-0.046724	-0.361355	0.309057	-0.31688
0.262182	-0.00321936	0.151808	0.0115989	0.0413391	0.128931	0.0763339	-0.363851	-0.0372552	-0.267867
0.054721	0.0505527	0.0116691	0.0672517	0.111174	0.0545643	0.134887	-0.380222	0.131603	-0.236202
-0.0605739	0.14003	0.0148468	-0.0348093	0.0556417	0.198929	0.0947944	-0.338099	0.149425	-0.220185
0.0124477	0.253507	-0.0165147	-0.139429	0.0769099	0.116343	0.10957	-0.214233	0.0237803	-0.222381
-0.0108131	0.213996	-0.138439	-0.14117	0.206132	0.238207	0.100144	-0.14751	-0.0847259	-0.23582
-0.155206	0.111803	-0.230188	-0.220266	0.327259	0.321778	0.195612	-0.0785389	-0.123418	-0.148836
-0.176659	0.00914956	-0.164463	-0.0741217	0.112416	0.31425	0.0791235	-0.0267676	-0.00857571	-0.0643523
-0.0723795	-0.0785003	-0.0378438	-0.0168375	-0.0134937	0.179759	-0.0162351	-0.00824096	0.0848166	-0.0210441
-0.0198701	-0.0141947	-0.0100635	-0.00149459	-0.0145074	0.0413078	0.0184496	-0.00317296	0.00646163	-0.00291579
-0.00593174	-0.00467797	-0.00338419	-7.48031e-05	-0.000202686	0.0039079	0.0123429	-9.11322e-05	-0.00185808	-3.01504e-05
0.0	0.0	0.0	0.0	0.0	0.0	0.0	0.0	0.0	0.0
-2.1532e-06	-9.6197e-07	-1.43502e-05	0.000210176	-5.57673e-07	-2.29259e-05	-1.47304e-07	-4.69426e-06	-1.91472e-05	-0.000145238
-0.000824795	-0.00716495	-0.0036904	0.00361892	-0.00215705	0.00181056	-0.00076988	0.0140508	-0.00246455	-0.00240869
-0.00231154	0.00222055	0.00898612	0.0845881	-0.0171425	-0.0749082	-0.0209129	0.0604197	-0.0250403	-0.0158988
-0.0292437	0.00477909	0.0635045	0.154964	0.0163877	-0.149399	0.0075415	0.0425659	-0.0542994	-0.0568002
-0.0292974	-0.025542	0.0853515	0.240146	0.105286	-0.157049	-0.0737143	0.0942788	-0.0823202	-0.157138
-0.0124652	-0.0767464	0.157303	0.263206	0.0967813	-0.123814	-0.145442	0.159287	-0.117429	-0.200679
-0.0165973	-0.178122	0.146464	0.134973	0.073415	0.00453843	-0.0318755	0.175334	-0.0534062	-0.254723
-0.0410044	-0.280987	0.103927	0.177388	-0.0149163	0.0245403	-0.0177473	0.214242	0.0477458	-0.213188
-0.1393	-0.339212	0.219296	0.258941	0.00390945	-0.0203157	-0.0969747	0.144667	0.0533971	-0.0844069
0.010495	-0.177201	0.184059	0.254593	-0.118605	-0.0275952	-0.209639	0.187175	-0.0692623	-0.0340194
0.0046372	-0.0618247	0.0313456	0.126707	-0.199865	-0.0542004	-0.217426	0.233238	0.0189978	0.11839
-0.0491915	-0.132666	0.0508268	0.065306	-0.142796	-0.0190889	-0.174357	0.118591	0.178536	0.10484
0.165198	-0.169988	0.053575	0.272517	-0.265451	-0.0330151	-0.294115	-0.0825546	0.0556713	0.298164
0.152167	-0.147596	0.0313796	0.162549	-0.337193	0.10136	-0.235294	-0.0809497	0.0539711	0.299607
0.0539983	-0.239045	0.0545678	0.164061	-0.348847	-0.0486689	-0.138683	0.0142525	0.284795	0.20357
0.107779	-0.242692	0.128873	0.232194	-0.34226	-0.115884	-0.205334	0.0176387	0.127015	0.292668
0.204086	-0.266108	0.0329453	0.0781398	-0.237584	-0.0376151	-0.182956	0.0426274	0.129742	0.236722
0.284086	-0.0999943	0.014968	0.192001	-0.294402	0.0421824	-0.223903	-0.0525396	-0.0981252	0.235728
0.140558	-0.111546	-0.0541831	-0.0946238	-0.0863304	0.179252	-0.123221	-0.107128	0.23639	0.0208334
0.102676	0.0619744	-0.0929722	0.0300571	-0.131777	0.130074	-0.0760025	-0.128144	0.112217	-0.00810328
0.221809	0.103948	-0.0702135	0.00231721	-0.0124179	0.0054073	-0.0718726	-0.0719341	0.00984192	-0.116885
0.222339	0.10247	-0.159993	-0.144413	0.262006	0.16687	-0.0384917	-0.129507	-0.0246047	-0.256674
-0.0323448	0.0652211	-0.314058	-0.209102	0.412595	0.334932	0.00798034	-0.144796	0.135646	-0.256076
-0.256756	-0.017508	-0.180395	-0.0941624	0.136709	0.568363	0.00154032	-0.0709724	0.0675115	-0.154331
-0.17055	-0.0702196	-0.0500989	-0.0361425	-0.00719158	0.330627	-0.0271968	-0.0313918	0.115616	-0.0534511
-0.072571	-0.00798286	-0.00727371	-0.00412862	0.0212741	0.117771	-0.0254391	-0.0103232	0.00462356	-0.01595
-0.0174398	-0.000311431	-0.000440777	-0.000338868	-0.000905675	0.0253545	-0.00135287	-0.00061426	-0.00326521	-0.00068563
0.0	0.0	0.0	0.0	0.0	0.0	0.0	0.0	0.0	0.0
-0.000181932	-0.000455903	-0.000737357	0.00654772	-0.000390284	-0.000976003	-8.18771e-05	0.00283538	-0.00189288	-0.00466686
-0.000632255	-0.00934098	0.0091758	-0.00653341	-0.00331846	-0.0112522	-0.00321964	0.0399244	-0.00482557	-0.00997764
-0.00487204	-0.00673463	0.02631	0.063552	-0.00911551	-0.0897234	-0.0271491	0.125987	-0.0247121	-0.053542
-0.0488512	-0.0032257	0.15419	0.270077	0.0480925	-0.301529	-0.00183113	0.0735004	-0.037129	-0.153293
-0.0163819	-0.077661	0.13471	0.352286	0.15541	-0.246461	-0.0688044	0.0899747	-0.0374613	-0.28561
0.00668176	-0.158629	0.251382	0.179171	0.0885241	-0.091344	-0.176745	0.204888	-0.0330054	-0.270923
-0.0403254	-0.211803	0.0631467	0.0631848	0.0803125	0.0766545	-0.0151628	0.216227	0.0577953	-0.290029
-0.129369	-0.373968	0.132744	0.0533252	-0.0246297	0.155673	-0.0337526	0.174203	0.133105	-0.0873306
0.00658526	-0.310204	0.0490793	0.0734622	-0.0386555	0.0277394	-0.106013	0.258691	0.000662073	0.0386545
0.022643	-0.172409	-0.0526107	0.0105688	-0.158374	0.14051	-0.162944	0.316919	0.0563184	-0.000620403
0.0652062	-0.160119	0.039778	0.00729674	-0.182349	0.129156	-0.0949841	0.262151	-0.152499	0.0863645
0.0291179	-0.0786127	-0.0263818	0.103703	-0.379463	0.0479247	-0.166851	0.218562	-0.0732291	0.325229
0.11479	-0.185725	0.162564	0.0510592	-0.333555	-0.0899371	-0.261354	0.114863	-0.0219798	0.449277
0.087572	-0.143412	0.0431373	0.208585	-0.398356	0.128714	-0.172735	-0.0377265	-0.210759	0.49498
0.0164321	-0.341205	-0.0701978	0.223896	-0.365049	-0.0977979	-0.164937	0.0847276	0.18121	0.532922
0.0504622	-0.234397	-0.0253745	0.0563759	-0.424016	0.0966117	-0.319233	0.208377	0.070308	0.520886
0.213281	-0.193352	-0.214751	0.132447	-0.23463	0.0869095	-0.257775	0.277618	-0.111264	0.30152
0.233752	-0.223937	-0.0992715	-0.00141526	-0.263201	0.0603614	-0.287078	0.295322	0.0978223	0.187645
0.156413	-0.0652959	-0.0466271	0.0572257	-0.119238	0.0997344	-0.298952	0.177437	-0.045861	0.085164
0.0377223	0.0176714	-0.105438	0.0335074	-0.139859	0.0987744	-0.258983	0.188334	0.023192	0.105078
0.0710889	-0.0377275	-0.00675009	-0.103863	-0.062814	0.126572	-0.214242	0.079379	0.119477	0.0288789
0.133833	-0.0328183	0.0412988	-0.173867	0.186885	0.169336	-0.254127	0.0447385	0.0525936	-0.167873
0.133042	-0.0864238	-0.33927	-0.257862	0.325196	0.383544	-0.186139	-0.0264822	0.307242	-0.252847
-0.134486	-0.206361	-0.257827	-0.1781	0.110972	0.649106	-0.0204049	-0.0655473	0.308613	-0.205963
-0.201591	-0.114872	-0.0662647	-0.0475514	-0.0100038	0.577727	-0.0664843	-0.0521572	0.0683193	-0.0871204
-0.0828291	-0.00560176	-0.0100461	-0.00337094	0.029128	0.12848	-0.0256599	-0.0106668	0.00874648	-0.02818
-0.00642929	-0.00236869	-0.000660164	-0.000206076	-0.00112174	0.015718	-0.00531753	-0.000443689	0.00158722	-0.000758001
0.00617405	-2.2448e-07	-0.000135538	-4.93318e-07	-0.000201992	-3.94256e-06	-6.30503e-06	-0.00384164	-1.19634e-05	-0.00197194
-0.000263531	-0.000421254	0.000849766	-0.00423766	-0.00707724	-0.00105525	-0.000255611	0.0337697	-0.00219777	-0.0191112
-0.000489418	-0.00540111	0.00504844	-0.00686758	-0.000564803	-0.0142	-0.00341417	0.0758962	-0.00743701	-0.0425705
-0.00216348	-0.00239746	0.0250432	0.0790882	-0.0134885	-0.100761	-0.0266065	0.197704	-0.0151637	-0.141254
-0.0761699	-0.0164352	0.173499	0.311732	0.0129733	-0.388976	-0.0100657	0.213345	0.00509629	-0.224998
-0.0536438	-0.059633	0.110932	0.245115	0.115658	-0.283689	-0.109185	0.209305	0.0719005	-0.24676
-0.0399975	-0.160546	0.104121	0.122043	0.0245887	-0.124709	-0.183583	0.202927	0.168141	-0.112985
-0.0542781	-0.197233	0.0736904	0.0594881	0.00860275	-0.0931728	-0.105545	0.341098	0.191272	-0.223921
-0.03795	-0.355089	0.0680783	0.0133321	-0.122915	0.0980893	-0.0855412	0.22498	0.0603215	0.136694
0.117125	-0.379097	0.00417958	0.00145279	0.0325736	0.0389877	-0.102273	0.18139	0.167253	-0.0615924
0.0416798	-0.250564	0.198025	0.0439904	-0.158888	0.10744	-0.168602	0.144301	0.0874564	-0.0448377
0.0260892	-0.198617	0.0768037	0.0124643	-0.116699	0.162467	-0.14684	0.301636	-0.0253728	-0.0919314
0.139561	-0.0707269	-0.0552031	0.0632043	-0.256804	0.0176007	-0.195299	0.345679	0.215819	-0.20383
0.0534328	-0.0267893	-0.044977	0.0601253	-0.26948	-0.0612133	-0.250276	0.135615	0.243653	0.15991
0.176154	-0.0160909	0.0394937	0.183327	-0.412767	-0.0772706	-0.355969	0.224606	-0.120855	0.359374
0.239445	0.0261853	0.019481	0.195149	-0.363554	-0.168988	-0.407623	0.291546	-0.0883815	0.256742
0.425914	-0.157479	-0.0680258	0.0998525	-0.432907	-0.0458309	-0.419053	0.277637	0.106418	0.213476
0.281102	0.0620001	-0.0995266	0.147935	-0.241638	-0.0237175	-0.390141	0.254548	-0.0246295	0.0340692
0.156702	-0.133566	-0.190677	0.238023	-0.0561825	-0.0391389	-0.524336	0.358566	0.107506	0.0831012
0.112793	-0.108074	0.100887	0.109708	-0.0854043	0.0989135	-0.48456	0.171199	0.110533	-0.025996
0.146947	-0.172436	0.0195798	0.13212	-0.0874494	0.2092	-0.360744	0.176958	0.039064	-0.103239
0.0658317	-0.199978	-0.056535	0.092849	-0.0557894	0.143643	-0.286738	0.0250654	0.127435	0.144217
0.20503	-0.21845	-0.0431909	0.108527	-0.0200161	0.0984037	-0.375506	0.130254	0.165536	-0.0505873
0.318423	-0.32043	-0.10913	-0.374957	0.108036	0.575467	-0.354961	0.0394295	0.31804	-0.199918
0.0113784	-0.308481	-0.288352	-0.276859	0.0330587	0.92472	-0.215488	-0.0991093	0.390273	-0.17114
-0.199013	-0.132192	-0.0999549	-0.0639156	0.00989695	0.68053	-0.129801	-0.0758779	0.109657	-0.0993304
-0.0688353	-0.0111248	-0.0134429	-0.00460529	-0.0296224	0.17502	-0.0677364	-0.0138528	0.0608467	-0.026647
-0.00447201	-0.00176471	-0.00130353	-6.21542e-05	-0.00109566	0.00922156	-0.0065215	-0.00295509	0.0101015	-0.00114836
-2.99928e-06	-7.05478e-06	-6.25804e-06	-9.95176e-05	-0.000387454	-4.65214e-05	-2.76618e-06	0.00156666	-1.93396e-05	-0.000994752
-0.000440305	-6.19147e-05	-0.000654451	-0.00395578	-0.00788081	-0.00105866	-0.000135817	0.041587	-0.00153976	-0.0258595
0.00184926	-0.00353481	-0.00438676	0.0179077	-0.00632445	-0.00727819	-0.00460092	0.085406	-0.0168319	-0.0622058
0.00535857	-0.00448503	0.0424093	0.11	-0.0804236	-0.108428	-0.0347016	0.252056	-0.0280051	-0.15378
-0.0583437	-0.039918	0.134117	0.352461	-0.111974	-0.32429	-0.0108797	0.308191	0.0289986	-0.278362
-0.0469823	-0.129402	0.242128	0.167747	-0.0350529	-0.258282	-0.156926	0.224699	0.104033	-0.111961
-0.0583014	-0.172483	0.0704633	0.0873386	-0.0930265	-0.0852875	-0.174339	0.143458	0.188682	0.0934953
-0.0684704	-0.164656	-0.0101771	0.0911549	-0.0824665	0.00812207	-0.0340229	0.122249	0.152042	-0.0137752
-0.055232	-0.250773	-0.0573025	0.0470334	-0.0579383	0.152795	-0.0483749	0.0839135	0.139896	0.0459819
0.0484431	-0.327818	0.064919	-0.0188203	0.00618683	0.0652297	-0.128974	0.109712	0.20477	-0.0236485
0.113871	-0.200801	0.186784	-0.14707	-0.178591	0.18777	-0.206513	-0.0201129	0.110521	0.154143
-0.0333876	-0.0857209	0.0653681	-0.303838	-0.104231	0.339786	-0.148567	0.135317	0.097421	0.0378522
0.0390925	-0.0722483	0.0390514	-0.255228	-0.0978574	0.206512	-0.229874	0.326381	0.0397682	0.00440452
0.193747	0.050014	0.0823833	-0.114523	-0.150539	-0.0279221	-0.363773	0.237111	0.0496463	0.0438568
0.047278	0.227966	0.171796	0.234916	-0.586087	-0.205306	-0.245558	0.421297	-0.243806	0.177504
-0.0308993	0.448362	0.207615	0.363105	-0.403594	-0.362588	-0.397857	0.369973	-0.448803	0.25469
0.20548	0.16358	0.189845	0.239206	-0.133022	-0.35894	-0.507216	0.331363	-0.152651	0.0223561
0.323222	0.028269	-0.0165497	0.142262	-0.102523	-0.197327	-0.599795	0.413029	0.022317	-0.0129037
0.269514	-0.1249	0.0242681	0.0835609	0.036958	-0.073811	-0.56417	0.262666	0.00554854	0.0803664
0.269698	-0.225793	-0.00431829	0.185621	-0.0307071	-0.0585219	-0.515645	0.293818	0.0647355	0.0211144
0.1828	-0.295969	-0.0187878	0.272281	-0.0155998	0.027564	-0.350538	0.111087	0.0833616	0.0038021
-0.0270824	-0.30039	-0.105898	0.201082	-0.00601841	0.237864	-0.241623	0.237164	0.136907	-0.132005
0.0770051	-0.351865	-0.000591729	0.192331	-0.0299614	0.271401	-0.400568	0.155976	0.168752	-0.0824793
0.402365	-0.354237	-0.135477	-0.18878	-0.0640185	0.632996	-0.306336	-0.0580231	0.28429	-0.212781
0.157268	-0.233553	-0.281363	-0.241694	-0.210283	1.15604	-0.2615	-0.0880205	0.195537	-0.19243
-0.190419	-0.10309	-0.0806521	-0.0438576	-0.149292	0.882587	-0.216244	-0.0413183	0.0465504	-0.104265
-0.0663627	-0.0128393	-0.00766507	-0.00743247	-0.0490721	0.201676	-0.0869982	7.53654e-05	0.0643716	-0.0357529
-0.00106617	-0.00186838	-0.000954839	-0.000354478	-0.0047961	0.0138133	-0.00493188	0.0222848	-0.0196582	-0.00246795
-4.66914e-06	-8.25689e-06	-1.26096e-05	-0.000162542	-0.000453108	-5.99379e-05	-3.26973e-06	0.00218877	-2.71352e-05	-0.00145724
-0.000486484	-2.93773e-05	-0.000209728	-0.00267382	-0.00740944	-0.000949902	-4.73676e-05	0.039341	-0.00084985	-0.026685
0.0141622	-0.00188171	-0.00303757	0.00962256	-0.025575	-0.00771755	-0.0136661	0.121461	-0.013786	-0.0795814
-0.00535603	-0.0255553	0.0536594	0.163875	-0.0914583	-0.0915386	-0.0382266	0.232605	-0.0569693	-0.141034
-0.0445359	-0.048871	-0.00921162	0.190357	-0.111596	-0.162063	-0.0524559	0.317541	0.115394	-0.194558
-0.0084702	-0.135275	0.185527	-0.0059512	-0.134115	-0.129248	-0.129832	0.22614	0.0904677	0.0407566
-0.0484809	-0.222912	0.198954	-0.0678931	-0.144944	0.00974634	-0.112311	0.0611944	0.14221	0.184435
-0.0711029	-0.197763	-0.050203	-0.129266	-0.0732687	0.159679	0.0293588	0.0586639	0.223197	0.0507038
-0.0478692	-0.193189	-0.0497895	-0.28815	0.00286857	0.272747	0.0403767	-0.0899276	0.192437	0.160496
0.0405554	-0.242709	-0.149255	-0.43288	0.1569	0.307731	-0.105902	0.0370296	0.267833	0.120696
-0.0670419	-0.0657704	-0.0591458	-0.429087	0.0437105	0.207341	-0.0526242	-0.0158555	0.268607	0.169866
0.023732	0.0340053	-0.0412412	-0.481914	0.0389949	0.244789	-0.124795	-0.0940303	0.234214	0.166248
-0.00235483	0.0216072	-0.100869	-0.465851	0.212127	0.314398	-0.242541	-0.120784	0.234001	0.150269
0.0747105	0.255301	-0.189537	0.0108093	-0.237444	0.168004	-0.11321	0.17385	0.0555099	-0.197994
-0.0167289	0.543083	-0.000751603	0.210307	-0.778877	0.0196001	-0.263222	0.368966	-0.0535976	-0.0287753
-0.147328	0.715501	-0.0875977	0.170921	-0.165392	-0.137422	-0.463627	0.499854	-0.30353	-0.0813785
-0.0141219	0.271754	0.0252076	0.218069	-0.0773658	-0.24376	-0.437732	0.591679	-0.334024	0.00029566
0.260557	0.0566	0.105673	0.19357	0.0453629	-0.375129	-0.447043	0.332943	-0.158502	-0.0140286
0.253798	-0.196341	0.0621146	0.202064	-0.010095	-0.366235	-0.443298	0.32507	0.11771	0.0552134
0.116664	-0.213372	-0.0138387	0.244851	0.0777355	-0.309833	-0.428968	0.357245	0.178282	-0.00876945
0.169053	-0.336927	-0.0513313	0.327439	-0.12932	-0.163309	-0.273655	0.358023	0.110111	-0.0100857
0.085109	-0.309496	-0.0859379	0.156266	-0.0659038	0.00436986	-0.220417	0.367608	0.124003	-0.055601
0.200874	-0.30953	-0.0630267	0.0850279	-0.117053	0.103861	-0.261423	0.197047	0.187266	-0.0230445
0.427007	-0.27211	-0.138832	-0.101161	-0.361237	0.587747	-0.126465	-0.152208	0.234603	-0.0973439
0.217709	-0.195981	-0.215139	-0.166713	-0.293914	1.1797	-0.200365	-0.115375	0.0100128	-0.21993
-0.190163	-0.0710173	-0.0477437	-0.0236529	-0.185263	0.996962	-0.275754	-0.0330751	-0.0755083	-0.094786
-0.0809184	-0.0174582	0.00761016	-0.00462438	-0.0581709	0.259721	-0.0856693	-0.00109368	0.0147965	-0.0341927
-0.000566424	0.000428958	-0.000494627	-0.000122615	-0.00124456	0.0067864	-0.0118636	0.00510579	0.00662142	-0.00465069
-2.87794e-05	-3.37687e-06	-1.3845e-05	-0.000103567	-7.87603e-05	-6.87649e-05	-4.2401e-06	0.00103574	-3.37077e-05	-0.000700692
0.00363307	0.000297445	-0.000429179	-0.00193653	-0.0163106	-0.00545286	-0.000153466	0.056857	-0.0011513	-0.0353536
-0.00423427	-0.000164111	-0.00460674	0.00903069	-0.0782315	-0.0121057	-0.00111162	0.222062	-0.00907968	-0.121558
-0.0127008	-0.0175444	-0.0243382	0.142067	-0.0859182	-0.0996998	-0.0408758	0.290971	-0.0163343	-0.135625
-0.120067	-0.0266018	-0.0972316	0.110628	-0.160009	-0.0721949	-0.0411443	0.362992	0.0627211	-0.0190917
-0.0862177	-0.0749657	-0.0953865	-0.150048	-0.105551	-0.0167526	-0.0149669	0.145672	0.18186	0.216358
0.00656092	-0.190882	-0.191559	-0.289401	0.0139093	0.229453	-0.0271169	0.0121947	0.181617	0.255224
-0.000353185	-0.203677	-0.326038	-0.453127	0.0334309	0.152654	0.138522	0.117979	0.389917	0.150692
-0.0203836	-0.199695	-0.384287	-0.452916	0.159133	0.141955	0.0680477	-0.0526395	0.302757	0.43803
-0.11358	-0.23089	-0.425771	-0.4461	0.30408	0.134857	0.123862	0.136891	0.3705	0.146147
-0.0504097	-0.138284	-0.643187	-0.311031	0.362539	0.097119	0.0469394	0.181481	0.231671	0.223162
-0.071355	-0.127786	-0.597597	-0.179294	0.216353	0.106957	-0.0519891	0.173472	0.203003	0.328235
-0.142292	-0.0374008	-0.676299	-0.0687779	0.414667	0.226114	0.0831329	-0.0511138	0.189481	0.0624886
-0.0494888	0.314301	-0.740296	0.201956	-0.53753	0.410364	0.128825	0.0630202	0.273848	-0.0649993
-0.347514	0.706625	-0.491135	0.164239	-0.704172	0.0577795	-0.223681	0.346213	0.485743	0.00590479
-0.574433	0.718869	-0.399182	0.210503	0.15814	-0.18104	-0.505597	0.460599	-0.0259817	0.138123
-0.490452	0.216104	-0.176887	0.0585961	0.353418	-0.192978	-0.264606	0.452895	-0.193999	0.237912
-0.084587	-0.0565427	-0.266448	0.252214	0.153927	-0.185109	-0.321238	0.323891	-0.148206	0.332099
-0.0755685	-0.0571953	-0.0953094	0.153299	-0.0307159	-0.177107	-0.26033	0.402696	-0.122528	0.262758
0.0612735	-0.184233	0.152781	0.161283	-0.0268342	-0.388153	-0.209884	0.207994	0.0219646	0.203808
0.15939	-0.210143	-0.0490798	0.279147	-0.177965	-0.576485	-0.137225	0.272448	0.012085	0.427828
0.224159	-0.197527	-0.00972247	-0.069072	-0.140153	-0.462691	-0.0201856	0.291155	0.0943274	0.28971
0.238124	-0.16206	-0.076334	-0.0831675	-0.199196	-0.440903	0.0149446	0.165751	0.295202	0.247639
0.34596	-0.13053	-0.137664	-0.156757	-0.329273	-0.0293617	0.206162	-0.146456	0.395356	-0.0174341
0.280815	-0.103246	-0.1023	-0.123264	-0.279916	0.368771	-0.0245782	-0.116781	0.26773	-0.167228
-0.114182	-0.0537838	0.0342495	-0.00499863	-0.129667	0.551257	-0.23411	-0.0427576	0.0768104	-0.0828185
-0.0513712	-0.0151262	0.0128288	-0.0022709	-0.0186932	0.147727	-0.119475	-0.00928872	0.080498	-0.0248286
-0.000372712	0.00253257	-0.000331642	-4.16237e-05	-0.000816407	0.00395198	-0.00718556	0.000604164	0.00396527	-0.00230603
-1.33e-06	-3.24453e-08	-5.16753e-06	-2.92464e-05	-1.63548e-06	-9.03771e-06	-1.71729e-08	0.00115956	-1.56347e-05	-0.00109746
-4.23877e-05	-0.000118069	-2.72042e-05	-0.00220396	-0.0254225	-0.0069276	-0.000205946	0.0588553	-0.000729047	-0.0231786
-0.00477037	-0.00116262	-0.00152602	-0.00626232	-0.0845015	-0.0107498	-0.00113674	0.22454	-0.00560644	-0.108824
-0.0257967	-0.00134068	-0.0780354	0.0226954	-0.130455	-0.0398198	-0.0340631	0.355834	0.0255643	-0.0945828
-0.104794	0.00451747	-0.171051	-0.0356892	-0.219536	0.00207623	-0.0623787	0.361759	0.0255877	0.19951
-0.0183588	-0.0440318	-0.426956	-0.216167	-0.06883	0.0534705	-0.000678091	0.190721	0.199134	0.331697
0.1656	-0.0837194	-0.726367	-0.347787	0.142826	0.255596	0.134663	0.0225056	0.123932	0.31275
0.0622538	-0.114419	-0.816432	-0.377207	0.261318	0.133663	0.198981	0.261721	0.199738	0.190384
-0.0114764	-0.149429	-0.524334	-0.363385	0.363906	0.0192603	0.141404	0.286853	0.0517886	0.185411
-0.0329689	-0.150927	-0.507246	-0.158086	0.233829	-0.0611796	0.191846	0.0123954	0.16097	0.311368
0.00260287	-0.301179	-0.580049	0.0729514	0.426331	0.230584	0.0170541	-0.0453266	-0.0853309	0.262362
0.00229312	-0.395579	-0.53113	-0.0865509	0.560386	0.203128	0.214492	-0.0629256	-0.0562993	0.152185
0.0967929	0.0190824	-0.541396	0.00899968	0.721984	0.215126	0.203066	-0.55138	0.101638	-0.273914
-0.0449488	0.264702	-0.431617	0.117598	-0.0848578	0.258031	0.142088	-0.688333	0.454227	0.0131088
-0.557609	0.852712	-0.427397	0.429655	-0.411833	-0.0544958	-0.243175	-0.103384	0.258373	0.257154
-0.770398	0.51054	-0.44116	0.173143	0.230901	-0.0732543	-0.289587	0.338151	0.0487598	0.272908
-0.62963	0.1304	-0.263724	0.0796102	0.372156	-0.353942	-0.0681871	0.455612	-0.00881947	0.286527
-0.159338	0.106501	-0.309809	0.0416831	0.0858251	-0.38705	-0.116106	0.372467	0.0385963	0.327232
-0.0458994	-0.0195937	-0.199293	0.127722	0.0105724	-0.292494	-0.169106	0.284921	-0.062351	0.365522
0.0266081	-0.170453	0.150923	-0.027881	0.093336	-0.312188	-0.231428	-0.0453853	0.123794	0.392675
0.0375325	-0.137934	-0.029189	-0.0872763	0.0820789	-0.446045	-0.095538	0.0634719	0.213024	0.399875
0.136135	-0.0859489	-0.00597162	-0.416136	0.16179	-0.719781	0.104714	0.0801083	0.352833	0.392256
0.292406	-0.0728287	-0.110613	-0.321929	0.0456178	-0.884711	0.314032	0.0258595	0.385016	0.32715
0.412302	-0.0460563	-0.259648	-0.185089	-0.161064	-0.773392	0.520207	-0.122155	0.480481	0.134416
0.397147	-0.039538	0.0463988	-0.0766684	-0.0991091	-0.567553	0.226098	-0.0953973	0.381883	-0.173259
-0.0124312	-0.0232332	0.159891	0.00404299	-0.0386052	0.0128023	-0.135094	0.00865148	0.106658	-0.0826819
-0.0261776	-0.0143382	0.0966629	-0.00039556	-0.0142492	0.0692133	-0.124517	0.015102	0.0252798	-0.0265804
-0.000153486	0.00201826	0.00940418	-4.92918e-05	-0.0048941	-0.00183862	-0.00585251	0.00754802	-0.00521911	-0.000963343
-6.43494e-09	3.65291e-05	-4.24794e-06	-1.19002e-05	-1.57127e-07	-1.38424e-06	-1.22619e-06	-5.95229e-06	-3.91934e-06	-7.73525e-06
0.000422874	-2.0575e-05	-2.20682e-05	-0.00128857	-0.018363	-0.00140655	-0.000219491	0.0330873	-0.000186118	-0.0120038
-0.00218243	-0.000398709	-0.000617051	-0.00425614	-0.0516739	-0.00328137	-0.000514726	0.139521	-0.00159035	-0.075006
-0.0148503	0.00489963	-0.0947636	0.00279545	-0.10265	-0.000974199	-0.0289683	0.265215	0.0158709	-0.0465745
-0.0313977	0.0114554	-0.309279	-0.12223	-0.0982182	0.050507	-0.0821893	0.205136	-0.0246564	0.400873
0.0292105	-0.0350446	-0.607906	-0.21784	0.155494	0.137054	0.0619985	0.0693322	0.0301685	0.377532
0.250287	-0.0692953	-0.830939	-0.320103	0.375968	0.0602431	0.295703	0.0690287	-0.0232703	0.192376
0.268899	-0.103853	-0.684486	-0.337204	0.325136	0.151981	0.0938259	0.111151	-0.0538872	0.228438
0.112709	-0.0505675	-0.355314	-0.211426	0.332316	-0.00161192	0.0997966	0.00391083	-0.114082	0.18427
0.0883926	-0.162137	-0.23224	-0.095361	0.28489	0.0383956	0.126773	-0.115038	0.0108753	0.0554494
0.114453	-0.531117	-0.0911105	-0.165985	0.392284	0.212585	0.162876	-0.0666436	-0.145682	0.118341
0.0792636	-0.576457	0.054103	-0.231758	0.602321	0.293718	0.0837487	-0.384254	0.0912092	-0.0118963
0.0834001	-0.0682317	-0.0546221	0.0578158	0.419371	0.372388	0.137414	-0.925551	0.228018	-0.250001
-0.367262	0.302099	0.0993149	0.311809	-0.178176	0.237317	0.00999163	-0.92298	0.406945	0.100941
-0.661805	0.654863	0.0154445	0.216145	-0.087071	-0.0287602	-0.17408	-0.205448	0.00134856	0.269364
-0.794239	0.405695	-0.24725	-0.137506	0.333512	-0.224179	0.0252252	0.0904206	0.28122	0.267102
-0.602357	0.162474	-0.279404	0.0598028	0.240427	-0.410896	0.0442779	0.235661	0.122192	0.427824
-0.238371	0.193957	-0.147941	0.0937742	0.198371	-0.226668	-0.172858	0.125096	-0.127495	0.302135
-0.0996463	-0.197681	-0.179206	0.205435	0.193307	-0.172473	-0.156122	0.0956672	0.0214333	0.289284
-0.113784	-0.244655	-0.120865	-0.0423562	0.141774	-0.0637269	0.0273286	-0.0190696	0.0398371	0.395519
-0.216956	-0.162957	-0.100041	-0.427327	0.285165	-0.0457461	-0.0442695	0.172192	0.198345	0.341597
0.0391121	-0.109666	-0.0251464	-0.40989	0.259023	-0.299505	0.1962	0.0568785	-0.0314801	0.324473
0.266631	-0.0962188	-0.11245	-0.397201	0.176709	-0.421428	0.408771	-0.0286185	0.082561	0.121243
0.398569	-0.0837959	-0.113623	-0.181691	-0.0376848	-0.592216	0.63657	-0.01772	0.162073	-0.170482
0.327198	-0.0676453	0.248312	-0.0636331	-0.136981	-0.486436	0.30149	0.0144295	0.112968	-0.249701
0.0408954	-0.0388043	0.34295	-0.00454178	-0.0104631	-0.104156	-0.158172	0.0239308	0.0273803	-0.11902
-0.00788321	-0.0177672	0.215725	-0.000878443	-0.0131622	-0.0066036	-0.126859	0.00161062	-0.0103044	-0.033877
-0.00120008	-0.000387992	0.0591961	-0.00195161	-0.0153369	-0.0158664	-0.0188317	-0.00301334	-0.00147676	-0.00113138
-3.40486e-05	-7.59328e-07	-1.12203e-05	-0.000942829	-4.46478e-05	0.00412629	-7.01208e-05	-3.31196e-05	-0.000136167	-0.00285338
-4.90567e-05	-6.87638e-06	-0.00688664	0.00713267	-0.00955383	-0.000684863	-1.25826e-05	0.0166888	-0.000495018	-0.0061326
-0.000628356	0.000550585	-0.00485137	0.00321229	-0.0226063	-0.00131772	-5.27275e-05	0.074327	-0.000848555	-0.0477849
-0.042047	0.0091713	-0.0800436	0.0111686	-0.0163707	0.00747776	-0.0152892	0.127506	-0.00956917	0.00799648
-0.032274	0.0140366	-0.216447	-0.0557532	0.207638	0.0257388	-0.162226	0.0570849	-0.083305	0.245507
0.207182	-0.0458897	-0.45485	-0.221879	0.387596	-0.0204412	0.0307097	0.047315	-0.0665495	0.136806
0.226959	-0.084689	-0.302903	-0.350086	0.354761	-0.022109	0.210141	-0.0598496	-0.1794	0.207176
0.373124	-0.116983	-0.072476	-0.336452	0.368557	-0.000197496	0.0766459	-0.0677012	-0.393605	0.169087
0.229418	-0.0612141	-0.0640205	-0.2013	0.31741	0.0713926	0.139411	-0.179136	-0.337513	0.0855511
0.231337	-0.235888	-0.0123137	-0.0923871	0.263504	0.151984	0.216203	-0.266815	-0.284733	0.0291097
0.0901601	-0.574053	0.100369	-0.168529	0.30929	0.289601	0.233894	-0.223995	-0.0657685	0.00903099
0.153555	-0.545435	0.13403	-0.201344	0.368129	0.0469353	0.385362	-0.528687	0.223852	-0.0363982
0.0804289	0.021425	0.0255378	0.138111	0.220564	0.0778884	0.191427	-0.84863	0.214884	-0.121634
-0.348352	0.34264	0.265079	0.0413493	-0.212606	0.0462644	-0.0418252	-0.599215	0.425774	0.0808902
-0.694604	0.577999	0.0943674	0.0932233	-0.0287722	-0.0677057	-0.0909613	-0.169886	0.234503	0.0518379
-0.711059	0.40078	-0.153521	0.000484763	0.182476	-0.133894	0.0518021	-0.028485	0.203607	0.18781
-0.66011	0.218333	-0.0845401	-0.0171113	0.366337	-0.266648	0.116261	0.0556029	-0.0543379	0.326212
-0.205941	-0.199575	-0.232353	0.0642884	0.495485	-0.255211	-0.238272	0.260236	0.0388852	0.272459
-0.092923	-0.451319	0.00772834	0.0428506	0.260363	-0.17087	-0.137783	0.421695	-0.0604629	0.180722
-0.137453	-0.357037	-0.0639476	-0.082129	0.329054	-0.247576	-0.0169914	0.526792	-0.0231766	0.0724629
-0.0138455	-0.223327	0.0156704	-0.246102	0.214792	-0.0690646	-0.0118483	0.295479	-0.173928	0.212176
0.17489	-0.147228	-0.108302	-0.0711731	0.0942803	-0.122233	0.136918	0.126176	-0.216926	0.133596
0.19847	-0.101379	-0.10776	-0.212223	0.0894349	-0.0536969	0.345363	0.235194	-0.285336	-0.108066
0.358055	-0.0715092	0.0619055	-0.128284	-0.0428885	-0.183528	0.426217	0.184102	-0.246386	-0.357682
0.331229	-0.0362909	0.276474	-0.0288737	-0.14542	-0.218125	0.202934	0.0319881	-0.134805	-0.279109
0.0227533	-0.0247272	0.392709	-0.0188651	-0.0689073	-0.135708	-0.0854945	-0.0146863	0.0100126	-0.0770862
-0.00447272	-0.00402733	0.210309	-0.00869248	-0.0407584	-0.0189437	-0.111914	-0.00314616	-0.00772714	-0.0106262
-0.000139993	-1.90793e-05	0.00643823	-0.00144835	-0.0016696	-0.000806971	-0.0020049	-3.69215e-05	-0.000287325	-2.50922e-05
-1.32975e-05	-3.38737e-07	-3.71962e-06	-0.000310601	-2.29666e-05	0.00131546	-2.35004e-05	5.4219e-05	-4.81388e-05	-0.00094712
-5.24655e-05	-7.28782e-06	-0.0152836	0.0170039	-2.63662e-05	-0.00055488	-6.61271e-06	-5.74175e-05	-0.000984747	-3.05198e-05
-0.00115371	0.00355664	-0.00763542	0.0185396	0.00748725	-0.00350999	-0.000217723	0.0193918	-0.0015491	-0.0349094
-0.0563124	0.00238376	0.0215881	0.0239388	0.0421048	-0.0175561	-0.0504612	0.055647	-0.0143327	-0.00699994
0.0506298	-0.00732406	0.0593376	0.041951	0.168403	-0.0439086	-0.252028	-0.00534368	-0.0900339	0.0783171
0.299433	-0.0792254	0.128239	-0.0677009	0.214339	-0.199217	-0.0232285	-0.117218	-0.208829	0.053407
0.112798	-0.145958	0.221609	-0.143077	0.219015	-0.124924	0.188392	-0.0854969	-0.282269	0.0399114
0.31808	-0.138031	0.0448791	-0.267052	0.330965	-0.144493	0.235598	-0.149349	-0.289888	0.0592916
0.279343	-0.119236	-0.0162854	-0.305248	0.332858	0.0352808	0.200808	-0.306004	-0.208488	0.106972
0.290571	-0.286333	0.0239227	-0.262775	0.353864	0.160222	0.173374	-0.333891	-0.0744025	-0.044552
0.28627	-0.439714	0.0310584	-0.187126	0.271601	0.144686	0.314055	-0.312411	-0.129087	0.0206682
0.0801685	-0.215656	-0.0704506	-0.0705549	0.333169	0.0936749	0.434346	-0.532306	-0.078466	0.026077
-0.140197	0.117139	-0.00275009	0.0542957	0.151342	0.141584	0.211898	-0.629065	0.173327	-0.0775726
-0.586065	0.433324	0.246695	0.0904755	-0.164223	-0.0497926	0.114598	-0.354963	0.408618	-0.138667
-0.774809	0.655886	0.125317	0.178107	0.0434475	-0.313877	0.189287	-0.275279	0.353661	-0.18174
-0.676099	0.162025	0.0157904	0.141187	0.244911	-0.266047	0.0821387	0.0476145	0.0912719	0.15721
-0.477473	0.14124	-0.00459361	-0.0568682	0.496508	-0.192354	-0.0509563	-0.0372282	-0.0743919	0.256118
-0.225912	-0.47232	-0.101607	-0.0316286	0.453468	-0.211796	-0.113767	0.50506	-0.152961	0.351466
-0.0580989	-0.476332	-0.145999	-0.0880234	0.185542	0.126437	-0.100982	0.538688	-0.0872195	0.105988
-0.0304431	-0.391737	-0.044473	0.10388	0.20317	-0.0731241	0.0207195	0.359399	-0.185878	0.038487
0.172459	-0.275835	-0.215841	0.220187	-0.0369864	-0.165166	0.13909	0.389367	-0.303689	0.0764156
0.140272	-0.165115	-0.149173	0.168681	-0.0297381	-0.0538814	0.165813	0.346651	-0.313962	-0.109548
0.228795	-0.125122	-0.224256	0.166922	0.0733517	-0.0700547	0.0988925	0.356706	-0.24187	-0.263363
0.336502	-0.0822392	-0.0154581	0.128982	-0.0973742	0.00807969	0.199869	0.132258	-0.274419	-0.336199
0.240896	-0.0470639	0.431503	0.0542087	-0.284969	-0.0307752	0.127017	-0.00884923	-0.227895	-0.254072
-0.0044866	-0.021257	0.483445	-0.0356304	-0.12765	-0.0928561	-0.0362327	-0.0629831	-0.0198999	-0.0824492
-0.00784605	-0.00718097	0.218337	-0.011838	0.0078531	-0.0310736	-0.109786	-0.00869138	-0.0182035	-0.0315704
-0.00127684	-0.000785079	0.029684	-0.00050213	-0.00287581	-0.0113415	-0.00805085	-0.000407847	-0.00210929	-0.00233467
-1.2279e-05	-5.149e-07	-2.61308e-07	-1.07805e-05	-4.76993e-05	-0.000203555	-3.08839e-06	0.000371791	-2.03034e-05	-7.33101e-05
-4.4563e-05	4.68744e-06	-0.00764344	0.0103219	-1.65061e-05	-0.000340386	-2.56724e-05	-0.00087835	-0.00053112	-0.000846543
-0.00323943	0.00292548	-0.00305008	0.0506499	-0.0070903	-0.0118525	-0.00127216	-0.00109739	-0.00367177	-0.0223018
-0.0497505	-0.00340647	0.163837	0.107369	-0.0525146	-0.00835991	-0.0840318	-0.0291407	-0.0153207	-0.0286806
0.0877277	-0.0183209	0.276588	0.197165	-0.0876118	-0.0503137	-0.278118	-0.0306881	-0.131893	0.035465
0.357349	-0.112732	0.262971	0.0646781	-0.0101721	-0.134171	-0.00338496	-0.144334	-0.260722	-0.0194812
0.241353	-0.240789	0.35528	-0.132752	0.0962629	-0.157686	0.231553	-0.0615486	-0.204491	-0.127183
0.20929	-0.256945	0.0934728	-0.239057	0.310271	-0.395361	0.34175	0.0195983	-0.0458843	-0.0371351
0.296734	-0.237691	-0.0763959	-0.386496	0.35806	-0.288615	0.259182	-0.16777	0.0756972	0.167293
0.275668	-0.16585	0.135045	-0.203921	0.231637	-0.279345	0.291159	-0.230066	0.0643961	-0.118726
0.269524	-0.135465	0.15195	-0.21968	-0.051547	-0.102023	0.417271	-0.443746	0.0626701	0.0510485
0.0931854	-0.127477	0.203272	-0.0828242	-0.0665579	-0.127452	0.589367	-0.610466	0.0264917	0.102462
-0.284361	-0.130081	0.311668	0.0133861	0.0447101	-0.0229222	0.0376123	-0.295836	0.400924	-0.0750979
-0.702436	0.427974	0.366881	0.220275	0.0277706	-0.121436	0.05209	-0.2	0.179625	-0.250741
-0.66315	0.666366	0.131547	0.000660746	0.310172	-0.281985	0.183769	-0.299867	0.0413836	-0.0888945
-0.452078	0.0243781	-0.0460349	-0.187491	0.513754	-0.16169	0.104022	0.0955228	0.0607274	0.048891
-0.290717	-0.108564	0.194704	-0.294813	0.424564	-0.216454	-0.0668216	0.079111	0.0611187	0.217873
-0.0503507	-0.63731	0.242871	-0.0399075	0.27555	-0.12903	-0.180272	0.32754	-0.0343376	0.225247
0.00605191	-0.485772	0.0496999	0.23347	0.193707	-0.0740444	0.0692839	0.203474	-0.270178	0.07431
0.0420458	-0.352676	-0.00630362	0.267129	0.0999661	0.0315528	0.179419	0.273094	-0.397956	-0.136269
0.191693	-0.23984	-0.0701831	0.136681	0.186905	0.0471493	0.0384571	0.218309	-0.391079	-0.118091
0.154205	-0.157168	0.23194	0.140743	0.102035	-0.0529321	0.0435795	0.222463	-0.37938	-0.305486
0.190623	-0.132241	0.17133	0.278061	-0.103994	0.0877369	-0.0268192	0.0514184	-0.285408	-0.230707
0.208425	-0.104319	0.204769	0.306999	-0.210458	0.0932916	0.0376282	-0.046611	-0.12159	-0.368133
0.0514935	-0.053182	0.486814	0.164618	-0.218169	-0.00274392	0.0653179	-0.0581367	-0.185766	-0.250245
-0.0562994	-0.0445467	0.673625	-0.0598792	-0.107322	-0.0905623	-0.0741959	-0.0662032	-0.0952668	-0.0793503
-0.0247301	-0.0211045	0.314831	-0.0131945	-0.0537241	-0.0474055	-0.0950196	-0.00623492	-0.0331064	-0.0203116
-0.00146668	-0.000343955	0.0452181	-0.000726562	-0.00198886	-0.0208337	-0.0174127	-0.000509605	-0.00163004	-0.000305956
0.0	0.0	0.0	0.0	0.0	0.0	0.0	0.0	0.0	0.0
-5.35777e-05	0.000290502	-0.00287018	0.00368927	-1.22341e-05	-0.000298744	-2.16472e-05	-7.25257e-05	-0.000508063	-0.000142806
-0.00685303	-0.00022457	0.0188256	0.0557824	-0.0081359	-0.0183189	-0.00259331	-0.00182586	-0.00388505	-0.0327714
-0.0541575	-0.00710856	0.198131	0.229904	-0.144583	0.00409934	-0.0900853	-0.0353622	-0.0302187	-0.0706175
0.0667562	-0.0337276	0.39129	0.272599	-0.100252	0.0334296	-0.319594	-0.0295671	-0.148245	-0.132689
0.281331	-0.20147	0.359044	0.06754	-0.103875	0.166376	-0.078238	-0.0900491	-0.237178	-0.16348
0.268503	-0.353275	0.242029	-0.0795678	-0.0248698	0.290522	0.117048	-0.178138	-0.136446	-0.145804
0.217387	-0.349198	0.143149	-0.105913	0.155234	-0.222987	0.245914	-0.229216	0.0851016	0.0605284
0.165118	-0.24869	0.117738	-0.275964	0.241698	-0.322944	0.272306	-0.207476	0.163506	0.0947071
0.251473	-0.138023	0.194021	-0.494981	0.137752	-0.26393	0.272695	-0.23911	0.303533	-0.023428
0.37027	0.0363852	0.334353	-0.544149	-0.00448866	-0.334753	0.514243	-0.475569	0.0356774	0.0680322
0.0872315	-0.145681	0.340087	-0.439021	-0.0747993	-0.306452	0.482619	-0.289165	0.291599	0.0535823
-0.197345	0.0461167	0.380263	-0.30011	0.0664172	-0.411969	0.0951389	-0.0745753	0.358037	0.0380273
-0.604911	0.438866	0.277757	-0.217776	0.277419	-0.405761	0.0801694	0.0361062	0.192482	-0.0743523
-0.586382	0.508035	0.0435534	-0.3216	0.548048	-0.268401	0.0986939	0.0665398	0.00385404	-0.0923413
-0.31905	0.00720202	0.114032	-0.323583	0.414435	-0.100765	0.0134067	0.0404706	-0.0905688	0.244421
-0.0759027	-0.330304	0.100062	-0.00745192	0.299758	-0.0162621	-0.0880607	-0.0568944	0.135456	0.0396021
0.079269	-0.527891	-0.0494414	0.199208	0.189317	0.11515	0.0466237	0.03392	-0.104264	0.0181095
-0.0132516	-0.340527	0.0960558	0.0743933	0.223285	0.190307	0.165689	0.080882	-0.341946	-0.134887
0.0524629	-0.23501	0.0928054	0.260007	-0.0892612	0.0900172	0.153233	-0.0183927	-0.139527	-0.166336
0.111316	-0.169856	0.0575031	0.0348203	0.0231456	0.0833198	0.0482963	0.0538372	-0.0867155	-0.155667
0.0137764	-0.113995	0.167055	0.139446	0.0491781	0.0396387	0.0632899	0.00750455	-0.12487	-0.241023
0.167251	-0.0672432	0.172819	0.337772	-0.174823	-0.0322276	0.0636183	-0.00667418	-0.151728	-0.308764
0.0909424	-0.0707816	0.145915	0.32917	-0.181468	0.0915705	0.0321323	-0.0691017	0.00421808	-0.372595
0.0025067	-0.0453939	0.496344	-0.0288053	-0.187026	0.060822	0.010648	0.0117738	-0.0673664	-0.253503
-0.031647	-0.0659415	0.694844	-0.108288	-0.135612	-0.104202	-0.0565461	0.0107032	-0.149238	-0.0540716
-0.0126542	-0.00972664	0.169843	-0.011185	-0.0286725	-0.0212698	-0.0624851	0.0135537	-0.0270485	-0.0103552
0.0107002	-0.000470683	0.0145328	-0.000525713	-0.011712	-0.00347015	-0.00654083	-0.0012475	-0.000421333	-0.000844726
-2.05912e-05	-8.53871e-06	-9.68738e-06	-0.000327743	-0.00285843	-0.000175815	-4.06324e-06	0.00296872	-0.000102658	0.000538812
-1.17981e-05	5.43249e-05	-0.000121097	0.000334695	-2.30672e-06	-0.000142033	-4.79948e-06	-2.15559e-06	-7.80869e-05	-2.67433e-05
-0.0066846	-0.000633343	-0.0092716	0.0579296	-0.00983465	-0.0123413	-0.00210097	0.00717091	-0.00403992	-0.0201941
-0.089064	-0.00859737	0.13345	0.360878	-0.10966	-0.00692965	-0.0773738	-0.011765	-0.0779883	-0.112949
0.0132291	-0.0643016	0.44149	0.280768	-0.0839094	0.169288	-0.286512	-0.0807151	-0.21248	-0.176854
0.130557	-0.252626	0.469722	0.251143	-0.108856	0.230251	-0.238216	-0.14155	-0.115337	-0.22509
0.144505	-0.457883	0.204587	0.10707	-0.110552	0.470908	0.0355701	-0.3125	0.0246375	-0.106341
0.119571	-0.368538	0.349296	-0.138641	-0.000300229	0.169548	0.200781	-0.305818	0.0477242	-0.0736221
0.22403	-0.138173	0.114429	-0.14116	0.0819405	-0.00229709	0.16191	-0.298763	0.0886621	-0.0905775
0.268583	-0.0207795	0.0803375	-0.334872	0.0572919	-0.128352	0.218291	-0.321389	0.207189	-0.026299
0.365561	-0.136706	0.248724	-0.441107	-0.202168	-0.165317	0.276973	-0.353318	0.241366	0.165993
0.106743	-0.1356	0.175388	-0.424422	-0.0872748	-0.149623	0.30812	-0.162505	0.266823	0.102352
-0.261973	0.0215996	0.293439	-0.495752	0.161858	-0.146182	0.53382	-0.0998957	0.216385	-0.223299
-0.523793	0.178259	0.29425	-0.368942	0.284815	-0.0782635	0.2828	0.0892131	0.0144529	-0.172791
-0.446492	0.238885	0.148997	-0.258233	0.323581	0.00285828	0.0145309	0.0142039	-0.165193	0.126864
-0.175439	-0.170003	0.00431672	0.0958149	0.211352	-0.0548854	0.0544525	-0.0747234	-0.0395133	0.148629
-0.0163983	-0.321636	0.169854	0.312198	0.201768	-0.00799442	0.177174	-0.188405	-0.188458	-0.138101
0.00737194	-0.171559	0.232387	0.210339	-0.131533	0.114224	0.228569	-0.123732	-0.214686	-0.151379
-0.0217376	-0.0521294	0.141324	0.159527	-0.0580587	-0.0470165	0.227688	-0.117517	-0.0643138	-0.167765
-0.042079	-0.06431	0.139896	0.164348	-0.148467	0.0892963	0.0111216	-0.0661517	-0.0264105	-0.057242
-0.105179	-0.0179101	0.0570095	0.0891073	-0.0550796	0.118006	-0.00267977	-0.0810588	0.0247637	-0.0269801
-0.00117525	-0.030986	0.17547	0.31475	-0.0557806	0.0404389	0.0670372	-0.167941	-0.121525	-0.220288
0.174821	-0.0750623	0.156674	0.404447	-0.297732	0.0584386	0.0482299	-0.180757	0.00514806	-0.294207
0.0799457	-0.0826847	0.418318	0.179347	-0.204984	0.128682	0.0240753	-0.239181	0.026509	-0.330026
-0.0206562	-0.0261429	0.649219	-0.144105	-0.165428	0.145673	-0.0269311	-0.136106	-0.0725998	-0.202923
-0.0259501	0.00190805	0.481501	-0.0717673	-0.126066	-0.0642524	-0.0080676	-0.0151458	-0.123076	-0.0490828
-0.00670441	0.00384741	0.0632445	-0.00897374	-0.0108323	-0.0159976	-0.0211649	0.0126911	-0.0135389	-0.00257117
-0.00411021	-7.28735e-06	0.0221269	-0.000142834	-3.01387e-05	-0.00776033	-0.00952746	-1.35661e-05	-0.000250623	-0.000284432
-1.87322e-09	3.12467e-05	-2.0282e-05	-2.30875e-06	-9.21146e-09	-8.46311e-08	-2.09529e-07	-3.49663e-07	-7.75227e-06	-2.48695e-07
0.00334334	0.000151994	-0.00130591	5.16278e-05	-0.00466095	-0.000418614	-0.00031554	0.0115911	-0.000551902	-0.00788514
-0.00450549	-0.000936135	-0.00875104	0.0533753	-0.00728765	-0.0117646	-0.00218445	0.00532024	-0.00687353	-0.0163926
-0.0723363	-0.0103868	0.0268888	0.391197	-0.0188168	-0.00714679	-0.0730258	-0.0365499	-0.111452	-0.0883696
-0.0313316	-0.0927149	0.307856	0.313177	-0.0889154	0.216069	-0.205249	-0.0717234	-0.191758	-0.155408
0.0902767	-0.321448	0.220637	0.359606	-0.0612447	0.265691	-0.24176	-0.182388	0.0366001	-0.165971
0.172968	-0.280328	0.142939	0.180589	-0.134031	0.335287	-0.0561097	-0.309574	0.100785	-0.152524
0.161283	-0.105826	0.320159	0.0394879	-0.164523	0.137382	0.11733	-0.389781	0.0124332	-0.127946
0.182943	-0.0638524	0.220669	0.00960289	-0.251325	0.280253	0.0593829	-0.309044	0.0576412	-0.186268
0.155748	0.0344711	0.240415	-0.0253217	-0.348442	0.127043	0.200556	-0.310651	0.203705	-0.277524
0.303481	-0.107253	0.318678	-0.107219	-0.407747	0.0558284	0.350713	-0.358247	0.160919	-0.209154
0.308682	-0.0680189	0.233267	-0.249327	-0.228743	0.0625425	0.582595	-0.221085	-0.121253	-0.298656
0.137877	-0.0434235	0.228617	-0.299341	-0.365541	0.0907871	0.546402	-0.0886828	0.0348863	-0.24158
-0.149425	0.198446	0.357594	-0.200387	-0.17261	0.0923443	0.21998	-0.0266344	-0.140394	-0.178912
-0.216179	-0.00327954	0.150282	-0.0437927	0.105576	0.011294	0.234909	0.128341	-0.18515	-0.181998
-0.110942	-0.0319484	0.1787	0.0603446	0.0126267	0.0334687	0.22916	-0.15489	-0.0418796	-0.174639
-0.0792586	0.102879	0.225443	0.189965	-0.0352122	-0.0510138	0.227574	-0.320513	-0.0755398	-0.184324
0.00887255	0.0194946	0.223922	0.309353	-0.135049	-0.0511407	0.176513	-0.306715	-0.00742278	-0.237825
-0.0382705	0.103781	0.121116	0.218502	-0.149504	0.025729	0.105729	-0.338319	0.117574	-0.166336
-0.101657	0.113165	0.0158336	0.166001	-0.222947	0.0348551	0.101684	-0.179834	0.074168	-0.00126729
-0.0106275	0.0476569	0.123299	0.0702488	-0.188015	0.144716	0.0613061	-0.314488	0.0668659	-0.000963834
0.0775045	0.00389542	0.213804	0.285998	-0.131065	0.105732	0.103151	-0.415436	-0.0195203	-0.224062
0.174052	-0.0554214	0.307893	0.158859	-0.362943	0.120401	0.0796148	-0.354589	0.162187	-0.230054
0.0319102	-0.0458955	0.359268	0.0914395	-0.248082	0.193633	-0.0161476	-0.270197	0.0931475	-0.189075
-0.00166367	0.00975927	0.376254	-0.104498	-0.14171	0.158022	-0.0502934	-0.077077	-0.0636918	-0.105099
-0.0325378	0.0288878	0.354884	-0.0454173	-0.0598198	-0.0183652	-0.0758354	-0.0193039	-0.101264	-0.0312279
-0.00695656	0.00397724	0.100223	-0.00722392	-0.00206659	-0.024433	-0.0369099	-0.00238828	-0.0148994	-0.00932238
-0.00110658	2.91879e-05	0.00925942	-7.70039e-05	-1.57652e-07	-0.00210075	-0.00593392	-3.5879e-07	-6.96519e-05	-1.95215e-07
0.0	0.0	0.0	0.0	0.0	0.0	0.0	0.0	0.0	0.0
0.00842	-3.85895e-05	-0.00297283	5.53593e-05	-6.75467e-05	-0.000439472	-0.000789182	-0.000137696	-0.00118326	-0.00284679
-0.00466811	-0.0058639	0.0137005	0.0408918	-0.003088	-0.00639962	-0.00210347	-0.00781668	-0.0110443	-0.0136083
-0.0620231	-0.0221847	0.0781124	0.342131	-0.0364243	0.0131488	-0.0503561	-0.0673161	-0.117116	-0.077971
-0.00624708	-0.0628736	0.309391	0.362161	-0.103476	0.103474	-0.172244	-0.163655	-0.167906	-0.0986234
0.146658	-0.210324	0.258971	0.242867	-0.172456	0.317444	-0.262816	-0.240442	-0.0321843	-0.0477167
0.168133	-0.0506477	0.226915	0.335162	-0.246921	0.209791	-0.192861	-0.369291	0.112047	-0.192327
0.139408	-0.0039251	0.445395	0.218692	-0.396358	-0.0398933	0.0799253	-0.400093	0.295489	-0.338639
0.143356	0.132826	0.282155	0.211268	-0.489088	0.239514	0.0192127	-0.289112	0.0455469	-0.295679
0.179003	0.110763	0.28635	0.248197	-0.422683	0.210108	0.205052	-0.325954	-0.0615063	-0.42933
0.304052	0.126442	0.266814	-0.0247734	-0.379189	0.0579813	0.365107	-0.272382	0.0834073	-0.527461
0.410076	0.136887	0.31984	-0.161809	-0.194115	0.153555	0.335003	-0.256803	-0.161731	-0.580901
0.360456	0.0642963	0.170692	-0.328232	-0.237121	0.0670463	0.476254	-0.0851198	0.0380195	-0.526291
0.138275	-0.0150957	0.0561093	-0.104686	-0.349821	0.0536807	0.343584	0.0106317	0.0353333	-0.168011
0.0187022	0.0201969	0.00277665	0.0266006	-0.130063	-0.0629727	0.534428	0.0457263	-0.200351	-0.255044
0.0249044	-0.0273473	0.0537943	-0.0233943	-0.0220413	0.0115617	0.3387	-0.179844	0.0691468	-0.245479
-0.0538782	0.198107	0.0855843	0.117568	0.0518847	0.0881911	0.190989	-0.324804	-0.201607	-0.152035
-0.0125451	0.278253	-0.0343613	0.169075	0.0181692	0.149981	0.0905583	-0.404753	-0.0649871	-0.189388
-0.12114	0.323759	0.115071	0.204534	-0.103747	0.155728	0.207264	-0.530663	-0.00802527	-0.24278
-0.10084	0.248448	0.227028	0.15814	-0.215644	0.0760025	0.0866094	-0.406433	4.46213e-05	-0.0733567
-0.0294758	0.125626	0.154445	0.224721	-0.152396	0.0133062	0.159928	-0.52342	0.147306	-0.120041
0.0783208	0.0125536	0.26008	0.112687	-0.096231	0.1491	0.0174655	-0.493906	0.185677	-0.225747
0.0940617	-0.0524244	0.280747	5.19442e-05	-0.228113	0.367252	-0.089262	-0.39325	0.191024	-0.170086
-0.0346255	-0.0530514	0.31038	0.0125713	-0.19561	0.194948	-0.0270848	-0.198096	0.0708893	-0.0803203
-0.0240296	-0.0265432	0.349274	-0.0807007	-0.0942288	0.0845388	-0.0592957	-0.0441542	-0.106392	0.00153312
-0.0256823	0.00142004	0.167538	-0.0268018	-0.0554874	0.0424772	-0.0331473	-0.0212007	-0.0682955	0.01918
-0.00123611	0.00573682	0.0309655	-0.0031414	-0.000501661	-0.0035395	-0.00696265	-0.00152455	-0.0132209	-0.00657546
-2.10314e-05	0.000110007	-8.93013e-05	-4.33929e-05	-2.42705e-05	0.000365034	-4.47529e-06	-3.1506e-05	-0.000229153	-3.19106e-05
-2.2019e-08	7.41285e-05	-3.5065e-05	-1.11533e-05	-4.4277e-07	-4.39673e-07	-7.02505e-07	-4.77318e-06	-2.04072e-05	-1.12263e-06
-5.2701e-05	6.62397e-06	6.65182e-05	0.000599811	-2.67971e-06	-0.000178851	-3.13786e-05	-0.000143275	-8.75502e-05	-0.000176519
-0.0114141	-0.0102526	0.0326072	0.052289	-0.000623753	-0.0104912	-0.00141855	-0.0281457	-0.0109669	-0.0115833
-0.0476426	-0.0137392	0.116835	0.224102	-0.0439167	0.0283736	-0.0299871	-0.0878172	-0.0839353	-0.0622713
-0.063167	0.0406718	0.182225	0.252154	-0.0851967	0.160002	-0.134168	-0.168938	-0.0976862	-0.0858952
0.0840308	0.21897	0.179708	0.124963	-0.117904	0.0766009	-0.226753	-0.219398	-0.0623244	-0.0578937
0.123964	0.195714	0.18149	0.231987	-0.289466	0.118782	-0.30495	-0.296181	0.189509	-0.150852
0.126714	0.116358	0.180008	0.184606	-0.365253	0.175468	-0.0975931	-0.31977	0.258299	-0.258836
0.0155979	0.163856	0.0970882	0.152527	-0.218197	0.148455	0.0947842	-0.225675	0.0109167	-0.239353
0.0710185	0.0806024	0.262666	-0.129059	-0.2161	0.139248	0.169126	-0.298849	0.126095	-0.204748
0.229276	0.165866	0.122323	-0.0926648	-0.207798	0.0697704	0.241159	-0.214389	-0.0418743	-0.271669
0.342221	-0.0957184	0.087967	-0.132931	-0.0607509	0.179919	0.305417	-0.196511	-0.00693457	-0.422678
0.285762	-0.149805	-0.0109954	-0.10077	-0.115881	0.129906	0.497433	-0.105618	-0.0758323	-0.354199
0.120719	-0.159188	0.0698348	-0.0683029	-0.205745	0.0540843	0.523865	-0.144244	0.0841235	-0.275148
0.0359106	0.0646447	0.0577231	-0.0817964	-0.129321	0.0808365	0.527899	-0.191975	-0.0524514	-0.311467
0.0219129	0.0449131	-0.0427705	0.0225686	0.0648244	0.0693724	0.310148	-0.148082	-0.0394288	-0.303458
0.0081627	0.025261	0.08339	0.0948254	-0.0537203	0.0300988	0.251642	-0.120555	-0.146089	-0.173015
-0.135265	0.1561	0.180556	0.0244248	0.0119983	0.104197	0.312625	-0.310907	-0.04023	-0.303498
-0.14928	0.330835	0.236794	0.180296	-0.114361	-0.00741976	0.240069	-0.377188	-0.059806	-0.27994
-0.159198	0.208312	0.31713	0.244934	-0.0199845	-0.0131692	0.109747	-0.412805	-0.0387512	-0.236216
-0.0506592	0.200451	0.0634827	0.0532681	-0.0116231	0.195413	0.0329007	-0.454404	0.129767	-0.158596
0.0190922	0.0902188	0.170155	-0.0757928	-0.00743695	0.328037	-0.0505185	-0.452784	0.0676365	-0.0886074
0.00785849	-0.118941	0.314529	-0.0765079	-0.10416	0.34532	-0.0172168	-0.351276	0.111518	-0.111122
-0.00437685	-0.0876964	0.375097	-0.12327	-0.0708113	0.175785	-0.0346006	-0.18569	-0.0294556	-0.0149793
-0.0251652	-0.00379688	0.253341	-0.095066	-0.0677918	0.0840466	-0.0312963	-0.0343215	-0.133009	0.0530602
-0.0121888	-0.00128171	0.0953122	-0.0197857	-0.0495829	0.0642334	-0.0230967	-0.0145629	-0.0462524	0.0072058
0.0125698	-0.00118081	0.010561	-0.003065	-0.00107783	0.00166374	-0.00202086	-0.00143836	-0.00460703	-0.0114047
4.45197e-06	-4.47509e-11	-6.96042e-07	-2.90912e-07	-3.64384e-09	-1.46454e-06	-2.29095e-07	-7.62824e-09	-1.74651e-06	-1.34726e-08
-2.13309e-08	7.1812e-05	-3.39692e-05	-1.08048e-05	-4.28933e-07	-4.25934e-07	-6.80551e-07	-4.62402e-06	-1.97695e-05	-1.08755e-06
-8.44862e-07	2.12326e-05	-1.20503e-05	2.09171e-05	-1.77784e-07	-6.59765e-06	-2.22981e-07	-8.29467e-06	-7.9854e-06	-5.97622e-06
-0.00248748	-0.00987716	0.0214342	0.0556178	-0.00038534	-0.00742408	-0.000225744	-0.0352361	-0.00814675	-0.0132694
-0.0413701	-0.0103392	0.0820747	0.157705	-0.03913	0.015379	-0.0111466	-0.0802273	-0.0390712	-0.0338744
-0.149615	0.087961	0.141366	0.177048	-0.0619189	0.148778	-0.0641732	-0.11393	-0.0909289	-0.0745857
-0.0393573	0.452793	0.13922	0.115436	-0.102217	-0.0284958	-0.143123	-0.0590455	-0.157737	-0.177473
0.0451569	0.347243	0.2292	0.176291	-0.167174	-0.148096	-0.265889	-0.0691258	0.0240786	-0.171684
0.107679	0.139574	0.231945	0.12327	-0.221776	-0.0498096	-0.24523	0.0289713	0.13687	-0.251495
0.159032	0.0823834	0.285152	-0.0320753	-0.199826	0.0389461	-0.17075	-0.0634325	0.0109882	-0.110418
0.152948	0.0947571	0.275936	0.00138627	-0.197083	0.0683719	-0.0409621	-0.184696	-0.0725407	-0.0981166
0.151422	-0.072484	0.121435	0.0109658	-0.108145	-0.0141919	0.0511286	-0.108359	0.0138782	-0.0456503
0.202973	-0.315958	0.136694	0.0769902	-0.0797413	0.068055	0.0215664	-0.22039	0.191501	-0.0816909
0.173226	-0.421304	0.0942279	-0.0777832	-0.133632	0.152473	0.208252	-0.110743	0.157415	-0.0421316
0.361275	-0.30507	0.0025356	-0.0952712	-0.105386	0.242464	0.194674	-0.2833	0.155226	-0.167149
0.150017	-0.0835936	-0.0599373	-0.0804385	-0.134743	0.1214	0.0565514	-0.118546	0.212099	-0.0628086
0.12595	0.027907	-0.127865	0.0403962	-0.0678978	0.0443618	0.165683	-0.0675289	0.102861	-0.243867
0.0609578	0.0385082	-0.0349524	0.0287081	-0.0685796	0.130288	0.130178	-0.0802747	-0.018669	-0.186164
0.0457604	0.243024	0.00186453	0.0665976	0.00514079	0.038806	0.0366739	-0.20662	0.0226747	-0.253922
-0.0750745	0.33136	0.164404	0.0763205	0.00147709	0.0927826	-0.0436552	-0.270747	-0.0276094	-0.249258
-0.111341	0.173733	0.265088	0.153313	0.214041	0.120206	-0.0429646	-0.299212	-0.104961	-0.367901
-0.14115	0.118417	0.271623	0.0760015	0.104145	0.143774	0.007686	-0.416322	-0.0330611	-0.131114
-0.0765308	-0.0255859	0.248772	-0.0661911	0.180603	0.107917	-0.00829642	-0.41002	0.0778766	-0.0285428
0.00323392	-0.114394	0.30928	-0.0196561	-0.0135324	0.154959	-0.0866478	-0.261491	-0.0158841	0.0441327
0.0245099	-0.0584418	0.208455	-0.0711927	-0.0808712	0.136512	-0.0750148	-0.170034	-0.0205632	0.106641
-0.0162479	-0.0122731	0.148644	-0.0650544	-0.057356	0.0830822	-0.0339198	-0.0357076	-0.0630553	0.0518888
-0.00767256	-0.00218549	0.0485508	-0.0174212	-0.0317727	0.0463616	-0.00989171	-0.0162977	-0.018959	0.00928809
0.00133475	0.00223786	-0.0110628	-0.000182581	0.00172855	0.0112749	-0.000123595	-0.000407012	-0.00194013	-0.00285994
8.21902e-06	-8.26171e-11	-1.285e-06	-5.37069e-07	-6.72708e-09	-2.70377e-06	-4.22945e-07	-1.40829e-08	-3.22433e-06	-2.48726e-08
0.0	0.0	0.0	0.0	0.0	0.0	0.0	0.0	0.0	0.0
0.0	0.0	0.0	0.0	0.0	0.0	0.0	0.0	0.0	0.0
-0.000291043	-0.000132672	0.00071054	0.0383197	-0.000129857	-0.000643161	-2.9076e-05	-0.0263387	-0.002006	-0.00945971
-0.0164576	-0.0255131	-0.0188704	0.151187	-0.00842114	0.0165933	-0.00182915	-0.0599354	-0.0258873	-0.0108662
-0.100796	0.0182324	-0.0119309	0.243078	-0.0290102	0.0889033	-0.0127823	0.00688391	-0.11718	-0.0853978
-0.116398	0.288464	-0.0360224	0.260411	-0.0631977	0.0862552	-0.0416897	0.0958073	-0.335494	-0.138135
-0.0478464	0.298354	-0.00902082	0.264292	-0.0675837	-0.0464593	-0.101184	0.214155	-0.33866	-0.166047
0.0850247	0.108507	0.0418227	0.222341	-0.0803402	-0.116403	-0.201005	0.272234	-0.175671	-0.15651
0.140099	-0.00886258	0.0940664	0.00424123	-0.0652285	0.0756355	-0.256485	-0.120166	0.144759	-0.00805975
0.221296	0.00689271	0.108403	0.112459	-0.0383634	0.120992	-0.313213	-0.088537	0.0290416	-0.158971
0.296147	-0.07269	0.0123495	0.0753958	-0.012011	0.231695	-0.37615	-0.0651155	-0.0730187	-0.0166002
0.321549	-0.121271	0.143355	0.12911	-0.0048722	0.0919828	-0.316533	-0.200217	0.0675342	-0.110638
0.277798	0.0164271	0.0705124	-0.13755	-0.12717	0.100008	-0.156871	-0.200044	0.21491	-0.0580204
0.287117	-0.106793	-0.0961805	0.0463741	-0.0839099	-0.0397821	-0.0936896	-0.20171	0.403698	-0.115124
0.267372	-0.175649	-0.0962907	-0.0998288	-0.0303037	0.0525357	-0.0400455	-0.0775856	0.251409	-0.0516127
0.186704	0.05724	-0.115786	-0.0553725	-0.0471915	0.0041504	-0.0483381	-0.00786547	0.22102	-0.19456
0.0206826	0.0742247	-0.0554913	-0.196074	0.0964536	0.154433	-0.112308	-0.0981479	0.275848	-0.159621
-0.00865835	0.219181	-0.0375535	0.0639883	0.0330733	0.00512481	-0.0975772	-0.0820331	0.0708763	-0.166422
-0.265713	0.0638796	0.2133	0.214552	0.19002	-0.144922	-0.0416764	-0.192572	0.110948	-0.147816
-0.291204	0.0264577	0.356476	0.00217703	0.213845	-0.0173537	-0.0168234	-0.316862	0.118044	-0.0747571
-0.249891	-0.0506672	0.290373	-0.0234345	0.204481	0.0650235	-0.0328862	-0.386446	0.154023	0.0294255
-0.121861	-0.1008	0.31247	-0.0642577	0.168136	-0.00422332	-0.0594522	-0.353233	0.0399419	0.18328
-0.0425705	-0.0846103	0.250849	-0.0936687	-0.0395932	0.0280009	-0.0425649	-0.213645	-0.00322477	0.241027
-0.0197023	-0.0616954	0.143307	-0.057524	-0.0756904	0.0820595	-0.0298166	-0.175228	0.027491	0.166801
-0.0262641	-0.013869	0.108651	-0.0268042	-0.0470336	0.0575338	-0.019338	-0.0512708	-0.0387746	0.0571693
-0.00506028	0.000319665	0.0434612	-0.0145236	-0.00201818	0.0205362	-0.00503032	-0.0183732	-0.0137191	-0.00559221
-1.15006e-05	0.00953149	-0.0079887	0.00215605	0.00178225	0.00655329	-0.000101277	-0.000275718	-0.0082757	-0.00337017
0.0	0.0	0.0	0.0	0.0	0.0	0.0	0.0	0.0	0.0
0.0	0.0	0.0	0.0	0.0	0.0	0.0	0.0	0.0	0.0
0.0	0.0	0.0	0.0	0.0	0.0	0.0	0.0	0.0	0.0
-0.00125075	-8.88842e-06	-0.0016879	0.0177932	-9.3253e-06	-0.000359581	-3.83877e-06	-0.0120208	-9.58002e-05	-0.00235636
-0.00211287	-0.0180122	-0.0474293	0.0907367	-0.000281181	0.0160905	-0.000153801	0.000421806	-0.0306892	-0.00857035
-0.0133573	-0.0313351	-0.0854873	0.181046	-0.0139415	-0.00890685	-0.00220349	0.0967946	-0.132158	0.00954911
-0.0517397	0.0395898	-0.163872	0.216347	-0.0196257	-0.0161228	-0.0134258	0.27351	-0.284331	0.0196709
-0.0683075	0.0414973	-0.253754	0.388559	-0.0438103	-0.0357543	-0.0264015	0.326215	-0.348682	0.0204405
-0.110877	-0.0640823	-0.273212	0.423068	-0.05678	0.0289308	-0.0562322	0.26885	-0.26542	0.105754
-0.0906975	-0.166665	-0.205648	0.24577	-0.0485507	0.0905416	-0.112583	0.170531	0.0392579	0.0780436
-0.0771711	-0.188405	-0.162303	0.228257	0.011732	0.302705	-0.172503	0.0870204	0.0508996	-0.0802319
-0.0503168	-0.254603	-0.222924	0.356131	0.00436535	0.189467	-0.225727	0.118869	0.0839075	0.000830079
-0.0106086	-0.29206	-0.164547	0.33207	0.062429	0.136084	-0.30055	0.0687366	0.299062	-0.130615
0.154089	-0.267855	-0.0135012	0.24143	-0.154039	0.171966	-0.278703	0.0563523	0.26561	-0.17535
0.157937	-0.313256	-0.0105017	0.309951	-0.166616	0.262155	-0.304057	0.123331	0.176155	-0.235099
0.0804207	-0.302997	0.119079	0.268272	-0.108486	0.244315	-0.270662	0.029941	0.175792	-0.235674
-0.0506822	-0.238306	0.0167114	0.137454	-0.0953544	0.22241	-0.232086	0.0294944	0.256586	-0.046227
-0.120189	-0.317269	0.00292834	0.199404	0.00568823	0.0993941	-0.158302	0.00270666	0.341832	-0.0561927
-0.176632	-0.0959655	0.0961875	0.116302	-0.103738	0.134177	-0.106872	0.0158905	0.0332352	0.0874148
-0.24927	-0.0122065	0.138132	-0.136788	-0.00681945	0.126955	-0.08788	-0.113245	0.235517	0.105604
-0.234861	0.0065312	-0.00603191	-0.13244	0.0922063	0.0257551	-0.0797289	-0.149464	0.334919	0.143115
-0.201775	-0.0211981	0.00826222	-0.0729151	0.0700403	0.0184577	-0.0485754	-0.197135	0.104477	0.340362
-0.133782	-0.0224893	0.0927804	-0.0396528	0.0524755	-0.0124091	-0.0478618	-0.185398	-0.0253749	0.321713
-0.0572938	-0.0382141	0.039709	-0.0367743	0.0130621	0.0834796	-0.0279377	-0.150713	-0.0481359	0.222819
-0.0207636	-0.0165167	0.0531078	-0.0192559	-0.0175172	0.0696813	-0.0109926	-0.155863	-0.0301773	0.148298
-0.00329863	-0.00573207	0.118132	-0.0175228	-0.0281295	0.0422787	-0.00263282	-0.0617396	-0.0310418	-0.0103132
-0.000246117	0.00322051	0.0665917	-0.00341342	0.00391437	-0.0101379	-0.000312227	-0.0255684	-0.0132225	-0.0208261
-3.63016e-07	0.000711348	0.00977917	-1.07308e-05	-6.8205e-05	-0.000186196	-2.74452e-05	-1.6369e-06	-0.00196965	-0.00822629
0.0	0.0	0.0	0.0	0.0	0.0	0.0	0.0	0.0	0.0
0.0	0.0	0.0	0.0	0.0	0.0	0.0	0.0	0.0	0.0
0.0	0.0	0.0	0.0	0.0	0.0	0.0	0.0	0.0	0.0
-1.70463e-05	-2.20939e-07	-3.93825e-05	0.00170736	-3.57738e-05	-6.24411e-06	-2.84092e-07	-0.00266243	-0.000141816	0.00119584
-0.000118812	-0.0015575	-0.0121623	-0.0104395	-6.83939e-05	0.0172735	-4.61054e-05	0.0149989	-0.00323513	-0.00464461
-0.00257087	-0.0258381	-0.037808	0.0112862	-0.000730393	0.0200449	-0.00079485	0.0858693	-0.069382	0.0199238
-0.0114932	-0.0537358	-0.061453	0.072534	-0.0315688	-0.0178786	-0.00173016	0.0873765	-0.136878	0.154828
-0.0504819	-0.0735209	-0.0736416	0.177334	-0.0902921	-0.0220813	-0.00520652	0.0733084	-0.130307	0.194889
-0.0901014	-0.106286	-0.138554	0.307595	-0.155209	-0.00679513	-0.00974179	0.118528	-0.147952	0.228518
-0.142245	-0.108218	-0.249624	0.475707	-0.254594	0.00730416	-0.0319793	0.277573	-0.226141	0.252219
-0.210429	-0.168688	-0.27575	0.517192	-0.215852	0.104142	-0.0455319	0.317564	-0.207043	0.184395
-0.291923	-0.32024	-0.243322	0.53896	-0.16425	0.112704	-0.0444402	0.221682	-0.0247868	0.215618
-0.305279	-0.28101	-0.241618	0.510009	-0.27023	0.18435	-0.0449952	0.3482	0.00777081	0.0928034
-0.369303	-0.203281	-0.17525	0.538463	-0.384613	0.214711	-0.0456598	0.313157	-0.0634926	0.175267
-0.337733	-0.25809	-0.122697	0.439185	-0.263999	0.246677	-0.078457	0.263818	-0.0426848	0.153979
-0.31211	-0.27688	-0.0461056	0.278545	-0.259652	0.12499	-0.0731044	0.222816	0.0941554	0.247346
-0.286016	-0.278456	-0.00834758	0.139986	-0.28497	0.233397	-0.0724106	0.244446	0.203001	0.10937
-0.212787	-0.245391	-0.0309749	0.130039	-0.349331	0.201128	-0.0623313	0.169486	0.198185	0.201978
-0.224207	-0.143364	-0.0629277	0.0563743	-0.373115	0.175482	-0.0445623	0.161284	0.196845	0.258191
-0.185131	-0.0614099	-0.136097	0.00839812	-0.305839	0.0910257	-0.0368768	0.194643	0.127344	0.303943
-0.111223	-0.0429626	-0.155697	0.0439004	-0.292065	0.0786033	-0.0241193	0.031242	0.0706752	0.401647
-0.107151	-0.0181296	-0.100632	-0.0208029	-0.167164	0.0514699	-0.0133519	-0.0857934	0.0163284	0.445228
-0.0816699	-0.00510351	-0.0844424	-0.0574498	-0.106809	0.0937046	-0.00820808	-0.0627768	-0.0241815	0.336937
-0.0328406	-0.00342941	-0.0705498	-0.0214947	-0.0500603	0.124199	-0.00522145	-0.0237639	-0.026951	0.110113
-0.00791336	-0.000816235	-0.0357447	-0.00397024	-0.0372394	0.0888562	-0.00213713	-0.039407	-0.00872843	0.0471004
-0.00183192	-1.06633e-05	-0.00591994	-0.000195313	-0.0225325	0.0493574	-0.000518123	-0.00335454	-0.00388539	-0.0111089
-4.11922e-07	-4.14798e-06	0.0086833	-0.000192241	-0.000657613	-7.44171e-06	-1.72086e-05	-0.000639173	-0.00176728	-0.00539778
-3.1773e-07	-4.95098e-06	0.0103852	-2.81628e-06	-7.22295e-05	-5.015e-06	-1.91084e-05	-1.3543e-06	-0.00155107	-0.00872837
0.0	0.0	0.0	0.0	0.0	0.0	0.0	0.0	0.0	0.0
0.0	0.0	0.0	0.0	0.0	0.0	0.0	0.0	0.0	0.0
0.0	0.0	0.0	0.0	0.0	0.0	0.0	0.0	0.0	0.0
0.0	0.0	0.0	0.0	0.0	0.0	0.0	0.0	0.0	0.0
0.0	0.0	0.0	0.0	0.0	0.0	0.0	0.0	0.0	0.0
-0.000179146	-0.000685526	-0.000641978	0.000806979	0.000865678	-0.00225955	-3.76281e-05	-0.0225272	-0.00914258	0.033801
-0.00275955	-0.00261544	-0.00234173	0.0118656	-0.00133702	-0.00595134	-0.000264465	-0.0556273	-0.0248867	0.083918
-0.0125946	-0.00475892	-0.00722801	0.0205132	-0.0345239	-0.0166718	-0.00109765	-0.0530957	-0.0388155	0.148273
-0.0273693	-0.00703113	-0.016469	0.0306521	-0.0815873	-0.0521256	-0.00194567	0.0107371	-0.021541	0.16668
-0.0409026	-0.0119703	-0.0211643	0.0175299	-0.146996	-0.06859	-0.00425801	0.0782875	-0.0193589	0.217423
-0.0712211	-0.0206899	-0.0206481	0.0083307	-0.232144	-0.0496641	-0.00612523	0.123045	-0.053476	0.322594
-0.0661979	-0.0505494	-0.0203277	0.01229	-0.244031	-0.0175713	-0.0068269	0.133984	-0.0930796	0.352311
-0.0531906	-0.045064	-0.0404183	0.0108016	-0.296834	0.0503001	-0.00807492	0.126789	-0.0707602	0.32645
-0.0392256	-0.054115	-0.0245274	-0.010429	-0.334231	0.0473672	-0.00959361	0.062716	-0.0847759	0.446814
-0.0686316	-0.0922859	-0.0380465	-0.00970976	-0.361916	-0.000369888	-0.011879	0.241806	-0.101982	0.443016
-0.093711	-0.0798692	-0.0309418	-0.029131	-0.435002	-0.0273823	-0.0102453	0.294384	-0.120038	0.531936
-0.073347	-0.0487108	-0.0381361	-0.0191924	-0.380276	0.0370968	-0.00907319	0.334876	-0.12602	0.322782
-0.052067	-0.0331664	-0.0496429	0.0307729	-0.339848	0.003538	-0.00832308	0.23228	-0.0872831	0.303741
-0.0614079	-0.0191861	-0.0586147	0.0212823	-0.303068	-0.0260068	-0.00789271	0.238233	-0.049244	0.265904
-0.0406478	-0.0198431	-0.0398375	0.00729976	-0.296224	-0.0483275	-0.00697837	0.218265	-0.0344626	0.260757
-0.00900862	-0.0102004	-0.0172269	-0.00439017	-0.22946	-0.00803032	-0.00440936	0.111013	-0.0393472	0.211061
-0.0257905	-0.00415859	-0.0153428	-0.0152543	-0.112735	0.0210951	-0.00295381	-0.00513323	-0.0212702	0.181544
-0.0317809	-0.0022996	-0.0163234	-0.00933626	-0.053466	0.0234074	-0.00193954	-0.000725824	-0.00939269	0.101857
-0.0165639	-0.000398041	-0.005576	-1.03186e-06	-0.0250762	0.011617	-0.000379151	0.0285788	-0.00221493	0.0100134
-0.00106539	-8.74186e-06	-4.71826e-05	-0.000150076	-0.000235993	0.000166185	-6.55124e-05	-0.00257529	-0.000211784	0.00419379
-2.89854e-06	-1.59345e-09	-4.34768e-07	-1.43929e-06	-0.000550444	-1.19198e-05	-1.12467e-06	-5.7229e-05	-8.05326e-06	0.000633545
-1.63042e-07	-1.61864e-08	-9.70767e-07	-1.81292e-07	-6.0525e-08	-8.0736e-08	-8.61527e-10	9.43117e-06	-5.77374e-07	-7.38012e-06
0.0	0.0	0.0	0.0	0.0	0.0	0.0	0.0	0.0	0.0
0.0	0.0	0.0	0.0	0.0	0.0	0.0	0.0	0.0	0.0
0.0	0.0	0.0	0.0	0.0	0.0	0.0	0.0	0.0	0.0
0.0	0.0	0.0	0.0	0.0	0.0	0.0	0.0	0.0	0.0
0.0	0.0	0.0	0.0	0.0	0.0	0.0	0.0	0.0	0.0
0.0	0.0	0.0	0.0	0.0	0.0	0.0	0.0	0.0	0.0
-2.89268e-06	-3.73424e-06	-2.08964e-06	-5.30749e-07	-1.21916e-06	-8.57195e-07	-7.39207e-08	9.77713e-05	-3.67464e-05	-4.96277e-05
-5.27119e-05	-9.71644e-06	-6.95409e-06	-2.13433e-06	-5.40107e-06	-1.50538e-05	-8.24242e-07	0.000396895	-0.000102059	-0.000202042
-7.22243e-05	-8.62534e-06	-2.39075e-05	-1.88892e-05	-0.00360173	-3.31648e-05	-2.39024e-06	-5.69695e-05	-0.000120561	0.00393846
-0.000151685	-2.21919e-05	-7.10059e-05	-5.88534e-05	-0.0206903	-0.000373641	-3.79545e-05	-0.00126271	-0.000173625	0.022842
-0.000457401	-4.68161e-05	-0.000103095	-0.000130055	-0.0222076	-0.000891923	-7.03248e-05	0.00706777	-0.000301731	0.0171411
-0.000983543	-3.6836e-05	-0.000167822	-0.000693141	-0.0116805	-0.000675754	-2.84071e-05	0.00697535	-0.000605231	0.00789591
-0.000922928	-0.00282798	-0.00243965	-0.00332619	-0.0245132	0.00259211	-5.981e-05	0.032595	-0.00770005	0.00660274
-0.00147805	-0.000807987	-0.00102312	-0.00210083	-0.0179491	0.00712858	-6.39159e-05	0.0129624	-0.00251086	0.00584287
-0.00344971	-0.00207459	-0.000647271	-0.0028236	-0.0277343	0.00444962	-0.000390392	0.0245039	-0.0060993	0.0142656
-0.00584487	-0.00207779	-0.000764839	-0.00399588	-0.0227618	-0.00253712	-0.000401328	0.0858076	-0.00519795	-0.0422262
-0.00866273	-0.00128703	-0.000711326	-0.00575582	-0.0606742	-0.00919824	-0.000785826	0.0869346	-0.00530493	0.00544576
-0.00811783	-0.000450475	-0.000914998	-0.00486271	-0.0316211	-0.00703547	-0.000764816	0.0854173	-0.00506712	-0.0265828
-0.00483885	-0.000294365	-0.000775124	-0.00552682	-0.0223605	-0.00464308	-0.000543892	0.075209	-0.00265928	-0.0335671
-0.00403014	-0.00209084	-0.000857258	-0.00433433	-0.0202164	-0.00541405	-0.000507576	0.0873674	-0.00257496	-0.0473418
-0.0041413	-0.00601759	-0.000598181	-0.00295435	-0.0260214	-0.00475547	-0.000333429	0.101411	-0.00291911	-0.0536699
-0.00207879	-0.000153996	-0.000407888	-0.0020243	-0.0197413	-0.00415202	-0.00019805	0.0682555	-0.00185428	-0.0376449
-0.0037118	-7.81723e-05	-0.00233284	-0.000989024	-0.00436205	-0.00668527	-0.000186473	0.0223446	-0.00197493	-0.00202405
-0.0064218	-2.69135e-05	-0.00145535	-0.000338641	-0.00199527	-0.00269768	-7.58951e-05	0.00678989	-0.00100055	0.00722221
-0.0182034	-5.06411e-05	-0.00546865	-0.000230784	-0.00372245	-0.00249968	-0.000187206	0.0233262	-0.000921643	0.00795821
-0.0041595	-3.10606e-06	-4.79557e-05	-2.5189e-05	-0.000795567	-0.00054934	-1.59434e-05	0.0079272	-0.000184076	-0.00214652
0.0	0.0	0.0	0.0	0.0	0.0	0.0	0.0	0.0	0.0
0.0	0.0	0.0	0.0	0.0	0.0	0.0	0.0	0.0	0.0
0.0	0.0	0.0	0.0	0.0	0.0	0.0	0.0	0.0	0.0
0.0	0.0	0.0	0.0	0.0	0.0	0.0	0.0	0.0	0.0
