0.0	0.0	0.0	0.0	0.0	0.0	0.0	0.0	0.0	0.0
0.0	0.0	0.0	0.0	0.0	0.0	0.0	0.0	0.0	0.0
0.0	0.0	0.0	0.0	0.0	0.0	0.0	0.0	0.0	0.0
0.0	0.0	0.0	0.0	0.0	0.0	0.0	0.0	0.0	0.0
0.0	0.0	0.0	0.0	0.0	0.0	0.0	0.0	0.0	0.0
0.0	0.0	0.0	0.0	0.0	0.0	0.0	0.0	0.0	0.0
0.0	0.0	0.0	0.0	0.0	0.0	0.0	0.0	0.0	0.0
0.0	0.0	0.0	0.0	0.0	0.0	0.0	0.0	0.0	0.0
0.0	0.0	0.0	0.0	0.0	0.0	0.0	0.0	0.0	0.0
0.0	0.0	0.0	0.0	0.0	0.0	0.0	0.0	0.0	0.0
0.0	0.0	0.0	0.0	0.0	0.0	0.0	0.0	0.0	0.0
0.0	0.0	0.0	0.0	0.0	0.0	0.0	0.0	0.0	0.0
-3.45183e-06	-6.22067e-06	-0.000557234	-4.55013e-05	-0.00340147	-7.08072e-05	0.00475847	-6.64275e-06	-0.000124769	-0.000542373
-1.91368e-05	-1.47876e-05	-0.000873194	-0.000112127	-0.00758205	-0.000155623	0.0102942	-1.91208e-05	-0.000282453	-0.00123567
-1.28847e-05	-1.29806e-06	0.000386095	-1.3904e-05	-0.000149116	-6.45315e-07	-0.00013938	-5.09158e-06	-1.02945e-05	-5.34812e-05
-5.36862e-07	-5.40857e-08	1.60873e-05	-5.79334e-07	-6.21315e-06	-2.68881e-08	-5.8075e-06	-2.12149e-07	-4.28937e-07	-2.22838e-06
0.0	0.0	0.0	0.0	0.0	0.0	0.0	0.0	0.0	0.0
0.0	0.0	0.0	0.0	0.0	0.0	0.0	0.0	0.0	0.0
0.0	0.0	0.0	0.0	0.0	0.0	0.0	0.0	0.0	0.0
0.0	0.0	0.0	0.0	0.0	0.0	0.0	0.0	0.0	0.0
0.0	0.0	0.0	0.0	0.0	0.0	0.0	0.0	0.0	0.0
0.0	0.0	0.0	0.0	0.0	0.0	0.0	0.0	0.0	0.0
0.0	0.0	0.0	0.0	0.0	0.0	0.0	0.0	0.0	0.0
0.0	0.0	0.0	0.0	0.0	0.0	0.0	0.0	0.0	0.0
0.0	0.0	0.0	0.0	0.0	0.0	0.0	0.0	0.0	0.0
0.0	0.0	0.0	0.0	0.0	0.0	0.0	0.0	0.0	0.0
0.0	0.0	0.0	0.0	0.0	0.0	0.0	0.0	0.0	0.0
0.0	0.0	0.0	0.0	0.0	0.0	0.0	0.0	0.0	0.0
0.0	0.0	0.0	0.0	0.0	0.0	0.0	0.0	0.0	0.0
0.0	0.0	0.0	0.0	0.0	0.0	0.0	0.0	0.0	0.0
0.0	0.0	0.0	0.0	0.0	0.0	0.0	0.0	0.0	0.0
0.0	0.0	0.0	0.0	0.0	0.0	0.0	0.0	0.0	0.0
-4.87597e-09	-2.9898e-08	-8.25829e-06	-8.57722e-09	-4.00341e-05	-8.78087e-08	5.01764e-05	-6.1499e-08	-5.7066e-07	-1.12067e-06
-1.08651e-07	-8.82575e-08	-2.64738e-05	-3.91448e-08	-0.000282575	-2.65556e-07	0.000315931	-6.63676e-07	-1.70035e-06	-4.01661e-06
-1.95601e-05	-1.07621e-07	-0.000351186	-6.26176e-06	-0.0194933	-1.41784e-05	0.0200865	-5.07993e-05	-5.01977e-06	-0.000146161
-3.99238e-05	-4.55073e-05	-0.000786215	-1.46073e-05	-0.043349	-2.6564e-05	0.0449249	-0.000275053	-4.16581e-05	-0.000346322
-5.70024e-05	-0.00217339	-0.00183225	-0.000117263	-0.0399487	-7.36444e-05	0.046779	-0.00138876	-0.000556455	-0.000631491
-0.000127253	-0.0018179	-0.00307244	-0.000144699	-0.0186735	-0.000104599	0.0258411	-0.000831942	-0.000610326	-0.000458482
-0.00141138	-0.00118999	-0.00439784	-0.000156782	-0.0345141	-0.000428162	0.0448666	-0.00061277	-0.000698151	-0.00145747
0.0130389	-0.000693025	-0.014682	-0.000279584	-0.0554993	-0.000573774	0.0709088	-0.00445982	-0.00119558	-0.00656472
0.0283431	-0.000596375	-0.0159762	-0.00069786	-0.0987928	-0.00384772	0.11473	-0.0103144	-0.00112906	-0.0117192
0.0119152	-0.000413253	-0.0120444	-0.000467757	-0.051011	-0.00362555	0.0653774	-0.00299562	-0.00141905	-0.00531596
-0.000709427	0.0123771	-0.00242337	-0.00358581	-0.0147997	-0.00160754	0.015177	-0.000271386	-0.00239753	-0.00175936
0.0104736	0.0183987	0.0110098	-0.00464111	-0.0553626	-0.00203753	0.0313923	-0.000707426	-0.00205971	-0.00646609
0.0302383	-0.00420273	0.0390227	-0.00151857	-0.0607893	-0.00221345	0.017888	-0.00143969	-0.00252729	-0.014458
0.0138241	-0.0024357	0.00633884	-0.000531693	-0.0258781	-0.00151173	0.0216503	-0.000655818	-0.00211164	-0.00868861
-0.00116459	-0.000179723	-0.0130912	-0.000135434	-0.01044	-0.0017669	0.0296749	-0.000123791	-0.00122219	-0.00155108
-0.000582803	-7.22059e-05	-0.00954861	-8.62967e-05	-0.0151234	-0.0016218	0.0292679	-0.000155239	-0.000976596	-0.00110098
-0.00026385	-9.46072e-05	-0.00423923	-8.25767e-05	-0.0125073	-0.000851954	0.019532	-7.68763e-05	-0.000583129	-0.000832482
-0.000114051	-0.000227042	-0.00292988	-5.7789e-05	-0.013861	-0.000180871	0.0183909	-8.51152e-06	-0.000667755	-0.000344002
-1.44803e-05	-1.96682e-05	-0.000323811	-4.82348e-06	-0.01793	-1.17309e-05	0.018598	-1.66933e-05	-9.86106e-05	-0.000178158
-2.2713e-06	-1.45851e-06	-0.000129166	-6.79105e-07	-0.00579951	-1.12888e-05	0.0061047	-2.29736e-05	-4.29072e-05	-9.44475e-05
0.0	0.0	0.0	0.0	0.0	0.0	0.0	0.0	0.0	0.0
0.0	0.0	0.0	0.0	0.0	0.0	0.0	0.0	0.0	0.0
0.0	0.0	0.0	0.0	0.0	0.0	0.0	0.0	0.0	0.0
0.0	0.0	0.0	0.0	0.0	0.0	0.0	0.0	0.0	0.0
0.0	0.0	0.0	0.0	0.0	0.0	0.0	0.0	0.0	0.0
0.0	0.0	0.0	0.0	0.0	0.0	0.0	0.0	0.0	0.0
-3.29988e-08	-5.68614e-10	-3.96674e-07	-1.83949e-09	-4.74792e-06	-6.94099e-07	7.04932e-06	-8.27285e-12	-8.22516e-07	-3.52622e-07
0.00152652	-4.44826e-10	-1.60585e-05	-5.94196e-07	-0.0013229	-5.55916e-05	0.00012414	-0.000103449	-7.14806e-06	-0.000144913
0.000570202	-1.58506e-06	-0.000544454	-9.68693e-07	-0.000687551	-1.04543e-05	0.000797944	-3.70732e-05	-2.68488e-05	-5.92113e-05
-0.00023336	-4.64625e-06	1.03398e-05	-0.000170307	-0.000713363	-3.66956e-06	0.00114295	-2.75001e-06	-1.69882e-05	-8.20587e-06
-0.010357	-2.82938e-05	-0.00115631	-0.000954946	-0.0203229	-4.31389e-05	0.0335543	-0.000384715	-0.000138589	-0.000168398
-0.0128761	-0.00125838	-0.00396647	-0.00191252	-0.0678639	-0.00073358	0.0912119	-0.00118319	-0.000693817	-0.000723932
-0.0113009	-0.0159445	0.0088478	-0.00607148	-0.0836176	-0.00243499	0.11683	-0.00283012	-0.00207533	-0.00140285
-0.0159669	-0.0301843	0.0478623	-0.0111356	-0.0783243	-0.00886112	0.111287	-0.00433344	-0.0075441	-0.00279949
-0.0153433	-0.0265332	0.0287017	-0.00334909	-0.158454	-0.0266868	0.235229	-0.00956528	-0.0146408	-0.00935823
-0.0258949	-0.0312202	0.0616929	0.0182236	-0.181125	-0.0527261	0.272894	-0.0199589	-0.0252331	-0.0166532
-0.0258863	0.00744237	0.0342081	0.0233611	-0.244836	-0.0588242	0.341521	-0.0189157	-0.032022	-0.0260477
-0.0385915	0.0751014	0.0142219	-0.00147462	-0.189789	-0.0640902	0.281938	-0.0103767	-0.0413091	-0.0256306
-0.0679504	0.0827455	0.041742	-0.00659694	-0.125635	-0.0696769	0.223967	-0.0142079	-0.0407344	-0.0236527
-0.0762178	0.160299	0.079245	-0.0327468	-0.163323	-0.0509229	0.17282	-0.0174655	-0.04489	-0.0267966
-0.0599941	0.0963156	0.0817519	-0.0238139	-0.182311	-0.0113809	0.189992	-0.00928479	-0.0484808	-0.0327933
-0.053978	0.0180153	0.0165163	-0.0191734	-0.0940657	0.0200186	0.17719	-0.00627544	-0.0353219	-0.0229252
-0.0389221	-0.00642829	-0.0130208	-0.030253	-0.0663287	0.0237259	0.159502	-0.00377755	-0.00884483	-0.0156526
-0.0303111	0.0116049	-0.061297	-0.017349	-0.0390748	0.00425544	0.170933	-0.00209911	-0.0257467	-0.0109154
-0.020558	-0.00704344	-0.0298947	-0.006796	-0.0260993	-0.0298118	0.13603	-0.00100438	-0.0105058	-0.00431658
-0.0108597	-0.00696459	-0.0287986	-0.00643144	-0.021337	-0.0305786	0.120699	-0.000656258	-0.0097229	-0.00534996
-0.00541134	-0.00299908	-0.0278382	-0.0045634	-0.024732	-0.0161429	0.0917773	-0.000478088	-0.00696976	-0.00264254
-0.00265814	-0.001572	-0.00674774	-0.00147699	-0.0163685	-0.0142014	0.0459921	-6.49149e-05	-0.0025918	-0.00031054
-0.000518244	-0.000491836	0.0227404	-0.000157652	-0.00202469	-0.00664981	-0.0115955	-2.70146e-05	-0.00124201	-3.3651e-05
-7.66619e-06	-2.21815e-05	0.0164337	-9.0467e-07	-0.000310419	-0.000681846	-0.0149735	-2.67251e-08	-0.000435747	-1.41293e-06
0.0	0.0	0.0	0.0	0.0	0.0	0.0	0.0	0.0	0.0
0.0	0.0	0.0	0.0	0.0	0.0	0.0	0.0	0.0	0.0
0.0	0.0	0.0	0.0	0.0	0.0	0.0	0.0	0.0	0.0
0.0	0.0	0.0	0.0	0.0	0.0	0.0	0.0	0.0	0.0
-7.39618e-08	0.000282388	-5.00952e-05	-1.29895e-05	-1.04787e-05	-3.17075e-06	-0.000151103	-8.61655e-09	-5.35986e-05	-8.69674e-07
0.0035106	6.71123e-05	-0.000126523	-1.92189e-05	-0.00430943	9.70392e-05	0.00179919	-0.000305004	-0.000233006	-0.000480752
-0.00523936	-5.50346e-05	-0.00181655	-0.00168382	-0.0020748	0.00730004	0.00456524	-0.000625411	-0.000166198	-0.000204101
-0.0326447	-0.0020094	0.00101671	0.0497475	-0.00406529	-0.0226464	0.0153309	-0.00148982	-0.00250187	-0.000737725
-0.0444026	-0.00194664	0.00269486	0.0397549	-0.0351459	-0.0161163	0.0636199	-0.00230177	-0.0050681	-0.00108828
-0.049519	-0.0142776	0.0329244	0.064155	-0.0663337	-0.0286094	0.0883559	-0.00911263	-0.0147416	-0.00284119
-0.0146898	-0.0429137	0.0939573	0.0751695	-0.136706	-0.036181	0.116829	-0.0261201	-0.0215844	-0.00776027
-0.0421269	-0.0606296	0.245304	0.0378067	-0.203458	-0.0579449	0.16062	-0.0334683	-0.028563	-0.017539
-0.0340261	-0.105369	0.238424	0.100609	-0.238484	-0.0532426	0.231179	-0.0612703	-0.0432499	-0.0345684
-0.00971622	-0.174454	0.310278	0.236299	-0.286777	-0.110334	0.260663	-0.0887948	-0.0839039	-0.053258
-0.0240366	-0.098462	0.333107	0.306644	-0.412856	-0.0944572	0.224445	-0.068998	-0.098	-0.0673866
0.0495748	-0.0502717	0.391817	0.220704	-0.475377	-0.101731	0.23057	-0.0695591	-0.10187	-0.093857
0.029822	-0.0588172	0.251109	0.369755	-0.372473	-0.070137	0.198835	-0.0751305	-0.154581	-0.118382
-0.000737292	0.0230501	0.183343	0.342854	-0.370417	-0.00439006	0.178818	-0.07232	-0.141211	-0.13899
-0.000166152	0.041119	0.216752	0.279658	-0.310372	-0.0355295	0.106824	-0.0582395	-0.119983	-0.120062
-0.0621843	-0.0677488	0.105682	0.238497	-0.208475	0.064811	0.117985	-0.0434601	-0.0633674	-0.0817394
-0.150923	-0.127242	-0.0866241	0.221782	-0.14831	0.179135	0.185619	-0.03621	-0.000396406	-0.036831
-0.163068	-0.0977654	-0.124075	0.174577	-0.0328661	0.175225	0.193999	-0.0216229	-0.0706071	-0.0337964
-0.113814	-0.113682	-0.162293	0.154704	0.0173354	0.189942	0.119835	-0.0174489	-0.0472721	-0.0273055
-0.106856	-0.0910122	-0.135044	-0.0322676	0.0212665	0.16028	0.197302	-0.0089967	0.0102843	-0.0149547
-0.0761449	-0.0616161	-0.122179	-0.070165	0.0160764	0.0783611	0.217585	-0.00299549	0.0258382	-0.00476027
-0.0383508	-0.039745	-0.0894732	-0.0388781	0.00947744	-0.0287026	0.200373	-0.00111532	0.0284564	-0.00204159
-0.0172949	-0.0309291	-0.0124572	-0.0120172	-0.00677482	-0.0256004	0.104991	-0.000442043	0.00102676	-0.000502361
-0.00433085	-0.00910623	0.0125448	-0.000315445	-0.00034697	0.0234302	-0.021831	-4.89935e-06	-6.12141e-06	-3.3454e-05
-0.00117005	-0.0126909	-0.000356466	-2.0666e-05	-0.000132858	0.00470896	0.011462	-1.66136e-07	-0.00179708	-2.7351e-06
0.0	0.0	0.0	0.0	0.0	0.0	0.0	0.0	0.0	0.0
0.0	0.0	0.0	0.0	0.0	0.0	0.0	0.0	0.0	0.0
-2.23108e-08	-1.86408e-08	-1.26456e-05	1.97888e-05	-1.41548e-07	-6.15731e-06	-2.45665e-08	-1.3516e-08	-7.5414e-07	-1.10627e-08
-2.49609e-05	0.000964537	-0.000455667	0.000596022	-2.91957e-06	-0.000487887	-0.000585798	-5.36879e-08	-1.85222e-06	-1.41996e-06
-0.000299977	3.9198e-05	-0.00325342	0.0101588	-0.0006281	-0.0041875	-0.00144643	0.000284268	-0.000533811	-0.000132988
-0.00675649	0.00281287	-0.0221231	0.0376966	0.00930236	-0.0259772	0.0105481	-0.00153683	-0.00346346	-0.000502857
-0.0510236	0.0188989	0.0121196	0.15167	0.0106976	-0.105505	0.00456622	-0.0163635	-0.0202149	-0.00484586
-0.0538799	0.0106161	0.0819764	0.201561	-0.0270245	-0.137264	-0.00860489	-0.0192634	-0.0402158	-0.00790009
-0.0217242	-0.0316703	0.0697221	0.255971	-0.0438113	-0.132413	0.00801631	-0.0410983	-0.0435001	-0.0194915
-0.00188582	-0.0519076	0.13425	0.341887	-0.142103	-0.25349	0.0798821	-0.0684934	0.0044879	-0.0426266
0.0397989	-0.0766935	0.276582	0.337051	-0.23096	-0.235	0.0461406	-0.121877	0.0571462	-0.0921863
0.0382176	-0.0991856	0.267319	0.405192	-0.347136	-0.117653	0.0745362	-0.179156	0.0809861	-0.12312
0.0654365	-0.189145	0.329562	0.453473	-0.348639	0.000552142	-0.0341085	-0.213762	0.114713	-0.178083
-0.0277407	-0.0685015	0.324923	0.396848	-0.321138	-0.0479303	-0.0680257	-0.216998	0.271254	-0.242689
-0.00207887	0.159713	0.197927	0.42988	-0.248909	-0.185659	-0.0494899	-0.232645	0.180961	-0.2497
-0.0668958	0.189326	0.224051	0.332923	-0.324838	-0.0215561	-0.0626258	-0.269393	0.328079	-0.329073
0.018858	0.0852854	0.10556	0.322231	-0.357886	0.226972	-0.0895623	-0.258096	0.321618	-0.374981
-0.0606377	0.0486313	0.0812811	0.35143	-0.209051	0.136551	0.0406391	-0.244032	0.23813	-0.382942
0.0226583	-0.0310524	0.014856	0.219708	-0.126854	0.150236	0.120528	-0.207353	0.105524	-0.26825
-0.0692319	-0.0863056	-0.0423782	0.280301	-0.0910451	0.26119	0.0654769	-0.166511	0.0439362	-0.195432
-0.125813	0.102456	-0.137333	0.125876	0.0836866	0.112304	0.0936127	-0.114983	0.0404248	-0.180231
-0.116511	0.0933104	-0.1283	0.0124396	0.155255	-0.0925858	0.160895	-0.0851211	0.121876	-0.121259
-0.120329	0.0636894	-0.237399	-0.0972405	0.145296	0.175186	0.221233	-0.0409335	0.00513031	-0.114633
-0.100203	0.00969057	-0.281842	-0.0902871	0.178627	0.125621	0.294727	-0.0359957	-0.0331204	-0.0672158
-0.116065	-0.0223087	-0.224505	-0.159854	0.1781	0.213045	0.239714	-0.017032	-0.0651179	-0.0259769
-0.114158	-0.112445	-0.103948	-0.0305131	0.0997036	0.22209	0.0312937	-0.00505508	0.020551	-0.0075189
-0.0319543	-0.0602202	-0.00645652	-0.00345094	0.00501044	0.0715135	-0.00684585	-0.00113373	0.0356555	-0.00211773
-0.00298732	-0.00699795	-0.00274671	-9.01896e-05	-0.00991652	0.00838865	-0.000851381	-0.000283122	0.0163218	-0.00083725
-5.95705e-05	-0.00361585	-0.00230409	-2.17707e-05	-0.00207862	-0.00197456	0.0082664	-1.5935e-05	0.00188992	-8.59315e-05
0.0	0.0	0.0	0.0	0.0	0.0	0.0	0.0	0.0	0.0
0.0	0.0	0.0	0.0	0.0	0.0	0.0	0.0	0.0	0.0
-0.000142493	9.08559e-05	0.000163424	0.00176714	-5.46013e-05	-0.00166139	4.14346e-05	-6.85443e-06	-0.000195204	-2.32032e-06
-0.00250798	0.00344653	-0.000897588	0.0544932	0.000948785	-0.0266001	-0.0177223	-0.000555068	-0.0085696	-0.00203583
-0.0198281	0.00800156	0.00883332	0.13521	0.00899188	-0.107122	0.012575	-0.0107961	-0.026564	-0.00930131
-0.0748598	0.054062	0.0191279	0.28928	0.0286743	-0.168061	-0.0890712	0.0468044	-0.0761787	-0.0297779
-0.0386228	0.0105326	0.0594261	0.340725	0.0171544	-0.220638	-0.0703389	0.0534475	-0.0843874	-0.0672978
-0.0334217	-0.101697	0.12548	0.295842	-0.000860841	-0.120138	-0.0732541	0.0470605	-0.0368456	-0.102165
-0.00615322	-0.23236	0.214422	0.207144	-0.0348763	-0.115976	0.0524438	0.0693242	-0.0169057	-0.137062
0.0123654	-0.267596	0.175458	0.18379	-0.0499302	0.0609773	0.00425977	0.0117281	0.0629102	-0.193963
0.117904	-0.18474	0.214548	0.175109	-0.182583	0.127056	0.0252743	-0.116979	-0.0673457	-0.108244
0.0845764	-0.211408	0.236721	0.164342	-0.145397	0.0981497	-0.305398	-0.177032	0.173242	0.0822038
0.0094512	-0.120388	0.178423	0.124474	-0.108426	0.0198413	-0.228603	-0.167272	0.229384	0.0631157
0.15177	0.042869	0.157756	0.120329	-0.222756	-0.056024	-0.256562	-0.225031	0.169268	0.118382
0.182927	0.111011	0.129071	0.0512236	-0.0784234	-0.0879829	-0.0705404	-0.332484	0.184282	-0.0890844
0.178153	0.15964	0.183163	0.159692	-0.0859559	-0.0880062	-0.157188	-0.377606	0.135608	-0.107501
0.16176	-0.0827169	0.262114	0.238638	-0.0021173	0.0683783	-0.151166	-0.331222	0.191584	-0.355249
0.287261	-0.136402	0.173359	-0.0204849	-0.0562522	0.127009	-0.0246502	-0.351003	0.314043	-0.31288
0.274457	-0.00555928	0.0992361	0.0125249	0.0686113	0.120968	0.10115	-0.347525	-0.0493293	-0.274534
0.0527276	0.0518346	-0.0206794	0.0684875	0.134828	0.0572773	0.148769	-0.379512	0.121886	-0.23562
-0.0718863	0.146368	0.00407733	-0.0446504	0.0632702	0.23562	0.100134	-0.347196	0.143273	-0.22901
-0.0128866	0.266665	-0.00859968	-0.159466	0.0887238	0.158017	0.105284	-0.222249	0.0125899	-0.22808
-0.0313321	0.219613	-0.13726	-0.143214	0.214603	0.245599	0.11745	-0.15075	-0.0909076	-0.243799
-0.172776	0.121038	-0.225204	-0.224119	0.337035	0.311055	0.219907	-0.0803722	-0.132152	-0.154411
-0.190655	0.0154711	-0.168167	-0.0734217	0.10772	0.30956	0.103688	-0.0270799	-0.0109258	-0.0661905
-0.0761298	-0.0836895	-0.0379978	-0.0171245	-0.0205408	0.184272	-0.0117411	-0.00844964	0.0929876	-0.0215862
-0.0212983	-0.014349	-0.0101353	-0.0015252	-0.0168369	0.0450234	0.017973	-0.00330043	0.00752999	-0.00308131
-0.00708426	-0.00467819	-0.00338638	-7.72824e-05	-0.000212134	0.00501656	0.0123395	-9.12097e-05	-0.00179568	-3.09121e-05
0.0	0.0	0.0	0.0	0.0	0.0	0.0	0.0	0.0	0.0
-2.41326e-06	-1.00628e-06	-1.88118e-05	0.000262497	-6.54914e-07	-2.70979e-05	-1.58983e-07	-5.70657e-06	-2.38243e-05	-0.000182823
-0.000826477	-0.00755277	-0.00298344	0.00316705	-0.00216316	0.00169986	-0.000917823	0.0146062	-0.00250157	-0.00252784
-0.00239991	0.00214789	0.0102458	0.0905083	-0.0170676	-0.0829678	-0.0225443	0.0635631	-0.0255389	-0.0159464
-0.0297994	0.00633051	0.0692351	0.166813	0.0190474	-0.161451	0.00626355	0.0389586	-0.0566243	-0.0587727
-0.0327516	-0.0277394	0.0983126	0.246074	0.104931	-0.161364	-0.0787697	0.0943581	-0.080312	-0.162738
-0.0181096	-0.083962	0.17947	0.261323	0.101091	-0.117884	-0.156393	0.160501	-0.117278	-0.208758
-0.0243305	-0.188735	0.17134	0.136504	0.0773235	0.0168757	-0.0452091	0.181642	-0.0651928	-0.260218
-0.0510657	-0.297437	0.13519	0.175372	-0.0194452	0.0417162	-0.0338252	0.234287	0.0275711	-0.212362
-0.14652	-0.371559	0.232528	0.252483	-0.00227538	0.00810321	-0.106575	0.170365	0.0436855	-0.0802367
0.00388979	-0.209235	0.191104	0.260757	-0.12135	-7.36858e-05	-0.230768	0.213217	-0.0636104	-0.0439308
0.00196176	-0.0962593	0.0230809	0.133576	-0.201366	-0.0317105	-0.23414	0.257274	0.0422594	0.105324
-0.0510083	-0.156477	0.045319	0.0748125	-0.148784	-0.00567277	-0.15874	0.126449	0.203524	0.0705788
0.167106	-0.173647	0.0609915	0.280219	-0.279026	-0.0424648	-0.286194	-0.0780984	0.0751216	0.275993
0.141131	-0.12695	0.043554	0.14949	-0.351412	0.108403	-0.229425	-0.0874851	0.0667399	0.285954
0.0348915	-0.233232	0.0613063	0.126261	-0.361369	-0.0498872	-0.111401	0.00722246	0.317506	0.208702
0.103068	-0.241611	0.114575	0.178927	-0.340047	-0.0857995	-0.177065	0.0213399	0.129723	0.296888
0.190989	-0.270285	0.0096031	0.0415607	-0.206335	-0.00919286	-0.160836	0.0556172	0.123168	0.225712
0.281317	-0.100665	-0.0189287	0.180154	-0.268096	0.0625407	-0.232676	-0.0456396	-0.103357	0.245349
0.139995	-0.124644	-0.0984114	-0.0719657	-0.0779183	0.187604	-0.134525	-0.0948096	0.225699	0.0489761
0.0912187	0.0782297	-0.128245	0.055257	-0.159452	0.143956	-0.0756185	-0.120814	0.0930225	0.0224456
0.216327	0.12675	-0.0736385	0.00224975	-0.0210619	0.0232939	-0.0719535	-0.0684602	-0.0280931	-0.105413
0.22334	0.11854	-0.135915	-0.144437	0.251554	0.152576	-0.0248517	-0.130211	-0.0580855	-0.252509
-0.0392229	0.0787548	-0.310832	-0.201628	0.404858	0.309264	0.0273403	-0.14893	0.135738	-0.255344
-0.272018	-0.0124042	-0.182606	-0.0933881	0.134288	0.565013	0.0218315	-0.0727663	0.0705243	-0.158473
-0.181017	-0.0730243	-0.0526044	-0.036805	-0.00920712	0.333163	-0.0197671	-0.0319591	0.126675	-0.0554525
-0.0790804	-0.00808231	-0.00765319	-0.00424048	0.0245418	0.123353	-0.0272798	-0.0105406	0.00561185	-0.01663
-0.020212	-0.000312342	-0.000463499	-0.000351995	-0.000965118	0.0283619	-0.00145204	-0.000615227	-0.00329566	-0.000694085
0.0	0.0	0.0	0.0	0.0	0.0	0.0	0.0	0.0	0.0
-0.000193589	-0.000456842	-0.000840547	0.00782641	-0.000392724	-0.00107015	-8.21229e-05	0.00273366	-0.00199036	-0.00553374
-0.000637654	-0.0110501	0.0121059	-0.00766426	-0.00335945	-0.0118393	-0.00387162	0.0415816	-0.00494131	-0.0103238
-0.00494407	-0.00684487	0.0274994	0.0707136	-0.00885066	-0.0983356	-0.0301563	0.131938	-0.0255662	-0.0554524
-0.0511864	-0.00418129	0.163179	0.276367	0.0543065	-0.312595	-0.00305334	0.0731833	-0.0352396	-0.16078
-0.0206701	-0.083711	0.159026	0.345884	0.166196	-0.246174	-0.0741469	0.0886259	-0.0340077	-0.30102
0.0037621	-0.170847	0.288534	0.16501	0.100087	-0.0935418	-0.189309	0.214556	-0.0319935	-0.286258
-0.0519515	-0.223144	0.0697766	0.0606188	0.0870806	0.0841935	-0.0227826	0.240038	0.045736	-0.289565
-0.15318	-0.385331	0.131066	0.0711218	-0.0161611	0.183452	-0.0466798	0.194902	0.110825	-0.0900127
-0.00709259	-0.325047	0.0559972	0.0726153	-0.0327164	0.0701076	-0.126806	0.274025	-0.0202457	0.0391629
0.0238034	-0.18756	-0.0474923	0.00453747	-0.161777	0.157684	-0.193879	0.34543	0.07757	-0.0183146
0.0711942	-0.183592	0.047002	0.00854012	-0.184537	0.121823	-0.123062	0.271966	-0.0991434	0.0698094
0.0371215	-0.0920626	-0.0209298	0.13588	-0.40134	0.028821	-0.165362	0.202157	-0.0611559	0.336871
0.123686	-0.178937	0.205689	0.0783057	-0.347104	-0.131711	-0.258683	0.0976156	-0.039004	0.450144
0.0732843	-0.142827	0.103715	0.227232	-0.404815	0.106474	-0.15934	-0.0513958	-0.232561	0.480235
0.00108358	-0.359744	-0.0311581	0.233566	-0.37106	-0.149505	-0.123812	0.0799358	0.198762	0.521932
0.0449661	-0.257281	0.00327061	0.0479553	-0.412379	0.0625381	-0.288823	0.214929	0.0682287	0.516596
0.218452	-0.205686	-0.21089	0.120342	-0.214418	0.0760519	-0.246417	0.302644	-0.129291	0.289216
0.228414	-0.239795	-0.1108	-0.0108456	-0.249293	0.0510041	-0.293023	0.311007	0.105953	0.207379
0.154575	-0.0700576	-0.0840982	0.079993	-0.129025	0.0862773	-0.310355	0.18065	-0.0365242	0.128565
0.00988885	0.0282743	-0.149216	0.0384476	-0.165567	0.111279	-0.261841	0.198224	0.0380441	0.152466
0.0492216	-0.0210255	-0.0186633	-0.10189	-0.0712697	0.14716	-0.213697	0.0773408	0.108587	0.0442372
0.125915	-0.0141722	0.072318	-0.168964	0.174263	0.157593	-0.256638	0.0495036	0.0135818	-0.1534
0.142271	-0.0782757	-0.328951	-0.250114	0.315972	0.346103	-0.187211	-0.0133205	0.298101	-0.244577
-0.137814	-0.216479	-0.267421	-0.178524	0.116622	0.637321	-0.0130386	-0.061309	0.325786	-0.205142
-0.210216	-0.120558	-0.0674247	-0.0488857	-0.00258935	0.588631	-0.0697461	-0.0535227	0.0730071	-0.0886967
-0.086781	-0.00573189	-0.0105133	-0.00358388	0.0321904	0.135105	-0.0266757	-0.0109326	0.00578991	-0.0288668
-0.00682676	-0.00261328	-0.000690625	-0.000229355	-0.00126081	0.0168154	-0.00546499	-0.000445167	0.00149204	-0.000776445
0.00617405	-2.2448e-07	-0.000135538	-4.93318e-07	-0.000201992	-3.94256e-06	-6.30503e-06	-0.00384164	-1.19634e-05	-0.00197194
-0.000271859	-0.000421836	0.00103752	-0.00418807	-0.00742475	-0.00106676	-0.000255983	0.0341428	-0.00223019	-0.0193209
-0.000494461	-0.00678	0.00602163	-0.00609097	-0.000724268	-0.0147588	-0.00394052	0.0785166	-0.00767623	-0.044073
-0.00227775	-0.00249928	0.0238114	0.0831989	-0.0144421	-0.105163	-0.0283006	0.209766	-0.0152197	-0.148873
-0.0788237	-0.0191666	0.181432	0.313031	0.0157876	-0.39892	-0.0086563	0.224357	0.00599071	-0.23503
-0.0584623	-0.0652397	0.121608	0.221743	0.130016	-0.292694	-0.113643	0.225109	0.0864286	-0.254865
-0.0500305	-0.168958	0.119418	0.0993665	0.0340231	-0.130632	-0.185914	0.220671	0.174065	-0.11201
-0.0821523	-0.208388	0.0923617	0.057419	0.00840807	-0.0914634	-0.115024	0.377531	0.175759	-0.214451
-0.0689267	-0.369089	0.0873857	0.0180103	-0.127534	0.124381	-0.104935	0.250787	0.0268863	0.163035
0.10538	-0.396221	0.0369229	0.0165936	0.0288325	0.0482647	-0.137254	0.188748	0.166979	-0.0582448
0.0332868	-0.266678	0.226579	0.0538617	-0.176615	0.110127	-0.216683	0.155256	0.146036	-0.0651705
0.0198244	-0.216468	0.103513	0.0241799	-0.130216	0.142594	-0.179909	0.313981	-0.00539276	-0.0721045
0.14813	-0.0828119	-0.0326045	0.111128	-0.276456	-0.0347057	-0.19268	0.338781	0.198842	-0.177621
0.0496444	-0.0321228	-0.0311988	0.0971808	-0.27117	-0.114074	-0.230737	0.12566	0.227395	0.179424
0.188736	-0.0268066	0.0724712	0.187694	-0.423983	-0.103994	-0.332751	0.222434	-0.146585	0.362787
0.250591	-0.012006	0.0426734	0.216999	-0.372681	-0.206295	-0.392766	0.290903	-0.0684519	0.251036
0.444273	-0.196583	-0.0372354	0.0918588	-0.448368	-0.0748646	-0.415643	0.274433	0.142419	0.219712
0.289824	0.0553845	-0.0696489	0.128766	-0.227832	-0.044951	-0.3912	0.260285	-0.0276666	0.0270412
0.13158	-0.141759	-0.183824	0.251745	-0.0569818	-0.0516055	-0.552127	0.369141	0.10689	0.12694
0.0861139	-0.105522	0.0930376	0.121559	-0.100812	0.0583446	-0.504322	0.174276	0.161295	0.0160306
0.142375	-0.16443	-0.0230657	0.124572	-0.0809883	0.193238	-0.371506	0.189024	0.0819268	-0.0911456
0.0404032	-0.187604	-0.0709721	0.0870313	-0.0491299	0.13291	-0.296654	0.0182059	0.149946	0.175862
0.18961	-0.205963	-0.0343712	0.135801	-0.0304314	0.0682698	-0.377623	0.149259	0.135882	-0.0304344
0.332282	-0.327868	-0.0893357	-0.371443	0.103914	0.545677	-0.366982	0.0574032	0.310365	-0.194013
0.0144396	-0.327188	-0.300001	-0.280966	0.0364873	0.925941	-0.223739	-0.0954488	0.422285	-0.171809
-0.20507	-0.139351	-0.102939	-0.065401	0.0199099	0.683676	-0.136402	-0.077273	0.123832	-0.100982
-0.0718671	-0.0118602	-0.0140048	-0.0047684	-0.0308827	0.183639	-0.0697818	-0.0143984	0.0615796	-0.0276555
-0.00507598	-0.00195015	-0.00140758	-6.58322e-05	-0.00122249	0.0103416	-0.00655848	-0.00321896	0.0103688	-0.00121095
-2.99928e-06	-7.05478e-06	-6.25804e-06	-9.95176e-05	-0.000387454	-4.65214e-05	-2.76618e-06	0.00156666	-1.93396e-05	-0.000994752
-0.000440413	-6.20322e-05	-0.000655408	-0.00399214	-0.00791737	-0.00106319	-0.00013582	0.0417447	-0.001541	-0.0259373
0.00237068	-0.0044283	-0.00495791	0.0202203	-0.00655649	-0.00754367	-0.00538105	0.087014	-0.0174102	-0.0633272
0.00441224	-0.00459753	0.0400444	0.114804	-0.0860944	-0.113052	-0.0359545	0.26987	-0.0282102	-0.161221
-0.0600121	-0.0435015	0.136314	0.354561	-0.121229	-0.333823	-0.00867419	0.325334	0.0325698	-0.281537
-0.0513383	-0.140546	0.246507	0.156164	-0.0371851	-0.274161	-0.163858	0.240733	0.124387	-0.100702
-0.0830596	-0.177456	0.0716032	0.0912161	-0.0908773	-0.105923	-0.170324	0.148507	0.194057	0.122256
-0.103219	-0.172303	0.0128662	0.115644	-0.0836985	0.00691262	-0.0394401	0.116658	0.140476	0.00610317
-0.0874534	-0.263536	-0.0336257	0.0825957	-0.0672479	0.152908	-0.0679297	0.0762326	0.148623	0.0594331
0.0452429	-0.344272	0.0926251	0.0250511	-0.00191067	0.0408507	-0.174141	0.108245	0.243043	-0.0347332
0.111239	-0.219466	0.199444	-0.107987	-0.195034	0.170254	-0.263581	-0.00499288	0.155613	0.154512
-0.0347278	-0.109809	0.0630607	-0.280611	-0.100011	0.31934	-0.15801	0.140756	0.0994976	0.0605141
0.0338558	-0.0959127	0.0299322	-0.215049	-0.114218	0.193209	-0.197881	0.326776	0.0160457	0.0232435
0.204679	0.0295757	0.0695109	-0.100075	-0.157634	-0.0535306	-0.33648	0.238759	0.0395207	0.0656762
0.064602	0.194601	0.170001	0.213915	-0.622994	-0.213149	-0.225728	0.425725	-0.22621	0.219237
-0.0171747	0.421178	0.21634	0.353305	-0.422713	-0.369115	-0.393806	0.355646	-0.420249	0.276594
0.22574	0.146271	0.207222	0.258416	-0.121367	-0.38622	-0.51923	0.321444	-0.138522	0.0062448
0.329111	0.0318663	0.00835196	0.141987	-0.088612	-0.218234	-0.628304	0.418954	0.0210779	-0.0161981
0.251575	-0.12104	0.0612538	0.0616913	0.0336047	-0.0953187	-0.597491	0.264993	0.0183659	0.122368
0.241997	-0.208851	-0.000976108	0.164329	-0.032217	-0.101015	-0.546163	0.314003	0.110101	0.0587932
0.165276	-0.283776	-0.0489922	0.266688	0.032519	-0.00658422	-0.363838	0.133198	0.113894	-0.00838285
-0.0571282	-0.285814	-0.107028	0.20297	0.0229717	0.2247	-0.255603	0.252619	0.136037	-0.133725
0.0553018	-0.349584	0.00412835	0.223881	-0.0208962	0.259603	-0.418854	0.18476	0.141896	-0.0802378
0.414713	-0.367065	-0.117204	-0.185948	-0.0617189	0.617884	-0.322838	-0.0455236	0.289154	-0.221454
0.164473	-0.24458	-0.290077	-0.249102	-0.218246	1.17382	-0.266225	-0.0868022	0.216057	-0.199317
-0.196288	-0.107644	-0.0829941	-0.0449552	-0.155173	0.899012	-0.221285	-0.0410309	0.058653	-0.108294
-0.0683138	-0.0135962	-0.00661492	-0.0075284	-0.0521086	0.206842	-0.0895545	0.00221484	0.0674533	-0.0387938
-0.00113586	-0.00190714	-0.000985296	-0.000361467	-0.004821	0.0138537	-0.00501955	0.0261923	-0.0231436	-0.00267202
-4.66979e-06	-8.25725e-06	-1.26104e-05	-0.000162552	-0.000453108	-5.99508e-05	-3.26974e-06	0.00218891	-2.71371e-05	-0.00145735
-0.000486905	-2.99864e-05	-0.00021174	-0.00275683	-0.00742895	-0.000966498	-4.75337e-05	0.039764	-0.000854137	-0.0269814
0.0168559	-0.0023336	-0.00220359	0.00939995	-0.0267567	-0.00802734	-0.0160684	0.123401	-0.013855	-0.0804122
-0.00511804	-0.0256266	0.0533943	0.167249	-0.0950491	-0.0953322	-0.0413255	0.239253	-0.0567049	-0.140739
-0.0424881	-0.0531745	-0.0225242	0.193793	-0.126778	-0.165235	-0.0546659	0.331885	0.122205	-0.183017
-0.0121471	-0.144748	0.185243	0.0129982	-0.141689	-0.146066	-0.136767	0.220432	0.101237	0.0615094
-0.0699791	-0.234463	0.220784	-0.0333955	-0.142845	-0.0205449	-0.111117	0.0405213	0.144711	0.206328
-0.0983462	-0.205854	-0.0343403	-0.0966911	-0.0721664	0.15731	0.01988	0.035257	0.233756	0.0611935
-0.0687762	-0.197944	-0.0251344	-0.227608	-0.0032228	0.266356	0.00961648	-0.130682	0.207433	0.169964
0.044309	-0.248699	-0.131115	-0.397984	0.160115	0.314489	-0.161205	0.0102412	0.292341	0.117507
-0.0718517	-0.0737423	-0.0584255	-0.42892	0.0485138	0.24511	-0.0927231	-0.0267553	0.289635	0.169158
0.0259295	0.015324	-0.0502806	-0.47427	0.0450207	0.25752	-0.0955681	-0.118032	0.229165	0.165194
0.00701598	-0.00931409	-0.107431	-0.444965	0.205691	0.330737	-0.195914	-0.14271	0.19957	0.157321
0.0983514	0.228848	-0.217499	0.0149598	-0.271103	0.201646	-0.0795281	0.172681	0.0395483	-0.187905
0.0100665	0.526692	-0.0156644	0.185746	-0.817031	0.0612904	-0.262286	0.362349	-0.0405579	-0.0106015
-0.141486	0.692338	-0.0984233	0.166471	-0.161919	-0.104743	-0.482166	0.49531	-0.282948	-0.0824325
0.00153923	0.268741	0.0184858	0.232062	-0.068333	-0.232896	-0.463372	0.584343	-0.327951	-0.0126183
0.274587	0.0773225	0.117558	0.188577	0.0507641	-0.387853	-0.471163	0.325868	-0.157061	-0.0185978
0.234166	-0.176039	0.101452	0.172245	-0.00934201	-0.374842	-0.463319	0.316567	0.127351	0.0717615
0.0685462	-0.18134	-0.00593069	0.215739	0.0990752	-0.314361	-0.442593	0.372081	0.195785	-0.00700396
0.137864	-0.314898	-0.0704552	0.321175	-0.100397	-0.182113	-0.283432	0.396358	0.118975	-0.0230778
0.0718205	-0.29872	-0.0911064	0.167324	-0.0429924	-0.000661192	-0.245181	0.400038	0.11315	-0.0736701
0.187287	-0.313834	-0.0591271	0.110029	-0.113044	0.1085	-0.285457	0.229028	0.174259	-0.0376419
0.428419	-0.283086	-0.122229	-0.0933707	-0.377556	0.603189	-0.133852	-0.149466	0.234503	-0.106548
0.219269	-0.203478	-0.215134	-0.171725	-0.317996	1.23224	-0.204031	-0.114335	0.00199299	-0.226797
-0.196918	-0.0730109	-0.0469508	-0.0243712	-0.202043	1.04728	-0.285477	-0.0306178	-0.091797	-0.0960987
-0.0861822	-0.0174575	0.010401	-0.00473045	-0.0621336	0.272771	-0.0899226	0.000741594	0.0128502	-0.0363372
-0.000572371	0.000660773	-0.000522842	-0.000125828	-0.00124472	0.00695707	-0.0119203	0.00605462	0.00575904	-0.00504543
-2.88628e-05	-3.42228e-06	-1.39512e-05	-0.00010486	-7.88003e-05	-7.04158e-05	-4.24086e-06	0.00105262	-3.39493e-05	-0.000714119
0.00363288	0.0002924	-0.000430909	-0.00201954	-0.0170436	-0.00552236	-0.000159834	0.0602793	-0.00117004	-0.0378583
-0.00423721	-0.000171366	-0.00461696	0.00890684	-0.0807201	-0.012191	-0.00113292	0.22703	-0.0091159	-0.123751
-0.0109579	-0.0175689	-0.0286618	0.147743	-0.0888692	-0.103898	-0.0458385	0.290909	-0.0127967	-0.130059
-0.117912	-0.0280801	-0.118454	0.117401	-0.172391	-0.0731028	-0.0424953	0.357536	0.0707951	0.00670407
-0.0921385	-0.0783799	-0.107702	-0.127408	-0.101281	-0.0291589	-0.0163756	0.129285	0.195796	0.227363
-0.00578701	-0.20046	-0.174025	-0.265677	0.0150701	0.202583	-0.0274043	-0.00778783	0.204476	0.259013
-0.0191354	-0.211875	-0.302358	-0.450083	0.029061	0.153952	0.12091	0.106885	0.427211	0.145433
-0.0439039	-0.201966	-0.352569	-0.43079	0.159275	0.157681	0.0305087	-0.0956215	0.324913	0.452476
-0.131969	-0.233717	-0.401361	-0.451719	0.31782	0.181357	0.0714038	0.119242	0.373349	0.155591
-0.0495998	-0.147082	-0.676566	-0.32814	0.386372	0.152517	0.0366293	0.178757	0.210581	0.236531
-0.0620792	-0.153309	-0.642874	-0.196039	0.21819	0.120201	-0.00341725	0.171002	0.203625	0.344701
-0.138023	-0.0805601	-0.721529	-0.0831562	0.389171	0.267087	0.130548	-0.0567291	0.204935	0.0882563
-0.0408999	0.291331	-0.783025	0.200699	-0.592169	0.507649	0.150851	0.0445536	0.24971	-0.0287004
-0.353976	0.706545	-0.531856	0.168261	-0.710549	0.133771	-0.230608	0.317099	0.476623	0.0246926
-0.570462	0.702409	-0.423441	0.232125	0.182615	-0.13994	-0.545738	0.426259	-0.0117937	0.147968
-0.499465	0.219251	-0.167922	0.0594886	0.378153	-0.15935	-0.304073	0.434575	-0.203578	0.242924
-0.0738503	-0.0418762	-0.260212	0.236734	0.160388	-0.136519	-0.358859	0.326354	-0.192896	0.340737
-0.0849991	-0.0324541	-0.0531512	0.111154	-0.0153326	-0.12552	-0.294145	0.406227	-0.154904	0.243124
0.0525181	-0.156215	0.179123	0.128501	-0.0121307	-0.371671	-0.231044	0.209809	0.00275235	0.198357
0.136362	-0.196527	-0.0555677	0.270123	-0.161837	-0.568504	-0.145826	0.292244	-0.0101915	0.439724
0.21353	-0.200668	-0.00735006	-0.0562641	-0.140371	-0.454155	-0.0291713	0.316184	0.0629449	0.295321
0.215309	-0.169532	-0.0678486	-0.0693876	-0.205165	-0.423898	0.00669958	0.193597	0.281698	0.238529
0.333732	-0.136588	-0.116444	-0.157077	-0.35256	0.0109816	0.211322	-0.142607	0.371612	-0.0223694
0.280277	-0.106796	-0.0882171	-0.128006	-0.295296	0.413711	-0.0331764	-0.114309	0.246539	-0.174723
-0.114436	-0.0554352	0.04286	-0.00555582	-0.136736	0.584947	-0.247897	-0.0436593	0.0623113	-0.0863982
-0.0546779	-0.0146325	0.0147582	-0.00235918	-0.0199415	0.158884	-0.126387	-0.00971413	0.0795712	-0.0255013
-0.000379809	0.00249961	-0.000333158	-4.29979e-05	-0.000846741	0.00417525	-0.00734025	0.000797559	0.00382253	-0.00235199
-1.33e-06	-3.24453e-08	-5.16753e-06	-2.92464e-05	-1.63548e-06	-9.03771e-06	-1.71729e-08	0.00115956	-1.56347e-05	-0.00109746
-4.24122e-05	-0.000118832	-2.73407e-05	-0.00221724	-0.02554	-0.00693824	-0.000206966	0.0594066	-0.000731928	-0.0235836
-0.00477149	-0.00116676	-0.00153076	-0.00632521	-0.0891247	-0.0108041	-0.00114935	0.231995	-0.00562273	-0.1115
-0.0246279	-0.00134531	-0.0906976	0.0206336	-0.13773	-0.0423506	-0.0387302	0.365558	0.0308596	-0.0815697
-0.101738	0.00444832	-0.192529	-0.0434085	-0.23289	0.00513623	-0.0627451	0.363605	0.0276251	0.232497
-0.0234835	-0.0437748	-0.44483	-0.220009	-0.0557571	0.0409602	0.00104063	0.178815	0.226247	0.340792
0.157673	-0.0861917	-0.717908	-0.345188	0.12655	0.237454	0.126379	0.0128076	0.161755	0.326668
0.0371743	-0.11997	-0.794839	-0.381036	0.260084	0.128685	0.177766	0.249821	0.246163	0.196152
-0.0433211	-0.158755	-0.481129	-0.373774	0.380761	0.0471296	0.10868	0.264849	0.0654589	0.1901
-0.0465324	-0.163496	-0.490011	-0.15246	0.250524	-0.0235706	0.159543	0.000179094	0.17024	0.295586
-0.0012286	-0.318775	-0.60459	0.106543	0.449078	0.234931	0.0343289	-0.0390884	-0.122614	0.261416
0.0236418	-0.420834	-0.579573	-0.0791697	0.554601	0.185686	0.262382	-0.0542591	-0.0640168	0.171541
0.117442	-0.0186962	-0.577093	-0.0210766	0.715601	0.242162	0.240987	-0.575667	0.129418	-0.253079
-0.0290983	0.232062	-0.438952	0.109937	-0.0898312	0.297073	0.15073	-0.734566	0.46764	0.0350055
-0.556616	0.864342	-0.451733	0.473149	-0.419096	-0.0486422	-0.261707	-0.138947	0.270243	0.269007
-0.767305	0.50005	-0.448851	0.204935	0.2273	-0.0677844	-0.322229	0.315462	0.0730455	0.28538
-0.625537	0.119901	-0.240082	0.0756749	0.392374	-0.351246	-0.115195	0.449332	0.00296219	0.291818
-0.140862	0.118628	-0.28906	0.000748608	0.0995281	-0.381981	-0.170967	0.378913	0.0738303	0.311223
-0.0210741	-0.00749107	-0.175016	0.0789692	0.0220549	-0.273818	-0.219438	0.301954	-0.0470369	0.340897
0.0505715	-0.163445	0.163199	-0.0768481	0.104565	-0.289047	-0.272254	-0.0506394	0.138595	0.395303
0.0215459	-0.136992	-0.0289321	-0.105249	0.109439	-0.431156	-0.119361	0.0612865	0.207347	0.422072
0.119939	-0.0893521	0.00677368	-0.42776	0.179229	-0.729946	0.0961388	0.0919607	0.341648	0.411366
0.288223	-0.0778574	-0.106189	-0.33009	0.0564304	-0.905526	0.31457	0.0246366	0.387958	0.347845
0.38997	-0.0484021	-0.261889	-0.193136	-0.159829	-0.776413	0.535804	-0.114924	0.482022	0.146798
0.398829	-0.041273	0.0650939	-0.0802291	-0.0997032	-0.582248	0.225533	-0.0907219	0.385359	-0.180638
-0.00581646	-0.0252882	0.16925	0.00389027	-0.0373859	0.012501	-0.149343	0.0115859	0.10785	-0.0872432
-0.0267328	-0.015804	0.0984359	-0.00040545	-0.0136949	0.0756034	-0.132599	0.0180088	0.0250129	-0.0278251
-0.000171066	0.00167813	0.00987344	-5.06873e-05	-0.00501196	-0.00211227	-0.00651587	0.00879717	-0.00542787	-0.00105901
-6.43494e-09	3.65291e-05	-4.24794e-06	-1.19002e-05	-1.57127e-07	-1.38424e-06	-1.22619e-06	-5.95229e-06	-3.91934e-06	-7.73525e-06
0.000422619	-2.05752e-05	-2.2088e-05	-0.00128985	-0.018363	-0.00140835	-0.000219491	0.0331357	-0.000186395	-0.0120486
-0.00218503	-0.000398795	-0.000617408	-0.00427192	-0.0552137	-0.00331462	-0.000514923	0.146193	-0.00159514	-0.0780815
-0.0125245	0.00489734	-0.109428	0.00182027	-0.112008	-0.00135779	-0.0329898	0.272664	0.0190758	-0.0301489
-0.0227997	0.0117527	-0.339195	-0.147316	-0.102667	0.055155	-0.0824706	0.215863	-0.0219999	0.433678
0.0229953	-0.035567	-0.623114	-0.241364	0.16192	0.13607	0.0633724	0.0707968	0.059138	0.385751
0.235844	-0.0720927	-0.827337	-0.328774	0.356087	0.0274563	0.288054	0.089487	0.0322486	0.199025
0.240076	-0.10787	-0.687311	-0.330698	0.323094	0.133839	0.0765603	0.13009	-0.0114268	0.233649
0.0878869	-0.0572862	-0.37025	-0.2032	0.356182	0.00502461	0.0779923	-0.000662309	-0.0816829	0.185996
0.0750827	-0.171159	-0.256908	-0.086113	0.304837	0.0538992	0.116465	-0.0970614	0.0508668	0.0100901
0.116143	-0.55645	-0.124742	-0.137688	0.391772	0.224981	0.202362	-0.029489	-0.142015	0.0551265
0.0858702	-0.595346	0.0170248	-0.193479	0.599458	0.291044	0.130133	-0.36851	0.0698982	-0.0360954
0.0926103	-0.0996775	-0.0642049	0.0817506	0.41592	0.387151	0.158771	-0.95221	0.243523	-0.263633
-0.365421	0.283363	0.115091	0.351456	-0.16235	0.20823	0.0120162	-0.96034	0.436945	0.0810101
-0.666366	0.658242	0.0165337	0.272476	-0.0918763	-0.0790066	-0.170046	-0.216335	0.00514282	0.271236
-0.791608	0.385354	-0.258187	-0.0974316	0.327803	-0.287432	0.0352091	0.0749267	0.322495	0.288872
-0.588706	0.14719	-0.276218	0.0632966	0.2762	-0.486662	0.0342485	0.219414	0.170654	0.440585
-0.220613	0.217454	-0.125851	0.0568511	0.223282	-0.26934	-0.206573	0.118391	-0.0881856	0.294588
-0.0807011	-0.195786	-0.168486	0.17071	0.202725	-0.16025	-0.193351	0.107836	0.0530701	0.264231
-0.108081	-0.24748	-0.134103	-0.05878	0.155412	-0.0527966	-0.00516579	-0.0375126	0.0694127	0.419096
-0.240608	-0.164199	-0.107164	-0.456545	0.301644	-0.0262755	-0.0731998	0.171682	0.212169	0.382497
0.0192679	-0.112264	-0.00612205	-0.442632	0.265661	-0.298461	0.187716	0.0610742	-0.0375814	0.363341
0.25889	-0.100019	-0.0990181	-0.433758	0.186096	-0.42107	0.412137	-0.0355841	0.0817813	0.150545
0.37726	-0.0869563	-0.118043	-0.197209	-0.0292228	-0.586782	0.654764	-0.0104645	0.166677	-0.170025
0.322248	-0.0706599	0.26758	-0.0616293	-0.140394	-0.50195	0.304603	0.0188002	0.118217	-0.256813
0.0493138	-0.0414883	0.358962	-0.00515391	-0.00553454	-0.114967	-0.171002	0.0249063	0.0285609	-0.123596
-0.00805861	-0.0197682	0.226491	-0.000918803	-0.010383	-0.0079724	-0.133586	0.00240968	-0.0128687	-0.0353448
-0.00136085	-0.000425032	0.0635012	-0.00196378	-0.0153834	-0.018362	-0.0196498	-0.00360065	-0.00149061	-0.00126512
-3.40486e-05	-7.59328e-07	-1.12203e-05	-0.000942829	-4.46478e-05	0.00412629	-7.01208e-05	-3.31196e-05	-0.000136167	-0.00285338
-4.96039e-05	-6.87692e-06	-0.00717709	0.00743285	-0.00955385	-0.000690885	-1.26541e-05	0.0167187	-0.000497887	-0.00616273
-0.000645374	0.000550568	-0.00485164	0.00319465	-0.0231137	-0.00133562	-5.27557e-05	0.0771165	-0.000851284	-0.0500113
-0.0457753	0.00928447	-0.0916577	0.00748054	-0.0195338	0.0116939	-0.0154979	0.130945	-0.00943454	0.0224952
-0.0245559	0.0141285	-0.241602	-0.0752855	0.216611	0.034066	-0.167027	0.0664198	-0.0824002	0.259647
0.195118	-0.0480312	-0.468172	-0.236744	0.393568	-0.0198766	0.0299966	0.0667473	-0.0472929	0.134686
0.19606	-0.0877187	-0.308576	-0.34606	0.34064	-0.0487172	0.203525	-0.0251209	-0.134907	0.210875
0.342888	-0.12173	-0.0815334	-0.319628	0.377397	-0.0275543	0.0658511	-0.0346323	-0.356375	0.155317
0.21306	-0.063069	-0.100685	-0.18709	0.332524	0.0570658	0.144893	-0.164064	-0.303484	0.0708477
0.22426	-0.235291	-0.0603645	-0.0704215	0.290352	0.148338	0.237685	-0.253492	-0.254427	-0.0266388
0.0738155	-0.59168	0.0566453	-0.141368	0.308746	0.292969	0.263813	-0.202659	-0.0207632	-0.039521
0.157825	-0.559101	0.109585	-0.187613	0.384212	0.0181874	0.410725	-0.532804	0.250617	-0.0516326
0.108512	0.0117525	0.0232016	0.15402	0.249882	0.0499652	0.18735	-0.852759	0.247376	-0.179299
-0.329606	0.332746	0.283169	0.0429559	-0.183647	0.0167568	-0.0529356	-0.588505	0.447743	0.0313216
-0.700992	0.579657	0.0949422	0.0936107	-0.021329	-0.0957646	-0.0880723	-0.15936	0.266075	0.0312353
-0.715592	0.384326	-0.150288	0.0237299	0.179301	-0.175774	0.0525794	-0.0407961	0.240874	0.201641
-0.664102	0.21444	-0.0728461	-0.0199803	0.380306	-0.347997	0.125951	0.034153	-0.0114577	0.361532
-0.185553	-0.194755	-0.204512	0.0563037	0.5002	-0.337328	-0.251009	0.252933	0.0818182	0.281903
-0.0770296	-0.464236	0.0350738	0.0285518	0.244592	-0.190961	-0.165226	0.433643	-0.0197769	0.17537
-0.137877	-0.358989	-0.0607441	-0.0830021	0.341719	-0.249653	-0.0542644	0.526986	-0.008108	0.0839318
-0.0280908	-0.222822	0.00775812	-0.25467	0.218353	-0.0497116	-0.0546825	0.295189	-0.150144	0.23882
0.150268	-0.147788	-0.106322	-0.0841148	0.0854876	-0.111552	0.125507	0.119925	-0.207738	0.176325
0.18214	-0.103823	-0.0960586	-0.238923	0.0959083	-0.0338902	0.338826	0.229325	-0.285012	-0.0884926
0.338977	-0.073688	0.0798209	-0.143851	-0.0411076	-0.174579	0.431492	0.18788	-0.249857	-0.355087
0.325352	-0.0374027	0.291653	-0.0275554	-0.151985	-0.217973	0.214685	0.0312436	-0.142505	-0.285511
0.027856	-0.0253976	0.409866	-0.0199574	-0.0678085	-0.14677	-0.0901751	-0.0163075	0.00972233	-0.0810283
-0.00480414	-0.00415723	0.21747	-0.00891087	-0.0410262	-0.021243	-0.115077	-0.00351405	-0.00783221	-0.0109051
-0.000141946	-1.95734e-05	0.00649509	-0.00145067	-0.00167024	-0.00083734	-0.00201556	-4.40549e-05	-0.000289115	-2.65876e-05
-1.33254e-05	-3.39178e-07	-3.71985e-06	-0.00031065	-2.32888e-05	0.0013135	-2.35009e-05	5.72812e-05	-4.82549e-05	-0.000947699
-5.24655e-05	-7.28782e-06	-0.0152836	0.0170039	-2.63662e-05	-0.00055488	-6.61271e-06	-5.74175e-05	-0.000984747	-3.05198e-05
-0.0011852	0.00355637	-0.00676411	0.0188817	0.00745583	-0.00361651	-0.000224962	0.0201656	-0.00155591	-0.0367129
-0.0600137	0.00280663	0.0141626	0.0187866	0.0426989	-0.0144222	-0.0512587	0.0570185	-0.0141095	0.00433101
0.0548908	-0.00727161	0.0427396	0.0394098	0.177163	-0.032635	-0.264832	-0.00516075	-0.0917153	0.0874125
0.286101	-0.082165	0.11819	-0.0570689	0.219249	-0.205361	-0.0272748	-0.110626	-0.196618	0.0555733
0.0700868	-0.149876	0.201343	-0.106915	0.209852	-0.141005	0.180798	-0.0611229	-0.244797	0.0416357
0.288571	-0.139409	0.010015	-0.222648	0.346194	-0.174474	0.229755	-0.122585	-0.254132	0.0387143
0.270998	-0.11029	-0.0539468	-0.273327	0.34256	-0.00497469	0.217504	-0.277317	-0.191273	0.0800665
0.276727	-0.27966	-0.00679729	-0.220816	0.369859	0.121095	0.200667	-0.29573	-0.0406725	-0.124671
0.273631	-0.452208	0.0215075	-0.179642	0.275677	0.0913983	0.338122	-0.285146	-0.0670689	-0.0162688
0.102059	-0.207253	-0.0795415	-0.0743634	0.331178	0.0464264	0.432705	-0.518126	-0.0509627	0.0178789
-0.0992221	0.125134	-0.0496163	0.0548014	0.158565	0.119505	0.211757	-0.62711	0.190334	-0.0841477
-0.569717	0.431713	0.202135	0.0777667	-0.147149	-0.0437782	0.106497	-0.339892	0.435092	-0.152668
-0.78796	0.657266	0.0934047	0.172367	0.048321	-0.304637	0.195826	-0.276239	0.391194	-0.189543
-0.678947	0.137727	0.00183048	0.147385	0.246602	-0.260294	0.0837023	0.0420321	0.101834	0.178131
-0.465029	0.132637	-0.0020836	-0.0689543	0.506627	-0.190625	-0.0387905	-0.0742648	-0.0678334	0.268319
-0.196167	-0.493954	-0.089454	-0.0508271	0.443147	-0.251074	-0.0817935	0.491302	-0.13458	0.363402
-0.0375091	-0.49156	-0.128668	-0.0968965	0.174195	0.120872	-0.0953424	0.543487	-0.064517	0.0759396
-0.0343444	-0.400045	-0.046588	0.111778	0.196098	-0.0515186	-0.0101021	0.344553	-0.159217	0.0493863
0.157549	-0.275866	-0.236082	0.270277	-0.0583168	-0.162165	0.1078	0.391751	-0.29186	0.0969153
0.106943	-0.163461	-0.142547	0.18794	-0.0501003	-0.0355844	0.133915	0.337946	-0.30024	-0.0748117
0.206182	-0.12672	-0.227063	0.154633	0.0688567	-0.0437082	0.0709847	0.364203	-0.215334	-0.252034
0.328656	-0.0839996	-0.00112293	0.1186	-0.105272	0.0102929	0.188986	0.13499	-0.261253	-0.329877
0.241879	-0.0484073	0.462588	0.0575025	-0.300022	-0.0304045	0.132601	-0.0197373	-0.235062	-0.260936
-0.00352999	-0.0218632	0.509209	-0.037061	-0.131845	-0.098254	-0.0342822	-0.0739588	-0.0214331	-0.0869811
-0.00817198	-0.00745743	0.230946	-0.0119749	0.00922111	-0.0339932	-0.115177	-0.0102878	-0.0191102	-0.0339942
-0.00129725	-0.000790616	0.0311876	-0.000527556	-0.00287608	-0.0125557	-0.00819335	-0.000407851	-0.00220247	-0.0023367
-1.24386e-05	-5.17422e-07	-2.62603e-07	-1.10629e-05	-4.95406e-05	-0.000214791	-3.09144e-06	0.00038929	-2.09664e-05	-7.66193e-05
-4.48464e-05	6.40712e-06	-0.00766865	0.0104202	-1.65143e-05	-0.000344887	-2.56844e-05	-0.000916718	-0.000532685	-0.000876672
-0.00336397	0.00292426	-0.000393526	0.0532574	-0.00794555	-0.0130519	-0.0013232	-0.00154607	-0.00378753	-0.0247699
-0.0517839	-0.00340984	0.157179	0.108257	-0.0512315	-0.00639552	-0.0863986	-0.0298296	-0.0138499	-0.0225362
0.0924202	-0.0183698	0.261885	0.210479	-0.0857053	-0.0534992	-0.290029	-0.0308905	-0.133175	0.0468861
0.351784	-0.112606	0.232789	0.0873898	-0.0153565	-0.140315	-0.00179388	-0.138298	-0.252084	-0.0115076
0.208776	-0.245371	0.313729	-0.0976052	0.100569	-0.154799	0.215071	-0.0469069	-0.16585	-0.127612
0.174165	-0.258489	0.0627502	-0.205955	0.321451	-0.404004	0.325995	0.0502104	-0.0122546	-0.0538681
0.280998	-0.228056	-0.110886	-0.360914	0.360757	-0.31009	0.275034	-0.135398	0.0773106	0.151244
0.253018	-0.159199	0.127186	-0.165522	0.205692	-0.326404	0.329641	-0.171835	0.0809864	-0.173566
0.247166	-0.141914	0.16056	-0.209232	-0.0609281	-0.136316	0.450871	-0.418076	0.103727	0.00414509
0.102198	-0.114922	0.193461	-0.0795766	-0.0820151	-0.125566	0.610568	-0.608617	0.0346017	0.0698687
-0.26674	-0.111592	0.27688	0.0248151	0.0410731	-0.0252055	0.0449705	-0.295866	0.407217	-0.095551
-0.701883	0.421886	0.324886	0.232702	0.0095174	-0.128071	0.0582857	-0.171301	0.199291	-0.245312
-0.678342	0.666336	0.0922336	0.0151503	0.284482	-0.297344	0.199006	-0.282151	0.0741533	-0.0735244
-0.457454	-0.0053627	-0.0615113	-0.157576	0.504957	-0.167462	0.122585	0.127701	0.06042	0.0337036
-0.264812	-0.126309	0.192524	-0.295144	0.416101	-0.238396	-0.0424797	0.0811187	0.0577081	0.219691
-0.0131719	-0.661	0.248983	-0.0453135	0.259134	-0.152239	-0.165055	0.324887	-0.0295729	0.233347
0.0206339	-0.49346	0.0531874	0.242696	0.16807	-0.0738568	0.0915387	0.167414	-0.248941	0.0727202
0.0339873	-0.356497	-0.0295229	0.316439	0.0806115	0.0303989	0.190933	0.232786	-0.386098	-0.113038
0.187148	-0.237826	-0.111554	0.188979	0.192378	0.060725	0.00841582	0.210908	-0.389241	-0.109933
0.139669	-0.151351	0.215246	0.170109	0.0916175	-0.0292982	0.0129989	0.218485	-0.376301	-0.291176
0.177731	-0.129934	0.16852	0.286178	-0.123307	0.108627	-0.0564022	0.0456662	-0.264678	-0.212402
0.199966	-0.104056	0.225305	0.300855	-0.221879	0.0932533	0.0177331	-0.0548542	-0.0907002	-0.365622
0.0502232	-0.0496882	0.504784	0.167508	-0.22773	-0.0101928	0.0654187	-0.0639455	-0.180365	-0.256011
-0.0587954	-0.0452135	0.705003	-0.063644	-0.1123	-0.0946427	-0.0732419	-0.0733631	-0.0994037	-0.0843988
-0.0249102	-0.0214695	0.330998	-0.0133747	-0.0578024	-0.0521583	-0.0983298	-0.00711499	-0.0345462	-0.0212921
-0.0015087	-0.000391618	0.0486536	-0.000769213	-0.00208377	-0.0233336	-0.0177599	-0.000645313	-0.00183872	-0.000322777
0.0	0.0	0.0	0.0	0.0	0.0	0.0	0.0	0.0	0.0
-5.40158e-05	0.000291634	-0.00288963	0.00373114	-1.22461e-05	-0.000311042	-2.18251e-05	-7.47224e-05	-0.000511579	-0.000147709
-0.00748955	-0.000225795	0.0229275	0.0584754	-0.00700747	-0.0202474	-0.00268095	-0.00251477	-0.00402682	-0.0372103
-0.0539828	-0.00712105	0.186394	0.243389	-0.144168	0.00387115	-0.0913714	-0.0365318	-0.0301881	-0.0702903
0.0777958	-0.0342241	0.380481	0.295915	-0.0955091	0.019218	-0.333971	-0.02726	-0.149682	-0.132761
0.281085	-0.206551	0.319327	0.0870377	-0.0886778	0.171545	-0.0866051	-0.0904017	-0.233251	-0.153509
0.244751	-0.360659	0.200939	-0.0533383	0.00699103	0.319793	0.0892954	-0.182817	-0.117991	-0.146962
0.186869	-0.347055	0.112176	-0.0889124	0.181425	-0.239653	0.230384	-0.214999	0.112479	0.0672859
0.133219	-0.241798	0.0929651	-0.281456	0.259453	-0.328631	0.288556	-0.187959	0.165967	0.0996827
0.224585	-0.135171	0.172815	-0.518253	0.14195	-0.295144	0.316207	-0.209277	0.335108	-0.0328187
0.349853	0.0522484	0.318659	-0.562002	-0.00614053	-0.361823	0.548011	-0.464209	0.0632489	0.0621539
0.0871242	-0.115786	0.326838	-0.458012	-0.0877092	-0.318367	0.505451	-0.275127	0.302695	0.032892
-0.187466	0.081234	0.367185	-0.308145	0.0348088	-0.430379	0.126805	-0.0686091	0.343723	0.0408422
-0.614521	0.428328	0.267039	-0.226677	0.239062	-0.435292	0.109052	0.0581874	0.230429	-0.055606
-0.596488	0.478995	0.0383	-0.336055	0.518309	-0.275069	0.121916	0.097815	0.0539699	-0.101692
-0.305772	-0.010874	0.123285	-0.317613	0.38299	-0.0976873	0.0322633	0.0787491	-0.106372	0.221031
-0.0336617	-0.3504	0.102328	-0.0250155	0.279295	-0.0190779	-0.0788713	-0.0542219	0.134346	0.045281
0.107525	-0.555876	-0.0622152	0.195014	0.175146	0.116814	0.0627149	0.0174879	-0.104723	0.0481147
-0.0229722	-0.341737	0.0723095	0.0814148	0.215852	0.191039	0.183196	0.0604196	-0.329911	-0.10961
0.0488461	-0.229094	0.0388538	0.299357	-0.0752541	0.107058	0.156234	-0.0470955	-0.127368	-0.171537
0.117372	-0.161865	-0.0166699	0.0774774	0.0493155	0.0992246	0.0303452	0.0609825	-0.0865077	-0.169674
0.00374962	-0.102339	0.106591	0.164717	0.0600251	0.0548631	0.046738	0.00893151	-0.115783	-0.227493
0.167478	-0.0571464	0.137534	0.34386	-0.177693	-0.0302862	0.0449871	-0.00552606	-0.123914	-0.299292
0.0879222	-0.0640894	0.110362	0.333759	-0.184839	0.0898895	0.019722	-0.0663645	0.0452797	-0.371641
-0.00526024	-0.0377966	0.485317	-0.040443	-0.190161	0.0540922	0.0192461	0.0170365	-0.046138	-0.255892
-0.0352197	-0.0672561	0.716895	-0.115228	-0.144026	-0.111357	-0.0500174	0.0155306	-0.152831	-0.056488
-0.0134159	-0.0105848	0.18164	-0.011636	-0.0323477	-0.0235013	-0.0658515	0.0150029	-0.0285771	-0.0107283
0.010682	-0.000562288	0.0156635	-0.000543843	-0.0119481	-0.00360679	-0.0067231	-0.00158509	-0.000498871	-0.000877351
-2.31804e-05	-1.09787e-05	-1.02535e-05	-0.000346475	-0.00327011	-0.000193522	-4.26869e-06	0.00346059	-0.000103699	0.000501897
-1.19169e-05	5.42027e-05	-0.000126142	0.000371894	-2.31604e-06	-0.000171022	-4.84274e-06	-2.18883e-06	-8.00275e-05	-2.76403e-05
-0.00714366	-0.000636363	-0.0105231	0.0605195	-0.00811275	-0.013058	-0.00212614	0.00690069	-0.00408279	-0.0217374
-0.0900758	-0.00861651	0.123669	0.382957	-0.109006	-0.00955902	-0.0778474	-0.0139689	-0.0810012	-0.11655
0.0290662	-0.0660198	0.431283	0.30033	-0.0749296	0.168058	-0.301444	-0.0849378	-0.222036	-0.179367
0.124408	-0.260485	0.440935	0.268349	-0.0816694	0.243072	-0.251895	-0.142464	-0.116336	-0.223915
0.115897	-0.468161	0.163063	0.103999	-0.0698738	0.497265	0.0172457	-0.320896	0.0559507	-0.0944886
0.101763	-0.3695	0.33771	-0.163893	0.0384382	0.17813	0.201787	-0.31085	0.0631974	-0.0767817
0.218787	-0.124888	0.100686	-0.171839	0.104538	-0.0176196	0.192404	-0.300427	0.09727	-0.0989119
0.257306	-0.0120054	0.0678929	-0.390189	0.0720602	-0.151992	0.25486	-0.321419	0.246289	-0.0228033
0.341901	-0.120048	0.245425	-0.476006	-0.206257	-0.177373	0.289188	-0.361869	0.263201	0.201838
0.0827841	-0.103222	0.175906	-0.442093	-0.0875819	-0.160209	0.308452	-0.189425	0.279836	0.135552
-0.286607	0.0381601	0.31193	-0.498025	0.151902	-0.155241	0.552186	-0.135126	0.214351	-0.193532
-0.543648	0.143056	0.313433	-0.366262	0.279491	-0.0947393	0.290459	0.0911807	0.0594408	-0.172409
-0.457792	0.193947	0.168182	-0.264296	0.314327	0.000405834	0.0246006	0.0221032	-0.119463	0.117986
-0.166933	-0.186928	0.00127036	0.0920109	0.201192	-0.0520246	0.0685236	-0.0501748	-0.0566873	0.149752
-0.00685456	-0.342968	0.158644	0.305898	0.216326	-0.000694511	0.178795	-0.189933	-0.19087	-0.12834
0.00445676	-0.203309	0.222662	0.19877	-0.120777	0.140924	0.233403	-0.132007	-0.223611	-0.120512
-0.0322714	-0.0614308	0.0943925	0.192117	-0.0418015	-0.0581864	0.239572	-0.123153	-0.0618646	-0.147373
-0.0436554	-0.0690286	0.0861103	0.210779	-0.116551	0.0887571	0.00835159	-0.0690912	-0.0370479	-0.0586227
-0.112503	-0.0174405	-0.0017798	0.124854	-0.0306213	0.119459	0.00896414	-0.0791238	0.0207421	-0.0325511
-0.0113741	-0.0357554	0.140476	0.333609	-0.0377146	0.0488422	0.0638167	-0.170291	-0.120264	-0.211345
0.18201	-0.0835194	0.131469	0.412163	-0.304307	0.0572662	0.0298172	-0.180371	0.0417112	-0.28624
0.0755284	-0.0850109	0.405566	0.180174	-0.216544	0.123242	0.0227019	-0.245559	0.0676797	-0.327778
-0.0333298	-0.0195928	0.649969	-0.157356	-0.169373	0.145831	-0.0186044	-0.142275	-0.0520079	-0.203263
-0.0277192	0.00611779	0.488793	-0.0748242	-0.130719	-0.0682819	0.000300839	-0.0153345	-0.128662	-0.0496695
-0.00673074	0.00370878	0.0638508	-0.00920824	-0.0108422	-0.0160826	-0.0216232	0.013453	-0.0138688	-0.00265687
-0.00411021	-7.28735e-06	0.0221269	-0.000142834	-3.01387e-05	-0.00776033	-0.00952746	-1.35661e-05	-0.000250623	-0.000284432
-1.87322e-09	3.12467e-05	-2.0282e-05	-2.30875e-06	-9.21146e-09	-8.46311e-08	-2.09529e-07	-3.49663e-07	-7.75227e-06	-2.48695e-07
0.00334316	0.000151893	-0.00130625	0.000111095	-0.004661	-0.000477746	-0.00031554	0.0115956	-0.000553745	-0.00788744
-0.00484371	-0.000947979	-0.0104669	0.0548462	-0.00588342	-0.0121655	-0.00219278	0.00527265	-0.00692382	-0.0166947
-0.0717547	-0.0104206	0.0155947	0.409864	-0.0161535	-0.0100289	-0.0732681	-0.0385363	-0.116872	-0.0884236
-0.0212237	-0.0979731	0.288113	0.339817	-0.0768658	0.225687	-0.21708	-0.0753012	-0.210359	-0.154814
0.0814225	-0.334594	0.182923	0.391156	-0.0281591	0.258372	-0.247597	-0.181616	0.0403158	-0.162223
0.155068	-0.273202	0.113254	0.155273	-0.100623	0.330262	-0.0667082	-0.317084	0.135709	-0.131946
0.153903	-0.0829111	0.310542	-0.00387621	-0.127994	0.139314	0.101981	-0.4084	0.0330964	-0.115656
0.192749	-0.0423462	0.229448	-0.0280842	-0.229863	0.249944	0.0701049	-0.321407	0.0706645	-0.191208
0.170789	0.0583323	0.259122	-0.0416567	-0.342863	0.0759013	0.229903	-0.336096	0.213672	-0.287105
0.29638	-0.0824126	0.337989	-0.115323	-0.401356	0.0207858	0.362828	-0.396156	0.177018	-0.199754
0.30273	-0.0401527	0.249707	-0.253784	-0.211734	0.0225726	0.577142	-0.255014	-0.12383	-0.267634
0.126817	-0.0550058	0.23479	-0.285576	-0.354532	0.072038	0.514062	-0.0886063	0.038475	-0.202461
-0.164467	0.151908	0.371942	-0.179863	-0.152197	0.0891524	0.166997	-0.00030691	-0.094521	-0.188644
-0.243884	-0.0436996	0.160777	-0.0390767	0.115704	0.0188652	0.23203	0.15662	-0.154416	-0.202917
-0.127383	-0.0478623	0.16537	0.056894	0.00802692	0.0603768	0.243157	-0.146519	-0.0306234	-0.181437
-0.0951347	0.100632	0.203557	0.175606	-0.0237244	-0.0473303	0.241666	-0.334206	-0.0533948	-0.16767
0.0126888	-0.00620793	0.212628	0.317386	-0.137857	-0.0659706	0.191793	-0.311469	0.00501928	-0.218007
-0.0480837	0.0842387	0.0892679	0.280607	-0.124558	0.00951636	0.116949	-0.359029	0.109598	-0.158505
-0.107222	0.099958	-0.0185582	0.205676	-0.202573	0.0281107	0.117311	-0.18031	0.050843	0.00676612
-0.0217969	0.0334125	0.118992	0.0945108	-0.174658	0.150927	0.0755736	-0.320571	0.0517815	-0.00817296
0.0774002	-0.0126381	0.240935	0.285747	-0.115022	0.0969863	0.0924332	-0.427964	-0.000874966	-0.237002
0.175601	-0.0691934	0.330901	0.150055	-0.365634	0.12178	0.0576602	-0.365078	0.202802	-0.238892
0.017035	-0.0510443	0.347264	0.0901246	-0.250579	0.199673	-0.0143929	-0.281182	0.123603	-0.180499
-0.00976446	0.0179192	0.360092	-0.110218	-0.148345	0.15963	-0.0439178	-0.0776568	-0.0502422	-0.0974943
-0.0346782	0.0388848	0.35944	-0.047119	-0.0629644	-0.0204721	-0.0753175	-0.0208231	-0.107316	-0.0296338
-0.00697251	0.00394801	0.102117	-0.00737792	-0.00208254	-0.0244578	-0.0371204	-0.00245967	-0.0155357	-0.0100585
-0.00110658	3.45095e-05	0.00925527	-7.71653e-05	-1.66427e-07	-0.00210081	-0.00593394	-3.82341e-07	-7.05389e-05	-2.07397e-07
0.0	0.0	0.0	0.0	0.0	0.0	0.0	0.0	0.0	0.0
0.00841982	-3.85903e-05	-0.00296908	5.08526e-05	-6.7575e-05	-0.000439855	-0.000789184	-0.000134782	-0.00118342	-0.00284819
-0.00487238	-0.00587743	0.0148541	0.0403807	-0.00227985	-0.00659236	-0.00210453	-0.00831189	-0.0112351	-0.0139612
-0.0619499	-0.0222988	0.0821851	0.345196	-0.0372244	0.0140144	-0.0504152	-0.0687644	-0.121871	-0.0788717
0.00071362	-0.0641488	0.315822	0.387235	-0.0987659	0.100278	-0.183418	-0.166262	-0.195652	-0.0958014
0.145125	-0.218985	0.259053	0.266533	-0.162984	0.312851	-0.273525	-0.241436	-0.0481376	-0.0384935
0.164612	-0.0403356	0.208992	0.332875	-0.229489	0.198231	-0.204849	-0.376865	0.122705	-0.175876
0.140359	0.0187595	0.435587	0.199605	-0.379161	-0.0531643	0.0745795	-0.417954	0.306211	-0.324823
0.154397	0.161364	0.302294	0.18582	-0.457557	0.203113	0.00686143	-0.310172	0.0409842	-0.287106
0.188782	0.134356	0.310729	0.241646	-0.394524	0.181566	0.209802	-0.358705	-0.0749492	-0.438702
0.306423	0.156974	0.280401	-0.0184785	-0.36428	0.0396629	0.380304	-0.307389	0.0557972	-0.529417
0.413191	0.138834	0.339533	-0.138616	-0.183782	0.133526	0.330843	-0.278498	-0.186508	-0.56852
0.351683	0.052653	0.204484	-0.316748	-0.221276	0.0598472	0.440199	-0.0709885	0.025185	-0.525039
0.112482	-0.0577361	0.0792568	-0.0925818	-0.34522	0.0680897	0.299974	0.0639636	0.0619976	-0.190226
-0.00817998	-0.0101076	0.0108917	0.0346228	-0.133846	-0.0433039	0.528504	0.0720125	-0.181524	-0.269068
0.0174908	-0.0385114	0.0480989	-0.0375205	-0.0354794	0.0283275	0.334719	-0.185828	0.0974368	-0.228733
-0.0556895	0.19839	0.0677954	0.0857551	0.0411845	0.097316	0.203369	-0.331629	-0.177998	-0.128493
-0.00855371	0.271156	-0.0527171	0.182838	0.00790408	0.147199	0.108713	-0.413417	-0.0713095	-0.17181
-0.12663	0.317525	0.0950672	0.254559	-0.0826743	0.152224	0.218356	-0.552805	-0.027768	-0.247854
-0.101733	0.243845	0.210018	0.179942	-0.206569	0.0825518	0.0873763	-0.409324	-0.0200258	-0.0660825
-0.0398222	0.114007	0.161167	0.236964	-0.152569	0.0146458	0.161372	-0.530666	0.153779	-0.118877
0.0640896	0.00102959	0.296497	0.106823	-0.0898032	0.131122	0.00134761	-0.499494	0.233451	-0.245063
0.0823504	-0.0629049	0.307593	-0.0223897	-0.226339	0.392781	-0.110006	-0.402666	0.233522	-0.191939
-0.0514233	-0.0615365	0.324131	0.00219459	-0.199368	0.203615	-0.0291492	-0.203842	0.0928953	-0.0775149
-0.0333567	-0.0257949	0.35031	-0.0835081	-0.0998037	0.0809198	-0.0585192	-0.0455404	-0.0984637	0.013759
-0.0277043	0.00353771	0.173507	-0.0277269	-0.0603073	0.0427223	-0.0355624	-0.0237063	-0.0715113	0.0267519
-0.00127605	0.00572443	0.0323268	-0.00322496	-0.00051388	-0.00360453	-0.00708798	-0.00157075	-0.0137134	-0.00705967
-2.10324e-05	0.000130884	-0.00010559	-4.40262e-05	-2.43049e-05	0.000364818	-4.55897e-06	-3.15984e-05	-0.000232633	-3.19584e-05
-2.20852e-08	8.07075e-05	-3.7537e-05	-1.27246e-05	-4.48784e-07	-5.09826e-07	-7.15846e-07	-5.28214e-06	-2.2197e-05	-1.27012e-06
-5.37415e-05	8.67989e-06	0.000120853	0.000545454	-2.68162e-06	-0.000178953	-3.1411e-05	-0.000143435	-8.81946e-05	-0.000176572
-0.011274	-0.0102669	0.037673	0.0514969	-0.000634155	-0.0110539	-0.00148421	-0.0307964	-0.0116037	-0.0120567
-0.04574	-0.013834	0.120141	0.222882	-0.0444748	0.0329428	-0.0300081	-0.0926088	-0.0847159	-0.0645824
-0.0626543	0.0390017	0.208563	0.25322	-0.085103	0.16413	-0.140488	-0.174067	-0.112458	-0.0901424
0.0726666	0.233557	0.206146	0.118104	-0.117729	0.0869808	-0.235911	-0.220647	-0.0836401	-0.0595272
0.114415	0.209672	0.195472	0.226179	-0.293123	0.118759	-0.317358	-0.299865	0.190306	-0.144459
0.129095	0.12761	0.188899	0.172828	-0.360446	0.185188	-0.112204	-0.33545	0.253945	-0.249465
0.0265981	0.189293	0.106486	0.112072	-0.190202	0.145311	0.0932793	-0.240465	-0.0172624	-0.225109
0.0844461	0.0946599	0.272959	-0.183126	-0.194214	0.150246	0.179121	-0.320865	0.106993	-0.190221
0.226273	0.185269	0.150732	-0.104949	-0.206713	0.0821617	0.261529	-0.244687	-0.0902921	-0.259324
0.340997	-0.109006	0.0863144	-0.107702	-0.0680621	0.203006	0.33296	-0.206769	-0.0614628	-0.410275
0.282383	-0.169365	-0.00974208	-0.0819963	-0.11876	0.154994	0.507867	-0.0902904	-0.109017	-0.366073
0.113546	-0.186853	0.0752006	-0.0821639	-0.21743	0.0846555	0.522514	-0.113286	0.0900449	-0.286227
0.0453744	0.0491058	0.054185	-0.108433	-0.136345	0.0920478	0.546145	-0.178415	-0.0344115	-0.329251
0.0411944	0.0393984	-0.0476757	-0.00673795	0.0562951	0.0747181	0.310555	-0.137012	-0.0295185	-0.301216
0.0215965	0.0132972	0.0976857	0.0937474	-0.0793451	0.00519057	0.253298	-0.105347	-0.136558	-0.163565
-0.144573	0.138144	0.200901	0.0416746	0.00632138	0.0729024	0.343337	-0.315297	-0.038547	-0.304862
-0.161365	0.321897	0.247303	0.20684	-0.104361	-0.0289366	0.247309	-0.386498	-0.0518309	-0.29036
-0.173875	0.201635	0.318359	0.252897	-0.0116661	-0.0219046	0.105301	-0.418764	-0.0237132	-0.22827
-0.0713851	0.203292	0.0672091	0.0597199	-0.0235396	0.193745	0.0326199	-0.460392	0.147516	-0.148785
-0.00837735	0.0856657	0.194249	-0.0948852	-0.00927682	0.333627	-0.0443714	-0.454462	0.097731	-0.0999004
-0.00523478	-0.13239	0.346594	-0.100202	-0.107033	0.370414	-0.0136341	-0.361977	0.136805	-0.13334
-0.0127585	-0.0978662	0.407604	-0.139549	-0.0741566	0.183699	-0.0390557	-0.191798	-0.0167919	-0.019325
-0.0308003	-0.00546628	0.2698	-0.0980747	-0.072268	0.0814056	-0.0323273	-0.0355445	-0.137806	0.0610821
-0.0129852	-0.000667034	0.102385	-0.0204712	-0.0525816	0.0659045	-0.0262158	-0.0154501	-0.0505402	0.0106222
0.012499	-0.001328	0.0110827	-0.00311304	-0.00108272	0.0019356	-0.00225409	-0.00144078	-0.00484648	-0.0114522
4.65475e-06	-4.47792e-11	-8.08144e-07	-2.94083e-07	-3.71089e-09	-1.47513e-06	-2.3121e-07	-7.63435e-09	-1.8209e-06	-1.38433e-08
-2.1395e-08	7.81853e-05	-3.63639e-05	-1.2327e-05	-4.3476e-07	-4.93894e-07	-6.93475e-07	-5.11708e-06	-2.15033e-05	-1.23043e-06
-8.44882e-07	2.32885e-05	-1.28227e-05	2.04261e-05	-1.79664e-07	-6.61957e-06	-2.2715e-07	-8.45373e-06	-8.54469e-06	-6.02231e-06
-0.00249674	-0.00989118	0.0266319	0.0525123	-0.000386339	-0.00785053	-0.00022653	-0.0362164	-0.00855679	-0.0135197
-0.0417573	-0.0104882	0.0873391	0.155242	-0.0399866	0.0174877	-0.0111618	-0.0830806	-0.0376749	-0.0359195
-0.155073	0.0889802	0.16488	0.161596	-0.0644414	0.157808	-0.066176	-0.117948	-0.0913172	-0.0783069
-0.045258	0.477153	0.163895	0.0951107	-0.110545	-0.0247129	-0.148261	-0.0549138	-0.166107	-0.18636
0.0296099	0.365722	0.255577	0.162422	-0.176696	-0.146359	-0.275861	-0.0671959	0.0285199	-0.175739
0.0991349	0.146253	0.251106	0.11785	-0.218912	-0.0297469	-0.260131	0.0307855	0.1209	-0.257239
0.165919	0.0942159	0.311184	-0.0450298	-0.19452	0.0616143	-0.177203	-0.074607	-0.037711	-0.103863
0.155289	0.104133	0.278177	0.00504495	-0.200727	0.0724374	-0.0301677	-0.204246	-0.0760073	-0.103933
0.163745	-0.0786861	0.118652	0.0205644	-0.120681	0.00326429	0.070289	-0.12063	-0.0211513	-0.0353667
0.219934	-0.341893	0.132038	0.100215	-0.102167	0.100708	0.048991	-0.244952	0.143886	-0.0567589
0.186803	-0.449351	0.0778464	-0.0745414	-0.142212	0.175268	0.241146	-0.113131	0.136136	-0.0379639
0.385208	-0.315062	-0.0148348	-0.122053	-0.13232	0.251592	0.232076	-0.276688	0.149509	-0.157426
0.166334	-0.0969999	-0.0639626	-0.106836	-0.161787	0.120339	0.0735374	-0.0808822	0.21749	-0.0672332
0.132343	0.0186881	-0.118517	0.0405522	-0.090585	0.0256488	0.184668	-0.0464857	0.1034	-0.249713
0.0396721	0.0288833	-0.00953448	0.0467919	-0.0943438	0.0910904	0.156918	-0.0667029	-0.00190159	-0.190872
0.0092301	0.232714	0.0257392	0.094963	0.0038094	0.0128071	0.0514406	-0.22152	0.0473276	-0.25651
-0.104451	0.330247	0.161123	0.0816092	0.0153229	0.0911522	-0.0544563	-0.269802	0.00189491	-0.25264
-0.133248	0.177919	0.252651	0.168944	0.220255	0.126722	-0.0566799	-0.296565	-0.0996928	-0.360305
-0.170586	0.126914	0.264156	0.0681672	0.0931017	0.170903	0.00739489	-0.42569	-0.0267976	-0.107564
-0.100692	-0.0259878	0.272939	-0.0838431	0.182579	0.122182	-0.00522796	-0.415229	0.08282	-0.0295388
-0.00630361	-0.122138	0.350431	-0.0395995	-0.0112029	0.173029	-0.0944846	-0.269373	-0.00983782	0.029481
0.0203627	-0.0610097	0.224528	-0.0813436	-0.0781654	0.143079	-0.0846917	-0.173082	-0.0133527	0.103677
-0.0199515	-0.0121032	0.157631	-0.06746	-0.0584621	0.0843288	-0.0365246	-0.0364386	-0.0663037	0.0552851
-0.00780982	-0.0020141	0.0526301	-0.0181453	-0.0320089	0.0467871	-0.0102524	-0.0169066	-0.0214155	0.00913545
0.0013338	0.00251059	-0.0128609	-0.000184011	0.00172814	0.0131584	-0.000135962	-0.000407126	-0.00226195	-0.00288103
8.59338e-06	-8.26693e-11	-1.49196e-06	-5.42922e-07	-6.85087e-09	-2.72331e-06	-4.26849e-07	-1.40942e-08	-3.36165e-06	-2.55569e-08
0.0	0.0	0.0	0.0	0.0	0.0	0.0	0.0	0.0	0.0
0.0	0.0	0.0	0.0	0.0	0.0	0.0	0.0	0.0	0.0
-0.000293128	-0.000137714	0.000705585	0.0392171	-0.000129904	-0.000684584	-2.91093e-05	-0.0270501	-0.00202338	-0.00957476
-0.01753	-0.0258386	-0.0184463	0.153684	-0.00880356	0.0171591	-0.00183517	-0.0616977	-0.0247739	-0.0119179
-0.109097	0.0190417	-0.00470105	0.23698	-0.0319122	0.0982718	-0.0136054	0.0106536	-0.113061	-0.0925696
-0.12385	0.304488	-0.0333827	0.242083	-0.0689083	0.0993844	-0.0430434	0.10543	-0.333915	-0.148285
-0.0588119	0.315823	-0.00401903	0.251369	-0.0719192	-0.0439788	-0.103525	0.225838	-0.333321	-0.177455
0.0686004	0.119186	0.0624582	0.213324	-0.0793975	-0.12312	-0.205723	0.271839	-0.168698	-0.15847
0.13415	0.0061312	0.122047	-0.00442514	-0.0670252	0.0850185	-0.261282	-0.149714	0.141118	-0.00601795
0.225504	0.0145038	0.116456	0.118109	-0.0416452	0.128598	-0.314342	-0.104708	0.0284158	-0.170891
0.314543	-0.0708158	0.0117953	0.0887957	-0.033236	0.225292	-0.374191	-0.0818894	-0.0858534	0.0055607
0.338258	-0.130491	0.158347	0.15272	-0.0233777	0.0692858	-0.309272	-0.230526	0.0582695	-0.0832139
0.287147	0.0288834	0.0764957	-0.126054	-0.12997	0.0717717	-0.143894	-0.198734	0.20944	-0.0750859
0.294028	-0.105811	-0.10195	0.0575142	-0.119506	-0.0698812	-0.0666419	-0.178313	0.403473	-0.112911
0.268103	-0.175044	-0.0854079	-0.0869406	-0.0506076	0.044393	-0.0153627	-0.0450925	0.202286	-0.0563272
0.166445	0.0472781	-0.105245	-0.02502	-0.0563058	-0.0133898	-0.0284751	0.0106012	0.221381	-0.217269
-0.0178353	0.0669375	-0.0365595	-0.188941	0.0887033	0.14776	-0.101867	-0.0989903	0.315685	-0.174892
-0.0323179	0.221542	-0.0375082	0.06595	0.0231239	0.00142621	-0.0939147	-0.0926973	0.10141	-0.157014
-0.289526	0.0637152	0.213361	0.219167	0.200016	-0.146105	-0.0473281	-0.197452	0.13702	-0.152868
-0.312828	0.0378327	0.357828	-0.0151394	0.20524	0.00448968	-0.0192761	-0.322775	0.131607	-0.0669808
-0.27112	-0.0441181	0.280041	-0.0215384	0.195754	0.0875005	-0.031	-0.401026	0.152029	0.0534775
-0.135975	-0.0978293	0.317347	-0.0747306	0.167721	0.00355877	-0.0594564	-0.358092	0.0391687	0.19829
-0.0485551	-0.0867098	0.271268	-0.107432	-0.0379582	0.0364806	-0.0441997	-0.220482	-0.00492153	0.242511
-0.0225443	-0.0653544	0.162107	-0.0626996	-0.0746572	0.083242	-0.0306292	-0.17816	0.0271453	0.161552
-0.0298486	-0.0147751	0.121927	-0.0268911	-0.0483402	0.0599519	-0.0204575	-0.055102	-0.0436038	0.0571393
-0.00519312	0.000203197	0.0494489	-0.0162296	-0.00211908	0.0203705	-0.0051159	-0.0192325	-0.0162979	-0.00583443
-1.1586e-05	0.011047	-0.0092052	0.00214927	0.0017822	0.00768741	-0.000107826	-0.000275719	-0.00969433	-0.0033712
0.0	0.0	0.0	0.0	0.0	0.0	0.0	0.0	0.0	0.0
0.0	0.0	0.0	0.0	0.0	0.0	0.0	0.0	0.0	0.0
0.0	0.0	0.0	0.0	0.0	0.0	0.0	0.0	0.0	0.0
-0.00125128	-9.00143e-06	-0.00169771	0.0188584	-9.37413e-06	-0.000375988	-3.8408e-06	-0.0130232	-9.60905e-05	-0.00239189
-0.00211586	-0.0185254	-0.0476577	0.0934635	-0.000282709	0.0160217	-0.000153859	-0.00116219	-0.0307317	-0.00885585
-0.0151322	-0.0330199	-0.0888442	0.183202	-0.0147354	-0.00721338	-0.0025268	0.102888	-0.133392	0.0087734
-0.0542662	0.0427354	-0.17343	0.209289	-0.0219225	-0.00876006	-0.0143659	0.293071	-0.285856	0.0135064
-0.0728597	0.0476699	-0.261709	0.383019	-0.0470216	-0.0300861	-0.0276118	0.346737	-0.350332	0.0121954
-0.119982	-0.0541675	-0.274267	0.414711	-0.0580337	0.0294776	-0.0586425	0.280174	-0.264129	0.104857
-0.0922836	-0.155872	-0.186287	0.226883	-0.0571547	0.0876785	-0.115823	0.172266	0.041471	0.0791235
-0.0693097	-0.179103	-0.140032	0.215844	0.00367846	0.302248	-0.176902	0.0751656	0.0482028	-0.0797929
-0.0464975	-0.266399	-0.209989	0.372828	-0.00810024	0.169303	-0.23248	0.101257	0.0687738	0.0513048
-0.0111525	-0.302778	-0.147827	0.359702	0.0581208	0.114166	-0.311464	0.0502875	0.302183	-0.111238
0.152654	-0.265979	0.00118526	0.272184	-0.167302	0.168576	-0.289241	0.0612969	0.25034	-0.183715
0.149568	-0.31888	-8.2305e-05	0.331225	-0.184661	0.276434	-0.311109	0.162095	0.156158	-0.260748
0.0678751	-0.305547	0.145188	0.273798	-0.103407	0.260947	-0.273329	0.0640989	0.152519	-0.282142
-0.067053	-0.252353	0.0266387	0.132877	-0.0781834	0.238642	-0.235595	0.0425319	0.279417	-0.0869206
-0.140776	-0.341462	0.000619924	0.204984	0.0109699	0.0981101	-0.160579	0.00477455	0.381604	-0.0582456
-0.190318	-0.112039	0.0967892	0.119979	-0.107348	0.142953	-0.111192	0.0248521	0.0490886	0.0872354
-0.258895	-0.0181702	0.151992	-0.14455	0.00119968	0.148622	-0.0895966	-0.128668	0.236146	0.101921
-0.241141	0.00970332	0.000541229	-0.136544	0.0878126	0.0417736	-0.0810515	-0.16359	0.336521	0.145975
-0.209841	-0.017562	-0.006744	-0.0747753	0.0692962	0.035127	-0.0491142	-0.200152	0.104841	0.348926
-0.140911	-0.0180948	0.0813972	-0.0416752	0.0537825	-0.00359612	-0.0492563	-0.180886	-0.0276604	0.326902
-0.0597984	-0.0390033	0.0404907	-0.0392603	0.0153808	0.0924616	-0.0287437	-0.157005	-0.0485347	0.224013
-0.0215277	-0.0184991	0.0653219	-0.0223024	-0.0150921	0.0710936	-0.0113532	-0.162147	-0.0295624	0.144068
-0.00365492	-0.00673322	0.136328	-0.0199642	-0.029527	0.0447498	-0.002679	-0.0653901	-0.0350234	-0.0181055
-0.000298353	0.00305369	0.0783576	-0.00412005	0.00378495	-0.0120524	-0.000320857	-0.0279645	-0.0164263	-0.0240137
-3.68172e-07	0.00071085	0.0115793	-1.09109e-05	-7.42444e-05	-0.000186839	-2.92942e-05	-1.64073e-06	-0.00239325	-0.00959362
0.0	0.0	0.0	0.0	0.0	0.0	0.0	0.0	0.0	0.0
0.0	0.0	0.0	0.0	0.0	0.0	0.0	0.0	0.0	0.0
0.0	0.0	0.0	0.0	0.0	0.0	0.0	0.0	0.0	0.0
-1.8227e-05	-2.28172e-07	-4.12688e-05	0.00185694	-4.98154e-05	-6.65335e-06	-3.09103e-07	-0.00293773	-0.000171595	0.00136888
-0.000120275	-0.00164397	-0.0123821	-0.0104789	-6.92091e-05	0.0172398	-4.74182e-05	0.0155716	-0.00330789	-0.00476165
-0.00263224	-0.0268934	-0.0405406	0.00876996	-0.00087972	0.0219728	-0.000817608	0.09586	-0.0708239	0.0159847
-0.0116727	-0.0549479	-0.0636028	0.0686231	-0.0361284	-0.0166313	-0.00174201	0.0991803	-0.138765	0.155687
-0.0515696	-0.0760601	-0.0710629	0.178464	-0.0931012	-0.021793	-0.00529746	0.0831343	-0.132052	0.189339
-0.0931293	-0.112741	-0.138999	0.319656	-0.16154	-0.012123	-0.00987056	0.128548	-0.149422	0.22962
-0.150446	-0.111786	-0.25194	0.495461	-0.273591	0.00188321	-0.0322351	0.283478	-0.229219	0.268398
-0.224206	-0.17238	-0.280502	0.537825	-0.236903	0.106964	-0.0458906	0.318888	-0.200003	0.196207
-0.311667	-0.336792	-0.248159	0.561772	-0.180264	0.120731	-0.0449574	0.215204	-0.0203211	0.244455
-0.324494	-0.29228	-0.246757	0.513557	-0.279995	0.203303	-0.045929	0.344911	0.0107968	0.116886
-0.389213	-0.209462	-0.180959	0.535771	-0.389185	0.231723	-0.0472557	0.316865	-0.0538336	0.185547
-0.350371	-0.265919	-0.128167	0.438008	-0.260734	0.24693	-0.080102	0.263905	-0.0169442	0.153395
-0.323891	-0.2859	-0.0493672	0.273265	-0.262604	0.123819	-0.0742664	0.235154	0.119041	0.244751
-0.300111	-0.288826	-0.00706118	0.139213	-0.291487	0.243659	-0.0738335	0.241817	0.217244	0.119384
-0.222354	-0.257076	-0.0301933	0.144449	-0.356133	0.211067	-0.0634036	0.16144	0.20644	0.205763
-0.2332	-0.151025	-0.0648489	0.0636293	-0.3911	0.190083	-0.0457525	0.151587	0.205173	0.275455
-0.190874	-0.0650241	-0.144103	0.00775918	-0.3124	0.111255	-0.037926	0.178571	0.135271	0.317472
-0.113242	-0.0450982	-0.16373	0.0469009	-0.306959	0.0915559	-0.024525	0.0188709	0.0742243	0.422002
-0.111973	-0.0185549	-0.106343	-0.0189079	-0.182	0.0606562	-0.0135226	-0.0844745	0.0166637	0.458457
-0.0860517	-0.00533352	-0.0923185	-0.0566317	-0.11153	0.0998475	-0.00831515	-0.058971	-0.0258811	0.345186
-0.0349468	-0.00367154	-0.0773285	-0.0214323	-0.0496209	0.132676	-0.0052427	-0.0248813	-0.0283694	0.112818
-0.00814291	-0.000858701	-0.0380106	-0.00407983	-0.0375674	0.0958548	-0.00215819	-0.0411183	-0.0095469	0.045628
-0.0019465	-1.07671e-05	-0.00581195	-0.000196157	-0.0231189	0.0549441	-0.000525846	-0.00334936	-0.00432915	-0.0156555
-4.21631e-07	-4.59013e-06	0.010281	-0.000199326	-0.000730401	-8.17581e-06	-1.88624e-05	-0.00068512	-0.00216799	-0.00646612
-3.23201e-07	-5.47953e-06	0.0122956	-3.00749e-06	-7.86387e-05	-5.69784e-06	-2.10705e-05	-1.35837e-06	-0.00200061	-0.0101794
0.0	0.0	0.0	0.0	0.0	0.0	0.0	0.0	0.0	0.0
0.0	0.0	0.0	0.0	0.0	0.0	0.0	0.0	0.0	0.0
0.0	0.0	0.0	0.0	0.0	0.0	0.0	0.0	0.0	0.0
0.0	0.0	0.0	0.0	0.0	0.0	0.0	0.0	0.0	0.0
0.0	0.0	0.0	0.0	0.0	0.0	0.0	0.0	0.0	0.0
-0.000179333	-0.000725324	-0.000647886	0.000787132	0.000716724	-0.00226768	-3.76327e-05	-0.0227796	-0.00932261	0.0344562
-0.0027626	-0.00269043	-0.00238253	0.011801	-0.00472536	-0.00598126	-0.000264941	-0.0561379	-0.0254188	0.0885628
-0.0126436	-0.00490665	-0.00753482	0.0201745	-0.0391225	-0.0176047	-0.00110097	-0.0521044	-0.0402875	0.155131
-0.0275085	-0.00716235	-0.0173084	0.0295321	-0.0880232	-0.0574962	-0.00195081	0.0149063	-0.0199119	0.174923
-0.0417467	-0.0122724	-0.0224551	0.0144789	-0.155782	-0.0755916	-0.00427683	0.0830216	-0.0184122	0.233037
-0.0740339	-0.0214152	-0.0209139	0.00383239	-0.244865	-0.0514011	-0.0061633	0.132868	-0.0579146	0.340008
-0.0686659	-0.0534791	-0.020719	0.0174088	-0.251843	-0.0162375	-0.00686315	0.1426	-0.101682	0.359481
-0.0544648	-0.0462785	-0.0408688	0.0180826	-0.308201	0.057309	-0.00811914	0.126926	-0.0748007	0.330415
-0.0398867	-0.0583795	-0.0254863	-0.0094851	-0.348559	0.0558315	-0.00970722	0.0572079	-0.089418	0.467882
-0.0736842	-0.0996142	-0.0394167	-0.00916524	-0.373912	-0.0014618	-0.0119765	0.244063	-0.108512	0.473681
-0.101858	-0.0860232	-0.0323462	-0.0289013	-0.447841	-0.0303762	-0.0103103	0.304928	-0.127763	0.56049
-0.0772265	-0.0525987	-0.040732	-0.0169594	-0.401777	0.0386397	-0.00919083	0.345786	-0.133185	0.347243
-0.0530405	-0.0352247	-0.0505335	0.0327862	-0.352299	0.00418739	-0.00841266	0.2345	-0.0933188	0.321355
-0.0629117	-0.0205035	-0.0593646	0.0192992	-0.314722	-0.0245792	-0.00798255	0.246201	-0.0501361	0.2747
-0.0416432	-0.0225416	-0.0407483	0.00552837	-0.310721	-0.044433	-0.00706737	0.217086	-0.0345981	0.279139
-0.00904953	-0.0115165	-0.0178412	-0.00440573	-0.240769	-0.0041265	-0.00445214	0.108438	-0.0409081	0.224631
-0.0287187	-0.00439321	-0.0165853	-0.0151125	-0.118479	0.0262826	-0.00301219	-0.00407499	-0.021893	0.185986
-0.0357547	-0.00251551	-0.0189574	-0.00881686	-0.0556974	0.025419	-0.00201423	0.00125084	-0.00984988	0.106936
-0.0189015	-0.000436667	-0.00683434	0.000114275	-0.0262258	0.0130205	-0.000386679	0.030771	-0.0023289	0.0112082
-0.00116032	-8.82176e-06	-4.96642e-05	-0.000151582	-7.7604e-05	0.000207218	-6.88061e-05	-0.00286072	-0.000218855	0.00438916
-2.91693e-06	-1.59398e-09	-4.60726e-07	-1.43937e-06	-0.000534408	-1.19292e-05	-1.19484e-06	-6.7324e-05	-8.12692e-06	0.000627801
-1.63042e-07	-1.61864e-08	-9.70767e-07	-1.81292e-07	-6.0525e-08	-8.0736e-08	-8.61527e-10	9.43117e-06	-5.77374e-07	-7.38012e-06
0.0	0.0	0.0	0.0	0.0	0.0	0.0	0.0	0.0	0.0
0.0	0.0	0.0	0.0	0.0	0.0	0.0	0.0	0.0	0.0
0.0	0.0	0.0	0.0	0.0	0.0	0.0	0.0	0.0	0.0
0.0	0.0	0.0	0.0	0.0	0.0	0.0	0.0	0.0	0.0
0.0	0.0	0.0	0.0	0.0	0.0	0.0	0.0	0.0	0.0
0.0	0.0	0.0	0.0	0.0	0.0	0.0	0.0	0.0	0.0
-2.89268e-06	-3.73424e-06	-2.08964e-06	-5.30749e-07	-1.21916e-06	-8.57195e-07	-7.39207e-08	9.77713e-05	-3.67464e-05	-4.96277e-05
-5.28166e-05	-9.71644e-06	-7.0581e-06	-2.14519e-06	-5.42238e-06	-1.51108e-05	-8.24274e-07	0.000401623	-0.000102181	-0.000206349
-7.47168e-05	-8.63032e-06	-2.53545e-05	-2.12265e-05	-0.0041655	-3.52874e-05	-2.43578e-06	-0.000131417	-0.000121632	0.0045862
-0.000155318	-2.22183e-05	-7.22129e-05	-6.2299e-05	-0.0238977	-0.000391792	-3.8213e-05	-0.00176273	-0.000178398	0.0265809
-0.000460587	-4.6843e-05	-0.000103884	-0.00013349	-0.0251504	-0.000931971	-7.05616e-05	0.00687988	-0.000309725	0.0203276
-0.00098427	-3.68682e-05	-0.000171483	-0.000700115	-0.0124644	-0.00068677	-2.84538e-05	0.00606928	-0.000612479	0.00961556
-0.000924978	-0.00306604	-0.00245418	-0.00339488	-0.0251512	0.00258302	-6.00251e-05	0.0336339	-0.00870242	0.00753679
-0.00148891	-0.000876887	-0.00107607	-0.00217245	-0.0180984	0.00707598	-6.40226e-05	0.010363	-0.00266146	0.00899925
-0.00346907	-0.00234092	-0.000655383	-0.00289096	-0.0282428	0.00430924	-0.000391623	0.0223756	-0.00655758	0.0178636
-0.00603704	-0.00235788	-0.000778315	-0.00410587	-0.0231364	-0.00273522	-0.00040276	0.0905347	-0.00556658	-0.0454147
-0.00899632	-0.0012964	-0.000723506	-0.00585378	-0.0623333	-0.00943863	-0.000789218	0.0917605	-0.0054328	0.00310374
-0.00838574	-0.000452799	-0.000922888	-0.00493696	-0.032165	-0.00722871	-0.000766316	0.0924429	-0.00521549	-0.032369
-0.00497983	-0.000296165	-0.00078153	-0.00562644	-0.0232874	-0.00483888	-0.000544346	0.078278	-0.00275096	-0.0351725
-0.00403992	-0.00242918	-0.000868222	-0.00442565	-0.0212479	-0.0056297	-0.000508433	0.0898191	-0.00267858	-0.0479915
-0.00414256	-0.00711507	-0.000612898	-0.00301141	-0.0272065	-0.00477716	-0.000334453	0.104859	-0.00301592	-0.0546426
-0.00207898	-0.000165643	-0.000408715	-0.00203384	-0.0200493	-0.00415742	-0.000198106	0.0703801	-0.00190061	-0.0393875
-0.00371953	-7.83774e-05	-0.00279955	-0.000996664	-0.00446738	-0.00688825	-0.000186484	0.0209016	-0.00214308	0.000377754
-0.00725395	-2.70616e-05	-0.00189102	-0.000343905	-0.00214473	-0.00296486	-7.69317e-05	0.00733032	-0.00113395	0.0085061
-0.0208629	-5.08453e-05	-0.00707773	-0.00023642	-0.00418228	-0.00292482	-0.00019054	0.0266162	-0.00100724	0.00991655
-0.0047666	-3.14931e-06	-5.57926e-05	-2.54642e-05	-0.000900096	-0.000646346	-1.67023e-05	0.00897681	-0.000202032	-0.00236062
0.0	0.0	0.0	0.0	0.0	0.0	0.0	0.0	0.0	0.0
0.0	0.0	0.0	0.0	0.0	0.0	0.0	0.0	0.0	0.0
0.0	0.0	0.0	0.0	0.0	0.0	0.0	0.0	0.0	0.0
0.0	0.0	0.0	0.0	0.0	0.0	0.0	0.0	0.0	0.0
