0.0	0.0	0.0	0.0	0.0	0.0	0.0	0.0	0.0	0.0
0.0	0.0	0.0	0.0	0.0	0.0	0.0	0.0	0.0	0.0
0.0	0.0	0.0	0.0	0.0	0.0	0.0	0.0	0.0	0.0
0.0	0.0	0.0	0.0	0.0	0.0	0.0	0.0	0.0	0.0
0.0	0.0	0.0	0.0	0.0	0.0	0.0	0.0	0.0	0.0
0.0	0.0	0.0	0.0	0.0	0.0	0.0	0.0	0.0	0.0
0.0	0.0	0.0	0.0	0.0	0.0	0.0	0.0	0.0	0.0
0.0	0.0	0.0	0.0	0.0	0.0	0.0	0.0	0.0	0.0
0.0	0.0	0.0	0.0	0.0	0.0	0.0	0.0	0.0	0.0
0.0	0.0	0.0	0.0	0.0	0.0	0.0	0.0	0.0	0.0
0.0	0.0	0.0	0.0	0.0	0.0	0.0	0.0	0.0	0.0
0.0	0.0	0.0	0.0	0.0	0.0	0.0	0.0	0.0	0.0
-3.45183e-06	-6.22067e-06	-0.000557234	-4.55013e-05	-0.00340147	-7.08072e-05	0.00475847	-6.64275e-06	-0.000124769	-0.000542373
-1.91368e-05	-1.47876e-05	-0.000873194	-0.000112127	-0.00758205	-0.000155623	0.0102942	-1.91208e-05	-0.000282453	-0.00123567
-1.28847e-05	-1.29806e-06	0.000386095	-1.3904e-05	-0.000149116	-6.45315e-07	-0.00013938	-5.09158e-06	-1.02945e-05	-5.34812e-05
-5.36862e-07	-5.40857e-08	1.60873e-05	-5.79334e-07	-6.21315e-06	-2.68881e-08	-5.8075e-06	-2.12149e-07	-4.28937e-07	-2.22838e-06
0.0	0.0	0.0	0.0	0.0	0.0	0.0	0.0	0.0	0.0
0.0	0.0	0.0	0.0	0.0	0.0	0.0	0.0	0.0	0.0
0.0	0.0	0.0	0.0	0.0	0.0	0.0	0.0	0.0	0.0
0.0	0.0	0.0	0.0	0.0	0.0	0.0	0.0	0.0	0.0
0.0	0.0	0.0	0.0	0.0	0.0	0.0	0.0	0.0	0.0
0.0	0.0	0.0	0.0	0.0	0.0	0.0	0.0	0.0	0.0
0.0	0.0	0.0	0.0	0.0	0.0	0.0	0.0	0.0	0.0
0.0	0.0	0.0	0.0	0.0	0.0	0.0	0.0	0.0	0.0
0.0	0.0	0.0	0.0	0.0	0.0	0.0	0.0	0.0	0.0
0.0	0.0	0.0	0.0	0.0	0.0	0.0	0.0	0.0	0.0
0.0	0.0	0.0	0.0	0.0	0.0	0.0	0.0	0.0	0.0
0.0	0.0	0.0	0.0	0.0	0.0	0.0	0.0	0.0	0.0
0.0	0.0	0.0	0.0	0.0	0.0	0.0	0.0	0.0	0.0
0.0	0.0	0.0	0.0	0.0	0.0	0.0	0.0	0.0	0.0
0.0	0.0	0.0	0.0	0.0	0.0	0.0	0.0	0.0	0.0
0.0	0.0	0.0	0.0	0.0	0.0	0.0	0.0	0.0	0.0
-4.87597e-09	-2.9898e-08	-8.25829e-06	-8.57722e-09	-4.00341e-05	-8.78087e-08	5.01764e-05	-6.1499e-08	-5.7066e-07	-1.12067e-06
-1.08651e-07	-8.82575e-08	-2.64738e-05	-3.91448e-08	-0.000282575	-2.65556e-07	0.000315931	-6.63676e-07	-1.70035e-06	-4.01661e-06
-1.95625e-05	-1.0763e-07	-0.000358033	-6.36571e-06	-0.0212187	-1.43121e-05	0.0218205	-5.14406e-05	-5.04749e-06	-0.000146859
-3.99275e-05	-4.93289e-05	-0.000788863	-1.48641e-05	-0.0458162	-2.67664e-05	0.0474011	-0.000275978	-4.18416e-05	-0.000347375
-5.70135e-05	-0.00235937	-0.00148462	-0.000122528	-0.0399492	-7.41916e-05	0.0466337	-0.00138916	-0.000563456	-0.000634147
-0.000139289	-0.00196184	-0.00282329	-0.000148961	-0.0188202	-0.000111438	0.0259143	-0.000832604	-0.000615871	-0.00046079
-0.00160536	-0.00126006	-0.00437206	-0.000159363	-0.0347195	-0.000459097	0.045354	-0.000618027	-0.000701596	-0.00145892
0.0129997	-0.000693041	-0.0147785	-0.000280058	-0.0555851	-0.000602034	0.0711659	-0.00446108	-0.00119733	-0.00656847
0.0283425	-0.000596439	-0.0160301	-0.000697951	-0.0989283	-0.00385135	0.114945	-0.0103151	-0.00113615	-0.0117316
0.0119152	-0.000413282	-0.012079	-0.000467771	-0.0510285	-0.00362556	0.0654361	-0.00299574	-0.00142196	-0.00531956
-0.000709466	0.0123771	-0.0025825	-0.00358585	-0.0148156	-0.00160803	0.0153579	-0.000271396	-0.00240192	-0.00176025
0.0104736	0.0183987	0.0108886	-0.0046412	-0.055371	-0.00203944	0.0315405	-0.000707427	-0.00207302	-0.00646933
0.0302382	-0.00420273	0.0390022	-0.00151864	-0.0608049	-0.00221404	0.0179284	-0.00143969	-0.00252888	-0.0144599
0.0138206	-0.00243571	0.00624724	-0.000532954	-0.0259401	-0.00152929	0.0218881	-0.000656382	-0.00213197	-0.00872946
-0.00118412	-0.000179755	-0.0134536	-0.000137553	-0.0108251	-0.00195667	0.0307238	-0.000129629	-0.0012521	-0.00160526
-0.000594796	-7.22338e-05	-0.00983346	-8.72408e-05	-0.0154696	-0.00174663	0.0300777	-0.000159065	-0.000994039	-0.00112062
-0.00026389	-9.46118e-05	-0.00426256	-8.26181e-05	-0.0125551	-0.00085269	0.0196066	-7.68948e-05	-0.000585321	-0.000832876
-0.000114051	-0.000227042	-0.00292988	-5.7789e-05	-0.013861	-0.000180871	0.0183909	-8.51152e-06	-0.000667755	-0.000344002
-1.44803e-05	-1.96682e-05	-0.000323811	-4.82348e-06	-0.01793	-1.17309e-05	0.018598	-1.66933e-05	-9.86106e-05	-0.000178158
-2.2713e-06	-1.45851e-06	-0.000129166	-6.79105e-07	-0.00579951	-1.12888e-05	0.0061047	-2.29736e-05	-4.29072e-05	-9.44475e-05
0.0	0.0	0.0	0.0	0.0	0.0	0.0	0.0	0.0	0.0
0.0	0.0	0.0	0.0	0.0	0.0	0.0	0.0	0.0	0.0
0.0	0.0	0.0	0.0	0.0	0.0	0.0	0.0	0.0	0.0
0.0	0.0	0.0	0.0	0.0	0.0	0.0	0.0	0.0	0.0
0.0	0.0	0.0	0.0	0.0	0.0	0.0	0.0	0.0	0.0
0.0	0.0	0.0	0.0	0.0	0.0	0.0	0.0	0.0	0.0
-3.29988e-08	-5.68614e-10	-3.96674e-07	-1.83949e-09	-4.74792e-06	-6.94099e-07	7.04932e-06	-8.27285e-12	-8.22516e-07	-3.52622e-07
0.00152652	-4.44826e-10	-1.60585e-05	-5.94196e-07	-0.0013229	-5.55916e-05	0.00012414	-0.000103449	-7.14806e-06	-0.000144913
0.000570202	-1.58506e-06	-0.000544454	-9.68693e-07	-0.000687551	-1.04543e-05	0.000797944	-3.70732e-05	-2.68488e-05	-5.92113e-05
-0.000233361	-4.64626e-06	1.03253e-05	-0.000170308	-0.00071343	-3.66957e-06	0.00114306	-2.75001e-06	-1.70155e-05	-8.20589e-06
-0.0103533	-2.83365e-05	-0.00117773	-0.000956272	-0.0210355	-4.36076e-05	0.0342884	-0.000385092	-0.000139911	-0.000168688
-0.0128778	-0.00133262	-0.0040054	-0.00192565	-0.0716676	-0.000734463	0.0951606	-0.00118503	-0.000705369	-0.000726532
-0.0113297	-0.0162227	0.00888118	-0.00612511	-0.0845848	-0.00263718	0.118362	-0.00283199	-0.00210484	-0.0014072
-0.0161511	-0.0306886	0.0477648	-0.0112566	-0.0788778	-0.00930643	0.113301	-0.00435475	-0.00762097	-0.00280896
-0.0155983	-0.0274168	0.0285157	-0.00350449	-0.159939	-0.0270038	0.238863	-0.00971989	-0.0147787	-0.00941754
-0.0260686	-0.0318314	0.0599868	0.0181008	-0.182486	-0.0528129	0.278392	-0.0209821	-0.0255466	-0.0167522
-0.0260276	0.00736384	0.0352753	0.0232964	-0.242624	-0.0590147	0.339461	-0.0191968	-0.0324134	-0.02612
-0.0396583	0.0746763	0.0162875	-0.00159724	-0.185564	-0.0644032	0.278462	-0.010396	-0.0420787	-0.0257278
-0.0702042	0.081988	0.0466576	-0.00745908	-0.124846	-0.0693691	0.222323	-0.014226	-0.0411148	-0.0237483
-0.0770531	0.159738	0.0849588	-0.0363659	-0.164779	-0.0474318	0.171265	-0.0174754	-0.0459403	-0.0269157
-0.060615	0.0961944	0.0877721	-0.0282869	-0.184999	-0.0063829	0.187857	-0.00930066	-0.0493204	-0.0329182
-0.0545259	0.017949	0.0172456	-0.0241863	-0.0962424	0.0298212	0.174908	-0.00629526	-0.0356294	-0.0230447
-0.039904	-0.00643475	-0.0148776	-0.0322655	-0.067261	0.0310127	0.158237	-0.00378834	-0.00900083	-0.0157179
-0.0315111	0.0116022	-0.0611047	-0.0178862	-0.0393468	0.00427826	0.172852	-0.00210172	-0.0258525	-0.0109291
-0.0209264	-0.00704542	-0.0280464	-0.00718893	-0.0260992	-0.0292345	0.13441	-0.00100506	-0.0105463	-0.00431824
-0.0109108	-0.00696566	-0.027827	-0.00717248	-0.0203956	-0.0288193	0.117844	-0.000664582	-0.00973333	-0.005355
-0.00546602	-0.00300148	-0.0279421	-0.00511832	-0.02369	-0.0149013	0.0902462	-0.000486903	-0.00699163	-0.00264846
-0.00268005	-0.00157672	-0.00680612	-0.00149224	-0.0163756	-0.0144251	0.0463692	-6.49192e-05	-0.00263637	-0.000312074
-0.000523059	-0.000493457	0.0227222	-0.000162895	-0.00202721	-0.0067257	-0.0114715	-2.70149e-05	-0.00125733	-3.40691e-05
-7.66619e-06	-2.21815e-05	0.0164337	-9.0467e-07	-0.000310419	-0.000681846	-0.0149735	-2.67251e-08	-0.000435747	-1.41293e-06
0.0	0.0	0.0	0.0	0.0	0.0	0.0	0.0	0.0	0.0
0.0	0.0	0.0	0.0	0.0	0.0	0.0	0.0	0.0	0.0
0.0	0.0	0.0	0.0	0.0	0.0	0.0	0.0	0.0	0.0
0.0	0.0	0.0	0.0	0.0	0.0	0.0	0.0	0.0	0.0
-7.3982e-08	0.00033025	-5.45482e-05	-1.6521e-05	-1.04789e-05	-3.61551e-06	-0.000175709	-8.79882e-09	-6.84191e-05	-8.75258e-07
0.0035106	7.85087e-05	-0.0001278	-1.98997e-05	-0.00430943	9.69334e-05	0.00179333	-0.000305004	-0.000236479	-0.000480753
-0.00523936	-5.50346e-05	-0.00181655	-0.00168382	-0.0020748	0.00730004	0.00456524	-0.000625411	-0.000166198	-0.000204101
-0.0326454	-0.00200941	0.000635557	0.0497472	-0.00406654	-0.0226464	0.015726	-0.00149026	-0.00251308	-0.000737726
-0.0444132	-0.00194709	0.000649637	0.0402007	-0.0358632	-0.0161291	0.0660836	-0.00230476	-0.00518799	-0.0010886
-0.0495693	-0.0143038	0.0303787	0.0687537	-0.0703245	-0.0291678	0.0915629	-0.00914853	-0.0153346	-0.00284636
-0.0124596	-0.0432571	0.0926012	0.0808759	-0.139338	-0.0373007	0.11532	-0.0264906	-0.0221526	-0.00779872
-0.0412253	-0.0635009	0.254244	0.0379317	-0.206801	-0.0592857	0.159819	-0.0341215	-0.0294451	-0.0176148
-0.0315723	-0.108269	0.246987	0.0994546	-0.243869	-0.0551753	0.233788	-0.0618138	-0.0447659	-0.0347626
-0.00688976	-0.176846	0.316987	0.235975	-0.292205	-0.111111	0.265184	-0.0914835	-0.0861002	-0.0535092
-0.0238847	-0.101594	0.33931	0.308973	-0.413838	-0.0913501	0.223712	-0.0722484	-0.0999862	-0.0690947
0.0518038	-0.0534285	0.393177	0.229753	-0.476096	-0.100022	0.225776	-0.0718959	-0.102192	-0.0968761
0.0314351	-0.0636523	0.252251	0.379938	-0.377768	-0.0690855	0.199021	-0.0756242	-0.156184	-0.120331
0.000112324	0.0244967	0.177062	0.352668	-0.379181	-0.00471699	0.182017	-0.0724724	-0.140037	-0.139949
0.00215939	0.0460543	0.21691	0.280056	-0.317505	-0.04052	0.104718	-0.058575	-0.111785	-0.121512
-0.0564914	-0.065118	0.110066	0.233169	-0.215302	0.0571679	0.11468	-0.0438549	-0.0519375	-0.082379
-0.148532	-0.125067	-0.0832212	0.21879	-0.152637	0.165446	0.190343	-0.0364856	0.00552649	-0.0341623
-0.158573	-0.0954025	-0.126309	0.177843	-0.0297838	0.160864	0.19864	-0.0216322	-0.0722001	-0.0334454
-0.107373	-0.109007	-0.164478	0.160716	0.0187349	0.181709	0.114583	-0.0174607	-0.0500033	-0.0274197
-0.104941	-0.0911878	-0.136074	-0.0297911	0.0219306	0.156063	0.19893	-0.00901154	0.0090869	-0.015005
-0.0764118	-0.0646521	-0.121903	-0.0690407	0.0153879	0.0741952	0.22435	-0.00300277	0.0258761	-0.00479849
-0.0384991	-0.0397613	-0.0897733	-0.0389389	0.0083131	-0.031824	0.204456	-0.0011164	0.0292112	-0.00206718
-0.0173154	-0.030931	-0.0125268	-0.0120624	-0.00772887	-0.0275353	0.107925	-0.000442541	0.00112353	-0.000505975
-0.00433085	-0.00910623	0.0125448	-0.000315445	-0.00034697	0.0234302	-0.021831	-4.89935e-06	-6.12141e-06	-3.3454e-05
-0.00117005	-0.0126909	-0.000356466	-2.0666e-05	-0.000132858	0.00470896	0.011462	-1.66136e-07	-0.00179708	-2.7351e-06
0.0	0.0	0.0	0.0	0.0	0.0	0.0	0.0	0.0	0.0
0.0	0.0	0.0	0.0	0.0	0.0	0.0	0.0	0.0	0.0
-2.23108e-08	-1.86408e-08	-1.26456e-05	1.97888e-05	-1.41548e-07	-6.15731e-06	-2.45665e-08	-1.3516e-08	-7.5414e-07	-1.10627e-08
-2.4963e-05	0.00112862	-0.000503623	0.000582423	-2.96018e-06	-0.000502727	-0.000671393	-5.4313e-08	-3.87814e-06	-1.44316e-06
-0.000300029	7.90851e-05	-0.00326033	0.0101368	-0.000628988	-0.00418789	-0.00146695	0.000308888	-0.000545971	-0.000134584
-0.00676496	0.00347911	-0.0228687	0.0374714	0.0101404	-0.0262561	0.0103647	-0.00149005	-0.00356972	-0.000505984
-0.0512529	0.0234876	0.00838911	0.154295	0.0104008	-0.106984	0.00497853	-0.0168397	-0.0216233	-0.00485083
-0.0546471	0.0149195	0.0788419	0.199929	-0.0269326	-0.137053	-0.00826218	-0.0197713	-0.0391153	-0.00790805
-0.0197679	-0.0275594	0.0641074	0.256227	-0.04418	-0.135931	0.00911136	-0.0416653	-0.0407986	-0.0195429
0.00423076	-0.0503467	0.130861	0.350785	-0.142889	-0.258671	0.0778383	-0.069676	0.000604464	-0.042735
0.0465793	-0.075365	0.290931	0.346705	-0.231327	-0.246295	0.0348361	-0.123025	0.0494577	-0.0924951
0.0450377	-0.0975634	0.275291	0.411121	-0.350983	-0.123495	0.0694831	-0.181204	0.0762149	-0.123903
0.0736633	-0.190323	0.334973	0.455007	-0.352162	0.00147947	-0.0351559	-0.21776	0.111171	-0.180892
-0.026205	-0.0718652	0.333433	0.394498	-0.319167	-0.0460129	-0.0719178	-0.221649	0.2771	-0.248213
-0.00107089	0.15121	0.210816	0.431937	-0.247949	-0.193077	-0.0493822	-0.237338	0.191472	-0.25662
-0.0691897	0.168004	0.242863	0.351886	-0.331392	-0.0381498	-0.0548158	-0.274314	0.341617	-0.33651
0.0175373	0.0688449	0.116329	0.33381	-0.368326	0.207557	-0.0846548	-0.260501	0.345809	-0.376405
-0.0649754	0.0457366	0.0852451	0.35662	-0.211014	0.120621	0.0361908	-0.245181	0.258881	-0.382122
0.0236232	-0.0307958	0.0242411	0.209142	-0.132914	0.143626	0.11982	-0.208379	0.117335	-0.265699
-0.0735943	-0.0831326	-0.030743	0.270866	-0.0944549	0.247003	0.0709324	-0.167731	0.055912	-0.195058
-0.128837	0.112041	-0.137652	0.123351	0.0884399	0.104877	0.0944753	-0.115684	0.0411832	-0.182194
-0.112181	0.104031	-0.134792	0.0112976	0.1648	-0.10113	0.162092	-0.0853258	0.1144	-0.123193
-0.114842	0.0625958	-0.241282	-0.0983293	0.153794	0.163297	0.22377	-0.0410567	0.00789881	-0.115845
-0.097052	0.00562714	-0.282275	-0.0889406	0.179884	0.105656	0.3036	-0.036044	-0.0230188	-0.0674341
-0.116187	-0.0236385	-0.22532	-0.161612	0.177843	0.201895	0.251096	-0.0170645	-0.0609297	-0.0260811
-0.114412	-0.116365	-0.104995	-0.0306662	0.100738	0.220323	0.03438	-0.0050648	0.0236388	-0.00757681
-0.0319726	-0.0608592	-0.00657525	-0.00345358	0.000897346	0.0732951	-0.00842604	-0.00115908	0.0404111	-0.00215762
-0.00298989	-0.00701349	-0.00274955	-9.02969e-05	-0.0109927	0.00898514	-0.00143648	-0.000290035	0.0174269	-0.000849628
-5.95705e-05	-0.00361585	-0.00230409	-2.17707e-05	-0.00207862	-0.00197456	0.0082664	-1.5935e-05	0.00188992	-8.59315e-05
0.0	0.0	0.0	0.0	0.0	0.0	0.0	0.0	0.0	0.0
0.0	0.0	0.0	0.0	0.0	0.0	0.0	0.0	0.0	0.0
-0.000142493	0.000113649	0.00016087	0.00176578	-5.46014e-05	-0.0016616	2.97181e-05	-6.85452e-06	-0.000202151	-2.32298e-06
-0.00251125	0.00394812	-0.00105023	0.0545672	0.000936417	-0.0266144	-0.0177293	-0.000547831	-0.00877172	-0.00222712
-0.0201382	0.00879691	0.00633732	0.134601	0.0100066	-0.106672	0.0122957	-0.0085231	-0.0273919	-0.00931197
-0.0768829	0.0583615	0.0165417	0.288407	0.02887	-0.166385	-0.0907883	0.0509574	-0.0792729	-0.0298082
-0.0376922	0.0135917	0.0542568	0.341459	0.017085	-0.225677	-0.0717494	0.0600603	-0.0838741	-0.0674589
-0.0307649	-0.0995662	0.122404	0.294219	0.00107619	-0.124174	-0.0749939	0.0524961	-0.037859	-0.102837
0.00298409	-0.229376	0.20859	0.20484	-0.0297209	-0.115052	0.0469178	0.0725433	-0.0222791	-0.139446
0.0260235	-0.262755	0.169422	0.188607	-0.0427778	0.0516284	-0.00162476	0.0121828	0.0573228	-0.198029
0.132688	-0.175997	0.212558	0.174014	-0.17582	0.124899	0.0253219	-0.120425	-0.0848048	-0.112435
0.0941774	-0.207376	0.253763	0.158988	-0.14527	0.0988814	-0.311239	-0.186154	0.160522	0.0837076
0.0176237	-0.129205	0.202493	0.10312	-0.118095	0.0205625	-0.227964	-0.174711	0.229929	0.0762471
0.165917	0.0174943	0.175238	0.110045	-0.239976	-0.0619551	-0.257659	-0.228751	0.180897	0.13875
0.188241	0.0894035	0.141525	0.0523731	-0.0760764	-0.101621	-0.0677116	-0.34179	0.202228	-0.0865707
0.164837	0.153263	0.19505	0.153745	-0.0646678	-0.0979401	-0.163798	-0.389297	0.160079	-0.111272
0.141058	-0.0724659	0.278698	0.233572	0.00450358	0.0547734	-0.148588	-0.341225	0.200357	-0.350682
0.272644	-0.131546	0.179284	-0.0265623	-0.0598251	0.120345	-0.0222137	-0.354061	0.333992	-0.312058
0.261033	0.00517829	0.11326	0.000185284	0.0685249	0.109994	0.103076	-0.348388	-0.0393854	-0.273478
0.0483078	0.0629202	-0.0116493	0.0544921	0.145613	0.0414889	0.156246	-0.382173	0.121426	-0.236673
-0.0696285	0.150025	0.0023999	-0.0552006	0.0822385	0.218323	0.111635	-0.35221	0.14661	-0.234193
-0.00227162	0.260714	-0.0154562	-0.161534	0.0989371	0.135011	0.112742	-0.225661	0.0320029	-0.234484
-0.0225606	0.218073	-0.141364	-0.146452	0.220824	0.231108	0.117922	-0.152231	-0.0788527	-0.246463
-0.167138	0.12118	-0.2288	-0.228826	0.333103	0.303686	0.224809	-0.080644	-0.122223	-0.155147
-0.189651	0.0164588	-0.170734	-0.0753704	0.102793	0.311911	0.099884	-0.0272018	-0.00163244	-0.0664569
-0.0763838	-0.0838501	-0.0387974	-0.0171898	-0.0245086	0.188028	-0.0162851	-0.00847614	0.0991292	-0.0216663
-0.0213582	-0.0143845	-0.010143	-0.0015366	-0.0168393	0.045764	0.0174507	-0.00330071	0.00743818	-0.00309043
-0.00708426	-0.00467819	-0.00338638	-7.72824e-05	-0.000212134	0.00501656	0.0123395	-9.12097e-05	-0.00179568	-3.09121e-05
0.0	0.0	0.0	0.0	0.0	0.0	0.0	0.0	0.0	0.0
-2.41326e-06	-1.00628e-06	-1.88118e-05	0.000262497	-6.54914e-07	-2.70979e-05	-1.58983e-07	-5.70657e-06	-2.38243e-05	-0.000182823
-0.000826547	-0.00755292	-0.00298412	0.00290573	-0.00216316	0.00204086	-0.000917823	0.0146056	-0.00257508	-0.00253256
-0.00243239	0.00363982	0.0101907	0.0904926	-0.017075	-0.0830122	-0.0226116	0.0631828	-0.0261693	-0.0162053
-0.030207	0.00728046	0.068123	0.165365	0.0205588	-0.158429	0.00592903	0.0399846	-0.0592012	-0.0594038
-0.0351777	-0.0260145	0.0870294	0.25522	0.105308	-0.164993	-0.0782109	0.102854	-0.0823092	-0.163705
-0.0193044	-0.0825884	0.163003	0.273198	0.0992829	-0.126619	-0.158236	0.174589	-0.112565	-0.210759
-0.0193304	-0.188568	0.156965	0.131477	0.0841091	0.0109984	-0.0444472	0.192415	-0.0586287	-0.264991
-0.0392773	-0.295312	0.11169	0.170864	-0.00840731	0.0382927	-0.0290455	0.231241	0.0391466	-0.219191
-0.133447	-0.364925	0.219877	0.255832	0.013232	-0.00419278	-0.103082	0.163179	0.0406522	-0.087126
0.015649	-0.201662	0.200593	0.258241	-0.110001	-0.000345776	-0.223049	0.212756	-0.0950071	-0.0571745
0.0197053	-0.0948025	0.0477623	0.123409	-0.196942	-0.0412558	-0.22874	0.261436	0.00467922	0.104748
-0.0387486	-0.175075	0.0744699	0.0494751	-0.162495	0.000876924	-0.153309	0.131003	0.189489	0.0843138
0.184542	-0.189997	0.0879839	0.256583	-0.288661	-0.0309301	-0.292625	-0.0803143	0.0564891	0.296931
0.14944	-0.13555	0.0657833	0.132737	-0.354069	0.125403	-0.232758	-0.0930916	0.0442006	0.297904
0.0323509	-0.219132	0.0732396	0.118859	-0.352645	-0.0213846	-0.133705	-0.00149759	0.290378	0.213538
0.0929695	-0.217606	0.127309	0.179343	-0.327602	-0.0717817	-0.193645	0.00844026	0.110004	0.292568
0.181071	-0.269926	0.0187186	0.0388862	-0.204108	0.00236392	-0.165741	0.0487223	0.134282	0.215732
0.272242	-0.0943504	-0.0112921	0.183146	-0.262805	0.0712814	-0.234605	-0.0394603	-0.113187	0.229031
0.129542	-0.122815	-0.0957133	-0.0893078	-0.0570291	0.193075	-0.117211	-0.0927879	0.218629	0.0336179
0.0888045	0.0752472	-0.139924	0.0457367	-0.132635	0.150342	-0.0496485	-0.124531	0.0819892	0.00461773
0.225865	0.11673	-0.0900831	-0.00150923	-0.0062814	0.0309231	-0.0601658	-0.0718695	-0.02687	-0.11674
0.237077	0.111641	-0.149861	-0.146893	0.257218	0.160951	-0.0275342	-0.13007	-0.0507694	-0.261759
-0.0294421	0.0799052	-0.313376	-0.206698	0.398406	0.319552	0.0180709	-0.148943	0.141092	-0.258568
-0.274967	-0.00802254	-0.185476	-0.0979141	0.132041	0.575692	0.0157612	-0.0729761	0.0758896	-0.160026
-0.182345	-0.0734675	-0.0535747	-0.0372518	-0.0107688	0.338483	-0.0225405	-0.0326636	0.130064	-0.0559353
-0.0796479	-0.00810478	-0.00765874	-0.00425555	0.0245052	0.124323	-0.0272855	-0.0105549	0.00534209	-0.0166624
-0.0205903	-0.000312508	-0.000463527	-0.000352904	-0.00100182	0.0289627	-0.00145269	-0.000624904	-0.00346943	-0.000694689
0.0	0.0	0.0	0.0	0.0	0.0	0.0	0.0	0.0	0.0
-0.000193619	-0.000566982	-0.000843501	0.00772374	-0.000429969	-0.00107061	-8.21418e-05	0.00312803	-0.00207543	-0.00558952
-0.000637761	-0.0110504	0.0120885	-0.00832694	-0.00335951	-0.011615	-0.00387162	0.0420958	-0.00498979	-0.0103333
-0.00496008	-0.00682792	0.0288877	0.0693888	-0.0085985	-0.0984466	-0.0301916	0.132112	-0.0256464	-0.0557171
-0.0514487	-0.00416344	0.160162	0.288439	0.0565654	-0.316725	-0.00333653	0.0718195	-0.0394211	-0.16189
-0.0221342	-0.0844474	0.140711	0.371335	0.162522	-0.259279	-0.0698429	0.095977	-0.0306933	-0.304146
0.00370793	-0.169361	0.266354	0.18103	0.0952643	-0.106625	-0.190443	0.225429	-0.02095	-0.284405
-0.0438812	-0.218735	0.0393237	0.0667628	0.0927629	0.0721701	-0.0160133	0.237673	0.0556401	-0.285702
-0.142628	-0.378608	0.112789	0.0580153	-0.00670544	0.181908	-0.0327637	0.18894	0.105762	-0.0867082
0.00365476	-0.313347	0.0483368	0.0632709	-0.0267365	0.0668824	-0.11691	0.27433	-0.045842	0.0463619
0.0354001	-0.180951	-0.0411341	-0.0239041	-0.160947	0.181383	-0.190161	0.35482	0.0275861	-0.0020904
0.0849397	-0.192951	0.0659734	-0.0117894	-0.179652	0.136939	-0.117118	0.274744	-0.148247	0.0871611
0.0453028	-0.106461	-0.00592845	0.105067	-0.398709	0.0416039	-0.164788	0.206876	-0.0702462	0.347282
0.12398	-0.182629	0.22367	0.0504929	-0.335063	-0.112209	-0.260194	0.104159	-0.0533651	0.44116
0.0723813	-0.137836	0.115646	0.213174	-0.396072	0.136264	-0.169467	-0.0565902	-0.264942	0.487443
0.00784534	-0.347577	-0.0235001	0.220065	-0.35828	-0.126747	-0.154532	0.0659153	0.175091	0.541718
0.042951	-0.244376	0.00917568	0.0488781	-0.396072	0.0716607	-0.314837	0.187647	0.0661219	0.528852
0.212132	-0.206235	-0.206158	0.126951	-0.196334	0.0838705	-0.256305	0.271797	-0.127725	0.298009
0.231776	-0.246084	-0.0969537	-0.0162966	-0.241798	0.0757054	-0.295347	0.300947	0.07878	0.209273
0.15316	-0.07322	-0.0801277	0.0757108	-0.0978002	0.107024	-0.295821	0.18135	-0.0753352	0.105059
0.00914164	0.0295386	-0.160861	0.0283503	-0.13913	0.124854	-0.246504	0.206484	0.0234521	0.124674
0.0539017	-0.0272399	-0.021943	-0.110722	-0.0540348	0.164398	-0.20871	0.0887639	0.0919295	0.0236561
0.139813	-0.0229053	0.0608004	-0.168914	0.178842	0.171793	-0.267227	0.0554835	0.0146288	-0.162315
0.150241	-0.0796206	-0.337134	-0.255312	0.311897	0.362791	-0.197703	-0.0170004	0.311334	-0.249494
-0.144361	-0.215388	-0.270858	-0.182604	0.116413	0.651418	-0.0172454	-0.0650822	0.336273	-0.208563
-0.213312	-0.120793	-0.068368	-0.0494945	-0.00465067	0.595329	-0.0708949	-0.0546378	0.0761813	-0.0893588
-0.0882145	-0.00573463	-0.0105246	-0.00358869	0.0320656	0.135908	-0.026672	-0.0109444	0.00659849	-0.0288934
-0.00722855	-0.00261333	-0.000690739	-0.000229678	-0.00127323	0.0173043	-0.00546562	-0.00044732	0.00142077	-0.000776639
0.00617405	-2.2448e-07	-0.000135538	-4.93318e-07	-0.000201992	-3.94256e-06	-6.30503e-06	-0.00384164	-1.19634e-05	-0.00197194
-0.000271901	-0.00051195	0.00102827	-0.00452083	-0.00745523	-0.00106716	-0.000255999	0.034722	-0.00229982	-0.0193674
-0.000495011	-0.00678023	0.00594114	-0.0072791	-0.000725096	-0.0147608	-0.00394053	0.0799514	-0.00767828	-0.0442335
-0.000976386	-0.00250423	0.0242559	0.0833899	-0.0140346	-0.105402	-0.0283177	0.209303	-0.0153813	-0.150331
-0.0776072	-0.0191918	0.176068	0.332062	0.0178596	-0.405647	-0.0088285	0.2223	0.00172624	-0.238739
-0.0554237	-0.06536	0.10898	0.245914	0.124111	-0.304037	-0.110794	0.221074	0.0909174	-0.25538
-0.0421192	-0.168361	0.0965953	0.109073	0.0307291	-0.142633	-0.185571	0.216923	0.181068	-0.0957042
-0.0698068	-0.203745	0.0701993	0.0511914	0.0118087	-0.102166	-0.104776	0.373584	0.173378	-0.199667
-0.0554377	-0.363925	0.0705697	-0.00645497	-0.124282	0.136022	-0.0910926	0.262011	0.00986294	0.162726
0.11769	-0.388459	0.0269303	-0.00858187	0.0346456	0.0544287	-0.127686	0.202392	0.136252	-0.0476112
0.0451915	-0.262205	0.227413	0.0233613	-0.166155	0.127667	-0.210789	0.157958	0.093138	-0.0355788
0.0309047	-0.22462	0.100697	-0.00339763	-0.115457	0.158362	-0.181301	0.312924	-0.0245499	-0.0535605
0.149934	-0.0890895	-0.0184312	0.0862797	-0.264191	-0.0243494	-0.203915	0.349805	0.19989	-0.185931
0.0394237	-0.0229393	-0.0181521	0.077862	-0.258339	-0.101002	-0.238639	0.127515	0.222823	0.171448
0.18751	-0.0268405	0.0695353	0.204042	-0.402788	-0.108286	-0.352849	0.225519	-0.16026	0.364421
0.258237	-0.00115431	0.0325933	0.230173	-0.354123	-0.214311	-0.421696	0.291299	-0.0760456	0.255029
0.452596	-0.194529	-0.0391004	0.105635	-0.429564	-0.0795657	-0.433217	0.272809	0.139465	0.205474
0.297198	0.0492685	-0.0608542	0.139702	-0.218209	-0.0415275	-0.394479	0.252526	-0.044257	0.0206341
0.141789	-0.140764	-0.167095	0.251413	-0.0675082	-0.0318958	-0.55212	0.360734	0.0742111	0.131236
0.0888479	-0.103949	0.0939963	0.119672	-0.0848275	0.0873284	-0.499211	0.16895	0.121926	0.00726709
0.140937	-0.167934	-0.0350445	0.127998	-0.0608134	0.214325	-0.365753	0.184252	0.0806966	-0.118663
0.044244	-0.193261	-0.0713255	0.0901522	-0.0439567	0.152014	-0.292583	0.0226348	0.136371	0.155709
0.203782	-0.211827	-0.0388992	0.153209	-0.033206	0.0811913	-0.387557	0.1488	0.125347	-0.04084
0.347202	-0.336498	-0.0957211	-0.378167	0.093991	0.568424	-0.381007	0.0590519	0.321698	-0.198974
0.0135378	-0.331391	-0.303945	-0.288502	0.033566	0.947061	-0.23282	-0.0978068	0.435031	-0.17473
-0.206399	-0.141572	-0.103912	-0.0659481	0.0202222	0.695009	-0.139267	-0.0780743	0.120973	-0.101031
-0.0719023	-0.0118834	-0.0140538	-0.00479288	-0.031609	0.188134	-0.0697932	-0.0144217	0.0579941	-0.0276718
-0.00507609	-0.00195015	-0.00140758	-6.58818e-05	-0.00122293	0.0103442	-0.00655848	-0.00321936	0.0103673	-0.00121105
-2.99928e-06	-7.05478e-06	-6.25804e-06	-9.95176e-05	-0.000387454	-4.65214e-05	-2.76618e-06	0.00156666	-1.93396e-05	-0.000994752
-0.00044043	-6.20323e-05	-0.000659162	-0.0041333	-0.00791737	-0.00106325	-0.00013582	0.0418918	-0.00154105	-0.0259393
0.00237	-0.00442835	-0.0049946	0.0211159	-0.00655689	-0.00754601	-0.00538105	0.0862942	-0.0174128	-0.0634603
0.00873195	-0.00460874	0.0390956	0.117387	-0.0857191	-0.113214	-0.0360303	0.266607	-0.0283921	-0.163857
-0.0558446	-0.0435529	0.129208	0.36372	-0.121195	-0.335987	-0.00841568	0.32494	0.0312829	-0.284155
-0.0482166	-0.140689	0.232463	0.165225	-0.0417188	-0.276373	-0.164308	0.245091	0.121553	-0.0930262
-0.0752121	-0.177945	0.047204	0.083056	-0.0877475	-0.103072	-0.167269	0.159249	0.190739	0.130999
-0.0919953	-0.174518	-0.0156941	0.109644	-0.0834313	0.00436084	-0.0258068	0.13954	0.138403	-0.000502193
-0.0736421	-0.265251	-0.0649845	0.0689173	-0.06038	0.164084	-0.0494443	0.094799	0.129007	0.056893
0.0607155	-0.343897	0.0659108	0.00903501	-0.00393593	0.0484234	-0.168056	0.122867	0.222527	-0.0135899
0.114211	-0.220288	0.193977	-0.146356	-0.186991	0.186655	-0.249849	-0.00332872	0.133852	0.178117
-0.0365051	-0.111908	0.0645433	-0.307942	-0.092644	0.322053	-0.155791	0.140251	0.0995012	0.078441
0.0291688	-0.0917947	0.0288286	-0.234966	-0.100157	0.182824	-0.219788	0.332857	0.0445934	0.0284356
0.201624	0.0437554	0.0719882	-0.102875	-0.147317	-0.0653208	-0.36418	0.257904	0.0572175	0.0472042
0.0544326	0.197037	0.157717	0.232587	-0.616942	-0.229916	-0.236662	0.457624	-0.212255	0.196378
-0.0288392	0.421631	0.198076	0.377235	-0.422191	-0.396133	-0.401443	0.388025	-0.399957	0.263601
0.23043	0.141811	0.196115	0.26892	-0.108626	-0.413198	-0.521615	0.335677	-0.13708	0.00756668
0.336305	0.0304908	0.0160174	0.148009	-0.106763	-0.224399	-0.626791	0.430544	-0.00270591	-0.000706087
0.248437	-0.117382	0.060688	0.0566416	0.00404746	-0.0729274	-0.591585	0.271253	0.00788596	0.132941
0.236188	-0.214793	-0.0110793	0.166642	-0.0359067	-0.0847665	-0.526911	0.299934	0.107405	0.0632887
0.166445	-0.289813	-0.0675254	0.276142	0.0317327	0.0100523	-0.351017	0.12024	0.122384	-0.0186397
-0.0576213	-0.289496	-0.112734	0.214646	0.00456037	0.233285	-0.24987	0.252143	0.14496	-0.139872
0.0630668	-0.356362	0.0121881	0.240235	-0.0367895	0.256401	-0.425974	0.186198	0.14598	-0.0849446
0.429649	-0.370696	-0.114381	-0.185605	-0.0722975	0.61876	-0.337263	-0.045097	0.302949	-0.22602
0.170108	-0.246323	-0.291863	-0.254138	-0.224261	1.18506	-0.279878	-0.0870175	0.227983	-0.199672
-0.197507	-0.107751	-0.0833544	-0.0450884	-0.158416	0.912949	-0.227133	-0.0396702	0.0547793	-0.108808
-0.0688591	-0.013611	-0.00666834	-0.00753503	-0.0530124	0.21106	-0.0900832	0.00207797	0.0654728	-0.0388419
-0.00113591	-0.00190714	-0.000985296	-0.000361488	-0.00482118	0.0138548	-0.00501955	0.0261921	-0.0231442	-0.00267206
-4.66979e-06	-8.25725e-06	-1.26104e-05	-0.000162552	-0.000453108	-5.99508e-05	-3.26974e-06	0.00218891	-2.71371e-05	-0.00145735
-0.000486935	-3.019e-05	-0.000212099	-0.00279352	-0.00744016	-0.000976449	-4.76308e-05	0.0398332	-0.000854825	-0.0269914
0.0168555	-0.00233693	-0.00221062	0.00985423	-0.0269417	-0.0081893	-0.01607	0.12348	-0.0138659	-0.0805749
-0.00349375	-0.0256621	0.0528554	0.170766	-0.095617	-0.0971931	-0.041415	0.241627	-0.0569531	-0.144912
-0.0403394	-0.0531775	-0.0261364	0.191456	-0.125955	-0.167304	-0.0568081	0.339549	0.123269	-0.184553
-0.0098503	-0.144778	0.173336	0.00330165	-0.142564	-0.141292	-0.139601	0.238746	0.0945908	0.068112
-0.0634108	-0.235313	0.190781	-0.0522818	-0.134988	-0.0172548	-0.105328	0.074799	0.140214	0.202781
-0.0861435	-0.208543	-0.0766069	-0.104938	-0.0712891	0.161608	0.0365482	0.0680072	0.228124	0.0532311
-0.0484073	-0.202159	-0.0652823	-0.24931	-0.00353705	0.277324	0.0267751	-0.109	0.195918	0.177679
0.0588274	-0.255153	-0.165044	-0.423873	0.153583	0.324225	-0.142112	0.03526	0.28243	0.131856
-0.0664659	-0.0798903	-0.074531	-0.456879	0.0552199	0.236013	-0.0721821	0.000948429	0.278602	0.179164
0.0243787	0.0158847	-0.0493681	-0.487755	0.0562107	0.241252	-0.11318	-0.109448	0.238976	0.18305
0.00408513	-0.00568104	-0.108066	-0.455796	0.2227	0.328033	-0.238997	-0.136961	0.23361	0.157075
0.0987406	0.246131	-0.215645	0.0240973	-0.26057	0.180888	-0.106678	0.19133	0.0455375	-0.20383
0.00643785	0.524637	-0.0324815	0.196188	-0.825407	0.0465839	-0.264612	0.379758	-0.0179169	-0.0131848
-0.141588	0.687068	-0.132899	0.176274	-0.176709	-0.116955	-0.474694	0.509058	-0.260967	-0.0685886
0.00776366	0.264054	0.000747127	0.216704	-0.0671191	-0.252884	-0.443947	0.599702	-0.32934	0.00431922
0.279451	0.078452	0.12366	0.178646	0.0159264	-0.401135	-0.45678	0.336143	-0.162399	0.00803782
0.234668	-0.182531	0.0821884	0.184337	-0.0482092	-0.385083	-0.452984	0.341965	0.145315	0.0803345
0.0680449	-0.192728	-0.0355738	0.228635	0.0891166	-0.316851	-0.420257	0.377033	0.207969	-0.00539021
0.143245	-0.320176	-0.0987787	0.334008	-0.105468	-0.187619	-0.262007	0.381966	0.144771	-0.0299418
0.0700347	-0.299733	-0.0946583	0.178471	-0.0616362	-0.018588	-0.23436	0.390326	0.140614	-0.0704696
0.193249	-0.31539	-0.053557	0.120817	-0.127166	0.0878356	-0.284957	0.222258	0.191341	-0.0344308
0.43585	-0.283924	-0.108698	-0.0933553	-0.382355	0.595587	-0.14571	-0.150036	0.245888	-0.113244
0.227414	-0.204456	-0.216011	-0.173541	-0.318212	1.23691	-0.22022	-0.116188	0.0104963	-0.226192
-0.199798	-0.0733878	-0.0473778	-0.0246742	-0.201271	1.05668	-0.292676	-0.0303185	-0.0943848	-0.0927946
-0.0874907	-0.0174591	0.0103627	-0.00473304	-0.0636858	0.276743	-0.0905199	0.000528193	0.0128819	-0.0366273
-0.000572371	0.000660773	-0.000522842	-0.000125828	-0.00124472	0.00695707	-0.0119203	0.00605462	0.00575904	-0.00504543
-2.88628e-05	-3.42228e-06	-1.39512e-05	-0.00010486	-7.88003e-05	-7.04158e-05	-4.24086e-06	0.00105262	-3.39493e-05	-0.000714119
0.00363287	0.00028372	-0.000430983	-0.00206117	-0.0175233	-0.00594052	-0.000163978	0.061492	-0.0011946	-0.038094
-0.00423738	-0.000188734	-0.00461726	0.00873777	-0.0838787	-0.0130291	-0.00114122	0.235645	-0.00916867	-0.128121
-0.0110671	-0.0175993	-0.0288887	0.148673	-0.0898864	-0.107776	-0.0458969	0.306332	-0.0131823	-0.140707
-0.124091	-0.0275862	-0.122565	0.119172	-0.177205	-0.0765404	-0.0443989	0.379157	0.0704054	0.00365248
-0.0986785	-0.0786169	-0.116882	-0.132034	-0.102505	-0.0252481	-0.012723	0.147166	0.188228	0.231294
0.0025345	-0.201656	-0.206557	-0.276389	0.0249954	0.204205	-0.0189858	0.0242701	0.197075	0.250507
0.000473219	-0.214139	-0.337385	-0.451051	0.029633	0.15803	0.140725	0.12961	0.41146	0.132643
-0.017631	-0.204934	-0.389485	-0.432475	0.14363	0.154994	0.0471087	-0.078404	0.306782	0.470415
-0.120514	-0.243603	-0.435466	-0.445089	0.31621	0.157796	0.0931602	0.13636	0.370831	0.170312
-0.0518987	-0.15545	-0.682965	-0.327829	0.384244	0.129337	0.0388059	0.211172	0.204378	0.250206
-0.0699276	-0.147162	-0.620986	-0.191258	0.227468	0.112019	-0.0342606	0.19462	0.191111	0.338375
-0.141504	-0.072319	-0.70457	-0.069107	0.412787	0.263805	0.0929475	-0.0348483	0.180484	0.0723247
-0.0382249	0.300604	-0.769749	0.211414	-0.596598	0.501895	0.133587	0.0626159	0.226139	-0.0316833
-0.348558	0.715287	-0.541733	0.164359	-0.733916	0.116716	-0.22515	0.339313	0.486919	0.0267637
-0.575448	0.6958	-0.437723	0.211285	0.166487	-0.145876	-0.517873	0.44989	-0.000290309	0.15375
-0.497182	0.212767	-0.182809	0.0328559	0.368858	-0.160913	-0.274471	0.456664	-0.213551	0.257785
-0.0652549	-0.046767	-0.275597	0.24255	0.118777	-0.139169	-0.339813	0.347038	-0.202246	0.360482
-0.081469	-0.0393029	-0.0920545	0.133769	-0.0506329	-0.130267	-0.269775	0.436851	-0.165086	0.257967
0.0605865	-0.160515	0.133792	0.156371	-0.0277971	-0.373414	-0.208119	0.223329	0.00738788	0.188378
0.152931	-0.201047	-0.0996456	0.281888	-0.17332	-0.558275	-0.133908	0.281464	0.0124455	0.437468
0.220486	-0.201041	-0.0182136	-0.0519933	-0.15299	-0.456953	-0.0182605	0.298969	0.0846292	0.295369
0.219112	-0.169539	-0.068062	-0.0645971	-0.217673	-0.430048	0.0121012	0.181049	0.293677	0.24398
0.331599	-0.137223	-0.108751	-0.157867	-0.357413	0.0136784	0.210836	-0.143053	0.373783	-0.025589
0.289217	-0.107586	-0.0904274	-0.129813	-0.297464	0.418851	-0.0390088	-0.11589	0.242717	-0.170593
-0.116263	-0.0559459	0.0412514	-0.00572435	-0.136478	0.596078	-0.252782	-0.0445129	0.0582343	-0.0838567
-0.0565777	-0.01466	0.0153625	-0.00235938	-0.0199882	0.160984	-0.127057	-0.00978953	0.0799702	-0.0258848
-0.000384051	0.00249961	-0.000488178	-4.30134e-05	-0.000846757	0.00416883	-0.00717452	0.000797558	0.00382251	-0.00235199
-1.33e-06	-3.24453e-08	-5.16753e-06	-2.92464e-05	-1.63548e-06	-9.03771e-06	-1.71729e-08	0.00115956	-1.56347e-05	-0.00109746
-4.24645e-05	-0.000134139	-2.73424e-05	-0.00232751	-0.0278128	-0.00766904	-0.000214225	0.0639819	-0.000776015	-0.0249784
-0.00477371	-0.00144711	-0.0015311	-0.00650869	-0.0944065	-0.0116534	-0.00115947	0.245569	-0.00576524	-0.118323
-0.0248858	-0.00136765	-0.0908429	0.0205627	-0.145532	-0.0413753	-0.0387803	0.386474	0.0304577	-0.0947106
-0.105927	0.00448111	-0.198278	-0.0410824	-0.243625	0.00607846	-0.0637387	0.380791	0.0262267	0.235075
-0.0257613	-0.0444074	-0.462677	-0.219418	-0.0622272	0.044809	0.00316536	0.196037	0.221295	0.349185
0.169815	-0.0871719	-0.755988	-0.342936	0.137496	0.243359	0.134549	0.034426	0.153542	0.312909
0.0616071	-0.121472	-0.829797	-0.366904	0.262985	0.127495	0.195261	0.269063	0.234768	0.166993
-0.0197942	-0.161033	-0.513039	-0.360149	0.365443	0.0362774	0.130627	0.276942	0.0476291	0.197096
-0.0390977	-0.17233	-0.512274	-0.144006	0.2546	-0.0477155	0.179918	0.00679002	0.154881	0.319236
-0.00996594	-0.328759	-0.600838	0.121444	0.465608	0.203645	0.0272976	-0.024353	-0.132706	0.278629
0.018153	-0.415639	-0.561105	-0.0595492	0.580677	0.17182	0.22872	-0.0311176	-0.0932595	0.161298
0.118809	-0.00438508	-0.567576	0.00867335	0.743717	0.230862	0.212266	-0.559483	0.0869633	-0.269849
-0.0239867	0.246827	-0.422817	0.126162	-0.0885583	0.287935	0.148232	-0.722444	0.430405	0.0182445
-0.561202	0.875661	-0.45123	0.463654	-0.433394	-0.0544133	-0.243436	-0.117493	0.268671	0.253182
-0.783887	0.502616	-0.457402	0.171421	0.212105	-0.044647	-0.292232	0.34566	0.0640998	0.28227
-0.640316	0.118458	-0.26068	0.062793	0.37032	-0.328237	-0.0889114	0.463955	-0.00479049	0.307409
-0.147935	0.12265	-0.318995	0.0123995	0.053528	-0.358443	-0.142008	0.399434	0.0416385	0.337733
-0.0283722	-0.0147805	-0.220513	0.102394	-0.000681538	-0.267812	-0.19022	0.328998	-0.0682532	0.359242
0.0657966	-0.164796	0.1085	-0.0374388	0.094499	-0.296053	-0.249647	-0.0365132	0.138519	0.377133
0.0422433	-0.137823	-0.0688871	-0.0796288	0.0966938	-0.430069	-0.104532	0.0545069	0.209737	0.41776
0.12662	-0.0866721	-0.00982018	-0.425822	0.175403	-0.731593	0.10858	0.0813969	0.346177	0.415728
0.278174	-0.0765375	-0.102745	-0.328349	0.0558906	-0.907471	0.319156	0.0183354	0.394226	0.349321
0.396305	-0.048123	-0.260196	-0.193186	-0.157575	-0.787778	0.537319	-0.118113	0.484418	0.14693
0.413149	-0.041348	0.0638594	-0.0818492	-0.096634	-0.597602	0.224074	-0.0915622	0.390169	-0.182254
-0.00417951	-0.0254093	0.172084	0.00388417	-0.0391399	0.0111247	-0.151022	0.0128925	0.107647	-0.0878817
-0.0267405	-0.0158092	0.102898	-0.000405504	-0.0139668	0.075592	-0.136782	0.0180088	0.0251186	-0.0279135
-0.000175988	0.00167813	0.00969357	-5.07052e-05	-0.00501198	-0.00211971	-0.00632357	0.00879717	-0.00542789	-0.00105901
-6.43494e-09	3.65291e-05	-4.24794e-06	-1.19002e-05	-1.57127e-07	-1.38424e-06	-1.22619e-06	-5.95229e-06	-3.91934e-06	-7.73525e-06
0.000422598	-2.24491e-05	-2.20882e-05	-0.00131858	-0.0191222	-0.00149561	-0.000220363	0.0345205	-0.000192079	-0.0125498
-0.00218596	-0.000489877	-0.000617541	-0.00435034	-0.0573569	-0.00348461	-0.000517103	0.15167	-0.00163784	-0.0810301
-0.0126771	0.00489074	-0.109462	0.00291832	-0.117695	0.000753218	-0.0329974	0.286932	0.0183941	-0.0410562
-0.0265804	0.0116806	-0.345466	-0.142465	-0.109546	0.0607934	-0.0830497	0.226843	-0.0228652	0.430656
0.0211275	-0.0359994	-0.642734	-0.234643	0.159111	0.141572	0.0659769	0.0861128	0.0513852	0.38809
0.248813	-0.0726041	-0.85278	-0.328386	0.368575	0.0300228	0.297013	0.114363	0.0206646	0.174317
0.265193	-0.108276	-0.712564	-0.333261	0.322362	0.141386	0.0910909	0.142655	-0.0144166	0.205831
0.108583	-0.0562099	-0.391441	-0.202481	0.361049	-0.0017872	0.0896149	-0.00582453	-0.0860801	0.184577
0.0802043	-0.172244	-0.264683	-0.0743065	0.322094	0.0326946	0.123304	-0.109432	0.0301236	0.0322436
0.111151	-0.560412	-0.121512	-0.131262	0.422027	0.194516	0.189186	-0.0320012	-0.15753	0.0858392
0.0810284	-0.596352	0.0248659	-0.173004	0.630343	0.272275	0.0932927	-0.354715	0.0545671	-0.0323046
0.0936314	-0.0888568	-0.0595472	0.102838	0.4358	0.363864	0.147011	-0.941844	0.220581	-0.27348
-0.376057	0.287831	0.117044	0.366323	-0.156074	0.201069	0.0345095	-0.943419	0.407319	0.0614545
-0.676283	0.669231	0.00156396	0.272312	-0.0917423	-0.0857392	-0.137185	-0.193211	-0.010529	0.251583
-0.806466	0.397272	-0.260884	-0.126089	0.31882	-0.267424	0.06619	0.0855028	0.311785	0.281294
-0.606493	0.148079	-0.298717	0.0594675	0.251406	-0.449298	0.0685839	0.217141	0.150032	0.4598
-0.224307	0.220886	-0.158422	0.0624676	0.19926	-0.229317	-0.186998	0.124156	-0.126814	0.319091
-0.0815916	-0.20215	-0.210767	0.202772	0.192352	-0.15165	-0.171954	0.131314	0.0230876	0.268587
-0.09237	-0.24882	-0.169324	-0.0303297	0.129454	-0.0643599	0.0132416	-0.0268724	0.0742113	0.41517
-0.222484	-0.161785	-0.132351	-0.428458	0.292654	-0.0389956	-0.0687985	0.178722	0.212938	0.36856
0.0218867	-0.109016	-0.0119095	-0.435036	0.270562	-0.298557	0.184165	0.0603681	-0.0430891	0.360625
0.245245	-0.099917	-0.0904887	-0.436407	0.191821	-0.4124	0.406675	-0.032937	0.0811545	0.147255
0.38599	-0.0878756	-0.113678	-0.199943	-0.0270206	-0.592733	0.651097	-0.0033995	0.163765	-0.176204
0.339029	-0.0718504	0.272827	-0.0632582	-0.136879	-0.514968	0.296327	0.0255106	0.117278	-0.264013
0.0514603	-0.0421949	0.362959	-0.00518383	-0.00483347	-0.117769	-0.175466	0.0294162	0.0276134	-0.126001
-0.00806888	-0.0197682	0.229614	-0.000918894	-0.0105044	-0.00798364	-0.136562	0.00240967	-0.012873	-0.0353448
-0.00136218	-0.000425032	0.0634527	-0.00196378	-0.0153834	-0.018364	-0.019598	-0.00360065	-0.00149062	-0.00126512
-3.40486e-05	-7.59328e-07	-1.12203e-05	-0.000942829	-4.46478e-05	0.00412629	-7.01208e-05	-3.31196e-05	-0.000136167	-0.00285338
-5.00525e-05	-6.89529e-06	-0.0079312	0.0082887	-0.00955392	-0.000726854	-1.26653e-05	0.0167187	-0.000562687	-0.00616309
-0.000645686	0.000550553	-0.00537723	0.00377488	-0.0236093	-0.00136239	-5.27643e-05	0.0787901	-0.000897233	-0.051171
-0.0458086	0.00928428	-0.0916852	0.0106816	-0.0183164	0.0115259	-0.0155245	0.134815	-0.01064	0.015668
-0.0280669	0.014069	-0.243584	-0.067406	0.224223	0.0346286	-0.169314	0.0694036	-0.084732	0.25078
0.20115	-0.0481701	-0.473511	-0.23874	0.392237	-0.0171222	0.0366289	0.0775986	-0.054026	0.123954
0.208099	-0.0880195	-0.311452	-0.35608	0.351378	-0.0461351	0.211131	-0.00971052	-0.14716	0.18795
0.362483	-0.120965	-0.0796475	-0.331055	0.374088	-0.0233858	0.0746808	-0.032326	-0.363827	0.139954
0.228376	-0.0627976	-0.109493	-0.189115	0.335657	0.0526267	0.15223	-0.169211	-0.297857	0.0595834
0.224198	-0.235634	-0.0628447	-0.0769689	0.295315	0.145373	0.242875	-0.270754	-0.255366	-0.0061938
0.065636	-0.594194	0.0669703	-0.14352	0.318049	0.297413	0.247353	-0.216766	-0.0320522	-0.00889002
0.150779	-0.562322	0.1102	-0.174398	0.404164	0.0151778	0.387855	-0.533926	0.244908	-0.0424369
0.101184	0.0220164	0.0157964	0.161108	0.27107	0.0432927	0.182034	-0.855437	0.230327	-0.17139
-0.338164	0.33423	0.254548	0.0542875	-0.170493	0.0166726	-0.0288974	-0.588158	0.421636	0.0443375
-0.704279	0.58438	0.0721333	0.10709	-0.0186987	-0.0935049	-0.0568353	-0.154826	0.226896	0.0376481
-0.721025	0.388959	-0.160074	0.0293706	0.170028	-0.174677	0.0838456	-0.0510407	0.212951	0.221666
-0.678109	0.204599	-0.100362	-0.00378807	0.362771	-0.318872	0.152661	0.0299526	-0.0312003	0.382346
-0.19739	-0.205008	-0.23771	0.0730234	0.510307	-0.308117	-0.252837	0.258452	0.0582956	0.300985
-0.0839924	-0.471738	0.0107992	0.0432569	0.253309	-0.176498	-0.164225	0.440568	-0.0336547	0.182174
-0.138754	-0.361864	-0.067293	-0.065228	0.329339	-0.254075	-0.0506015	0.534343	-0.00683317	0.0809659
-0.022008	-0.222171	0.00432713	-0.243603	0.220811	-0.0597923	-0.0557023	0.307551	-0.153618	0.224206
0.14215	-0.147678	-0.108884	-0.0829243	0.102452	-0.108662	0.122153	0.121263	-0.205999	0.166128
0.175535	-0.105304	-0.090072	-0.247678	0.100337	-0.0221249	0.338745	0.235485	-0.290274	-0.0946495
0.353987	-0.0747895	0.086236	-0.14826	-0.0413374	-0.172806	0.426654	0.195326	-0.261205	-0.363804
0.34277	-0.0388342	0.297201	-0.0291014	-0.150493	-0.227207	0.213014	0.0327101	-0.149209	-0.290848
0.0312986	-0.0263974	0.411684	-0.0199903	-0.0631198	-0.150431	-0.0946366	-0.0161338	0.00958252	-0.0818559
-0.0048462	-0.00415723	0.220241	-0.00907537	-0.0400095	-0.0212488	-0.118623	-0.00351517	-0.00784362	-0.0109223
-0.000141946	-1.95734e-05	0.00649509	-0.00145067	-0.00167024	-0.00083734	-0.00201556	-4.40549e-05	-0.000289115	-2.65876e-05
-1.33254e-05	-3.39178e-07	-3.71985e-06	-0.00031065	-2.32888e-05	0.0013135	-2.35009e-05	5.72812e-05	-4.82549e-05	-0.000947699
-5.34896e-05	-7.32976e-06	-0.0170051	0.0189576	-2.65189e-05	-0.000636989	-6.63837e-06	-5.75782e-05	-0.00113268	-3.13394e-05
-0.00120346	0.00355635	-0.00774713	0.0199961	0.00845726	-0.00382239	-0.000232553	0.0201198	-0.00167465	-0.0374494
-0.0600949	0.00280649	0.0139283	0.0194614	0.0468917	-0.0150134	-0.0513004	0.05664	-0.0142385	0.000919348
0.0595743	-0.00729957	0.0479782	0.039326	0.18613	-0.0349085	-0.268781	-0.00507033	-0.0934208	0.0764723
0.300329	-0.0836655	0.13187	-0.0666651	0.217328	-0.198741	-0.02653	-0.108381	-0.201478	0.0359337
0.0792617	-0.150747	0.213189	-0.120775	0.227148	-0.132104	0.188393	-0.0629862	-0.256034	0.0146551
0.301705	-0.137619	0.020734	-0.236414	0.34044	-0.179977	0.233849	-0.129301	-0.254104	0.0406875
0.281316	-0.111409	-0.0554933	-0.286367	0.336684	-0.00848153	0.223344	-0.293212	-0.170362	0.0839826
0.276643	-0.27642	0.00237816	-0.233781	0.35609	0.133612	0.196249	-0.315873	-0.0311226	-0.107777
0.2685	-0.45276	0.034703	-0.183207	0.248864	0.120338	0.31056	-0.300234	-0.0662839	0.0195229
0.0895228	-0.212722	-0.0774331	-0.0698746	0.325488	0.05539	0.40465	-0.517927	-0.0450783	0.0479847
-0.107212	0.135247	-0.0596862	0.0595856	0.170945	0.126664	0.197319	-0.631367	0.166638	-0.0581313
-0.569694	0.441418	0.179656	0.0802455	-0.13652	-0.0333783	0.117164	-0.34299	0.395895	-0.131796
-0.788015	0.652321	0.087873	0.16335	0.0483308	-0.285882	0.206379	-0.287532	0.361269	-0.158093
-0.683824	0.125498	0.000965435	0.151334	0.242983	-0.248312	0.0896617	0.046424	0.0879944	0.187279
-0.479325	0.119588	-0.0167636	-0.0445368	0.507749	-0.176076	-0.043998	-0.066922	-0.0674438	0.26773
-0.215239	-0.499367	-0.105503	-0.0383226	0.467965	-0.243064	-0.092149	0.491204	-0.125911	0.360387
-0.0507329	-0.498433	-0.143763	-0.0927262	0.189518	0.112585	-0.0912124	0.537007	-0.0590099	0.0967677
-0.036032	-0.404477	-0.0392433	0.122064	0.205816	-0.057904	-0.00391697	0.350141	-0.177801	0.0413533
0.156206	-0.279424	-0.236528	0.274182	-0.0401577	-0.157342	0.112434	0.398712	-0.310218	0.0821363
0.097979	-0.164747	-0.143976	0.176433	-0.0339629	-0.0297416	0.139247	0.336791	-0.298889	-0.0791342
0.209982	-0.127241	-0.222682	0.147436	0.0726687	-0.0396096	0.0690873	0.367463	-0.219841	-0.257262
0.338753	-0.0841896	0.00681788	0.120985	-0.115445	0.0125454	0.192668	0.137596	-0.27584	-0.333889
0.249157	-0.0488155	0.469892	0.0555149	-0.312971	-0.0331502	0.144067	-0.0144573	-0.245304	-0.263932
-0.00145047	-0.0224385	0.504922	-0.0374339	-0.128201	-0.100666	-0.0308318	-0.0741502	-0.0217137	-0.0880349
-0.00821251	-0.00745743	0.230448	-0.0125781	0.0141114	-0.0340077	-0.118597	-0.0104656	-0.0191636	-0.0340769
-0.00129729	-0.000790616	0.0315167	-0.000527862	-0.00287751	-0.0125575	-0.00851774	-0.000407852	-0.00220361	-0.00233671
-1.24386e-05	-5.17422e-07	-2.62603e-07	-1.10629e-05	-4.95406e-05	-0.000214791	-3.09144e-06	0.00038929	-2.09664e-05	-7.66193e-05
-4.53313e-05	6.38726e-06	-0.00848369	0.0113453	-1.65866e-05	-0.000383762	-2.56965e-05	-0.000916794	-0.000602722	-0.00087706
-0.00336572	0.00292422	-0.00245616	0.0555679	-0.00790814	-0.0131465	-0.00132352	-0.0015489	-0.00393659	-0.0248065
-0.0515419	-0.00341004	0.156948	0.110047	-0.0494836	-0.00617624	-0.0864982	-0.030474	-0.0139589	-0.0254509
0.0962584	-0.018383	0.274579	0.218045	-0.0829311	-0.0562663	-0.296241	-0.0295795	-0.136867	0.0313864
0.364839	-0.116174	0.251895	0.0873607	-0.0124487	-0.12957	-0.00966351	-0.147999	-0.257812	-0.0304269
0.217697	-0.2474	0.334708	-0.105091	0.106712	-0.145748	0.22729	-0.0596554	-0.176376	-0.152137
0.183123	-0.256254	0.0847351	-0.226934	0.317349	-0.406906	0.340545	0.0381209	-0.0154483	-0.05833
0.287098	-0.226736	-0.0945275	-0.377083	0.338136	-0.301399	0.279816	-0.147781	0.0830385	0.159435
0.261561	-0.15468	0.131054	-0.180837	0.191885	-0.315383	0.328342	-0.188214	0.0846221	-0.158352
0.255622	-0.138919	0.154927	-0.226062	-0.0781266	-0.13163	0.427309	-0.428789	0.129687	0.0359842
0.0982808	-0.116713	0.181197	-0.0779523	-0.0865926	-0.133466	0.590724	-0.617031	0.047947	0.113606
-0.270563	-0.113622	0.256585	0.0294293	0.0423487	-0.0279978	0.032333	-0.290638	0.40543	-0.0633028
-0.707196	0.42619	0.319768	0.223424	0.0224496	-0.117343	0.0522485	-0.175155	0.19933	-0.243715
-0.682494	0.662436	0.0922423	-0.0207842	0.297781	-0.273541	0.19064	-0.283036	0.0781765	-0.0614203
-0.467296	-0.0232151	-0.0720387	-0.1797	0.525072	-0.139235	0.111067	0.134319	0.0751888	0.0358384
-0.28702	-0.137445	0.176381	-0.297425	0.429316	-0.21209	-0.0542885	0.083353	0.0789736	0.220245
-0.0311944	-0.669492	0.229517	-0.0373355	0.280592	-0.133678	-0.173408	0.310195	-0.00213874	0.226943
0.0100932	-0.498945	0.0426435	0.256295	0.191396	-0.0932159	0.0877016	0.173151	-0.240021	0.0709033
0.0310181	-0.358599	-0.0233145	0.313437	0.0889082	0.0145301	0.19901	0.264761	-0.403279	-0.126471
0.179239	-0.239207	-0.113899	0.188204	0.20504	0.0730724	0.0156396	0.228055	-0.416936	-0.119208
0.138532	-0.153288	0.208801	0.155459	0.10283	-0.0207316	0.0164856	0.241306	-0.392822	-0.296572
0.186438	-0.130681	0.164725	0.273936	-0.119458	0.113082	-0.0504983	0.0644725	-0.28598	-0.216036
0.204774	-0.104592	0.215677	0.301238	-0.222451	0.0943631	0.0316511	-0.0462702	-0.105761	-0.368629
0.0481088	-0.0498421	0.500146	0.162521	-0.232931	-0.00758152	0.0843487	-0.0607773	-0.186206	-0.257786
-0.0566766	-0.0452356	0.70644	-0.0648542	-0.109856	-0.0967831	-0.0719197	-0.0752167	-0.100793	-0.0851056
-0.0249333	-0.0214695	0.331506	-0.0140892	-0.0552581	-0.0522694	-0.100321	-0.00718473	-0.0346018	-0.0213787
-0.00127377	-0.000391619	0.0498769	-0.000770439	-0.00230863	-0.0233408	-0.018976	-0.000645486	-0.00184298	-0.00032719
0.0	0.0	0.0	0.0	0.0	0.0	0.0	0.0	0.0	0.0
-5.41835e-05	0.000291627	-0.00317147	0.00405098	-1.22711e-05	-0.000324485	-2.18293e-05	-7.45859e-05	-0.000535798	-0.000147986
-0.00749078	-0.000225843	0.0201525	0.0615385	-0.00700763	-0.0203495	-0.00268098	-0.00251756	-0.00418505	-0.0372337
-0.0532148	-0.00712138	0.184976	0.24766	-0.143903	0.00425284	-0.0914413	-0.0372804	-0.0305318	-0.0733953
0.0810865	-0.0337836	0.390824	0.311449	-0.0928017	0.00864873	-0.338789	-0.023424	-0.154063	-0.149146
0.288531	-0.209974	0.349329	0.0923945	-0.0956879	0.176078	-0.0904648	-0.0923275	-0.238683	-0.179196
0.248365	-0.363557	0.240424	-0.0575489	-0.00709899	0.324309	0.0957883	-0.189963	-0.122948	-0.16777
0.190685	-0.346633	0.154267	-0.103098	0.169785	-0.239196	0.239334	-0.22554	0.105558	0.0548385
0.139017	-0.238687	0.120402	-0.287597	0.235168	-0.326322	0.301792	-0.19927	0.156689	0.0988062
0.235709	-0.135537	0.177658	-0.52676	0.122892	-0.278893	0.323878	-0.21576	0.320489	-0.0236759
0.367326	0.0475342	0.306943	-0.563651	-0.0198306	-0.366744	0.549245	-0.475881	0.0646887	0.0903701
0.0958472	-0.123143	0.299154	-0.431123	-0.0881738	-0.325258	0.489795	-0.278952	0.310702	0.0511516
-0.190435	0.0755422	0.348379	-0.283847	0.0368667	-0.437295	0.0982318	-0.0686184	0.36711	0.0540639
-0.62531	0.419949	0.273999	-0.228099	0.242533	-0.438054	0.0891163	0.0495671	0.257489	-0.0411902
-0.606091	0.472987	0.0325881	-0.342798	0.529316	-0.26642	0.118186	0.0867905	0.0542792	-0.0788385
-0.321701	-0.0142471	0.106364	-0.32582	0.399408	-0.082031	0.0292839	0.0644519	-0.0959954	0.240286
-0.054754	-0.362136	0.0822258	-0.0192279	0.301981	-0.00726343	-0.0754264	-0.070623	0.140437	0.0647875
0.0985974	-0.554853	-0.0806977	0.190233	0.197235	0.12408	0.0521363	0.0117888	-0.0800527	0.0415355
-0.0258257	-0.345318	0.0531657	0.0746973	0.227512	0.186864	0.176935	0.0853164	-0.316284	-0.117063
0.0501347	-0.228882	0.0371711	0.27875	-0.0709181	0.103023	0.158863	-0.0117668	-0.138021	-0.178353
0.119614	-0.162111	-0.0199323	0.047274	0.065505	0.118	0.0321345	0.0836627	-0.112747	-0.1714
0.0126003	-0.105877	0.0927856	0.153703	0.0788801	0.0683771	0.0458247	0.0289098	-0.144553	-0.23065
0.183409	-0.0590071	0.121822	0.333012	-0.16221	-0.0244948	0.0562028	0.00791206	-0.151958	-0.304688
0.0984121	-0.0666639	0.0900844	0.331758	-0.173132	0.0898714	0.0413798	-0.0576726	0.0274517	-0.381488
-0.002387	-0.0396755	0.4785	-0.0488977	-0.190841	0.055769	0.0304852	0.0253435	-0.0482808	-0.260016
-0.0321109	-0.0673887	0.717647	-0.117526	-0.14057	-0.113084	-0.050094	0.0148633	-0.155136	-0.0565995
-0.0134232	-0.010585	0.180614	-0.0119337	-0.0305769	-0.0235063	-0.0662363	0.0150019	-0.0285967	-0.0107579
0.0127195	-0.00056229	0.0159816	-0.000544921	-0.0138522	-0.00361227	-0.00712723	-0.00158658	-0.000500335	-0.000915198
-2.31804e-05	-1.09787e-05	-1.02535e-05	-0.000346475	-0.00327011	-0.000193522	-4.26869e-06	0.00346059	-0.000103699	0.000501897
-1.19169e-05	5.42027e-05	-0.000126142	0.000371882	-2.31605e-06	-0.000171022	-4.84274e-06	-2.082e-06	-8.00284e-05	-2.7734e-05
-0.00714406	-0.000636383	-0.0118861	0.0619814	-0.00811282	-0.01309	-0.00212616	0.00689783	-0.00412196	-0.0217617
-0.0906973	-0.00861853	0.121187	0.387312	-0.108461	-0.00724449	-0.0779807	-0.014827	-0.0819006	-0.118768
0.0312719	-0.06603	0.442096	0.313613	-0.0722525	0.163645	-0.301084	-0.0850052	-0.231918	-0.194333
0.12051	-0.262344	0.482467	0.273221	-0.0868049	0.235048	-0.25359	-0.145259	-0.116683	-0.246566
0.113032	-0.472682	0.201135	0.112697	-0.0746168	0.493311	0.0193769	-0.327542	0.0520154	-0.116726
0.104273	-0.371884	0.371888	-0.159645	0.0335547	0.165499	0.198254	-0.311325	0.0589301	-0.0895448
0.225374	-0.120815	0.112159	-0.161696	0.0870318	-0.0268682	0.198128	-0.294457	0.0855352	-0.104391
0.268205	-0.0132239	0.0596971	-0.374624	0.0503449	-0.147687	0.271157	-0.309802	0.232146	-0.0362125
0.356998	-0.132422	0.23533	-0.46037	-0.232274	-0.178997	0.301539	-0.348441	0.261331	0.197308
0.0997684	-0.112523	0.149844	-0.410516	-0.10935	-0.167359	0.298106	-0.169619	0.286407	0.13524
-0.278505	0.0298761	0.282244	-0.469441	0.136839	-0.150097	0.537167	-0.129	0.240771	-0.199854
-0.542274	0.135792	0.30818	-0.343733	0.271469	-0.0834974	0.280482	0.0795221	0.0623338	-0.168274
-0.456939	0.193912	0.154242	-0.24344	0.324308	0.000434188	0.0321984	0.00563849	-0.136262	0.12591
-0.165268	-0.187536	-0.0118474	0.105784	0.217058	-0.0601267	0.0726895	-0.0696319	-0.0557472	0.154627
-0.00544796	-0.354634	0.150036	0.309961	0.225705	-0.0171776	0.176027	-0.194953	-0.17624	-0.113274
0.00812201	-0.197873	0.213686	0.188647	-0.126703	0.131385	0.222002	-0.114946	-0.190617	-0.133704
-0.0236275	-0.0623453	0.097952	0.170019	-0.0541524	-0.0631018	0.228443	-0.0974094	-0.04401	-0.151768
-0.0337277	-0.0715352	0.103142	0.182038	-0.119549	0.0845233	0.0159774	-0.0421662	-0.0500068	-0.0686945
-0.104	-0.02283	-0.00554365	0.0959805	-0.0184249	0.135662	0.0207828	-0.0524933	-0.00661089	-0.0425227
0.00668369	-0.0370492	0.119112	0.333016	-0.0230824	0.0567112	0.0793086	-0.158425	-0.162255	-0.21402
0.196644	-0.0793759	0.10854	0.415607	-0.292017	0.0577948	0.0522109	-0.168336	0.00238529	-0.293453
0.0850428	-0.0831375	0.388309	0.181743	-0.206045	0.118017	0.046571	-0.245178	0.0521508	-0.337472
-0.0304784	-0.0200969	0.644165	-0.162051	-0.169139	0.144068	-0.00794674	-0.142375	-0.0499849	-0.206161
-0.0276069	0.00595489	0.491473	-0.0769666	-0.132367	-0.0682895	0.00306887	-0.0159163	-0.129634	-0.049716
-0.00673211	0.00370833	0.0639062	-0.00922565	-0.0121147	-0.0161597	-0.0199225	0.0130894	-0.0138806	-0.00266861
-0.00411021	-7.28735e-06	0.0221269	-0.000142834	-3.01387e-05	-0.00776033	-0.00952746	-1.35661e-05	-0.000250623	-0.000284432
-1.87322e-09	3.12467e-05	-2.0282e-05	-2.30875e-06	-9.21146e-09	-8.46311e-08	-2.09529e-07	-3.49663e-07	-7.75227e-06	-2.48695e-07
0.00334316	0.000151893	-0.00130625	0.000111095	-0.004661	-0.000477746	-0.00031554	0.0115956	-0.000553745	-0.00788744
-0.00484484	-0.000948158	-0.010716	0.0551848	-0.00588449	-0.0121994	-0.00219294	0.00526918	-0.0069415	-0.0167266
-0.075403	-0.0104294	0.0140478	0.412723	-0.0161013	-0.00116541	-0.0740074	-0.039186	-0.119091	-0.0913864
-0.0208234	-0.0980481	0.297669	0.354614	-0.0784892	0.23006	-0.216738	-0.0793472	-0.222923	-0.165973
0.0808638	-0.335963	0.211838	0.401666	-0.0294354	0.250257	-0.249117	-0.186418	0.0350866	-0.178779
0.152949	-0.275216	0.132457	0.168275	-0.100063	0.323813	-0.0590734	-0.320716	0.130864	-0.153288
0.156956	-0.0817105	0.322958	-0.00229136	-0.126911	0.118134	0.110412	-0.406788	0.0382747	-0.129034
0.198959	-0.0392785	0.228514	-0.0181239	-0.238542	0.229067	0.0754857	-0.31018	0.0747696	-0.200672
0.176755	0.0499777	0.235108	-0.0303689	-0.355137	0.0719918	0.248716	-0.310952	0.214869	-0.300961
0.308484	-0.0969604	0.321447	-0.11443	-0.424689	0.0316769	0.376876	-0.373046	0.18145	-0.210809
0.325197	-0.0526327	0.223773	-0.247756	-0.226282	0.0267314	0.576857	-0.231237	-0.111976	-0.282672
0.150684	-0.0609434	0.222552	-0.269487	-0.36077	0.0785952	0.507844	-0.0886829	0.0386554	-0.218446
-0.150616	0.15767	0.368443	-0.145057	-0.149023	0.0869833	0.171245	-0.0186981	-0.132513	-0.188432
-0.227686	-0.053331	0.14969	-0.00892439	0.143375	0.00268101	0.236224	0.145007	-0.172558	-0.214476
-0.116673	-0.0413775	0.145708	0.0683227	0.0041475	0.0394624	0.243041	-0.141061	-0.0250249	-0.176545
-0.0902433	0.102884	0.19044	0.185742	-0.0348928	-0.0598369	0.224729	-0.315855	-0.0445607	-0.158406
0.0244141	-0.00784864	0.205477	0.312415	-0.152687	-0.0588584	0.166265	-0.29027	0.0370457	-0.235951
-0.0301415	0.0854948	0.0993026	0.259543	-0.144582	0.0066538	0.0977473	-0.339737	0.129536	-0.163816
-0.092177	0.0997654	-0.00659136	0.169807	-0.20533	0.0219696	0.13037	-0.147395	0.0339129	-0.00433117
-0.0038681	0.0318196	0.104035	0.0708985	-0.158447	0.16683	0.0858348	-0.294754	0.0142912	-0.0166406
0.0993714	-0.00881378	0.212517	0.289972	-0.0989805	0.103884	0.110941	-0.418702	-0.0508775	-0.239309
0.191654	-0.0616966	0.303712	0.165403	-0.359915	0.107765	0.0804621	-0.357852	0.172958	-0.242491
0.0298283	-0.0485813	0.331349	0.102296	-0.247782	0.183506	-0.000399286	-0.280611	0.116608	-0.186212
-0.00833023	0.0193602	0.35301	-0.110587	-0.149103	0.159703	-0.0398142	-0.0773363	-0.0484498	-0.0984512
-0.0347587	0.0386043	0.363295	-0.0473595	-0.0631197	-0.0220751	-0.0769298	-0.0209173	-0.107074	-0.029665
-0.00700351	0.00374006	0.105933	-0.00739434	-0.00211422	-0.0265377	-0.0385265	-0.00246203	-0.0155678	-0.0100672
-0.00110658	3.45095e-05	0.00925527	-7.71653e-05	-1.66427e-07	-0.00210081	-0.00593394	-3.82341e-07	-7.05389e-05	-2.07397e-07
0.0	0.0	0.0	0.0	0.0	0.0	0.0	0.0	0.0	0.0
0.00841982	-3.85903e-05	-0.00296908	5.08526e-05	-6.7575e-05	-0.000439855	-0.000789184	-0.000134782	-0.00118342	-0.00284819
-0.00487703	-0.00587936	0.0142124	0.0414872	-0.00230191	-0.00671374	-0.00210496	-0.00835434	-0.011429	-0.0140392
-0.0653705	-0.0223212	0.0765462	0.351614	-0.037296	0.0204789	-0.0506267	-0.0689403	-0.123304	-0.08078
0.000343303	-0.0651605	0.31448	0.396642	-0.0995748	0.110304	-0.185349	-0.170005	-0.203346	-0.0983326
0.146514	-0.224468	0.258998	0.280761	-0.167124	0.321958	-0.275821	-0.244109	-0.0536353	-0.0430718
0.164352	-0.0407301	0.213366	0.347506	-0.237048	0.202034	-0.201528	-0.379281	0.117205	-0.185875
0.134508	0.0241455	0.434874	0.201783	-0.383742	-0.0486819	0.084643	-0.416026	0.306184	-0.337688
0.154845	0.172762	0.281269	0.19333	-0.465019	0.198799	0.0165542	-0.302694	0.0434993	-0.293345
0.184264	0.123519	0.283792	0.245528	-0.408272	0.168606	0.241303	-0.348244	-0.0467281	-0.443769
0.302469	0.148296	0.250377	-0.0171682	-0.385271	0.0200412	0.412095	-0.291033	0.0958216	-0.535628
0.423079	0.14173	0.31173	-0.13774	-0.186008	0.0979077	0.351647	-0.270135	-0.159194	-0.573015
0.367775	0.0567435	0.18958	-0.322689	-0.20692	0.0287682	0.458236	-0.0797764	0.0258132	-0.51753
0.129316	-0.0565508	0.0734534	-0.0735531	-0.327492	0.0528907	0.314124	0.033291	0.0275928	-0.173071
-0.000173249	-0.0254427	0.0038605	0.0631424	-0.115305	-0.0489498	0.533957	0.0448093	-0.191182	-0.264716
0.0107555	-0.04232	0.0337941	-0.0268045	-0.0488063	0.0238505	0.329216	-0.169001	0.108347	-0.21903
-0.0590007	0.200714	0.0561878	0.0948791	0.0404538	0.106113	0.170894	-0.321423	-0.173441	-0.115377
0.00223355	0.269645	-0.0735161	0.198133	0.00105529	0.149461	0.0801713	-0.398691	-0.0465683	-0.181922
-0.111055	0.322372	0.0892442	0.230375	-0.0975786	0.153264	0.220121	-0.536541	-0.0214882	-0.248714
-0.084992	0.253242	0.212486	0.135626	-0.208313	0.076723	0.10396	-0.383932	-0.0411277	-0.0636743
-0.0182762	0.122979	0.153621	0.222748	-0.136714	0.022449	0.174508	-0.518217	0.108809	-0.131907
0.0825742	0.00796582	0.280622	0.107702	-0.0767199	0.138752	0.0177137	-0.498273	0.190132	-0.250469
0.0935212	-0.0546742	0.288029	-0.000370173	-0.223966	0.371309	-0.0962237	-0.400025	0.213786	-0.191385
-0.0456568	-0.0586179	0.31056	0.0149252	-0.19976	0.19371	-0.02383	-0.202253	0.0906998	-0.0797773
-0.0309959	-0.023974	0.348887	-0.0841809	-0.101235	0.0845475	-0.0591517	-0.044057	-0.103025	0.013187
-0.0277239	0.00343301	0.175423	-0.0277887	-0.0603341	0.0424973	-0.0361767	-0.023764	-0.0723057	0.0267398
-0.00128294	0.00564795	0.0332342	-0.00322843	-0.000521036	-0.00406699	-0.00741656	-0.00157134	-0.0137328	-0.00706209
-2.10324e-05	0.000130884	-0.00010559	-4.40262e-05	-2.43049e-05	0.000364818	-4.55897e-06	-3.15984e-05	-0.000232633	-3.19584e-05
-2.20852e-08	8.07075e-05	-3.7537e-05	-1.27246e-05	-4.48784e-07	-5.09826e-07	-7.15846e-07	-5.28214e-06	-2.2197e-05	-1.27012e-06
-5.37415e-05	8.67989e-06	0.000120853	0.000545454	-2.68162e-06	-0.000178953	-3.1411e-05	-0.000143435	-8.81946e-05	-0.000176572
-0.0112788	-0.0102672	0.0373668	0.0532584	-0.000644258	-0.0111795	-0.0014844	-0.0319215	-0.0116507	-0.0121988
-0.0465652	-0.0138931	0.118063	0.227512	-0.0445191	0.032963	-0.03003	-0.0945446	-0.0851569	-0.0638279
-0.0649719	0.038106	0.202093	0.256141	-0.0852475	0.174204	-0.140749	-0.174064	-0.118241	-0.0872696
0.0746359	0.232668	0.196182	0.119368	-0.118804	0.100176	-0.237627	-0.2221	-0.0889726	-0.0555253
0.115994	0.213732	0.183822	0.224257	-0.298485	0.14136	-0.324938	-0.298476	0.182658	-0.139925
0.12728	0.133951	0.179057	0.167718	-0.36541	0.205493	-0.117351	-0.328548	0.246389	-0.248577
0.0259249	0.199588	0.0870848	0.112384	-0.198039	0.154339	0.0979389	-0.240364	-0.0140043	-0.224853
0.0849572	0.0840486	0.264161	-0.18874	-0.208015	0.136049	0.199285	-0.319492	0.14293	-0.195186
0.229353	0.179203	0.14144	-0.115005	-0.214976	0.0557152	0.282439	-0.239372	-0.0565284	-0.26227
0.344307	-0.107212	0.0842711	-0.110925	-0.0666306	0.159169	0.348633	-0.211088	-0.0413545	-0.39917
0.287723	-0.1627	-0.0165847	-0.0709404	-0.101711	0.115377	0.537434	-0.11965	-0.123645	-0.345301
0.118312	-0.192931	0.0761668	-0.0669039	-0.193865	0.0696205	0.544617	-0.16187	0.0748551	-0.268001
0.0371927	0.038467	0.0578437	-0.109995	-0.116814	0.112432	0.554622	-0.211151	-0.0441577	-0.318437
0.034942	0.0293695	-0.0431478	-0.00959653	0.0475653	0.0866965	0.301725	-0.123066	-0.034513	-0.289974
0.0262346	0.00688982	0.097587	0.102115	-0.0825538	0.0146311	0.238193	-0.0913518	-0.153888	-0.157857
-0.131042	0.137778	0.207077	0.0426898	0.00144601	0.0846317	0.330635	-0.304971	-0.0562644	-0.31198
-0.147147	0.327618	0.263212	0.189104	-0.122158	-0.038453	0.258156	-0.368096	-0.0761389	-0.286099
-0.160747	0.209782	0.339792	0.227965	-0.00952872	-0.0248577	0.112189	-0.406339	-0.0570105	-0.231245
-0.0561708	0.212052	0.0672907	0.0461614	-0.00646689	0.202335	0.0374637	-0.456249	0.117516	-0.163931
0.00119165	0.093351	0.189982	-0.0921948	3.95826e-05	0.333128	-0.0406897	-0.457883	0.0733952	-0.100321
-0.000810034	-0.127219	0.33373	-0.086002	-0.104934	0.355155	-0.00876393	-0.364406	0.131248	-0.127995
-0.00875538	-0.0960315	0.397868	-0.133653	-0.0738507	0.182886	-0.037888	-0.192204	-0.0193076	-0.0190616
-0.0298543	-0.00373695	0.269318	-0.0988584	-0.0723602	0.0823873	-0.0325775	-0.0361615	-0.139932	0.0617762
-0.0129879	-0.000670953	0.102717	-0.0206468	-0.0525844	0.0659	-0.0262156	-0.0154493	-0.0506792	0.0106173
0.012499	-0.001328	0.0110747	-0.00311306	-0.00108277	0.00193552	-0.00224496	-0.00144078	-0.00484748	-0.0114522
4.65475e-06	-4.47792e-11	-8.08144e-07	-2.94083e-07	-3.71089e-09	-1.47513e-06	-2.3121e-07	-7.63435e-09	-1.8209e-06	-1.38433e-08
-2.1395e-08	7.81853e-05	-3.63639e-05	-1.2327e-05	-4.3476e-07	-4.93894e-07	-6.93475e-07	-5.11708e-06	-2.15033e-05	-1.23043e-06
-8.44882e-07	2.32885e-05	-1.28227e-05	2.04261e-05	-1.79664e-07	-6.61957e-06	-2.2715e-07	-8.45373e-06	-8.54469e-06	-6.02231e-06
-0.00249846	-0.0098912	0.0263758	0.0547477	-0.000386365	-0.00791085	-0.00022653	-0.0378641	-0.008565	-0.013781
-0.0421033	-0.0105261	0.0851902	0.159465	-0.0400059	0.0169075	-0.0111624	-0.0872805	-0.037658	-0.0328259
-0.156285	0.0887952	0.155339	0.164217	-0.0645351	0.163402	-0.0662291	-0.115415	-0.0942815	-0.0750062
-0.0498016	0.480973	0.15802	0.0925357	-0.110502	-0.0147608	-0.149522	-0.0518443	-0.171076	-0.184022
0.0292813	0.369743	0.241223	0.153633	-0.177163	-0.121348	-0.278914	-0.0558183	0.0126674	-0.173304
0.101349	0.148205	0.240538	0.101164	-0.226227	-0.00917793	-0.264002	0.0415446	0.118099	-0.251494
0.169062	0.08951	0.300375	-0.049537	-0.208576	0.0661786	-0.177856	-0.0676281	-0.0234746	-0.0980551
0.158809	0.0899287	0.270687	-0.00340973	-0.210059	0.0534039	-0.018157	-0.205857	-0.0398529	-0.0954943
0.159156	-0.0866769	0.125012	-0.000902611	-0.120065	-0.0319505	0.0887192	-0.124535	0.0122013	-0.0209586
0.217405	-0.344728	0.157725	0.0926434	-0.0936225	0.0539986	0.0590808	-0.257507	0.160235	-0.0452299
0.186867	-0.449425	0.104144	-0.0760971	-0.128436	0.127036	0.25038	-0.1461	0.146244	-0.0146121
0.388193	-0.332478	0.00599372	-0.126588	-0.100615	0.226197	0.230405	-0.318457	0.159438	-0.13209
0.161642	-0.115842	-0.054347	-0.113429	-0.145144	0.104882	0.0705806	-0.0889558	0.234309	-0.0536949
0.132645	0.0153223	-0.116121	0.0289987	-0.0968306	0.0303962	0.177349	-0.0304256	0.0987412	-0.240074
0.0515723	0.0247407	-0.00550671	0.043575	-0.0972744	0.107479	0.149257	-0.0588746	-0.0341876	-0.18078
0.024122	0.231642	0.0373109	0.0826645	0.00640062	0.0205858	0.0497256	-0.205693	0.00890036	-0.255658
-0.0886189	0.330286	0.171722	0.0646341	-0.00308326	0.091842	-0.0404288	-0.256178	-0.029726	-0.240449
-0.123516	0.180308	0.255659	0.158493	0.220744	0.127417	-0.0457462	-0.287885	-0.114527	-0.370948
-0.164866	0.132199	0.265332	0.0737345	0.0987714	0.163491	0.0141338	-0.421921	-0.0348966	-0.125979
-0.0994963	-0.0263829	0.264901	-0.0755947	0.193327	0.116165	-0.00371279	-0.41868	0.0840456	-0.0345699
-0.00494691	-0.120548	0.336525	-0.0287705	-0.00792831	0.163706	-0.0911147	-0.273984	-0.0120478	0.0391093
0.0242275	-0.0620631	0.220495	-0.0797775	-0.0778043	0.142925	-0.0834995	-0.174234	-0.0154399	0.105172
-0.0196794	-0.0122391	0.157776	-0.0675886	-0.058553	0.0842871	-0.0365612	-0.036472	-0.0663783	0.0554092
-0.0078104	-0.00201414	0.0527404	-0.0182517	-0.0320094	0.0467795	-0.0102653	-0.0169056	-0.0213969	0.00913376
0.00133376	0.00251059	-0.012866	-0.000112475	0.00172771	0.0131577	-0.000132051	-0.000407244	-0.00226327	-0.00294866
8.59338e-06	-8.26693e-11	-1.49196e-06	-5.42922e-07	-6.85087e-09	-2.72331e-06	-4.26849e-07	-1.40942e-08	-3.36165e-06	-2.55569e-08
0.0	0.0	0.0	0.0	0.0	0.0	0.0	0.0	0.0	0.0
0.0	0.0	0.0	0.0	0.0	0.0	0.0	0.0	0.0	0.0
-0.000293337	-0.000137715	0.000705551	0.0413778	-0.000129906	-0.000689672	-2.91093e-05	-0.0289111	-0.00202376	-0.00986871
-0.0175412	-0.0258096	-0.0188381	0.156322	-0.00880415	0.0169902	-0.00183606	-0.0660787	-0.02476	-0.0096444
-0.108411	0.0182606	-0.00890976	0.239896	-0.031963	0.0980893	-0.013612	0.0103732	-0.114305	-0.0894187
-0.124669	0.306598	-0.0419134	0.236911	-0.0681157	0.106981	-0.0443557	0.114734	-0.339668	-0.1465
-0.0564217	0.316885	-0.0175909	0.241887	-0.0733349	-0.0348883	-0.104922	0.240574	-0.337928	-0.174259
0.0758377	0.116328	0.0475514	0.208365	-0.0864227	-0.111028	-0.20858	0.281786	-0.17035	-0.153488
0.136648	-0.00223266	0.12334	-0.0135463	-0.0777521	0.0977374	-0.26401	-0.148046	0.14163	0.0062319
0.228406	0.00705357	0.117888	0.117621	-0.0465916	0.123624	-0.314195	-0.117183	0.0467044	-0.163328
0.314674	-0.0780564	0.0253179	0.0692054	-0.0243386	0.224074	-0.374261	-0.0930395	-0.0694861	0.00591075
0.331438	-0.127179	0.185232	0.132187	-0.00453966	0.062694	-0.312603	-0.248846	0.0550849	-0.0734676
0.280974	0.0284063	0.104558	-0.155716	-0.109203	0.0712058	-0.147541	-0.233756	0.201513	-0.0404418
0.289359	-0.114898	-0.0928661	0.0374762	-0.0761626	-0.0757128	-0.0762627	-0.207597	0.418504	-0.101839
0.265723	-0.183774	-0.0894455	-0.104947	-0.0302201	0.0506278	-0.0218541	-0.0632418	0.223716	-0.0465835
0.176175	0.0446628	-0.10668	-0.0449895	-0.0599145	0.00884086	-0.033658	0.0161305	0.205318	-0.205884
0.00254475	0.0673162	-0.0323432	-0.203866	0.0895803	0.160894	-0.106558	-0.0998397	0.279081	-0.156809
-0.0177106	0.218233	-0.0307533	0.0636757	0.0351999	0.00294627	-0.0904774	-0.091016	0.0633249	-0.153423
-0.281773	0.0594959	0.219934	0.221471	0.191405	-0.165252	-0.0323516	-0.193185	0.1212	-0.140944
-0.308953	0.0324057	0.357889	0.00165048	0.204181	-0.0127429	-0.0100033	-0.317498	0.126882	-0.0738133
-0.268914	-0.0495551	0.282061	-0.0134197	0.197604	0.0888778	-0.0270187	-0.395532	0.150811	0.0350861
-0.136074	-0.101296	0.323737	-0.0735065	0.173175	-0.00172073	-0.0573193	-0.359738	0.0422565	0.190487
-0.049517	-0.0846091	0.267971	-0.10847	-0.0370129	0.0307246	-0.0436189	-0.226022	-0.00184967	0.252406
-0.0222489	-0.0667959	0.162658	-0.0630883	-0.0750735	0.0830777	-0.0306672	-0.182175	0.0268588	0.167456
-0.0298535	-0.0154894	0.122666	-0.026903	-0.0497947	0.0598303	-0.0206064	-0.0551024	-0.0434006	0.0586545
-0.00519312	0.000203011	0.0494486	-0.0162296	-0.00211909	0.0203375	-0.0051761	-0.0192315	-0.0162041	-0.00583548
-1.22933e-05	0.0110469	-0.00922725	0.00330816	0.00177554	0.0076752	-0.000107861	-0.00027763	-0.00971399	-0.00446681
0.0	0.0	0.0	0.0	0.0	0.0	0.0	0.0	0.0	0.0
0.0	0.0	0.0	0.0	0.0	0.0	0.0	0.0	0.0	0.0
0.0	0.0	0.0	0.0	0.0	0.0	0.0	0.0	0.0	0.0
-0.00125149	-9.00237e-06	-0.00169778	0.021018	-9.38561e-06	-0.000378179	-3.84082e-06	-0.0148843	-9.80211e-05	-0.00268596
-0.00211663	-0.0185243	-0.047738	0.096042	-0.000282781	0.0160157	-0.000153907	-0.00325463	-0.0307549	-0.00923256
-0.0144902	-0.0337274	-0.0898968	0.187029	-0.014802	-0.00829659	-0.0025272	0.102821	-0.133979	0.00786807
-0.054639	0.0424424	-0.179116	0.210208	-0.0220399	-0.00811762	-0.0154577	0.300493	-0.286614	0.0128426
-0.0731338	0.0481324	-0.269716	0.381924	-0.0512134	-0.0280705	-0.0286409	0.354151	-0.355648	0.0222168
-0.120079	-0.0560197	-0.28223	0.417094	-0.0653185	0.0356051	-0.0600173	0.282115	-0.27023	0.119079
-0.0955581	-0.160717	-0.190334	0.234402	-0.0645231	0.0912303	-0.117119	0.169599	0.0377522	0.0952693
-0.0743239	-0.185643	-0.141935	0.217625	0.00752357	0.311003	-0.177845	0.0646371	0.0534176	-0.07446
-0.051703	-0.259098	-0.213586	0.353498	-0.00159341	0.194331	-0.233489	0.0927637	0.0748219	0.0440548
-0.0160698	-0.294929	-0.152151	0.330875	0.0736018	0.141702	-0.315165	0.030768	0.299927	-0.0985596
0.153641	-0.262657	0.0036479	0.241445	-0.147263	0.194786	-0.290536	0.0327639	0.235632	-0.161462
0.154101	-0.323632	0.00540631	0.315553	-0.156011	0.298411	-0.311333	0.125499	0.147667	-0.255662
0.0766345	-0.307541	0.149646	0.270643	-0.0943625	0.262942	-0.273889	0.0417265	0.143909	-0.269708
-0.0561717	-0.244841	0.0358661	0.127205	-0.0873623	0.238639	-0.234483	0.0419046	0.248755	-0.0695108
-0.131529	-0.337713	0.00724247	0.20271	0.0111333	0.0913376	-0.157859	-0.00402057	0.359891	-0.0411913
-0.18725	-0.111775	0.0969454	0.126223	-0.0998759	0.13435	-0.109881	0.0198475	0.0412957	0.0901189
-0.256002	-0.0211781	0.148072	-0.138781	0.00224141	0.14627	-0.0898169	-0.125508	0.238634	0.0960698
-0.241284	0.00588945	-0.00371303	-0.125747	0.0853376	0.0475688	-0.0824364	-0.155003	0.336359	0.133028
-0.212495	-0.0197435	-0.00395027	-0.0714612	0.0689925	0.0389131	-0.0494029	-0.19022	0.101805	0.337563
-0.144235	-0.0185725	0.0870672	-0.0426238	0.054548	-0.00467192	-0.0494187	-0.176344	-0.024902	0.319154
-0.0635076	-0.0390227	0.0354538	-0.0398076	0.0174458	0.0921956	-0.0289371	-0.15895	-0.0455696	0.2307
-0.0224191	-0.0184561	0.0639826	-0.0223497	-0.0133313	0.0710348	-0.0113868	-0.165052	-0.0298317	0.147809
-0.00366114	-0.00673322	0.136327	-0.0199644	-0.0312179	0.0447038	-0.00267942	-0.0653901	-0.035044	-0.0163405
-0.000298353	0.00305369	0.0783576	-0.00412005	0.00378495	-0.0120524	-0.000320857	-0.0279642	-0.0164263	-0.024014
-3.68172e-07	0.00071085	0.0115793	-1.09109e-05	-7.42444e-05	-0.000186839	-2.92942e-05	-1.64073e-06	-0.00239325	-0.00959362
0.0	0.0	0.0	0.0	0.0	0.0	0.0	0.0	0.0	0.0
0.0	0.0	0.0	0.0	0.0	0.0	0.0	0.0	0.0	0.0
0.0	0.0	0.0	0.0	0.0	0.0	0.0	0.0	0.0	0.0
-1.82417e-05	-2.28177e-07	-4.12703e-05	0.002016	-4.98154e-05	-6.79598e-06	-3.09103e-07	-0.00307495	-0.000171599	0.00134722
-0.000120492	-0.00164592	-0.0124375	-0.00922293	-6.92218e-05	0.0172386	-4.74185e-05	0.0145951	-0.00331542	-0.00497478
-0.00263287	-0.0268986	-0.0406606	0.0112421	-0.00108372	0.0219696	-0.00081809	0.0960313	-0.0718688	0.0147198
-0.0116803	-0.0559551	-0.0639021	0.0731387	-0.0375528	-0.016726	-0.0017454	0.0967657	-0.140874	0.158532
-0.0518229	-0.0776199	-0.0713978	0.184873	-0.0976218	-0.0223679	-0.00530373	0.0783715	-0.136051	0.198942
-0.094416	-0.113859	-0.139562	0.328467	-0.167151	-0.0129024	-0.00987712	0.119502	-0.15404	0.24384
-0.152884	-0.115363	-0.252975	0.504191	-0.279141	0.00286418	-0.0322472	0.282319	-0.232228	0.275466
-0.227701	-0.177144	-0.283042	0.542526	-0.231789	0.112229	-0.0459453	0.31755	-0.203876	0.197192
-0.314594	-0.338672	-0.249299	0.556777	-0.177678	0.132003	-0.0450646	0.204322	-0.0196712	0.251879
-0.326327	-0.295781	-0.246184	0.506152	-0.280402	0.219426	-0.0460897	0.32684	0.0139343	0.12843
-0.390483	-0.213532	-0.180461	0.54433	-0.388015	0.246488	-0.0480717	0.287267	-0.0499716	0.192448
-0.352277	-0.269203	-0.125186	0.449882	-0.255294	0.264699	-0.0813287	0.240274	-0.0208741	0.149308
-0.326606	-0.285466	-0.0441889	0.278179	-0.267704	0.13674	-0.0749045	0.22283	0.113348	0.247773
-0.30095	-0.291084	-0.00232319	0.138399	-0.295915	0.249517	-0.0740377	0.242853	0.208581	0.124958
-0.222666	-0.260484	-0.0308058	0.154754	-0.355461	0.208528	-0.0636495	0.154508	0.198708	0.216568
-0.233529	-0.154294	-0.0681758	0.0765986	-0.387129	0.184241	-0.0460322	0.150215	0.199671	0.278436
-0.191083	-0.0678511	-0.154403	0.0193878	-0.316253	0.105692	-0.0381019	0.190469	0.13536	0.316783
-0.113538	-0.0482382	-0.172663	0.0537581	-0.311912	0.0914655	-0.0246507	0.0337654	0.0757944	0.416219
-0.113515	-0.0193703	-0.109676	-0.0197687	-0.186327	0.0595605	-0.013565	-0.0769335	0.0186705	0.460926
-0.0884687	-0.00535559	-0.0944074	-0.0597646	-0.112992	0.0996077	-0.00837767	-0.0564399	-0.0237277	0.349926
-0.0368083	-0.00367165	-0.0787624	-0.0215615	-0.0499625	0.132652	-0.005384	-0.0246855	-0.0282949	0.116479
-0.00836183	-0.000858703	-0.0381983	-0.00408518	-0.039111	0.0958162	-0.00216394	-0.0421713	-0.00956738	0.0487015
-0.00195252	-1.07673e-05	-0.00581537	-0.00019635	-0.0244167	0.0549081	-0.000526166	-0.00325884	-0.00434543	-0.014386
-4.21631e-07	-4.59013e-06	0.010281	-0.000199326	-0.000730401	-8.17581e-06	-1.88624e-05	-0.00068512	-0.00216799	-0.00646612
-3.23201e-07	-5.47953e-06	0.0122956	-3.00749e-06	-7.86387e-05	-5.69784e-06	-2.10705e-05	-1.35837e-06	-0.00200061	-0.0101794
0.0	0.0	0.0	0.0	0.0	0.0	0.0	0.0	0.0	0.0
0.0	0.0	0.0	0.0	0.0	0.0	0.0	0.0	0.0	0.0
0.0	0.0	0.0	0.0	0.0	0.0	0.0	0.0	0.0	0.0
0.0	0.0	0.0	0.0	0.0	0.0	0.0	0.0	0.0	0.0
0.0	0.0	0.0	0.0	0.0	0.0	0.0	0.0	0.0	0.0
-0.000179333	-0.000725324	-0.000647886	0.000787132	0.000716724	-0.00226768	-3.76327e-05	-0.0227796	-0.00932261	0.0344562
-0.00276279	-0.00269099	-0.00238266	0.0130544	-0.00519088	-0.00598203	-0.000264942	-0.0597495	-0.0254223	0.0913917
-0.0129382	-0.00490796	-0.00754793	0.0226799	-0.0416429	-0.0179994	-0.00110155	-0.0569857	-0.04145	0.161894
-0.0289123	-0.0071633	-0.017345	0.0320145	-0.0899048	-0.058987	-0.00195138	0.0135885	-0.0209618	0.179623
-0.04344	-0.0122835	-0.02256	0.0167128	-0.157172	-0.076593	-0.00427892	0.0819518	-0.0177832	0.235446
-0.075524	-0.0215709	-0.0218247	0.00511137	-0.246548	-0.0525189	-0.00617155	0.129735	-0.056733	0.346045
-0.0691538	-0.0542025	-0.020981	0.0172326	-0.255649	-0.0169264	-0.00687091	0.131536	-0.0992084	0.374224
-0.0548656	-0.0476548	-0.0409547	0.0180091	-0.312215	0.0568517	-0.00813833	0.121717	-0.0710711	0.338322
-0.040389	-0.059094	-0.0259108	-0.00685089	-0.348138	0.0558067	-0.00971923	0.0543281	-0.0843572	0.464325
-0.0744543	-0.100958	-0.0401486	-0.00886072	-0.375308	-0.00612017	-0.0119877	0.245665	-0.103406	0.47558
-0.102436	-0.0867034	-0.0326878	-0.0299643	-0.455208	-0.0369234	-0.0103225	0.315446	-0.124146	0.562946
-0.0772694	-0.0526493	-0.040787	-0.0169878	-0.406504	0.0359094	-0.00921256	0.355054	-0.134113	0.346557
-0.0530623	-0.0361552	-0.0506674	0.0355626	-0.357708	-0.000859457	-0.00842591	0.234504	-0.0947247	0.331536
-0.0629478	-0.0212202	-0.0595817	0.0217925	-0.317486	-0.0309738	-0.00800855	0.244807	-0.0511173	0.284735
-0.0417147	-0.0227644	-0.0411768	0.00737731	-0.316068	-0.0512494	-0.00710598	0.21739	-0.0357808	0.291094
-0.00911702	-0.0116873	-0.0179189	-0.00495269	-0.247351	-0.0064928	-0.00446109	0.111015	-0.0418716	0.232838
-0.0287318	-0.00446865	-0.0166651	-0.0162573	-0.121606	0.0257878	-0.00302034	-0.00232913	-0.0223694	0.18966
-0.035755	-0.00253576	-0.0189836	-0.00973533	-0.0566529	0.0251955	-0.00201497	0.0035134	-0.00998883	0.106957
-0.0189017	-0.000436687	-0.00683435	0.000110358	-0.0262542	0.0130166	-0.00038668	0.0317223	-0.00233141	0.0102958
-0.00116255	-8.8222e-06	-4.97801e-05	-0.000151615	-0.000282495	0.000201508	-6.88532e-05	-0.00316684	-0.00022168	0.00491112
-3.61073e-06	-1.6084e-09	-4.80182e-07	-1.46646e-06	-0.000718928	-1.70602e-05	-1.23841e-06	-6.73377e-05	-1.03731e-05	0.000820496
-1.69813e-07	-1.6554e-08	-1.0454e-06	-1.91079e-07	-6.1526e-08	-8.29791e-08	-8.61882e-10	1.22974e-05	-5.9243e-07	-1.01364e-05
0.0	0.0	0.0	0.0	0.0	0.0	0.0	0.0	0.0	0.0
0.0	0.0	0.0	0.0	0.0	0.0	0.0	0.0	0.0	0.0
0.0	0.0	0.0	0.0	0.0	0.0	0.0	0.0	0.0	0.0
0.0	0.0	0.0	0.0	0.0	0.0	0.0	0.0	0.0	0.0
0.0	0.0	0.0	0.0	0.0	0.0	0.0	0.0	0.0	0.0
0.0	0.0	0.0	0.0	0.0	0.0	0.0	0.0	0.0	0.0
-2.89268e-06	-3.73424e-06	-2.08964e-06	-5.30749e-07	-1.21916e-06	-8.57195e-07	-7.39207e-08	9.77713e-05	-3.67464e-05	-4.96277e-05
-5.28166e-05	-9.71644e-06	-7.0581e-06	-2.14519e-06	-5.42238e-06	-1.51108e-05	-8.24274e-07	0.000401623	-0.000102181	-0.000206349
-7.47168e-05	-8.63032e-06	-2.53545e-05	-2.12265e-05	-0.0041655	-3.52874e-05	-2.43578e-06	-0.000131417	-0.000121632	0.0045862
-0.000155415	-2.22356e-05	-7.34568e-05	-6.26708e-05	-0.0238979	-0.000392322	-3.82133e-05	-0.00173998	-0.000179441	0.0265616
-0.000462883	-4.68764e-05	-0.000106142	-0.000134189	-0.0253764	-0.000939074	-7.05626e-05	0.00717844	-0.000311983	0.0202696
-0.000988365	-3.69334e-05	-0.000175038	-0.000719746	-0.0128028	-0.000700214	-2.8458e-05	0.00664778	-0.000620167	0.0094239
-0.000927813	-0.00306877	-0.00248932	-0.00370506	-0.0267748	0.00255233	-6.03995e-05	0.0347948	-0.00881099	0.00849011
-0.00149324	-0.000879231	-0.00108864	-0.00231548	-0.0194129	0.0070539	-6.42991e-05	0.0105953	-0.00271641	0.010321
-0.00347401	-0.00234119	-0.000662619	-0.00292315	-0.0282455	0.00428387	-0.000391638	0.0228196	-0.00656294	0.0174976
-0.00603948	-0.00235808	-0.000781431	-0.00412823	-0.0234311	-0.0027547	-0.000402771	0.091108	-0.00558608	-0.0456262
-0.00900312	-0.00129655	-0.000728249	-0.00592221	-0.0651123	-0.00949544	-0.000789246	0.0925942	-0.00546831	0.0052215
-0.00839135	-0.000452828	-0.00092737	-0.00500353	-0.0349289	-0.00726802	-0.000766337	0.0928174	-0.00523329	-0.0298457
-0.00498121	-0.00029625	-0.000782569	-0.00564226	-0.0232919	-0.00485339	-0.000544347	0.0793632	-0.0027532	-0.0362181
-0.00404108	-0.00242949	-0.00087367	-0.00445236	-0.0212518	-0.00564185	-0.000508435	0.0907981	-0.00268067	-0.0489187
-0.00414272	-0.00711512	-0.000614046	-0.00301723	-0.0277593	-0.00478028	-0.000334455	0.105043	-0.00301709	-0.0542624
-0.00207909	-0.000165679	-0.000416777	-0.00205588	-0.0213691	-0.00416475	-0.000198112	0.0710173	-0.0019046	-0.0386633
-0.00371968	-7.84428e-05	-0.00281043	-0.00102931	-0.00446852	-0.00689799	-0.000186485	0.0231611	-0.00214967	-0.00182058
-0.00725398	-2.70963e-05	-0.00189321	-0.000354449	-0.00214551	-0.00296958	-7.69321e-05	0.00885778	-0.00113775	0.00700074
-0.0208629	-5.08492e-05	-0.00707773	-0.000237161	-0.00418238	-0.00292539	-0.000190541	0.0268039	-0.0010077	0.00973075
-0.0047666	-3.14931e-06	-5.57926e-05	-2.54642e-05	-0.000900096	-0.000646346	-1.67023e-05	0.00897681	-0.000202032	-0.00236062
0.0	0.0	0.0	0.0	0.0	0.0	0.0	0.0	0.0	0.0
0.0	0.0	0.0	0.0	0.0	0.0	0.0	0.0	0.0	0.0
0.0	0.0	0.0	0.0	0.0	0.0	0.0	0.0	0.0	0.0
0.0	0.0	0.0	0.0	0.0	0.0	0.0	0.0	0.0	0.0
