0.0	0.0	0.0	0.0	0.0	0.0	0.0	0.0	0.0	0.0
0.0	0.0	0.0	0.0	0.0	0.0	0.0	0.0	0.0	0.0
0.0	0.0	0.0	0.0	0.0	0.0	0.0	0.0	0.0	0.0
0.0	0.0	0.0	0.0	0.0	0.0	0.0	0.0	0.0	0.0
0.0	0.0	0.0	0.0	0.0	0.0	0.0	0.0	0.0	0.0
0.0	0.0	0.0	0.0	0.0	0.0	0.0	0.0	0.0	0.0
0.0	0.0	0.0	0.0	0.0	0.0	0.0	0.0	0.0	0.0
0.0	0.0	0.0	0.0	0.0	0.0	0.0	0.0	0.0	0.0
0.0	0.0	0.0	0.0	0.0	0.0	0.0	0.0	0.0	0.0
0.0	0.0	0.0	0.0	0.0	0.0	0.0	0.0	0.0	0.0
0.0	0.0	0.0	0.0	0.0	0.0	0.0	0.0	0.0	0.0
0.0	0.0	0.0	0.0	0.0	0.0	0.0	0.0	0.0	0.0
-3.01588e-06	-5.39172e-06	-0.000249653	-1.41702e-05	-0.000765914	-1.46794e-05	0.00129278	-5.72095e-06	-6.22467e-05	-0.000171984
-1.48462e-05	-1.29688e-05	-0.000259766	-3.93977e-05	-0.00178609	-3.25343e-05	0.00273044	-1.68844e-05	-0.000144571	-0.000423383
-9.17227e-06	-1.29393e-06	0.000319252	-9.31402e-06	-0.000121296	-4.35757e-07	-0.00011161	-4.84909e-06	-9.20492e-06	-5.20763e-05
-3.82178e-07	-5.39137e-08	1.33022e-05	-3.88084e-07	-5.054e-06	-1.81565e-08	-4.6504e-06	-2.02045e-07	-3.83538e-07	-2.16985e-06
0.0	0.0	0.0	0.0	0.0	0.0	0.0	0.0	0.0	0.0
0.0	0.0	0.0	0.0	0.0	0.0	0.0	0.0	0.0	0.0
0.0	0.0	0.0	0.0	0.0	0.0	0.0	0.0	0.0	0.0
0.0	0.0	0.0	0.0	0.0	0.0	0.0	0.0	0.0	0.0
0.0	0.0	0.0	0.0	0.0	0.0	0.0	0.0	0.0	0.0
0.0	0.0	0.0	0.0	0.0	0.0	0.0	0.0	0.0	0.0
0.0	0.0	0.0	0.0	0.0	0.0	0.0	0.0	0.0	0.0
0.0	0.0	0.0	0.0	0.0	0.0	0.0	0.0	0.0	0.0
0.0	0.0	0.0	0.0	0.0	0.0	0.0	0.0	0.0	0.0
0.0	0.0	0.0	0.0	0.0	0.0	0.0	0.0	0.0	0.0
0.0	0.0	0.0	0.0	0.0	0.0	0.0	0.0	0.0	0.0
0.0	0.0	0.0	0.0	0.0	0.0	0.0	0.0	0.0	0.0
0.0	0.0	0.0	0.0	0.0	0.0	0.0	0.0	0.0	0.0
0.0	0.0	0.0	0.0	0.0	0.0	0.0	0.0	0.0	0.0
0.0	0.0	0.0	0.0	0.0	0.0	0.0	0.0	0.0	0.0
0.0	0.0	0.0	0.0	0.0	0.0	0.0	0.0	0.0	0.0
0.0	0.0	0.0	0.0	0.0	0.0	0.0	0.0	0.0	0.0
-8.14535e-08	-4.31078e-10	-1.52149e-06	-1.32645e-08	-2.9666e-05	-6.86153e-09	3.22441e-05	-2.87302e-07	-1.94548e-08	-6.4786e-07
-1.83982e-05	-1.06791e-07	-0.00011315	-3.94308e-06	-0.00333815	-6.23605e-06	0.00363006	-2.77676e-05	-4.16503e-06	-0.000118151
-3.54578e-05	-1.58767e-05	-0.000195561	-8.6809e-06	-0.00772339	-1.28077e-05	0.00835687	-7.99545e-05	-1.19126e-05	-0.000273234
-3.78231e-05	-0.000756856	0.000678188	-4.87761e-05	-0.00718132	-3.91034e-05	0.0080939	-0.000262967	-6.21904e-05	-0.000383055
-2.85379e-05	-0.000690684	0.000357743	-8.01259e-05	-0.00302371	-2.36715e-05	0.00408714	-0.000254737	-0.000106419	-0.000236998
-9.12005e-05	-0.000565815	-0.000867978	-8.64666e-05	-0.00520901	-5.90973e-05	0.00782262	-0.000180002	-0.000301548	-0.000461494
0.00174141	-0.000513872	-0.00355684	-0.000137141	-0.00761964	-0.000184284	0.0130947	-0.000755569	-0.000517934	-0.00155083
0.00419917	-0.000327133	-0.00246149	-0.000127808	-0.0136039	-0.000225717	0.0155739	-0.0010432	-0.00044858	-0.00153529
0.00179318	-0.000208864	-0.00196601	-9.46459e-05	-0.0114186	-0.000331084	0.014401	-0.000487796	-0.000532763	-0.00115445
-0.000141275	0.0034488	7.38831e-05	-0.000231118	-0.00975732	-0.000314617	0.00832146	-0.000135001	-0.000567382	-0.000697424
0.00154325	0.00524072	0.00122416	-0.00031512	-0.0112095	-0.0003007	0.00629991	-0.000299114	-0.000788523	-0.00139509
0.00419576	-0.000877618	0.00622635	-0.000235865	-0.00735396	-0.000443444	0.00287182	-0.000685764	-0.000637553	-0.00305973
0.00121844	-0.000788913	-7.45311e-06	-0.000106374	-0.00248101	-0.000337683	0.00491159	-0.000327489	-0.000387393	-0.00169372
-0.000883645	-9.93332e-05	-0.0015609	-4.08381e-05	-0.00160439	-0.000278068	0.005318	-4.13973e-05	-0.000298881	-0.000510541
-0.000384229	-6.59514e-05	-0.00122134	-3.65663e-05	-0.00114386	-0.000273888	0.00420112	-7.60497e-05	-0.000483449	-0.000515789
-0.000165365	-7.96177e-05	-0.000848647	-2.92014e-05	-0.000620387	-0.000155002	0.00247852	-4.45814e-05	-0.00025268	-0.000283037
-6.17037e-05	-0.000205481	-0.00135872	-4.23088e-05	-0.00053539	-4.21067e-05	0.00267237	-5.03692e-06	-0.000303254	-0.000118365
-3.58649e-06	-1.79636e-05	-0.000143862	-3.78978e-06	-0.000627464	-5.99172e-06	0.000882195	-9.88386e-06	-4.18746e-05	-2.77796e-05
-2.19382e-06	-1.42396e-06	-4.73041e-05	-6.53882e-07	-0.000816478	-5.9505e-06	0.000936571	-1.35574e-05	-2.3663e-05	-2.53462e-05
0.0	0.0	0.0	0.0	0.0	0.0	0.0	0.0	0.0	0.0
0.0	0.0	0.0	0.0	0.0	0.0	0.0	0.0	0.0	0.0
0.0	0.0	0.0	0.0	0.0	0.0	0.0	0.0	0.0	0.0
0.0	0.0	0.0	0.0	0.0	0.0	0.0	0.0	0.0	0.0
0.0	0.0	0.0	0.0	0.0	0.0	0.0	0.0	0.0	0.0
0.0	0.0	0.0	0.0	0.0	0.0	0.0	0.0	0.0	0.0
-1.57782e-08	-3.32962e-10	-8.98198e-08	-8.22831e-10	-1.17094e-06	-2.26423e-07	1.86624e-06	-6.9383e-12	-2.37409e-07	-1.2471e-07
0.000179744	-1.71356e-10	-1.92924e-06	-2.6494e-09	-0.000138131	-7.98757e-06	-9.01363e-06	-1.1188e-05	-8.04157e-07	-1.06879e-05
6.15372e-05	-7.96662e-07	-0.000169513	-4.28197e-07	-7.55582e-05	-3.33806e-06	0.000213603	-4.91376e-06	-1.1669e-05	-8.92371e-06
-5.81094e-07	-8.62481e-07	-2.83633e-05	-2.776e-06	-0.000113371	-2.59303e-07	0.000157696	-1.23225e-06	-6.80295e-06	-3.44822e-06
-2.7491e-05	-8.49461e-06	-4.2317e-05	-2.97069e-05	-0.00378954	-1.55043e-05	0.00415581	-3.04063e-05	-7.13748e-05	-0.000140978
0.000232603	-0.000407656	-0.000197168	-0.000279982	-0.0110787	-0.000299448	0.013053	-0.000275241	-0.000280873	-0.000466593
-0.00119664	-0.00290165	0.00106903	-0.00117315	-0.0163181	-0.000506511	0.0235824	-0.000910857	-0.000741575	-0.000902874
-0.0062754	-0.00532178	0.0049072	-0.00271737	-0.0158075	-0.00207121	0.0336729	-0.00219187	-0.0027127	-0.00148228
-0.00680506	-0.00715986	0.00375028	-0.0010662	-0.0266495	-0.00493791	0.0538139	-0.00297127	-0.00447	-0.00350437
-0.00844343	-0.00742917	0.0122209	0.00134957	-0.0339924	-0.008736	0.0610885	-0.00352793	-0.00688108	-0.00564894
-0.0103281	-0.000454161	0.00938746	0.00142731	-0.0527248	-0.0108936	0.087341	-0.00451736	-0.0101266	-0.00911115
-0.0147484	0.0101874	-0.00045528	-0.00105797	-0.0556783	-0.0122436	0.100723	-0.00440634	-0.0120503	-0.0102705
-0.0183075	0.0105547	0.000121787	0.000321558	-0.0516956	-0.0120158	0.0991554	-0.00551185	-0.0126399	-0.0099828
-0.0192419	0.0227802	0.00159157	-0.00160721	-0.0523494	-0.00899152	0.0887021	-0.00624851	-0.0134417	-0.0111937
-0.0180879	0.0116212	-0.00290005	-6.07717e-05	-0.043171	-0.00578145	0.0922515	-0.00494654	-0.014724	-0.0142009
-0.0179107	-0.0001766	-0.0159669	0.000565547	-0.0251721	-0.00395936	0.0924865	-0.004051	-0.0135227	-0.0122926
-0.0167736	-0.00280645	-0.0176904	-0.00106525	-0.0198104	-0.00409823	0.0838579	-0.00314166	-0.00867405	-0.00979774
-0.0149501	-0.0023767	-0.0207003	-0.00349674	-0.00852407	-0.00261945	0.0701795	-0.0018004	-0.00897573	-0.00673594
-0.00778423	-0.00579607	-0.0127111	-0.00255023	-0.00354432	-0.00553002	0.0448311	-0.000671331	-0.0045896	-0.00165423
-0.00344615	-0.00330311	-0.013374	-0.00158438	-0.00231532	-0.0046204	0.0334984	-0.000313572	-0.00365256	-0.000888887
-0.00182742	-0.00127022	-0.0100146	-0.000853983	-0.000518253	-0.00253163	0.019886	-0.000253254	-0.00199576	-0.000620887
-0.000859594	-0.000280924	-0.00224254	-0.000340164	-0.00162799	-0.00240077	0.00844557	-4.30884e-05	-0.00048956	-0.000160946
-0.000312347	-7.61275e-05	0.00343117	-5.86791e-05	-0.000649866	-0.00168352	-0.00041152	-1.96899e-05	-0.000193674	-2.57461e-05
-5.33009e-06	-1.72015e-05	0.00271268	-5.85441e-07	-0.000126673	-9.84072e-05	-0.00238173	-2.56528e-08	-8.22896e-05	-4.39906e-07
0.0	0.0	0.0	0.0	0.0	0.0	0.0	0.0	0.0	0.0
0.0	0.0	0.0	0.0	0.0	0.0	0.0	0.0	0.0	0.0
0.0	0.0	0.0	0.0	0.0	0.0	0.0	0.0	0.0	0.0
0.0	0.0	0.0	0.0	0.0	0.0	0.0	0.0	0.0	0.0
-3.50528e-08	-8.09922e-09	3.833e-07	-3.51807e-07	-2.59415e-06	-5.00471e-07	4.03176e-06	-1.60219e-11	-6.50579e-07	-2.74897e-07
0.000453112	-1.06264e-07	-3.39436e-05	-3.7302e-07	-0.000440506	-6.39934e-05	0.000178007	-3.3095e-05	-1.34334e-05	-4.56688e-05
-0.000291413	-3.19751e-05	-0.000133282	-0.000137362	-0.00026951	-9.38005e-05	0.00120472	-0.000133597	-7.29298e-05	-4.08503e-05
-0.00532558	-0.000496095	0.00325835	0.00757519	-0.00157384	-0.00327567	0.00251435	-0.00102089	-0.00111627	-0.000539538
-0.00612171	-0.00104088	0.0095473	0.00466104	-0.00680896	-0.00199168	0.00588914	-0.00139414	-0.00216845	-0.000571663
-0.00845904	-0.00451853	0.0186991	0.00562813	-0.0136453	-0.00450255	0.0161778	-0.00274361	-0.00485908	-0.00177692
-0.010184	-0.0123597	0.0350508	0.00636321	-0.026552	-0.00650362	0.0294797	-0.00463855	-0.00702171	-0.0036342
-0.0175495	-0.0238422	0.07798	0.00952745	-0.039319	-0.0147796	0.0373723	-0.00866781	-0.013983	-0.00673871
-0.0217479	-0.0321781	0.102716	0.0166649	-0.0601451	-0.0223334	0.063803	-0.0138177	-0.0213872	-0.0115744
-0.0204155	-0.0402507	0.122401	0.039782	-0.0784132	-0.0320232	0.0803	-0.0190706	-0.0341362	-0.0181735
-0.0320451	-0.0262062	0.138134	0.0577974	-0.10856	-0.035496	0.0966077	-0.0204044	-0.045423	-0.0244037
-0.0412185	-0.0139103	0.139464	0.0634552	-0.134629	-0.0377308	0.14046	-0.024255	-0.0592365	-0.0323991
-0.0566326	-0.00909243	0.0965606	0.082131	-0.11685	-0.0251605	0.154684	-0.0243542	-0.0641703	-0.0371154
-0.0542062	-0.00810381	0.0717613	0.0856299	-0.0982739	-0.0140588	0.156268	-0.0285083	-0.0646627	-0.0458456
-0.0577531	-0.0111089	0.0513495	0.0772992	-0.0736386	-0.022408	0.181852	-0.0287268	-0.0691663	-0.0476993
-0.0725142	-0.0211254	0.0149619	0.0596171	-0.0575032	-0.0128692	0.217914	-0.0245948	-0.0644286	-0.0394575
-0.0785031	-0.0270184	-0.0291515	0.035778	-0.0377415	0.00999006	0.220836	-0.0193181	-0.0478404	-0.0270311
-0.0700852	-0.0306961	-0.0491115	0.0180471	-0.0131294	0.0252588	0.194735	-0.0123899	-0.0444213	-0.0182081
-0.054251	-0.0342339	-0.0481684	0.0158768	-0.0022619	0.0117599	0.157118	-0.00768496	-0.0274312	-0.0107227
-0.0408925	-0.0224073	-0.034335	-0.00791607	0.000170399	0.00204864	0.123823	-0.0034875	-0.0119868	-0.00501634
-0.0260926	-0.008782	-0.0304138	-0.0113935	-0.000354314	-0.000392152	0.0866013	-0.00144864	-0.00550356	-0.00222068
-0.0108973	-0.00660843	-0.0185432	-0.00409581	-0.00197888	-0.00901647	0.0539661	-0.00056791	-0.00124459	-0.0010135
-0.00455798	-0.00493981	-0.00464239	-0.00160467	-0.00359076	-0.00753387	0.0301815	-0.00030742	-0.00272866	-0.00027594
-0.000286269	-0.000931994	0.00200217	-0.000101562	-2.37131e-05	-0.00156461	0.00145751	-2.61107e-06	-0.000525965	-2.29493e-05
-1.63071e-06	-0.00132542	-0.000209696	-1.7436e-05	-5.64354e-05	-3.98351e-05	0.00216382	-1.41701e-07	-0.000511427	-1.80746e-06
0.0	0.0	0.0	0.0	0.0	0.0	0.0	0.0	0.0	0.0
0.0	0.0	0.0	0.0	0.0	0.0	0.0	0.0	0.0	0.0
-1.14524e-08	-1.20274e-08	-3.97553e-07	1.43878e-06	-8.54787e-08	-8.65608e-07	-1.92918e-08	-2.79459e-09	-4.10541e-08	-3.50102e-09
-7.05999e-08	-6.02741e-07	-4.63274e-05	-1.01891e-05	-1.20066e-06	-7.277e-06	-3.91148e-06	-8.13027e-10	6.96053e-05	-2.55093e-08
-4.49225e-05	-8.61292e-05	-0.000426684	0.00196531	-9.18839e-05	-0.00102338	-0.0001404	-1.50421e-05	-9.89709e-05	-3.78939e-05
-0.0010805	-0.00044494	-0.00228028	0.00817548	-0.000207943	-0.00419277	0.00176952	-0.000452282	-0.00103805	-0.000248242
-0.00922102	-0.00160894	0.00883939	0.0286935	0.00108223	-0.0171417	-0.000843304	-0.00272202	-0.00497943	-0.00209869
-0.0109377	-0.00598918	0.0285974	0.0386898	-0.00679312	-0.0234866	-0.0025274	-0.00480132	-0.00838112	-0.0043708
-0.014166	-0.0208894	0.0530011	0.0673742	-0.0209896	-0.0353059	0.0105936	-0.0111524	-0.0204445	-0.00802116
-0.0272173	-0.0273348	0.0897186	0.112769	-0.0430394	-0.0661112	0.0240349	-0.0189204	-0.0288281	-0.0150715
-0.0322889	-0.0304315	0.150891	0.138831	-0.0518939	-0.0875719	0.0200788	-0.0304076	-0.045457	-0.0317495
-0.026154	-0.0284632	0.195697	0.144357	-0.0879425	-0.0854471	0.0271151	-0.0442486	-0.0507702	-0.0441434
-0.0201818	-0.0394958	0.235578	0.164589	-0.115655	-0.076259	0.00482027	-0.059392	-0.0340285	-0.0599747
-0.0181061	0.0142009	0.23765	0.158108	-0.140835	-0.093259	0.00576542	-0.0803182	0.00169124	-0.0848969
-0.0141222	0.0693577	0.19602	0.160468	-0.13816	-0.106436	0.0176816	-0.0972724	0.0214846	-0.109022
-0.0244548	0.0714865	0.188334	0.138685	-0.131271	-0.0701817	0.0250778	-0.109384	0.0575948	-0.145887
-0.00360783	0.057576	0.170906	0.115221	-0.119801	-0.0174547	0.0273474	-0.112914	0.0484616	-0.165735
-0.0169343	0.0470378	0.15967	0.0749777	-0.0920182	0.00560897	0.0983439	-0.108555	-0.00980181	-0.158329
-0.0191843	0.0487821	0.107223	0.0487871	-0.0663065	-0.00189224	0.165991	-0.090623	-0.0686452	-0.124132
-0.0498474	0.0500093	0.0285994	0.0421381	-0.0410467	0.0198987	0.227672	-0.0733199	-0.109211	-0.0948929
-0.0468963	0.0855612	-0.0416215	0.00956964	-0.0122515	-0.013243	0.241621	-0.0548094	-0.0952947	-0.0726358
-0.0488392	0.0897124	-0.064896	-0.0228973	0.016922	-0.0318668	0.225498	-0.0391044	-0.0752909	-0.0492375
-0.0532033	0.076688	-0.0720108	-0.0423667	0.0152675	0.020865	0.183138	-0.0229962	-0.0661337	-0.0392478
-0.0469572	0.0452081	-0.0659118	-0.0430961	0.0309135	0.0457603	0.128117	-0.0148265	-0.0540596	-0.025148
-0.0389941	0.0106349	-0.0514004	-0.0388656	0.0274819	0.0602086	0.0817865	-0.00713236	-0.0334504	-0.0102691
-0.0186092	-0.0128187	-0.0227219	-0.0108888	0.00774231	0.0364872	0.0342812	-0.00272983	-0.00739085	-0.0033514
-0.00305287	-0.00740139	-0.00271424	-0.00217343	-0.00191565	0.0104672	0.00857259	-0.000499625	-0.00044728	-0.00083528
-0.000533464	-0.000714963	-0.000616565	-4.31041e-05	-0.000456553	0.00132385	0.000138814	-0.000124802	0.00129011	-0.000263316
-1.55778e-05	-0.000343662	-0.000413168	-1.17124e-05	-0.000237783	-0.000153806	0.00115489	-5.11705e-06	4.07865e-05	-1.48499e-05
0.0	0.0	0.0	0.0	0.0	0.0	0.0	0.0	0.0	0.0
0.0	0.0	0.0	0.0	0.0	0.0	0.0	0.0	0.0	0.0
-1.86859e-05	-9.29724e-06	-1.51265e-05	0.000696263	-2.42483e-05	-0.000621514	3.29744e-05	-6.25686e-06	-3.25649e-05	-1.54359e-06
-9.15377e-05	-0.000202895	-0.000145295	0.010898	0.000361513	-0.00516244	-0.00265412	-0.000117889	-0.00231395	-0.000571391
-0.00497798	-0.00100049	0.00493618	0.0232773	-0.000386119	-0.0131289	0.00155269	0.000598664	-0.00790324	-0.00296811
-0.015323	0.00234374	0.0138119	0.0603663	0.0112833	-0.0338939	-0.0144004	0.00478157	-0.0167178	-0.0122517
-0.0224666	-0.01178	0.0544861	0.0865942	0.0160237	-0.0566689	-0.0143256	0.000211881	-0.0251452	-0.0269296
-0.0425721	-0.0426429	0.134457	0.126281	0.00195574	-0.0603849	-0.0153828	-0.0144699	-0.046942	-0.0402981
-0.0498873	-0.0723106	0.190888	0.153241	-0.0103463	-0.0672635	0.0101427	-0.0332998	-0.0602515	-0.0609128
-0.0567286	-0.0773505	0.23238	0.166907	-0.00455503	-0.0517226	-0.0032801	-0.0594156	-0.0531069	-0.0931278
-0.0173807	-0.0596483	0.250789	0.156309	-0.03742	-0.0245292	-0.00459813	-0.0981247	-0.0669816	-0.0984153
0.0183533	-0.0359065	0.251954	0.130608	-0.0830677	-0.00398492	-0.0878952	-0.145647	0.0237773	-0.068191
0.0631333	0.0278957	0.229221	0.107539	-0.118519	-0.0361881	-0.0766218	-0.19472	0.0765216	-0.0782613
0.105237	0.0841417	0.20183	0.0924817	-0.127023	-0.0528876	-0.0916041	-0.239908	0.125605	-0.0978721
0.138103	0.0931422	0.239253	0.0473464	-0.0963235	-0.0424715	-0.0637643	-0.266911	0.131553	-0.179929
0.137507	0.0727557	0.258689	0.0584911	-0.0593548	-0.0478599	-0.0596067	-0.269164	0.157223	-0.248682
0.113272	-0.0073871	0.243722	0.087676	-0.0366757	-0.000537182	-0.0111009	-0.248797	0.165168	-0.30534
0.0912694	-0.00358611	0.195666	0.00380809	-0.00915521	0.0559013	0.0431523	-0.225931	0.156558	-0.307683
0.0548264	0.0373368	0.0860521	-0.00324684	0.0465092	0.0620109	0.126122	-0.193175	0.0494829	-0.265919
0.0114943	0.0856737	-0.00766205	-0.00335964	0.0735342	0.0260591	0.171353	-0.153771	0.0124349	-0.215756
-0.0166962	0.154925	-0.0585527	-0.049511	0.0625431	0.0610514	0.158976	-0.113747	-0.034512	-0.164476
-0.0296453	0.161826	-0.055108	-0.0973421	0.0790219	0.101814	0.10547	-0.0767626	-0.0647272	-0.124547
-0.0385092	0.0902068	-0.062998	-0.104738	0.1048	0.143261	0.0751771	-0.053368	-0.0586516	-0.0951799
-0.057523	0.0293449	-0.0605783	-0.0872106	0.102226	0.173714	0.053536	-0.0318775	-0.0629467	-0.0586852
-0.0435156	0.00100997	-0.0393717	-0.031081	0.0386257	0.121622	0.0259911	-0.0149204	-0.0307001	-0.0276603
-0.0135104	-0.0108092	-0.010782	-0.00826668	0.00814873	0.0496372	0.000638333	-0.00456264	-0.00099331	-0.00950005
-0.0032878	-0.0016346	-0.00234779	-0.00066133	-0.00144963	0.00835768	0.00279478	-0.00122483	0.000745279	-0.00129176
-0.000461324	-0.00046032	-0.000609952	-3.08376e-05	-2.26412e-05	0.000205743	0.00172133	-8.6724e-06	-0.000318213	-1.5111e-05
0.0	0.0	0.0	0.0	0.0	0.0	0.0	0.0	0.0	0.0
-2.48652e-08	-5.79158e-09	-1.16731e-08	7.45517e-08	-1.10019e-10	-5.38234e-09	-1.86897e-10	-1.04601e-08	-1.22764e-08	-3.79824e-09
-0.000131728	-0.0010498	-0.000629455	0.00207014	-0.0014224	0.000279026	-0.000173603	0.00265139	-0.000822337	-0.000771237
-0.00102425	-0.00253454	3.57949e-05	0.0282557	-0.00139186	-0.0103816	-0.00538054	0.00256897	-0.00734533	-0.00280229
-0.00818827	-0.00587621	0.00980395	0.0549235	0.00708262	-0.0265285	-0.00520844	0.00480209	-0.0134533	-0.0173575
-0.0174426	-0.0134766	0.0357054	0.0983984	0.0272496	-0.0525927	-0.0234816	0.0123119	-0.0232162	-0.0434557
-0.0323903	-0.036653	0.111602	0.128905	0.0333585	-0.0792452	-0.033401	0.0275254	-0.045713	-0.0739888
-0.0539525	-0.0774793	0.169072	0.127993	0.043875	-0.0508006	-0.0238985	0.0374136	-0.0546684	-0.117554
-0.0621862	-0.127976	0.185975	0.165467	0.0287204	-0.0411804	-0.0273145	0.0547183	-0.0308422	-0.145381
-0.0671171	-0.150553	0.185118	0.16594	-0.000310567	0.013775	-0.029758	0.0487687	-0.039619	-0.126243
-0.00235526	-0.133246	0.165061	0.150255	-0.0374	0.0458727	-0.0819305	0.0374436	-0.0490893	-0.0946115
0.0436804	-0.0921323	0.114775	0.109611	-0.133375	0.0630152	-0.11267	0.0145605	0.017599	-0.0250626
0.0663222	-0.0560585	0.0849259	0.0967453	-0.141914	0.0497517	-0.107363	-0.0474817	0.0476312	0.00744143
0.111792	-0.0435124	0.0774029	0.141604	-0.179371	0.0215562	-0.126757	-0.145004	0.0315871	0.110702
0.110851	-0.050346	0.111743	0.136407	-0.21893	0.0248799	-0.126865	-0.191642	0.0600595	0.143843
0.132754	-0.111052	0.146858	0.136288	-0.207562	-0.0391536	-0.112334	-0.195581	0.139816	0.109967
0.16974	-0.141312	0.121184	0.134058	-0.219302	-0.0339117	-0.105512	-0.173212	0.146692	0.101574
0.180477	-0.116664	0.098503	0.0851802	-0.14511	0.0330599	-0.107006	-0.155164	0.100227	0.0264971
0.148468	-0.029965	0.0553221	0.0781807	-0.0997043	0.0499241	-0.0750449	-0.1526	0.0214334	0.00398567
0.0944157	0.0456716	-0.0555118	0.00693235	-0.0286305	0.0864446	-0.0135613	-0.114127	0.0402825	-0.0619159
0.0528102	0.11097	-0.0692186	0.017645	0.0017593	0.0949351	-0.00574561	-0.0970786	0.00977806	-0.115855
0.0408368	0.0874107	-0.0530638	-0.0534253	0.0755278	0.11758	-0.00747939	-0.0727829	0.0126034	-0.147207
0.0244734	0.0371275	-0.0686216	-0.122857	0.144788	0.195027	-0.0200793	-0.0671918	0.0325547	-0.155221
-0.0267475	-0.0156599	-0.0815642	-0.117189	0.156977	0.274367	-0.0254969	-0.0536466	0.0211902	-0.132229
-0.0634198	-0.0236536	-0.0459165	-0.0607862	0.0561612	0.27481	-0.0177948	-0.0349115	-0.0127711	-0.0717178
-0.0327138	-0.0152258	-0.0162547	-0.0184458	-0.000978184	0.125225	-0.00771212	-0.0151443	0.00652769	-0.0252776
-0.0106945	-0.00186943	-0.00217338	-0.00197814	0.00107106	0.0340907	-0.00335692	-0.005245	-0.00413259	-0.00571177
-0.0019993	-0.000292072	-0.000337868	-0.000284904	-0.000409724	0.00582399	-0.000608171	-0.000467725	-0.000900677	-0.000523552
0.0	0.0	0.0	0.0	0.0	0.0	0.0	0.0	0.0	0.0
-7.10276e-05	-0.000130762	-0.000223239	0.000455528	-0.000194297	-0.000291403	-7.84801e-05	0.00131004	-0.000389463	-0.000386901
-0.000528635	-0.000786629	-0.00143454	0.00158766	-0.00218728	-0.00300062	-0.00061006	0.0115017	-0.00159533	-0.00294629
-0.00335884	-0.0025334	0.00188733	0.0327641	-0.00266918	-0.0181191	-0.00958889	0.0237403	-0.00833981	-0.0137825
-0.0144482	-0.0055807	0.0248005	0.0885943	0.00753807	-0.0599259	-0.0135033	0.0261502	-0.0103959	-0.043229
-0.0231834	-0.0248391	0.0574113	0.146212	0.0385094	-0.0924398	-0.0376386	0.0418311	-0.0130041	-0.0928594
-0.0417895	-0.0602304	0.145903	0.14133	0.0350193	-0.0845643	-0.0557482	0.0915362	-0.0337089	-0.137747
-0.065674	-0.101395	0.123207	0.115376	0.0396001	-0.018163	-0.0360345	0.130045	-0.00808424	-0.178878
-0.0637261	-0.167341	0.102861	0.109326	0.00850028	0.0364839	-0.0328345	0.143701	0.0115528	-0.148523
-0.0169777	-0.197484	0.0715001	0.103055	-0.0150458	0.0697048	-0.0679604	0.173994	-0.000896551	-0.119888
0.00596298	-0.196084	0.047174	0.0995999	-0.0843197	0.127533	-0.106978	0.196022	-0.0183305	-0.0705797
0.0289286	-0.177009	0.0419989	0.0887746	-0.172394	0.133938	-0.122502	0.202834	-0.0480257	0.0234559
0.0597377	-0.111886	0.0352524	0.0897118	-0.225593	0.0627168	-0.139968	0.143783	-0.0410943	0.12734
0.0613941	-0.122905	0.0804109	0.109935	-0.229523	-0.00594997	-0.144036	0.0458389	-0.0406189	0.245454
0.0802893	-0.106215	0.0686092	0.147185	-0.345952	-0.0270226	-0.134689	-0.00300179	-0.0515036	0.3723
0.104791	-0.163435	0.0319956	0.186863	-0.411778	-0.123966	-0.100237	0.0171089	0.0209596	0.437697
0.165858	-0.164347	0.0119518	0.124596	-0.378957	-0.0703338	-0.172274	0.0802375	0.0372497	0.366019
0.209321	-0.117615	-0.0188518	0.102674	-0.261146	0.000339165	-0.21711	0.122156	-0.0290039	0.209236
0.178479	-0.0606016	-0.0301876	0.081455	-0.197917	0.0304168	-0.229121	0.0998063	0.0284874	0.0991826
0.115082	0.0127965	-0.0439581	0.096713	-0.121935	0.0716666	-0.199725	0.0664637	-0.017502	0.0203987
0.0582512	0.0277793	-0.0769216	0.0859732	-0.0644494	0.0849024	-0.147503	0.0590814	0.0142409	-0.041354
0.0526257	-0.00759622	-0.0337569	0.00653774	0.0146881	0.122871	-0.137962	0.0115679	0.0851268	-0.114101
0.0538287	-0.0365859	-0.0264796	-0.0983865	0.123269	0.197529	-0.122313	-0.0235989	0.103744	-0.171007
0.0153333	-0.0716564	-0.0922983	-0.132135	0.119049	0.329434	-0.0955026	-0.0256843	0.120233	-0.166773
-0.0525901	-0.0631399	-0.0716714	-0.0847438	0.0291261	0.36927	-0.0431172	-0.0310618	0.055581	-0.107652
-0.0480178	-0.0282935	-0.0217323	-0.0243123	-0.00844858	0.223669	-0.0245993	-0.0232703	-0.00141114	-0.0435834
-0.0182092	-0.00238398	-0.00305398	-0.00183344	0.000581958	0.0553893	-0.00586137	-0.00621977	-0.00843315	-0.00997636
-0.00137162	-0.000568685	-0.000167564	-6.38851e-05	-0.000500922	0.00481341	-0.00112112	-0.00034103	-0.000369799	-0.000308786
0.0	0.0	0.0	0.0	0.0	0.0	0.0	0.0	0.0	0.0
-0.000156046	-0.000165012	-0.000668454	-0.00137919	-0.00177616	-0.000710879	-0.000251091	0.00902063	-0.00065863	-0.00325516
-0.00218719	-0.000335898	0.001225	-0.00464269	-0.0033627	-0.00456991	-0.00125531	0.0272794	-0.00225795	-0.00989274
-0.00749347	-0.00143328	0.00264214	0.0304345	-0.00464351	-0.0213824	-0.0100172	0.0430783	-0.00396955	-0.0272155
-0.0259901	-0.0067857	0.0266207	0.103401	0.000398968	-0.0787825	-0.0211185	0.0652398	0.0016397	-0.0646233
-0.0413382	-0.0237632	0.0553292	0.143124	0.0314046	-0.100332	-0.0468662	0.0756271	0.0107442	-0.103929
-0.0591391	-0.0624003	0.100695	0.126252	0.0102197	-0.0755476	-0.0665483	0.126567	0.0160366	-0.116135
-0.0623824	-0.104674	0.0689574	0.0656643	0.00685074	-0.00733796	-0.0547889	0.187358	0.0536744	-0.153321
-0.0383336	-0.166519	0.0485184	0.0362144	-0.0292865	0.0684831	-0.0531568	0.178307	0.0498657	-0.0940922
-0.0140376	-0.199539	0.0665142	0.00563763	-0.0165872	0.106428	-0.0755139	0.174805	0.0531157	-0.100823
0.0148684	-0.217698	0.112374	0.0143303	-0.0889958	0.115514	-0.111063	0.193788	0.0280941	-0.0612116
0.0281412	-0.183049	0.0886051	-0.0224128	-0.141439	0.137045	-0.120731	0.21134	0.00817636	-0.00567446
0.0540108	-0.10581	0.0450122	-0.0342456	-0.166473	0.0425829	-0.117192	0.204676	0.0373783	0.0400608
0.059774	-0.0580737	0.0601186	0.00242313	-0.191004	-0.0395104	-0.15	0.148816	0.0194024	0.148054
0.0781533	-0.00420228	0.089683	0.106895	-0.393063	-0.076723	-0.142504	0.174747	-0.0708832	0.237898
0.120258	-0.00499312	0.0874297	0.177154	-0.437383	-0.173584	-0.165584	0.212953	-0.0898146	0.273563
0.199291	-0.0610406	0.0131392	0.14225	-0.349668	-0.133398	-0.236854	0.267323	-0.0403576	0.199314
0.201635	-0.00888522	-0.00917443	0.105602	-0.188257	-0.0869144	-0.294617	0.269989	-0.0328598	0.0434806
0.159471	-0.0349884	-0.0193733	0.12288	-0.134732	-0.0262966	-0.35918	0.210511	0.05787	0.0238383
0.126513	-0.0497943	-0.00416723	0.16524	-0.102049	0.0230165	-0.334273	0.161331	0.0533122	-0.039129
0.0863122	-0.0710192	-0.0548733	0.160438	-0.0519073	0.0714621	-0.262397	0.107127	0.065186	-0.0503286
0.0603274	-0.108113	-0.0403162	0.071902	-0.00786315	0.116098	-0.210405	0.0299359	0.139034	-0.0505999
0.103007	-0.135415	-0.0414457	-0.0433791	0.0665275	0.202873	-0.182805	0.0120111	0.160071	-0.141444
0.079447	-0.135175	-0.079412	-0.137637	0.0470442	0.378248	-0.13465	-0.0152623	0.150173	-0.152777
-0.0290662	-0.0950411	-0.0885999	-0.0976585	-0.00675903	0.453412	-0.0783675	-0.0350588	0.0795676	-0.102429
-0.0544951	-0.0367406	-0.02989	-0.030397	-0.0146884	0.287735	-0.0392879	-0.0268955	-0.00990111	-0.0454399
-0.0145278	-0.00388654	-0.00372005	-0.0019212	-0.00602004	0.0585719	-0.0130458	-0.00669627	-0.000914502	-0.00783977
-0.00104052	-0.000413877	-0.0001615	-1.56304e-05	-0.000374665	0.00372054	-0.000984998	-0.00135418	0.00101009	-0.000385268
0.0	0.0	0.0	0.0	0.0	0.0	0.0	0.0	0.0	0.0
-0.000381544	-5.13662e-05	-0.000360476	-0.00165551	-0.00230398	-0.000654262	-0.000133007	0.0106547	-0.000560694	-0.00455391
-0.00133135	-0.000212572	0.00124927	0.00224342	-0.00380039	-0.00297872	-0.0012269	0.0244901	-0.00483236	-0.0136005
-0.0103471	-0.00111631	-0.000898701	0.030815	-0.0168536	-0.021664	-0.0114814	0.0671165	-0.00428681	-0.0312836
-0.030168	-0.00572729	0.0277278	0.0888951	-0.0178694	-0.0704872	-0.0231	0.101886	0.0123143	-0.0834709
-0.0470473	-0.0258012	0.0696196	0.0572709	-0.00803455	-0.0658503	-0.056191	0.128111	0.0312645	-0.0833419
-0.0406095	-0.0558152	0.0445908	0.0212779	-0.0330242	-0.0404245	-0.0595214	0.141819	0.0643552	-0.042648
-0.0361094	-0.0800695	-0.0124172	-0.0427979	-0.0308127	0.0375153	-0.0358433	0.11802	0.115277	-0.0327618
-0.022369	-0.116362	-0.0459347	-0.105589	-0.0267732	0.110805	-0.0348665	0.103608	0.145483	-0.00800099
-0.00787417	-0.163248	-0.00199639	-0.123622	0.0154111	0.136486	-0.0581335	0.103909	0.132002	-0.0329337
0.0412426	-0.185092	0.0277527	-0.175476	-0.0430359	0.157857	-0.0797631	0.0968641	0.126424	0.0332264
0.015597	-0.157271	0.000549279	-0.255084	-0.0590447	0.234856	-0.0814148	0.120002	0.107315	0.0744946
0.0441233	-0.0829585	-0.0387559	-0.217728	-0.0248988	0.125267	-0.104165	0.148224	0.0906643	0.0602281
0.0949957	0.0478451	-0.0208717	-0.0551138	-0.163929	0.00077928	-0.106677	0.173005	-0.00802033	0.0379876
0.0628056	0.174484	0.0442565	0.14238	-0.410901	-0.0770267	-0.0998344	0.23094	-0.158371	0.0912669
0.0599713	0.214599	0.0626784	0.226472	-0.35891	-0.16539	-0.188172	0.27129	-0.226236	0.103699
0.122784	0.100189	0.0777443	0.18348	-0.156466	-0.181438	-0.30758	0.320827	-0.153442	-0.00609718
0.160064	0.0145017	0.014819	0.137482	-0.0295693	-0.141836	-0.374828	0.314031	-0.0591983	-0.0354665
0.17111	-0.0597343	0.0214583	0.144225	-0.0534636	-0.0847021	-0.387137	0.229672	0.0180286	0.000542691
0.1694	-0.11062	-0.0329396	0.195691	-0.0445976	-0.0167003	-0.351883	0.191821	0.034904	-0.0350741
0.111996	-0.147159	-0.0542717	0.185828	-0.0548892	0.0697059	-0.270889	0.119268	0.0488101	-0.00839795
0.0747428	-0.18019	-0.0458598	0.0820381	-0.0379275	0.166153	-0.211349	0.0813445	0.118428	-0.0473797
0.110649	-0.177443	-0.0295524	-0.018646	-0.00817539	0.249682	-0.174875	0.031987	0.13843	-0.122057
0.133979	-0.145381	-0.0829649	-0.103751	-0.036077	0.383282	-0.11989	-0.0287144	0.128731	-0.129214
0.0139865	-0.0908862	-0.0840624	-0.0783705	-0.0665115	0.467827	-0.0809597	-0.0415147	0.052861	-0.0923696
-0.053105	-0.0346661	-0.0262035	-0.0202708	-0.0473709	0.303659	-0.0509791	-0.0226448	-0.0149353	-0.0334832
-0.0136873	-0.00461898	-0.0044754	-0.00164889	-0.0101333	0.063107	-0.0173513	-0.00144731	-0.00220268	-0.00754184
-0.000328245	-0.000919936	-0.000419424	-0.000135772	-0.00145434	0.00497316	-0.00117474	0.00375023	-0.00341488	-0.000876054
-1.99156e-07	-1.53195e-08	-4.03421e-08	-2.89014e-07	-2.11139e-07	-2.81431e-07	-3.01215e-08	2.40211e-06	-1.08359e-07	-1.22722e-06
-0.00044278	-2.09866e-05	-8.09842e-05	-0.00150377	-0.00196596	-0.000452193	-4.27169e-05	0.00912794	-0.000293732	-0.00432482
0.000809333	-0.000167173	0.00163608	0.0026456	-0.00536787	-0.00226935	-0.00280491	0.0243803	-0.00461506	-0.014247
-0.0121653	-0.00112706	-0.000497544	0.0317967	-0.021441	-0.019466	-0.0120093	0.0713199	-0.00729946	-0.029111
-0.0254217	-0.00413936	-0.00196927	0.0397567	-0.0246375	-0.034051	-0.0256123	0.111949	0.0205445	-0.0564185
-0.0382721	-0.024405	0.00603168	-0.00394842	-0.0388366	-0.0238623	-0.0426332	0.124818	0.0370669	0.0040404
-0.0206585	-0.0510285	-0.019529	-0.0884577	-0.0435688	-0.00253287	-0.036151	0.0840025	0.122059	0.0558649
-0.00479781	-0.0636317	-0.122129	-0.176997	-0.00573104	0.069402	-0.00324521	0.0436917	0.183222	0.0802162
0.00181512	-0.0899771	-0.148347	-0.257635	0.0374647	0.152921	0.0087334	0.0128569	0.197085	0.0850836
0.00869974	-0.130323	-0.172296	-0.287094	0.0814058	0.191725	-0.0253118	0.0398007	0.216887	0.0765061
0.00750582	-0.145109	-0.166241	-0.351555	0.0511663	0.220963	-0.0110835	0.0722814	0.168363	0.153708
0.0321939	-0.141252	-0.199746	-0.360842	0.0731688	0.262156	-0.0296997	0.05424	0.140816	0.168965
0.0626604	-0.0507361	-0.255318	-0.23711	0.0819328	0.188615	-0.0565572	0.0769775	0.138147	0.0513889
0.0440045	0.110034	-0.248782	-0.0042274	-0.172114	0.14289	-0.0169425	0.17447	0.0272807	-0.056613
-0.00624884	0.336019	-0.15178	0.195426	-0.385962	0.0624573	-0.104923	0.216475	-0.124114	-0.0373489
-0.062749	0.391693	-0.0881397	0.232322	-0.219525	-0.0315831	-0.243431	0.277598	-0.212541	-0.0436443
-0.0438611	0.158295	0.00424034	0.209981	-0.00418877	-0.110317	-0.340981	0.361944	-0.202592	-0.0325208
0.0486055	-0.0124203	0.0166459	0.158166	0.0729835	-0.173939	-0.34795	0.315307	-0.107808	0.0304098
0.093098	-0.11005	0.00556407	0.190937	0.00244827	-0.150855	-0.315979	0.240205	-9.1888e-05	0.0447242
0.0996008	-0.130713	0.00185138	0.174796	-0.01564	-0.114726	-0.291207	0.178581	0.0400016	0.0574552
0.109231	-0.181681	-0.0214302	0.161157	-0.0530161	-0.0308394	-0.206589	0.131341	0.0344019	0.0574242
0.125813	-0.179251	-0.0340588	0.0421337	-0.0753125	0.0330349	-0.129552	0.108613	0.0974736	0.0111058
0.172484	-0.14213	-0.0490104	-0.0388214	-0.0823687	0.0813274	-0.0717057	0.0423597	0.136982	-0.0491162
0.191665	-0.105538	-0.0823611	-0.075992	-0.0988003	0.200623	-0.0482074	-0.0341486	0.126393	-0.0736331
0.0611529	-0.0668673	-0.0585167	-0.0490366	-0.088157	0.308188	-0.0505391	-0.0404923	0.0545138	-0.0702455
-0.0443249	-0.0236712	-0.0206758	-0.0114383	-0.0578914	0.25197	-0.0496749	-0.0193936	0.00375255	-0.0286522
-0.0145474	-0.00423015	-0.00256716	-0.00135992	-0.0107691	0.0623823	-0.0162898	-0.00199678	-0.00126113	-0.00936072
-0.000264499	-0.000171958	-0.000168582	-5.10159e-05	-0.000416448	0.00379582	-0.00199803	0.000644056	0.000199472	-0.00156882
-2.5492e-05	-1.9609e-06	-5.16379e-06	-3.69938e-05	-2.70258e-05	-3.60231e-05	-3.85555e-06	0.00030747	-1.38699e-05	-0.000157085
-0.000176333	7.83859e-05	-6.69645e-05	-0.000680338	-0.00103529	-0.000250243	-1.49188e-05	0.00482477	-0.000206028	-0.00247305
-0.00404415	-0.000168922	-0.00128469	0.00289707	-0.00824771	-0.00189704	-0.000737024	0.0320259	-0.00401732	-0.0145261
-0.0159636	-0.000644889	-0.0107597	0.0179494	-0.0135742	-0.0125763	-0.0120996	0.0795291	-0.0108868	-0.0209735
-0.0409755	-0.00184629	-0.0401547	0.00339563	-0.03036	-0.0067511	-0.0197695	0.124526	0.011478	0.00045755
-0.0368951	-0.0183956	-0.0690633	-0.052339	-0.0429043	0.00522951	-0.0177703	0.0888998	0.0534876	0.0897507
-0.0028352	-0.0465007	-0.143986	-0.160726	-0.023451	0.0541923	0.00445934	0.0611781	0.126799	0.130869
0.0192443	-0.0667206	-0.251785	-0.273532	0.0295563	0.0695482	0.0442404	0.0572254	0.211824	0.160399
0.0360001	-0.0969306	-0.321507	-0.324068	0.116561	0.147764	0.047823	0.0184519	0.227425	0.148482
0.00397904	-0.137929	-0.336354	-0.309598	0.160708	0.156812	0.0474318	0.0680684	0.227877	0.119006
0.00688132	-0.164023	-0.363826	-0.26573	0.221238	0.163326	0.0389324	0.0498142	0.115281	0.198106
0.0134436	-0.185633	-0.36241	-0.19145	0.214065	0.253378	0.01076	0.0162775	0.0920328	0.139537
0.0108701	-0.100728	-0.424369	-0.0781101	0.148594	0.298577	0.039196	-0.0104423	0.183114	-0.0667015
-0.0383759	0.129834	-0.439126	0.0975828	-0.188031	0.294444	0.0302495	0.0489678	0.193331	-0.128876
-0.166155	0.476638	-0.333745	0.211239	-0.304624	0.132103	-0.128794	0.0966747	0.063041	-0.0463781
-0.26219	0.484091	-0.22004	0.215811	-0.0550533	-0.0169104	-0.281212	0.19891	-0.101611	0.0382053
-0.243895	0.137628	-0.0924427	0.175086	0.181878	-0.138879	-0.25824	0.308302	-0.152536	0.0830975
-0.134123	-0.0528476	-0.0904585	0.180267	0.151881	-0.226088	-0.211938	0.297752	-0.111271	0.196827
-0.0528996	-0.0920693	-0.0621313	0.169635	0.0272988	-0.24706	-0.176179	0.262736	-0.0231692	0.193838
0.0465215	-0.131111	0.0456492	0.103992	0.00255031	-0.28825	-0.174906	0.161477	0.0317879	0.20229
0.10313	-0.140717	0.0116267	0.0661268	-0.0536517	-0.299535	-0.107937	0.133211	0.0662339	0.221513
0.162726	-0.110509	-0.0301416	-0.0501958	-0.0692255	-0.260236	-0.000407342	0.110951	0.135686	0.111352
0.235764	-0.0755348	-0.0716333	-0.082057	-0.0969847	-0.219087	0.0630919	0.0384045	0.171576	0.0364602
0.232236	-0.0523295	-0.0907449	-0.0672728	-0.0832933	-0.110609	0.0765365	-0.0367967	0.162608	-0.0303337
0.102712	-0.0299493	-0.0394921	-0.0353274	-0.0656646	0.0122208	0.012919	-0.0334147	0.118969	-0.0429727
-0.0209402	-0.0115061	0.00344639	-0.0053338	-0.0331495	0.0929442	-0.0311949	-0.0139506	0.0432347	-0.0235501
-0.00788999	-0.00189962	-0.0022721	-0.000881117	-0.00351662	0.0303783	-0.0129567	-0.0040367	0.0109172	-0.00784269
-0.000160638	1.95665e-07	-4.63786e-05	-2.46596e-06	-0.000129056	0.00209289	-0.00126922	-0.000468728	0.00139398	-0.00141057
0.0	0.0	0.0	0.0	0.0	0.0	0.0	0.0	0.0	0.0
-8.3729e-05	-9.45952e-06	-1.07013e-05	-0.000959464	-0.00313196	-0.00036572	-7.7368e-05	0.00838837	-0.00018011	-0.00356986
-0.0046289	-0.000280538	-0.00113462	-0.00407592	-0.00969081	-0.00161661	-0.000846811	0.0387031	-0.00159986	-0.0148291
-0.0192816	0.00026743	-0.0138448	-0.00738128	-0.0177724	0.00116803	-0.00987571	0.0785568	-0.00638677	-0.00544958
-0.0495771	-0.00202862	-0.0537497	-0.0201761	-0.0365575	0.00988839	-0.0207722	0.118401	-0.00328565	0.0578575
-0.0111198	-0.0172576	-0.147047	-0.0849183	-0.0244555	0.0297127	-0.00693016	0.0776959	0.0429565	0.141363
0.0453724	-0.034293	-0.266784	-0.175205	0.0293167	0.0777154	0.0529296	0.0272863	0.0741074	0.169554
0.056772	-0.0564208	-0.369891	-0.24926	0.113735	0.0817186	0.0869015	0.0586358	0.116284	0.161525
0.0562285	-0.093768	-0.393018	-0.255948	0.213808	0.113892	0.0799071	0.0710031	0.0986136	0.109281
0.0164389	-0.133976	-0.392472	-0.169284	0.235438	0.0723852	0.103633	0.00866076	0.0885801	0.170595
0.0587654	-0.204579	-0.391605	-0.100537	0.339943	0.193082	0.0658984	-0.0941314	-0.0275986	0.160764
0.0480261	-0.257344	-0.380104	-0.0552858	0.369401	0.325344	0.0980223	-0.157462	0.00710417	0.00229891
0.0183483	-0.167155	-0.397863	0.0421123	0.218192	0.366571	0.122306	-0.222558	0.168775	-0.148728
-0.126493	0.140361	-0.398994	0.138936	-0.0879978	0.305346	0.038483	-0.251191	0.290362	-0.0488114
-0.329908	0.5856	-0.339438	0.221631	-0.191346	0.0932147	-0.13952	-0.168146	0.156992	0.11092
-0.40034	0.455523	-0.27704	0.186723	0.0582753	-0.0796572	-0.168445	0.0249662	0.0287823	0.171213
-0.371145	0.1018	-0.174205	0.150052	0.255717	-0.232407	-0.107899	0.195777	-0.0317173	0.214026
-0.219134	-0.0562826	-0.15455	0.135626	0.177522	-0.280637	-0.0834593	0.210942	-0.0322642	0.302236
-0.105029	-0.106379	-0.0591736	0.0867228	0.0553924	-0.256613	-0.0981063	0.199928	0.000893317	0.282364
-0.0231888	-0.133248	0.0597528	-0.00135337	0.0156648	-0.259355	-0.113202	0.0989345	0.0698031	0.286192
0.0399955	-0.104746	0.00561072	-0.0553113	-0.0266051	-0.285253	-0.0321173	0.0829415	0.132821	0.242665
0.13882	-0.06964	-0.0438847	-0.124677	-0.037745	-0.30942	0.0866874	0.0498988	0.157865	0.152097
0.262814	-0.0474271	-0.0994082	-0.111227	-0.0535568	-0.314064	0.140677	0.0124746	0.130817	0.0789008
0.270513	-0.0283469	-0.125817	-0.070671	-0.0630803	-0.255213	0.169065	-0.0354017	0.139321	-0.000369337
0.140015	-0.0154931	-0.0308674	-0.0257458	-0.0258764	-0.147121	0.07406	-0.022333	0.0940775	-0.0407156
0.00114273	-0.00526773	0.0231305	-0.00170314	-0.00364357	-0.00902628	-0.01899	-0.00390186	0.037918	-0.0196587
-0.00243797	-0.00164982	0.00639122	-0.000255046	-0.00186851	0.00485104	-0.0107655	-0.0012329	0.0125426	-0.00557514
-1.37614e-05	-2.20731e-06	0.00107878	-7.29955e-07	-0.000619568	-2.20707e-05	-0.00041362	-6.78407e-07	0.00018457	-0.000190714
-6.02605e-09	1.32617e-05	-1.54152e-06	-3.40562e-06	-1.0236e-07	-7.976e-07	-7.85819e-07	-1.94848e-06	-1.57247e-06	-3.10181e-06
0.000187389	-5.16725e-06	-9.29812e-06	-0.000669196	-0.00333589	-0.000318461	-0.000112954	0.00720068	-9.69453e-05	-0.00284016
-0.00205814	-0.000152947	-0.000459378	-0.00236678	-0.00493746	-0.0009971	-0.000458508	0.0225799	-0.000630097	-0.0105195
-0.0159723	-2.05026e-06	-0.0154911	-0.00263333	-0.0140187	0.00296997	-0.0077072	0.0503055	-0.00577919	0.00832836
-0.0449845	-0.00332951	-0.0703112	-0.0267557	-0.0193794	0.0218087	-0.0206026	0.0757117	-0.0190704	0.106913
0.0328209	-0.017596	-0.193999	-0.0811899	0.0351204	0.0412072	0.00988344	0.0305426	-0.0262038	0.169414
0.109129	-0.0331672	-0.32095	-0.157482	0.115177	0.0585685	0.0945022	-0.0123413	-0.0264144	0.172978
0.125159	-0.0577138	-0.354891	-0.215003	0.213655	0.0817996	0.0902905	-0.0136427	-0.0350195	0.165366
0.0772101	-0.0850258	-0.318194	-0.184882	0.269505	0.11983	0.0848013	-0.0339847	-0.0554028	0.126143
0.0773104	-0.158471	-0.266846	-0.124194	0.271391	0.129886	0.129412	-0.0941222	-0.0744825	0.110116
0.108568	-0.267248	-0.212491	-0.091934	0.401331	0.218262	0.124597	-0.214771	-0.123262	0.0569491
0.0737611	-0.316116	-0.194596	-0.00425981	0.441229	0.271254	0.147603	-0.384467	0.018752	-0.0531599
-0.021558	-0.205621	-0.182061	0.129617	0.209555	0.299146	0.125236	-0.482017	0.206213	-0.0785089
-0.248993	0.221183	-0.148783	0.197272	-0.04241	0.195518	-0.00100851	-0.486016	0.246491	0.0667475
-0.389267	0.57656	-0.147926	0.149519	-0.0838821	0.0168157	-0.0712584	-0.303914	0.086911	0.166441
-0.436185	0.392612	-0.187224	0.0412553	0.103727	-0.16043	0.0044007	-0.0766639	0.124592	0.193915
-0.387909	0.053025	-0.167626	0.089969	0.243806	-0.252498	0.0239577	0.076216	0.033273	0.287787
-0.246396	-0.0896622	-0.10562	0.0879774	0.241356	-0.245784	-0.0224818	0.0862201	-0.0400928	0.334484
-0.146998	-0.175649	-0.0541288	0.0957751	0.109746	-0.191739	-0.0544555	0.127057	-0.00900945	0.299402
-0.0929405	-0.147915	-0.0231891	-0.0176633	0.0940518	-0.147632	-0.052481	0.0979139	0.0417418	0.248113
-0.024985	-0.102125	-0.0357305	-0.113301	0.0684556	-0.122335	0.00546204	0.093946	0.0422921	0.18832
0.119475	-0.0658163	-0.0986501	-0.112825	0.0365471	-0.182768	0.131987	0.0573445	0.0160159	0.09869
0.258057	-0.0446482	-0.119426	-0.119698	0.00463872	-0.223989	0.187029	0.0157003	0.0308316	0.0115045
0.257454	-0.0309133	-0.110114	-0.0719736	-0.0178323	-0.214042	0.212819	-0.00521841	0.031037	-0.0512159
0.131764	-0.0177339	-0.0140659	-0.0243828	-0.0200694	-0.128848	0.104284	0.00084169	0.0273461	-0.0591355
0.00460515	-0.00584917	0.0436984	-0.00410462	0.00565716	-0.0188851	-0.0196189	0.00262454	0.0137529	-0.0218803
-0.000540653	-0.00123846	0.0175288	-0.000246926	0.00105114	-0.000378943	-0.0116949	-0.000955712	0.0018119	-0.00533631
-9.00178e-06	-3.93915e-06	0.00472708	-5.84463e-07	-0.00258725	-4.27944e-05	-0.0015952	-2.03832e-06	-0.000347607	-0.000138669
-1.64264e-05	-3.008e-07	-3.74212e-06	-0.000170713	-5.82523e-06	0.000632351	-2.313e-05	-5.94182e-06	-3.58936e-05	-0.000370378
-3.38138e-05	-4.01322e-06	-0.00140493	0.00152745	-0.0018376	-0.000263844	-1.02867e-05	0.00357383	-0.000224248	-0.00132256
-0.000411182	-1.62527e-05	-0.000983481	0.0001877	-0.00283087	-0.000547632	-4.53124e-05	0.0104984	-0.000369599	-0.00548178
-0.0129008	-0.000251118	-0.015709	0.00336909	-0.00112893	0.00319055	-0.00357872	0.0165843	-0.00431622	0.0147409
-0.0368602	-0.00149484	-0.0637881	-0.00251216	0.0389431	0.0152489	-0.0302576	0.0184739	-0.025951	0.0881981
0.0878663	-0.0213856	-0.180898	-0.0617251	0.110567	0.00411476	0.00739067	0.0162362	-0.0689643	0.106798
0.148241	-0.0427354	-0.208435	-0.141512	0.168995	0.00903629	0.082787	-0.0251637	-0.13122	0.140008
0.161498	-0.0673666	-0.172442	-0.189542	0.277292	0.00402092	0.0761173	-0.0545711	-0.160874	0.125867
0.132417	-0.0969041	-0.127842	-0.179631	0.283091	0.0833199	0.0863358	-0.111894	-0.19796	0.129066
0.150563	-0.169291	-0.0723219	-0.159857	0.283021	0.159865	0.134193	-0.17955	-0.211988	0.0653645
0.156443	-0.280485	-0.0431415	-0.130484	0.350272	0.217147	0.18226	-0.293555	-0.146234	-0.0122235
0.0637551	-0.320226	-0.00313636	-0.045545	0.336873	0.158684	0.21639	-0.442254	0.0869662	-0.0515067
-0.115647	-0.135348	0.0355507	0.0807587	0.175201	0.193734	0.112388	-0.528537	0.221206	-0.0393047
-0.317477	0.290898	0.0826149	0.0946732	-0.0091319	0.121515	-0.0269202	-0.493991	0.260641	-0.00282289
-0.420889	0.518762	0.0117839	0.0576352	-0.0257856	-0.0466742	0.00305127	-0.269158	0.145329	0.0259449
-0.44554	0.335322	-0.0967101	0.0120977	0.130146	-0.170054	0.0881411	-0.0696683	0.110924	0.105341
-0.391031	-0.0195213	-0.0704539	0.00334708	0.307586	-0.228594	0.0842763	0.0495183	0.0105222	0.25435
-0.229465	-0.233007	-0.0700964	0.0570998	0.339854	-0.193691	-0.0226443	0.108003	-0.0333242	0.277271
-0.107642	-0.227651	-0.0536106	0.0839015	0.219939	-0.14058	-0.0547357	0.205979	-0.0993199	0.173721
-0.0541657	-0.165077	-0.0583346	0.03668	0.213262	-0.11018	-0.0364406	0.215662	-0.119264	0.0778575
0.0104537	-0.111474	-0.0738942	-0.0241223	0.147928	-0.0530155	0.0356406	0.151686	-0.118228	0.0350258
0.127202	-0.0753268	-0.11433	-0.0153164	0.064826	-0.0839444	0.141681	0.108276	-0.117918	-0.0351502
0.214796	-0.0502789	-0.119726	-0.0848597	0.0269655	-0.10372	0.192287	0.0889676	-0.088149	-0.0762829
0.225469	-0.0325268	-0.0895342	-0.064798	0.00351292	-0.119427	0.193525	0.0467702	-0.0614261	-0.101566
0.119997	-0.0144166	0.0108301	-0.0184477	-0.0166116	-0.0755805	0.0823926	0.00463241	-0.0239206	-0.0688752
-0.00444732	-0.00684413	0.0571213	-0.00749281	-0.00468725	-0.0150619	-0.0100415	0.00448169	0.00175509	-0.0147831
-0.000421809	-0.00120876	0.0247463	-0.000520981	-0.00436648	-0.000615241	-0.013372	-0.000347514	-0.0024457	-0.00144774
-6.17441e-07	-3.28132e-06	0.000636189	-1.60267e-05	-0.000288958	-5.26889e-06	-0.000250716	-2.50984e-07	-6.36748e-05	-7.39463e-06
-7.13863e-06	-1.82827e-07	-1.26938e-06	-5.7288e-05	-8.7241e-06	0.000193605	-8.10466e-06	3.19114e-05	-1.42436e-05	-0.000128565
-4.01174e-05	-6.72212e-06	-0.00298336	0.00381341	-2.41347e-05	-0.000243917	-6.20025e-06	-5.39372e-05	-0.000435647	-1.93799e-05
-0.000602567	-2.52716e-05	-0.00181827	0.00483491	0.000385612	-0.000920551	-9.2095e-05	0.00231909	-0.000644288	-0.00343657
-0.0159375	-0.00118571	0.000320635	0.0104932	0.00738746	0.000234257	-0.00873965	0.00603023	-0.00575206	0.00714915
-0.00880556	-0.00625991	-0.0153341	0.0295059	0.031479	-0.0125573	-0.0443916	-0.00494448	-0.0276577	0.0589658
0.123507	-0.0318997	-0.0365541	-0.0235457	0.0958653	-0.041256	-0.0213372	-0.0372169	-0.0878355	0.0602723
0.151937	-0.0647957	-0.0355973	-0.0900648	0.169467	-0.0382137	0.0499185	-0.0354407	-0.156232	0.0490219
0.17048	-0.0817263	-0.0375777	-0.151867	0.263146	-0.0572695	0.0876101	-0.0754189	-0.176303	0.0589248
0.173329	-0.108568	0.0067373	-0.201643	0.263545	-0.0368971	0.108523	-0.14721	-0.160919	0.103102
0.204101	-0.177875	0.0217701	-0.206277	0.260058	0.0323872	0.149856	-0.197064	-0.151251	0.0642955
0.195576	-0.243865	0.0286576	-0.162213	0.218615	0.0644649	0.244824	-0.262583	-0.0875762	0.00409964
0.0094797	-0.19669	0.0396177	-0.0663498	0.195507	0.0850679	0.234584	-0.380212	0.0728165	0.00617896
-0.216295	-0.0110136	0.115497	0.0525371	0.0906473	0.0884949	0.101049	-0.404928	0.213466	-0.0294542
-0.389246	0.339297	0.14126	0.0628765	-0.0149219	-0.0348826	0.0324528	-0.331445	0.287325	-0.0927166
-0.454709	0.504628	0.0598502	-0.0100287	0.0471923	-0.147404	0.0949032	-0.161698	0.165817	-0.0985504
-0.439981	0.218462	-0.0257871	-0.0259127	0.248189	-0.202467	0.111951	0.0164105	0.03649	0.0626455
-0.340352	-0.138384	-0.0139448	-0.0270357	0.381734	-0.196132	0.0383304	0.0874066	-0.0178065	0.226184
-0.183994	-0.290977	-0.0196073	0.00138325	0.33416	-0.146909	-0.0185494	0.214246	-0.11565	0.225897
-0.0469487	-0.231273	-0.0589798	0.0669999	0.218895	-0.0590586	-0.0377565	0.284791	-0.174868	0.0381981
0.00037136	-0.16334	-0.0554041	0.113066	0.17458	-0.0428271	-0.010724	0.222095	-0.206489	-0.0313277
0.0564887	-0.114953	-0.104112	0.140281	0.104014	-0.0418828	0.0553972	0.171444	-0.205638	-0.0610391
0.117915	-0.0828104	-0.0841067	0.0827674	0.0208932	-0.049379	0.138525	0.133181	-0.174815	-0.10217
0.186151	-0.0602158	-0.0839085	0.0114738	0.0176833	-0.0663057	0.156505	0.090028	-0.122342	-0.129069
0.189308	-0.0353072	-0.0334036	-0.0363788	0.00273468	-0.0324457	0.123378	0.0189566	-0.0823885	-0.114454
0.0847158	-0.0198306	0.0688231	-0.0075371	-0.0262619	-0.0285453	0.0531778	-0.011323	-0.0485648	-0.0646541
-0.0102961	-0.00752213	0.0920416	-0.00783143	-0.010781	-0.0131899	-0.0133691	-0.00526112	-0.00563017	-0.0181605
-0.00116516	-0.0028487	0.0388226	-0.00170812	0.00246218	-0.00230992	-0.0206189	-0.000716657	-0.00573752	-0.00617978
-3.76512e-05	-0.000327059	0.00387127	-0.000121792	-0.000339447	-0.000165796	-0.0017032	-0.000133986	-0.000587795	-0.000454548
-1.00575e-05	-4.81914e-07	-2.51911e-07	-7.94726e-06	-3.89527e-05	-7.68469e-05	-3.03494e-06	0.000193469	-1.42335e-05	-4.1662e-05
-3.58294e-05	-1.75453e-05	-0.00158408	0.00308677	-1.5383e-05	-0.000163854	-2.53066e-05	-0.000427261	-0.000243714	-0.000573796
-0.0015812	-0.000155705	-0.00341778	0.0160978	-0.00287508	-0.00227518	-0.000757407	-0.00109132	-0.00123953	-0.00270462
-0.0193097	-0.00238699	0.0133769	0.0435434	-0.00759982	-0.00209312	-0.0151558	-0.000758326	-0.00873984	-0.000876655
0.00542389	-0.013042	0.0545999	0.0689275	-0.00328114	-0.0141575	-0.061992	-0.0120637	-0.0404279	0.016013
0.141887	-0.0464425	0.0835496	0.0142847	0.0346061	-0.038775	-0.059956	-0.0422339	-0.0996763	0.0127558
0.181834	-0.0981416	0.0830206	-0.0598155	0.129957	-0.0636535	0.0251373	-0.0422924	-0.139129	-0.0169173
0.165088	-0.122142	0.0596785	-0.120763	0.213968	-0.145793	0.0970747	-0.0572235	-0.0908652	0.000977294
0.201658	-0.137967	0.0386742	-0.199699	0.259378	-0.210673	0.126652	-0.137362	-0.00773445	0.0670724
0.221356	-0.156874	0.0530646	-0.211914	0.193831	-0.19528	0.198894	-0.175853	0.00564407	0.0671314
0.186506	-0.144986	0.0877417	-0.233763	0.0836982	-0.142653	0.27916	-0.253453	0.0373177	0.100432
-0.0182429	-0.0745705	0.145206	-0.165988	0.0659801	-0.0978722	0.250554	-0.296342	0.107227	0.084048
-0.248686	0.0400841	0.205675	-0.0688754	0.0630697	-0.0813315	0.0767894	-0.235684	0.257021	-0.00806263
-0.395506	0.324324	0.206194	-0.0488958	0.0701743	-0.133689	0.0608432	-0.181159	0.205183	-0.107469
-0.422118	0.453302	0.0748068	-0.105477	0.203336	-0.197131	0.101352	-0.0651047	0.0509415	-0.0939073
-0.371744	0.0873514	0.0158356	-0.0924622	0.364638	-0.199856	0.0510673	0.0791274	-0.00425865	0.0703007
-0.254511	-0.199859	0.0983142	-0.0621726	0.371776	-0.15863	-0.0536872	0.116632	-0.0336523	0.175789
-0.0866602	-0.290494	0.0757938	0.0331447	0.242298	-0.0699219	-0.0748744	0.184805	-0.136816	0.122724
0.0130526	-0.230661	0.0294256	0.118509	0.144616	-0.00949124	-0.000323479	0.187128	-0.223969	-0.0282859
0.040845	-0.155824	0.000156835	0.160194	0.0905309	0.00972564	0.0394751	0.143629	-0.21137	-0.117362
0.0682629	-0.115666	-0.00319041	0.176111	0.0567129	0.012152	0.0276106	0.0805475	-0.196391	-0.10615
0.111592	-0.078152	0.0438983	0.140598	-0.00329651	-0.023436	0.0811387	0.0602912	-0.190132	-0.142502
0.144195	-0.0556403	0.0492211	0.0813079	-0.0407932	-0.0298155	0.107439	0.00412199	-0.123775	-0.136262
0.114245	-0.0359252	0.0975659	-0.00633245	-0.0383362	0.00601304	0.0635704	-0.0197154	-0.0548107	-0.126274
0.0370174	-0.0234554	0.137602	-0.00724262	-0.0300777	0.00861723	0.0148595	-0.0197471	-0.0474218	-0.0701519
-0.0140468	-0.0122929	0.144966	-0.0115586	-0.0209056	-0.010556	-0.0294689	-0.0104526	-0.0140658	-0.0216184
-0.00255805	-0.00426911	0.0517874	-0.00243585	-0.00737936	-0.00256239	-0.0207115	-0.000874784	-0.00620756	-0.00478876
-2.64488e-06	-9.79652e-05	0.00315371	-7.50591e-05	-0.000372175	-3.62099e-05	-0.00232481	-6.03719e-05	-0.000156517	-2.7954e-05
0.0	0.0	0.0	0.0	0.0	0.0	0.0	0.0	0.0	0.0
-4.56348e-05	0.000123631	-0.000660708	0.00119045	-1.17247e-05	-0.000169278	-1.88806e-05	-5.25946e-05	-0.000273172	-8.20888e-05
-0.00212521	-0.000234613	-0.00229052	0.0232748	-0.0059891	-0.0038083	-0.00152742	-0.00057362	-0.00155456	-0.00517148
-0.0242321	-0.0052834	0.0344928	0.0890469	-0.0244575	-0.00445274	-0.0240713	-0.0104997	-0.0139076	-0.0166354
0.00871468	-0.0197599	0.123423	0.112047	-0.0177532	-0.0114777	-0.0814872	-0.0193766	-0.0532982	-0.0410318
0.13524	-0.0713945	0.160563	0.0559961	-0.0101484	0.0218505	-0.0862738	-0.0573701	-0.101074	-0.0473892
0.178515	-0.135041	0.141963	-0.0138501	0.0359929	0.0705121	-0.0354618	-0.0921521	-0.104861	-0.045617
0.161925	-0.152903	0.118659	-0.0781207	0.122818	-0.112877	0.0969049	-0.113418	-0.0194442	-0.0235436
0.176963	-0.144937	0.071704	-0.171897	0.146133	-0.24713	0.162962	-0.135065	0.113217	0.028049
0.191395	-0.122603	0.0862129	-0.28657	0.110931	-0.263109	0.209914	-0.170627	0.18135	0.0631082
0.180222	-0.0173318	0.12549	-0.346117	0.0278578	-0.276108	0.311671	-0.226117	0.127505	0.0929287
-0.0297016	0.0060124	0.191436	-0.307928	0.0211936	-0.243735	0.27541	-0.193527	0.218626	0.0622135
-0.215188	0.115524	0.250019	-0.248557	0.0937594	-0.252011	0.129208	-0.117756	0.253593	-0.00859135
-0.368663	0.314126	0.178139	-0.221514	0.198091	-0.224045	0.0705114	-0.0136579	0.145224	-0.0782121
-0.38696	0.313744	0.0889689	-0.195068	0.331354	-0.169683	0.0317525	0.0518433	-0.0343822	-0.0315693
-0.285954	-0.00071043	0.101854	-0.122551	0.365715	-0.124194	-0.052273	0.0771003	-0.0707071	0.111722
-0.134486	-0.194134	0.126006	0.0180293	0.27772	-0.0644379	-0.0990223	0.0555603	-0.0527024	0.0674674
-0.00611508	-0.25098	0.0918338	0.129869	0.107756	0.00305565	-0.0284717	0.0766748	-0.112488	-0.0111351
0.0318504	-0.210188	0.0411685	0.141991	0.0509521	0.0585766	0.0697461	0.060222	-0.157935	-0.0863837
0.033228	-0.143592	0.0324028	0.177321	-0.0177867	0.0357994	0.09254	-0.00150564	-0.104619	-0.103787
0.0596974	-0.0991193	0.0720091	0.160503	-0.0280071	0.0267974	0.0379757	-0.0282724	-0.0834704	-0.118114
0.0811323	-0.0678665	0.097441	0.156968	-0.0519735	0.0186129	0.055764	-0.028445	-0.119839	-0.141795
0.104225	-0.0490493	0.11611	0.117144	-0.0794961	-0.0136982	0.0667625	-0.0325422	-0.0762131	-0.153243
0.0532288	-0.0380911	0.157198	0.0200239	-0.0649323	0.026696	0.0239872	-0.0303096	-0.0240387	-0.123762
0.00967586	-0.0264334	0.211541	-0.0393148	-0.0477124	0.0306893	-0.0246122	-0.0180667	-0.0273071	-0.0684595
-0.00924142	-0.0177487	0.169296	-0.0192412	-0.031938	-0.00911838	-0.0412289	-0.00153473	-0.0233362	-0.0159088
-0.000882433	-0.00385039	0.0370085	-0.00199029	-0.00444167	-0.00270154	-0.0171052	0.00224065	-0.00470522	-0.00357243
-0.000343987	-7.18218e-05	0.00251879	-4.87077e-05	-0.000247413	-0.00027671	-0.00118418	-0.000153258	-0.000109352	-8.33611e-05
-8.85402e-07	-5.48196e-06	-7.31968e-07	-5.52288e-05	-2.86649e-05	-3.66178e-05	-9.07814e-07	-0.000113417	-1.95399e-05	0.000261476
-9.86331e-06	1.28385e-05	-3.88821e-05	0.000150779	-2.11403e-06	-4.94701e-05	-3.93559e-06	-5.5055e-06	-4.15267e-05	-1.23204e-05
-0.00280705	-0.000514331	-0.00890165	0.0291389	-0.00493743	-0.00369836	-0.00146546	0.000858811	-0.00239201	-0.00528137
-0.0342276	-0.0067889	0.0381615	0.12645	-0.0284993	0.00108949	-0.0302891	-0.0103847	-0.0274871	-0.0280249
-0.00683242	-0.0259331	0.162719	0.162826	-0.0374296	0.00674378	-0.0927393	-0.0262699	-0.0752659	-0.0678184
0.106137	-0.0873517	0.21182	0.138694	-0.0568001	0.0611043	-0.122522	-0.0722919	-0.0796564	-0.0991331
0.160372	-0.169108	0.20405	0.0537678	-0.0799306	0.20344	-0.0830486	-0.138541	-0.0551432	-0.0958584
0.145299	-0.173421	0.187121	-0.0314318	-0.0292131	0.0655275	0.0548805	-0.157932	0.0370876	-0.097917
0.146687	-0.121924	0.106339	-0.101215	0.00911713	-0.0961025	0.155288	-0.1722	0.152947	-0.0789369
0.15446	-0.0445045	0.13598	-0.208737	-0.0112915	-0.171138	0.217139	-0.201536	0.17301	-0.0433822
0.183907	-0.000725365	0.180003	-0.290045	-0.104216	-0.205747	0.296328	-0.214296	0.179095	-0.0243047
0.0241471	0.0377394	0.225102	-0.31023	-0.0878153	-0.188963	0.295932	-0.134446	0.190061	-0.0515271
-0.163475	0.118406	0.269788	-0.3177	0.0144669	-0.148633	0.221847	-0.0444027	0.150961	-0.101259
-0.283217	0.213856	0.233716	-0.293968	0.112186	-0.0914206	0.0774935	0.0857746	0.0268334	-0.0812547
-0.289438	0.172482	0.139446	-0.238147	0.210873	-0.0248567	0.00191668	0.0974543	-0.0981255	0.0283948
-0.169443	-0.0365732	0.0641681	-0.0486422	0.192468	-0.0194671	-0.0125713	0.0554357	-0.0639378	0.0385629
-0.0661084	-0.15502	0.113351	0.114783	0.106379	0.00391159	0.0629039	-0.0389495	-0.0934794	-0.0477697
-0.0010009	-0.157255	0.0698402	0.195814	-0.054593	0.039747	0.118098	-0.0319989	-0.0946048	-0.0840466
0.0154373	-0.143914	0.0488478	0.225485	-0.0885101	0.0577917	0.133672	-0.0452293	-0.099716	-0.103865
0.0324697	-0.112087	0.0152333	0.199698	-0.0944488	0.0581782	0.0911836	-0.0847099	-0.0527818	-0.0527348
0.0217493	-0.0704008	0.027687	0.145818	-0.0761057	0.0757779	0.0525017	-0.0859647	-0.0242793	-0.0667829
0.0488264	-0.0580466	0.0991088	0.188852	-0.078664	0.0332422	0.0523879	-0.0914401	-0.0705663	-0.1237
0.0550776	-0.0595852	0.148667	0.125085	-0.095709	0.0318064	0.0277602	-0.0763355	-0.0254468	-0.13132
0.0134335	-0.0446457	0.236897	0.000625355	-0.0595127	0.0507876	-0.0091675	-0.0683591	-0.0195523	-0.100506
-0.00486165	-0.024894	0.252984	-0.0535401	-0.0332214	0.0304765	-0.0531309	-0.0405101	-0.0253073	-0.0479948
-0.00782098	-0.008631	0.133141	-0.0187889	-0.0244538	-0.00643177	-0.0317492	-0.00395144	-0.0190819	-0.0122315
-0.00180167	-0.00240115	0.020915	-0.00202955	-0.000554032	-0.00305219	-0.0109847	0.00227689	-0.00168721	-0.000681377
-0.000899744	-3.27229e-06	0.00332686	-2.83429e-05	-1.51963e-05	-0.000814877	-0.00145223	-7.57083e-06	-4.98157e-05	-5.58017e-05
0.0	0.0	0.0	0.0	0.0	0.0	0.0	0.0	0.0	0.0
-2.30024e-06	-3.57185e-06	-8.7733e-06	0.00012072	-2.15488e-06	-4.45734e-05	-1.52823e-07	0.000200681	-2.02941e-05	-0.000239581
-0.00340666	-0.000749444	-0.00634125	0.029368	-0.00328483	-0.00368778	-0.00133471	-0.000783271	-0.00389412	-0.00588596
-0.0342815	-0.00625224	0.0272023	0.149103	-0.0198799	-0.00792251	-0.0277579	-0.013734	-0.0358443	-0.0306332
-0.0356487	-0.0293674	0.14183	0.210966	-0.0456057	0.00753604	-0.0834227	-0.0290272	-0.0743822	-0.0628782
0.0671126	-0.0946334	0.177494	0.193583	-0.0746103	0.0954299	-0.121173	-0.0790749	-0.0601649	-0.103963
0.13219	-0.142377	0.220412	0.106634	-0.139002	0.22335	-0.122228	-0.136747	0.00462626	-0.14686
0.134748	-0.127681	0.228052	0.052897	-0.180034	0.172994	-0.0189849	-0.180015	0.0771363	-0.159111
0.125468	-0.0740909	0.197379	0.0109552	-0.207181	0.136518	0.0947265	-0.191872	0.0958467	-0.187749
0.164278	0.00716566	0.183455	-0.0941279	-0.237642	0.0585601	0.206231	-0.203833	0.113381	-0.197468
0.19333	0.0146143	0.170844	-0.153881	-0.266439	0.0201045	0.303516	-0.173742	0.0910692	-0.199416
0.12207	0.0375755	0.211722	-0.23883	-0.240835	0.0409137	0.373093	-0.132982	0.0194968	-0.192224
0.00446653	0.0506027	0.2241	-0.260316	-0.167188	0.0411875	0.294619	-0.00231318	0.0121711	-0.19733
-0.0951395	0.128987	0.181486	-0.227298	-0.0544245	0.038676	0.140901	0.0897878	-0.093964	-0.109011
-0.113612	0.0617117	0.116159	-0.133244	0.0337331	0.0364683	0.082708	0.110979	-0.148512	-0.0463911
-0.0756974	-0.0139895	0.0841017	-0.0122098	0.021638	-0.00216931	0.125583	-0.00765889	-0.0597803	-0.0598171
-0.036001	-0.0296558	0.0535779	0.145169	-0.0395065	0.0100048	0.188804	-0.112014	-0.0846827	-0.0956956
0.00512398	-0.0583758	0.0518557	0.241761	-0.119365	0.0224548	0.181006	-0.127867	-0.0740617	-0.122532
0.0169533	-0.0657228	0.0466808	0.225961	-0.130866	0.075284	0.151694	-0.161686	-0.0480106	-0.110288
-0.00571004	-0.0594185	0.0103108	0.175264	-0.12726	0.0618564	0.120685	-0.160812	0.00846864	-0.0233838
-0.00689806	-0.0566452	0.0508803	0.167332	-0.113625	0.069055	0.0711165	-0.177051	0.0344763	-0.03864
0.0209976	-0.0470839	0.143481	0.159677	-0.0904178	0.0517236	0.042948	-0.169461	-0.0151657	-0.0966989
0.0174805	-0.044831	0.210791	0.0644757	-0.0964635	0.0698409	-0.00604626	-0.12427	0.00144888	-0.0924254
-0.0102527	-0.031833	0.253674	-0.0180586	-0.0559161	0.0521029	-0.0480411	-0.0763853	-0.00117876	-0.0641115
-0.0111809	-0.0145623	0.203412	-0.0426624	-0.0247144	0.0129877	-0.0498859	-0.02658	-0.0197495	-0.0270647
-0.00829027	-0.00353047	0.0909974	-0.0145665	-0.0082635	-0.00232285	-0.0289258	-0.00416408	-0.014947	-0.00598698
-0.00111523	-0.00238112	0.0197599	-0.00170991	-0.000564674	-0.00275592	-0.00939428	-0.000119663	-0.00137673	-0.000342421
-0.000199861	-2.22843e-07	0.000967309	-1.29773e-05	-6.28701e-08	-0.000236821	-0.000509853	-3.73305e-09	-7.43723e-06	-6.89592e-08
0.0	0.0	0.0	0.0	0.0	0.0	0.0	0.0	0.0	0.0
-6.7413e-06	-4.52416e-06	-4.00459e-05	0.000242057	-2.03449e-06	-1.83414e-05	-5.28789e-06	3.45008e-05	-2.65174e-05	-0.000173066
-0.0038339	-0.00165124	-0.000166505	0.0249933	-0.00197653	-0.00349813	-0.00113635	-0.0029449	-0.00512232	-0.00466341
-0.0328055	-0.00908881	0.0375812	0.147918	-0.0209753	-0.0110965	-0.0224917	-0.0197966	-0.0400595	-0.0291851
-0.0289681	-0.0265241	0.122784	0.227265	-0.0445497	-0.010269	-0.0674827	-0.0424254	-0.0721574	-0.0576729
0.0384281	-0.0643206	0.15914	0.201666	-0.0801994	0.0703222	-0.116491	-0.077909	-0.0482575	-0.0823789
0.0949949	-0.075607	0.200614	0.153211	-0.15152	0.153821	-0.132418	-0.138265	0.0385265	-0.143357
0.118873	-0.0547777	0.241752	0.106743	-0.232286	0.163382	-0.0778896	-0.17498	0.112296	-0.203113
0.111286	0.0174167	0.223349	0.0977702	-0.293289	0.225757	-0.00348023	-0.185522	0.0415962	-0.234884
0.150247	0.0498069	0.189453	0.0551655	-0.30613	0.197974	0.113636	-0.178865	0.0057723	-0.277058
0.221799	0.0590444	0.148842	-0.0401573	-0.29177	0.13123	0.241381	-0.150694	-0.0252353	-0.29444
0.217505	0.0338353	0.138512	-0.110356	-0.260508	0.136864	0.316461	-0.0993815	-0.101058	-0.271873
0.132927	4.29074e-05	0.0932572	-0.13765	-0.166614	0.0608681	0.325264	0.00771792	-0.0743145	-0.241499
0.0376496	0.0132132	0.042939	-0.0934363	-0.149981	0.0219368	0.298693	0.067498	-0.11228	-0.126232
-0.022358	0.024831	0.0192396	-0.0121081	-0.0733019	-0.0295731	0.287989	0.0540696	-0.134057	-0.114731
-0.0168228	-0.0163151	0.0232434	0.0474926	-0.048218	-0.0282747	0.252601	-0.0590153	-0.0372947	-0.117396
-0.0314437	0.0308361	0.0464	0.149017	-0.0586001	0.0157972	0.226246	-0.141952	-0.124049	-0.112252
0.00261518	0.0325208	0.0528371	0.1797	-0.0797209	0.0423119	0.175809	-0.16615	-0.088737	-0.151186
-0.0532174	-0.00186801	0.0923126	0.173607	-0.103252	0.105863	0.148384	-0.214514	-0.0328481	-0.114467
-0.0558316	-0.0314021	0.13698	0.154543	-0.0930187	0.0679862	0.0654305	-0.221688	0.0214705	-0.0444701
-0.0205227	-0.0421059	0.149659	0.155073	-0.085909	0.0483806	0.0173776	-0.217061	0.0398957	-0.0447876
-0.0050816	-0.044043	0.208002	0.0923232	-0.060635	0.061131	-0.0267376	-0.17427	0.026133	-0.0768224
-0.0132756	-0.0414744	0.247546	0.00354521	-0.0634988	0.102929	-0.0589765	-0.119602	0.00211942	-0.059312
-0.0256915	-0.0219355	0.225808	-0.0281336	-0.0409908	0.0408495	-0.053408	-0.0638752	-0.000708712	-0.0319144
-0.0155288	-0.00852336	0.140449	-0.0330633	-0.0144211	0.00462244	-0.0314653	-0.0157512	-0.0231459	-0.00317198
-0.00632682	-0.00122696	0.0433731	-0.00879634	-0.00489547	0.000278138	-0.00983517	-0.00319264	-0.0106516	0.00127377
-0.000514799	-0.000681032	0.00499565	-0.000820365	-0.000143352	-0.000149871	-0.0012824	-4.63229e-05	-0.0012054	-0.000152112
-2.05484e-05	-1.07224e-05	-1.86085e-06	-3.51104e-05	-1.51969e-05	0.000295119	-3.32021e-06	-3.00435e-05	-0.000148601	-2.97149e-05
-2.11868e-08	3.16054e-05	-1.62244e-05	-3.01196e-06	-3.83679e-07	-1.63125e-07	-4.93956e-07	-1.5849e-06	-9.22752e-06	-4.9461e-07
-3.84865e-05	3.18336e-06	-2.94322e-06	0.000233445	-2.29659e-06	-3.0867e-05	-2.90699e-05	-8.48574e-06	-3.91793e-05	-8.53e-05
-0.00388916	-0.00221062	0.00197094	0.0227764	-0.000535459	-0.00404416	-0.000757132	-0.00463024	-0.00403668	-0.00464395
-0.0240656	-0.00561417	0.0397428	0.106811	-0.0149962	-0.0082131	-0.0151203	-0.0221457	-0.0346466	-0.0217521
-0.0252225	-0.0094494	0.0830453	0.180035	-0.0292253	-0.00820092	-0.0474195	-0.0383655	-0.066785	-0.0384117
0.0332542	0.00011653	0.0963579	0.209648	-0.054872	-0.00716955	-0.0945941	-0.063084	-0.0451911	-0.074466
0.0706803	0.020898	0.136059	0.175574	-0.126552	0.0691475	-0.142227	-0.106462	0.0410286	-0.138148
0.0966029	0.0421865	0.165789	0.127371	-0.188054	0.118068	-0.112256	-0.137496	0.0768576	-0.18907
0.0980968	0.0951881	0.153589	0.0991656	-0.211648	0.165452	-0.0674985	-0.123145	0.0216705	-0.23087
0.114962	0.0837504	0.165433	0.0455768	-0.231794	0.16417	0.00836322	-0.124079	0.00859139	-0.234974
0.202573	0.0513782	0.10655	0.0173001	-0.234969	0.11382	0.122246	-0.102509	-0.0290234	-0.247366
0.240609	-0.0595335	0.0630457	-0.0532521	-0.173075	0.110033	0.240538	-0.0428615	-0.0544391	-0.271064
0.157894	-0.109289	0.0247545	-0.0680809	-0.133762	0.0280567	0.349808	-0.0149506	-0.0321498	-0.20228
0.0754003	-0.0966057	-0.00169881	-0.0363879	-0.126843	-0.00344492	0.366414	-0.023315	0.00264463	-0.156163
0.0318648	-0.0256063	-0.0256304	-0.00648732	-0.0794438	0.0012646	0.336731	-0.0536846	-0.0340258	-0.144982
0.0170407	0.0143734	-0.051598	0.0642196	-0.0213408	0.00575973	0.257419	-0.0744153	-0.0403594	-0.171099
0.0124034	0.0560871	-0.00587586	0.120235	-0.0578604	0.0371283	0.187676	-0.102245	-0.0850345	-0.162515
-0.0338875	0.0622047	0.080003	0.107746	-0.0380124	0.0727425	0.132608	-0.144496	-0.0593333	-0.179575
-0.0552042	0.0237603	0.124705	0.119947	-0.0517361	0.073474	0.0670667	-0.184354	0.00416819	-0.121827
-0.0559864	-0.0128208	0.18346	0.145852	-0.010589	0.0539613	-0.0272702	-0.206416	0.0126467	-0.0828384
-0.0301376	-0.0193584	0.148567	0.0915516	-0.013974	0.0927924	-0.069254	-0.186937	0.0382967	-0.0515462
-0.0402103	-0.0233628	0.19245	0.00874865	-0.0174772	0.0938175	-0.0586512	-0.139784	0.0217857	-0.0373158
-0.0270832	-0.0361936	0.209111	-0.040671	-0.0294847	0.0827326	-0.0441112	-0.0944196	0.00343357	-0.0233137
-0.01658	-0.0205141	0.164673	-0.0411815	-0.020604	0.027903	-0.0337348	-0.0429888	-0.0143187	-0.00265402
-0.0101585	-0.00489982	0.0926029	-0.0275162	-0.0117903	0.00340879	-0.0169612	-0.0141332	-0.0232971	0.0127448
-0.00222544	-0.00113341	0.0314667	-0.00582145	-0.00444192	0.00211517	-0.00499706	-0.00428678	-0.00922146	-0.00145432
0.0016684	-0.000590666	0.00308412	-0.000745933	-0.000259799	-5.6391e-05	-0.000377243	-0.00043545	-0.000918547	-0.0013685
3.29746e-06	-4.46168e-11	-4.2542e-07	-2.10433e-07	-3.49959e-09	-1.2664e-06	-2.17304e-07	-7.42202e-09	-1.1555e-06	-1.13781e-08
-2.05247e-08	3.06177e-05	-1.57174e-05	-2.91784e-06	-3.71689e-07	-1.58027e-07	-4.7852e-07	-1.53537e-06	-8.93916e-06	-4.79154e-07
-5.08759e-07	9.63847e-06	-5.70607e-06	6.23114e-06	-1.52347e-07	-1.31621e-06	-1.57149e-07	-7.97295e-07	-3.96692e-06	-3.26483e-06
-0.000974616	-0.00189926	-0.00177358	0.0170553	-0.000283124	-0.0030644	-0.000202811	-0.00313387	-0.00251163	-0.00321204
-0.0147738	-0.00215781	0.0232587	0.0571532	-0.00858121	-0.00828152	-0.00563987	-0.0142474	-0.0175556	-0.00917482
-0.030685	0.00429891	0.0532587	0.10785	-0.0180038	-0.000396475	-0.0238329	-0.0191727	-0.0474458	-0.0258707
-1.64657e-06	0.0577952	0.0520055	0.15048	-0.0378982	-0.0165318	-0.0559506	-0.0220636	-0.061588	-0.0662465
0.0570729	0.0875333	0.0509785	0.187198	-0.0768096	-0.0323372	-0.106634	-0.0414568	-0.0162224	-0.109323
0.101659	0.0957946	0.0606849	0.156127	-0.111954	-0.0299933	-0.124348	-0.0295162	0.0334568	-0.151911
0.120219	0.118808	0.0701543	0.081962	-0.132879	0.046037	-0.140745	-0.0290611	0.0217574	-0.156252
0.117578	0.0998175	0.109145	0.0876324	-0.154955	0.0723476	-0.127636	-0.0534142	0.0100928	-0.160609
0.157712	0.00622216	0.0898146	0.0816653	-0.144658	0.035796	-0.0779597	-0.032646	0.040692	-0.156638
0.205427	-0.132675	0.0593365	0.0110189	-0.105672	0.091944	-0.04123	-0.0516153	0.104989	-0.141524
0.173546	-0.215841	-0.00308589	-0.0372664	-0.0995505	0.130979	0.0421307	-0.0385208	0.164841	-0.117233
0.183886	-0.18868	-0.0727279	-0.0260253	-0.0832112	0.116524	0.0760696	-0.0661845	0.182674	-0.122324
0.119079	-0.0658972	-0.100963	0.00480122	-0.0548895	0.0886181	0.0331764	-0.0427807	0.158795	-0.139939
0.102059	0.0572995	-0.113137	0.0437946	0.00189757	0.0556329	-0.00810779	-0.0389468	0.106276	-0.206768
0.0538618	0.0984027	-0.0507034	0.0449953	-0.0233626	0.107081	-0.0459312	-0.0636271	0.0558035	-0.176521
0.0098285	0.106151	0.0377011	0.0481092	0.022713	0.063857	-0.0756344	-0.100089	0.0515442	-0.16418
-0.0388482	0.0573413	0.130854	0.0708517	0.0319801	0.0801701	-0.108299	-0.151501	0.0534943	-0.126043
-0.0667628	0.000480419	0.172296	0.0771396	0.087312	0.0825229	-0.0991525	-0.170912	0.0153807	-0.0983046
-0.0695502	-0.0208352	0.176844	0.0130101	0.0573897	0.0689632	-0.0674979	-0.161405	0.0108695	-0.00778742
-0.0562002	-0.0318399	0.169267	-0.0440561	0.0324116	0.0471025	-0.0463231	-0.115112	0.019372	0.0253779
-0.0240319	-0.0340938	0.143869	-0.0424265	-0.00341575	0.0390339	-0.0428898	-0.066847	0.000524034	0.030278
-0.00379267	-0.0170433	0.0816209	-0.0271549	-0.0112553	0.0206419	-0.0279053	-0.0304676	-0.00682457	0.0221809
-0.0042222	-0.0055106	0.0460816	-0.015337	-0.00828393	0.00556462	-0.0102035	-0.0143662	-0.0103668	0.0166441
-0.000998252	-0.000810352	0.0204869	-0.00520345	-0.00320536	0.00225445	-0.0032903	-0.00682843	-0.00414277	0.0017376
0.000180874	0.000631722	-9.07104e-05	-0.000110592	-3.64149e-05	-9.70912e-06	-2.15455e-05	-3.67886e-05	-0.000365818	-0.000141016
6.08763e-06	-8.23694e-11	-7.85391e-07	-3.88492e-07	-6.46077e-09	-2.33797e-06	-4.01176e-07	-1.37022e-08	-2.13322e-06	-2.10057e-08
0.0	0.0	0.0	0.0	0.0	0.0	0.0	0.0	0.0	0.0
0.0	0.0	0.0	0.0	0.0	0.0	0.0	0.0	0.0	0.0
-0.000156553	-4.9457e-05	-0.000316755	0.00624782	-5.24268e-05	-0.00037118	-2.34647e-05	-0.00269131	-0.000964642	-0.00162203
-0.00386785	-0.00524827	0.00143118	0.0311234	-0.00251413	-8.37457e-05	-0.00149486	-0.00694961	-0.00963424	-0.00276186
-0.0160149	0.00990949	0.00435596	0.06674	-0.00764461	0.00272775	-0.0061501	0.00146382	-0.0392241	-0.0161634
-0.0154397	0.059966	-0.0061527	0.116325	-0.0192352	-0.00556354	-0.0176013	0.0183066	-0.0893131	-0.0412924
0.00865624	0.102024	-0.0339241	0.141541	-0.0310976	-0.0136805	-0.0439096	0.0556093	-0.115194	-0.0700252
0.0637007	0.0938274	-0.0741834	0.134243	-0.0425179	-0.0353066	-0.0784718	0.0889046	-0.0848951	-0.0653009
0.0882204	0.0828471	-0.0817465	0.097277	-0.0644757	0.0111426	-0.121035	0.0383342	-0.00294578	-0.0476184
0.107522	0.0557445	-0.0578351	0.126619	-0.0848524	0.0620093	-0.165378	0.0409864	-0.011441	-0.0733737
0.128741	-0.0308356	-0.0553956	0.131192	-0.0931079	0.0903691	-0.198718	0.0499603	0.0347435	-0.0569488
0.181077	-0.112993	-0.0629238	0.135064	-0.0622223	0.11999	-0.213116	-0.0112704	0.101894	-0.0754996
0.19116	-0.14336	-0.0786615	0.0615397	-0.0741118	0.139403	-0.184228	-0.0245431	0.198437	-0.0856357
0.175226	-0.155024	-0.125589	0.0528425	-0.0500085	0.104297	-0.159425	-0.00567848	0.290481	-0.127122
0.132319	-0.0854334	-0.128111	0.017273	-0.0116349	0.0949758	-0.154893	0.0152048	0.279357	-0.159058
0.0786659	0.0584034	-0.114988	0.00132267	0.00586242	0.0747492	-0.151283	0.00810982	0.208613	-0.169455
-0.00271133	0.1049	-0.06677	-0.0255107	0.0252892	0.0733512	-0.150256	-0.0112646	0.188676	-0.135704
-0.0413279	0.0924448	-0.0151863	0.024175	0.0441931	0.0323347	-0.134483	-0.0399652	0.126177	-0.0883625
-0.0912948	0.0180484	0.0498879	0.0457632	0.108256	0.0165548	-0.0876518	-0.0941325	0.102429	-0.0678599
-0.0895491	-0.00621791	0.0823113	-0.0046707	0.111588	0.0389904	-0.0601983	-0.129021	0.0555163	0.00125137
-0.0832914	-0.0234227	0.0855108	-0.0447635	0.0833031	0.0385844	-0.0417222	-0.122089	0.0344605	0.0734303
-0.0486198	-0.027911	0.0962169	-0.044856	0.0349394	0.00196111	-0.0358759	-0.0993453	0.0188936	0.104597
-0.0195851	-0.0219206	0.0735979	-0.0340686	-0.00137864	0.00629354	-0.023918	-0.0589597	0.00285222	0.077087
-0.00581713	-0.0138394	0.029653	-0.0168347	-0.00657174	0.018265	-0.0132738	-0.031893	0.00412503	0.0361868
-0.00423287	-0.00344166	0.0166731	-0.000866221	-0.00457069	0.00820874	-0.00663266	-0.0152639	-0.00332163	0.0134478
-0.000602361	0.000268341	0.0123361	-0.000946798	-0.000646925	0.000857719	-0.0014252	-0.00734873	-0.00158231	-0.000909849
-5.19526e-06	0.00125689	-0.000309004	0.000291721	-4.57052e-05	-0.000114348	-1.90821e-05	-3.95153e-06	-0.000940714	-0.000110606
0.0	0.0	0.0	0.0	0.0	0.0	0.0	0.0	0.0	0.0
0.0	0.0	0.0	0.0	0.0	0.0	0.0	0.0	0.0	0.0
0.0	0.0	0.0	0.0	0.0	0.0	0.0	0.0	0.0	0.0
-0.00043722	-5.10485e-06	-0.000852677	0.00275491	-5.72806e-06	-0.000114283	-2.69727e-06	-0.000620611	-4.77691e-05	-0.000668816
-0.000849526	-0.00399225	-0.00581909	0.0168086	-0.000166326	0.00182061	-0.000139926	0.00383158	-0.00830778	-0.0031859
-0.00212166	-0.00564611	-0.0165044	0.0396873	-0.00202564	-0.00244635	-0.000993181	0.0235265	-0.0294701	-0.00400637
-0.0127256	0.0137276	-0.0367638	0.0720493	-0.00372922	-0.00826778	-0.0045137	0.0629578	-0.0691973	-0.0135374
-0.018001	0.013193	-0.0680618	0.123702	-0.00365219	-0.0134795	-0.0126232	0.102862	-0.102294	-0.021646
-0.0327446	-0.0181464	-0.0982182	0.128776	-0.0134552	-0.00698264	-0.0263272	0.138756	-0.0891722	0.0175148
-0.0440657	-0.0508231	-0.121989	0.128209	-0.0359758	0.00996916	-0.0518648	0.156355	-0.0343617	0.0445476
-0.0460656	-0.0897238	-0.142772	0.166841	-0.0512767	0.0635766	-0.0792171	0.157793	-0.0164848	0.0373295
-0.0454732	-0.139097	-0.137416	0.198454	-0.0560115	0.0695471	-0.102324	0.151999	-0.00072745	0.0610486
-0.0338456	-0.173594	-0.111269	0.207145	-0.0403725	0.0840705	-0.12316	0.113836	0.0561315	0.0210587
-0.00756254	-0.166074	-0.0803831	0.174099	-0.0531483	0.129871	-0.132089	0.0951521	0.0811132	-0.0409773
-0.0064386	-0.160194	-0.0651486	0.154064	-0.0593497	0.138422	-0.138822	0.143467	0.0798132	-0.0858141
-0.0285855	-0.132017	-0.0473435	0.10755	-0.0465508	0.112709	-0.126756	0.133202	0.0955444	-0.0677518
-0.0635642	-0.0840298	-0.0437103	0.0451465	-0.0212554	0.0700958	-0.112116	0.102065	0.125596	-0.018228
-0.0827724	-0.051724	-0.0435219	0.0141753	-0.00729983	0.0282537	-0.0889513	0.0881789	0.135018	0.00864326
-0.0815071	-0.0240413	-0.0248174	-0.0151435	-0.0244336	0.0227779	-0.0716325	0.0513796	0.0704321	0.0969858
-0.0784999	-0.0178928	-0.0186157	-0.0612053	0.0233164	0.0287315	-0.0459785	-0.012937	0.0718563	0.111225
-0.0623273	-0.00786365	-0.0315507	-0.0525336	0.0471594	0.019482	-0.0356642	-0.0444877	0.0533733	0.114412
-0.0500639	-0.00827866	-0.0269084	-0.0326901	0.0277584	-0.000539469	-0.0238979	-0.0631945	0.0147225	0.163092
-0.0354538	-0.00413393	-0.00744131	-0.0212075	0.00287939	-0.00710683	-0.017063	-0.0607776	-0.00245482	0.152759
-0.0157491	-0.00432012	-0.000801651	-0.0146703	-0.00905039	0.0125613	-0.00876882	-0.0432844	-0.00902468	0.0931082
-0.00465796	-0.00255751	-0.00197373	-0.00548458	-0.00875521	0.0155614	-0.00412923	-0.0271345	-0.00533784	0.0444692
-0.000859702	-0.000575168	0.0140404	-0.00249725	-0.00332489	0.0079354	-0.00154526	-0.0120449	-0.00225778	0.00112914
-1.15669e-05	0.000559273	0.0095227	-0.00012401	0.000894077	-0.000696903	-0.000165895	-0.00497859	-0.00100111	-0.00399797
-2.88099e-07	0.000110526	0.00162576	-4.72409e-06	-1.98718e-05	-1.1671e-05	-8.3291e-06	-1.35908e-06	-0.000225209	-0.00146483
0.0	0.0	0.0	0.0	0.0	0.0	0.0	0.0	0.0	0.0
0.0	0.0	0.0	0.0	0.0	0.0	0.0	0.0	0.0	0.0
0.0	0.0	0.0	0.0	0.0	0.0	0.0	0.0	0.0	0.0
-1.69018e-06	-6.43976e-08	-5.6375e-07	0.000225177	-2.44289e-08	-1.98808e-06	-2.46787e-08	-0.0001812	-1.72908e-06	-3.78919e-05
-8.37428e-05	-0.000238114	-0.00281682	7.08252e-05	-5.79006e-05	0.00176812	-3.25787e-05	0.00463095	-0.00139202	-0.00184872
-0.00142717	-0.00285141	-0.00970199	0.00724675	-0.00160035	0.0017889	-0.000515975	0.0247819	-0.0174792	-0.000241531
-0.0041868	-0.00683534	-0.0179525	0.0218443	-0.00418554	-0.00605498	-0.00118887	0.0421315	-0.0336474	0.0100757
-0.0141677	-0.0145204	-0.0273768	0.0417544	-0.0118474	-0.0115627	-0.00369643	0.0695361	-0.0435727	0.0154536
-0.0287334	-0.033376	-0.0483048	0.059174	-0.0352109	-0.015868	-0.00688024	0.116124	-0.0576469	0.0507224
-0.047941	-0.0423301	-0.0740073	0.0732181	-0.0677447	-0.00629167	-0.0164003	0.184416	-0.0907765	0.0878574
-0.0659992	-0.0608587	-0.0793194	0.0926868	-0.0792594	0.0107887	-0.0253215	0.206163	-0.112935	0.114055
-0.0750695	-0.0894699	-0.0769532	0.116244	-0.0938815	0.0195363	-0.0300601	0.182029	-0.112614	0.16024
-0.0724942	-0.0832001	-0.0714657	0.133918	-0.140531	0.0376804	-0.0323101	0.177302	-0.10147	0.15257
-0.087633	-0.075398	-0.0617494	0.126398	-0.151005	0.0469735	-0.0394996	0.18376	-0.100885	0.159038
-0.0875244	-0.0973741	-0.0477341	0.1053	-0.143093	0.0491755	-0.0400953	0.226887	-0.0885123	0.122971
-0.0814593	-0.0975379	-0.0313888	0.0613843	-0.149884	0.0190941	-0.0335119	0.224869	-0.0451075	0.133542
-0.0804778	-0.0888347	-0.0197475	0.0100562	-0.15027	0.0184397	-0.0317202	0.196456	0.00180065	0.144297
-0.0697262	-0.0551637	-0.0244163	-0.0122759	-0.153987	0.0117791	-0.0295115	0.161518	0.00137561	0.170407
-0.0613398	-0.0301577	-0.0251725	-0.0280561	-0.156102	0.0185782	-0.0236406	0.113681	-0.00311395	0.195323
-0.0468983	-0.0145529	-0.0339777	-0.0242112	-0.107052	0.00939076	-0.0201047	0.05588	-0.0104647	0.19199
-0.0285176	-0.00999158	-0.0431827	-0.000440259	-0.0848431	0.0031435	-0.0144038	0.00602707	-0.0101579	0.182366
-0.0234609	-0.00590072	-0.0288548	-0.00645189	-0.0498654	-0.000800693	-0.0085273	-0.0295531	-0.00880911	0.162224
-0.0181167	-0.00252232	-0.0191682	-0.0132384	-0.0306989	0.00204805	-0.00574814	-0.0255567	-0.00842535	0.121426
-0.00944129	-0.00118154	-0.0140134	-0.00579963	-0.0145195	0.0102681	-0.00291113	-0.0131685	-0.00549972	0.0562666
-0.00221672	-0.000307073	-0.00895235	-0.000813218	-0.00702151	0.0108899	-0.000888409	-0.00627016	-0.00192609	0.0175056
-0.000494562	-9.10523e-06	-0.00217951	-7.188e-05	-0.00269955	0.00685911	-0.000330364	-0.000969431	-0.000493089	0.000388384
-2.03883e-07	-1.32777e-06	0.00144471	-7.91247e-07	-1.75322e-05	-7.6524e-07	-3.89927e-06	-9.72026e-07	-0.000119503	-0.00129972
-2.43722e-07	-1.58722e-06	0.00172701	-9.45858e-07	-2.0958e-05	-9.1477e-07	-4.6612e-06	-1.16196e-06	-0.000142854	-0.00155368
0.0	0.0	0.0	0.0	0.0	0.0	0.0	0.0	0.0	0.0
0.0	0.0	0.0	0.0	0.0	0.0	0.0	0.0	0.0	0.0
0.0	0.0	0.0	0.0	0.0	0.0	0.0	0.0	0.0	0.0
0.0	0.0	0.0	0.0	0.0	0.0	0.0	0.0	0.0	0.0
0.0	0.0	0.0	0.0	0.0	0.0	0.0	0.0	0.0	0.0
-0.000110066	-0.000142962	-0.000348029	1.52066e-05	-0.000543882	-0.00060208	-2.61528e-05	0.00141906	-0.00164875	0.00198766
-0.000486449	-0.00115615	-0.00116206	0.00170107	-0.00150511	-0.00139136	-0.000214551	0.0058096	-0.00497384	0.00337887
-0.00410167	-0.00183236	-0.00302026	0.00290779	-0.0103257	-0.00370989	-0.000967456	0.0133769	-0.00701215	0.0146847
-0.00999109	-0.00253668	-0.00617337	0.00639297	-0.0172829	-0.00712637	-0.00177983	0.0300949	-0.00831133	0.0167136
-0.0175593	-0.00465371	-0.00909806	0.00268292	-0.0294092	-0.00973269	-0.00373119	0.0695968	-0.0156263	0.0175307
-0.0256404	-0.00971531	-0.00881257	-0.000289065	-0.0523934	-0.0104342	-0.00512336	0.0936082	-0.0266847	0.0454847
-0.0250943	-0.0140143	-0.00931151	-0.00018002	-0.0620813	-0.0110671	-0.00579305	0.0914157	-0.0348536	0.0709795
-0.0223972	-0.013027	-0.0103903	0.000106575	-0.0759977	-0.000501828	-0.00621892	0.102044	-0.0263312	0.0527135
-0.0191773	-0.0160788	-0.00915534	-0.00796469	-0.0869454	0.000894183	-0.00717523	0.0944103	-0.0291821	0.0803744
-0.0219484	-0.0268936	-0.0106417	-0.0130014	-0.0914089	-0.00638652	-0.0072818	0.130113	-0.033284	0.0807338
-0.025633	-0.0235053	-0.00820724	-0.0205294	-0.0985636	-0.0105865	-0.00625024	0.147523	-0.0303744	0.0761264
-0.0253912	-0.0163071	-0.00784215	-0.0222852	-0.0995964	-0.00345719	-0.00612717	0.148956	-0.028076	0.0601266
-0.0209964	-0.00853102	-0.00984443	-0.0111301	-0.0926971	-0.00400845	-0.00586259	0.115625	-0.0212087	0.0586535
-0.0174049	-0.00422842	-0.0109186	-0.00617291	-0.0771482	-0.00977177	-0.0055752	0.0851856	-0.0182568	0.0642912
-0.012965	-0.00410065	-0.0090253	-0.00711057	-0.0650314	-0.00598187	-0.0048447	0.0518954	-0.0148904	0.0720543
-0.00490054	-0.00225434	-0.00652057	-0.00397516	-0.05119	0.0010136	-0.00325581	0.0282071	-0.0103133	0.0531891
-0.00599862	-0.00130471	-0.0048276	-0.00504812	-0.0268085	0.0044015	-0.00223966	0.000381948	-0.006019	0.0474627
-0.00557384	-0.000658286	-0.00295508	-0.00285964	-0.013507	0.00480023	-0.00143663	-0.0020866	-0.0033493	0.0276261
-0.00518753	-0.000131795	-0.000679645	-0.000167386	-0.00523655	0.00206935	-0.00029953	0.00453307	-0.000702726	0.00580273
-0.000470317	-5.50426e-06	-2.60029e-05	-6.19697e-05	-0.000234617	1.13711e-05	-4.54241e-05	-0.000628579	-6.3201e-05	0.00152424
-5.01322e-08	-5.1613e-11	-7.46218e-08	-2.72224e-10	9.57206e-06	-6.22493e-08	-1.59127e-07	-6.75902e-06	-3.11534e-07	-2.15506e-06
0.0	0.0	0.0	0.0	0.0	0.0	0.0	0.0	0.0	0.0
0.0	0.0	0.0	0.0	0.0	0.0	0.0	0.0	0.0	0.0
0.0	0.0	0.0	0.0	0.0	0.0	0.0	0.0	0.0	0.0
0.0	0.0	0.0	0.0	0.0	0.0	0.0	0.0	0.0	0.0
0.0	0.0	0.0	0.0	0.0	0.0	0.0	0.0	0.0	0.0
0.0	0.0	0.0	0.0	0.0	0.0	0.0	0.0	0.0	0.0
0.0	0.0	0.0	0.0	0.0	0.0	0.0	0.0	0.0	0.0
-1.68511e-06	-3.15972e-06	-1.9002e-06	-3.68819e-07	-1.15863e-06	-5.47203e-07	-7.31536e-08	4.57004e-05	-2.38973e-05	-1.29102e-05
-2.89943e-05	-8.27067e-06	-5.28772e-06	-1.63106e-06	-4.52719e-06	-8.76939e-06	-8.09032e-07	0.000169846	-6.48576e-05	-4.66986e-05
-2.80459e-05	-7.17393e-06	-5.17447e-06	-1.90256e-06	-6.26007e-06	-9.82193e-06	-9.93794e-07	0.000181529	-5.84636e-05	-6.36928e-05
-9.7933e-05	-2.07915e-05	-1.5288e-05	-1.95922e-05	-0.000185761	-0.000197893	-3.00538e-05	0.000944169	-5.05166e-05	-0.00032634
-0.00029644	-4.34855e-05	-2.93074e-05	-5.03925e-05	-0.00119475	-0.000397018	-6.22236e-05	0.00339474	-0.00010652	-0.0012146
-0.000545962	-1.52484e-05	-1.48772e-05	-4.49685e-05	-0.00168136	-0.000140276	-2.00503e-05	0.00306515	-8.98484e-05	-0.000512563
-0.000357622	-0.000556799	-9.19156e-05	-0.000252535	-0.00295506	-0.000258643	-3.15869e-05	0.00478607	-0.00113828	0.000856381
-0.000590856	-0.000184443	-0.000102912	-0.00034368	-0.00323015	-0.000403081	-4.37309e-05	0.00230708	-0.000637914	0.00322969
-0.00228546	-0.000349133	-0.00018196	-0.00094728	-0.00805829	-0.000921423	-0.000348153	0.00873085	-0.00206469	0.00642554
-0.00358334	-0.000380566	-0.000209596	-0.00107392	-0.00510715	-0.0013701	-0.000344033	0.0175722	-0.00178956	-0.00371397
-0.00494785	-0.000486896	-0.000253594	-0.00166436	-0.0142076	-0.00375672	-0.000630068	0.0286029	-0.00252104	-0.000134776
-0.00450711	-0.000357876	-0.000573902	-0.00189947	-0.00912946	-0.00353224	-0.000712457	0.0339552	-0.00262911	-0.0106135
-0.00261418	-0.000223319	-0.000465804	-0.00211075	-0.00474701	-0.00222363	-0.000515311	0.0282507	-0.00128945	-0.0140612
-0.00316694	-0.000447323	-0.000315655	-0.00188741	-0.00399753	-0.00201561	-0.000459632	0.0241876	-0.00102419	-0.0108733
-0.00314081	-0.00102805	-0.000314907	-0.00130034	-0.00484024	-0.00181214	-0.000293876	0.0222836	-0.0010694	-0.00848384
-0.00163174	-7.43382e-05	-0.000316436	-0.000916055	-0.00395564	-0.00125235	-0.000189788	0.0143533	-0.00069029	-0.00532671
-0.00255707	-6.22317e-05	-0.000566819	-0.000463949	-0.00194105	-0.000641475	-0.000173539	0.00562412	-0.000531713	0.00131372
-0.00215474	-2.31972e-05	-0.000231547	-0.000196046	-0.000668413	-0.000251429	-6.58766e-05	0.00147332	-0.00025109	0.00236902
-0.005331	-4.67958e-05	-0.000374243	-0.000140631	-0.000723603	-0.00042462	-0.000163975	0.00522845	-0.000229129	0.00220555
-0.00121406	-2.2916e-06	-1.01705e-05	-1.37036e-05	-0.000101701	-7.44673e-05	-1.062e-05	0.00159812	-3.50643e-05	-0.000136043
0.0	0.0	0.0	0.0	0.0	0.0	0.0	0.0	0.0	0.0
0.0	0.0	0.0	0.0	0.0	0.0	0.0	0.0	0.0	0.0
0.0	0.0	0.0	0.0	0.0	0.0	0.0	0.0	0.0	0.0
0.0	0.0	0.0	0.0	0.0	0.0	0.0	0.0	0.0	0.0
