0.0	0.0	0.0	0.0	0.0	0.0	0.0	0.0	0.0	0.0
0.0	0.0	0.0	0.0	0.0	0.0	0.0	0.0	0.0	0.0
0.0	0.0	0.0	0.0	0.0	0.0	0.0	0.0	0.0	0.0
0.0	0.0	0.0	0.0	0.0	0.0	0.0	0.0	0.0	0.0
0.0	0.0	0.0	0.0	0.0	0.0	0.0	0.0	0.0	0.0
0.0	0.0	0.0	0.0	0.0	0.0	0.0	0.0	0.0	0.0
0.0	0.0	0.0	0.0	0.0	0.0	0.0	0.0	0.0	0.0
0.0	0.0	0.0	0.0	0.0	0.0	0.0	0.0	0.0	0.0
0.0	0.0	0.0	0.0	0.0	0.0	0.0	0.0	0.0	0.0
0.0	0.0	0.0	0.0	0.0	0.0	0.0	0.0	0.0	0.0
0.0	0.0	0.0	0.0	0.0	0.0	0.0	0.0	0.0	0.0
0.0	0.0	0.0	0.0	0.0	0.0	0.0	0.0	0.0	0.0
-3.45183e-06	-6.22067e-06	-0.000557234	-4.55013e-05	-0.00340147	-7.08072e-05	0.00475847	-6.64275e-06	-0.000124769	-0.000542373
-1.91368e-05	-1.47876e-05	-0.000873194	-0.000112127	-0.00758205	-0.000155623	0.0102942	-1.91208e-05	-0.000282453	-0.00123567
-1.28847e-05	-1.29806e-06	0.000386095	-1.3904e-05	-0.000149116	-6.45315e-07	-0.00013938	-5.09158e-06	-1.02945e-05	-5.34812e-05
-5.36862e-07	-5.40857e-08	1.60873e-05	-5.79334e-07	-6.21315e-06	-2.68881e-08	-5.8075e-06	-2.12149e-07	-4.28937e-07	-2.22838e-06
0.0	0.0	0.0	0.0	0.0	0.0	0.0	0.0	0.0	0.0
0.0	0.0	0.0	0.0	0.0	0.0	0.0	0.0	0.0	0.0
0.0	0.0	0.0	0.0	0.0	0.0	0.0	0.0	0.0	0.0
0.0	0.0	0.0	0.0	0.0	0.0	0.0	0.0	0.0	0.0
0.0	0.0	0.0	0.0	0.0	0.0	0.0	0.0	0.0	0.0
0.0	0.0	0.0	0.0	0.0	0.0	0.0	0.0	0.0	0.0
0.0	0.0	0.0	0.0	0.0	0.0	0.0	0.0	0.0	0.0
0.0	0.0	0.0	0.0	0.0	0.0	0.0	0.0	0.0	0.0
0.0	0.0	0.0	0.0	0.0	0.0	0.0	0.0	0.0	0.0
0.0	0.0	0.0	0.0	0.0	0.0	0.0	0.0	0.0	0.0
0.0	0.0	0.0	0.0	0.0	0.0	0.0	0.0	0.0	0.0
0.0	0.0	0.0	0.0	0.0	0.0	0.0	0.0	0.0	0.0
0.0	0.0	0.0	0.0	0.0	0.0	0.0	0.0	0.0	0.0
0.0	0.0	0.0	0.0	0.0	0.0	0.0	0.0	0.0	0.0
0.0	0.0	0.0	0.0	0.0	0.0	0.0	0.0	0.0	0.0
0.0	0.0	0.0	0.0	0.0	0.0	0.0	0.0	0.0	0.0
-4.87597e-09	-2.9898e-08	-8.25829e-06	-8.57722e-09	-4.00341e-05	-8.78087e-08	5.01764e-05	-6.1499e-08	-5.7066e-07	-1.12067e-06
-1.08651e-07	-8.82575e-08	-2.64738e-05	-3.91448e-08	-0.000282575	-2.65556e-07	0.000315931	-6.63676e-07	-1.70035e-06	-4.01661e-06
-1.95625e-05	-1.0763e-07	-0.000358033	-6.36571e-06	-0.0212187	-1.43121e-05	0.0218205	-5.14406e-05	-5.04749e-06	-0.000146859
-4.00097e-05	-4.93303e-05	-0.000796747	-1.49232e-05	-0.0460813	-2.67667e-05	0.0477053	-0.000304369	-4.29385e-05	-0.000348926
-5.75808e-05	-0.0023594	-0.00163558	-0.00012307	-0.0417618	-7.41934e-05	0.048824	-0.00158331	-0.000584328	-0.000644763
-0.000139447	-0.00196189	-0.00296224	-0.000149247	-0.0192645	-0.000111441	0.0265676	-0.000880237	-0.000635152	-0.000463411
-0.00160548	-0.00126055	-0.00467321	-0.000160415	-0.0349599	-0.000460044	0.0460852	-0.000667486	-0.00071575	-0.00158235
0.0129996	-0.000693569	-0.0152675	-0.000281681	-0.0560299	-0.000603612	0.0724132	-0.00454397	-0.0012165	-0.00677618
0.0283424	-0.00059644	-0.0160855	-0.000698095	-0.099101	-0.00385456	0.11518	-0.0103156	-0.00113682	-0.0117347
0.011915	-0.000413336	-0.0123178	-0.000468582	-0.0518449	-0.00364532	0.066536	-0.00299836	-0.00142602	-0.00533672
-0.000709704	0.012377	-0.00282656	-0.00358678	-0.0155437	-0.00163134	0.0163823	-0.000274246	-0.00240735	-0.00177964
0.0104735	0.0183986	0.0108154	-0.00464125	-0.0554419	-0.00203962	0.0316954	-0.000707528	-0.00207897	-0.00647365
0.0302381	-0.00446034	0.0402135	-0.00153185	-0.0608784	-0.00221853	0.0171004	-0.00144054	-0.00255823	-0.0144641
0.0138205	-0.00253846	0.0066828	-0.000538547	-0.0260256	-0.00153534	0.0216765	-0.000656741	-0.00214868	-0.00873634
-0.00118446	-0.00017981	-0.0135088	-0.000140608	-0.0109704	-0.00197404	0.0309701	-0.000129753	-0.00126201	-0.0016202
-0.000595805	-7.22702e-05	-0.00987747	-8.859e-05	-0.0155391	-0.00176397	0.0302173	-0.000159118	-0.000996762	-0.00112424
-0.000265715	-9.47083e-05	-0.00434657	-8.38669e-05	-0.0125892	-0.000877489	0.019759	-7.70845e-05	-0.000587216	-0.000837206
-0.00011435	-0.000227078	-0.0029656	-5.80501e-05	-0.0138729	-0.000184932	0.0184458	-8.59813e-06	-0.000668388	-0.000345958
-1.44803e-05	-1.96682e-05	-0.000323811	-4.82348e-06	-0.01793	-1.17309e-05	0.018598	-1.66933e-05	-9.86106e-05	-0.000178158
-2.2713e-06	-1.45851e-06	-0.000129166	-6.79105e-07	-0.00579951	-1.12888e-05	0.0061047	-2.29736e-05	-4.29072e-05	-9.44475e-05
0.0	0.0	0.0	0.0	0.0	0.0	0.0	0.0	0.0	0.0
0.0	0.0	0.0	0.0	0.0	0.0	0.0	0.0	0.0	0.0
0.0	0.0	0.0	0.0	0.0	0.0	0.0	0.0	0.0	0.0
0.0	0.0	0.0	0.0	0.0	0.0	0.0	0.0	0.0	0.0
0.0	0.0	0.0	0.0	0.0	0.0	0.0	0.0	0.0	0.0
0.0	0.0	0.0	0.0	0.0	0.0	0.0	0.0	0.0	0.0
-3.29988e-08	-5.68614e-10	-3.96674e-07	-1.83949e-09	-4.74792e-06	-6.94099e-07	7.04932e-06	-8.27285e-12	-8.22516e-07	-3.52622e-07
0.00152652	-4.44826e-10	-1.60585e-05	-5.94196e-07	-0.0013229	-5.55916e-05	0.00012414	-0.000103449	-7.14806e-06	-0.000144913
0.00057016	-1.58507e-06	-0.000550004	-9.70064e-07	-0.000687554	-1.0583e-05	0.000803686	-3.70733e-05	-2.68649e-05	-5.92115e-05
-0.000249977	-4.64626e-06	7.66185e-06	-0.000170326	-0.000713471	-3.6696e-06	0.00116245	-2.76245e-06	-1.70575e-05	-8.20595e-06
-0.0104398	-2.83367e-05	-0.00119249	-0.000956433	-0.0210442	-4.37523e-05	0.034399	-0.000385161	-0.000140145	-0.000168702
-0.0131765	-0.00133286	-0.0041286	-0.00199203	-0.0719665	-0.00074165	0.0959954	-0.00121816	-0.000710875	-0.000728243
-0.0121118	-0.0162235	0.00844622	-0.00636485	-0.0864344	-0.00266102	0.121942	-0.00304064	-0.00213404	-0.00141819
-0.0168784	-0.0306895	0.0472421	-0.0114956	-0.0800346	-0.00932821	0.116183	-0.0044906	-0.00766213	-0.00284552
-0.0158305	-0.0274178	0.0277724	-0.00357736	-0.16057	-0.0270125	0.24094	-0.00982172	-0.0148201	-0.00966225
-0.0261501	-0.0318333	0.0602206	0.0180598	-0.182981	-0.0530958	0.279358	-0.0210434	-0.0256555	-0.0168794
-0.0261371	0.00735203	0.0351583	0.0231565	-0.243801	-0.0593976	0.34171	-0.0192161	-0.0326537	-0.0261711
-0.0401633	0.0789079	0.0134375	-0.00218163	-0.18801	-0.0656063	0.28279	-0.0104106	-0.0428656	-0.0258978
-0.0726633	0.082556	0.0430877	-0.0079168	-0.122905	-0.0704176	0.227816	-0.0142346	-0.0415053	-0.0238172
-0.0794941	0.159773	0.0825733	-0.0366327	-0.163291	-0.0481899	0.175984	-0.0174885	-0.0461566	-0.0270756
-0.0608035	0.0970071	0.0866867	-0.0305418	-0.185935	-0.00502521	0.190827	-0.00933163	-0.0497957	-0.0330875
-0.0546467	0.0185661	0.015601	-0.0281783	-0.0952446	0.032456	0.177337	-0.00638086	-0.0362811	-0.0232287
-0.039986	-0.00653839	-0.018283	-0.0372781	-0.0676642	0.0347689	0.16374	-0.00379986	-0.00918554	-0.0157738
-0.0315402	0.0115977	-0.0617803	-0.019559	-0.0400131	0.00445671	0.175831	-0.00210229	-0.0259393	-0.0109511
-0.0209628	-0.00704712	-0.0283115	-0.0072308	-0.0274849	-0.0299637	0.137035	-0.00100994	-0.010602	-0.00442269
-0.0109249	-0.00696602	-0.0280218	-0.00718236	-0.0230217	-0.0290161	0.121196	-0.000674914	-0.00980407	-0.00558413
-0.0054775	-0.00300719	-0.0280838	-0.00512429	-0.0247447	-0.0150722	0.0917913	-0.00049283	-0.00704691	-0.00274182
-0.00268097	-0.00160276	-0.006903	-0.00149279	-0.0163882	-0.0144475	0.046653	-6.50344e-05	-0.00276051	-0.000312164
-0.000523096	-0.00050519	0.0226813	-0.000163012	-0.00203215	-0.00672991	-0.0113561	-2.70149e-05	-0.00131074	-3.40782e-05
-7.66783e-06	-2.21815e-05	0.0164333	-9.05988e-07	-0.000310424	-0.000681903	-0.014973	-2.67254e-08	-0.000435787	-1.413e-06
0.0	0.0	0.0	0.0	0.0	0.0	0.0	0.0	0.0	0.0
0.0	0.0	0.0	0.0	0.0	0.0	0.0	0.0	0.0	0.0
0.0	0.0	0.0	0.0	0.0	0.0	0.0	0.0	0.0	0.0
0.0	0.0	0.0	0.0	0.0	0.0	0.0	0.0	0.0	0.0
-7.3982e-08	0.00033025	-5.45482e-05	-1.6521e-05	-1.04789e-05	-3.61551e-06	-0.000175709	-8.79882e-09	-6.84191e-05	-8.75258e-07
0.00350948	7.85087e-05	-0.000128022	-1.99029e-05	-0.00431182	9.23141e-05	0.00180169	-0.000305004	-0.000236489	-0.000480755
-0.00524036	-5.50346e-05	-0.00183111	-0.00168383	-0.00207672	0.00729601	0.0045868	-0.000625411	-0.000166248	-0.000204102
-0.0327743	-0.00200949	0.000580725	0.0497249	-0.00406816	-0.0226469	0.0162259	-0.00150944	-0.00275229	-0.000771042
-0.0447601	-0.00194781	0.000481297	0.0400956	-0.0359287	-0.0161347	0.0673983	-0.00234361	-0.00571748	-0.00114271
-0.0504302	-0.0143056	0.0300142	0.0684643	-0.0716638	-0.0291928	0.0951584	-0.00936893	-0.0157769	-0.00289825
-0.0127623	-0.0435015	0.0954195	0.0797305	-0.142272	-0.0374577	0.117746	-0.0268059	-0.0222606	-0.00783466
-0.0400426	-0.0642271	0.260981	0.0344388	-0.208738	-0.0594306	0.158681	-0.0342689	-0.0296751	-0.0177167
-0.0311961	-0.110476	0.254909	0.0950106	-0.246762	-0.0532038	0.234179	-0.0619925	-0.045255	-0.0352117
-0.00507762	-0.180049	0.323758	0.230836	-0.294809	-0.107886	0.264875	-0.0916024	-0.0862591	-0.0537853
-0.0207225	-0.100151	0.343812	0.297409	-0.417605	-0.087448	0.226045	-0.0723209	-0.0996709	-0.0693483
0.0531964	-0.0446188	0.395642	0.215482	-0.478841	-0.10066	0.232956	-0.07203	-0.103761	-0.0973651
0.0305657	-0.0544695	0.256431	0.369056	-0.375441	-0.0751494	0.207048	-0.0756907	-0.161706	-0.120645
-0.00387231	0.0265454	0.181088	0.343953	-0.375429	-0.00208565	0.189698	-0.0725611	-0.14672	-0.140617
-0.00131888	0.0486801	0.215329	0.273451	-0.316228	-0.0320266	0.107543	-0.058686	-0.114576	-0.122166
-0.0582027	-0.0676805	0.109561	0.231448	-0.219485	0.0633986	0.116951	-0.044415	-0.0488624	-0.0827132
-0.150246	-0.13226	-0.0852906	0.221256	-0.154737	0.173584	0.189849	-0.0373874	0.00971661	-0.0344846
-0.161941	-0.0981235	-0.126616	0.180159	-0.0343568	0.169247	0.196659	-0.0217378	-0.0695414	-0.0337484
-0.106908	-0.110108	-0.164521	0.163063	0.0149721	0.189895	0.108297	-0.0174817	-0.0494853	-0.027723
-0.101581	-0.0916135	-0.136507	-0.0295363	0.0197231	0.158389	0.198239	-0.00902473	0.00711708	-0.0152055
-0.073929	-0.0666909	-0.122727	-0.0691385	0.0160599	0.0759291	0.221153	-0.00300892	0.0271594	-0.00480683
-0.0386288	-0.042678	-0.0904479	-0.0389627	0.00961503	-0.030679	0.201925	-0.00112323	0.0330492	-0.00207001
-0.0173242	-0.0332777	-0.0130089	-0.0121389	-0.00763009	-0.0270153	0.107176	-0.000443145	0.00417047	-0.000507831
-0.0043326	-0.00959812	0.0124528	-0.000318113	-0.000347074	0.023397	-0.0218749	-4.90608e-06	0.000659506	-3.35089e-05
-0.00117005	-0.0126909	-0.000356466	-2.0666e-05	-0.000132858	0.00470896	0.011462	-1.66136e-07	-0.00179708	-2.7351e-06
0.0	0.0	0.0	0.0	0.0	0.0	0.0	0.0	0.0	0.0
0.0	0.0	0.0	0.0	0.0	0.0	0.0	0.0	0.0	0.0
-2.23108e-08	-1.86408e-08	-1.26456e-05	1.97888e-05	-1.41548e-07	-6.15731e-06	-2.45665e-08	-1.3516e-08	-7.5414e-07	-1.10627e-08
-2.4963e-05	0.00112862	-0.000503623	0.000582423	-2.96018e-06	-0.000502727	-0.000671393	-5.4313e-08	-3.87814e-06	-1.44316e-06
-0.000300983	6.5265e-05	-0.00389379	0.0108026	-0.000631584	-0.00420387	-0.00146107	0.000308866	-0.000549396	-0.000136057
-0.00676658	0.00342431	-0.0253911	0.0404496	0.0101898	-0.0265527	0.0102343	-0.00149081	-0.00358462	-0.000512226
-0.0516405	0.0243951	0.00627502	0.159896	0.0103792	-0.110155	0.00484905	-0.0168506	-0.0222822	-0.004866
-0.0554346	0.0148355	0.0799066	0.197897	-0.0274204	-0.135457	-0.00657916	-0.0198811	-0.0399237	-0.00794187
-0.0222599	-0.0281551	0.0692681	0.248041	-0.0459969	-0.13222	0.0155687	-0.0420251	-0.0426124	-0.0196078
0.00104125	-0.0507678	0.142442	0.34048	-0.145738	-0.25439	0.0819721	-0.0700896	-0.00204157	-0.0429065
0.0452216	-0.0761815	0.305193	0.328216	-0.233858	-0.233961	0.0365242	-0.123747	0.0455569	-0.0929607
0.0448768	-0.101615	0.287321	0.399691	-0.353164	-0.111184	0.0655177	-0.183583	0.0773304	-0.125192
0.0786161	-0.199362	0.336323	0.453489	-0.348711	0.0114602	-0.0414154	-0.221209	0.114498	-0.183688
-0.0196668	-0.0778137	0.330037	0.397328	-0.31313	-0.0340227	-0.073593	-0.225081	0.269626	-0.253682
0.00538871	0.157116	0.211201	0.429685	-0.238409	-0.190853	-0.0475716	-0.24117	0.177813	-0.263201
-0.0634142	0.179937	0.243846	0.346989	-0.323943	-0.0409708	-0.0544456	-0.276275	0.328401	-0.340127
0.0209644	0.0746079	0.116035	0.333892	-0.361192	0.217139	-0.0855666	-0.261747	0.327016	-0.381148
-0.0603943	0.0549952	0.088189	0.360071	-0.209701	0.130895	0.0311155	-0.246397	0.235547	-0.384321
0.0249578	-0.0178081	0.0263062	0.200198	-0.137677	0.156018	0.118803	-0.209236	0.104456	-0.266017
-0.0722164	-0.0950802	-0.023808	0.272927	-0.0967624	0.253366	0.0616354	-0.169179	0.0677593	-0.198641
-0.124514	0.103808	-0.132157	0.120698	0.085825	0.111917	0.0822138	-0.116766	0.0549537	-0.185979
-0.111655	0.102514	-0.136162	0.0122545	0.162725	-0.0955053	0.15124	-0.0862748	0.125934	-0.125069
-0.110191	0.065531	-0.247247	-0.0941447	0.153604	0.163532	0.217585	-0.0418248	0.00977391	-0.116618
-0.0940619	0.0045022	-0.288775	-0.0847655	0.185595	0.105679	0.297132	-0.0365962	-0.0210423	-0.0676652
-0.117892	-0.027307	-0.229595	-0.162488	0.183601	0.209979	0.243432	-0.0172773	-0.0562258	-0.0262257
-0.117748	-0.1188	-0.106325	-0.0309277	0.105899	0.224192	0.0261049	-0.00507551	0.0302834	-0.0076025
-0.0338993	-0.0615286	-0.00697215	-0.00347764	0.00510342	0.0752046	-0.0122663	-0.00116405	0.0411897	-0.0021895
-0.00299022	-0.00702238	-0.0027519	-9.03131e-05	-0.0105113	0.00897805	-0.00152522	-0.000291387	0.0170758	-0.000871105
-5.95705e-05	-0.00361585	-0.00230409	-2.17707e-05	-0.00207862	-0.00197456	0.0082664	-1.5935e-05	0.00188992	-8.59315e-05
0.0	0.0	0.0	0.0	0.0	0.0	0.0	0.0	0.0	0.0
0.0	0.0	0.0	0.0	0.0	0.0	0.0	0.0	0.0	0.0
-0.000142493	0.000113649	0.00016087	0.00176578	-5.46014e-05	-0.0016616	2.97181e-05	-6.85452e-06	-0.000202151	-2.32298e-06
-0.00251125	0.00394812	-0.0010503	0.0545721	0.000936413	-0.0266149	-0.0177293	-0.000547831	-0.00877581	-0.00222728
-0.0201511	0.00878969	0.00589171	0.135481	0.0101376	-0.10695	0.0120494	-0.00852289	-0.0274107	-0.00931434
-0.0773158	0.0620689	0.0144488	0.292224	0.0287283	-0.170263	-0.0907867	0.050884	-0.0800339	-0.029954
-0.0404491	0.0171848	0.0547597	0.339957	0.0134711	-0.222416	-0.0688164	0.0596345	-0.0855285	-0.0677963
-0.0357994	-0.0965023	0.127637	0.29224	-0.00309159	-0.122703	-0.068684	0.0515691	-0.0412894	-0.103376
-0.0029421	-0.228824	0.212545	0.206451	-0.0317626	-0.117066	0.05396	0.0758003	-0.0275931	-0.140568
0.0220734	-0.260269	0.164851	0.191318	-0.0421172	0.0531683	-0.00130504	0.0178043	0.0537747	-0.199299
0.137123	-0.178937	0.189768	0.190338	-0.177542	0.129245	0.022891	-0.112965	-0.0844289	-0.115493
0.102699	-0.212321	0.232204	0.181385	-0.145856	0.104282	-0.31499	-0.188527	0.166282	0.0748403
0.0251329	-0.135034	0.188976	0.114272	-0.107582	0.0177677	-0.232655	-0.176536	0.247258	0.0583996
0.165003	0.0178862	0.175722	0.125342	-0.235005	-0.0710382	-0.258082	-0.235325	0.193901	0.121596
0.193391	0.0910795	0.13776	0.0757277	-0.0879619	-0.113657	-0.0651184	-0.34427	0.203921	-0.0908733
0.171608	0.164028	0.189463	0.169798	-0.0793895	-0.106847	-0.159662	-0.392377	0.142001	-0.0986239
0.149165	-0.0590875	0.268791	0.254365	-0.00847835	0.047996	-0.144393	-0.351373	0.185393	-0.342378
0.284492	-0.124734	0.176258	-0.0108038	-0.0706008	0.110353	-0.0214629	-0.364446	0.322875	-0.301928
0.267826	-0.00232222	0.116721	0.00963749	0.0578601	0.100204	0.0959919	-0.357156	-0.0236646	-0.265097
0.0523135	0.0538161	-0.0103618	0.0721428	0.133137	0.0284555	0.13879	-0.388621	0.151827	-0.231501
-0.0659964	0.144506	-0.00209741	-0.0396386	0.075991	0.201871	0.0937398	-0.357082	0.181199	-0.232493
0.0024496	0.259275	-0.0220422	-0.152804	0.0984269	0.127447	0.102439	-0.230551	0.0514893	-0.23613
-0.0189889	0.216309	-0.150331	-0.140888	0.224507	0.228154	0.109492	-0.156043	-0.0638204	-0.248389
-0.170349	0.118459	-0.236499	-0.223829	0.342428	0.305504	0.217939	-0.0815856	-0.115953	-0.156114
-0.193357	0.0146729	-0.172444	-0.0747553	0.109665	0.318922	0.0905946	-0.0273113	0.000812749	-0.0667994
-0.0771758	-0.0842832	-0.0390409	-0.0172499	-0.0222722	0.195913	-0.0228193	-0.00849377	0.0971748	-0.0217522
-0.0215508	-0.014387	-0.0102457	-0.00154102	-0.0168205	0.0471084	0.016527	-0.00330083	0.00730727	-0.00309677
-0.00708426	-0.00467819	-0.00338638	-7.72824e-05	-0.000212134	0.00501656	0.0123395	-9.12097e-05	-0.00179568	-3.09121e-05
0.0	0.0	0.0	0.0	0.0	0.0	0.0	0.0	0.0	0.0
-2.41326e-06	-1.00628e-06	-1.88118e-05	0.000262497	-6.54914e-07	-2.70979e-05	-1.58983e-07	-5.70657e-06	-2.38243e-05	-0.000182823
-0.000826552	-0.00755299	-0.00299952	0.00287777	-0.00216317	0.00204081	-0.000917823	0.014663	-0.00258891	-0.00253265
-0.00243304	0.00363973	0.0102794	0.0896934	-0.0193988	-0.0830364	-0.0226151	0.0672891	-0.0264146	-0.0170035
-0.0302585	0.00727903	0.0702564	0.163136	0.0191128	-0.158739	0.00571185	0.0428607	-0.059407	-0.0599515
-0.0362133	-0.0237752	0.0899794	0.251067	0.104327	-0.162101	-0.0759609	0.102101	-0.083867	-0.165556
-0.0224856	-0.0739006	0.16553	0.266077	0.0954986	-0.117782	-0.155497	0.172548	-0.116161	-0.213827
-0.0220238	-0.173195	0.15218	0.134774	0.08146	0.0110407	-0.0392093	0.192353	-0.0679396	-0.269441
-0.0436458	-0.283092	0.102045	0.175559	-0.00743361	0.0417865	-0.0248031	0.231762	0.0347407	-0.226918
-0.135088	-0.361541	0.214555	0.268269	0.0149311	0.00107572	-0.107049	0.166742	0.0401925	-0.102087
0.0140373	-0.201822	0.178596	0.284892	-0.129286	0.0145292	-0.235906	0.229466	-0.0818859	-0.072621
0.0193136	-0.10239	0.0240501	0.161492	-0.211148	-0.0315912	-0.2357	0.270765	0.0207583	0.0844493
-0.0494766	-0.180292	0.0617243	0.0820275	-0.159412	-0.00321001	-0.156424	0.133605	0.205008	0.0664496
0.176415	-0.190846	0.0884738	0.290019	-0.296956	-0.0461491	-0.287593	-0.0784809	0.0465563	0.298562
0.148742	-0.139181	0.0716996	0.166783	-0.370563	0.0990181	-0.224659	-0.0913568	0.0389079	0.300609
0.0298438	-0.222934	0.0845198	0.14965	-0.366797	-0.0379187	-0.122364	-0.00858255	0.28239	0.212194
0.0833355	-0.208037	0.128095	0.201446	-0.336924	-0.0800692	-0.191587	0.00317193	0.103494	0.297073
0.183692	-0.260676	0.0111269	0.0530391	-0.208425	-0.00190521	-0.17116	0.0386137	0.128203	0.227492
0.284323	-0.102408	-0.00572917	0.200271	-0.263509	0.0565013	-0.247906	-0.0394711	-0.104346	0.222275
0.133012	-0.140304	-0.0892885	-0.0765273	-0.0499769	0.177451	-0.139658	-0.0918938	0.256854	0.0203324
0.0940221	0.0609585	-0.144085	0.0504973	-0.123799	0.135435	-0.0737056	-0.12007	0.124948	-0.00420085
0.229928	0.113454	-0.0868593	0.00614629	-0.00976493	0.0245686	-0.0758532	-0.0725576	-0.00736385	-0.121698
0.241886	0.107798	-0.164569	-0.143441	0.260838	0.169927	-0.0370981	-0.131088	-0.0384189	-0.265834
-0.0328517	0.0756991	-0.324759	-0.202225	0.408869	0.329509	0.00900812	-0.149237	0.149439	-0.263453
-0.280384	-0.0106909	-0.18758	-0.0943757	0.136185	0.587604	0.00656895	-0.0735443	0.0774674	-0.16125
-0.182878	-0.0742774	-0.0540181	-0.0372978	-0.0104649	0.347288	-0.0288258	-0.0327144	0.129277	-0.0560879
-0.079649	-0.00811271	-0.00770532	-0.00425804	0.0244578	0.125585	-0.0282607	-0.0105648	0.00521574	-0.0167074
-0.0205906	-0.00031251	-0.000463974	-0.000353028	-0.00100189	0.0289783	-0.00145269	-0.00062536	-0.0034827	-0.000695547
0.0	0.0	0.0	0.0	0.0	0.0	0.0	0.0	0.0	0.0
-0.000193619	-0.000566982	-0.000843501	0.00772374	-0.000429969	-0.00107061	-8.21418e-05	0.00312803	-0.00207543	-0.00558952
-0.000637777	-0.0110261	0.0120311	-0.00843275	-0.00335957	-0.0116152	-0.00387164	0.0423049	-0.00505867	-0.0103342
-0.00496834	-0.00682832	0.0334158	0.0647025	-0.0109133	-0.0984814	-0.0301952	0.136269	-0.0264847	-0.0565157
-0.0515444	-0.00416583	0.170841	0.282547	0.0541554	-0.317831	-0.00357971	0.0751399	-0.0428188	-0.162742
-0.0227726	-0.0824973	0.15032	0.365855	0.161668	-0.252693	-0.0693442	0.0941876	-0.037752	-0.306969
4.61781e-05	-0.158488	0.27397	0.172783	0.0929795	-0.0888313	-0.190283	0.222297	-0.0342571	-0.290216
-0.0504069	-0.204175	0.0437799	0.0692831	0.0960924	0.0844239	-0.0142046	0.23277	0.0432741	-0.300836
-0.144743	-0.371865	0.122707	0.0607081	-0.00708077	0.186842	-0.0354622	0.177803	0.113077	-0.101985
0.0110174	-0.311637	0.0548383	0.0740105	-0.0259421	0.0770982	-0.121499	0.263618	-0.0417547	0.0202519
0.03666	-0.179943	-0.0434033	0.00248992	-0.172034	0.195828	-0.198735	0.348177	0.0386626	-0.0277001
0.0753323	-0.201114	0.053715	0.00941451	-0.174943	0.151045	-0.116204	0.276388	-0.145812	0.0721784
0.0289249	-0.110061	-0.0154518	0.138192	-0.386228	0.0473941	-0.164579	0.209626	-0.0963324	0.348515
0.109165	-0.187131	0.22613	0.0907938	-0.340265	-0.123945	-0.254962	0.116858	-0.0815933	0.444953
0.0698984	-0.137102	0.114024	0.245568	-0.403674	0.124489	-0.163742	-0.0483558	-0.26937	0.468266
-0.00135441	-0.347386	-0.0127063	0.239346	-0.356546	-0.122713	-0.148925	0.0586805	0.17406	0.517543
0.0275081	-0.233505	0.0218158	0.0585412	-0.397179	0.0946496	-0.317472	0.173307	0.0595988	0.512737
0.204337	-0.195811	-0.203036	0.135562	-0.195777	0.0986236	-0.266624	0.259031	-0.128289	0.291985
0.237132	-0.253582	-0.0835496	-0.00462181	-0.232111	0.0635163	-0.301297	0.305636	0.0824118	0.186467
0.165887	-0.0927365	-0.0690148	0.0894474	-0.0777028	0.0928671	-0.312324	0.186577	-0.0597947	0.0767949
0.0222363	0.0187544	-0.160082	0.0346093	-0.130025	0.118227	-0.266862	0.214551	0.0377975	0.110793
0.0637971	-0.0326547	-0.0260216	-0.118444	-0.0573933	0.174818	-0.222219	0.0889887	0.108208	0.0209198
0.139932	-0.0313719	0.0356193	-0.16694	0.183408	0.188488	-0.271357	0.0579799	0.0310746	-0.166833
0.14839	-0.0826809	-0.355288	-0.248099	0.323081	0.376889	-0.199788	-0.0152492	0.312317	-0.259573
-0.148775	-0.21664	-0.272872	-0.181675	0.120714	0.660688	-0.0187772	-0.0658267	0.337281	-0.214116
-0.215834	-0.121577	-0.0690965	-0.0495684	-0.00652236	0.601219	-0.0714908	-0.0548586	0.0776723	-0.0899432
-0.0889608	-0.00589763	-0.0109078	-0.00359715	0.0317128	0.135541	-0.0268962	-0.0109789	0.00952398	-0.0295385
-0.00722872	-0.00261334	-0.000690978	-0.000229744	-0.00127327	0.0173127	-0.00546562	-0.000447564	0.00141367	-0.000777098
0.00617405	-2.2448e-07	-0.000135538	-4.93318e-07	-0.000201992	-3.94256e-06	-6.30503e-06	-0.00384164	-1.19634e-05	-0.00197194
-0.000271901	-0.00051195	0.00102827	-0.00452083	-0.00745523	-0.00106716	-0.000255999	0.034722	-0.00229982	-0.0193674
-0.000439806	-0.00677458	0.00585842	-0.00737011	-0.000725196	-0.014811	-0.00394328	0.0801551	-0.0077104	-0.0442391
-0.00101128	-0.00250461	0.0311885	0.0776378	-0.0152435	-0.105673	-0.0283196	0.212014	-0.0174109	-0.150676
-0.0787922	-0.019198	0.186975	0.327615	0.0152862	-0.40902	-0.00922849	0.226817	-0.00160734	-0.238845
-0.0590263	-0.0640805	0.121506	0.242093	0.120566	-0.293478	-0.113449	0.223615	0.0794254	-0.257169
-0.0515509	-0.160453	0.109043	0.112173	0.028207	-0.12662	-0.190358	0.215245	0.168402	-0.104088
-0.0794069	-0.193645	0.0750888	0.0661512	0.0114959	-0.0973046	-0.110336	0.364676	0.177767	-0.214486
-0.059657	-0.358908	0.0778853	-0.00380514	-0.119567	0.139877	-0.092073	0.24832	0.0264106	0.141517
0.117649	-0.392968	0.055145	-0.011446	0.0430587	0.0731929	-0.129615	0.195406	0.138783	-0.0892059
0.0355176	-0.262221	0.259609	0.0240324	-0.166716	0.128993	-0.203773	0.153913	0.0832771	-0.0526322
0.0129473	-0.230044	0.116433	-0.00192377	-0.0970563	0.15641	-0.177309	0.314015	-0.0417281	-0.0517419
0.138948	-0.086001	-0.0184261	0.103393	-0.249068	-0.0159035	-0.202264	0.34917	0.167829	-0.187676
0.0297763	-0.0175653	-0.0208082	0.105257	-0.256913	-0.105877	-0.237884	0.127495	0.219365	0.157155
0.185926	-0.0120247	0.0598121	0.213863	-0.398127	-0.110027	-0.35944	0.235162	-0.160481	0.34534
0.247468	0.010995	0.0325946	0.225029	-0.345104	-0.19369	-0.422641	0.291087	-0.0892466	0.24351
0.435961	-0.185473	-0.0273248	0.0997006	-0.42715	-0.0513622	-0.438392	0.254947	0.125163	0.213934
0.283945	0.0553298	-0.0480562	0.144166	-0.224951	-0.0189233	-0.405403	0.230028	-0.0423523	0.0262196
0.142518	-0.154268	-0.152977	0.260999	-0.0589715	-0.0322575	-0.56306	0.350588	0.0851009	0.122327
0.0969482	-0.120535	0.108996	0.137523	-0.081098	0.0866716	-0.514691	0.162741	0.124595	-0.00115103
0.154758	-0.179512	-0.0327821	0.128168	-0.0696287	0.221534	-0.377728	0.187323	0.0843976	-0.11653
0.0553835	-0.196793	-0.0825697	0.0818959	-0.0560257	0.168813	-0.298833	0.0191485	0.144273	0.164707
0.202711	-0.215051	-0.0521205	0.149295	-0.0392838	0.102646	-0.388429	0.150454	0.1259	-0.0361219
0.343619	-0.33836	-0.112851	-0.377829	0.100256	0.591881	-0.381637	0.0560349	0.320676	-0.20179
0.00787934	-0.333196	-0.306214	-0.29135	0.03696	0.964519	-0.234756	-0.103253	0.439675	-0.180263
-0.210209	-0.14242	-0.104828	-0.0663455	0.0170155	0.708473	-0.139859	-0.0810245	0.121879	-0.10268
-0.0738635	-0.0120549	-0.0144736	-0.00479982	-0.0325626	0.189778	-0.072954	-0.0145337	0.0633505	-0.0278861
-0.00507609	-0.00195015	-0.00140758	-6.58818e-05	-0.00122293	0.0103442	-0.00655848	-0.00321936	0.0103673	-0.00121105
-2.99928e-06	-7.05478e-06	-6.25804e-06	-9.95176e-05	-0.000387454	-4.65214e-05	-2.76618e-06	0.00156666	-1.93396e-05	-0.000994752
-0.000440439	-6.23587e-05	-0.000659168	-0.00413333	-0.00792089	-0.00106332	-0.000135821	0.041907	-0.00154117	-0.0259505
0.00236977	-0.00442848	-0.00636299	0.0210432	-0.00656472	-0.0075499	-0.00538108	0.0877984	-0.0174203	-0.0635037
0.00863865	-0.004609	0.0428007	0.116768	-0.086158	-0.114839	-0.0360396	0.268721	-0.031079	-0.164203
-0.056717	-0.0451476	0.139519	0.363801	-0.125139	-0.336924	-0.00882175	0.327595	0.02629	-0.284454
-0.0515208	-0.14525	0.254254	0.169249	-0.0450001	-0.268692	-0.167194	0.241864	0.110882	-0.0985921
-0.0808404	-0.178405	0.0670778	0.0828579	-0.0950205	-0.0885762	-0.174373	0.154504	0.188774	0.124001
-0.102766	-0.167461	0.000668146	0.117721	-0.0850596	0.0139629	-0.0298411	0.124723	0.142036	-0.0139832
-0.0865449	-0.256961	-0.0409631	0.067074	-0.0486996	0.167857	-0.0547215	0.0860393	0.1378	0.0291202
0.0461165	-0.337047	0.100272	-0.00853289	0.00115472	0.0581142	-0.166228	0.127506	0.217074	-0.0384292
0.10343	-0.212371	0.224928	-0.162757	-0.192959	0.190472	-0.24832	-0.0111411	0.121204	0.187515
-0.0495922	-0.102726	0.0902777	-0.317873	-0.0755884	0.322052	-0.15999	0.130123	0.0751181	0.0881984
0.0220778	-0.0893444	0.0433465	-0.227898	-0.0828192	0.196709	-0.227006	0.325822	0.0223109	0.0168027
0.205781	0.0441602	0.0815077	-0.0830728	-0.147324	-0.0674962	-0.370454	0.244393	0.0607559	0.0317509
0.0513503	0.206298	0.155383	0.253307	-0.610467	-0.217145	-0.243237	0.44858	-0.224653	0.180584
-0.0455629	0.436047	0.196801	0.395045	-0.405392	-0.368609	-0.408618	0.374443	-0.439432	0.265282
0.212047	0.142245	0.212494	0.283601	-0.117263	-0.382092	-0.533988	0.320203	-0.160291	0.0230433
0.329442	0.0254275	0.0205022	0.169197	-0.123288	-0.212553	-0.634797	0.417861	-0.000812356	0.00902263
0.257277	-0.129839	0.0621925	0.082086	0.00571539	-0.0760214	-0.599205	0.259563	0.000193982	0.138039
0.249774	-0.231431	-0.0125681	0.179861	-0.0453512	-0.0806065	-0.532853	0.295551	0.103628	0.073996
0.177044	-0.297767	-0.0723773	0.272314	0.0130184	0.0227272	-0.350766	0.114412	0.113246	0.00815116
-0.0413635	-0.29281	-0.130419	0.211834	-0.00692895	0.244014	-0.248005	0.252419	0.140451	-0.129192
0.0638552	-0.359509	0.00485946	0.24029	-0.0449916	0.261749	-0.423735	0.190301	0.139403	-0.0722232
0.424358	-0.374058	-0.12716	-0.190306	-0.0692249	0.637191	-0.336636	-0.0462951	0.304575	-0.222445
0.16584	-0.247731	-0.29491	-0.259207	-0.228352	1.20278	-0.284191	-0.0875101	0.23308	-0.199803
-0.198878	-0.108142	-0.0840694	-0.0457116	-0.160049	0.916865	-0.230891	-0.0405797	0.0611132	-0.109657
-0.0696174	-0.0138544	-0.00691979	-0.00753751	-0.0537112	0.211481	-0.0924021	0.00202924	0.0695052	-0.0389726
-0.00113818	-0.00190714	-0.000985322	-0.000361496	-0.00482196	0.0138877	-0.00501956	0.0261822	-0.023164	-0.00267215
-4.66979e-06	-8.25725e-06	-1.26104e-05	-0.000162552	-0.000453108	-5.99508e-05	-3.26974e-06	0.00218891	-2.71371e-05	-0.00145735
-0.000486939	-3.03316e-05	-0.000212101	-0.00279353	-0.00744168	-0.000976477	-4.76309e-05	0.0398398	-0.000854878	-0.0269962
0.0168552	-0.00233696	-0.00427208	0.00976063	-0.0269483	-0.00819179	-0.01607	0.125689	-0.0138739	-0.0806122
-0.00352764	-0.0256623	0.0558486	0.170465	-0.0954804	-0.0987276	-0.0414203	0.242903	-0.0593479	-0.145048
-0.040494	-0.057055	-0.016611	0.190715	-0.126886	-0.164313	-0.0570266	0.339957	0.119222	-0.187508
-0.0103401	-0.151397	0.19142	0.00284241	-0.147984	-0.132559	-0.141305	0.245282	0.086947	0.057094
-0.0693199	-0.242012	0.212895	-0.0518513	-0.147025	-0.00557293	-0.113314	0.0780474	0.146804	0.191347
-0.0974071	-0.210071	-0.0639839	-0.0955045	-0.0771567	0.180611	0.0343343	0.0681212	0.22511	0.0359451
-0.0599928	-0.194731	-0.0525628	-0.244696	0.00582537	0.297045	0.0295557	-0.10818	0.181594	0.146144
0.0447867	-0.243974	-0.158618	-0.432215	0.164329	0.330619	-0.139967	0.0352197	0.283581	0.116239
-0.0838482	-0.0671834	-0.0647252	-0.461639	0.06003	0.241811	-0.0810129	-0.00928146	0.28396	0.181888
0.0163872	0.0275018	-0.0356041	-0.498503	0.0740888	0.249919	-0.120893	-0.131757	0.230594	0.188268
-0.000540326	-0.0103766	-0.0849896	-0.467043	0.236766	0.349183	-0.243908	-0.160127	0.220496	0.160542
0.0885005	0.238463	-0.192664	0.0363739	-0.251545	0.192794	-0.106569	0.169347	0.0329982	-0.207698
-0.00849579	0.529118	-0.0213182	0.21279	-0.803709	0.0670625	-0.274149	0.356026	-0.0331929	-0.0241292
-0.154302	0.701075	-0.12702	0.18869	-0.146806	-0.0981843	-0.493482	0.482716	-0.283253	-0.0694349
-0.00657732	0.257978	0.00326685	0.261341	-0.0791613	-0.243534	-0.461383	0.587645	-0.337869	0.0182956
0.270033	0.0664333	0.127132	0.219957	0.010598	-0.403759	-0.460984	0.324718	-0.167984	0.0138595
0.242123	-0.192414	0.0731715	0.205516	-0.0364203	-0.384073	-0.452445	0.344474	0.12468	0.0753892
0.0875112	-0.204718	-0.0455275	0.235505	0.0828759	-0.317144	-0.421834	0.374545	0.193911	0.0148741
0.163471	-0.327141	-0.118785	0.340613	-0.119098	-0.193002	-0.254852	0.383506	0.134667	-0.00938023
0.0956341	-0.302516	-0.106876	0.179003	-0.0706808	-0.0368847	-0.229451	0.39695	0.137718	-0.062895
0.196511	-0.317486	-0.0561617	0.116454	-0.125989	0.0748319	-0.285123	0.226486	0.191762	-0.0212843
0.425058	-0.284741	-0.118657	-0.0978998	-0.377028	0.600513	-0.14826	-0.147439	0.252763	-0.104308
0.225407	-0.205102	-0.218354	-0.175626	-0.315921	1.24395	-0.225794	-0.116275	0.0133519	-0.225639
-0.201148	-0.0736017	-0.0488325	-0.024998	-0.202357	1.05994	-0.29367	-0.030356	-0.0915949	-0.0933848
-0.0875436	-0.0174743	0.0102981	-0.00475234	-0.063857	0.279032	-0.0906786	0.000513771	0.0111175	-0.0366553
-0.000572614	0.000660772	-0.000522845	-0.000125829	-0.0012448	0.00696058	-0.0119203	0.00605355	0.00575692	-0.00504544
-2.88628e-05	-3.42228e-06	-1.39512e-05	-0.00010486	-7.88003e-05	-7.04158e-05	-4.24086e-06	0.00105262	-3.39493e-05	-0.000714119
0.00427851	0.000283718	-0.000436941	-0.0020612	-0.0176394	-0.00594068	-0.000164118	0.0611123	-0.00119796	-0.0382342
-0.00423741	-0.000188735	-0.00495924	0.00872051	-0.0838788	-0.0130292	-0.00114122	0.236018	-0.00917002	-0.128133
-0.0110695	-0.017593	-0.028433	0.148858	-0.089595	-0.108366	-0.0459013	0.306714	-0.0137538	-0.14086
-0.126294	-0.0315049	-0.115856	0.118807	-0.177648	-0.0703867	-0.044722	0.384552	0.0671646	-0.004111
-0.0986555	-0.0835083	-0.110051	-0.12948	-0.109156	-0.0236509	-0.0188063	0.166621	0.185048	0.22164
-0.00980321	-0.207602	-0.197148	-0.272788	0.0103049	0.211933	-0.0204085	0.0392413	0.199673	0.246598
-0.00981587	-0.217946	-0.334864	-0.444445	0.015764	0.174604	0.144419	0.143692	0.406591	0.122
-0.0325468	-0.20504	-0.390964	-0.426432	0.155018	0.191418	0.0496441	-0.0718701	0.286982	0.44379
-0.129975	-0.236893	-0.444944	-0.448725	0.335023	0.17458	0.0910795	0.123962	0.37074	0.165149
-0.0532686	-0.144117	-0.690939	-0.338538	0.398704	0.129484	0.0265194	0.199841	0.222599	0.249714
-0.0675617	-0.139019	-0.610506	-0.202085	0.234721	0.106676	-0.0443114	0.173435	0.195785	0.352866
-0.144801	-0.082452	-0.688394	-0.0654444	0.427964	0.268606	0.0925353	-0.065637	0.179657	0.0779661
-0.043844	0.285262	-0.752013	0.225365	-0.587678	0.515627	0.131089	0.037708	0.224544	-0.0360597
-0.356132	0.715334	-0.512625	0.159884	-0.725309	0.123885	-0.233722	0.322289	0.4873	0.0190985
-0.585458	0.707985	-0.421255	0.221609	0.188747	-0.144025	-0.53098	0.42541	-0.0223784	0.160348
-0.507735	0.208199	-0.18593	0.0589523	0.367024	-0.156556	-0.281214	0.438333	-0.212686	0.271614
-0.0766376	-0.0588164	-0.272705	0.266477	0.116075	-0.14304	-0.341165	0.344162	-0.210723	0.376375
-0.0824568	-0.0480166	-0.0952628	0.150369	-0.040933	-0.123041	-0.269939	0.434805	-0.182963	0.257437
0.0674863	-0.172503	0.120059	0.167794	-0.0232684	-0.361988	-0.216936	0.223829	-0.0047608	0.200285
0.163012	-0.200976	-0.112021	0.286899	-0.186207	-0.574128	-0.124389	0.285113	0.00883387	0.453863
0.242478	-0.198955	-0.0261562	-0.0497878	-0.157411	-0.476481	-0.0112497	0.302004	0.0764114	0.299148
0.223667	-0.166029	-0.0692346	-0.0690505	-0.212332	-0.439562	0.0100454	0.179433	0.285864	0.257199
0.320857	-0.133801	-0.118018	-0.161314	-0.353402	0.0137522	0.208799	-0.141207	0.379932	-0.0155967
0.287152	-0.107705	-0.0916714	-0.130206	-0.295962	0.422084	-0.0421485	-0.116622	0.246229	-0.171148
-0.118531	-0.0559562	0.0396596	-0.00585251	-0.136816	0.602715	-0.253673	-0.0445503	0.0572495	-0.0842451
-0.0566195	-0.01466	0.0153183	-0.00235958	-0.0200173	0.1658	-0.127073	-0.00981561	0.0753596	-0.0259327
-0.000384051	0.00283926	-0.000490095	-4.76952e-05	-0.000846761	0.00416314	-0.00717536	0.00079755	0.00349615	-0.00235214
-1.33e-06	-3.24453e-08	-5.16753e-06	-2.92464e-05	-1.63548e-06	-9.03771e-06	-1.71729e-08	0.00115956	-1.56347e-05	-0.00109746
-4.25753e-05	-0.000134144	-2.73433e-05	-0.00232778	-0.0278171	-0.00767005	-0.000214228	0.0641063	-0.000776523	-0.0250966
-0.00477374	-0.00144711	-0.00153112	-0.00650956	-0.0944132	-0.0116538	-0.00115947	0.245599	-0.00576568	-0.118346
-0.0248867	-0.00136364	-0.0908527	0.0205797	-0.145889	-0.0413789	-0.0387858	0.388008	0.0303677	-0.0957974
-0.108939	0.00178249	-0.194537	-0.0389546	-0.242812	0.00898344	-0.0643157	0.384253	0.0249403	0.2296
-0.0304911	-0.0463414	-0.466465	-0.216382	-0.0658554	0.0441165	-0.00139837	0.209383	0.220661	0.352774
0.152216	-0.0876702	-0.765412	-0.335336	0.125745	0.247091	0.143794	0.0433703	0.15848	0.317721
0.0414324	-0.121324	-0.839692	-0.361658	0.248947	0.153809	0.198856	0.283991	0.232326	0.163311
-0.0255533	-0.157587	-0.514923	-0.34292	0.37437	0.0562351	0.135398	0.281172	0.0236152	0.170191
-0.0313804	-0.157113	-0.520643	-0.14793	0.256163	-0.0393513	0.177328	-0.0117076	0.152291	0.322343
0.0015007	-0.312667	-0.610018	0.105745	0.470085	0.200961	0.017065	-0.036691	-0.111129	0.275149
0.0166991	-0.412421	-0.55289	-0.0855795	0.585925	0.174338	0.219049	-0.0423253	-0.0803027	0.177507
0.117047	-0.0168498	-0.552316	-0.0180721	0.7619	0.242169	0.20431	-0.572721	0.102634	-0.268102
-0.0325783	0.229194	-0.406199	0.108578	-0.0848323	0.302781	0.143485	-0.730927	0.45234	0.0181579
-0.564429	0.873207	-0.439121	0.459206	-0.427154	-0.0465918	-0.239614	-0.120766	0.260905	0.244358
-0.779592	0.50443	-0.444908	0.180505	0.220057	-0.0460797	-0.289474	0.331732	0.0485866	0.274746
-0.635762	0.110375	-0.257759	0.0694729	0.363782	-0.321442	-0.0869606	0.451052	-0.00295409	0.310196
-0.146413	0.106256	-0.309228	0.0148655	0.0458852	-0.353834	-0.13994	0.398371	0.0288179	0.355222
-0.0222971	-0.0239205	-0.211111	0.106909	0.00215238	-0.266186	-0.196458	0.333759	-0.0773489	0.354502
0.0747498	-0.170479	0.105796	-0.0356708	0.0943511	-0.285919	-0.260639	-0.0308982	0.131834	0.376876
0.0518513	-0.13684	-0.077495	-0.0755606	0.0956278	-0.431723	-0.10509	0.0597512	0.208029	0.411449
0.136754	-0.0843764	-0.0143132	-0.434694	0.179102	-0.734801	0.110413	0.0836237	0.340234	0.418054
0.275421	-0.0730142	-0.101178	-0.340151	0.064989	-0.906009	0.320806	0.0146134	0.385735	0.358787
0.386126	-0.046441	-0.270823	-0.195018	-0.150966	-0.788274	0.538749	-0.116795	0.490645	0.152799
0.406926	-0.0413622	0.0603028	-0.0820737	-0.0969142	-0.594369	0.224069	-0.0930194	0.39981	-0.183366
-0.0100749	-0.0254101	0.170394	0.00387902	-0.0389801	0.0189371	-0.150398	0.0128385	0.106817	-0.0880027
-0.028325	-0.0158092	0.102922	-0.000405672	-0.0140231	0.0810643	-0.136844	0.01798	0.0213904	-0.0279495
-0.000176101	0.00213374	0.0108263	-5.69865e-05	-0.0056473	-0.00212965	-0.0067957	0.00879712	-0.00589026	-0.00106112
-6.43494e-09	3.65291e-05	-4.24794e-06	-1.19002e-05	-1.57127e-07	-1.38424e-06	-1.22619e-06	-5.95229e-06	-3.91934e-06	-7.73525e-06
0.000422578	-2.24519e-05	-2.20886e-05	-0.00131866	-0.0191243	-0.00149588	-0.000220364	0.0345494	-0.000192285	-0.0125759
-0.00218603	-0.000489884	-0.00061756	-0.00435104	-0.0573678	-0.0034854	-0.000517107	0.151749	-0.00163856	-0.0810962
-0.0128147	0.00549233	-0.109115	0.00300732	-0.119041	0.000735665	-0.0332333	0.290465	0.0183187	-0.0438146
-0.0301398	0.0118456	-0.343856	-0.138076	-0.112729	0.0615328	-0.0846514	0.233643	-0.0249114	0.427343
0.0125442	-0.0362923	-0.646667	-0.229435	0.153332	0.139022	0.0629972	0.0918293	0.0520672	0.400601
0.231556	-0.0731782	-0.865295	-0.3173	0.355674	0.0303627	0.308344	0.115178	0.0205911	0.194066
0.253338	-0.110155	-0.712886	-0.328661	0.31119	0.158221	0.0885107	0.139988	-0.0171653	0.217619
0.108647	-0.0502056	-0.379502	-0.190267	0.360123	0.0123589	0.0867809	-0.0189055	-0.106896	0.177865
0.0867699	-0.159596	-0.258359	-0.0701393	0.309518	0.0401316	0.118462	-0.129923	0.0224818	0.0406533
0.113983	-0.548305	-0.120095	-0.14256	0.41233	0.19747	0.185879	-0.0356219	-0.154196	0.091117
0.0754429	-0.602552	0.0390329	-0.204193	0.635063	0.290764	0.0760299	-0.356731	0.0691275	-0.0219867
0.0831558	-0.100631	-0.0588043	0.0809507	0.429906	0.398961	0.129846	-0.940711	0.25012	-0.272796
-0.381057	0.267207	0.118926	0.356983	-0.176942	0.222778	0.0286974	-0.94172	0.446118	0.0590102
-0.667817	0.653349	0.0013214	0.274729	-0.0949711	-0.0750562	-0.137525	-0.198146	0.00910308	0.235013
-0.795927	0.378006	-0.254358	-0.119565	0.325985	-0.251826	0.0633173	0.0734848	0.321183	0.259699
-0.598263	0.136816	-0.281996	0.05519	0.245942	-0.43356	0.054966	0.214578	0.155821	0.450507
-0.224977	0.206537	-0.145282	0.0485985	0.190495	-0.224085	-0.197397	0.130139	-0.114589	0.330563
-0.0743714	-0.204439	-0.202431	0.187432	0.17464	-0.132484	-0.173064	0.139623	0.0137106	0.271384
-0.0800893	-0.25185	-0.181706	-0.0313804	0.123408	-0.0359804	0.00828174	-0.0205647	0.0606446	0.409237
-0.216793	-0.161691	-0.151019	-0.420128	0.306722	-0.0304754	-0.074416	0.187444	0.201173	0.359186
0.0228827	-0.109262	-0.0208066	-0.433868	0.289182	-0.302689	0.185954	0.063793	-0.0600488	0.364861
0.235352	-0.100445	-0.0931337	-0.443382	0.206255	-0.408274	0.411119	-0.0341179	0.0705789	0.156047
0.382819	-0.088379	-0.122487	-0.201782	-0.0195045	-0.596065	0.656667	-0.00352432	0.171887	-0.179634
0.337624	-0.0720425	0.266442	-0.063734	-0.132126	-0.5173	0.297815	0.0245979	0.12618	-0.267453
0.0505572	-0.0421959	0.362545	-0.00526025	-0.00396301	-0.117131	-0.175145	0.0296362	0.0274037	-0.126447
-0.00884623	-0.0197683	0.233596	-0.000919957	-0.0127291	-0.0070165	-0.138234	0.00240474	-0.0131309	-0.0353565
-0.00136265	-0.000425112	0.0682091	-0.00196379	-0.0180451	-0.0183736	-0.0215713	-0.00360078	-0.00159354	-0.0012731
-3.40486e-05	-7.59328e-07	-1.12203e-05	-0.000942829	-4.46478e-05	0.00412629	-7.01208e-05	-3.31196e-05	-0.000136167	-0.00285338
-5.00525e-05	-6.89529e-06	-0.0079312	0.0082887	-0.00955392	-0.000726854	-1.26653e-05	0.0167187	-0.000562687	-0.00616309
-0.000645773	0.000632262	-0.00537981	0.00377404	-0.0236213	-0.00136304	-5.29638e-05	0.0788129	-0.000898806	-0.0512576
-0.0462219	0.0104782	-0.0899849	0.014239	-0.0234667	0.0107855	-0.0162535	0.137504	-0.0107055	0.0136254
-0.0353564	0.0140857	-0.24134	-0.061125	0.215793	0.0338487	-0.170841	0.0796944	-0.0857307	0.250974
0.192772	-0.0485256	-0.472672	-0.233148	0.386802	-0.0229734	0.0346322	0.0824471	-0.0525416	0.133206
0.198072	-0.0888129	-0.31153	-0.346905	0.338809	-0.051259	0.214689	-0.0196254	-0.147079	0.213643
0.356443	-0.121971	-0.0746529	-0.316563	0.363794	-0.02977	0.0720349	-0.0436506	-0.369424	0.16376
0.230685	-0.0602708	-0.103748	-0.174053	0.336758	0.0620819	0.145904	-0.185641	-0.311038	0.0593211
0.235373	-0.230319	-0.0630393	-0.0733679	0.272918	0.157434	0.243249	-0.287047	-0.26678	0.011579
0.0602689	-0.589582	0.0593638	-0.149361	0.314085	0.310411	0.244134	-0.224409	-0.0422176	0.0173076
0.141467	-0.565572	0.102171	-0.182921	0.41438	0.0408376	0.372645	-0.538902	0.246127	-0.0302315
0.0958056	0.0130969	-0.00737429	0.167637	0.260704	0.0742718	0.170935	-0.867652	0.256889	-0.16431
-0.334505	0.307564	0.231735	0.0801843	-0.180731	0.0436595	-0.0339221	-0.591824	0.444966	0.0328725
-0.695162	0.565005	0.0595516	0.132306	-0.0132061	-0.0708253	-0.0668901	-0.166726	0.241329	0.0146212
-0.707125	0.368163	-0.162105	0.0430249	0.183544	-0.143897	0.0682228	-0.0599994	0.213652	0.196521
-0.673495	0.193975	-0.104333	0.00484973	0.373684	-0.292208	0.134629	0.0287997	-0.0243352	0.358434
-0.188842	-0.20777	-0.241546	0.0571217	0.498134	-0.291652	-0.261366	0.267267	0.0675823	0.301072
-0.0694313	-0.469992	0.0072723	0.0150828	0.238767	-0.150402	-0.157281	0.447121	-0.0418132	0.180676
-0.129332	-0.363283	-0.0808393	-0.0767563	0.315483	-0.218268	-0.0411809	0.550091	-0.0274885	0.071572
-0.022264	-0.223288	-0.0146909	-0.242604	0.223974	-0.0362902	-0.0463448	0.317122	-0.176082	0.220469
0.136919	-0.1487	-0.111139	-0.077506	0.112863	-0.10304	0.127809	0.117694	-0.22441	0.169509
0.154988	-0.105844	-0.0861085	-0.247659	0.112573	-0.0153205	0.341028	0.234827	-0.297653	-0.0908326
0.351387	-0.0753246	0.0810358	-0.146028	-0.0271872	-0.17405	0.425283	0.195928	-0.260187	-0.370856
0.348469	-0.0391621	0.292828	-0.0291239	-0.142353	-0.231709	0.208971	0.0359859	-0.147645	-0.296259
0.0309027	-0.0264009	0.412333	-0.0201543	-0.0611461	-0.150938	-0.0957298	-0.0165639	0.00980822	-0.0821111
-0.00485602	-0.00415738	0.221369	-0.00908258	-0.040601	-0.0212552	-0.11911	-0.00351546	-0.00786677	-0.0109242
-0.000141998	-1.95822e-05	0.00702358	-0.00145067	-0.00196599	-0.000838413	-0.00223482	-4.40698e-05	-0.000300551	-2.74742e-05
-1.33254e-05	-3.39178e-07	-3.71985e-06	-0.00031065	-2.32888e-05	0.0013135	-2.35009e-05	5.72812e-05	-4.82549e-05	-0.000947699
-5.34896e-05	-7.32976e-06	-0.0170051	0.0189576	-2.65189e-05	-0.000636989	-6.63837e-06	-5.75782e-05	-0.00113268	-3.13394e-05
-0.00120559	0.00403174	-0.00776459	0.0199938	0.00844449	-0.00382409	-0.000233717	0.0199229	-0.0016825	-0.0376825
-0.0606757	0.00280363	0.0185125	0.0239927	0.0400492	-0.0190551	-0.052545	0.061618	-0.0142902	-0.000409805
0.0547513	-0.00736137	0.0530578	0.044961	0.176867	-0.0402736	-0.268751	0.00258948	-0.0939836	0.0781448
0.292971	-0.0841368	0.1463	-0.0509482	0.208548	-0.215422	-0.0289164	-0.107833	-0.204235	0.043672
0.0691198	-0.151552	0.224875	-0.103465	0.213965	-0.154121	0.189827	-0.0701635	-0.259117	0.0406318
0.300246	-0.137444	0.0290145	-0.233474	0.337132	-0.189571	0.232522	-0.142642	-0.262063	0.0662788
0.288028	-0.110784	-0.0551946	-0.275166	0.335405	0.00439662	0.211738	-0.307961	-0.182116	0.0916552
0.282471	-0.277719	-0.0037698	-0.234091	0.355696	0.141013	0.187901	-0.323166	-0.0369542	-0.0913805
0.262015	-0.448249	0.0164435	-0.192214	0.262037	0.124061	0.306375	-0.291576	-0.0770949	0.0382028
0.0782568	-0.215009	-0.0984575	-0.0659593	0.3405	0.0607659	0.39203	-0.506323	-0.0362564	0.0504542
-0.107658	0.116278	-0.0724989	0.0750885	0.186579	0.137763	0.186963	-0.631828	0.181619	-0.072304
-0.56764	0.412875	0.161905	0.103293	-0.120924	-0.0151843	0.108988	-0.336064	0.398476	-0.145724
-0.779769	0.63245	0.0671138	0.182044	0.0743385	-0.280146	0.188944	-0.286413	0.367757	-0.166318
-0.677891	0.113448	-0.0129972	0.168768	0.270073	-0.240657	0.0635765	0.0407091	0.0976831	0.177292
-0.471737	0.121067	-0.0259708	-0.0347402	0.528429	-0.165862	-0.0582314	-0.0707633	-0.0718513	0.249663
-0.207438	-0.489503	-0.110037	-0.0439936	0.457813	-0.223948	-0.0997157	0.502058	-0.137166	0.35193
-0.0410989	-0.494365	-0.14353	-0.115986	0.165594	0.144388	-0.0856716	0.539728	-0.0710708	0.102013
-0.0376208	-0.405342	-0.0419572	0.1055	0.183017	-0.0387585	0.00871113	0.367182	-0.183141	0.0424093
0.14933	-0.280986	-0.240409	0.270612	-0.0478143	-0.136102	0.114266	0.410976	-0.31988	0.0800099
0.0883364	-0.166082	-0.135919	0.175856	-0.0267822	-0.0123416	0.136251	0.338881	-0.315969	-0.08223
0.192015	-0.128334	-0.220071	0.152864	0.0963701	-0.0315014	0.0597609	0.367042	-0.227438	-0.260707
0.33027	-0.0853208	-0.00507619	0.125787	-0.0925278	0.0173803	0.189099	0.139993	-0.278946	-0.340657
0.253584	-0.0495574	0.46587	0.06076	-0.305945	-0.0382361	0.139477	-0.0110029	-0.246376	-0.268571
-0.00300271	-0.0225939	0.509555	-0.0375412	-0.130263	-0.101774	-0.0302109	-0.0759893	-0.020066	-0.0881136
-0.0082763	-0.00759525	0.23406	-0.0126376	0.011624	-0.034076	-0.119333	-0.0104765	-0.0192064	-0.0340833
-0.00129729	-0.000790616	0.0315167	-0.000527862	-0.00287751	-0.0125575	-0.00851774	-0.000407852	-0.00220361	-0.00233671
-1.24386e-05	-5.17422e-07	-2.62603e-07	-1.10629e-05	-4.95406e-05	-0.000214791	-3.09144e-06	0.00038929	-2.09664e-05	-7.66193e-05
-4.53315e-05	7.40131e-06	-0.00848393	0.0113452	-1.65866e-05	-0.000383768	-2.56989e-05	-0.000916794	-0.000603438	-0.000877063
-0.00338134	0.00323654	-0.00140282	0.0551176	-0.00826971	-0.0131919	-0.0013283	-0.00169821	-0.00394496	-0.0251369
-0.0519982	-0.00341657	0.168754	0.108494	-0.0578361	-0.00906252	-0.087598	-0.026808	-0.0140438	-0.0264842
0.0943543	-0.0185752	0.278083	0.220941	-0.0947898	-0.0558947	-0.293089	-0.0250853	-0.13903	0.0330871
0.364997	-0.117161	0.257829	0.0984421	-0.0225422	-0.138413	-0.0108276	-0.15096	-0.25692	-0.0244429
0.213853	-0.248319	0.347172	-0.0965673	0.0998715	-0.155463	0.22356	-0.0686427	-0.183328	-0.132137
0.184454	-0.256351	0.0922197	-0.230475	0.323284	-0.40457	0.335431	0.0280413	-0.0318482	-0.0401857
0.304119	-0.227881	-0.0929613	-0.369578	0.359087	-0.300281	0.264095	-0.161056	0.068259	0.156195
0.262215	-0.157647	0.131137	-0.175384	0.213111	-0.311096	0.3167	-0.200058	0.0850991	-0.164077
0.247689	-0.137054	0.142115	-0.221118	-0.0579775	-0.140747	0.427709	-0.424102	0.131069	0.0324194
0.0918854	-0.128145	0.166091	-0.0674489	-0.0583337	-0.134383	0.586725	-0.610579	0.0473971	0.106791
-0.269693	-0.141095	0.246545	0.0301416	0.0725349	-0.0149653	0.020795	-0.280734	0.407577	-0.0711055
-0.700225	0.39911	0.312611	0.229299	0.042383	-0.103518	0.0473501	-0.165204	0.181828	-0.243635
-0.672667	0.640912	0.0881	-0.00727587	0.320162	-0.275279	0.174171	-0.287449	0.0878333	-0.0685074
-0.459217	-0.0273631	-0.0703884	-0.17172	0.539971	-0.136153	0.0892005	0.131312	0.0884663	0.0158926
-0.285182	-0.136361	0.1748	-0.287266	0.437915	-0.202166	-0.0717499	0.0833507	0.0952923	0.191368
-0.035671	-0.664979	0.239543	-0.027033	0.269147	-0.136771	-0.180499	0.303442	0.00699065	0.22583
0.00697174	-0.501521	0.0608098	0.258311	0.169681	-0.092493	0.0935423	0.170992	-0.256409	0.0901158
0.0237928	-0.360691	-0.0122335	0.309925	0.077994	0.019976	0.19579	0.279194	-0.408161	-0.125586
0.169186	-0.241571	-0.112158	0.188795	0.204638	0.0819657	0.00849542	0.238117	-0.422062	-0.115405
0.125143	-0.15719	0.220108	0.145689	0.113661	-0.00952904	0.00862608	0.247983	-0.402288	-0.292204
0.173988	-0.136946	0.172086	0.278674	-0.100453	0.126666	-0.0618057	0.06727	-0.295423	-0.224056
0.196364	-0.110981	0.212227	0.309529	-0.206037	0.101971	0.0286309	-0.0440842	-0.112537	-0.375082
0.0511868	-0.0534541	0.498479	0.172079	-0.227411	-0.0137926	0.0812951	-0.058909	-0.189689	-0.259783
-0.057744	-0.0479365	0.716763	-0.0650269	-0.113065	-0.0987119	-0.0699475	-0.0772856	-0.101789	-0.085257
-0.0249665	-0.0239473	0.337621	-0.0141299	-0.0571295	-0.0523901	-0.100983	-0.00722596	-0.035352	-0.0214963
-0.00127377	-0.000391619	0.0498769	-0.000770439	-0.00230863	-0.0233408	-0.018976	-0.000645486	-0.00184298	-0.00032719
0.0	0.0	0.0	0.0	0.0	0.0	0.0	0.0	0.0	0.0
-5.4186e-05	0.000306983	-0.00317509	0.00405025	-1.22715e-05	-0.000324568	-2.18649e-05	-7.45881e-05	-0.000546633	-0.000148025
-0.00752251	-0.000219898	0.024382	0.0597825	-0.00881905	-0.0205209	-0.0026969	-0.00251858	-0.00419904	-0.0376677
-0.0540455	-0.00715721	0.194042	0.240968	-0.150649	0.0100479	-0.0913971	-0.0372844	-0.0305529	-0.0739702
0.0782759	-0.0341752	0.38848	0.31073	-0.0995269	0.0167201	-0.334564	-0.0256044	-0.154317	-0.146017
0.294459	-0.211748	0.354921	0.0949694	-0.105269	0.177298	-0.0930728	-0.0988099	-0.235505	-0.177243
0.251213	-0.365948	0.238997	-0.0572472	-0.00902625	0.329774	0.0862634	-0.195343	-0.125794	-0.152888
0.205295	-0.350315	0.152768	-0.105378	0.175774	-0.223401	0.223684	-0.236027	0.0901798	0.067421
0.15893	-0.24458	0.127021	-0.2836	0.254522	-0.318451	0.27852	-0.212732	0.142408	0.0979591
0.238677	-0.137929	0.185761	-0.518497	0.139019	-0.27025	0.31075	-0.232173	0.316098	-0.0314535
0.35336	0.043347	0.315498	-0.557563	0.00133317	-0.358592	0.550003	-0.475476	0.052439	0.0756499
0.0761579	-0.141884	0.294498	-0.421642	-0.0571325	-0.317286	0.50165	-0.267501	0.29529	0.0378485
-0.197723	0.0531807	0.34706	-0.272591	0.0646312	-0.43892	0.106174	-0.056785	0.344925	0.0500472
-0.624648	0.409437	0.268899	-0.219952	0.252993	-0.434496	0.10776	0.0540502	0.23437	-0.0484134
-0.612521	0.469174	0.044632	-0.34805	0.545115	-0.262095	0.119817	0.0752418	0.0625666	-0.0938804
-0.332814	-0.0118509	0.108216	-0.323272	0.411114	-0.0699729	0.0148414	0.0512299	-0.0745042	0.227012
-0.0731608	-0.365299	0.0844123	0.00162372	0.309588	0.00415802	-0.0915382	-0.0803184	0.164628	0.0459084
0.0860279	-0.559269	-0.0685576	0.214402	0.193641	0.110425	0.0504424	-0.000834318	-0.0739938	0.0477185
-0.0295232	-0.348371	0.0715876	0.0823011	0.223509	0.189466	0.173298	0.0793237	-0.334253	-0.107339
0.041474	-0.232952	0.0557933	0.29469	-0.0693125	0.0916865	0.151349	-0.00849503	-0.147416	-0.176817
0.107904	-0.168624	-0.00313784	0.0528395	0.0606858	0.110034	0.0200424	0.0854481	-0.105028	-0.160164
0.00153127	-0.112805	0.114692	0.14486	0.0798444	0.0695639	0.0409017	0.0268507	-0.144143	-0.221296
0.173488	-0.0655672	0.135957	0.336621	-0.155217	-0.011033	0.0521236	0.00667946	-0.162461	-0.31059
0.0910015	-0.0715826	0.092373	0.336837	-0.166021	0.103947	0.0415133	-0.0612989	0.0174373	-0.384205
-0.00329719	-0.0428877	0.480809	-0.044771	-0.190355	0.0568552	0.03683	0.0229538	-0.0544793	-0.261657
-0.0320509	-0.069264	0.722221	-0.118313	-0.140476	-0.113016	-0.0462308	0.0140453	-0.160117	-0.0567968
-0.0134235	-0.0108476	0.181089	-0.0119415	-0.0305434	-0.0235179	-0.0663215	0.0149881	-0.0286947	-0.0107875
0.0127195	-0.00056229	0.0159816	-0.000544921	-0.0138522	-0.00361227	-0.00712723	-0.00158658	-0.000500335	-0.000915198
-2.31804e-05	-1.09787e-05	-1.02535e-05	-0.000346475	-0.00327011	-0.000193522	-4.26869e-06	0.00346059	-0.000103699	0.000501897
-1.19172e-05	5.5941e-05	-0.000126552	0.000371799	-2.31609e-06	-0.000171032	-4.84678e-06	-2.08224e-06	-8.1255e-05	-2.77384e-05
-0.00715994	-0.000636426	-0.00720157	0.0601232	-0.0104803	-0.0132827	-0.0021441	0.00689953	-0.0041327	-0.0219849
-0.0916427	-0.0086532	0.124424	0.381615	-0.111858	-0.000658565	-0.0763364	-0.0148584	-0.0819365	-0.120094
0.0276476	-0.0666271	0.437351	0.305843	-0.0788534	0.176783	-0.295914	-0.0867172	-0.226859	-0.19265
0.122841	-0.263706	0.476686	0.275404	-0.0961951	0.238367	-0.252132	-0.146167	-0.109965	-0.245134
0.124459	-0.475778	0.192584	0.114047	-0.0789149	0.509255	0.00785819	-0.332782	0.0482965	-0.109024
0.120618	-0.375928	0.367317	-0.159119	0.0340959	0.184957	0.182942	-0.319291	0.0432495	-0.0788417
0.235844	-0.129428	0.109944	-0.148917	0.0969956	-0.014561	0.171231	-0.30442	0.0850255	-0.101714
0.269701	-0.0182133	0.0618322	-0.361444	0.0633204	-0.154987	0.255609	-0.323879	0.245708	-0.0376487
0.342473	-0.149318	0.239651	-0.451626	-0.217185	-0.172365	0.301989	-0.354208	0.263926	0.196664
0.0777775	-0.131702	0.147371	-0.403284	-0.0914876	-0.15125	0.307591	-0.150727	0.274977	0.120732
-0.294656	0.0185262	0.282228	-0.458667	0.148175	-0.135309	0.554921	-0.11478	0.212479	-0.212917
-0.552489	0.137708	0.296395	-0.333282	0.271745	-0.0759252	0.308172	0.0728128	0.0411976	-0.166334
-0.47316	0.199141	0.149832	-0.249395	0.338698	0.0172488	0.0398082	-0.0133342	-0.126805	0.117967
-0.186265	-0.195988	-0.0182296	0.106206	0.229614	-0.0320623	0.063366	-0.0826245	-0.0304594	0.146444
-0.0268465	-0.355995	0.15264	0.325077	0.239965	-0.0132546	0.162368	-0.216054	-0.155312	-0.112586
0.00116011	-0.198132	0.223956	0.194272	-0.133654	0.126969	0.217881	-0.123772	-0.194478	-0.114201
-0.0244688	-0.0633579	0.109688	0.162655	-0.0603176	-0.0586184	0.231119	-0.100966	-0.0537843	-0.141948
-0.0391584	-0.0717807	0.126365	0.187036	-0.130628	0.0811783	0.00890295	-0.0469275	-0.0479072	-0.067079
-0.114321	-0.0215948	0.0186035	0.101338	-0.0306224	0.130985	0.00192939	-0.0592541	0.00893323	-0.0359966
-8.62632e-05	-0.0419924	0.151466	0.329692	-0.0298096	0.0489232	0.0796834	-0.167188	-0.159642	-0.211046
0.18808	-0.0853173	0.135651	0.419946	-0.299123	0.0642157	0.0571922	-0.177579	-0.00831976	-0.294746
0.074596	-0.0853627	0.406047	0.182427	-0.206596	0.136116	0.0510505	-0.258313	0.0409889	-0.340952
-0.0340485	-0.0210585	0.658754	-0.162438	-0.174602	0.151611	-0.00108588	-0.14902	-0.0584772	-0.209636
-0.0281115	0.00587914	0.49938	-0.0775044	-0.136383	-0.0667681	0.00484017	-0.0159856	-0.134017	-0.0513297
-0.00673961	0.00370631	0.0640298	-0.00924683	-0.0120769	-0.0162299	-0.0199712	0.013089	-0.0138911	-0.00266965
-0.00411021	-7.28735e-06	0.0221269	-0.000142834	-3.01387e-05	-0.00776033	-0.00952746	-1.35661e-05	-0.000250623	-0.000284432
-1.87322e-09	3.12467e-05	-2.0282e-05	-2.30875e-06	-9.21146e-09	-8.46311e-08	-2.09529e-07	-3.49663e-07	-7.75227e-06	-2.48695e-07
0.00334315	0.000151524	-0.00130665	0.000117875	-0.00466101	-0.00047802	-0.00031554	0.0115942	-0.00055387	-0.00789164
-0.00484539	-0.000950715	-0.00595524	0.0526216	-0.00850392	-0.0117129	-0.00221108	0.00524271	-0.00694921	-0.0167358
-0.0758094	-0.0104457	0.0186775	0.405161	-0.0194571	0.0040774	-0.0733479	-0.0393487	-0.116475	-0.0930314
-0.0209731	-0.0985408	0.2935	0.343362	-0.0842736	0.23849	-0.211713	-0.0791228	-0.214572	-0.166156
0.0779824	-0.337809	0.208798	0.398538	-0.0354392	0.251809	-0.245083	-0.185804	0.0413608	-0.174352
0.163471	-0.276104	0.126105	0.164998	-0.105685	0.341947	-0.0675611	-0.322723	0.122261	-0.146709
0.174863	-0.0845634	0.314484	0.00505221	-0.129	0.132607	0.0989935	-0.40985	0.0235048	-0.12609
0.207114	-0.0525882	0.206881	0.00594702	-0.233663	0.253689	0.050688	-0.312684	0.07589	-0.201272
0.178991	0.0440634	0.21517	-0.00638299	-0.348911	0.0954613	0.223809	-0.320261	0.223705	-0.305645
0.298276	-0.114852	0.301568	-0.0965647	-0.408996	0.0474217	0.374493	-0.377025	0.189239	-0.213562
0.313731	-0.0623955	0.20658	-0.236229	-0.21698	0.0416712	0.590927	-0.213814	-0.127155	-0.296334
0.141043	-0.0582937	0.200902	-0.267865	-0.357615	0.099161	0.525892	-0.0817015	0.0210315	-0.222554
-0.159474	0.158378	0.353534	-0.158523	-0.147335	0.103908	0.197539	-0.030814	-0.131587	-0.185623
-0.233817	-0.0528225	0.134525	-0.0138646	0.149277	0.0229651	0.242163	0.121004	-0.156624	-0.212803
-0.126217	-0.0447475	0.143981	0.0700066	0.0201261	0.0615859	0.230466	-0.168634	-0.0107407	-0.175826
-0.099715	0.104681	0.19494	0.179245	-0.0319958	-0.0549037	0.222376	-0.333301	-0.0347931	-0.146531
0.0256461	-0.00797178	0.213912	0.29822	-0.168819	-0.0589869	0.179978	-0.29024	0.029929	-0.221666
-0.0271222	0.0845157	0.114975	0.246588	-0.160986	0.0204998	0.106092	-0.34309	0.110127	-0.151599
-0.0971884	0.10389	0.00998788	0.169378	-0.208287	0.027635	0.125815	-0.158457	0.0351516	-0.00792417
-0.0111709	0.0347839	0.124511	0.083007	-0.171603	0.157999	0.0811463	-0.304006	0.0264274	-0.0210955
0.0859609	-0.0109397	0.235585	0.285367	-0.112475	0.106041	0.125245	-0.43154	-0.0461758	-0.237066
0.180925	-0.0647445	0.324315	0.161835	-0.372025	0.11356	0.0959969	-0.368567	0.1713	-0.242594
0.0165096	-0.0489639	0.340557	0.0992279	-0.249842	0.20267	0.00448933	-0.29113	0.113956	-0.187471
-0.0123018	0.0192219	0.364505	-0.112775	-0.150235	0.167322	-0.0402239	-0.0810923	-0.0523139	-0.102105
-0.0360662	0.0385876	0.369132	-0.0477728	-0.064921	-0.0214495	-0.0771322	-0.0209028	-0.107895	-0.0315795
-0.00748109	0.00373583	0.108339	-0.00756659	-0.00211422	-0.0281816	-0.0385812	-0.00246203	-0.0156208	-0.0100673
-0.00110658	3.45095e-05	0.00925527	-7.71653e-05	-1.66427e-07	-0.00210081	-0.00593394	-3.82341e-07	-7.05389e-05	-2.07397e-07
0.0	0.0	0.0	0.0	0.0	0.0	0.0	0.0	0.0	0.0
0.00841977	-3.93824e-05	-0.00297005	8.44816e-05	-6.75905e-05	-0.000447374	-0.000789184	-0.000147954	-0.00118375	-0.00285897
-0.00487773	-0.0058836	0.0174446	0.0392687	-0.00404885	-0.00572827	-0.00211736	-0.00849558	-0.0114914	-0.0140706
-0.0654047	-0.0223452	0.083531	0.342436	-0.0406292	0.0232443	-0.0506929	-0.0690984	-0.119744	-0.0812966
0.00220101	-0.0651164	0.313601	0.390647	-0.104338	0.109423	-0.182306	-0.170368	-0.194082	-0.09966
0.14469	-0.224755	0.263897	0.271745	-0.17257	0.320213	-0.269732	-0.245924	-0.0496102	-0.0379519
0.169085	-0.0417539	0.214622	0.343556	-0.237808	0.202963	-0.20265	-0.385155	0.118717	-0.181576
0.149206	0.0168729	0.424125	0.208416	-0.381691	-0.0481443	0.0793823	-0.417668	0.311356	-0.341854
0.172294	0.161532	0.264893	0.206194	-0.466684	0.211169	-0.00101629	-0.302688	0.0501536	-0.295848
0.210652	0.115369	0.270555	0.264167	-0.40453	0.181355	0.211073	-0.350149	-0.049411	-0.44908
0.315582	0.148771	0.241451	-0.0176595	-0.387198	0.0294091	0.394693	-0.276393	0.0953299	-0.543986
0.422901	0.154871	0.305791	-0.147206	-0.194372	0.10868	0.36204	-0.249753	-0.177873	-0.585078
0.362784	0.0734807	0.188965	-0.344211	-0.21835	0.0331381	0.470363	-0.0733953	0.0312286	-0.524003
0.118176	-0.0542467	0.0683253	-0.0920132	-0.328848	0.0567875	0.324948	0.0225737	0.0585128	-0.174215
-0.0013452	-0.0194673	0.009254	0.0664217	-0.114281	-0.0508517	0.535192	0.0187015	-0.179302	-0.264322
0.00723763	-0.0347335	0.0510391	-0.026502	-0.040569	0.0230216	0.317999	-0.197455	0.11001	-0.210048
-0.0656783	0.20921	0.0692832	0.083714	0.0417103	0.103559	0.176094	-0.338848	-0.172549	-0.106496
-0.000429553	0.276486	-0.0543254	0.176301	-0.00410891	0.14522	0.0870108	-0.400731	-0.0486344	-0.176787
-0.114503	0.327377	0.119621	0.215043	-0.107579	0.159004	0.220648	-0.542463	-0.0288512	-0.248296
-0.0963744	0.265677	0.234731	0.132618	-0.209659	0.0796045	0.102707	-0.400068	-0.0403352	-0.0689023
-0.0327996	0.140792	0.163114	0.233606	-0.138763	0.00173311	0.176514	-0.528416	0.12022	-0.136
0.0704654	0.0175469	0.283572	0.100385	-0.0886846	0.145311	0.0300567	-0.503181	0.192077	-0.247549
0.0826669	-0.0507321	0.293096	-0.00594029	-0.232903	0.382964	-0.0872046	-0.403231	0.212101	-0.190816
-0.055264	-0.0556031	0.313921	0.0120773	-0.200226	0.200547	-0.0223688	-0.204332	0.0912079	-0.0799586
-0.0345121	-0.024218	0.351382	-0.0851977	-0.0986363	0.0894363	-0.0601118	-0.0446871	-0.104883	0.0114296
-0.028824	0.0034264	0.176182	-0.0280085	-0.0604084	0.0444596	-0.0356857	-0.0238747	-0.0726337	0.0253677
-0.0013015	0.0056479	0.0334554	-0.00315404	-0.000521062	-0.00423417	-0.0074181	-0.00157136	-0.0138406	-0.00706246
-2.10324e-05	0.000130884	-0.00010559	-4.40262e-05	-2.43049e-05	0.000364818	-4.55897e-06	-3.15984e-05	-0.000232633	-3.19584e-05
-2.20852e-08	8.07075e-05	-3.7537e-05	-1.27246e-05	-4.48784e-07	-5.09826e-07	-7.15846e-07	-5.28214e-06	-2.2197e-05	-1.27012e-06
-5.37844e-05	7.98933e-06	0.000120222	0.000568717	-2.69118e-06	-0.000184558	-3.1411e-05	-0.000152739	-8.84111e-05	-0.000183336
-0.0112793	-0.0102686	0.0373536	0.0535605	-0.000644341	-0.011252	-0.00148441	-0.0320785	-0.0116547	-0.0122522
-0.0465879	-0.0139109	0.119863	0.22649	-0.0451123	0.0331179	-0.0300388	-0.0947298	-0.0851229	-0.0639669
-0.0653836	0.0444512	0.199756	0.254473	-0.0873128	0.170468	-0.140369	-0.174987	-0.113716	-0.0873784
0.0748585	0.246239	0.19222	0.114269	-0.118359	0.0902842	-0.236498	-0.22552	-0.0861761	-0.0513175
0.121439	0.217238	0.177048	0.228875	-0.299225	0.124843	-0.320259	-0.303171	0.190985	-0.137776
0.134023	0.128601	0.161251	0.175567	-0.364846	0.199461	-0.114733	-0.333511	0.258233	-0.244043
0.0303669	0.186408	0.0720139	0.132459	-0.197709	0.164153	0.0911769	-0.239819	-0.0143699	-0.224679
0.102931	0.0735455	0.258145	-0.158974	-0.206676	0.127612	0.180227	-0.312574	0.136112	-0.200349
0.252222	0.178784	0.133965	-0.0992256	-0.222092	0.0439286	0.262228	-0.220504	-0.0562033	-0.273102
0.355808	-0.09833	0.0804554	-0.102594	-0.0718429	0.16156	0.340877	-0.199977	-0.0498504	-0.416106
0.28426	-0.151715	-0.0130746	-0.0656465	-0.107619	0.103945	0.540633	-0.12086	-0.111036	-0.358886
0.106589	-0.191886	0.0902132	-0.039848	-0.195143	0.0456686	0.543285	-0.179685	0.107006	-0.286199
0.0284677	0.0519043	0.0788444	-0.0913301	-0.118574	0.0925289	0.546889	-0.23865	-0.0344613	-0.315617
0.0281163	0.0448776	-0.0301194	-0.00184189	0.057217	0.0768963	0.293323	-0.14453	-0.047449	-0.276489
0.0217697	0.0221425	0.116187	0.0871677	-0.0756533	0.0192862	0.230117	-0.101615	-0.166332	-0.153068
-0.135508	0.139936	0.236002	0.0280116	0.00415073	0.0888916	0.322579	-0.307333	-0.0533561	-0.323373
-0.156794	0.335479	0.294509	0.18276	-0.133399	-0.0286559	0.245198	-0.373542	-0.067686	-0.297872
-0.176118	0.226618	0.359332	0.231608	-0.0131267	-0.0334515	0.108906	-0.419429	-0.0530558	-0.231283
-0.068685	0.237711	0.0620565	0.0550806	-0.00473901	0.193441	0.0358078	-0.465429	0.121523	-0.166767
-0.00582805	0.109836	0.184354	-0.0911144	-0.00671343	0.334773	-0.0381501	-0.461081	0.0715019	-0.0975787
-0.00986668	-0.126528	0.337715	-0.0830369	-0.108142	0.363064	-0.00526292	-0.36811	0.129267	-0.129098
-0.0142352	-0.0935384	0.399727	-0.135309	-0.0742137	0.187495	-0.038423	-0.193994	-0.018961	-0.0185451
-0.0320511	-0.00010313	0.265857	-0.101096	-0.0756847	0.0899545	-0.0322332	-0.0375733	-0.141333	0.0642636
-0.0143527	-0.000671373	0.102125	-0.0208163	-0.0529646	0.069794	-0.0264947	-0.0154436	-0.0508034	0.0096275
0.0124971	-0.00130468	0.0111465	-0.00314173	-0.00108278	0.00192971	-0.00224509	-0.00144081	-0.00490581	-0.0114524
4.65475e-06	-4.47792e-11	-8.08144e-07	-2.94083e-07	-3.71089e-09	-1.47513e-06	-2.3121e-07	-7.63435e-09	-1.8209e-06	-1.38433e-08
-2.1395e-08	7.81853e-05	-3.63639e-05	-1.2327e-05	-4.3476e-07	-4.93894e-07	-6.93475e-07	-5.11708e-06	-2.15033e-05	-1.23043e-06
-8.50336e-07	2.312e-05	-1.28694e-05	2.1784e-05	-1.80097e-07	-7.00528e-06	-2.27154e-07	-8.91313e-06	-8.56056e-06	-6.29811e-06
-0.00249859	-0.00989218	0.0263714	0.0549039	-0.000386379	-0.00794588	-0.000226532	-0.037952	-0.00856763	-0.013806
-0.0421099	-0.0105277	0.0853025	0.159806	-0.0400073	0.0167982	-0.0111632	-0.0874569	-0.03774	-0.0329014
-0.159014	0.101118	0.152105	0.168503	-0.0647527	0.158294	-0.066284	-0.116445	-0.098233	-0.0752912
-0.0523524	0.495586	0.151822	0.0939531	-0.108732	-0.0232978	-0.149654	-0.0527572	-0.172887	-0.18168
0.0335234	0.371237	0.233804	0.154656	-0.172714	-0.131735	-0.277546	-0.060524	0.0166863	-0.167388
0.106425	0.135865	0.221885	0.11011	-0.219542	-0.0225751	-0.261639	0.038231	0.135884	-0.244645
0.171493	0.0712452	0.286488	-0.0333095	-0.199619	0.0699451	-0.180997	-0.0672462	-0.0120255	-0.105976
0.166913	0.0805455	0.268048	0.0186448	-0.209624	0.0522227	-0.0292825	-0.197079	-0.0465273	-0.103862
0.171685	-0.0903971	0.121934	0.0171545	-0.12243	-0.0330486	0.0756499	-0.1127	0.00466494	-0.0325135
0.22582	-0.329191	0.15629	0.112349	-0.0928152	0.0538578	0.0548421	-0.256901	0.141578	-0.0658303
0.184973	-0.43541	0.106932	-0.0522773	-0.130109	0.120384	0.247373	-0.150717	0.147567	-0.0387153
0.377847	-0.324312	0.0141662	-0.103707	-0.105232	0.221505	0.232937	-0.336907	0.172316	-0.148612
0.150091	-0.0953448	-0.050242	-0.102043	-0.151845	0.101814	0.0707589	-0.111869	0.23154	-0.0428599
0.126066	0.0329342	-0.107372	0.0254864	-0.105046	0.0389883	0.17963	-0.0398227	0.0779452	-0.228809
0.0437284	0.0367723	0.00550739	0.0372731	-0.0928608	0.125467	0.143137	-0.0668735	-0.0396997	-0.192451
0.0201106	0.231396	0.0390738	0.0943261	0.0118022	0.0299278	0.0330702	-0.208726	0.0283111	-0.279291
-0.0959148	0.336672	0.169971	0.0841028	-0.0134745	0.09557	-0.0483648	-0.257637	-0.010496	-0.260429
-0.13102	0.189446	0.254525	0.188425	0.214163	0.116283	-0.0492718	-0.297902	-0.110926	-0.373722
-0.170152	0.143018	0.258618	0.0975836	0.0992075	0.158574	0.00973875	-0.427768	-0.0376056	-0.131215
-0.104959	-0.0203937	0.256594	-0.0652834	0.196094	0.112099	-0.00497132	-0.420095	0.0874402	-0.0365244
-0.00608693	-0.120709	0.340746	-0.0243824	-0.0110968	0.166398	-0.0897425	-0.276364	-0.0119284	0.0331669
0.0224345	-0.0621874	0.22406	-0.0824289	-0.0842312	0.151666	-0.0839324	-0.176272	-0.0142322	0.105126
-0.0214608	-0.011792	0.158207	-0.0683331	-0.064063	0.0912987	-0.0373726	-0.0380755	-0.0674759	0.0590683
-0.00917181	-0.00198585	0.0522733	-0.0182846	-0.0345716	0.0497521	-0.0108552	-0.0169062	-0.0215412	0.0112912
0.0013337	0.00259663	-0.0129025	-0.00011578	0.00172771	0.0131574	-0.000132479	-0.000407246	-0.00230878	-0.00294869
8.59338e-06	-8.26693e-11	-1.49196e-06	-5.42922e-07	-6.85087e-09	-2.72331e-06	-4.26849e-07	-1.40942e-08	-3.36165e-06	-2.55569e-08
0.0	0.0	0.0	0.0	0.0	0.0	0.0	0.0	0.0	0.0
0.0	0.0	0.0	0.0	0.0	0.0	0.0	0.0	0.0	0.0
-0.00029335	-0.000137749	0.000705246	0.0414021	-0.000129907	-0.00069904	-2.91093e-05	-0.02892	-0.00202418	-0.00987404
-0.0175433	-0.0258234	-0.0188489	0.156044	-0.00880653	0.0175814	-0.00183655	-0.0662001	-0.0248272	-0.00973894
-0.110055	0.0225569	-0.0111116	0.242888	-0.0321614	0.0972454	-0.0136408	0.0119277	-0.118431	-0.0892178
-0.128323	0.308377	-0.0395871	0.241583	-0.068434	0.105307	-0.0444131	0.112307	-0.344701	-0.142115
-0.055045	0.310174	-0.0170371	0.243357	-0.0701115	-0.0359428	-0.105075	0.237926	-0.34446	-0.163785
0.0764873	0.102634	0.0403086	0.223129	-0.0810181	-0.115513	-0.209925	0.279763	-0.164082	-0.151784
0.130347	-0.0216481	0.113991	0.00594732	-0.0688247	0.0960399	-0.267659	-0.149273	0.172601	-0.0115206
0.220632	-0.00859054	0.120212	0.131417	-0.0431619	0.133646	-0.317442	-0.110547	0.0613713	-0.187537
0.309642	-0.0913517	0.0224637	0.080897	-0.0209492	0.252436	-0.377823	-0.0881031	-0.074975	-0.0122355
0.328182	-0.12411	0.189353	0.139923	-0.00329994	0.0942839	-0.316333	-0.24706	0.0313603	-0.0922991
0.270502	0.0315454	0.117358	-0.147935	-0.114076	0.0955279	-0.14464	-0.242462	0.178477	-0.0442961
0.276219	-0.104531	-0.0792902	0.0431156	-0.0797153	-0.0614797	-0.0725582	-0.228883	0.399907	-0.0927844
0.253822	-0.17273	-0.0777314	-0.119491	-0.0320834	0.0722153	-0.0191477	-0.0776746	0.211965	-0.0391432
0.16923	0.0514435	-0.105199	-0.0563847	-0.0640137	0.0232358	-0.0316068	0.0154772	0.202403	-0.204584
-0.00366778	0.0669687	-0.0408613	-0.198313	0.0941415	0.170331	-0.107031	-0.10328	0.295965	-0.174251
-0.0196802	0.211891	-0.0472417	0.0891177	0.0449953	0.0112641	-0.0951213	-0.0927475	0.079691	-0.182169
-0.28373	0.0584778	0.212794	0.255049	0.185905	-0.173305	-0.038577	-0.189513	0.127218	-0.154319
-0.312771	0.0359962	0.356204	0.0223052	0.196896	-0.0209235	-0.0158254	-0.319233	0.133059	-0.0757094
-0.273784	-0.0455269	0.278626	-0.00241798	0.200079	0.0820319	-0.028562	-0.396799	0.15679	0.0295634
-0.137242	-0.100795	0.323385	-0.0650029	0.175072	-0.00570032	-0.0587594	-0.361457	0.0434762	0.187025
-0.0495104	-0.0846329	0.270609	-0.104833	-0.0374293	0.0361452	-0.0433134	-0.228259	-0.00281863	0.244043
-0.0231263	-0.0668094	0.163102	-0.063344	-0.0783674	0.0934126	-0.0314038	-0.18427	0.026507	0.1643
-0.0309822	-0.0154908	0.122167	-0.0269676	-0.0541435	0.0646657	-0.021186	-0.0561328	-0.0438718	0.0619423
-0.00610376	0.000214864	0.0491169	-0.0162305	-0.0028549	0.0227457	-0.00556135	-0.0192319	-0.0162952	-0.00579981
-1.22933e-05	0.0110687	-0.00923718	0.00330794	0.00177554	0.00767518	-0.000107969	-0.00027763	-0.00972551	-0.00446681
0.0	0.0	0.0	0.0	0.0	0.0	0.0	0.0	0.0	0.0
0.0	0.0	0.0	0.0	0.0	0.0	0.0	0.0	0.0	0.0
0.0	0.0	0.0	0.0	0.0	0.0	0.0	0.0	0.0	0.0
-0.00125149	-9.00237e-06	-0.00169778	0.021018	-9.38561e-06	-0.000378179	-3.84082e-06	-0.0148843	-9.80211e-05	-0.00268596
-0.00211721	-0.0187257	-0.0484464	0.0957266	-0.000283758	0.0163335	-0.000154089	-0.0020446	-0.0309284	-0.00935981
-0.014491	-0.0344835	-0.0917663	0.188919	-0.0149871	-0.00739999	-0.00252816	0.101928	-0.138043	0.0128523
-0.0556362	0.0397873	-0.178205	0.208134	-0.0219354	-0.00782085	-0.0154636	0.30063	-0.292077	0.0225878
-0.0718191	0.0414606	-0.267672	0.385132	-0.0490197	-0.0314822	-0.0286597	0.353966	-0.360671	0.0287674
-0.114321	-0.0651291	-0.282709	0.431766	-0.0654008	0.0277175	-0.060068	0.279903	-0.266811	0.11505
-0.0935687	-0.167958	-0.192751	0.25198	-0.063507	0.0870427	-0.117527	0.175281	0.0538204	0.0671886
-0.0801925	-0.191625	-0.136766	0.222528	0.00830431	0.310612	-0.178468	0.0772637	0.0739393	-0.105596
-0.0582727	-0.262867	-0.211845	0.344923	0.00449956	0.197107	-0.234663	0.110431	0.0907971	0.0198899
-0.0219769	-0.29264	-0.147951	0.317229	0.0702843	0.156321	-0.31713	0.0380135	0.301957	-0.104107
0.15267	-0.268317	0.0149902	0.221069	-0.151725	0.211783	-0.290422	0.0270444	0.232278	-0.149371
0.148125	-0.330672	0.0192661	0.291118	-0.164803	0.312137	-0.309522	0.111415	0.145799	-0.222863
0.0713508	-0.311082	0.161911	0.259717	-0.09982	0.269324	-0.273908	0.0304554	0.148358	-0.256305
-0.0591173	-0.250154	0.0380919	0.135938	-0.0887248	0.241326	-0.239697	0.042217	0.253837	-0.073716
-0.127183	-0.339396	0.00520691	0.221337	0.00797113	0.0881456	-0.160409	-0.00737876	0.365135	-0.0534285
-0.181041	-0.10976	0.0909869	0.152034	-0.0929929	0.123058	-0.110898	0.0193039	0.0442566	0.0650527
-0.252979	-0.015946	0.144979	-0.123592	-0.000677519	0.131866	-0.0904135	-0.118871	0.240741	0.084893
-0.241772	0.0107035	-0.00321855	-0.120472	0.0787383	0.0375007	-0.0831034	-0.150073	0.339501	0.132195
-0.213519	-0.0192059	-0.00153365	-0.0668472	0.0670912	0.0332812	-0.0498462	-0.192697	0.10466	0.338618
-0.144841	-0.0185755	0.0912991	-0.0378361	0.0542004	-0.00342117	-0.0499907	-0.179641	-0.0260014	0.314808
-0.0635206	-0.0390267	0.0391145	-0.0375599	0.0166054	0.0999243	-0.0291599	-0.160954	-0.0489317	0.223509
-0.0224217	-0.018461	0.0680014	-0.0224724	-0.0147237	0.0792334	-0.0115208	-0.166769	-0.0340716	0.143206
-0.00366168	-0.00673445	0.138534	-0.0199994	-0.0324407	0.0472122	-0.00268355	-0.0660991	-0.0373656	-0.0167612
-0.000298353	0.00305369	0.0783576	-0.00412005	0.00378495	-0.0120524	-0.000320857	-0.0279642	-0.0164263	-0.024014
-3.68172e-07	0.00071085	0.0115793	-1.09109e-05	-7.42444e-05	-0.000186839	-2.92942e-05	-1.64073e-06	-0.00239325	-0.00959362
0.0	0.0	0.0	0.0	0.0	0.0	0.0	0.0	0.0	0.0
0.0	0.0	0.0	0.0	0.0	0.0	0.0	0.0	0.0	0.0
0.0	0.0	0.0	0.0	0.0	0.0	0.0	0.0	0.0	0.0
-1.82417e-05	-2.28177e-07	-4.12703e-05	0.002016	-4.98154e-05	-6.79598e-06	-3.09103e-07	-0.00307495	-0.000171599	0.00134722
-0.000120638	-0.00185649	-0.0131944	-0.00941279	-6.92675e-05	0.0172382	-4.74197e-05	0.0160166	-0.0034873	-0.00506658
-0.00263493	-0.0280686	-0.041215	0.0134941	-0.00131885	0.0218458	-0.000818513	0.0933551	-0.0753616	0.0207225
-0.0117848	-0.0591672	-0.0644724	0.075659	-0.0378425	-0.0183233	-0.00174679	0.0958591	-0.145026	0.166845
-0.0513283	-0.0805473	-0.0720123	0.189362	-0.0987465	-0.0248206	-0.00530507	0.0787889	-0.138547	0.203157
-0.0906162	-0.115042	-0.14052	0.333877	-0.166306	-0.0165825	-0.00988215	0.121849	-0.153284	0.236508
-0.14932	-0.116587	-0.255863	0.505038	-0.276267	0.000672733	-0.0322565	0.294912	-0.226171	0.255846
-0.227382	-0.180875	-0.287601	0.537979	-0.22612	0.112562	-0.0459593	0.331119	-0.195192	0.181468
-0.315449	-0.344722	-0.25454	0.546341	-0.16824	0.133834	-0.0450994	0.218114	-0.0114941	0.241257
-0.328145	-0.298371	-0.249724	0.498623	-0.280333	0.225824	-0.0461485	0.341399	0.010092	0.126783
-0.395518	-0.216997	-0.180636	0.542594	-0.394528	0.251818	-0.0481724	0.28646	-0.0609684	0.215946
-0.358288	-0.271533	-0.120878	0.449251	-0.260253	0.27463	-0.0814449	0.234363	-0.0377465	0.1719
-0.330202	-0.287902	-0.0365969	0.276523	-0.266374	0.14278	-0.0750359	0.224115	0.099216	0.253478
-0.299901	-0.296552	0.00363038	0.136715	-0.294834	0.258847	-0.0750014	0.248209	0.199822	0.119065
-0.218712	-0.261633	-0.0264641	0.154018	-0.362576	0.209178	-0.0643928	0.160964	0.19596	0.213657
-0.229855	-0.154527	-0.0635817	0.0785513	-0.378828	0.179831	-0.0461159	0.153003	0.199313	0.262211
-0.190455	-0.0680951	-0.144936	0.018528	-0.30387	0.100744	-0.0381433	0.195465	0.132895	0.297868
-0.114353	-0.0483133	-0.167645	0.052534	-0.31092	0.088693	-0.0248817	0.0347689	0.0767865	0.41333
-0.114519	-0.0193748	-0.107343	-0.0202577	-0.186114	0.0608359	-0.0138536	-0.0821043	0.020518	0.462214
-0.0887213	-0.00535566	-0.0924968	-0.0599642	-0.115651	0.107693	-0.00844973	-0.0616566	-0.0235144	0.348118
-0.0368098	-0.00367168	-0.0782204	-0.0215951	-0.0518209	0.14131	-0.0054489	-0.0268679	-0.0284831	0.111608
-0.00836277	-0.000858722	-0.0382849	-0.00411002	-0.0397033	0.102755	-0.00222838	-0.0436677	-0.00972953	0.0441904
-0.00195274	-1.07752e-05	-0.00582356	-0.000206484	-0.0249059	0.0570023	-0.000526243	-0.00386042	-0.00441178	-0.0153044
-4.21631e-07	-4.59013e-06	0.010281	-0.000199326	-0.000730401	-8.17581e-06	-1.88624e-05	-0.00068512	-0.00216799	-0.00646612
-3.23201e-07	-5.47953e-06	0.0122956	-3.00749e-06	-7.86387e-05	-5.69784e-06	-2.10705e-05	-1.35837e-06	-0.00200061	-0.0101794
0.0	0.0	0.0	0.0	0.0	0.0	0.0	0.0	0.0	0.0
0.0	0.0	0.0	0.0	0.0	0.0	0.0	0.0	0.0	0.0
0.0	0.0	0.0	0.0	0.0	0.0	0.0	0.0	0.0	0.0
0.0	0.0	0.0	0.0	0.0	0.0	0.0	0.0	0.0	0.0
0.0	0.0	0.0	0.0	0.0	0.0	0.0	0.0	0.0	0.0
-0.000179458	-0.000732949	-0.000651825	0.000784676	0.00069489	-0.00226795	-3.76365e-05	-0.0228866	-0.00946086	0.0347377
-0.00276479	-0.00269916	-0.00238777	0.0130492	-0.00523767	-0.00599038	-0.000264982	-0.0593892	-0.0256772	0.0913619
-0.0129421	-0.00504003	-0.0075654	0.0223646	-0.0424616	-0.0180523	-0.00110176	-0.0559699	-0.0422183	0.162987
-0.0289144	-0.00739174	-0.0174513	0.0314672	-0.0912169	-0.059045	-0.00195157	0.0135841	-0.0218418	0.182762
-0.0434481	-0.0124308	-0.0226989	0.0163376	-0.158085	-0.0767174	-0.00427915	0.0828684	-0.0183824	0.236836
-0.0755485	-0.0217519	-0.0219492	0.00446669	-0.248451	-0.0522116	-0.00617204	0.131447	-0.0572709	0.347442
-0.0692023	-0.0544679	-0.0210086	0.0157753	-0.260626	-0.0155488	-0.00687291	0.133023	-0.100251	0.37918
-0.0549434	-0.0478469	-0.0409969	0.0166193	-0.319212	0.0572109	-0.00814602	0.124917	-0.0723894	0.344787
-0.0404576	-0.0593821	-0.0260124	-0.00807445	-0.353969	0.0552954	-0.00972654	0.0519453	-0.0852932	0.475675
-0.0744731	-0.101101	-0.0403323	-0.0102068	-0.377864	-0.00408975	-0.0119964	0.246219	-0.104203	0.478048
-0.102466	-0.0869466	-0.0329167	-0.0312449	-0.458412	-0.0334435	-0.0103357	0.31615	-0.124673	0.564288
-0.0774015	-0.0527125	-0.0418931	-0.0178488	-0.409319	0.038979	-0.0092165	0.36413	-0.134471	0.339753
-0.053155	-0.036169	-0.0527134	0.0370538	-0.363326	-0.00135817	-0.00843268	0.235477	-0.0950859	0.33771
-0.0629688	-0.0213032	-0.0626713	0.026088	-0.319262	-0.0323245	-0.00801616	0.241374	-0.0515742	0.290659
-0.0417166	-0.0229355	-0.0423442	0.00856701	-0.314816	-0.0539177	-0.00711382	0.222485	-0.0360803	0.287873
-0.00911819	-0.0117613	-0.0180053	-0.00542256	-0.248381	-0.00724289	-0.00447025	0.113697	-0.0420318	0.232736
-0.0287319	-0.00446906	-0.0167015	-0.0164817	-0.121816	0.0257685	-0.00302102	-0.00420463	-0.0223783	0.192036
-0.035755	-0.00253577	-0.0189859	-0.00978654	-0.056679	0.0251926	-0.00201503	0.00306477	-0.00998963	0.107489
-0.0189017	-0.000436687	-0.00683435	0.000110358	-0.0262542	0.0130166	-0.00038668	0.0317223	-0.00233141	0.0102958
-0.00116255	-8.8222e-06	-4.97801e-05	-0.000151615	-0.000282495	0.000201508	-6.88532e-05	-0.00316684	-0.00022168	0.00491112
-3.61073e-06	-1.6084e-09	-4.80182e-07	-1.46646e-06	-0.000718928	-1.70602e-05	-1.23841e-06	-6.73377e-05	-1.03731e-05	0.000820496
-1.69813e-07	-1.6554e-08	-1.0454e-06	-1.91079e-07	-6.1526e-08	-8.29791e-08	-8.61882e-10	1.22974e-05	-5.9243e-07	-1.01364e-05
0.0	0.0	0.0	0.0	0.0	0.0	0.0	0.0	0.0	0.0
0.0	0.0	0.0	0.0	0.0	0.0	0.0	0.0	0.0	0.0
0.0	0.0	0.0	0.0	0.0	0.0	0.0	0.0	0.0	0.0
0.0	0.0	0.0	0.0	0.0	0.0	0.0	0.0	0.0	0.0
0.0	0.0	0.0	0.0	0.0	0.0	0.0	0.0	0.0	0.0
0.0	0.0	0.0	0.0	0.0	0.0	0.0	0.0	0.0	0.0
-2.9377e-06	-3.73424e-06	-2.08972e-06	-5.30782e-07	-1.22024e-06	-8.70479e-07	-7.39246e-08	9.80122e-05	-3.67549e-05	-4.98006e-05
-5.36655e-05	-9.71645e-06	-7.05952e-06	-2.14581e-06	-5.44264e-06	-1.53613e-05	-8.24348e-07	0.000406165	-0.000102341	-0.00020961
-7.54596e-05	-8.63035e-06	-2.53569e-05	-2.12292e-05	-0.00416555	-3.55317e-05	-2.43584e-06	-0.000124393	-0.000122106	0.00458069
-0.000155512	-2.22356e-05	-7.34697e-05	-6.27277e-05	-0.0238981	-0.000392719	-3.82133e-05	-0.00169274	-0.0001808	0.0265165
-0.000463408	-4.68765e-05	-0.000106375	-0.000136531	-0.0253765	-0.000939503	-7.05627e-05	0.00721921	-0.000313222	0.0202338
-0.000992077	-3.69349e-05	-0.000176493	-0.000738695	-0.012803	-0.000702039	-2.84591e-05	0.0067854	-0.000621662	0.00931392
-0.000930126	-0.00306974	-0.00249101	-0.00372108	-0.0275676	0.00254279	-6.04983e-05	0.034956	-0.0088155	0.00915683
-0.00149416	-0.000879419	-0.00108898	-0.00232164	-0.0196258	0.00705117	-6.43467e-05	0.0108233	-0.00271952	0.0103195
-0.00347743	-0.0023412	-0.00069065	-0.00295094	-0.029536	0.00428101	-0.000392108	0.0221147	-0.00658874	0.0195814
-0.00604125	-0.00237533	-0.000809376	-0.00415171	-0.0239672	-0.00276305	-0.000403174	0.0916822	-0.00559282	-0.0455783
-0.00900526	-0.00136644	-0.000730707	-0.00598055	-0.0664851	-0.00954558	-0.000791643	0.0927664	-0.00548596	0.00662512
-0.00840493	-0.000452932	-0.000929915	-0.00501903	-0.0350489	-0.00729426	-0.00076635	0.0930345	-0.00524109	-0.029877
-0.00498672	-0.000296432	-0.000786739	-0.00566604	-0.0236437	-0.00486419	-0.00054486	0.079428	-0.00276656	-0.0358728
-0.00404235	-0.0024296	-0.000874242	-0.00445987	-0.0214064	-0.00564343	-0.000508891	0.090913	-0.00268729	-0.0488609
-0.00414275	-0.00711513	-0.000614094	-0.00301813	-0.0277595	-0.0047806	-0.000334458	0.105078	-0.00301729	-0.0542958
-0.00207909	-0.000165679	-0.000416777	-0.00205588	-0.0213691	-0.00416475	-0.000198112	0.0710173	-0.0019046	-0.0386633
-0.00371968	-7.84428e-05	-0.00281043	-0.00102931	-0.00446852	-0.00689799	-0.000186485	0.0231611	-0.00214967	-0.00182058
-0.00725398	-2.70963e-05	-0.00189321	-0.000354449	-0.00214551	-0.00296958	-7.69321e-05	0.00885778	-0.00113775	0.00700074
-0.0208629	-5.08492e-05	-0.00707773	-0.000237161	-0.00418238	-0.00292539	-0.000190541	0.0268039	-0.0010077	0.00973075
-0.0047666	-3.14931e-06	-5.57926e-05	-2.54642e-05	-0.000900096	-0.000646346	-1.67023e-05	0.00897681	-0.000202032	-0.00236062
0.0	0.0	0.0	0.0	0.0	0.0	0.0	0.0	0.0	0.0
0.0	0.0	0.0	0.0	0.0	0.0	0.0	0.0	0.0	0.0
0.0	0.0	0.0	0.0	0.0	0.0	0.0	0.0	0.0	0.0
0.0	0.0	0.0	0.0	0.0	0.0	0.0	0.0	0.0	0.0
