0.0	0.0	0.0	0.0	0.0	0.0	0.0	0.0	0.0	0.0
0.0	0.0	0.0	0.0	0.0	0.0	0.0	0.0	0.0	0.0
0.0	0.0	0.0	0.0	0.0	0.0	0.0	0.0	0.0	0.0
0.0	0.0	0.0	0.0	0.0	0.0	0.0	0.0	0.0	0.0
0.0	0.0	0.0	0.0	0.0	0.0	0.0	0.0	0.0	0.0
0.0	0.0	0.0	0.0	0.0	0.0	0.0	0.0	0.0	0.0
0.0	0.0	0.0	0.0	0.0	0.0	0.0	0.0	0.0	0.0
0.0	0.0	0.0	0.0	0.0	0.0	0.0	0.0	0.0	0.0
0.0	0.0	0.0	0.0	0.0	0.0	0.0	0.0	0.0	0.0
0.0	0.0	0.0	0.0	0.0	0.0	0.0	0.0	0.0	0.0
0.0	0.0	0.0	0.0	0.0	0.0	0.0	0.0	0.0	0.0
0.0	0.0	0.0	0.0	0.0	0.0	0.0	0.0	0.0	0.0
-3.45183e-06	-6.22067e-06	-0.000557234	-4.55013e-05	-0.00340147	-7.08072e-05	0.00475847	-6.64275e-06	-0.000124769	-0.000542373
-1.91368e-05	-1.47876e-05	-0.000873194	-0.000112127	-0.00758205	-0.000155623	0.0102942	-1.91208e-05	-0.000282453	-0.00123567
-1.28847e-05	-1.29806e-06	0.000386095	-1.3904e-05	-0.000149116	-6.45315e-07	-0.00013938	-5.09158e-06	-1.02945e-05	-5.34812e-05
-5.36862e-07	-5.40857e-08	1.60873e-05	-5.79334e-07	-6.21315e-06	-2.68881e-08	-5.8075e-06	-2.12149e-07	-4.28937e-07	-2.22838e-06
0.0	0.0	0.0	0.0	0.0	0.0	0.0	0.0	0.0	0.0
0.0	0.0	0.0	0.0	0.0	0.0	0.0	0.0	0.0	0.0
0.0	0.0	0.0	0.0	0.0	0.0	0.0	0.0	0.0	0.0
0.0	0.0	0.0	0.0	0.0	0.0	0.0	0.0	0.0	0.0
0.0	0.0	0.0	0.0	0.0	0.0	0.0	0.0	0.0	0.0
0.0	0.0	0.0	0.0	0.0	0.0	0.0	0.0	0.0	0.0
0.0	0.0	0.0	0.0	0.0	0.0	0.0	0.0	0.0	0.0
0.0	0.0	0.0	0.0	0.0	0.0	0.0	0.0	0.0	0.0
0.0	0.0	0.0	0.0	0.0	0.0	0.0	0.0	0.0	0.0
0.0	0.0	0.0	0.0	0.0	0.0	0.0	0.0	0.0	0.0
0.0	0.0	0.0	0.0	0.0	0.0	0.0	0.0	0.0	0.0
0.0	0.0	0.0	0.0	0.0	0.0	0.0	0.0	0.0	0.0
0.0	0.0	0.0	0.0	0.0	0.0	0.0	0.0	0.0	0.0
0.0	0.0	0.0	0.0	0.0	0.0	0.0	0.0	0.0	0.0
0.0	0.0	0.0	0.0	0.0	0.0	0.0	0.0	0.0	0.0
0.0	0.0	0.0	0.0	0.0	0.0	0.0	0.0	0.0	0.0
-4.87597e-09	-2.9898e-08	-8.25829e-06	-8.57722e-09	-4.00341e-05	-8.78087e-08	5.01764e-05	-6.1499e-08	-5.7066e-07	-1.12067e-06
-1.08651e-07	-8.82575e-08	-2.64738e-05	-3.91448e-08	-0.000282575	-2.65556e-07	0.000315931	-6.63676e-07	-1.70035e-06	-4.01661e-06
-1.95629e-05	-1.07631e-07	-0.000358448	-6.36754e-06	-0.0222151	-1.43145e-05	0.0228181	-5.18358e-05	-5.05047e-06	-0.000147324
-4.00109e-05	-4.93303e-05	-0.000798322	-1.49301e-05	-0.0498584	-2.67757e-05	0.0514872	-0.000305867	-4.29498e-05	-0.000350691
-5.75809e-05	-0.0023594	-0.00163691	-0.000123071	-0.0421337	-7.41943e-05	0.0491975	-0.00158346	-0.00058433	-0.000644937
-0.000139449	-0.0019619	-0.00299429	-0.000149262	-0.0192661	-0.000111575	0.0266017	-0.000880241	-0.000635437	-0.000463439
-0.00161085	-0.00126058	-0.00474086	-0.000160445	-0.0349774	-0.000460314	0.0461769	-0.000667571	-0.000716331	-0.00158258
0.0129491	-0.000693575	-0.0153417	-0.00028176	-0.0561615	-0.000603911	0.0726814	-0.00454553	-0.00121688	-0.00678569
0.0283095	-0.000608814	-0.0168437	-0.000723333	-0.100599	-0.00387572	0.118113	-0.0107707	-0.00115538	-0.0118464
0.0119132	-0.000414096	-0.0125849	-0.000472771	-0.0530957	-0.00376367	0.0683403	-0.00306195	-0.00143982	-0.00542053
-0.000712748	0.0128404	-0.00322283	-0.00364792	-0.0161985	-0.00166371	0.0171052	-0.000281362	-0.00241797	-0.00180056
0.0104725	0.0194947	0.010169	-0.00479861	-0.0560838	-0.00206172	0.0320964	-0.000709239	-0.00209951	-0.00647976
0.0302361	-0.00455606	0.0426491	-0.00158936	-0.0614807	-0.00229249	0.0155611	-0.00144407	-0.00260354	-0.01448
0.0138196	-0.00271819	0.00871436	-0.000570448	-0.0265569	-0.00155508	0.0204712	-0.000658309	-0.00218526	-0.00876098
-0.00118481	-0.000199498	-0.0135052	-0.000143197	-0.0110514	-0.0019758	0.031083	-0.000129852	-0.00126709	-0.00162617
-0.000595805	-7.22702e-05	-0.00987747	-8.859e-05	-0.0155391	-0.00176397	0.0302173	-0.000159118	-0.000996762	-0.00112424
-0.000265715	-9.47083e-05	-0.00434657	-8.38669e-05	-0.0125892	-0.000877489	0.019759	-7.70845e-05	-0.000587216	-0.000837206
-0.00011435	-0.000227078	-0.0029656	-5.80501e-05	-0.0138729	-0.000184932	0.0184458	-8.59813e-06	-0.000668388	-0.000345958
-1.44803e-05	-1.96682e-05	-0.000323811	-4.82348e-06	-0.01793	-1.17309e-05	0.018598	-1.66933e-05	-9.86106e-05	-0.000178158
-2.2713e-06	-1.45851e-06	-0.000129166	-6.79105e-07	-0.00579951	-1.12888e-05	0.0061047	-2.29736e-05	-4.29072e-05	-9.44475e-05
0.0	0.0	0.0	0.0	0.0	0.0	0.0	0.0	0.0	0.0
0.0	0.0	0.0	0.0	0.0	0.0	0.0	0.0	0.0	0.0
0.0	0.0	0.0	0.0	0.0	0.0	0.0	0.0	0.0	0.0
0.0	0.0	0.0	0.0	0.0	0.0	0.0	0.0	0.0	0.0
0.0	0.0	0.0	0.0	0.0	0.0	0.0	0.0	0.0	0.0
0.0	0.0	0.0	0.0	0.0	0.0	0.0	0.0	0.0	0.0
-3.29988e-08	-5.68614e-10	-3.96674e-07	-1.83949e-09	-4.74792e-06	-6.94099e-07	7.04932e-06	-8.27285e-12	-8.22516e-07	-3.52622e-07
0.00150615	-4.47514e-10	-1.73739e-05	-6.2283e-07	-0.00132307	-5.97252e-05	0.000150163	-0.000103456	-7.15075e-06	-0.000144918
0.00057016	-1.58507e-06	-0.000550004	-9.70064e-07	-0.000687554	-1.0583e-05	0.000803686	-3.70733e-05	-2.68649e-05	-5.92115e-05
-0.000249984	-4.64626e-06	7.65725e-06	-0.000170326	-0.000713472	-3.67813e-06	0.00116248	-2.76245e-06	-1.70583e-05	-8.20601e-06
-0.0104413	-2.83376e-05	-0.00118629	-0.000958621	-0.0231719	-4.41842e-05	0.0365267	-0.000386005	-0.000140316	-0.000169695
-0.013104	-0.00137118	-0.00419301	-0.00200306	-0.0758838	-0.000756035	0.0999983	-0.00123197	-0.000718795	-0.000736396
-0.0120978	-0.0162979	0.00812002	-0.00638059	-0.0898478	-0.00270657	0.125848	-0.00305003	-0.0021603	-0.00142701
-0.0169598	-0.0307031	0.0470015	-0.0116041	-0.0823074	-0.00940852	0.11905	-0.00451261	-0.00770667	-0.00284905
-0.0160538	-0.0277274	0.0282555	-0.00458253	-0.163757	-0.027162	0.245668	-0.0100015	-0.0149585	-0.00967995
-0.0262949	-0.0335012	0.0605125	0.016667	-0.184672	-0.0533018	0.285194	-0.0214838	-0.0261444	-0.0169756
-0.0262973	0.00723833	0.037776	0.0224909	-0.246884	-0.059707	0.344683	-0.0198654	-0.0329581	-0.0264767
-0.0402623	0.0833377	0.0157378	-0.00259423	-0.192355	-0.0665255	0.282617	-0.0105389	-0.043232	-0.0261844
-0.0727985	0.0835361	0.0491395	-0.00660996	-0.127056	-0.071675	0.225799	-0.014255	-0.0420407	-0.0240385
-0.0803321	0.161357	0.0856568	-0.0341162	-0.16531	-0.0496221	0.173767	-0.0174976	-0.0467184	-0.0271833
-0.061984	0.10031	0.0894594	-0.028026	-0.187613	-0.00680331	0.187599	-0.00933945	-0.0504041	-0.033198
-0.0552353	0.0186162	0.0226714	-0.0254441	-0.0965034	0.0307989	0.171526	-0.00638501	-0.0367544	-0.0232901
-0.0404609	-0.00839233	-0.0172679	-0.0350711	-0.0680311	0.0340767	0.164524	-0.00380224	-0.00977066	-0.0158039
-0.031733	0.00996279	-0.0639965	-0.0188086	-0.0402741	0.00561204	0.178777	-0.00210321	-0.0264624	-0.0109741
-0.0211166	-0.0074005	-0.0295039	-0.00718994	-0.0279571	-0.0294161	0.138962	-0.00101066	-0.0109297	-0.00443772
-0.0110512	-0.00701897	-0.0284692	-0.00719883	-0.0237311	-0.029309	0.122992	-0.000676381	-0.00993908	-0.00559791
-0.00549096	-0.0030081	-0.0282552	-0.00512761	-0.0249107	-0.0152015	0.0922954	-0.000493037	-0.00706322	-0.00274513
-0.00268563	-0.00160344	-0.00692595	-0.0014931	-0.0164766	-0.014472	0.0467974	-6.53921e-05	-0.00276297	-0.000312254
-0.000527459	-0.000506404	0.0226782	-0.000163031	-0.00212948	-0.0067414	-0.0112359	-2.73796e-05	-0.00131302	-3.41706e-05
-7.80973e-06	-2.29017e-05	0.0164325	-9.10219e-07	-0.000319242	-0.000682849	-0.0149602	-2.67448e-08	-0.000437103	-1.41635e-06
0.0	0.0	0.0	0.0	0.0	0.0	0.0	0.0	0.0	0.0
0.0	0.0	0.0	0.0	0.0	0.0	0.0	0.0	0.0	0.0
0.0	0.0	0.0	0.0	0.0	0.0	0.0	0.0	0.0	0.0
0.0	0.0	0.0	0.0	0.0	0.0	0.0	0.0	0.0	0.0
-7.3982e-08	0.00033025	-5.45482e-05	-1.6521e-05	-1.04789e-05	-3.61551e-06	-0.000175709	-8.79882e-09	-6.84191e-05	-8.75258e-07
0.00335125	7.85086e-05	-0.000138241	-2.01253e-05	-0.0043131	6.01986e-05	0.00200387	-0.000305057	-0.00023651	-0.000480788
-0.00581002	-5.56729e-05	-0.00203421	-0.00199451	-0.0021177	0.00726601	0.00580753	-0.000683963	-0.000173097	-0.000204361
-0.0331747	-0.00201015	0.000410141	0.0494413	-0.004106	-0.0226535	0.0171869	-0.00156363	-0.00275904	-0.000771257
-0.0447944	-0.00196695	0.00150254	0.0394842	-0.038906	-0.0161539	0.0700517	-0.00234566	-0.00572144	-0.00115002
-0.0505661	-0.0154097	0.0323871	0.0674717	-0.0758764	-0.0293498	0.099859	-0.0094123	-0.0161905	-0.00291268
-0.0133695	-0.0449727	0.0945971	0.0818504	-0.149801	-0.0376595	0.125999	-0.0269913	-0.0217793	-0.00787262
-0.0398856	-0.0663747	0.262968	0.0372561	-0.217141	-0.0603776	0.162908	-0.0344362	-0.0271246	-0.017791
-0.0306704	-0.114469	0.257476	0.100564	-0.252712	-0.0545446	0.235329	-0.0623955	-0.0432357	-0.0353404
0.00212705	-0.182927	0.317901	0.241371	-0.301218	-0.107046	0.260095	-0.0923042	-0.0838919	-0.054106
-0.012732	-0.096549	0.329445	0.307535	-0.426106	-0.0803951	0.21935	-0.0732202	-0.0971507	-0.0701774
0.055025	-0.0436879	0.389414	0.226655	-0.494479	-0.0987024	0.237291	-0.07241	-0.100726	-0.0983794
0.0369365	-0.0605944	0.264888	0.380613	-0.38576	-0.0772561	0.202956	-0.0758064	-0.16424	-0.121737
0.00634781	0.0282113	0.202604	0.334289	-0.380427	-0.00249566	0.182479	-0.0726523	-0.156196	-0.14216
0.00806327	0.0548802	0.231289	0.259309	-0.317944	-0.0311042	0.102465	-0.0587895	-0.124728	-0.123441
-0.0515102	-0.0681349	0.121125	0.224199	-0.218994	0.0739374	0.107984	-0.0445492	-0.0601391	-0.0839178
-0.146777	-0.137317	-0.0842841	0.222772	-0.152694	0.185481	0.185594	-0.037483	-0.000155306	-0.0351357
-0.164715	-0.0992614	-0.131346	0.188041	-0.0333705	0.167377	0.209365	-0.0217829	-0.0800754	-0.0342319
-0.109512	-0.110493	-0.176511	0.177009	0.0163586	0.182646	0.120442	-0.0175045	-0.0544993	-0.0279353
-0.102929	-0.0898934	-0.139914	-0.0234971	0.0183422	0.153815	0.204088	-0.00903806	0.00429918	-0.0152713
-0.0744523	-0.0663965	-0.121035	-0.0688295	0.0137304	0.0718232	0.227244	-0.00301213	0.025747	-0.00481792
-0.0389316	-0.0436314	-0.0907672	-0.0392876	0.00939228	-0.0330718	0.207083	-0.00112405	0.0324122	-0.00207347
-0.0173589	-0.0344495	-0.013064	-0.0121617	-0.00778851	-0.0274524	0.109771	-0.00044354	0.00345816	-0.000510795
-0.00433267	-0.00959812	0.0124527	-0.000318115	-0.000347114	0.0233968	-0.0218746	-4.90609e-06	0.000659494	-3.35093e-05
-0.00117005	-0.0126909	-0.000356466	-2.0666e-05	-0.000132858	0.00470896	0.011462	-1.66136e-07	-0.00179708	-2.7351e-06
0.0	0.0	0.0	0.0	0.0	0.0	0.0	0.0	0.0	0.0
0.0	0.0	0.0	0.0	0.0	0.0	0.0	0.0	0.0	0.0
-2.23108e-08	-1.86408e-08	-1.26456e-05	1.97888e-05	-1.41548e-07	-6.15731e-06	-2.45665e-08	-1.3516e-08	-7.5414e-07	-1.10627e-08
-2.4963e-05	0.00112862	-0.000503623	0.000582423	-2.96018e-06	-0.000502727	-0.000671393	-5.4313e-08	-3.87814e-06	-1.44316e-06
-0.000296286	6.5265e-05	-0.00389385	0.0108026	-0.000631584	-0.00420848	-0.00146107	0.000308864	-0.000549396	-0.000136057
-0.00748979	0.00342268	-0.0257322	0.0399447	0.0101044	-0.0265758	0.0120254	-0.00158852	-0.00359799	-0.0005128
-0.0526957	0.0243914	0.00666277	0.158487	0.0112705	-0.110174	0.00707138	-0.0170781	-0.0223376	-0.00559762
-0.0554412	0.0147169	0.0812764	0.198587	-0.03077	-0.136335	-0.00321765	-0.0199888	-0.0406988	-0.00812787
-0.0212451	-0.0293929	0.0678259	0.253743	-0.0505538	-0.131213	0.0166679	-0.0422761	-0.0438124	-0.0197434
0.00147777	-0.0525221	0.140013	0.346749	-0.154336	-0.248206	0.0844118	-0.071996	-0.0022212	-0.0433684
0.0481879	-0.078901	0.306824	0.32542	-0.238274	-0.220567	0.0295159	-0.126014	0.048383	-0.0945728
0.0450608	-0.102808	0.288112	0.400926	-0.357435	-0.0993791	0.0558438	-0.185816	0.0830157	-0.12752
0.0768252	-0.194515	0.33095	0.461491	-0.36158	0.0195702	-0.04956	-0.220025	0.121219	-0.184375
-0.0203756	-0.0725017	0.330433	0.394859	-0.328614	-0.0270763	-0.0798386	-0.223032	0.279125	-0.252979
0.0069886	0.144585	0.22675	0.423349	-0.244965	-0.195257	-0.0546003	-0.238587	0.19023	-0.258496
-0.055824	0.163197	0.267374	0.341152	-0.332706	-0.0502598	-0.0590091	-0.275943	0.337355	-0.335337
0.0303957	0.0688989	0.146736	0.325036	-0.372103	0.215559	-0.0851091	-0.26384	0.319091	-0.384663
-0.0525024	0.059176	0.118467	0.349937	-0.211621	0.130317	0.026822	-0.249045	0.221723	-0.393273
0.031192	-0.0265909	0.0565626	0.191295	-0.133193	0.171022	0.107503	-0.211179	0.0877883	-0.2744
-0.0679244	-0.105623	-0.00307651	0.270529	-0.0944056	0.283728	0.0521343	-0.170199	0.0372725	-0.202437
-0.120288	0.104102	-0.133486	0.129962	0.0872335	0.110144	0.0936607	-0.117133	0.0338644	-0.188059
-0.110251	0.101433	-0.14702	0.0211986	0.164458	-0.102707	0.163013	-0.0865544	0.123296	-0.126867
-0.103154	0.0661188	-0.261207	-0.0938418	0.156702	0.156873	0.229939	-0.0378236	0.00460142	-0.118207
-0.0842874	0.00459798	-0.294401	-0.0886089	0.185538	0.111812	0.305718	-0.0359496	-0.0362184	-0.0681982
-0.11318	-0.0312907	-0.234358	-0.166136	0.184026	0.22154	0.24687	-0.0174082	-0.063694	-0.0263683
-0.11877	-0.124254	-0.109545	-0.0310571	0.106759	0.233815	0.0268493	-0.00519207	0.0290361	-0.00764141
-0.0348436	-0.0638658	-0.00739596	-0.00350002	0.00499981	0.0779759	-0.0120111	-0.00117067	0.0420136	-0.0022021
-0.00299312	-0.0070233	-0.00275292	-9.15919e-05	-0.0105132	0.00905898	-0.00157623	-0.000291395	0.0170541	-0.000871353
-5.95705e-05	-0.00361585	-0.00230409	-2.17707e-05	-0.00207862	-0.00197456	0.0082664	-1.5935e-05	0.00188992	-8.59315e-05
0.0	0.0	0.0	0.0	0.0	0.0	0.0	0.0	0.0	0.0
0.0	0.0	0.0	0.0	0.0	0.0	0.0	0.0	0.0	0.0
-0.000162555	0.000113649	0.000197441	0.00175033	-5.46014e-05	-0.00166162	2.87629e-05	-6.85452e-06	-0.000202232	-2.32322e-06
-0.00250615	0.00394811	-0.00105874	0.0545821	0.000956557	-0.0266209	-0.0177293	-0.000547933	-0.0087765	-0.00224727
-0.021335	0.00878655	0.00582577	0.134169	0.0100765	-0.106907	0.0148716	-0.00869731	-0.0274363	-0.00935396
-0.0764209	0.0620568	0.0160146	0.289332	0.0302397	-0.168591	-0.0904421	0.0506321	-0.0823233	-0.0304979
-0.034339	0.0160355	0.0519514	0.334763	0.0118303	-0.216791	-0.066452	0.0600269	-0.0882384	-0.0687861
-0.0317459	-0.101716	0.121439	0.287599	-0.00762504	-0.111638	-0.0691543	0.0525292	-0.0368951	-0.102793
0.00139387	-0.232798	0.208211	0.199658	-0.0380824	-0.111684	0.0505579	0.0782765	-0.0192537	-0.136278
0.0240028	-0.263291	0.156972	0.196132	-0.0408432	0.0528753	-0.0153742	0.0193603	0.0632213	-0.193056
0.135252	-0.180989	0.184449	0.196393	-0.177251	0.117889	0.00979688	-0.116172	-0.0625583	-0.106811
0.0930732	-0.207635	0.237944	0.17455	-0.163497	0.0889721	-0.316963	-0.18615	0.180421	0.0992847
0.0157968	-0.124132	0.187384	0.101321	-0.136336	0.011075	-0.235046	-0.16859	0.251675	0.0968543
0.161484	0.0145776	0.180201	0.106546	-0.262136	-0.0709939	-0.26666	-0.227569	0.202735	0.161815
0.195964	0.0798657	0.153054	0.0517005	-0.104555	-0.115624	-0.0723102	-0.336311	0.228434	-0.0802183
0.172605	0.157722	0.203236	0.166639	-0.0928401	-0.104579	-0.160691	-0.388546	0.152333	-0.10588
0.139193	-0.075083	0.290752	0.276557	-0.00398717	0.0623763	-0.149213	-0.359405	0.189517	-0.370707
0.277297	-0.147944	0.190137	-0.00148431	-0.0591137	0.1407	-0.0290912	-0.374483	0.329311	-0.325327
0.269123	-0.0236377	0.123225	0.0252413	0.0641732	0.153549	0.0782812	-0.366711	-0.0455378	-0.277708
0.0559229	0.0365106	-0.00551078	0.0898243	0.143872	0.0599997	0.130804	-0.395224	0.126789	-0.242989
-0.0641672	0.133999	-0.00256745	-0.0253261	0.0854282	0.217971	0.0934021	-0.359804	0.162005	-0.240941
0.00743527	0.256581	-0.0301668	-0.153113	0.102014	0.1307	0.112059	-0.229112	0.049006	-0.245405
-0.00966297	0.220954	-0.159966	-0.148655	0.221657	0.243673	0.111961	-0.156886	-0.0718412	-0.251232
-0.166622	0.117888	-0.244787	-0.226271	0.341044	0.319515	0.222358	-0.0825135	-0.123674	-0.156938
-0.194451	0.0118166	-0.176588	-0.0755807	0.110388	0.328052	0.0913375	-0.027622	-0.000268751	-0.0670839
-0.0788529	-0.0864622	-0.0393335	-0.0173824	-0.0210907	0.200648	-0.0247292	-0.00853532	0.097515	-0.0217768
-0.0215858	-0.0146953	-0.010276	-0.00154674	-0.0169032	0.0479424	0.0163164	-0.00333255	0.00718014	-0.00309936
-0.00709038	-0.00467842	-0.00338652	-7.74129e-05	-0.000218045	0.00503782	0.0123391	-9.72937e-05	-0.00179777	-3.10856e-05
0.0	0.0	0.0	0.0	0.0	0.0	0.0	0.0	0.0	0.0
-2.41326e-06	-1.00628e-06	-1.88118e-05	0.000262497	-6.54914e-07	-2.70979e-05	-1.58983e-07	-5.70657e-06	-2.38243e-05	-0.000182823
-0.00091129	-0.00842749	-0.00408575	0.00513372	-0.00217757	0.00201648	-0.000918284	0.0145564	-0.00262559	-0.00256062
-0.00243374	0.00256254	0.00879637	0.0925228	-0.019376	-0.0831278	-0.0226165	0.0672159	-0.026464	-0.0170795
-0.0318235	0.00649015	0.0701036	0.161697	0.0206631	-0.157168	0.00833569	0.0426019	-0.0596427	-0.061257
-0.0314373	-0.02488	0.089042	0.247427	0.110727	-0.160263	-0.0759275	0.103523	-0.0887751	-0.169435
-0.0177092	-0.079028	0.158953	0.271913	0.0986265	-0.115462	-0.153195	0.173234	-0.12348	-0.213853
-0.0216686	-0.181131	0.153178	0.128057	0.0786212	0.0222973	-0.0384432	0.192389	-0.062689	-0.27061
-0.0493643	-0.287708	0.0996443	0.187792	-0.0152514	0.0412566	-0.0340387	0.233872	0.0430704	-0.219273
-0.14997	-0.363833	0.212421	0.294342	0.00151277	-0.0117959	-0.127745	0.164049	0.052638	-0.0716183
0.0050592	-0.201409	0.177744	0.303095	-0.15103	-0.00848609	-0.246412	0.209227	-0.0733425	-0.0144455
-0.00230354	-0.0961979	0.00959055	0.174377	-0.246343	-0.0376062	-0.237935	0.266653	0.0223911	0.147373
-0.0742419	-0.163088	0.0456282	0.0862041	-0.199014	-0.00711217	-0.162217	0.153231	0.204478	0.116133
0.17431	-0.184847	0.0607943	0.288603	-0.322155	-0.0423763	-0.296433	-0.0605183	0.0704867	0.312136
0.149722	-0.133329	0.0405294	0.156065	-0.38725	0.0968383	-0.229347	-0.0653073	0.0763911	0.295688
0.0300943	-0.23174	0.0841976	0.139189	-0.385036	-0.0346261	-0.128515	0.0153035	0.305583	0.205551
0.0883816	-0.232818	0.150031	0.219935	-0.348746	-0.0813844	-0.212729	-0.00731184	0.12139	0.30325
0.184494	-0.281615	0.0168958	0.0802652	-0.207724	0.00495068	-0.188137	0.0192157	0.148235	0.22342
0.283568	-0.116237	-0.0053285	0.222813	-0.267799	0.072763	-0.260043	-0.0616346	-0.0892124	0.221111
0.1225	-0.14139	-0.0822166	-0.0521196	-0.0491536	0.193642	-0.145116	-0.11679	0.249628	0.0210166
0.0985972	0.0549068	-0.142261	0.0673521	-0.114629	0.143206	-0.0767089	-0.131992	0.103006	-0.00147733
0.240134	0.104165	-0.091082	0.0110956	-0.00346806	0.0202156	-0.0724652	-0.0700212	-0.0161246	-0.122449
0.244505	0.111171	-0.178446	-0.151224	0.268503	0.186029	-0.0375467	-0.13478	-0.0409164	-0.267294
-0.034787	0.0817259	-0.336098	-0.208951	0.41974	0.333658	0.0122191	-0.151393	0.148337	-0.264452
-0.281422	-0.00821425	-0.191555	-0.0954643	0.136182	0.592964	0.00639959	-0.0744385	0.0752344	-0.159686
-0.185369	-0.0760172	-0.052777	-0.0375123	-0.0100762	0.353407	-0.0307987	-0.033048	0.127351	-0.0551583
-0.0805077	-0.00914375	-0.00783794	-0.00428013	0.0248898	0.128927	-0.0284989	-0.0106722	0.00418914	-0.0170651
-0.0205977	-0.000312572	-0.000464598	-0.00035313	-0.00100421	0.0290227	-0.00145281	-0.000627112	-0.00351472	-0.00069584
0.0	0.0	0.0	0.0	0.0	0.0	0.0	0.0	0.0	0.0
-0.000193619	-0.000566982	-0.000843523	0.00772304	-0.000429971	-0.00107061	-8.21418e-05	0.00313121	-0.00207544	-0.00559196
-0.000637786	-0.0114955	0.0114651	-0.00723593	-0.00336813	-0.0116294	-0.00387186	0.0423181	-0.00517132	-0.0103732
-0.00496994	-0.00750128	0.0309514	0.0690874	-0.0096284	-0.0993409	-0.0302027	0.136118	-0.0273653	-0.0571481
-0.0533106	-0.00625837	0.169235	0.284165	0.0570607	-0.320427	-0.000954357	0.0757998	-0.0409989	-0.164309
-0.0240153	-0.0868384	0.142934	0.371965	0.168919	-0.256011	-0.0673379	0.0999654	-0.0413079	-0.30827
-0.00252523	-0.16725	0.258288	0.190275	0.0952064	-0.0827068	-0.187128	0.229969	-0.0425519	-0.291576
-0.0599966	-0.212366	0.0297107	0.0849949	0.0852793	0.104736	-0.0159434	0.250686	0.0451498	-0.312249
-0.158365	-0.378318	0.108144	0.0800288	-0.0288385	0.197737	-0.0515281	0.186377	0.129945	-0.0851823
0.00556157	-0.308161	0.0245443	0.0923874	-0.055352	0.0797835	-0.14423	0.2561	-0.0258571	0.0752239
0.0337635	-0.170906	-0.0581221	0.00228098	-0.196071	0.201599	-0.20079	0.322843	0.0462666	0.0191378
0.0739762	-0.183405	0.0541087	-0.000820055	-0.202455	0.138832	-0.105754	0.280292	-0.142592	0.0878184
0.0324208	-0.0800663	-0.0333707	0.135798	-0.413826	0.0345877	-0.155936	0.229774	-0.0851739	0.335793
0.112786	-0.172998	0.18043	0.0882024	-0.354079	-0.125543	-0.254008	0.127748	-0.0464368	0.443901
0.0743303	-0.134074	0.0651175	0.249787	-0.421636	0.133171	-0.156994	-0.0404509	-0.25243	0.483181
-0.00552649	-0.356544	-0.033264	0.251076	-0.374857	-0.116414	-0.155413	0.081042	0.194838	0.515063
0.0284867	-0.239561	0.0274582	0.0642793	-0.410299	0.0958721	-0.321494	0.187478	0.0575989	0.510181
0.215432	-0.197347	-0.193721	0.147087	-0.189211	0.0924155	-0.261457	0.25586	-0.146689	0.277634
0.246199	-0.244216	-0.0763527	0.000284109	-0.240531	0.0495547	-0.300917	0.29285	0.094342	0.178787
0.153274	-0.076693	-0.0549447	0.104674	-0.0980643	0.0828546	-0.309453	0.169657	-0.0578196	0.0865155
0.0192528	0.0299998	-0.152223	0.0567833	-0.12337	0.118423	-0.265225	0.209789	-0.00422185	0.110791
0.0732433	-0.0395229	-0.0256917	-0.11947	-0.0521295	0.167144	-0.218002	0.0929478	0.104417	0.0170634
0.139406	-0.0328484	0.0309653	-0.18366	0.187652	0.200339	-0.269482	0.0604098	0.0395771	-0.172358
0.144158	-0.0864465	-0.365152	-0.260238	0.331222	0.392981	-0.194499	-0.0167781	0.317533	-0.262781
-0.144106	-0.219275	-0.275385	-0.183544	0.124193	0.667297	-0.018819	-0.063702	0.329912	-0.21657
-0.218669	-0.125298	-0.0709482	-0.0498682	-0.0042239	0.60802	-0.0714752	-0.0539696	0.0769355	-0.0905035
-0.0922225	-0.00597805	-0.0109709	-0.00362203	0.0337492	0.138869	-0.0269626	-0.0109945	0.00795281	-0.0298199
-0.00725821	-0.00261422	-0.00069317	-0.000232459	-0.00128643	0.0174799	-0.00546582	-0.000448348	0.00130133	-0.000782551
0.0072058	-2.4211e-07	-0.000161168	-5.43808e-07	-0.000266981	-4.37409e-06	-6.71661e-06	-0.00427828	-1.36861e-05	-0.0024738
-0.000271901	-0.000511954	0.00102818	-0.00453381	-0.00758245	-0.00106854	-0.000255999	0.0381846	-0.00230042	-0.0226877
-0.000333339	-0.00677521	0.0059552	-0.00735739	0.00135049	-0.0149292	-0.00394353	0.0813521	-0.00808071	-0.0472383
-0.000890964	-0.00250761	0.0298458	0.0815318	-0.0107578	-0.107336	-0.028348	0.209939	-0.0195496	-0.151926
-0.0819114	-0.0214914	0.189604	0.320971	0.0205387	-0.413293	-0.00664417	0.227711	0.00326454	-0.238747
-0.063054	-0.0674165	0.10972	0.243938	0.129489	-0.290081	-0.111502	0.2329	0.0764671	-0.260459
-0.0642906	-0.167517	0.0914434	0.130589	0.0325872	-0.112525	-0.189362	0.220337	0.172925	-0.114187
-0.0949744	-0.192812	0.0588988	0.0890917	0.0112125	-0.0814085	-0.121148	0.370664	0.189973	-0.229497
-0.0551614	-0.356447	0.053268	0.0173511	-0.135643	0.147782	-0.117163	0.231397	0.040873	0.173744
0.133213	-0.382002	0.0230114	-0.0120751	0.0184787	0.088909	-0.13907	0.164416	0.147246	-0.0421262
0.0514237	-0.248782	0.243757	0.0205093	-0.18093	0.133772	-0.191424	0.132127	0.0791206	-0.039573
0.0209489	-0.210724	0.115878	-0.00104403	-0.105368	0.140678	-0.153115	0.32402	-0.0245029	-0.106769
0.144275	-0.0615826	-0.0428087	0.103922	-0.255611	-0.024085	-0.191993	0.354177	0.198723	-0.225015
0.0481514	-0.00340027	-0.0610878	0.112581	-0.262741	-0.098034	-0.240259	0.107816	0.24298	0.153995
0.195109	-0.0166039	0.0300963	0.227425	-0.420124	-0.0907754	-0.354566	0.221451	-0.154153	0.362144
0.24759	0.0027603	0.0185831	0.239824	-0.361113	-0.192388	-0.417162	0.283158	-0.063212	0.241961
0.437277	-0.181471	-0.0251108	0.102505	-0.442044	-0.0523566	-0.427355	0.265853	0.134429	0.188276
0.287141	0.0691082	-0.0349006	0.122091	-0.226194	-0.0102391	-0.404235	0.240742	-0.0440183	0.000506374
0.152652	-0.141016	-0.154273	0.250189	-0.0497384	-0.0464259	-0.555424	0.356196	0.102016	0.0858226
0.105611	-0.107222	0.132931	0.143301	-0.0983121	0.0784144	-0.503971	0.131323	0.118386	-0.000461807
0.152895	-0.178831	-0.00195493	0.137819	-0.0751196	0.221215	-0.366867	0.172833	0.0399115	-0.101901
0.0620016	-0.209064	-0.0815517	0.0833543	-0.0428538	0.175684	-0.300844	0.013683	0.1394	0.160191
0.208312	-0.223403	-0.0602572	0.131858	-0.0344342	0.106302	-0.391534	0.148653	0.158591	-0.0440876
0.342075	-0.341576	-0.110217	-0.383539	0.113364	0.593208	-0.38472	0.0552026	0.326348	-0.210147
0.0116218	-0.336183	-0.310296	-0.294388	0.0488086	0.970171	-0.238866	-0.0991367	0.435081	-0.186811
-0.215936	-0.145191	-0.107887	-0.0669681	0.0214598	0.713634	-0.140887	-0.0802176	0.126051	-0.104058
-0.0770336	-0.0120615	-0.014635	-0.00487471	-0.0320445	0.191895	-0.0731736	-0.0145725	0.0647023	-0.0282017
-0.00507904	-0.00195036	-0.00140764	-6.64679e-05	-0.00122541	0.0103569	-0.00655852	-0.00321948	0.0103621	-0.00121215
-3.14605e-06	-8.91708e-06	-6.4033e-06	-0.000104474	-0.000428547	-5.18263e-05	-2.82667e-06	0.00169342	-2.01129e-05	-0.00106717
-0.000440565	-6.3953e-05	-0.000659341	-0.00415665	-0.00813351	-0.00106976	-0.000135873	0.0468501	-0.00154274	-0.0306477
0.00241329	-0.00443119	-0.00621948	0.022241	-0.00444595	-0.00766279	-0.00538137	0.0918012	-0.0190023	-0.0693122
0.0086873	-0.00463252	0.0452448	0.118407	-0.0852498	-0.115799	-0.0360594	0.270247	-0.0334077	-0.167436
-0.0615647	-0.0472075	0.143538	0.360804	-0.120757	-0.344015	-0.00672224	0.331007	0.0338798	-0.288962
-0.0557307	-0.145431	0.250396	0.167142	-0.0310514	-0.269591	-0.165911	0.233615	0.115681	-0.0991185
-0.0973879	-0.177932	0.0623953	0.104711	-0.0863271	-0.0806502	-0.180594	0.136434	0.195697	0.123654
-0.109475	-0.157798	-0.0113992	0.139053	-0.086047	0.0262501	-0.0452538	0.107126	0.143517	-0.00597256
-0.0726428	-0.244881	-0.058234	0.0776058	-0.0648721	0.180333	-0.0824402	0.0757803	0.13076	0.0585907
0.057602	-0.324465	0.0858149	-0.0187117	-0.0187003	0.0673496	-0.160281	0.12405	0.196563	-0.0092209
0.120683	-0.197047	0.207849	-0.167437	-0.199742	0.199459	-0.226977	-0.00171908	0.106494	0.158437
-0.0344502	-0.0871841	0.0768814	-0.329103	-0.090763	0.325569	-0.141874	0.160965	0.0893409	0.0306168
0.0390083	-0.0748293	0.0268303	-0.242592	-0.0955126	0.212759	-0.22472	0.344588	0.0267322	-0.0122622
0.222909	0.0496185	0.0562928	-0.09139	-0.154358	-0.0369829	-0.369432	0.235558	0.0564003	0.0313858
0.0492315	0.211788	0.14414	0.265051	-0.620483	-0.196835	-0.235411	0.446625	-0.238143	0.174037
-0.0624662	0.440205	0.195997	0.400642	-0.414	-0.364375	-0.399088	0.380433	-0.422232	0.244887
0.197579	0.161158	0.217938	0.267307	-0.126295	-0.351395	-0.529163	0.333929	-0.142168	-0.02889
0.322533	0.0420989	0.0216615	0.134622	-0.116232	-0.185645	-0.633803	0.43923	0.00837763	-0.0328437
0.265562	-0.126366	0.0498283	0.0734047	0.0252253	-0.0665704	-0.594153	0.267542	0.00550135	0.100026
0.281393	-0.226586	0.00463041	0.186669	-0.0407947	-0.0664222	-0.532067	0.266557	0.0652969	0.0613248
0.195889	-0.303583	-0.0456598	0.269153	0.0161345	0.0310911	-0.356238	0.0809299	0.080871	0.0314149
-0.0370075	-0.301937	-0.117424	0.208386	0.0100199	0.244925	-0.255624	0.240497	0.142228	-0.134065
0.0724163	-0.360106	0.00916584	0.229737	-0.0284199	0.254355	-0.431985	0.175586	0.160014	-0.0807655
0.430382	-0.373984	-0.127812	-0.183565	-0.0505899	0.620642	-0.339742	-0.0479156	0.304126	-0.231543
0.171062	-0.248071	-0.29906	-0.260286	-0.21779	1.19424	-0.285305	-0.0856433	0.235539	-0.204683
-0.206831	-0.109779	-0.0839966	-0.0460221	-0.156222	0.915664	-0.232717	-0.0408369	0.0723044	-0.111565
-0.0733426	-0.0137775	-0.00714	-0.00761093	-0.0545589	0.213219	-0.0932076	0.0016359	0.0743328	-0.0395501
-0.00113883	-0.0019074	-0.00098581	-0.000361572	-0.00482196	0.013781	-0.00501966	0.0261822	-0.0230556	-0.00267233
-4.8405e-06	-1.04232e-05	-1.27794e-05	-0.000168317	-0.000500901	-6.61206e-05	-3.34009e-06	0.00233633	-2.80365e-05	-0.00154157
-0.000486987	-3.07315e-05	-0.000212239	-0.00281845	-0.00762795	-0.000979731	-4.76445e-05	0.0447097	-0.00085599	-0.03165
0.0168544	-0.00233801	-0.00423078	0.0114508	-0.0254951	-0.00824591	-0.0160714	0.131408	-0.0150604	-0.0882718
-0.00353003	-0.0259297	0.0553767	0.173726	-0.0933322	-0.0989121	-0.0414391	0.24864	-0.0623437	-0.152254
-0.0463244	-0.0576212	-0.0194316	0.191574	-0.123225	-0.170009	-0.0549687	0.342593	0.129805	-0.192393
-0.0156646	-0.150328	0.20068	-0.00592576	-0.131148	-0.14177	-0.141785	0.224875	0.103087	0.0579802
-0.0806117	-0.238911	0.225538	-0.0474718	-0.138704	0.000636073	-0.125382	0.054037	0.158054	0.192815
-0.0998933	-0.205156	-0.0586185	-0.0855826	-0.0773995	0.18862	0.0179067	0.0564907	0.219991	0.0436405
-0.0535158	-0.190096	-0.0566882	-0.249564	-0.0129342	0.311247	0.0225907	-0.096766	0.161881	0.163847
0.0488374	-0.240473	-0.156499	-0.445008	0.152606	0.340183	-0.131773	0.0522586	0.2682	0.111667
-0.0740933	-0.0636428	-0.0532451	-0.471121	0.054529	0.268047	-0.0727487	0.000474789	0.264567	0.147232
0.0360888	0.0372201	-0.0303788	-0.519569	0.0577626	0.269604	-0.128612	-0.103605	0.228922	0.15257
0.00373451	-0.000278829	-0.088286	-0.500823	0.227107	0.375602	-0.255858	-0.144569	0.234338	0.149035
0.0947403	0.250434	-0.200171	0.012447	-0.25025	0.195909	-0.110159	0.182215	0.0465628	-0.221727
-0.0082531	0.53484	-0.0273412	0.19325	-0.802706	0.075354	-0.272062	0.37545	-0.0210229	-0.0475076
-0.160698	0.72184	-0.124965	0.160417	-0.15178	-0.0749794	-0.494241	0.491669	-0.273636	-0.0936267
-0.025011	0.274891	0.00436593	0.223798	-0.0838806	-0.209712	-0.459155	0.602009	-0.31597	-0.0113354
0.260915	0.0725967	0.110381	0.189231	0.0205027	-0.379861	-0.465966	0.346265	-0.139877	-0.0141835
0.251301	-0.194294	0.0642381	0.194759	-0.0117766	-0.364476	-0.466077	0.341504	0.12525	0.0595728
0.106843	-0.205677	-0.0215213	0.230053	0.0908045	-0.306117	-0.435674	0.349952	0.189628	0.0017072
0.172314	-0.337244	-0.0816032	0.318485	-0.125221	-0.174694	-0.26574	0.342478	0.131209	0.0200151
0.0937153	-0.307178	-0.0856867	0.164877	-0.0613598	-0.0295748	-0.241758	0.37994	0.141604	-0.0545781
0.202842	-0.318743	-0.0530131	0.119474	-0.110827	0.0657042	-0.296929	0.218549	0.198269	-0.0253277
0.447577	-0.286945	-0.126563	-0.0902258	-0.375943	0.594196	-0.14466	-0.151038	0.242863	-0.109258
0.238901	-0.207971	-0.222875	-0.177701	-0.313704	1.24148	-0.221426	-0.118983	0.0124403	-0.230162
-0.207221	-0.0746804	-0.0463304	-0.0252116	-0.203505	1.06132	-0.293601	-0.0320256	-0.0818412	-0.0969061
-0.0910536	-0.0183839	0.0101254	-0.00481126	-0.0643487	0.282822	-0.0922919	-8.94379e-06	0.0150483	-0.0370968
-0.000573326	0.000660494	-0.000523385	-0.000125912	-0.0012448	0.00684262	-0.0119204	0.00605355	0.00587681	-0.00504564
-2.88812e-05	-3.65507e-06	-1.39694e-05	-0.00010548	-8.39369e-05	-7.1079e-05	-4.24842e-06	0.00106847	-3.4046e-05	-0.000723171
0.00427832	0.000309014	-0.000441319	-0.00207739	-0.0177405	-0.00594956	-0.000164129	0.0637832	-0.00121308	-0.0407845
-0.00423855	-0.000175584	-0.00508889	0.010829	-0.0826492	-0.0130763	-0.00114325	0.242663	-0.00958959	-0.13753
-0.0110887	-0.0178887	-0.0304656	0.153133	-0.0846224	-0.108389	-0.0459131	0.310752	-0.0171269	-0.148389
-0.129877	-0.0320708	-0.119066	0.119053	-0.174016	-0.0751957	-0.0425423	0.391735	0.0717599	-0.00977839
-0.105735	-0.0840569	-0.101149	-0.151164	-0.0942048	-0.0258031	-0.0226956	0.157166	0.205783	0.22186
-0.0180986	-0.208707	-0.182787	-0.285095	0.0249847	0.228104	-0.0382556	0.024046	0.214082	0.241727
-0.0153781	-0.219593	-0.322228	-0.45219	0.0152181	0.173705	0.131258	0.135081	0.423088	0.131037
-0.0323413	-0.207137	-0.392274	-0.442359	0.136138	0.189431	0.0507882	-0.0590421	0.296094	0.460703
-0.130301	-0.239754	-0.432243	-0.464908	0.329391	0.177427	0.0967851	0.148309	0.365024	0.150266
-0.0463837	-0.155378	-0.668966	-0.356619	0.403847	0.16059	0.0244306	0.22347	0.206976	0.208031
-0.0597583	-0.149424	-0.613115	-0.224826	0.217204	0.144047	-0.0433238	0.203476	0.198015	0.327707
-0.153914	-0.0803545	-0.694586	-0.0831721	0.442526	0.279654	0.0878672	-0.0506948	0.18116	0.0715138
-0.0421682	0.290759	-0.763518	0.201201	-0.570101	0.492443	0.126372	0.0561006	0.255704	-0.0467914
-0.360591	0.716928	-0.523434	0.130793	-0.720465	0.105349	-0.235705	0.334947	0.539431	0.0127499
-0.59388	0.725943	-0.442131	0.190325	0.187561	-0.134213	-0.532297	0.421707	0.0121354	0.164851
-0.514082	0.217865	-0.199729	0.0309323	0.367324	-0.150056	-0.277881	0.439605	-0.170349	0.256373
-0.0748068	-0.0615877	-0.28045	0.247913	0.114556	-0.133458	-0.346586	0.347232	-0.185688	0.372876
-0.0718982	-0.0541727	-0.0901294	0.122794	-0.0369757	-0.107616	-0.274681	0.424158	-0.175953	0.264474
0.0662948	-0.178948	0.158614	0.144427	-0.0221964	-0.347881	-0.217847	0.19557	-0.00582784	0.207794
0.151915	-0.206139	-0.0719309	0.278441	-0.181727	-0.563653	-0.135358	0.253659	0.00244764	0.472346
0.221832	-0.199987	-0.0130821	-0.0552833	-0.143886	-0.463508	-0.0245919	0.290729	0.0811718	0.306607
0.220729	-0.169004	-0.0687639	-0.0650815	-0.208928	-0.43384	-0.00770957	0.189207	0.288531	0.254859
0.343998	-0.137842	-0.123239	-0.161238	-0.354632	0.00688317	0.199064	-0.134368	0.387804	-0.0264299
0.304168	-0.111297	-0.0951606	-0.13273	-0.300989	0.418496	-0.0428134	-0.119561	0.255361	-0.175471
-0.123355	-0.0581627	0.0397835	-0.00613664	-0.141243	0.608826	-0.253029	-0.0464747	0.0666965	-0.0869055
-0.0573626	-0.0161104	0.0152409	-0.00243172	-0.0208649	0.166096	-0.131684	-0.00985529	0.0824053	-0.0254326
-0.000384051	0.00283926	-0.000490095	-4.76952e-05	-0.000846761	0.00416314	-0.00717536	0.00079755	0.00349615	-0.00235214
-1.33e-06	-3.24453e-08	-5.16753e-06	-2.92464e-05	-1.63548e-06	-9.03771e-06	-1.71729e-08	0.00115956	-1.56347e-05	-0.00109746
-3.95373e-05	-0.000134472	-2.75321e-05	-0.00233492	-0.0281434	-0.00768295	-0.000215479	0.0654869	-0.000777073	-0.0261316
-0.00477434	-0.00144828	-0.00153627	-0.00626563	-0.0928553	-0.0116966	-0.00115999	0.251191	-0.00610454	-0.12535
-0.0249306	-0.00143015	-0.0927809	0.0230584	-0.140361	-0.0411475	-0.0388715	0.390426	0.0293214	-0.103283
-0.112129	0.00147977	-0.194337	-0.0421098	-0.238406	0.00882438	-0.0634743	0.386082	0.0300106	0.22406
-0.0355893	-0.0466554	-0.467288	-0.233415	-0.0532516	0.0513609	-0.00954966	0.210788	0.231452	0.352149
0.150249	-0.0884272	-0.760851	-0.352247	0.14337	0.257018	0.127481	0.0378204	0.157482	0.328103
0.0356408	-0.122887	-0.843489	-0.374487	0.251776	0.1422	0.199521	0.293705	0.246996	0.171023
-0.0378164	-0.159599	-0.527283	-0.358012	0.364772	0.043448	0.140334	0.304339	0.0480178	0.181799
-0.0315849	-0.157426	-0.521523	-0.170164	0.251103	-0.0338514	0.180993	0.00344046	0.156597	0.322417
0.016723	-0.318644	-0.607748	0.0745174	0.459844	0.251514	0.0130237	-0.0273994	-0.111922	0.250093
0.0184139	-0.430857	-0.557732	-0.0995163	0.572821	0.202702	0.229998	-0.0283816	-0.0655884	0.158139
0.115429	-0.00394182	-0.561992	-0.0149768	0.764265	0.228364	0.210383	-0.572096	0.0943358	-0.259772
-0.0239122	0.239202	-0.438732	0.0933416	-0.084472	0.276264	0.154466	-0.725037	0.472589	0.0362903
-0.55705	0.870709	-0.456041	0.426685	-0.435447	-0.0741588	-0.233942	-0.109191	0.2956	0.272838
-0.777473	0.515291	-0.478639	0.160776	0.206474	-0.0527821	-0.292975	0.326343	0.0898365	0.303151
-0.628122	0.123782	-0.273384	0.0712753	0.341236	-0.315435	-0.0830625	0.455809	-0.00433128	0.312234
-0.125113	0.104018	-0.294909	0.0141277	0.0358951	-0.335384	-0.138345	0.397514	0.000577482	0.341622
-0.00466576	-0.0250911	-0.186759	0.0916928	-0.00103844	-0.255611	-0.196372	0.308446	-0.100476	0.369875
0.0754028	-0.171821	0.141235	-0.0519856	0.0889706	-0.278798	-0.259045	-0.0607611	0.112246	0.404557
0.0450088	-0.138838	-0.0508649	-0.0894857	0.0936794	-0.433249	-0.107279	0.0539211	0.208668	0.418441
0.117666	-0.0850561	-0.00453112	-0.446393	0.180807	-0.723804	0.104373	0.0828389	0.354689	0.419407
0.277815	-0.0740203	-0.0959458	-0.346164	0.067351	-0.909706	0.310314	0.0363653	0.384073	0.349919
0.411451	-0.0472344	-0.270246	-0.198878	-0.153268	-0.802778	0.532483	-0.111347	0.493393	0.146426
0.439788	-0.0418911	0.062736	-0.0830608	-0.0961364	-0.613468	0.217828	-0.094693	0.398357	-0.189457
-0.00968408	-0.0248674	0.177764	0.0038352	-0.0394305	0.0167674	-0.148662	0.0107257	0.103661	-0.0901083
-0.0283258	-0.0157095	0.103723	-0.000407454	-0.0136615	0.0810158	-0.137168	0.0179564	0.0214711	-0.028894
-0.000176101	0.00213374	0.0108263	-5.69865e-05	-0.0056473	-0.00212965	-0.0067957	0.00879712	-0.00589026	-0.00106112
-6.43494e-09	3.65291e-05	-4.24794e-06	-1.19002e-05	-1.57127e-07	-1.38424e-06	-1.22619e-06	-5.95229e-06	-3.91934e-06	-7.73525e-06
0.000434804	-2.31722e-05	-2.27799e-05	-0.00133115	-0.0198807	-0.00152175	-0.000225201	0.0370923	-0.000193304	-0.014329
-0.00218616	-0.000490699	-0.000617588	-0.00441805	-0.0573695	-0.00351274	-0.000517241	0.154267	-0.00164074	-0.0835147
-0.0128459	0.00549046	-0.110943	0.00384323	-0.114882	0.000801091	-0.0332576	0.291735	0.0184867	-0.0484278
-0.0329176	0.0117553	-0.346967	-0.141345	-0.107669	0.0652326	-0.0845107	0.22415	-0.0260307	0.438303
0.00654097	-0.036477	-0.655635	-0.236361	0.166734	0.151128	0.0584385	0.0932398	0.0478113	0.404581
0.235082	-0.0741388	-0.870799	-0.330515	0.372698	0.0389179	0.307981	0.114845	0.00544692	0.200481
0.259271	-0.112633	-0.71228	-0.344544	0.302341	0.155721	0.0947954	0.153321	-0.0161321	0.220141
0.102875	-0.0547593	-0.373143	-0.206047	0.34351	0.0037154	0.0924314	-0.00340765	-0.0900791	0.184905
0.0858924	-0.16578	-0.254036	-0.0967978	0.315849	0.0539031	0.119964	-0.122182	0.0208277	0.0423596
0.118464	-0.553606	-0.129499	-0.163038	0.403433	0.221602	0.179293	-0.0334501	-0.148245	0.105046
0.0922532	-0.61616	0.0240767	-0.203186	0.605177	0.285539	0.078526	-0.35659	0.0997185	-0.00935612
0.101837	-0.076608	-0.0932226	0.0926942	0.393797	0.378024	0.143765	-0.946228	0.245384	-0.239444
-0.35768	0.282229	0.0772889	0.35989	-0.201264	0.20276	0.0344671	-0.942173	0.445962	0.0985203
-0.655213	0.648332	-0.0306509	0.269248	-0.103071	-0.0709454	-0.143992	-0.187518	0.0129282	0.260883
-0.79618	0.399187	-0.283772	-0.13107	0.315358	-0.241984	0.065278	0.0846342	0.331942	0.256608
-0.586519	0.154475	-0.266837	0.0438417	0.207463	-0.409363	0.0537775	0.223192	0.133538	0.446435
-0.196357	0.200398	-0.112476	0.0602332	0.167136	-0.191671	-0.212577	0.113658	-0.147157	0.318815
-0.0487759	-0.206137	-0.177883	0.1824	0.175067	-0.1152	-0.182301	0.109277	-0.010172	0.273724
-0.0669958	-0.251991	-0.160147	-0.0616151	0.12502	-0.0159733	0.00989194	-0.0381449	0.0389093	0.421046
-0.205669	-0.163659	-0.135857	-0.44757	0.299258	-0.0283439	-0.0732014	0.200877	0.196461	0.357706
0.0206055	-0.110365	-0.0168637	-0.437392	0.285204	-0.303626	0.18404	0.0796136	-0.0539058	0.352688
0.234397	-0.101221	-0.083915	-0.452767	0.199816	-0.407384	0.401613	-0.00693433	0.0758578	0.140538
0.402465	-0.0890639	-0.109108	-0.211359	-0.0274778	-0.604279	0.649396	0.00857719	0.171592	-0.190744
0.362359	-0.0728029	0.279082	-0.0660552	-0.139279	-0.528267	0.291238	0.0309278	0.118419	-0.275619
0.053684	-0.0420858	0.369304	-0.00528795	-0.00530782	-0.119635	-0.17679	0.0301193	0.0250781	-0.129077
-0.00884777	-0.0200412	0.238056	-0.000924733	-0.0135167	-0.00754791	-0.139211	0.00234466	-0.0135002	-0.0368116
-0.00136265	-0.000425112	0.0682091	-0.00196379	-0.0180451	-0.0183736	-0.0215713	-0.00360078	-0.00159354	-0.0012731
-3.55144e-05	-8.40958e-07	-1.45863e-05	-0.0010839	-5.74975e-05	0.00477658	-7.84645e-05	-3.86772e-05	-0.00016118	-0.00330592
-5.00718e-05	-7.43053e-06	-0.0079312	0.00827946	-0.0101155	-0.000745542	-1.27646e-05	0.0185962	-0.000563385	-0.00744981
-0.00064584	0.000631556	-0.00538039	0.00375979	-0.0243429	-0.00138869	-5.31488e-05	0.0813058	-0.000899967	-0.0529863
-0.0462575	0.0104775	-0.0914978	0.0142022	-0.0226751	0.0107286	-0.0165378	0.141747	-0.0107487	0.0105622
-0.0350066	0.0140783	-0.248028	-0.0622089	0.218425	0.0384173	-0.173462	0.0710573	-0.0893089	0.266038
0.204233	-0.0486338	-0.488913	-0.236267	0.389485	-0.0156506	0.0302468	0.0809871	-0.060787	0.1453
0.214968	-0.0902074	-0.312991	-0.360055	0.334007	-0.0438338	0.222772	-0.0264303	-0.160376	0.222147
0.369783	-0.126448	-0.0725127	-0.337505	0.353158	-0.0202323	0.0712444	-0.0355705	-0.379182	0.177264
0.215236	-0.0679419	-0.089864	-0.202354	0.337391	0.0798031	0.145573	-0.169778	-0.311028	0.0629628
0.224237	-0.243156	-0.0468923	-0.110561	0.271563	0.188156	0.232278	-0.27644	-0.276608	0.0374235
0.0764404	-0.594318	0.0643684	-0.167944	0.287056	0.307568	0.247775	-0.208205	-0.0497958	0.0370537
0.164667	-0.561736	0.0849933	-0.193741	0.358751	0.0298157	0.38637	-0.533423	0.260034	0.00427121
0.114347	0.0328996	-0.0287428	0.162726	0.218145	0.0671978	0.1863	-0.873357	0.24997	-0.129483
-0.313904	0.326044	0.222858	0.0823699	-0.203588	0.0228879	-0.0351467	-0.588911	0.444577	0.042811
-0.689853	0.573827	0.0465836	0.140993	-0.0169499	-0.0924613	-0.0734105	-0.14739	0.251227	0.00743659
-0.696916	0.38923	-0.159154	0.0411104	0.181851	-0.149977	0.0660705	-0.0464269	0.200686	0.173529
-0.652917	0.205161	-0.0610848	0.00611697	0.360277	-0.287439	0.129041	0.0247572	-0.0647882	0.340875
-0.167928	-0.208247	-0.211185	0.0808099	0.480224	-0.274339	-0.266483	0.254011	0.0279535	0.285184
-0.0482532	-0.475832	0.0204889	0.024993	0.226362	-0.147119	-0.171736	0.4324	-0.0564425	0.195139
-0.113322	-0.37162	-0.0677185	-0.122576	0.323572	-0.204211	-0.0468228	0.557287	-0.0184364	0.0638468
0.011964	-0.228166	-0.00293187	-0.280868	0.215575	-0.0268048	-0.0534287	0.324968	-0.178528	0.218222
0.146869	-0.150424	-0.109486	-0.0872894	0.101771	-0.101414	0.11534	0.141879	-0.216895	0.159647
0.157198	-0.106891	-0.0769556	-0.253441	0.0978841	-0.0147223	0.3381	0.264284	-0.309098	-0.0963582
0.356767	-0.0761736	0.0877788	-0.156365	-0.0401693	-0.155823	0.421078	0.213024	-0.268889	-0.381228
0.36134	-0.0396103	0.294523	-0.032193	-0.151012	-0.225128	0.206262	0.0377231	-0.149442	-0.30246
0.0356768	-0.0265718	0.414839	-0.0203145	-0.0642181	-0.153914	-0.0961479	-0.0182175	0.0114603	-0.0825922
-0.00485678	-0.00422948	0.224558	-0.00912591	-0.0430703	-0.0213207	-0.119358	-0.00351852	-0.00793165	-0.0111463
-0.000141998	-1.95822e-05	0.00702358	-0.00145067	-0.00196599	-0.000838413	-0.00223482	-4.40698e-05	-0.000300551	-2.74742e-05
-1.38054e-05	-3.65907e-07	-4.822e-06	-0.000356843	-2.74962e-05	0.00152643	-2.62329e-05	5.54615e-05	-5.64448e-05	-0.00109588
-5.34896e-05	-7.32976e-06	-0.0170051	0.0189576	-2.65189e-05	-0.000636989	-6.63837e-06	-5.75782e-05	-0.00113268	-3.13394e-05
-0.00120991	0.00403149	-0.00808316	0.0204153	0.0082831	-0.00392567	-0.000233863	0.0205545	-0.00169126	-0.0381405
-0.0608512	0.00280477	0.0191714	0.0245222	0.0441038	-0.0198639	-0.05464	0.0646724	-0.0143556	-0.00556368
0.0598346	-0.00736757	0.0464561	0.0448341	0.176251	-0.0384768	-0.272765	-0.00270121	-0.0976204	0.0915563
0.305951	-0.0847777	0.131477	-0.0563852	0.199822	-0.201484	-0.0302851	-0.104205	-0.217171	0.0570598
0.0872062	-0.155205	0.230757	-0.123546	0.202935	-0.140522	0.197182	-0.0698932	-0.274305	0.0453905
0.305218	-0.143319	0.0335717	-0.272203	0.333506	-0.159305	0.232107	-0.144994	-0.262676	0.0780955
0.268934	-0.119429	-0.0390504	-0.315609	0.340559	0.0453739	0.203614	-0.308026	-0.180068	0.103703
0.286468	-0.29095	0.0225274	-0.273492	0.356009	0.171215	0.180079	-0.324127	-0.0558786	-0.07185
0.292253	-0.440708	0.0208009	-0.199136	0.262564	0.126893	0.31393	-0.294936	-0.123896	0.0422364
0.100551	-0.203831	-0.0911621	-0.0810197	0.324384	0.070821	0.40814	-0.52145	-0.063098	0.0566658
-0.09231	0.121469	-0.0519219	0.0730403	0.15936	0.155748	0.189166	-0.641299	0.167329	-0.0805803
-0.558761	0.420551	0.196154	0.10956	-0.143844	-0.0148788	0.117729	-0.338701	0.367539	-0.155347
-0.772324	0.649655	0.0854148	0.195152	0.0568189	-0.299812	0.204448	-0.289443	0.359446	-0.189353
-0.659287	0.133611	0.0199539	0.173087	0.251822	-0.2732	0.0757774	0.0331376	0.0920352	0.153065
-0.44671	0.145013	-0.00258858	-0.0222246	0.491387	-0.202484	-0.0472997	-0.0890955	-0.0765256	0.25053
-0.19363	-0.495826	-0.105835	-0.00956576	0.439036	-0.244428	-0.0977958	0.492344	-0.141378	0.357079
-0.025412	-0.499202	-0.15111	-0.104296	0.153564	0.138138	-0.105539	0.526297	-0.0616064	0.129166
-0.00864935	-0.410321	-0.0338036	0.0825582	0.177645	-0.0334037	-0.00977015	0.358189	-0.184493	0.0620476
0.185563	-0.285233	-0.229287	0.24267	-0.0666641	-0.125274	0.107454	0.409635	-0.333723	0.0948587
0.0988826	-0.167753	-0.13701	0.15724	-0.0512864	-0.00544799	0.141322	0.361963	-0.322243	-0.0756674
0.195328	-0.128705	-0.219588	0.145701	0.0707341	-0.0361031	0.0692753	0.383815	-0.23452	-0.245937
0.332517	-0.0856721	-0.00190484	0.113497	-0.109898	0.0377005	0.192525	0.145976	-0.281764	-0.342976
0.258647	-0.0497027	0.465814	0.0572869	-0.317875	-0.0211469	0.138213	-0.0135269	-0.247611	-0.270096
-0.00194091	-0.02265	0.514773	-0.0380279	-0.137598	-0.102031	-0.030593	-0.077075	-0.0162638	-0.0885923
-0.00827784	-0.00761296	0.235783	-0.0127443	0.0105417	-0.0341136	-0.119589	-0.0104822	-0.0192307	-0.0342746
-0.00129729	-0.000790616	0.0315167	-0.000527862	-0.00287751	-0.0125575	-0.00851774	-0.000407852	-0.00220361	-0.00233671
-1.24386e-05	-5.17422e-07	-2.62603e-07	-1.10629e-05	-4.95406e-05	-0.000214791	-3.09144e-06	0.00038929	-2.09664e-05	-7.66193e-05
-4.53315e-05	7.40131e-06	-0.00848393	0.0113452	-1.65866e-05	-0.000383768	-2.56989e-05	-0.000916794	-0.000603438	-0.000877063
-0.00338878	0.00323632	-0.00193741	0.0558352	-0.00826909	-0.0133412	-0.00132834	-0.00165343	-0.00395808	-0.0251952
-0.0505156	-0.00341679	0.169065	0.11524	-0.0522631	-0.0111486	-0.0897352	-0.0298838	-0.014162	-0.033179
0.0990595	-0.0185903	0.271841	0.228402	-0.0950593	-0.0553736	-0.296748	-0.0312918	-0.14133	0.0390922
0.374078	-0.117848	0.247977	0.0942467	-0.0350945	-0.13244	-0.00994431	-0.143694	-0.266201	-0.0110794
0.236631	-0.253349	0.35162	-0.113108	0.0847595	-0.145756	0.229629	-0.0672311	-0.195634	-0.127562
0.187082	-0.262972	0.100543	-0.251489	0.310154	-0.385957	0.339229	0.0213912	-0.0296568	-0.0283237
0.301017	-0.236234	-0.0757253	-0.391182	0.350358	-0.281204	0.253694	-0.16264	0.0794635	0.162451
0.27434	-0.152833	0.153187	-0.190442	0.224315	-0.300793	0.302283	-0.195166	0.0621859	-0.177079
0.261982	-0.114502	0.157716	-0.225166	-0.0557718	-0.129917	0.421902	-0.429492	0.091784	0.0214657
0.111934	-0.124583	0.177172	-0.0662893	-0.0719267	-0.136291	0.600148	-0.62071	0.0400818	0.090464
-0.253581	-0.151266	0.28228	0.0452949	0.0579537	-0.0198794	0.0171389	-0.287545	0.406094	-0.0964877
-0.699505	0.41062	0.376126	0.237929	0.0217538	-0.111881	0.047804	-0.180089	0.164158	-0.266915
-0.656548	0.661978	0.157709	-0.00494924	0.28863	-0.31286	0.192355	-0.318668	0.0783402	-0.0859854
-0.429722	0.00147209	-0.0345415	-0.170587	0.491432	-0.177899	0.113985	0.105341	0.0887881	0.0117333
-0.257108	-0.119407	0.181658	-0.280281	0.404084	-0.241248	-0.0476009	0.0634829	0.0908523	0.205569
-0.0189701	-0.673866	0.215222	-0.0164097	0.262621	-0.150448	-0.169214	0.287777	0.00988753	0.253401
0.0331886	-0.505521	0.016735	0.26365	0.173191	-0.10311	0.0835095	0.155095	-0.231347	0.11461
0.062487	-0.362324	-0.0285941	0.310579	0.0713851	0.0130501	0.17752	0.265625	-0.394394	-0.115333
0.202946	-0.244289	-0.103165	0.184005	0.183242	0.0839266	0.000344673	0.223032	-0.430689	-0.0993523
0.135985	-0.15902	0.241964	0.136998	0.097228	-0.00666839	0.00784835	0.249868	-0.417862	-0.286343
0.179318	-0.138321	0.182139	0.265776	-0.118942	0.131653	-0.0508777	0.0552847	-0.298858	-0.207171
0.194999	-0.112216	0.218816	0.29622	-0.218122	0.119857	0.0332871	-0.0512303	-0.108105	-0.373504
0.0473668	-0.0547795	0.507752	0.167076	-0.231945	0.000837944	0.0789325	-0.0631793	-0.189484	-0.262576
-0.0617417	-0.0491037	0.723704	-0.065524	-0.114526	-0.0981583	-0.0720343	-0.0777505	-0.0991943	-0.0856716
-0.0262687	-0.0250419	0.34208	-0.0142995	-0.0574391	-0.0528314	-0.101637	-0.0073872	-0.0355359	-0.0216385
-0.00127377	-0.000391619	0.0498769	-0.000770439	-0.00230863	-0.0233408	-0.018976	-0.000645486	-0.00184298	-0.00032719
0.0	0.0	0.0	0.0	0.0	0.0	0.0	0.0	0.0	0.0
-5.4186e-05	0.000306983	-0.00317509	0.00405025	-1.22715e-05	-0.000324568	-2.18649e-05	-7.45881e-05	-0.000546633	-0.000148025
-0.00752979	-0.000220115	0.0240355	0.0602532	-0.00881909	-0.0206205	-0.00269691	-0.00250219	-0.0042074	-0.0376927
-0.0534264	-0.00716337	0.192591	0.250872	-0.149672	0.00628761	-0.0928701	-0.0355724	-0.0309985	-0.0800474
0.0779217	-0.0343794	0.385396	0.319836	-0.10134	0.0207174	-0.337163	-0.0239391	-0.15525	-0.151797
0.295439	-0.212781	0.34597	0.0904763	-0.109033	0.183982	-0.0928902	-0.0867298	-0.236673	-0.17776
0.276483	-0.370084	0.243338	-0.0702373	-0.0195049	0.332012	0.0891572	-0.197715	-0.124726	-0.158722
0.228129	-0.355996	0.161911	-0.103454	0.160183	-0.226225	0.228356	-0.252044	0.0924074	0.0667329
0.163075	-0.242703	0.13478	-0.271204	0.245636	-0.318354	0.275053	-0.21188	0.129857	0.0957385
0.242701	-0.121823	0.188514	-0.516302	0.12996	-0.244215	0.289351	-0.235542	0.301011	-0.0336539
0.367983	0.0562253	0.322017	-0.558173	-0.0200032	-0.328468	0.534655	-0.494462	0.0459654	0.0742594
0.0886279	-0.157732	0.301712	-0.423703	-0.0843337	-0.299868	0.508055	-0.280952	0.315664	0.0325285
-0.185378	0.0471961	0.361008	-0.276368	0.0367897	-0.441418	0.114001	-0.0591225	0.360268	0.0430236
-0.619797	0.422866	0.305009	-0.20803	0.227352	-0.451367	0.111277	0.0397275	0.221902	-0.0489405
-0.598262	0.495623	0.0860595	-0.336374	0.514432	-0.302769	0.134713	0.0490991	0.0595128	-0.102034
-0.306753	0.00564769	0.117209	-0.312586	0.37172	-0.0938164	0.0320848	0.0247069	-0.0831667	0.244953
-0.0483395	-0.361379	0.0555809	0.0171166	0.303663	-0.0042687	-0.0809137	-0.0948619	0.16452	0.0488831
0.119031	-0.566819	-0.108069	0.211	0.193389	0.121456	0.0600201	-0.0195518	-0.0835882	0.0731341
0.0116485	-0.351338	0.0374988	0.0806399	0.221102	0.180247	0.173703	0.0655401	-0.324276	-0.0947652
0.084763	-0.236871	0.034741	0.313526	-0.0822449	0.0804343	0.138321	-0.0192752	-0.130143	-0.183252
0.129065	-0.170311	-0.00490949	0.0697887	0.0460578	0.100184	0.00405728	0.0733878	-0.101223	-0.146097
0.000827419	-0.11169	0.120692	0.15332	0.0749378	0.0620942	0.0405763	0.0221031	-0.144178	-0.218681
0.166199	-0.0631732	0.149507	0.32106	-0.170163	-0.0073033	0.064874	-0.00406941	-0.158138	-0.298793
0.074127	-0.0697714	0.118008	0.318818	-0.181328	0.120791	0.0479656	-0.0745581	0.0298168	-0.383868
-0.00685042	-0.0439618	0.507484	-0.0504194	-0.202829	0.0669719	0.0329353	0.0186892	-0.054039	-0.267981
-0.0341983	-0.0708127	0.739176	-0.11876	-0.146276	-0.115011	-0.0491917	0.0126102	-0.159913	-0.0576208
-0.0138272	-0.0117263	0.183499	-0.0120722	-0.0303001	-0.0237791	-0.0669941	0.0148854	-0.0288563	-0.0108294
0.0127184	-0.000562291	0.0160027	-0.000562518	-0.0138522	-0.00361265	-0.00712923	-0.00158658	-0.000500432	-0.000915198
-2.31804e-05	-1.09787e-05	-1.02535e-05	-0.000346475	-0.00327011	-0.000193522	-4.26869e-06	0.00346059	-0.000103699	0.000501897
-1.19172e-05	5.5941e-05	-0.000126552	0.000371799	-2.31609e-06	-0.000171032	-4.84678e-06	-2.08224e-06	-8.1255e-05	-2.77384e-05
-0.00717066	-0.000638066	-0.00767459	0.0609787	-0.0104804	-0.0135034	-0.00214422	0.00689255	-0.00414901	-0.0221109
-0.0919587	-0.00866731	0.120074	0.390016	-0.113904	-0.000129523	-0.0771461	-0.0112222	-0.0840079	-0.123053
0.0210462	-0.0674962	0.431231	0.309154	-0.0770374	0.190934	-0.29761	-0.0813669	-0.229679	-0.199173
0.118463	-0.264867	0.477773	0.259136	-0.0920572	0.254803	-0.260241	-0.140196	-0.106007	-0.246808
0.15636	-0.478546	0.203837	0.105816	-0.089384	0.494515	0.0093836	-0.334211	0.0430135	-0.110782
0.142689	-0.375717	0.395128	-0.155782	0.0158402	0.162839	0.186301	-0.330427	0.0443952	-0.0852674
0.250678	-0.120814	0.127161	-0.14657	0.0815581	-0.0147173	0.164941	-0.310242	0.0742858	-0.106281
0.282497	-0.00689348	0.067032	-0.363535	0.050401	-0.140083	0.247936	-0.336085	0.231094	-0.0323646
0.366127	-0.157979	0.23769	-0.442337	-0.228109	-0.144918	0.289917	-0.374279	0.254022	0.199865
0.0970747	-0.156328	0.157819	-0.409966	-0.0992268	-0.121791	0.297824	-0.173119	0.285985	0.121726
-0.269301	0.0132321	0.293569	-0.472435	0.145256	-0.141119	0.558586	-0.124489	0.21818	-0.221479
-0.535766	0.153754	0.30273	-0.322507	0.278883	-0.114333	0.314613	0.0668138	0.0371589	-0.181346
-0.449948	0.230081	0.128828	-0.225329	0.328234	-0.0221858	0.0554599	-0.0313726	-0.125353	0.111587
-0.159833	-0.192058	-0.0497953	0.127721	0.2068	-0.0434467	0.0845754	-0.0893554	-0.0249943	0.140387
0.00800212	-0.359551	0.114702	0.331543	0.228572	-0.000817545	0.179603	-0.213803	-0.170945	-0.117302
0.0406561	-0.198214	0.200211	0.200371	-0.154511	0.133096	0.219188	-0.131457	-0.206082	-0.103257
0.00670032	-0.0617783	0.0918357	0.172883	-0.0689132	-0.0536954	0.216581	-0.103846	-0.0553048	-0.144462
-0.0237298	-0.0673005	0.0929915	0.211068	-0.143352	0.0903547	0.00100226	-0.0356176	-0.0403057	-0.0851092
-0.116597	-0.00975727	-0.00640943	0.124901	-0.0366979	0.12233	0.000875858	-0.0539601	0.00511857	-0.0298048
-0.0139433	-0.0249832	0.120179	0.333773	-0.0346029	0.0510129	0.0849034	-0.161344	-0.150583	-0.204412
0.168227	-0.072506	0.122159	0.397175	-0.305987	0.0803738	0.0641874	-0.182264	0.0123746	-0.283739
0.0634413	-0.0774013	0.404145	0.16114	-0.211147	0.150169	0.0554346	-0.265537	0.0630452	-0.343289
-0.0296546	-0.0182622	0.675102	-0.167932	-0.181158	0.153929	-0.00199219	-0.154549	-0.0618528	-0.21363
-0.0281533	0.005867	0.510642	-0.0782361	-0.138573	-0.0684505	0.00252809	-0.0171956	-0.135791	-0.052637
-0.00676262	0.00370589	0.0647467	-0.00941633	-0.0120216	-0.0163654	-0.0203686	0.0130887	-0.0139067	-0.0027
-0.00411873	-7.3896e-06	0.0224217	-0.000150668	-3.01387e-05	-0.00780953	-0.00975354	-1.35661e-05	-0.000253694	-0.000284432
-1.87322e-09	3.12467e-05	-2.0282e-05	-2.30875e-06	-9.21146e-09	-8.46311e-08	-2.09529e-07	-3.49663e-07	-7.75227e-06	-2.48695e-07
0.0037629	0.000151325	-0.00138488	4.53265e-05	-0.00466258	-0.00048808	-0.000367588	0.0116156	-0.000582253	-0.00808976
-0.00453827	-0.000953524	-0.00633618	0.0535491	-0.00850563	-0.0120454	-0.00226235	0.00521866	-0.00699854	-0.0171278
-0.0739738	-0.0104667	0.0127815	0.415016	-0.0176066	0.00327374	-0.0734523	-0.0406126	-0.119881	-0.0950775
-0.0277971	-0.09918	0.292428	0.341145	-0.0837371	0.245421	-0.211653	-0.0756114	-0.213178	-0.167837
0.0756309	-0.339874	0.205722	0.377645	-0.0267858	0.274022	-0.24906	-0.185674	0.0402764	-0.171903
0.18026	-0.276588	0.14812	0.144885	-0.101899	0.335949	-0.0685472	-0.325613	0.109305	-0.145872
0.193472	-0.0841217	0.348788	-0.00897083	-0.135719	0.108052	0.101831	-0.414807	0.0141289	-0.122653
0.224632	-0.0527638	0.219789	-0.0119795	-0.24616	0.255922	0.0552482	-0.312069	0.0648807	-0.1975
0.186443	0.0420587	0.219541	0.00172052	-0.352901	0.0988237	0.228806	-0.324116	0.203376	-0.303753
0.314103	-0.124306	0.305419	-0.082228	-0.404838	0.052063	0.367072	-0.396618	0.193853	-0.224521
0.339477	-0.0855982	0.2291	-0.23577	-0.210165	0.048942	0.590084	-0.241105	-0.116099	-0.318863
0.176877	-0.0631779	0.22721	-0.273335	-0.365544	0.0740348	0.540588	-0.0940846	0.0233762	-0.245944
-0.127536	0.177994	0.350804	-0.146914	-0.153425	0.0677544	0.21776	-0.0338758	-0.129757	-0.222803
-0.203422	-0.0308125	0.121529	-0.00514696	0.136821	-0.0100507	0.264454	0.123699	-0.155658	-0.241411
-0.096652	-0.033053	0.146297	0.0580102	0.00474161	0.0580863	0.236876	-0.154405	-0.0205824	-0.199318
-0.0758014	0.115351	0.19709	0.157373	-0.0389061	-0.036818	0.211828	-0.331024	-0.0380689	-0.161022
0.0369095	-0.00100813	0.201321	0.300615	-0.177559	-0.0358446	0.160871	-0.301389	0.017699	-0.201612
-0.0214696	0.094932	0.102793	0.267623	-0.167874	0.0320646	0.0917111	-0.340025	0.100936	-0.16069
-0.101523	0.115156	-0.00735151	0.191093	-0.223981	0.0458119	0.123782	-0.14243	0.0309234	-0.03148
-0.0235779	0.0487154	0.0967782	0.0979885	-0.178983	0.175396	0.0799099	-0.292408	0.0153532	-0.0191726
0.0633635	0.00705976	0.191312	0.291143	-0.115437	0.123608	0.125431	-0.428971	-0.0313841	-0.226125
0.167702	-0.0554468	0.295256	0.149599	-0.380013	0.123946	0.100448	-0.375908	0.196419	-0.222003
0.0169204	-0.0432857	0.329599	0.0926923	-0.259553	0.206482	0.00496725	-0.296441	0.134277	-0.185656
-0.00601599	0.0213961	0.37231	-0.114449	-0.15569	0.169183	-0.0425623	-0.0823365	-0.0576873	-0.104147
-0.0361055	0.0380458	0.377124	-0.0483701	-0.067703	-0.018676	-0.0780921	-0.0213183	-0.112455	-0.0324499
-0.0075082	0.00373536	0.109173	-0.00763408	-0.00210374	-0.028307	-0.0391355	-0.00246232	-0.0156544	-0.0101029
-0.00111305	3.4429e-05	0.00948286	-7.87217e-05	-1.66428e-07	-0.00213962	-0.00611221	-3.82341e-07	-7.29421e-05	-2.07421e-07
0.0	0.0	0.0	0.0	0.0	0.0	0.0	0.0	0.0	0.0
0.00947721	-3.99844e-05	-0.00316979	-8.70084e-05	-7.14412e-05	-0.000473234	-0.000920309	-0.000146552	-0.00125507	-0.00331383
-0.00482823	-0.00588562	0.0186678	0.0389393	-0.00405169	-0.00595424	-0.00220838	-0.00857737	-0.011561	-0.0145406
-0.0637015	-0.0223932	0.0874161	0.348816	-0.0394121	0.0220435	-0.0514668	-0.0741173	-0.124823	-0.0823611
0.00309168	-0.0648978	0.317158	0.386298	-0.103605	0.107351	-0.182504	-0.177894	-0.185259	-0.0997374
0.146576	-0.225321	0.264043	0.251909	-0.167955	0.323771	-0.269772	-0.250073	-0.0388479	-0.0343281
0.167583	-0.0392461	0.225526	0.331117	-0.234907	0.212808	-0.197195	-0.390898	0.10739	-0.182178
0.157783	0.0169055	0.44351	0.191904	-0.381008	-0.0540168	0.0835495	-0.419962	0.301525	-0.340189
0.184073	0.158437	0.259915	0.19726	-0.468289	0.222835	0.00202075	-0.301398	0.0353119	-0.290166
0.224496	0.109528	0.249101	0.269734	-0.398344	0.204333	0.214701	-0.353626	-0.0746429	-0.445279
0.33003	0.132461	0.238874	-0.00537919	-0.37939	0.0388045	0.398329	-0.301333	0.109194	-0.56159
0.446836	0.136487	0.332494	-0.157389	-0.185578	0.127508	0.355996	-0.273107	-0.164195	-0.619051
0.403758	0.0668685	0.202707	-0.362279	-0.221789	0.0399609	0.473801	-0.0734376	0.0323917	-0.561981
0.165353	-0.0322487	0.069349	-0.106944	-0.343826	0.0393119	0.339081	0.0256499	0.0474617	-0.203189
0.0278795	0.000317778	0.0129336	0.0423208	-0.133575	-0.0589696	0.557465	0.0460262	-0.205116	-0.28928
0.0198191	-0.0204251	0.0555514	-0.0464287	-0.0526009	0.0396762	0.324361	-0.18682	0.0886455	-0.221778
-0.0693913	0.216364	0.0767295	0.0782271	0.0420427	0.128897	0.155182	-0.330025	-0.181363	-0.116663
-0.0154647	0.278166	-0.0524485	0.181433	-0.00328888	0.179746	0.0648724	-0.41723	-0.0586523	-0.157131
-0.120754	0.331397	0.131269	0.227851	-0.11092	0.182218	0.214385	-0.550223	-0.0510265	-0.254197
-0.108169	0.269404	0.242614	0.15999	-0.226843	0.109665	0.0966347	-0.38364	-0.0545081	-0.105148
-0.0526787	0.144859	0.165303	0.248188	-0.14593	0.0235767	0.168656	-0.520913	0.121547	-0.152607
0.0544124	0.0244031	0.25669	0.107183	-0.088307	0.159683	0.0231004	-0.517792	0.216732	-0.236104
0.0795727	-0.0462968	0.265165	-0.0097955	-0.234725	0.382638	-0.087424	-0.421258	0.241	-0.168876
-0.0523163	-0.0516328	0.302449	0.0120476	-0.209043	0.199395	-0.023127	-0.211393	0.103997	-0.0703753
-0.0331214	-0.0225228	0.35594	-0.0862494	-0.103614	0.0925453	-0.061611	-0.0450534	-0.109218	0.0129065
-0.0288378	0.00335184	0.179596	-0.0281513	-0.0651216	0.049475	-0.0360969	-0.0238925	-0.0751746	0.0248524
-0.00130819	0.00564702	0.0339058	-0.00316533	-0.000544927	-0.00427324	-0.00760731	-0.00157376	-0.0139028	-0.00717727
-2.10324e-05	0.000130884	-0.00010559	-4.40262e-05	-2.43049e-05	0.000364818	-4.55897e-06	-3.15984e-05	-0.000232633	-3.19584e-05
-2.20852e-08	8.07075e-05	-3.7537e-05	-1.27246e-05	-4.48784e-07	-5.09826e-07	-7.15846e-07	-5.28214e-06	-2.2197e-05	-1.27012e-06
-5.37969e-05	7.62631e-06	0.000114085	0.000577917	-2.69121e-06	-0.000185931	-3.14203e-05	-0.000152739	-8.97147e-05	-0.000183337
-0.0126211	-0.0101737	0.0406232	0.052214	-0.0006446	-0.0115161	-0.00148412	-0.0322258	-0.0117252	-0.0124465
-0.0458624	-0.0131428	0.12749	0.22726	-0.0477249	0.0345157	-0.0315929	-0.0979461	-0.0874998	-0.0654953
-0.0640192	0.0455923	0.195168	0.251935	-0.088691	0.172171	-0.142548	-0.182825	-0.09957	-0.0872115
0.086425	0.250667	0.194074	0.104594	-0.117297	0.0734052	-0.237313	-0.234977	-0.0669452	-0.0526334
0.122447	0.222957	0.185006	0.226665	-0.298596	0.118345	-0.315222	-0.313265	0.190655	-0.138994
0.129493	0.128654	0.159564	0.179762	-0.362214	0.20061	-0.104091	-0.34726	0.2603	-0.244816
0.0166008	0.182224	0.0766626	0.14155	-0.182175	0.16289	0.0952712	-0.251878	-0.0223459	-0.218801
0.0753382	0.0766278	0.246906	-0.141453	-0.193805	0.149688	0.181859	-0.330175	0.123004	-0.187991
0.233595	0.184276	0.106211	-0.0968848	-0.214025	0.0793779	0.263161	-0.238716	-0.049852	-0.267143
0.351243	-0.109589	0.0795353	-0.134612	-0.0708409	0.197691	0.332925	-0.208543	-0.00914009	-0.42867
0.306487	-0.153746	-0.0128904	-0.0981523	-0.115818	0.123229	0.526396	-0.112933	-0.0981437	-0.364428
0.114506	-0.166681	0.0809214	-0.0634552	-0.201941	0.0645384	0.53439	-0.153254	0.100027	-0.309052
0.0179962	0.0734886	0.0760871	-0.0952202	-0.134284	0.111916	0.53532	-0.219498	-0.0459122	-0.319891
0.00439887	0.0597962	-0.0405348	0.00890164	0.042324	0.089007	0.284576	-0.138925	-0.0336068	-0.275936
-0.0113119	0.0251328	0.102217	0.0980205	-0.0880367	0.0447249	0.227509	-0.102942	-0.149643	-0.145671
-0.159861	0.139098	0.223495	0.0356408	-0.00607104	0.130637	0.318121	-0.326479	-0.0531005	-0.301479
-0.17068	0.333279	0.297067	0.192605	-0.141341	0.00498651	0.244236	-0.381039	-0.0842303	-0.294885
-0.187251	0.22414	0.371489	0.264471	-0.0242357	-0.00965352	0.104476	-0.401971	-0.0681679	-0.273297
-0.0800526	0.233081	0.0780388	0.0643639	-0.00886273	0.213701	0.0275011	-0.453138	0.125862	-0.200493
-0.00489015	0.115427	0.171891	-0.0905055	-0.00280221	0.341329	-0.0515655	-0.478713	0.0881747	-0.0883465
-0.00347455	-0.124299	0.325253	-0.0878943	-0.108234	0.357307	-0.00587991	-0.385262	0.144728	-0.112242
-0.0112134	-0.093964	0.394117	-0.135394	-0.0799805	0.190616	-0.0353799	-0.20597	-0.0164754	-0.0063543
-0.0331966	-0.000279465	0.26702	-0.102225	-0.0805452	0.0955313	-0.0328458	-0.0380514	-0.144016	0.0686103
-0.0143562	-0.000705618	0.102361	-0.0208708	-0.0576348	0.0746817	-0.0265934	-0.0154452	-0.0509769	0.00954079
0.0124971	-0.00130554	0.0112343	-0.00314785	-0.00109056	0.00192687	-0.00225936	-0.00144154	-0.00492778	-0.0114856
4.65475e-06	-4.47792e-11	-8.08144e-07	-2.94083e-07	-3.71089e-09	-1.47513e-06	-2.3121e-07	-7.63435e-09	-1.8209e-06	-1.38433e-08
-2.1395e-08	7.81853e-05	-3.63639e-05	-1.2327e-05	-4.3476e-07	-4.93894e-07	-6.93475e-07	-5.11708e-06	-2.15033e-05	-1.23043e-06
-8.50336e-07	2.312e-05	-1.28694e-05	2.1784e-05	-1.80097e-07	-7.00528e-06	-2.27154e-07	-8.91313e-06	-8.56056e-06	-6.29811e-06
-0.0026762	-0.00979777	0.0268993	0.0551233	-0.000387058	-0.00802209	-0.000226617	-0.0379813	-0.00865313	-0.0142784
-0.0418758	-0.010402	0.0876699	0.162705	-0.0431552	0.0165744	-0.0119061	-0.0885947	-0.037385	-0.0336305
-0.162941	0.0995667	0.148287	0.169008	-0.0680135	0.163312	-0.0670656	-0.120719	-0.0857714	-0.0756619
-0.0426351	0.499201	0.148654	0.0914619	-0.109739	-0.0347731	-0.150187	-0.0590249	-0.156017	-0.186939
0.0406185	0.373224	0.24314	0.153872	-0.172052	-0.150643	-0.278767	-0.0704231	0.0315168	-0.170486
0.102744	0.13549	0.226151	0.104476	-0.212184	-0.0256535	-0.253641	0.0262705	0.147856	-0.251509
0.163504	0.0790929	0.293265	-0.0355141	-0.187033	0.0756185	-0.176508	-0.0886114	-0.023806	-0.100009
0.144767	0.0963955	0.272586	0.00608559	-0.202155	0.0797819	-0.0284008	-0.211593	-0.0691785	-0.088289
0.142823	-0.0766702	0.109752	0.0289363	-0.128537	-0.0187656	0.0722065	-0.117147	0.0119431	-0.0245416
0.195757	-0.331062	0.142585	0.0984066	-0.102736	0.0898757	0.0376568	-0.242548	0.171797	-0.0597327
0.164146	-0.442248	0.0822694	-0.0592809	-0.138674	0.178977	0.225861	-0.122619	0.146722	-0.0351543
0.362484	-0.31306	-0.0219741	-0.078912	-0.0962499	0.279247	0.200899	-0.30761	0.14982	-0.174644
0.122481	-0.0904029	-0.0874077	-0.0748536	-0.150009	0.162304	0.0436511	-0.10409	0.216343	-0.0380156
0.0966541	0.0332827	-0.135925	0.0503685	-0.114944	0.0802539	0.167252	-0.0419999	0.0785611	-0.213502
0.0265107	0.0441463	-0.0242957	0.0460487	-0.105334	0.15927	0.135927	-0.0743691	-0.0325765	-0.175327
0.023974	0.235199	0.012751	0.102912	-0.00315686	0.0458831	0.0343837	-0.226617	0.0289232	-0.254252
-0.0962475	0.333941	0.167253	0.109846	-0.0115168	0.107093	-0.0501107	-0.267878	-0.0223379	-0.270042
-0.129583	0.18743	0.275572	0.19972	0.216446	0.120439	-0.0539712	-0.285779	-0.113198	-0.417074
-0.16536	0.13816	0.281021	0.103247	0.0973895	0.149425	0.00286982	-0.414095	-0.0256246	-0.167033
-0.0955378	-0.0265634	0.253344	-0.0642409	0.202603	0.101525	-0.0046529	-0.433197	0.102612	-0.0358912
-0.000201054	-0.127012	0.330041	-0.0276541	-0.00759943	0.166351	-0.0878856	-0.292	-0.0034903	0.0494512
0.0222143	-0.0653576	0.22448	-0.0829664	-0.088723	0.158095	-0.0824592	-0.191223	-0.0136543	0.119595
-0.0212081	-0.0122498	0.157443	-0.0685463	-0.0672353	0.0946984	-0.0376951	-0.0387954	-0.0678049	0.061394
-0.00918835	-0.00223902	0.052745	-0.0183368	-0.0370354	0.0522894	-0.0110015	-0.0171558	-0.0216748	0.0115975
0.0013337	0.00259663	-0.0129024	-0.000115788	0.00172771	0.0131574	-0.00013248	-0.000407246	-0.00230884	-0.00294869
8.59338e-06	-8.26693e-11	-1.49196e-06	-5.42922e-07	-6.85087e-09	-2.72331e-06	-4.26849e-07	-1.40942e-08	-3.36165e-06	-2.55569e-08
0.0	0.0	0.0	0.0	0.0	0.0	0.0	0.0	0.0	0.0
0.0	0.0	0.0	0.0	0.0	0.0	0.0	0.0	0.0	0.0
-0.00029451	-0.000137974	0.000565024	0.0427418	-0.000131636	-0.000737175	-2.91098e-05	-0.0290332	-0.00203535	-0.0109079
-0.0175595	-0.0293271	-0.0202906	0.160383	-0.00881656	0.0180355	-0.00183701	-0.0664087	-0.0241463	-0.0100324
-0.11308	0.0183967	-0.0136813	0.250622	-0.0322329	0.096444	-0.0136517	0.0104801	-0.112445	-0.0908519
-0.127864	0.311162	-0.0422886	0.248628	-0.0697868	0.0981523	-0.0445568	0.105744	-0.333025	-0.146163
-0.0514808	0.311381	-0.0146033	0.242731	-0.0693912	-0.0425677	-0.105593	0.230314	-0.333406	-0.167384
0.08297	0.0970783	0.049458	0.216748	-0.0729728	-0.129791	-0.211403	0.27044	-0.145452	-0.157076
0.140022	-0.025237	0.116428	0.00218826	-0.0559352	0.0917875	-0.264838	-0.17273	0.182336	-0.0140219
0.220641	-0.00482389	0.123835	0.118583	-0.0368453	0.137524	-0.312126	-0.11815	0.0543727	-0.183011
0.293093	-0.0938781	0.0142278	0.079691	-0.0276954	0.258166	-0.377062	-0.0882059	-0.0567097	-0.00162433
0.302726	-0.129308	0.16682	0.16005	-0.00978667	0.114459	-0.31616	-0.240431	0.0524095	-0.10078
0.239577	0.0390297	0.0901128	-0.11767	-0.109157	0.139814	-0.152877	-0.225218	0.169117	-0.0727283
0.25221	-0.0912352	-0.0956705	0.0721709	-0.0747599	-0.0113274	-0.0936939	-0.211712	0.375618	-0.121599
0.242366	-0.176918	-0.0957179	-0.107106	-0.0313109	0.109072	-0.0477662	-0.0722901	0.213444	-0.0337723
0.17536	0.0491905	-0.121156	-0.0516299	-0.0712963	0.0418276	-0.0562476	0.0127561	0.215326	-0.19413
0.0133615	0.0714705	-0.0523658	-0.205442	0.0952682	0.175311	-0.123088	-0.122541	0.30881	-0.160783
-0.0044332	0.215531	-0.0504224	0.0777115	0.0333776	0.0125346	-0.101632	-0.109428	0.0957124	-0.168952
-0.280494	0.0509423	0.210422	0.248718	0.189986	-0.165113	-0.0378933	-0.200083	0.152636	-0.169121
-0.310974	0.031479	0.358285	0.020413	0.205048	-0.025599	-0.0160539	-0.312083	0.162096	-0.112613
-0.271907	-0.0499918	0.284336	0.00294048	0.201654	0.0652669	-0.0266494	-0.388366	0.17839	0.00432729
-0.135867	-0.10806	0.329802	-0.0668079	0.18002	-0.0127211	-0.0570903	-0.372265	0.056219	0.186772
-0.0513416	-0.0910911	0.275191	-0.106453	-0.0371727	0.0348661	-0.0430985	-0.242587	0.00202198	0.259666
-0.0250631	-0.0686664	0.164198	-0.0642369	-0.0810477	0.0924524	-0.0328224	-0.197906	0.03173	0.181364
-0.0310321	-0.0155355	0.122809	-0.0270322	-0.0546448	0.0645725	-0.0215494	-0.0575634	-0.0440154	0.0639919
-0.00610671	0.00030279	0.0497691	-0.0162766	-0.00290645	0.0227178	-0.00562261	-0.0195198	-0.0166623	-0.00569513
-1.22934e-05	0.0110969	-0.00924033	0.00330663	0.00177554	0.00767517	-0.000107982	-0.000277634	-0.00974915	-0.00446683
0.0	0.0	0.0	0.0	0.0	0.0	0.0	0.0	0.0	0.0
0.0	0.0	0.0	0.0	0.0	0.0	0.0	0.0	0.0	0.0
0.0	0.0	0.0	0.0	0.0	0.0	0.0	0.0	0.0	0.0
-0.00132005	-9.04289e-06	-0.00175628	0.020959	-9.58706e-06	-0.000385698	-3.87572e-06	-0.0145162	-0.000100123	-0.00285822
-0.00220994	-0.0207311	-0.0488811	0.0957672	-0.000288499	0.0184752	-0.000154192	-0.00159887	-0.0309683	-0.00941049
-0.0157311	-0.0367376	-0.0905247	0.191129	-0.0151337	-0.00738001	-0.00252876	0.102773	-0.138758	0.0128921
-0.0570305	0.0400243	-0.178178	0.214992	-0.0207453	-0.00983485	-0.015473	0.297903	-0.294861	0.0232048
-0.0746258	0.0399751	-0.269234	0.3911	-0.0430316	-0.0335365	-0.0287177	0.346003	-0.355067	0.0271374
-0.118564	-0.0673402	-0.279862	0.424736	-0.0556954	0.0322177	-0.0602437	0.26037	-0.251943	0.116324
-0.0968649	-0.171217	-0.186847	0.242501	-0.0537845	0.0981309	-0.1179	0.155996	0.068	0.0619864
-0.0787775	-0.191555	-0.137944	0.229802	0.0112743	0.327493	-0.179472	0.070304	0.0593924	-0.110517
-0.0575793	-0.259625	-0.215103	0.360435	0.00124056	0.215032	-0.237104	0.105759	0.0784334	0.00851073
-0.0265739	-0.287992	-0.150658	0.339799	0.0714071	0.16549	-0.321034	0.0466831	0.292724	-0.129846
0.146763	-0.267202	0.0120915	0.243271	-0.145901	0.223089	-0.294957	0.0474675	0.230028	-0.194651
0.148438	-0.318611	0.017399	0.301037	-0.161879	0.315094	-0.317335	0.132211	0.14981	-0.266164
0.0759936	-0.321747	0.167303	0.254908	-0.112659	0.273035	-0.2804	0.0335827	0.169642	-0.259659
-0.0525383	-0.268511	0.040468	0.121922	-0.107059	0.236035	-0.243616	0.0382841	0.277843	-0.0428277
-0.119984	-0.350221	0.0163889	0.206621	0.0154517	0.0905868	-0.160896	-0.0270943	0.390354	-0.0612059
-0.172697	-0.106138	0.0972058	0.136729	-0.101778	0.126795	-0.108202	-0.00147913	0.0568399	0.0727238
-0.251644	-0.0111239	0.138799	-0.129848	-0.00557704	0.129163	-0.0905508	-0.124174	0.2673	0.0776553
-0.245485	0.0125307	-0.0113983	-0.114629	0.0870762	0.0271764	-0.0840757	-0.14344	0.362908	0.109336
-0.216627	-0.0173318	-0.00252955	-0.061602	0.0639169	0.0219086	-0.050296	-0.186338	0.116836	0.332064
-0.148447	-0.0195485	0.101544	-0.0368652	0.0565501	-0.0114078	-0.0502899	-0.190993	-0.0237353	0.323194
-0.0652401	-0.0414679	0.0411757	-0.0392511	0.0177888	0.0967088	-0.0292802	-0.172849	-0.0452754	0.237691
-0.0233709	-0.0189762	0.0634677	-0.0227237	-0.0159552	0.0782854	-0.0116769	-0.17455	-0.0302732	0.155773
-0.00369932	-0.00673473	0.139976	-0.0200022	-0.0325864	0.0471628	-0.00275969	-0.0686378	-0.0374863	-0.0152325
-0.000298489	0.00394667	0.0783437	-0.00412557	0.00378282	-0.0123301	-0.000326396	-0.0279643	-0.0170273	-0.0240011
-3.68777e-07	0.000865403	0.0115783	-1.18657e-05	-7.4246e-05	-0.00023488	-2.97986e-05	-1.65497e-06	-0.00249719	-0.00959367
0.0	0.0	0.0	0.0	0.0	0.0	0.0	0.0	0.0	0.0
0.0	0.0	0.0	0.0	0.0	0.0	0.0	0.0	0.0	0.0
0.0	0.0	0.0	0.0	0.0	0.0	0.0	0.0	0.0	0.0
-1.82417e-05	-2.28177e-07	-4.12703e-05	0.002016	-4.98154e-05	-6.79598e-06	-3.09103e-07	-0.00307495	-0.000171599	0.00134722
-0.000120639	-0.00185649	-0.0131944	-0.0115208	-6.93112e-05	0.0194144	-4.74198e-05	0.0159925	-0.00350063	-0.00509727
-0.00263716	-0.0294183	-0.0413796	0.00969055	-0.000327503	0.0235868	-0.000819131	0.0947157	-0.0757213	0.02231
-0.0120477	-0.0610805	-0.064729	0.0760161	-0.034445	-0.0175613	-0.00174942	0.0892185	-0.147505	0.173884
-0.0531349	-0.0830259	-0.07256	0.196835	-0.0980179	-0.0266145	-0.00531	0.0671941	-0.13634	0.210975
-0.0928272	-0.115735	-0.141327	0.344859	-0.165513	-0.0176312	-0.00992978	0.108464	-0.151287	0.24093
-0.152894	-0.113311	-0.259292	0.524774	-0.277475	0.00468762	-0.0324887	0.279851	-0.225771	0.251921
-0.229754	-0.180546	-0.293645	0.562336	-0.227464	0.117886	-0.0461649	0.323643	-0.203647	0.177355
-0.315968	-0.347779	-0.257945	0.564549	-0.168456	0.141275	-0.0452566	0.217385	-0.0152628	0.227459
-0.328838	-0.301369	-0.254434	0.504002	-0.286744	0.235128	-0.0464414	0.366725	0.00773647	0.104235
-0.401763	-0.215535	-0.180152	0.547108	-0.393496	0.258186	-0.0485337	0.316772	-0.0743883	0.191799
-0.367476	-0.26453	-0.120496	0.447199	-0.256346	0.278547	-0.0824684	0.259466	-0.0484002	0.154505
-0.337005	-0.290282	-0.0392983	0.277306	-0.259412	0.141039	-0.0771605	0.231547	0.102765	0.250502
-0.304593	-0.30456	-0.00141874	0.135896	-0.297342	0.257804	-0.0770656	0.244707	0.215436	0.131135
-0.222204	-0.267338	-0.0290104	0.148574	-0.365299	0.213034	-0.0659295	0.159011	0.209345	0.219817
-0.23493	-0.157453	-0.0652328	0.0767094	-0.381639	0.184804	-0.0465601	0.154721	0.205369	0.264214
-0.194003	-0.0689793	-0.152918	0.0239143	-0.304206	0.10388	-0.0386621	0.197689	0.138002	0.295285
-0.116359	-0.0498764	-0.179735	0.0669108	-0.316031	0.0870119	-0.025146	0.0429108	0.0803843	0.40993
-0.116238	-0.0202899	-0.11627	-0.0123213	-0.18437	0.0549843	-0.0139396	-0.078065	0.0213271	0.465184
-0.090364	-0.00544402	-0.0944433	-0.05916	-0.112291	0.102641	-0.00849375	-0.0627748	-0.0244653	0.354796
-0.0373193	-0.00368257	-0.0806543	-0.0225024	-0.0485934	0.139497	-0.00547553	-0.0278296	-0.0288149	0.115376
-0.00863175	-0.000859789	-0.0407989	-0.00415471	-0.0385049	0.102422	-0.00228696	-0.0439451	-0.00913701	0.0458968
-0.00195275	-1.07752e-05	-0.00582859	-0.000206545	-0.0249078	0.0570023	-0.00052626	-0.0038661	-0.00441199	-0.0152915
-4.21631e-07	-4.59013e-06	0.010281	-0.000199326	-0.000730401	-8.17581e-06	-1.88624e-05	-0.00068512	-0.00216799	-0.00646612
-3.23201e-07	-5.47953e-06	0.0122956	-3.00749e-06	-7.86387e-05	-5.69784e-06	-2.10705e-05	-1.35837e-06	-0.00200061	-0.0101794
0.0	0.0	0.0	0.0	0.0	0.0	0.0	0.0	0.0	0.0
0.0	0.0	0.0	0.0	0.0	0.0	0.0	0.0	0.0	0.0
0.0	0.0	0.0	0.0	0.0	0.0	0.0	0.0	0.0	0.0
0.0	0.0	0.0	0.0	0.0	0.0	0.0	0.0	0.0	0.0
0.0	0.0	0.0	0.0	0.0	0.0	0.0	0.0	0.0	0.0
-0.000185326	-0.000736147	-0.000658637	0.000763018	0.00136266	-0.00244357	-3.8096e-05	-0.0252642	-0.0095276	0.0367279
-0.00277338	-0.00277415	-0.00241147	0.0129826	-0.00115279	-0.00634441	-0.000265611	-0.064125	-0.0268302	0.0936944
-0.0129509	-0.0050873	-0.00759157	0.0222785	-0.0382036	-0.0182891	-0.0011021	-0.0606401	-0.0428702	0.164457
-0.0291125	-0.00740464	-0.017469	0.0324457	-0.0906155	-0.0597268	-0.0019516	0.0141993	-0.0221932	0.181828
-0.0438472	-0.012439	-0.0227327	0.0185404	-0.159062	-0.0784675	-0.00427957	0.0873894	-0.0176884	0.232587
-0.0760241	-0.0217731	-0.0220753	0.0088434	-0.253183	-0.0547048	-0.00617396	0.132621	-0.0554904	0.347961
-0.0695679	-0.0548542	-0.0211412	0.0183281	-0.266876	-0.018011	-0.00688017	0.137599	-0.0994348	0.380839
-0.0555475	-0.048696	-0.0442866	0.0176264	-0.323966	0.0575177	-0.00817673	0.13867	-0.0723137	0.339172
-0.0407676	-0.0596032	-0.0263719	-0.00907921	-0.357546	0.057497	-0.00976324	0.0648896	-0.0862541	0.466999
-0.0746886	-0.101444	-0.042472	-0.0102069	-0.3819	0.000515007	-0.0121655	0.257568	-0.103239	0.468035
-0.10265	-0.0881678	-0.0342993	-0.0296723	-0.463918	-0.0319367	-0.0104512	0.317262	-0.124247	0.56808
-0.077496	-0.055858	-0.0422111	-0.0154003	-0.413422	0.0391747	-0.00922581	0.36361	-0.136919	0.347746
-0.053572	-0.0372847	-0.0529982	0.0388598	-0.364527	-0.00173808	-0.00844596	0.239	-0.0947009	0.335407
-0.0662665	-0.021443	-0.0628463	0.028428	-0.320099	-0.0302075	-0.00803689	0.246057	-0.0518844	0.286298
-0.0426293	-0.023165	-0.0424091	0.0123235	-0.315653	-0.0546341	-0.00712488	0.228235	-0.0364879	0.281546
-0.00915676	-0.0118852	-0.0180464	-0.0013614	-0.248668	-0.00984638	-0.00447463	0.11833	-0.0422734	0.227382
-0.0288349	-0.004485	-0.0167245	-0.0155181	-0.122218	0.0224606	-0.00302346	-0.00163845	-0.0225284	0.192511
-0.0357828	-0.0025389	-0.0189917	-0.00991058	-0.0570025	0.0236006	-0.00201571	0.00420922	-0.0100299	0.108462
-0.0189025	-0.000436842	-0.00687497	0.000103687	-0.0262693	0.0127727	-0.00038672	0.033462	-0.00233421	0.00886616
-0.00116273	-8.96648e-06	-4.98645e-05	-0.000160286	-0.000282934	0.000200849	-6.88536e-05	-0.00307188	-0.000222638	0.00482731
-3.61073e-06	-1.6084e-09	-4.80182e-07	-1.46646e-06	-0.000718928	-1.70602e-05	-1.23841e-06	-6.73377e-05	-1.03731e-05	0.000820496
-1.69813e-07	-1.6554e-08	-1.0454e-06	-1.91079e-07	-6.1526e-08	-8.29791e-08	-8.61882e-10	1.22974e-05	-5.9243e-07	-1.01364e-05
0.0	0.0	0.0	0.0	0.0	0.0	0.0	0.0	0.0	0.0
0.0	0.0	0.0	0.0	0.0	0.0	0.0	0.0	0.0	0.0
0.0	0.0	0.0	0.0	0.0	0.0	0.0	0.0	0.0	0.0
0.0	0.0	0.0	0.0	0.0	0.0	0.0	0.0	0.0	0.0
0.0	0.0	0.0	0.0	0.0	0.0	0.0	0.0	0.0	0.0
0.0	0.0	0.0	0.0	0.0	0.0	0.0	0.0	0.0	0.0
-2.93787e-06	-3.78271e-06	-2.09887e-06	-5.42787e-07	-1.22234e-06	-8.70838e-07	-7.39252e-08	0.000112205	-3.72e-05	-6.34755e-05
-5.3666e-05	-9.83814e-06	-7.08249e-06	-2.17595e-06	-5.44793e-06	-1.53622e-05	-8.2435e-07	0.000441797	-0.000103458	-0.000243942
-7.56109e-05	-8.73517e-06	-2.5526e-05	-2.15097e-05	-0.00416561	-3.5862e-05	-2.43585e-06	-8.78354e-05	-0.000123418	0.00454655
-0.000156453	-2.22431e-05	-7.4027e-05	-6.37103e-05	-0.0239012	-0.000394934	-3.82136e-05	-0.00161535	-0.000182283	0.0264484
-0.000463885	-4.6998e-05	-0.000106464	-0.00013803	-0.0254183	-0.000941466	-7.05687e-05	0.00752019	-0.000318977	0.0199845
-0.000992247	-3.84706e-05	-0.000176835	-0.0007576	-0.0130545	-0.000711416	-2.85369e-05	0.00669747	-0.000664515	0.0097267
-0.000935185	-0.00307085	-0.00249612	-0.0037501	-0.0277418	0.00253156	-6.05591e-05	0.0349547	-0.0088478	0.00941624
-0.00149945	-0.000880563	-0.00109259	-0.00233479	-0.0197358	0.0070348	-6.43715e-05	0.0109834	-0.00272281	0.0103122
-0.00348458	-0.00234865	-0.000692863	-0.00298169	-0.0302698	0.00413441	-0.000392303	0.0226025	-0.00660849	0.0200414
-0.00604763	-0.00237754	-0.000824545	-0.00416496	-0.0240796	-0.0028368	-0.000403518	0.0925975	-0.00560781	-0.0462552
-0.00902317	-0.00136708	-0.000737223	-0.00600263	-0.0666961	-0.00961033	-0.00079177	0.0930929	-0.00550478	0.00664047
-0.00842187	-0.000453429	-0.000938083	-0.00506616	-0.0351928	-0.00736166	-0.00076638	0.0938225	-0.00525178	-0.0303703
-0.00498858	-0.000297124	-0.000792863	-0.00570201	-0.0236462	-0.00491158	-0.000544865	0.0804401	-0.00277491	-0.036782
-0.00411014	-0.00242974	-0.000877457	-0.00446766	-0.0214909	-0.00570432	-0.000509603	0.0927813	-0.00270229	-0.0504892
-0.0042347	-0.00711643	-0.000618622	-0.00304908	-0.0278841	-0.00488645	-0.000335426	0.11009	-0.00303864	-0.0589261
-0.00211166	-0.000168585	-0.000418814	-0.00213755	-0.0214452	-0.00470208	-0.000198342	0.0748918	-0.00194087	-0.0417688
-0.00382039	-8.02564e-05	-0.00281507	-0.00106399	-0.00473325	-0.00844055	-0.000187187	0.0273545	-0.00221953	-0.00399423
-0.00727946	-2.73629e-05	-0.00189434	-0.000355915	-0.00223747	-0.0033554	-7.71116e-05	0.00986986	-0.00115482	0.00651202
-0.0208629	-5.08492e-05	-0.00707773	-0.000237161	-0.00418238	-0.00292539	-0.000190541	0.0268039	-0.0010077	0.00973075
-0.0047666	-3.14931e-06	-5.57926e-05	-2.54642e-05	-0.000900096	-0.000646346	-1.67023e-05	0.00897681	-0.000202032	-0.00236062
0.0	0.0	0.0	0.0	0.0	0.0	0.0	0.0	0.0	0.0
0.0	0.0	0.0	0.0	0.0	0.0	0.0	0.0	0.0	0.0
0.0	0.0	0.0	0.0	0.0	0.0	0.0	0.0	0.0	0.0
0.0	0.0	0.0	0.0	0.0	0.0	0.0	0.0	0.0	0.0
