0.0	0.0	0.0	0.0	0.0	0.0	0.0	0.0	0.0	0.0
0.0	0.0	0.0	0.0	0.0	0.0	0.0	0.0	0.0	0.0
0.0	0.0	0.0	0.0	0.0	0.0	0.0	0.0	0.0	0.0
0.0	0.0	0.0	0.0	0.0	0.0	0.0	0.0	0.0	0.0
0.0	0.0	0.0	0.0	0.0	0.0	0.0	0.0	0.0	0.0
0.0	0.0	0.0	0.0	0.0	0.0	0.0	0.0	0.0	0.0
0.0	0.0	0.0	0.0	0.0	0.0	0.0	0.0	0.0	0.0
0.0	0.0	0.0	0.0	0.0	0.0	0.0	0.0	0.0	0.0
0.0	0.0	0.0	0.0	0.0	0.0	0.0	0.0	0.0	0.0
0.0	0.0	0.0	0.0	0.0	0.0	0.0	0.0	0.0	0.0
0.0	0.0	0.0	0.0	0.0	0.0	0.0	0.0	0.0	0.0
0.0	0.0	0.0	0.0	0.0	0.0	0.0	0.0	0.0	0.0
-3.45183e-06	-6.22067e-06	-0.000557234	-4.55013e-05	-0.00340147	-7.08072e-05	0.00475847	-6.64275e-06	-0.000124769	-0.000542373
-1.91368e-05	-1.47876e-05	-0.000873194	-0.000112127	-0.00758205	-0.000155623	0.0102942	-1.91208e-05	-0.000282453	-0.00123567
-1.28847e-05	-1.29806e-06	0.000386095	-1.3904e-05	-0.000149116	-6.45315e-07	-0.00013938	-5.09158e-06	-1.02945e-05	-5.34812e-05
-5.36862e-07	-5.40857e-08	1.60873e-05	-5.79334e-07	-6.21315e-06	-2.68881e-08	-5.8075e-06	-2.12149e-07	-4.28937e-07	-2.22838e-06
0.0	0.0	0.0	0.0	0.0	0.0	0.0	0.0	0.0	0.0
0.0	0.0	0.0	0.0	0.0	0.0	0.0	0.0	0.0	0.0
0.0	0.0	0.0	0.0	0.0	0.0	0.0	0.0	0.0	0.0
0.0	0.0	0.0	0.0	0.0	0.0	0.0	0.0	0.0	0.0
0.0	0.0	0.0	0.0	0.0	0.0	0.0	0.0	0.0	0.0
0.0	0.0	0.0	0.0	0.0	0.0	0.0	0.0	0.0	0.0
0.0	0.0	0.0	0.0	0.0	0.0	0.0	0.0	0.0	0.0
0.0	0.0	0.0	0.0	0.0	0.0	0.0	0.0	0.0	0.0
0.0	0.0	0.0	0.0	0.0	0.0	0.0	0.0	0.0	0.0
0.0	0.0	0.0	0.0	0.0	0.0	0.0	0.0	0.0	0.0
0.0	0.0	0.0	0.0	0.0	0.0	0.0	0.0	0.0	0.0
0.0	0.0	0.0	0.0	0.0	0.0	0.0	0.0	0.0	0.0
0.0	0.0	0.0	0.0	0.0	0.0	0.0	0.0	0.0	0.0
0.0	0.0	0.0	0.0	0.0	0.0	0.0	0.0	0.0	0.0
0.0	0.0	0.0	0.0	0.0	0.0	0.0	0.0	0.0	0.0
0.0	0.0	0.0	0.0	0.0	0.0	0.0	0.0	0.0	0.0
-4.87597e-09	-2.9898e-08	-8.25829e-06	-8.57722e-09	-4.00341e-05	-8.78087e-08	5.01764e-05	-6.1499e-08	-5.7066e-07	-1.12067e-06
-1.08651e-07	-8.82575e-08	-2.64738e-05	-3.91448e-08	-0.000282575	-2.65556e-07	0.000315931	-6.63676e-07	-1.70035e-06	-4.01661e-06
-1.95981e-05	-1.07641e-07	-0.000365353	-6.45194e-06	-0.0229471	-1.5213e-05	0.0235583	-5.20358e-05	-5.05716e-06	-0.000147419
-4.00745e-05	-4.9336e-05	-0.000860178	-1.5115e-05	-0.0519844	-2.83873e-05	0.0536831	-0.000306284	-4.84013e-05	-0.000350943
-5.77752e-05	-0.00235952	-0.00257202	-0.000127257	-0.0482826	-8.08272e-05	0.0564304	-0.00160331	-0.000690069	-0.000656989
-0.000163124	-0.00196215	-0.00391407	-0.000153075	-0.0211284	-0.000113053	0.029606	-0.000964559	-0.000733666	-0.000473907
-0.00200949	-0.00126246	-0.00489094	-0.000162001	-0.0356378	-0.000460705	0.047473	-0.00069961	-0.000740825	-0.00160918
0.0128588	-0.00069592	-0.0156314	-0.000283341	-0.0581315	-0.000604598	0.0752679	-0.0045756	-0.00124398	-0.00696042
0.0282827	-0.000608839	-0.0172082	-0.000723671	-0.10421	-0.00387962	0.122587	-0.0108025	-0.00116339	-0.0122732
0.0119101	-0.000415742	-0.0130848	-0.000473477	-0.0546535	-0.00377794	0.0705278	-0.00307208	-0.00144585	-0.00551456
-0.000719185	0.0128396	-0.00143581	-0.00364913	-0.0193407	-0.00178172	0.0186292	-0.000285136	-0.00242968	-0.00182741
0.0104695	0.0194467	0.0145403	-0.00480178	-0.060494	-0.00212431	0.0322855	-0.000709868	-0.00212137	-0.0064906
0.0302332	-0.00474011	0.045296	-0.00160031	-0.0640112	-0.00233208	0.0157363	-0.00144492	-0.00264214	-0.0144947
0.0138178	-0.00285266	0.00896445	-0.000579932	-0.026943	-0.0015636	0.0207902	-0.000658592	-0.00221037	-0.00876428
-0.00118534	-0.000214971	-0.0135103	-0.000144572	-0.0114343	-0.0019791	0.0315017	-0.000129908	-0.00127435	-0.00162892
-0.00061089	-7.22903e-05	-0.0106088	-8.98091e-05	-0.01909	-0.00185274	0.0346971	-0.000170274	-0.00101212	-0.00119008
-0.000276584	-9.47203e-05	-0.00479362	-8.47523e-05	-0.0150396	-0.000942038	0.0227895	-8.42941e-05	-0.000595859	-0.00087807
-0.000115776	-0.000227078	-0.00296706	-5.81401e-05	-0.015769	-0.000190501	0.0203592	-8.60349e-06	-0.000669158	-0.000353929
-1.47842e-05	-1.96683e-05	-0.00032439	-4.82387e-06	-0.0202351	-1.17333e-05	0.020914	-1.66946e-05	-9.93587e-05	-0.000187422
-2.27131e-06	-1.45852e-06	-0.000129211	-6.79106e-07	-0.00598526	-1.12888e-05	0.00629128	-2.29737e-05	-4.29672e-05	-9.51712e-05
0.0	0.0	0.0	0.0	0.0	0.0	0.0	0.0	0.0	0.0
0.0	0.0	0.0	0.0	0.0	0.0	0.0	0.0	0.0	0.0
0.0	0.0	0.0	0.0	0.0	0.0	0.0	0.0	0.0	0.0
0.0	0.0	0.0	0.0	0.0	0.0	0.0	0.0	0.0	0.0
0.0	0.0	0.0	0.0	0.0	0.0	0.0	0.0	0.0	0.0
0.0	0.0	0.0	0.0	0.0	0.0	0.0	0.0	0.0	0.0
-3.42385e-08	-5.72838e-10	-4.07728e-07	-1.91664e-09	-4.79491e-06	-7.15458e-07	7.1892e-06	-8.29379e-12	-8.76545e-07	-3.57688e-07
0.00150615	-4.47514e-10	-1.73739e-05	-6.2283e-07	-0.00132307	-5.97252e-05	0.000150163	-0.000103456	-7.15075e-06	-0.000144918
0.000570095	-1.58507e-06	-0.000550125	-9.72586e-07	-0.000687555	-1.08239e-05	0.000804116	-3.70733e-05	-2.68649e-05	-5.92115e-05
-0.000250047	-4.64626e-06	7.54047e-06	-0.000170329	-0.000713472	-3.91072e-06	0.00116289	-2.76245e-06	-1.70583e-05	-8.20601e-06
-0.0104366	-2.83389e-05	-0.00120332	-0.000958777	-0.0234796	-4.60479e-05	0.0368495	-0.000386324	-0.000140447	-0.000170038
-0.013103	-0.00139831	-0.00438634	-0.00201297	-0.0785076	-0.000765309	0.102877	-0.00123528	-0.000725225	-0.00074327
-0.0121389	-0.0182417	0.00998346	-0.0064454	-0.0973048	-0.00284268	0.133823	-0.00311185	-0.00227073	-0.00144997
-0.0176323	-0.0348075	0.0555123	-0.0119129	-0.0875057	-0.0103637	0.122242	-0.00465506	-0.0079727	-0.0029046
-0.0170362	-0.0287897	0.0341926	-0.00502092	-0.166975	-0.0276679	0.246902	-0.0102605	-0.0154351	-0.009909
-0.0273598	-0.0339421	0.0683172	0.0162629	-0.190119	-0.0538989	0.28784	-0.0230242	-0.0266478	-0.0174287
-0.0286249	0.00696662	0.0443959	0.0217245	-0.250555	-0.0615509	0.348361	-0.0203592	-0.0332787	-0.0270793
-0.0438644	0.0866802	0.0175723	-0.00172931	-0.191906	-0.0698935	0.284091	-0.0106214	-0.0437673	-0.0265604
-0.0759061	0.0845027	0.0553162	-0.00497433	-0.130133	-0.0747097	0.227201	-0.0143396	-0.0426449	-0.0243118
-0.0845658	0.162973	0.099494	-0.0344265	-0.166121	-0.0523886	0.167352	-0.017524	-0.0474727	-0.027319
-0.0663588	0.104335	0.0934933	-0.0309081	-0.183154	-0.0106695	0.187444	-0.0094095	-0.0513472	-0.0334242
-0.058154	0.0239752	0.0151365	-0.029426	-0.0917945	0.0287023	0.179136	-0.00652909	-0.0375074	-0.0235389
-0.0419114	-0.009867	-0.0219947	-0.0405088	-0.0683574	0.0357856	0.17794	-0.00382084	-0.0113127	-0.0159532
-0.0326836	0.00724427	-0.0657832	-0.0208714	-0.0433366	0.00758468	0.188726	-0.00211614	-0.0276279	-0.0111354
-0.0217695	-0.00868411	-0.0306486	-0.00743484	-0.0291358	-0.0286995	0.143148	-0.00102045	-0.0112922	-0.00446308
-0.0113833	-0.00753698	-0.0295005	-0.00745863	-0.024595	-0.0289853	0.126055	-0.00067699	-0.0103135	-0.00560475
-0.00580753	-0.00311769	-0.0291466	-0.00539802	-0.0279848	-0.0156052	0.0976619	-0.000493074	-0.00735062	-0.00275845
-0.0029059	-0.00163031	-0.0072218	-0.00153656	-0.0177236	-0.0163414	0.0505789	-6.5411e-05	-0.00283666	-0.000317226
-0.000530883	-0.000506472	0.0226423	-0.00016529	-0.00214861	-0.00706777	-0.010846	-2.73806e-05	-0.00131564	-3.41755e-05
-7.80973e-06	-2.29017e-05	0.0164325	-9.10219e-07	-0.000319242	-0.000682849	-0.0149602	-2.67448e-08	-0.000437103	-1.41635e-06
0.0	0.0	0.0	0.0	0.0	0.0	0.0	0.0	0.0	0.0
0.0	0.0	0.0	0.0	0.0	0.0	0.0	0.0	0.0	0.0
0.0	0.0	0.0	0.0	0.0	0.0	0.0	0.0	0.0	0.0
0.0	0.0	0.0	0.0	0.0	0.0	0.0	0.0	0.0	0.0
-7.67132e-08	0.00033025	-5.45725e-05	-1.65212e-05	-1.05824e-05	-3.66256e-06	-0.000175401	-8.79887e-09	-6.85381e-05	-8.8642e-07
0.00335117	7.85086e-05	-0.000138324	-2.01263e-05	-0.00433953	6.01959e-05	0.00206814	-0.000305058	-0.000260676	-0.000494304
-0.00580897	-5.86168e-05	-0.00204802	-0.00195251	-0.00211772	0.00724314	0.0058073	-0.000683972	-0.000176151	-0.000204469
-0.0414746	-0.00210093	2.67138e-05	0.0622753	-0.00410803	-0.0264489	0.0170188	-0.00156958	-0.00284482	-0.000773842
-0.0531553	-0.00204281	0.00176919	0.0498999	-0.0391798	-0.0181536	0.0701845	-0.00236212	-0.00580503	-0.00115482
-0.0584378	-0.0155404	0.0348396	0.0753528	-0.0801194	-0.0299233	0.102661	-0.00958898	-0.0163002	-0.00294294
-0.0153793	-0.0467697	0.104358	0.0846814	-0.16231	-0.0390616	0.13217	-0.0272753	-0.0221373	-0.00827674
-0.0409831	-0.072313	0.280414	0.0358236	-0.230063	-0.0634832	0.17186	-0.0347625	-0.0275313	-0.0189606
-0.0285071	-0.121982	0.271108	0.0991293	-0.253458	-0.0593089	0.235329	-0.0631344	-0.0429667	-0.0362064
0.00736741	-0.188999	0.330455	0.245993	-0.305198	-0.112205	0.259363	-0.095327	-0.0856434	-0.0558059
-0.0126388	-0.0987959	0.336362	0.319732	-0.433989	-0.0831128	0.216185	-0.0751348	-0.0970954	-0.0715123
0.0540968	-0.0567086	0.406053	0.240319	-0.496814	-0.107786	0.231314	-0.0733072	-0.0976238	-0.099543
0.042229	-0.076342	0.285186	0.393118	-0.388711	-0.0804764	0.192043	-0.0763116	-0.166571	-0.124165
0.0140195	0.0283101	0.231739	0.33378	-0.386915	0.000476179	0.152167	-0.0733081	-0.154084	-0.146184
0.0173303	0.0628534	0.259524	0.24999	-0.319832	-0.0365026	0.0732934	-0.0592404	-0.121467	-0.125947
-0.0500517	-0.0642486	0.138338	0.217964	-0.214989	0.064736	0.0967825	-0.0450029	-0.0588989	-0.0846295
-0.151502	-0.141778	-0.088576	0.212894	-0.153913	0.189084	0.198281	-0.0377341	0.008889	-0.0356462
-0.170517	-0.102584	-0.145629	0.180841	-0.0384143	0.171057	0.241409	-0.0220729	-0.0792334	-0.0348553
-0.110804	-0.111002	-0.183149	0.17111	0.0141772	0.186303	0.13318	-0.018227	-0.0531111	-0.028476
-0.10492	-0.0936225	-0.143975	-0.0323874	0.015781	0.161012	0.210678	-0.00940604	0.0123784	-0.0155382
-0.0759857	-0.0668144	-0.12346	-0.075338	0.0118949	0.0707444	0.23402	-0.00301352	0.0328384	-0.0048857
-0.039642	-0.0439342	-0.0924479	-0.0435632	0.0101225	-0.0347823	0.210646	-0.00112572	0.0368227	-0.00209554
-0.0176039	-0.0347321	-0.0135934	-0.0135378	-0.00714356	-0.0260743	0.109967	-0.000443921	0.00367714	-0.000514822
-0.00433384	-0.0106326	0.0124368	-0.00031818	-0.000356038	0.023328	-0.0206961	-4.90623e-06	0.000610433	-3.35302e-05
-0.00117008	-0.0145874	-0.000385264	-2.07796e-05	-0.000149166	0.00465904	0.0135411	-1.66379e-07	-0.00188451	-2.77302e-06
0.0	0.0	0.0	0.0	0.0	0.0	0.0	0.0	0.0	0.0
0.0	0.0	0.0	0.0	0.0	0.0	0.0	0.0	0.0	0.0
-2.30131e-08	-1.89861e-08	-1.38962e-05	2.19205e-05	-1.44861e-07	-6.92529e-06	-2.47208e-08	-1.37295e-08	-8.61553e-07	-1.21721e-08
-2.58532e-05	0.00112854	-0.000513798	0.00070241	-2.98669e-06	-0.000606302	-0.000671598	-5.45581e-08	-8.85036e-06	-1.50732e-06
-0.000300813	6.51952e-05	-0.00392049	0.0117134	-0.000669033	-0.00475096	-0.00171565	0.000308796	-0.000579564	-0.000150938
-0.00749225	0.00332463	-0.0250703	0.0401496	0.0100946	-0.0270625	0.0118337	-0.00159254	-0.00367181	-0.000513166
-0.0616354	0.0241999	0.00793746	0.176692	0.012459	-0.118697	0.00470871	-0.0171661	-0.0228817	-0.00561697
-0.0639439	0.0139649	0.0857087	0.216502	-0.0309441	-0.145632	-0.00494539	-0.0201608	-0.0422869	-0.00826164
-0.0228637	-0.0306764	0.0762691	0.261527	-0.0558312	-0.136597	0.0168882	-0.0429871	-0.0452295	-0.0204991
0.00247651	-0.0532793	0.161285	0.333736	-0.168535	-0.254646	0.0950745	-0.0728076	0.00251693	-0.0458197
0.0525571	-0.0831144	0.33361	0.296537	-0.251217	-0.227355	0.0416739	-0.127779	0.0636984	-0.0986102
0.0465129	-0.106711	0.311108	0.383554	-0.356146	-0.102425	0.0475892	-0.191182	0.095892	-0.128191
0.0827519	-0.19963	0.342698	0.453171	-0.35832	0.0163337	-0.0573127	-0.226808	0.13074	-0.183624
-0.0252038	-0.0802926	0.335752	0.4079	-0.327958	-0.0420451	-0.0863934	-0.220663	0.284588	-0.245683
-0.00498313	0.153424	0.2308	0.44088	-0.233482	-0.21354	-0.0539898	-0.232666	0.164211	-0.250656
-0.0622355	0.176913	0.288989	0.314336	-0.327738	-0.0535345	-0.0569591	-0.269445	0.322522	-0.33285
0.0294218	0.0669659	0.181629	0.306229	-0.370279	0.204015	-0.0968252	-0.258654	0.317483	-0.379985
-0.0493814	0.0586364	0.13351	0.334558	-0.210769	0.109515	0.0257369	-0.248789	0.2365	-0.389518
0.0328311	-0.0370841	0.0721792	0.190494	-0.131471	0.12473	0.124372	-0.214124	0.108936	-0.270861
-0.069475	-0.11179	-0.00208197	0.286182	-0.0997648	0.252454	0.0874279	-0.172779	0.0301076	-0.200281
-0.114296	0.113969	-0.148835	0.146424	0.0805696	0.0842318	0.129901	-0.118528	0.0179956	-0.191431
-0.0912682	0.100244	-0.161576	0.0374471	0.164164	-0.135961	0.183286	-0.0877003	0.120941	-0.129577
-0.0935472	0.0521208	-0.272295	-0.0882252	0.157314	0.147845	0.237188	-0.0346096	0.0152855	-0.121076
-0.0861346	-0.0086468	-0.305745	-0.0909388	0.18556	0.112147	0.306966	-0.0353856	-0.00789425	-0.0699261
-0.12298	-0.0427507	-0.240652	-0.171926	0.187598	0.234091	0.239834	-0.0175812	-0.0386738	-0.0269576
-0.126329	-0.133226	-0.11248	-0.0314694	0.112848	0.24585	0.0153437	-0.00530528	0.0425765	-0.00780702
-0.0363185	-0.0698682	-0.00789639	-0.00351556	0.00516884	0.0861776	-0.0131854	-0.00117692	0.0428378	-0.00222306
-0.00335335	-0.00763098	-0.00277448	-9.3482e-05	-0.0115109	0.0103419	-0.00283845	-0.000295172	0.0190645	-0.000909656
-5.96329e-05	-0.00370664	-0.00230851	-2.22445e-05	-0.00231821	-0.00214625	0.0082371	-1.69422e-05	0.00243744	-9.60976e-05
0.0	0.0	0.0	0.0	0.0	0.0	0.0	0.0	0.0	0.0
0.0	0.0	0.0	0.0	0.0	0.0	0.0	0.0	0.0	0.0
-0.000162878	0.000113622	0.000193963	0.00179033	-5.46906e-05	-0.00169629	2.90324e-05	-6.85461e-06	-0.000203893	-2.34482e-06
-0.00247758	0.00395417	-0.000468883	0.0586415	0.000899013	-0.0289809	-0.0198465	-0.00054838	-0.00892428	-0.00224823
-0.0213742	0.00881609	0.00824294	0.14042	0.00988305	-0.111033	0.0110443	-0.00878306	-0.0278337	-0.00938182
-0.0874801	0.0609129	0.0141924	0.312249	0.0388822	-0.18049	-0.101844	0.05588	-0.0811404	-0.0311619
-0.0364895	0.0138109	0.0493207	0.349914	0.0184043	-0.230088	-0.0756608	0.0673045	-0.0856994	-0.0708163
-0.0304462	-0.107891	0.130774	0.280592	-0.0100591	-0.118472	-0.0710559	0.0625924	-0.0301663	-0.105867
0.0067798	-0.242474	0.228077	0.183819	-0.0466346	-0.124682	0.0580753	0.0827946	-0.00673743	-0.139016
0.025546	-0.270771	0.182536	0.170904	-0.0432737	0.0347238	-0.00522177	0.0183563	0.0806658	-0.193466
0.148109	-0.184034	0.232206	0.187432	-0.172127	0.0859917	0.000881732	-0.132377	-0.0715895	-0.0944943
0.0938856	-0.20818	0.281631	0.181121	-0.151355	0.0604024	-0.342084	-0.199715	0.170842	0.113453
-0.00961996	-0.128292	0.221553	0.125731	-0.133501	-0.0112047	-0.250173	-0.166468	0.235647	0.116328
0.130717	0.0226909	0.180921	0.114318	-0.269229	-0.0893077	-0.242899	-0.212589	0.186271	0.179105
0.170673	0.0894159	0.153002	0.0687377	-0.110407	-0.155524	-0.0392251	-0.327404	0.221795	-0.0710637
0.166405	0.169297	0.193389	0.172929	-0.0977719	-0.146844	-0.140629	-0.382968	0.14184	-0.0756468
0.133905	-0.0760483	0.295878	0.262542	-0.0266225	0.0551834	-0.133156	-0.354284	0.161754	-0.319152
0.28993	-0.157757	0.183937	0.000578444	-0.0819316	0.127082	-0.00623583	-0.378344	0.29986	-0.277117
0.29287	-0.0186751	0.11567	0.0482149	0.0449313	0.11974	0.116249	-0.378122	-0.0902982	-0.250581
0.0644067	0.0487577	-0.0269882	0.124999	0.120042	0.0153155	0.181614	-0.406115	0.110671	-0.232704
-0.0441445	0.133344	-0.0177567	0.0135095	0.065008	0.181167	0.127922	-0.366282	0.141857	-0.234623
0.0224229	0.252477	-0.0401747	-0.129703	0.0865009	0.126089	0.117964	-0.227686	0.0302418	-0.238133
-0.00584879	0.21296	-0.174214	-0.142375	0.211915	0.264339	0.0974934	-0.159307	-0.0530691	-0.251892
-0.175223	0.105926	-0.25531	-0.227182	0.343463	0.336071	0.210714	-0.084283	-0.0950597	-0.159114
-0.200784	0.00285101	-0.182042	-0.0767942	0.113135	0.344823	0.0800999	-0.0278901	0.0148708	-0.0682691
-0.081158	-0.0915261	-0.0405392	-0.0176537	-0.0202946	0.206496	-0.026724	-0.00856949	0.102093	-0.0221233
-0.0223032	-0.0148843	-0.0103	-0.00155166	-0.017139	0.0476541	0.0162092	-0.00334879	0.00879691	-0.00313328
-0.00709038	-0.00467842	-0.00338652	-7.74129e-05	-0.000218045	0.00503782	0.0123391	-9.72937e-05	-0.00179777	-3.10856e-05
0.0	0.0	0.0	0.0	0.0	0.0	0.0	0.0	0.0	0.0
-2.81975e-06	-1.12541e-06	-2.29203e-05	0.000307637	-7.7089e-07	-3.23924e-05	-1.9462e-07	-6.52994e-06	-2.66529e-05	-0.00021423
-0.000912699	-0.00843017	-0.004099	0.00425434	-0.0022136	0.00171798	-0.000918701	0.0159319	-0.00266316	-0.00266686
-0.00244348	0.00256694	0.00929623	0.0947176	-0.0196463	-0.0857384	-0.0237365	0.0689642	-0.0268518	-0.0171284
-0.0322136	0.00649389	0.0773032	0.170874	0.0204791	-0.168334	0.00444009	0.0432786	-0.0603477	-0.0619738
-0.0327536	-0.0288787	0.0850417	0.255176	0.121216	-0.155997	-0.0891074	0.10874	-0.0883183	-0.175118
-0.0112856	-0.0874745	0.152653	0.276001	0.108047	-0.103346	-0.170142	0.191517	-0.138773	-0.217196
-0.00761842	-0.196867	0.153386	0.108338	0.0909603	0.0234373	-0.0495895	0.224907	-0.0723132	-0.27464
-0.0385517	-0.307632	0.107897	0.162605	-0.0105584	0.0283649	-0.0352395	0.25955	0.0445873	-0.211023
-0.142557	-0.375973	0.237467	0.260636	0.0169154	-0.0467002	-0.13566	0.165391	0.0783522	-0.0578724
0.0183681	-0.197992	0.214058	0.291037	-0.123114	-0.0408462	-0.274077	0.209028	-0.0842727	-0.0121885
-0.014479	-0.0968784	0.0525489	0.165267	-0.227751	-0.0549833	-0.260406	0.272812	0.00765507	0.156214
-0.0985892	-0.180631	0.0865377	0.0563725	-0.187568	-0.0200037	-0.159389	0.143327	0.223539	0.136405
0.152283	-0.20185	0.0869747	0.267706	-0.324037	-0.0443833	-0.287337	-0.0789946	0.0892436	0.340396
0.154865	-0.13923	0.0395804	0.156281	-0.387328	0.0959684	-0.216643	-0.0929277	0.0709954	0.318438
0.0393454	-0.218569	0.0692151	0.140933	-0.387964	-0.0590812	-0.0983024	0.00977525	0.299564	0.205085
0.102251	-0.218861	0.15006	0.210181	-0.348698	-0.0954762	-0.182909	0.00190214	0.0753544	0.306194
0.206552	-0.282498	0.0199526	0.0678643	-0.207337	-0.0252529	-0.166906	0.0382672	0.102698	0.24666
0.311927	-0.11411	-0.0212147	0.228097	-0.279244	0.0383005	-0.245221	-0.0583684	-0.110879	0.250713
0.130887	-0.147522	-0.089785	-0.054374	-0.059984	0.16279	-0.113183	-0.120697	0.268331	0.0235366
0.118943	0.0557164	-0.149851	0.0813154	-0.14405	0.108948	-0.0312707	-0.132389	0.0999736	-0.0073353
0.266568	0.100258	-0.100346	0.0274375	-0.0299615	-0.00358681	-0.0480448	-0.0668207	-0.0260363	-0.119468
0.265664	0.10553	-0.192923	-0.152363	0.256731	0.195917	-0.0415563	-0.142212	-0.0375487	-0.257237
-0.0276418	0.0737259	-0.355699	-0.217293	0.420108	0.352924	0.00842786	-0.156285	0.164035	-0.262303
-0.281821	-0.013856	-0.200285	-0.0931036	0.134216	0.596783	0.00505542	-0.0755008	0.0910698	-0.162558
-0.189216	-0.0785021	-0.0530994	-0.0380678	-0.0138206	0.349964	-0.0289367	-0.0332644	0.141377	-0.0564335
-0.0823771	-0.00915028	-0.00790255	-0.00431345	0.0252839	0.125304	-0.0285541	-0.0107973	0.0101403	-0.0176334
-0.0205995	-0.000312573	-0.000465198	-0.000353491	-0.00100447	0.0289716	-0.00145288	-0.000628124	-0.00345726	-0.000698156
0.0	0.0	0.0	0.0	0.0	0.0	0.0	0.0	0.0	0.0
-0.000207085	-0.000569759	-0.000966943	0.0090871	-0.000433238	-0.00123314	-8.28813e-05	0.00311477	-0.00237363	-0.00633519
-0.00063964	-0.0114991	0.0114482	-0.00740461	-0.00341	-0.0127183	-0.00387316	0.0438412	-0.00522918	-0.0105154
-0.00497274	-0.00752883	0.0343075	0.0658037	-0.00950273	-0.101146	-0.0301695	0.138303	-0.0274997	-0.057594
-0.0555211	-0.00644573	0.177354	0.28832	0.060378	-0.330207	-0.00324457	0.0750956	-0.0386996	-0.167028
-0.017936	-0.0924413	0.135723	0.379249	0.181391	-0.243677	-0.0815221	0.101996	-0.0448718	-0.317908
0.01276	-0.178158	0.250296	0.183475	0.111782	-0.0544935	-0.209287	0.234883	-0.0637543	-0.287502
-0.0444713	-0.22676	0.0285839	0.0628988	0.112457	0.12081	-0.0313604	0.250793	0.036631	-0.309582
-0.143857	-0.395767	0.112471	0.0576323	-0.00802294	0.181332	-0.0529094	0.168849	0.155828	-0.0755557
0.0144943	-0.31036	0.0297689	0.067003	-0.0124576	0.0415283	-0.147689	0.247905	0.0129059	0.0569021
0.0351451	-0.168654	-0.0492939	0.00582171	-0.154088	0.164822	-0.212737	0.318351	0.0640999	-0.00346518
0.0750235	-0.201558	0.0779357	0.0330652	-0.176532	0.110638	-0.0961024	0.279112	-0.167376	0.0657952
0.0255302	-0.0935044	-0.0146435	0.131603	-0.405495	0.0366456	-0.146116	0.240082	-0.0796044	0.305502
0.139527	-0.196598	0.182836	0.0620651	-0.341394	-0.124001	-0.259076	0.118518	-0.0132106	0.431335
0.0959631	-0.136197	0.0537157	0.248957	-0.42597	0.153667	-0.155361	-0.0653206	-0.248579	0.479126
0.0135616	-0.356417	-0.0649181	0.222789	-0.36632	-0.117187	-0.140889	0.060775	0.224458	0.524147
0.0505376	-0.241297	-0.00268735	0.0231356	-0.391907	0.110796	-0.305628	0.189531	0.0477085	0.519809
0.240503	-0.199043	-0.213846	0.110348	-0.171914	0.0967964	-0.255524	0.269199	-0.172622	0.296105
0.251503	-0.247676	-0.0902016	-0.0313151	-0.248667	0.0679977	-0.31	0.288779	0.113119	0.206462
0.149055	-0.0846882	-0.0719896	0.104815	-0.0909799	0.0817665	-0.296086	0.15077	-0.0305628	0.0879002
0.0131878	0.0288844	-0.153574	0.0709929	-0.13215	0.082013	-0.225658	0.195954	0.0149638	0.105386
0.0812438	-0.0360602	-0.0246187	-0.101793	-0.0668311	0.130447	-0.189619	0.0822044	0.110349	0.0146772
0.16664	-0.037371	0.0289501	-0.187944	0.191678	0.180365	-0.256412	0.0435353	0.0474576	-0.176899
0.16589	-0.0914238	-0.389317	-0.269275	0.325656	0.381516	-0.186674	-0.0203215	0.336454	-0.252506
-0.141917	-0.22893	-0.290699	-0.185156	0.118679	0.671535	-0.0114327	-0.065438	0.344169	-0.21081
-0.222706	-0.129537	-0.0732417	-0.0505009	-0.00949766	0.618139	-0.0728583	-0.0542806	0.0868907	-0.0924081
-0.0929683	-0.00606043	-0.0110081	-0.00365576	0.033005	0.131634	-0.0273427	-0.0110668	0.0174052	-0.0299424
-0.00725894	-0.0028293	-0.000696486	-0.00023348	-0.00133997	0.017205	-0.00549186	-0.000449233	0.00188535	-0.000791078
0.0072058	-2.4211e-07	-0.000161168	-5.43808e-07	-0.000266981	-4.37409e-06	-6.71661e-06	-0.00427828	-1.36861e-05	-0.0024738
-0.000280732	-0.000512692	0.000959121	-0.00378183	-0.00758408	-0.00116287	-0.000256075	0.0382062	-0.00268357	-0.0229034
-0.000334928	-0.00677765	0.00550477	-0.00726011	0.00129467	-0.0155246	-0.00394464	0.082666	-0.00818341	-0.0474402
-0.000896855	-0.00254708	0.030467	0.0841077	-0.0116503	-0.110079	-0.0286183	0.215976	-0.0175508	-0.159207
-0.0836114	-0.02186	0.188961	0.339356	0.0240841	-0.424892	-0.0101902	0.228759	0.00569878	-0.246303
-0.0559976	-0.0693684	0.0981761	0.241941	0.142037	-0.284728	-0.127026	0.237351	0.0797051	-0.262088
-0.0426289	-0.174132	0.0691801	0.118562	0.0523843	-0.102638	-0.218812	0.228145	0.159642	-0.089702
-0.0716033	-0.202169	0.0483179	0.0814509	0.0375818	-0.0969371	-0.143039	0.371195	0.189266	-0.214062
-0.0367856	-0.369508	0.0534038	0.0212297	-0.108622	0.111089	-0.12316	0.227197	0.0484408	0.176715
0.129931	-0.390448	0.00645145	0.00321945	0.0642671	0.0534609	-0.13653	0.161999	0.162049	-0.0544
0.0442031	-0.249241	0.228023	0.0801549	-0.142276	0.0990956	-0.184811	0.111172	0.0837761	-0.0700971
0.0222607	-0.212363	0.109455	0.035598	-0.0926671	0.111455	-0.12891	0.313981	-0.0331181	-0.125689
0.15085	-0.0648032	-0.0475517	0.0951106	-0.25854	-0.0143372	-0.17809	0.351765	0.219558	-0.253959
0.0471349	-0.00864825	-0.0473293	0.0822869	-0.279814	-0.0819886	-0.236764	0.107949	0.252394	0.164781
0.178016	-0.0162548	0.0316184	0.209674	-0.422409	-0.0977295	-0.345107	0.223326	-0.12933	0.368198
0.243722	0.0052726	0.00433375	0.190872	-0.338881	-0.181785	-0.40919	0.296544	-0.0493914	0.238504
0.443279	-0.201024	-0.0678737	0.0548178	-0.404083	-0.0290029	-0.420183	0.284027	0.151135	0.188911
0.275983	0.0679274	-0.0848871	0.105369	-0.211069	-0.00161699	-0.399079	0.248471	-0.0232674	0.0221709
0.123632	-0.14551	-0.205031	0.272774	-0.0618056	-0.0340343	-0.562961	0.376057	0.124363	0.112516
0.0701618	-0.120121	0.0933166	0.165592	-0.094498	0.0931551	-0.486678	0.135398	0.139492	0.00418167
0.135187	-0.188177	-0.0120398	0.166237	-0.07396	0.216476	-0.327607	0.174899	0.0350604	-0.126076
0.0524213	-0.207792	-0.0694608	0.0867828	-0.0411551	0.155017	-0.269856	-0.0078736	0.143891	0.158025
0.230553	-0.221882	-0.0630161	0.137527	-0.0402774	0.0777499	-0.382954	0.123247	0.168306	-0.0292533
0.369863	-0.339461	-0.11685	-0.39601	0.105598	0.567001	-0.371575	0.045512	0.328895	-0.192973
0.0153338	-0.339232	-0.319017	-0.301006	0.0406733	0.977688	-0.234992	-0.107481	0.4391	-0.171067
-0.217725	-0.147931	-0.109891	-0.0679262	0.0236994	0.716032	-0.144631	-0.0820106	0.138046	-0.107661
-0.0776857	-0.0124873	-0.0148131	-0.0049097	-0.0346568	0.189987	-0.0743063	-0.0147768	0.0720489	-0.0284004
-0.00514295	-0.00211401	-0.00145409	-7.06302e-05	-0.00133319	0.0101404	-0.00657993	-0.00334714	0.0111578	-0.00125626
-3.21006e-06	-1.0577e-05	-6.52106e-06	-0.000107139	-0.000454967	-5.35276e-05	-2.88016e-06	0.001795	-2.05677e-05	-0.00113561
-0.000450304	-6.6496e-05	-0.000731655	-0.00344586	-0.00816028	-0.00116829	-0.000135931	0.0470347	-0.00197654	-0.0308993
0.00241032	-0.00443347	-0.00883652	0.0268869	-0.00524157	-0.0077063	-0.00538393	0.0921577	-0.0194201	-0.0704329
0.00852077	-0.00547262	0.0450378	0.132829	-0.0905481	-0.121125	-0.0377599	0.275289	-0.0305634	-0.176207
-0.0617872	-0.053538	0.136611	0.396181	-0.119559	-0.356224	-0.00939522	0.339553	0.0297362	-0.301577
-0.0504905	-0.153936	0.249103	0.171779	-0.0273876	-0.272384	-0.182826	0.246674	0.110439	-0.0909711
-0.0773845	-0.186352	0.046026	0.109511	-0.0734568	-0.0843778	-0.21216	0.15631	0.173575	0.148308
-0.0893452	-0.168932	-0.0166964	0.147996	-0.0637625	-0.00467608	-0.0656221	0.122169	0.126694	0.0121753
-0.0643469	-0.260562	-0.0463831	0.109422	-0.0409949	0.140751	-0.0873118	0.0974038	0.109578	0.0424433
0.0588715	-0.34061	0.102994	0.0311824	-0.0101721	0.0288588	-0.158264	0.134396	0.186886	-0.0341412
0.117677	-0.20872	0.204456	-0.11147	-0.193308	0.151926	-0.210045	-0.00265696	0.121054	0.131087
-0.036515	-0.0857277	0.0438414	-0.312699	-0.0898881	0.319678	-0.114186	0.170133	0.0996158	0.00574684
0.0273719	-0.0779707	0.0176928	-0.237155	-0.0990851	0.201801	-0.209762	0.365094	0.00579349	0.00622184
0.203223	0.0574723	0.0808858	-0.0994282	-0.162819	-0.0472606	-0.368835	0.245435	0.0259046	0.0654223
0.0226392	0.227768	0.158475	0.238314	-0.612398	-0.201963	-0.241027	0.469463	-0.242592	0.181321
-0.0926157	0.448433	0.190099	0.366495	-0.371823	-0.354204	-0.397508	0.392017	-0.437299	0.256412
0.171152	0.13524	0.202954	0.261602	-0.0696905	-0.358566	-0.52957	0.337534	-0.138259	-0.0123959
0.298038	0.0336736	-0.0222271	0.146838	-0.105141	-0.20232	-0.632524	0.445584	0.0452485	-0.00716824
0.230537	-0.123085	-0.0114723	0.112243	0.00673831	-0.0741543	-0.589012	0.299784	0.0463766	0.102047
0.251971	-0.238406	-0.0353254	0.201643	-0.0502064	-0.0771794	-0.518305	0.28996	0.117324	0.0585247
0.177828	-0.311368	-0.0305289	0.271638	-0.00220196	0.0197861	-0.331639	0.0940884	0.0898462	0.0225525
-0.0512158	-0.30098	-0.100806	0.189799	0.00639981	0.239826	-0.236553	0.240568	0.148678	-0.135717
0.0743421	-0.360915	0.0172875	0.230728	-0.0310835	0.23543	-0.432486	0.161259	0.17008	-0.0646429
0.449354	-0.375315	-0.133559	-0.193479	-0.0622568	0.61595	-0.329892	-0.0595883	0.305669	-0.216883
0.177143	-0.249707	-0.307189	-0.26775	-0.225249	1.22395	-0.286864	-0.0921762	0.228962	-0.201119
-0.213634	-0.112852	-0.0869975	-0.0468044	-0.16012	0.935602	-0.241557	-0.0425627	0.0835387	-0.114614
-0.0745204	-0.0138718	-0.00730044	-0.00765002	-0.0568334	0.21846	-0.0962015	0.00146036	0.0764818	-0.0400242
-0.00118124	-0.0019962	-0.00102682	-0.000382145	-0.00518253	0.0145095	-0.00531141	0.0261083	-0.0228175	-0.00271985
-4.91494e-06	-1.23538e-05	-1.29163e-05	-0.000171417	-0.000531628	-6.80993e-05	-3.4023e-06	0.00245447	-2.85655e-05	-0.00162117
-0.000491883	-3.17783e-05	-0.000248389	-0.00246895	-0.0076357	-0.00103566	-4.76633e-05	0.0448253	-0.00107289	-0.0317924
0.0168524	-0.00233931	-0.0042636	0.0120226	-0.0278991	-0.0082805	-0.0160717	0.134992	-0.0151625	-0.0898498
-0.00436429	-0.0325717	0.0540176	0.194483	-0.0963538	-0.103365	-0.0430998	0.255789	-0.0622931	-0.16224
-0.0490972	-0.0655476	-0.0212276	0.213026	-0.122479	-0.172957	-0.0605456	0.350029	0.127898	-0.199099
-0.00896342	-0.159528	0.201153	0.00395226	-0.142405	-0.140295	-0.160183	0.245105	0.081948	0.0792168
-0.0661789	-0.247251	0.235407	-0.0430919	-0.144921	-0.0119446	-0.14861	0.0771315	0.122904	0.226554
-0.0774168	-0.213268	-0.0365078	-0.0884178	-0.0667919	0.164322	0.00728629	0.0737241	0.181131	0.055937
-0.0414089	-0.202769	-0.0400358	-0.253119	-0.0101778	0.285063	0.0339106	-0.0814634	0.157238	0.152764
0.050053	-0.259514	-0.13064	-0.440015	0.146941	0.330704	-0.113931	0.0656026	0.251569	0.0992294
-0.081185	-0.0663703	-0.0507279	-0.445221	0.0526547	0.2102	-0.0353311	-0.00903695	0.255328	0.169689
0.0260504	0.0520582	-0.0509611	-0.514094	0.0624233	0.240645	-0.0971683	-0.117159	0.228214	0.169994
-0.0112254	0.00179862	-0.0985227	-0.492613	0.220018	0.334458	-0.235071	-0.148523	0.234677	0.195006
0.0747535	0.262681	-0.20952	0.0432103	-0.249659	0.169929	-0.115052	0.193553	0.0288092	-0.198705
-0.039976	0.539244	-0.0156018	0.20681	-0.804593	0.0582263	-0.280281	0.397547	-0.0452611	-0.0161124
-0.202967	0.722652	-0.102305	0.170101	-0.114155	-0.101518	-0.469573	0.500422	-0.329133	-0.0735247
-0.0499798	0.247525	0.0489034	0.223756	-0.0595505	-0.227382	-0.442374	0.593308	-0.343911	0.00970681
0.242549	0.0715107	0.116942	0.209659	0.0322677	-0.394215	-0.459575	0.316745	-0.154492	0.0186129
0.21841	-0.196488	0.0320984	0.218489	-0.0298211	-0.389244	-0.447207	0.357708	0.168571	0.0674843
0.0899007	-0.21297	-0.0433259	0.234386	0.0672115	-0.328525	-0.414262	0.37277	0.232119	0.00269563
0.180567	-0.341484	-0.0546048	0.302251	-0.144074	-0.173503	-0.265766	0.358965	0.131866	0.00578197
0.090618	-0.307541	-0.0599639	0.134256	-0.0658976	-0.0211308	-0.239234	0.37082	0.149471	-0.0513971
0.208656	-0.321498	-0.04832	0.108624	-0.103823	0.0617131	-0.308089	0.204719	0.21543	-0.0174119
0.458156	-0.291094	-0.137447	-0.0991535	-0.389104	0.600758	-0.143835	-0.161804	0.257548	-0.0940223
0.243584	-0.211448	-0.23171	-0.185478	-0.313969	1.27052	-0.228432	-0.121795	0.0140913	-0.235361
-0.218805	-0.0768778	-0.0497162	-0.0257922	-0.203567	1.09924	-0.305103	-0.0329755	-0.0853194	-0.101081
-0.0927058	-0.0187647	0.00992018	-0.00486285	-0.0666456	0.289054	-0.0965338	-0.000155937	0.0185369	-0.0378423
-0.000576139	0.000650719	-0.000535226	-0.00012914	-0.00135428	0.00688014	-0.0133017	0.00604982	0.00741238	-0.00509662
-2.88892e-05	-3.86256e-06	-1.39841e-05	-0.000105813	-8.72394e-05	-7.12916e-05	-4.2551e-06	0.00108117	-3.41029e-05	-0.000731726
0.00427484	0.000308594	-0.000466953	-0.00179767	-0.0177475	-0.00599697	-0.00016414	0.0638664	-0.00137202	-0.0409046
-0.00424501	-0.000171851	-0.00514128	0.0106678	-0.0849171	-0.0131026	-0.00114568	0.247138	-0.0096327	-0.139449
-0.0121294	-0.0221337	-0.0327415	0.168799	-0.0850897	-0.114278	-0.046913	0.320301	-0.0172584	-0.158556
-0.138632	-0.0389476	-0.113615	0.138284	-0.183996	-0.0744602	-0.052207	0.40553	0.0666147	-0.00856937
-0.102138	-0.0873209	-0.0849466	-0.143971	-0.117507	-0.0216034	-0.0407746	0.157081	0.184386	0.256795
-0.000903917	-0.214657	-0.15761	-0.277943	0.0126688	0.223578	-0.0517845	0.0279181	0.15912	0.279613
0.0139104	-0.223826	-0.314071	-0.450543	0.0285736	0.14943	0.13335	0.139911	0.379323	0.143941
-0.011135	-0.21184	-0.400454	-0.441382	0.145038	0.158738	0.0608611	-0.0618989	0.285048	0.477027
-0.131347	-0.248706	-0.439584	-0.452813	0.321084	0.15213	0.138716	0.157369	0.339496	0.163651
-0.059918	-0.165	-0.679387	-0.321569	0.429902	0.10213	0.0758702	0.221582	0.198352	0.198036
-0.068599	-0.14578	-0.621734	-0.176923	0.236159	0.085877	-0.0224054	0.215975	0.176651	0.320778
-0.183135	-0.0755928	-0.701551	-0.0462651	0.449705	0.230302	0.100092	-0.0387793	0.164839	0.100386
-0.0701264	0.298746	-0.787951	0.24703	-0.56193	0.461064	0.132051	0.0602388	0.244219	-0.0233419
-0.400474	0.709217	-0.532761	0.147145	-0.71263	0.104402	-0.235184	0.365383	0.516221	0.0386829
-0.630564	0.71271	-0.42896	0.219488	0.236186	-0.169511	-0.521296	0.467035	-0.0437746	0.158689
-0.542745	0.18825	-0.143583	0.0514009	0.38991	-0.192085	-0.274485	0.452232	-0.204491	0.275597
-0.0967942	-0.06901	-0.279504	0.277911	0.139199	-0.186341	-0.344752	0.351096	-0.184252	0.392448
-0.115346	-0.0559756	-0.119181	0.163814	-0.0600276	-0.158621	-0.269017	0.451742	-0.136715	0.299326
0.053903	-0.185137	0.155196	0.162414	-0.060321	-0.388698	-0.204253	0.221716	0.0300707	0.215109
0.169316	-0.202964	-0.0580567	0.293486	-0.189694	-0.58601	-0.136553	0.267535	-0.0204295	0.463371
0.233477	-0.198029	0.0139179	-0.0671368	-0.143388	-0.466144	-0.0467149	0.29168	0.0717531	0.310586
0.234351	-0.172281	-0.0568372	-0.0746181	-0.212479	-0.454486	-0.0306374	0.175673	0.308619	0.282696
0.345933	-0.142221	-0.136485	-0.169018	-0.359504	0.00265512	0.193885	-0.153037	0.418513	-0.000719752
0.308291	-0.11522	-0.101752	-0.139979	-0.307081	0.428525	-0.0502353	-0.124546	0.283938	-0.181938
-0.130874	-0.0601617	0.040825	-0.006331	-0.139169	0.628177	-0.270843	-0.0474181	0.0761364	-0.0903416
-0.0591858	-0.0168181	0.0148524	-0.00244195	-0.0211435	0.168315	-0.14194	-0.0100293	0.0949662	-0.0265748
-0.000384129	0.00322569	-0.000494993	-5.11048e-05	-0.000885011	0.00415787	-0.00811416	0.000797514	0.00411773	-0.00236941
-1.33e-06	-3.24453e-08	-5.16753e-06	-2.92464e-05	-1.63548e-06	-9.03771e-06	-1.71729e-08	0.00115956	-1.56347e-05	-0.00109746
-4.01423e-05	-0.000134866	-3.18667e-05	-0.00229514	-0.0285382	-0.007701	-0.000215519	0.0661767	-0.000804425	-0.0264155
-0.00477666	-0.0014382	-0.00155828	-0.00631907	-0.0940273	-0.0117365	-0.00116079	0.253544	-0.00611707	-0.12641
-0.0266846	-0.00192159	-0.0947456	0.0301524	-0.145733	-0.0433519	-0.0392626	0.405271	0.0315272	-0.115251
-0.12175	0.00137151	-0.196261	-0.0289348	-0.259802	0.0119135	-0.0757267	0.410702	0.0196826	0.238807
-0.0258041	-0.047765	-0.466807	-0.219626	-0.0780913	0.049992	-0.0270439	0.234603	0.205092	0.375451
0.179945	-0.0907082	-0.770786	-0.339346	0.139052	0.248714	0.127086	0.0511268	0.106822	0.348093
0.0645922	-0.123702	-0.870798	-0.348867	0.275997	0.122248	0.200519	0.29109	0.19721	0.19171
-0.0202773	-0.161027	-0.556644	-0.362148	0.367886	0.00271394	0.156615	0.306599	0.0546916	0.211592
-0.0454762	-0.160674	-0.539674	-0.148657	0.257404	-0.0959949	0.221989	0.0162315	0.165581	0.329272
-0.003375	-0.325697	-0.599285	0.114823	0.501016	0.208771	0.0405898	-0.0269998	-0.126929	0.217087
-0.00591643	-0.428725	-0.542155	-0.0533422	0.586794	0.191093	0.236499	0.00244762	-0.118116	0.131419
0.0902079	0.00706392	-0.544014	0.0126564	0.776457	0.210379	0.199875	-0.550246	0.0708117	-0.273191
-0.0383306	0.239586	-0.425088	0.098845	-0.0795372	0.270861	0.143918	-0.719156	0.471114	0.0377874
-0.568824	0.873019	-0.453606	0.442302	-0.418493	-0.105775	-0.236535	-0.0691663	0.282275	0.254805
-0.800852	0.493013	-0.437191	0.187169	0.246281	-0.111131	-0.287432	0.355063	0.0733882	0.281694
-0.660974	0.085864	-0.20809	0.102346	0.355932	-0.356188	-0.0878848	0.46902	-0.00651746	0.306495
-0.151143	0.10259	-0.278636	0.0209746	0.0424514	-0.38177	-0.141582	0.432051	0.0115141	0.343551
-0.0383729	-0.0303635	-0.197908	0.102507	-0.0252328	-0.291919	-0.187914	0.341907	-0.0656954	0.392993
0.057601	-0.171102	0.155136	-0.0259136	0.066639	-0.332874	-0.259085	-0.0361181	0.129206	0.416511
0.057937	-0.135536	-0.046644	-0.0567207	0.0867517	-0.482163	-0.109362	0.068895	0.214318	0.402525
0.126585	-0.0805687	0.00140043	-0.438352	0.184331	-0.762027	0.0777047	0.087662	0.372196	0.431067
0.293353	-0.0747519	-0.0990259	-0.342269	0.0532446	-0.949761	0.288729	0.0459322	0.411582	0.372967
0.4266	-0.0481838	-0.274949	-0.203906	-0.159852	-0.830568	0.526398	-0.132235	0.520318	0.17638
0.450985	-0.0423589	0.0589816	-0.0874927	-0.0944519	-0.633617	0.220656	-0.0993017	0.420977	-0.194376
-0.0134681	-0.0243567	0.182957	0.00391611	-0.0329961	0.0198308	-0.165296	0.0111892	0.113513	-0.095289
-0.0303674	-0.0156145	0.104185	-0.000409546	-0.0105378	0.0827851	-0.144754	0.0178604	0.0278169	-0.0309633
-0.000176353	0.00265359	0.0119553	-6.15611e-05	-0.00609562	-0.0021386	-0.00744371	0.00879709	-0.00641515	-0.00107494
-6.43494e-09	3.65291e-05	-4.24794e-06	-1.19002e-05	-1.57127e-07	-1.38424e-06	-1.22619e-06	-5.95229e-06	-3.91934e-06	-7.73525e-06
0.000434604	-2.39602e-05	-2.27923e-05	-0.00134757	-0.0208278	-0.00154636	-0.000225292	0.038728	-0.00019481	-0.014974
-0.00218741	-0.000485594	-0.000620059	-0.00444605	-0.0583154	-0.00354786	-0.000517732	0.156241	-0.00164803	-0.0844732
-0.0147166	0.00622408	-0.114242	0.0065798	-0.118737	0.000969535	-0.0334634	0.305251	0.0194702	-0.0573346
-0.0378148	0.0128646	-0.3643	-0.134438	-0.118037	0.0671429	-0.0931529	0.243681	-0.035744	0.4598
0.0202876	-0.0368229	-0.666685	-0.232816	0.145801	0.146479	0.0436112	0.114377	0.0365336	0.429233
0.269052	-0.0756299	-0.891274	-0.319951	0.372633	0.0159846	0.30593	0.111313	-0.00693531	0.218877
0.282957	-0.113942	-0.7321	-0.349021	0.31058	0.152587	0.0888414	0.129468	-0.0242571	0.254888
0.11631	-0.0487647	-0.38315	-0.203138	0.335492	-0.0231763	0.0931089	-0.0124407	-0.0727192	0.198478
0.075126	-0.161887	-0.274501	-0.0795702	0.33694	0.0371619	0.142823	-0.126457	0.025246	0.025119
0.0975762	-0.558267	-0.124406	-0.15684	0.439267	0.210815	0.190091	-0.0472824	-0.141049	0.0900944
0.0692614	-0.605729	0.0502612	-0.191418	0.631421	0.268197	0.0742034	-0.33739	0.0770614	-0.0358712
0.0921965	-0.0605731	-0.0328916	0.0882739	0.41801	0.380653	0.12572	-0.934341	0.18488	-0.261927
-0.364739	0.290326	0.11432	0.336855	-0.179796	0.217856	0.0254248	-0.932404	0.420599	0.0715573
-0.654062	0.64048	-0.00293654	0.249024	-0.0638369	-0.0828553	-0.166532	-0.164209	-0.0118045	0.256734
-0.816256	0.363696	-0.226963	-0.161035	0.353821	-0.249671	0.0516462	0.0624838	0.335969	0.286308
-0.628687	0.124261	-0.234055	0.0503569	0.235107	-0.4168	0.0618168	0.203743	0.152295	0.451964
-0.235208	0.195543	-0.09617	0.0615061	0.184726	-0.211244	-0.212118	0.143067	-0.126476	0.296376
-0.0807544	-0.215835	-0.169067	0.169335	0.169293	-0.142248	-0.168356	0.128646	0.0229971	0.285988
-0.0748977	-0.24434	-0.158079	-0.0474243	0.123029	-0.0577749	0.0317153	-0.0280476	0.0383719	0.417448
-0.207708	-0.161999	-0.135459	-0.414026	0.300237	-0.0796047	-0.0733306	0.229027	0.210675	0.332189
0.0254494	-0.108385	-0.0229998	-0.405003	0.271942	-0.345646	0.167867	0.101092	-0.040866	0.356549
0.251389	-0.101597	-0.0932303	-0.428807	0.196385	-0.428453	0.381165	-0.0130497	0.0920561	0.144141
0.416446	-0.0898299	-0.10198	-0.207301	-0.024795	-0.630131	0.640407	-0.0146142	0.184546	-0.172749
0.367888	-0.0735688	0.286657	-0.0709264	-0.134454	-0.540055	0.289452	0.0321733	0.125863	-0.283026
0.0512891	-0.0417512	0.388582	-0.00534211	0.00847756	-0.122401	-0.199958	0.0304919	0.0310692	-0.140457
-0.00989575	-0.0200228	0.250469	-0.000932651	-0.00695599	-0.00678061	-0.151556	0.00192025	-0.0135841	-0.0426615
-0.00136369	-0.000425235	0.07296	-0.00196379	-0.0199233	-0.0183819	-0.0242726	-0.00360089	-0.00174344	-0.00128525
-3.55144e-05	-8.40958e-07	-1.45863e-05	-0.0010839	-5.74975e-05	0.00477658	-7.84645e-05	-3.86772e-05	-0.00016118	-0.00330592
-5.03533e-05	-8.0161e-06	-0.00793122	0.00826697	-0.0108193	-0.0007644	-1.28321e-05	0.0198229	-0.000564567	-0.00793921
-0.00064797	0.000718349	-0.00538762	0.00373839	-0.0252778	-0.00142179	-5.34608e-05	0.0830583	-0.000903707	-0.0538227
-0.0475656	0.0118436	-0.0976984	0.0143354	-0.0153699	0.0100022	-0.0166742	0.14604	-0.0101588	0.00524586
-0.0358805	0.0141377	-0.255294	-0.0604578	0.22339	0.0385779	-0.181518	0.0748188	-0.0952133	0.27744
0.220448	-0.0488902	-0.50171	-0.238933	0.382619	-0.0314141	0.0190396	0.0884254	-0.0500499	0.160464
0.245377	-0.0920234	-0.320386	-0.360565	0.319744	-0.0631059	0.212338	-0.0363762	-0.151918	0.246914
0.395088	-0.126337	-0.0798095	-0.340317	0.358255	-0.0296828	0.0536623	-0.0428553	-0.379076	0.191072
0.223754	-0.0611347	-0.099696	-0.195513	0.347655	0.0730659	0.142808	-0.169105	-0.299604	0.0377704
0.20865	-0.241127	-0.0512179	-0.103902	0.294092	0.195642	0.251957	-0.273367	-0.275654	-0.00507433
0.0570332	-0.592269	0.0771629	-0.173827	0.319802	0.314317	0.263434	-0.206492	-0.0579039	-0.00125821
0.163941	-0.559429	0.120779	-0.183632	0.38301	0.00772215	0.389551	-0.529911	0.236842	-0.0288715
0.124629	0.0380814	0.00172461	0.175072	0.255249	0.0379181	0.180004	-0.88899	0.197923	-0.121609
-0.305073	0.308734	0.24753	0.0736784	-0.167814	-0.000737868	-0.0495079	-0.598767	0.432039	0.0599162
-0.696146	0.545111	0.06475	0.143619	0.0247848	-0.0968475	-0.0877371	-0.1619	0.235599	0.028769
-0.711489	0.357386	-0.153169	0.0297112	0.225687	-0.148906	0.0851221	-0.0829153	0.212061	0.186515
-0.682656	0.191291	-0.076596	-0.0199643	0.397069	-0.277975	0.152511	0.0101489	-0.0286736	0.334844
-0.197699	-0.223134	-0.241718	0.073436	0.507766	-0.271592	-0.260921	0.274466	0.0750822	0.264314
-0.0768147	-0.487233	0.0278377	0.0140463	0.246691	-0.151279	-0.15015	0.444464	-0.0409453	0.173384
-0.11885	-0.370922	-0.0644848	-0.140188	0.339954	-0.211329	-0.033637	0.568527	-0.040812	0.0717401
0.0131803	-0.227059	0.00454482	-0.251403	0.210923	-0.0595192	-0.0500545	0.343762	-0.187587	0.203213
0.161728	-0.149723	-0.119173	-0.0436169	0.0897927	-0.145666	0.0970496	0.169308	-0.213699	0.153997
0.170521	-0.107937	-0.110472	-0.214078	0.0998533	-0.033796	0.320087	0.280887	-0.308132	-0.0969349
0.363404	-0.0768596	0.0756212	-0.145314	-0.0384534	-0.173237	0.403006	0.234177	-0.259034	-0.38331
0.377312	-0.0399495	0.304666	-0.0304027	-0.154843	-0.231876	0.188345	0.043697	-0.149133	-0.307812
0.0345669	-0.0266417	0.433067	-0.0205197	-0.0603076	-0.156609	-0.110393	-0.0190602	0.0126688	-0.0867713
-0.0049986	-0.00425327	0.23799	-0.00913543	-0.0450262	-0.0222633	-0.129185	-0.00366065	-0.00783269	-0.0116347
-0.000142113	-1.95959e-05	0.0075516	-0.00145067	-0.00217467	-0.000839335	-0.0025348	-4.40823e-05	-0.000318196	-2.8136e-05
-1.38168e-05	-3.66053e-07	-4.82207e-06	-0.000356861	-2.75946e-05	0.00152461	-2.62331e-05	5.80285e-05	-5.65197e-05	-0.00109642
-5.34896e-05	-7.32976e-06	-0.0170051	0.0189576	-2.65189e-05	-0.000636989	-6.63837e-06	-5.75782e-05	-0.00113268	-3.13394e-05
-0.00121888	0.0045728	-0.00817528	0.0204721	0.00920155	-0.00398035	-0.000237855	0.0205124	-0.00171874	-0.0394277
-0.0623372	0.00305708	0.0100232	0.02597	0.052072	-0.0183467	-0.0550358	0.0651986	-0.0146132	-0.00598767
0.0619252	-0.00736219	0.0440929	0.0557036	0.172321	-0.0453879	-0.278549	0.00448164	-0.0979027	0.090679
0.324736	-0.086999	0.115597	-0.0515121	0.186253	-0.217482	-0.0368618	-0.104306	-0.207108	0.0776832
0.106301	-0.158427	0.209628	-0.118673	0.197824	-0.154827	0.198768	-0.0761099	-0.26543	0.0609473
0.313913	-0.145943	0.00589404	-0.26736	0.353563	-0.172821	0.233803	-0.136211	-0.240408	0.0555715
0.265359	-0.119397	-0.062257	-0.296623	0.361114	0.0317905	0.210742	-0.301806	-0.154909	0.065988
0.276322	-0.295115	0.0138316	-0.259611	0.383487	0.185125	0.179992	-0.338138	-0.0444206	-0.101471
0.295471	-0.436147	0.0376961	-0.184244	0.285906	0.146392	0.302025	-0.301385	-0.145171	-0.000542329
0.103261	-0.190908	-0.0765588	-0.0678168	0.336994	0.0800585	0.400492	-0.540557	-0.0697193	0.0247549
-0.0931796	0.129957	-0.0571146	0.0795112	0.180728	0.129082	0.195173	-0.670242	0.185529	-0.0794426
-0.550734	0.410751	0.183737	0.112363	-0.126551	-0.0461587	0.114303	-0.346214	0.405246	-0.156743
-0.77714	0.631052	0.0814048	0.213651	0.109522	-0.317409	0.198086	-0.301094	0.363122	-0.201193
-0.674182	0.100443	0.00921616	0.187299	0.30161	-0.274158	0.0929031	0.023095	0.0825726	0.151203
-0.463758	0.134859	-0.0432572	-0.0529498	0.521966	-0.166995	-0.0227695	-0.0870806	-0.0657714	0.245758
-0.214265	-0.503125	-0.140298	-0.0301697	0.473832	-0.21657	-0.0975636	0.537705	-0.130159	0.320614
-0.0405439	-0.512752	-0.133824	-0.122936	0.170906	0.154442	-0.106715	0.545766	-0.0656367	0.111294
-0.0160695	-0.420077	-0.0209749	0.0697422	0.191135	-0.0453767	0.0135856	0.361633	-0.192867	0.0592693
0.204075	-0.29119	-0.230828	0.247717	-0.057651	-0.152356	0.118949	0.423691	-0.342586	0.0801794
0.103801	-0.168564	-0.141202	0.19823	-0.0417415	-0.0424273	0.133627	0.384199	-0.34286	-0.083062
0.195787	-0.129833	-0.241757	0.197314	0.0797298	-0.068096	0.0528229	0.402398	-0.236935	-0.25143
0.331992	-0.0864735	-0.0182599	0.140502	-0.103378	0.0273529	0.173436	0.159131	-0.274397	-0.349903
0.27064	-0.0501318	0.475513	0.0687142	-0.323592	-0.0286678	0.121211	-0.00933961	-0.250358	-0.273986
0.000397557	-0.0228914	0.539411	-0.0387946	-0.141484	-0.104873	-0.0438263	-0.0774094	-0.0200027	-0.090525
-0.00861835	-0.00775246	0.250283	-0.0128075	0.0095379	-0.0370284	-0.128908	-0.0105468	-0.0195007	-0.034659
-0.00133249	-0.000878687	0.0346808	-0.000547401	-0.003231	-0.0139515	-0.00931365	-0.000441775	-0.00238089	-0.00260336
-1.25038e-05	-5.18256e-07	-2.63043e-07	-1.11711e-05	-5.0103e-05	-0.000225194	-3.09232e-06	0.000403958	-2.13942e-05	-7.97184e-05
-4.53315e-05	7.40131e-06	-0.00848393	0.0113452	-1.65866e-05	-0.000383768	-2.56989e-05	-0.000916794	-0.000603438	-0.000877063
-0.0033913	0.00367918	-0.00207496	0.0559278	-0.00825583	-0.0133625	-0.00132952	-0.00194319	-0.00400831	-0.0252414
-0.0516844	-0.0034243	0.166633	0.117853	-0.0518889	-0.00825595	-0.0905136	-0.0330532	-0.0144109	-0.031254
0.0998911	-0.0186726	0.280015	0.23287	-0.112715	-0.0649336	-0.300188	-0.0238648	-0.138682	0.0462817
0.387037	-0.124363	0.229733	0.0936023	-0.0573647	-0.133899	0.000833032	-0.142346	-0.262471	0.00923829
0.250396	-0.261481	0.338741	-0.120647	0.0811145	-0.166248	0.250949	-0.068774	-0.176281	-0.127769
0.172664	-0.270938	0.0690751	-0.239651	0.341406	-0.395638	0.373202	0.0359854	-0.00808881	-0.0780154
0.296687	-0.243338	-0.106159	-0.37227	0.358345	-0.286166	0.285943	-0.163764	0.0865235	0.144197
0.282196	-0.145663	0.154166	-0.16584	0.241024	-0.293981	0.308199	-0.22467	0.0302719	-0.185706
0.270558	-0.111753	0.165583	-0.194594	-0.0353622	-0.100378	0.401979	-0.457246	0.0534247	0.00779106
0.118528	-0.125127	0.167217	-0.0401047	-0.043693	-0.123521	0.587657	-0.651645	0.0323645	0.0783247
-0.259814	-0.153964	0.258636	0.0542759	0.0761557	-0.0320707	-0.000483973	-0.302566	0.454982	-0.0951474
-0.70911	0.408895	0.362367	0.253368	0.0438045	-0.128343	0.0229578	-0.177061	0.191546	-0.268424
-0.665546	0.655121	0.151289	0.00712032	0.325609	-0.307043	0.184188	-0.332974	0.0550076	-0.0727721
-0.451292	-0.0417503	-0.053993	-0.153836	0.53877	-0.151917	0.121588	0.105927	0.0716077	0.0148968
-0.266923	-0.135847	0.142375	-0.288826	0.428245	-0.205438	-0.0403121	0.0816183	0.0889607	0.196148
-0.0223575	-0.698301	0.20756	-0.0305453	0.300775	-0.137553	-0.185345	0.327664	0.0125575	0.225545
0.0271456	-0.521562	0.0384335	0.242564	0.186904	-0.0885367	0.0789836	0.159942	-0.246611	0.122739
0.059869	-0.373308	-0.00277828	0.290862	0.0844779	-0.00886045	0.190068	0.274798	-0.402589	-0.112538
0.20789	-0.249582	-0.106861	0.168745	0.190469	0.0471422	0.0144276	0.240203	-0.422964	-0.0894689
0.134433	-0.158901	0.241141	0.156752	0.112854	-0.0352309	0.0102976	0.261086	-0.437329	-0.285104
0.184098	-0.138193	0.181626	0.290909	-0.0991557	0.111594	-0.0678321	0.0534272	-0.311121	-0.205352
0.197552	-0.112457	0.206545	0.320228	-0.199929	0.115629	0.013862	-0.0543585	-0.100774	-0.386298
0.0510431	-0.0524369	0.516456	0.190192	-0.230546	-0.0113353	0.0629816	-0.0641307	-0.193757	-0.268466
-0.0585723	-0.0486792	0.745787	-0.0664201	-0.116028	-0.102486	-0.0832073	-0.078913	-0.104781	-0.0867003
-0.0269029	-0.0237702	0.355615	-0.014676	-0.0601005	-0.0566077	-0.107024	-0.00744884	-0.0370634	-0.0220213
-0.00106422	-0.000410927	0.0545018	-0.000835257	-0.00253529	-0.0256845	-0.0209754	-0.000645754	-0.00200901	-0.000341415
0.0	0.0	0.0	0.0	0.0	0.0	0.0	0.0	0.0	0.0
-5.4186e-05	0.000306983	-0.00317509	0.00405025	-1.22715e-05	-0.000324568	-2.18649e-05	-7.45881e-05	-0.000546633	-0.000148025
-0.00753391	-0.000220227	0.0239233	0.0604348	-0.0088191	-0.0206804	-0.00269693	-0.00250289	-0.00421089	-0.0376938
-0.0534962	-0.00717858	0.193443	0.256482	-0.159366	0.00926618	-0.0936746	-0.0348871	-0.0315062	-0.0790806
0.0753809	-0.0345219	0.390124	0.310331	-0.114572	0.0200588	-0.336803	-0.0211715	-0.14623	-0.142595
0.302742	-0.219855	0.341505	0.0887352	-0.150006	0.170752	-0.0715949	-0.0775774	-0.224254	-0.160447
0.270319	-0.38196	0.249592	-0.0697459	-0.0484869	0.32082	0.112416	-0.195187	-0.104741	-0.153026
0.196959	-0.365396	0.145973	-0.0706733	0.150461	-0.243879	0.279188	-0.248114	0.103513	0.0519676
0.143678	-0.250865	0.137334	-0.264671	0.226472	-0.324601	0.3319	-0.215462	0.133291	0.0829218
0.264609	-0.127678	0.210955	-0.525315	0.12205	-0.264146	0.338147	-0.237586	0.268238	-0.0492709
0.381429	0.0533325	0.327878	-0.562403	-0.000192473	-0.334617	0.556965	-0.497997	0.00922643	0.0663783
0.102257	-0.160902	0.273374	-0.41399	-0.0606479	-0.295547	0.485909	-0.264779	0.316017	0.0183086
-0.182445	0.0553365	0.335069	-0.283037	0.0461522	-0.443309	0.076617	-0.0426756	0.385139	0.0531533
-0.633207	0.432405	0.300255	-0.224053	0.244456	-0.438454	0.0674599	0.0500709	0.235188	-0.0341203
-0.614658	0.48448	0.0698896	-0.331255	0.535693	-0.293639	0.119731	0.0422448	0.050692	-0.0631798
-0.324479	-0.0220963	0.108915	-0.30726	0.388557	-0.0633878	0.0306485	0.0439716	-0.09731	0.242441
-0.0608809	-0.378499	0.0265067	0.0447755	0.326046	0.00289615	-0.103789	-0.055989	0.176444	0.0224915
0.114576	-0.585918	-0.129917	0.230103	0.21736	0.11956	0.0419182	0.0138261	-0.0883172	0.0668118
-0.00648507	-0.363385	0.0602853	0.0396304	0.2361	0.192606	0.167672	0.0820474	-0.324289	-0.0841817
0.08689	-0.247155	0.0364112	0.28203	-0.103515	0.0574566	0.156783	-0.00902304	-0.102602	-0.157277
0.127498	-0.176705	-0.0142874	0.0562439	0.0400834	0.0715094	0.0246166	0.0924628	-0.0914239	-0.129998
-0.00419756	-0.114215	0.126379	0.153067	0.0904554	0.0375213	0.0398339	0.0394496	-0.150959	-0.217334
0.174142	-0.062717	0.150686	0.332435	-0.154522	-0.0307515	0.0575599	0.00933336	-0.173798	-0.302368
0.0821657	-0.0699182	0.107617	0.336433	-0.170884	0.10753	0.0369463	-0.0746318	0.0385832	-0.39384
-0.00432466	-0.0414408	0.512852	-0.0435384	-0.201254	0.0544787	0.0261116	0.0232961	-0.0497629	-0.276417
-0.0313043	-0.0669261	0.75938	-0.122754	-0.149855	-0.121174	-0.0556367	0.0146255	-0.1681	-0.0582534
-0.0138487	-0.0106297	0.189902	-0.0126852	-0.0324087	-0.0246594	-0.0691217	0.0155698	-0.0310186	-0.0111001
0.0147542	-0.000564185	0.01676	-0.00062396	-0.0157161	-0.00373879	-0.00779389	-0.00158871	-0.000512033	-0.000976498
-2.31831e-05	-1.0203e-05	-1.07499e-05	-0.000369487	-0.00329034	-0.000195294	-4.27262e-06	0.00342266	-0.000117079	0.000597946
-1.19174e-05	5.93265e-05	-0.000129306	0.000373214	-2.32087e-06	-0.00017112	-4.85547e-06	-2.12321e-06	-8.30759e-05	-2.78216e-05
-0.00719497	-0.000647547	-0.00826687	0.0622678	-0.0104808	-0.0138398	-0.00214466	0.00682327	-0.00419171	-0.0223246
-0.0928179	-0.00870024	0.121131	0.398664	-0.124635	0.000624372	-0.0778507	-0.00816261	-0.0852473	-0.123005
0.0210998	-0.0683883	0.449642	0.296455	-0.0876249	0.182579	-0.29662	-0.085539	-0.219717	-0.191883
0.118209	-0.270664	0.491932	0.286046	-0.121586	0.221157	-0.248281	-0.13967	-0.0933192	-0.243826
0.137767	-0.497588	0.221373	0.137241	-0.126427	0.483509	0.0329296	-0.342085	0.0526111	-0.09933
0.108683	-0.385904	0.404162	-0.129798	-0.0116323	0.159498	0.235826	-0.326509	0.0325406	-0.0868674
0.227462	-0.118998	0.151796	-0.12063	0.0538456	-0.0340974	0.19777	-0.304485	0.0652047	-0.117867
0.277558	-0.00968681	0.089023	-0.355972	0.0147797	-0.170231	0.300209	-0.319774	0.214414	-0.04032
0.360924	-0.157558	0.226767	-0.427225	-0.238405	-0.163608	0.312887	-0.343221	0.241754	0.187687
0.108058	-0.145207	0.123125	-0.405604	-0.0862532	-0.12669	0.283109	-0.141131	0.303518	0.0870739
-0.270515	0.0231054	0.285583	-0.487147	0.163389	-0.121216	0.540977	-0.0996444	0.225402	-0.259934
-0.546872	0.153956	0.315953	-0.376291	0.284215	-0.0956005	0.290926	0.100983	0.0443666	-0.171633
-0.462798	0.20251	0.128772	-0.254048	0.313004	0.00718282	0.0445294	-0.00779147	-0.129834	0.158474
-0.171716	-0.195776	-0.0416945	0.126104	0.213491	-0.0213515	0.0793271	-0.0641347	-0.0491095	0.124861
-0.00233	-0.346597	0.116925	0.335911	0.225046	-0.0124052	0.174088	-0.165509	-0.185938	-0.139188
0.0205018	-0.195344	0.226809	0.167715	-0.16621	0.120395	0.232772	-0.0922567	-0.214453	-0.0999292
0.00306173	-0.0506638	0.115614	0.1208	-0.0681491	-0.0540056	0.219025	-0.0918901	-0.0505232	-0.143269
-0.013599	-0.0578915	0.0804312	0.172316	-0.161378	0.0760109	0.0265797	-0.0267865	-0.0248869	-0.0707953
-0.1189	0.00101854	-0.00735949	0.115447	-0.0406741	0.0890817	0.0130691	-0.0430858	0.00192268	-0.0105205
-0.010593	-0.0197899	0.140813	0.362363	-0.031758	0.0127948	0.0762765	-0.14352	-0.183737	-0.202849
0.176917	-0.0695947	0.147715	0.411853	-0.300137	0.0631624	0.053118	-0.176893	-0.0105768	-0.295564
0.0800084	-0.0760801	0.409201	0.168933	-0.198928	0.14213	0.0456017	-0.27223	0.0607821	-0.359418
-0.0292302	-0.0118512	0.665633	-0.165176	-0.170979	0.158331	-0.0047317	-0.155821	-0.067458	-0.218718
-0.0287105	0.0126826	0.514777	-0.0803524	-0.137015	-0.0703305	-0.000413185	-0.0165886	-0.141452	-0.0525967
-0.00683831	0.00544956	0.0665995	-0.0101574	-0.0120822	-0.0171761	-0.0219316	0.0147579	-0.0158281	-0.00279333
-0.00418104	-7.40171e-06	0.0229701	-0.000152503	-3.01387e-05	-0.00806199	-0.00998259	-1.35661e-05	-0.000256458	-0.000284432
-1.89583e-09	3.56787e-05	-2.2732e-05	-2.61566e-06	-9.65646e-09	-8.94532e-08	-2.20316e-07	-4.00839e-07	-9.35144e-06	-2.57387e-07
0.00376286	0.000175507	-0.00139862	4.14224e-05	-0.00466266	-0.00048857	-0.000367647	0.0116456	-0.000591417	-0.00811645
-0.00459088	-0.000966114	-0.00751906	0.0559688	-0.00956904	-0.0122699	-0.00227666	0.00619973	-0.00719213	-0.0177847
-0.0740695	-0.0105972	0.0149278	0.414805	-0.021813	0.00469217	-0.0751893	-0.0381197	-0.120623	-0.094012
-0.0180673	-0.100847	0.317592	0.319324	-0.0937294	0.238118	-0.207891	-0.0788602	-0.206803	-0.168835
0.0816479	-0.348395	0.233401	0.371214	-0.0431308	0.251565	-0.243503	-0.196468	0.0678236	-0.174155
0.171788	-0.279274	0.169705	0.150278	-0.125032	0.336376	-0.0514824	-0.334346	0.108371	-0.146383
0.172306	-0.0783636	0.373558	0.00861632	-0.164701	0.121836	0.128439	-0.421597	-0.0165588	-0.123536
0.190655	-0.0536816	0.247014	0.00930334	-0.279119	0.253471	0.0728571	-0.305725	0.0714368	-0.206211
0.147783	0.0339195	0.24549	0.018405	-0.381172	0.0814661	0.259292	-0.315952	0.21511	-0.304342
0.298361	-0.128185	0.301812	-0.0729665	-0.429293	0.019966	0.398305	-0.377238	0.206975	-0.217737
0.338037	-0.0820143	0.217698	-0.214933	-0.225155	0.0220343	0.622733	-0.22713	-0.120376	-0.330891
0.164068	-0.0649623	0.244025	-0.271112	-0.404834	0.0821772	0.554239	-0.0733021	0.018894	-0.249192
-0.158098	0.164092	0.376236	-0.189146	-0.175699	0.0847292	0.228517	-0.0158319	-0.126862	-0.187934
-0.228279	-0.0668895	0.117307	-0.038634	0.143959	0.00648078	0.289021	0.162439	-0.159844	-0.225558
-0.109873	-0.0251015	0.164474	0.0202059	0.00882485	0.0578446	0.257181	-0.114539	-0.0373027	-0.221714
-0.0792659	0.133145	0.221318	0.146085	-0.0480861	-0.056428	0.226001	-0.300953	-0.053481	-0.188333
0.0295209	-0.00536931	0.246407	0.279741	-0.167252	-0.064117	0.172679	-0.298729	0.0156184	-0.208498
-0.0119874	0.101823	0.115543	0.198804	-0.16111	0.0333592	0.106546	-0.339234	0.103363	-0.147106
-0.0940115	0.129559	-0.0369157	0.166254	-0.242541	0.0366514	0.144395	-0.137595	0.0361186	-0.00191375
-0.0172873	0.0595749	0.0933132	0.0862743	-0.198126	0.135299	0.0968168	-0.275578	0.0147472	0.00496407
0.0655827	0.00835996	0.222503	0.318389	-0.125817	0.0905948	0.13586	-0.418829	-0.073303	-0.223339
0.178854	-0.0632637	0.3278	0.168803	-0.388885	0.118749	0.107573	-0.374106	0.162922	-0.238447
0.0272577	-0.0440463	0.348292	0.103961	-0.264445	0.208428	0.00533317	-0.304865	0.120167	-0.200079
-0.00704386	0.0267348	0.378443	-0.10998	-0.156253	0.176951	-0.0460306	-0.0863072	-0.0660252	-0.110486
-0.0367935	0.045459	0.383668	-0.0499269	-0.0676328	-0.0222344	-0.0814355	-0.0223046	-0.116416	-0.0323823
-0.00763607	0.00564716	0.116578	-0.00813025	-0.00221491	-0.0306652	-0.0419572	-0.00275783	-0.0178445	-0.0110194
-0.00117536	3.44169e-05	0.0100313	-8.05566e-05	-1.6646e-07	-0.00239207	-0.00634126	-3.82341e-07	-7.57063e-05	-2.07505e-07
0.0	0.0	0.0	0.0	0.0	0.0	0.0	0.0	0.0	0.0
0.00947713	-3.99932e-05	-0.00316941	-8.83221e-05	-7.14715e-05	-0.000473504	-0.000920309	-0.00013908	-0.00125525	-0.00331979
-0.00485808	-0.00611705	0.0188784	0.0395989	-0.0041847	-0.00542732	-0.00221063	-0.00870396	-0.0118186	-0.0151569
-0.063972	-0.0230786	0.0863599	0.349687	-0.0399432	0.0270768	-0.0519563	-0.0748553	-0.125776	-0.0835426
0.0198688	-0.0673802	0.320447	0.365576	-0.107457	0.104735	-0.177796	-0.180892	-0.178863	-0.0982369
0.173376	-0.229628	0.283057	0.221739	-0.177788	0.323908	-0.26737	-0.259835	-0.0342821	-0.0331767
0.174458	-0.0299624	0.240675	0.325451	-0.243675	0.215773	-0.195975	-0.399604	0.104583	-0.191723
0.144977	0.0274586	0.480194	0.19778	-0.399089	-0.05598	0.0999678	-0.431477	0.296615	-0.360446
0.1618	0.151023	0.279919	0.226226	-0.497079	0.244145	0.00584855	-0.294424	0.0247253	-0.302184
0.185564	0.102513	0.259929	0.287744	-0.415556	0.221774	0.217873	-0.337759	-0.0761154	-0.445969
0.29386	0.135858	0.270373	-0.0192762	-0.390776	0.0328905	0.399637	-0.295409	0.118258	-0.545417
0.417992	0.153221	0.36473	-0.182219	-0.206967	0.124458	0.367172	-0.265143	-0.164039	-0.609204
0.382725	0.0604028	0.224809	-0.365944	-0.24414	0.0358798	0.499444	-0.0588187	0.0158975	-0.550254
0.142591	-0.0666513	0.0866378	-0.112367	-0.349226	0.0394557	0.341522	0.0363006	0.0623176	-0.180581
0.0134571	-0.032395	0.00871601	0.0283299	-0.113991	-0.0613128	0.576445	0.0826956	-0.210223	-0.291721
0.0202166	-0.0301621	0.0813008	-0.0803649	-0.0510562	0.0236571	0.33879	-0.160326	0.101996	-0.244051
-0.0623277	0.204818	0.104342	0.0522142	0.0454616	0.102105	0.165193	-0.330584	-0.159863	-0.121359
-0.0105492	0.272073	-0.0218569	0.161108	0.0241467	0.146524	0.0678545	-0.441118	-0.0380841	-0.160096
-0.117844	0.329117	0.143205	0.242272	-0.0974432	0.150525	0.227515	-0.566622	-0.0546503	-0.256076
-0.117183	0.263762	0.242711	0.180652	-0.234047	0.0956235	0.114097	-0.389621	-0.0666692	-0.0893264
-0.0600596	0.131309	0.175991	0.258828	-0.162421	-0.000284724	0.196317	-0.524615	0.111051	-0.126116
0.0574172	0.00609049	0.287525	0.116639	-0.0967778	0.143386	0.0381036	-0.519597	0.200222	-0.23301
0.0890993	-0.060566	0.29822	0.0119794	-0.249752	0.390109	-0.0792551	-0.424824	0.206709	-0.181718
-0.0463354	-0.0569252	0.309534	0.0330981	-0.219006	0.204991	-0.0186757	-0.217407	0.090385	-0.0796582
-0.0283838	-0.0210903	0.372329	-0.0840718	-0.107475	0.0942994	-0.0643544	-0.0465491	-0.123849	0.00914705
-0.0291792	0.0069989	0.182223	-0.0289997	-0.0655635	0.048316	-0.0368924	-0.0244489	-0.0774266	0.0249727
-0.0013275	0.00740047	0.0357489	-0.00339869	-0.000584095	-0.00463659	-0.00803677	-0.00176386	-0.015571	-0.00783089
-2.10639e-05	0.000130881	-0.000105591	-4.40927e-05	-2.69115e-05	0.000401554	-4.55999e-06	-3.1601e-05	-0.000266415	-3.22001e-05
-2.21164e-08	8.70356e-05	-4.08556e-05	-1.35424e-05	-4.56922e-07	-5.49823e-07	-7.36272e-07	-5.6758e-06	-2.3818e-05	-1.37871e-06
-5.4702e-05	9.49523e-06	0.000116449	0.000587006	-2.72168e-06	-0.000190818	-3.16063e-05	-0.00015424	-9.07381e-05	-0.000188125
-0.0126683	-0.010661	0.0440868	0.0515726	-0.000653983	-0.012244	-0.00148671	-0.0329258	-0.012078	-0.0129416
-0.0469546	-0.0140105	0.129055	0.225812	-0.0478109	0.0400365	-0.0316194	-0.0991206	-0.0881011	-0.067285
-0.0567588	0.0480011	0.192746	0.243975	-0.0898473	0.17755	-0.141454	-0.185632	-0.0985684	-0.0900091
0.110229	0.258607	0.189235	0.0744501	-0.118571	0.0839631	-0.234614	-0.243608	-0.0659233	-0.0537672
0.135373	0.229481	0.180695	0.225145	-0.304269	0.137821	-0.322458	-0.324996	0.182372	-0.139167
0.128639	0.130728	0.170709	0.210224	-0.370538	0.196727	-0.096616	-0.352091	0.232336	-0.250119
0.00596419	0.185605	0.0595051	0.172082	-0.183874	0.164106	0.108323	-0.243778	-0.0431934	-0.224741
0.0691621	0.0792458	0.252903	-0.126994	-0.203005	0.15091	0.17266	-0.324285	0.123508	-0.194106
0.226959	0.201331	0.143966	-0.0900769	-0.226219	0.0477976	0.245507	-0.231541	-0.0685288	-0.249197
0.338316	-0.101215	0.111982	-0.128164	-0.0781647	0.175994	0.327855	-0.201485	-0.0356131	-0.409504
0.284169	-0.154015	0.0111064	-0.0858131	-0.114353	0.103474	0.532297	-0.0981023	-0.137109	-0.341652
0.111112	-0.192696	0.106067	-0.0473468	-0.188464	0.0367255	0.541192	-0.163466	0.103031	-0.306153
0.0194902	0.0521697	0.0852831	-0.0879566	-0.127554	0.064532	0.555689	-0.206596	-0.0379259	-0.317129
0.0152754	0.041848	-0.0406342	0.00590704	0.049975	0.0370982	0.296681	-0.13068	2.42796e-05	-0.275494
0.000297793	-0.00537369	0.0991669	0.0930323	-0.0755328	-0.00976069	0.237737	-0.111218	-0.0896024	-0.138746
-0.156128	0.118133	0.225233	0.0536124	0.048158	0.0596705	0.320633	-0.341475	-0.0117442	-0.316091
-0.170094	0.326886	0.292434	0.227256	-0.111277	-0.0330244	0.258174	-0.393043	-0.0854005	-0.311914
-0.194953	0.212434	0.359208	0.293337	-0.0256005	-0.0152707	0.137315	-0.403838	-0.0788657	-0.283766
-0.0778883	0.225527	0.0774519	0.0515624	-0.021122	0.209465	0.0534254	-0.458075	0.116205	-0.17655
0.00248087	0.105	0.192733	-0.0990344	-0.00547275	0.351165	-0.0507599	-0.480659	0.0710305	-0.0864835
0.0117765	-0.138363	0.341428	-0.0753146	-0.111879	0.370612	-0.00134085	-0.386184	0.120962	-0.131696
0.00287535	-0.100552	0.394414	-0.121127	-0.0768819	0.191388	-0.033621	-0.210559	-0.026777	-0.0191569
-0.0312162	-0.000638219	0.272106	-0.102031	-0.0785065	0.0979168	-0.0341167	-0.0392991	-0.152479	0.0682648
-0.0144679	0.00011154	0.104928	-0.0215654	-0.0584222	0.0738683	-0.0266684	-0.015731	-0.0524031	0.01035
0.0143812	-0.00111364	0.0115317	-0.00340773	-0.0012448	0.00192122	-0.00227505	-0.00165982	-0.0051156	-0.0130175
4.65475e-06	-4.47792e-11	-8.08144e-07	-2.94083e-07	-3.71089e-09	-1.47513e-06	-2.3121e-07	-7.63435e-09	-1.8209e-06	-1.38433e-08
-2.14253e-08	8.43157e-05	-3.95788e-05	-1.31192e-05	-4.42643e-07	-5.32641e-07	-7.13263e-07	-5.49843e-06	-2.30737e-05	-1.33562e-06
-8.50346e-07	2.50975e-05	-1.39065e-05	2.15284e-05	-1.8264e-07	-7.01778e-06	-2.33537e-07	-9.03615e-06	-9.06713e-06	-6.33205e-06
-0.00271808	-0.0102777	0.0310595	0.0554734	-0.000389078	-0.0085666	-0.00022848	-0.0409255	-0.00884521	-0.0145822
-0.0428291	-0.0117705	0.0905084	0.164044	-0.0431688	0.0190084	-0.0119189	-0.0915814	-0.0366092	-0.0356821
-0.158856	0.0984573	0.14442	0.173744	-0.068339	0.168565	-0.0674179	-0.127138	-0.0870408	-0.0763931
-0.0289952	0.507499	0.145857	0.0937416	-0.11232	-0.0382892	-0.150862	-0.0701787	-0.154045	-0.192406
0.0580172	0.379235	0.241529	0.163855	-0.176897	-0.170231	-0.282664	-0.0771157	0.031448	-0.167177
0.114557	0.138102	0.236021	0.123913	-0.210898	-0.0688786	-0.257348	0.0306182	0.136241	-0.242326
0.16912	0.0941306	0.283395	-0.0254158	-0.191599	0.0368882	-0.17593	-0.081571	-0.0211712	-0.0878472
0.136769	0.114502	0.280138	0.0454321	-0.216356	0.0281436	-0.0230506	-0.206711	-0.0730955	-0.0857721
0.139741	-0.0665518	0.125416	0.0704894	-0.138273	-0.0855273	0.0738475	-0.120172	0.00577715	-0.00474676
0.194166	-0.328549	0.148913	0.119141	-0.0996293	0.0196978	0.0309386	-0.246447	0.186007	-0.0242379
0.157024	-0.452454	0.102408	-0.0539585	-0.132104	0.124461	0.231821	-0.129204	0.156883	-0.00487553
0.374212	-0.332131	0.00594849	-0.0834015	-0.0813241	0.220939	0.207456	-0.331628	0.184666	-0.164736
0.136878	-0.112062	-0.0497237	-0.0627416	-0.149982	0.0913201	0.0587233	-0.109113	0.226678	-0.0299772
0.113543	0.0171499	-0.125108	0.0753824	-0.118625	0.00655332	0.19269	-0.0392547	0.090286	-0.212616
0.0422658	0.0274034	-0.0409751	0.0700122	-0.0942583	0.0823288	0.17155	-0.0785576	-0.0123996	-0.167369
0.0307545	0.2313	-0.00506596	0.124372	0.0221341	-0.00647897	0.0813227	-0.244116	0.0213009	-0.255523
-0.0880825	0.34194	0.168876	0.100992	0.00614943	0.104411	-0.0144111	-0.285789	-0.0523909	-0.281696
-0.12184	0.192636	0.270236	0.185444	0.216213	0.143547	-0.0160118	-0.290982	-0.1396	-0.439641
-0.153259	0.146445	0.279648	0.0788733	0.085135	0.161676	0.0285588	-0.419789	-0.0537396	-0.15355
-0.0801985	-0.0276164	0.253539	-0.0807605	0.195937	0.108901	0.013577	-0.436478	0.0924239	-0.0393237
0.0142862	-0.131713	0.330657	-0.0155637	-0.012839	0.164132	-0.0839016	-0.292366	-0.00694504	0.0342547
0.0316692	-0.064961	0.219423	-0.0704198	-0.0907338	0.151861	-0.0826619	-0.193641	-0.0111072	0.110573
-0.0230625	-0.012078	0.163171	-0.0707399	-0.0676548	0.0927537	-0.0390349	-0.0400401	-0.0677803	0.0644669
-0.00928117	-0.00209824	0.0569552	-0.0186787	-0.0388853	0.047832	-0.0112203	-0.0174246	-0.0217664	0.0145676
0.00152637	0.00259663	-0.0128567	-0.00015922	0.00216978	0.0131564	-0.00013349	-0.00057157	-0.00231211	-0.00341608
8.59338e-06	-8.26693e-11	-1.49196e-06	-5.42922e-07	-6.85087e-09	-2.72331e-06	-4.26849e-07	-1.40942e-08	-3.36165e-06	-2.55569e-08
0.0	0.0	0.0	0.0	0.0	0.0	0.0	0.0	0.0	0.0
0.0	0.0	0.0	0.0	0.0	0.0	0.0	0.0	0.0	0.0
-0.000302841	-0.00014781	0.000550321	0.0441949	-0.000134405	-0.000579989	-2.93877e-05	-0.0304733	-0.0020641	-0.0110134
-0.0179648	-0.0337676	-0.0234899	0.172941	-0.0088448	0.0194213	-0.00184314	-0.069027	-0.0259281	-0.0114971
-0.111197	0.0138354	-0.0231196	0.263156	-0.0329281	0.10858	-0.01392	0.0033637	-0.113647	-0.0941224
-0.121932	0.317529	-0.0502787	0.262544	-0.0718287	0.103902	-0.0458344	0.0973709	-0.347156	-0.144316
-0.0420212	0.31714	-0.013881	0.24273	-0.0675319	-0.0469313	-0.107843	0.226556	-0.345426	-0.162792
0.0998954	0.0977663	0.0672515	0.209538	-0.0652299	-0.154765	-0.221669	0.273968	-0.158886	-0.147869
0.155146	-0.0204708	0.134784	-0.00872014	-0.060315	0.064727	-0.278511	-0.177363	0.187775	0.0029479
0.235441	0.00552798	0.138104	0.115188	-0.0569056	0.112697	-0.323208	-0.12706	0.0728983	-0.172682
0.297445	-0.077529	0.014435	0.109269	-0.0250029	0.213105	-0.383338	-0.102538	-0.0576136	0.0117685
0.310912	-0.110112	0.159484	0.152113	0.0109593	0.064034	-0.314476	-0.247796	0.054243	-0.0793622
0.250625	0.0442985	0.0942116	-0.161097	-0.102004	0.108854	-0.141783	-0.23833	0.183697	-0.0384714
0.266195	-0.0981782	-0.0912869	0.0662349	-0.0710268	-0.0372755	-0.0817439	-0.229031	0.39132	-0.115208
0.257018	-0.192778	-0.0721531	-0.106917	-0.0262196	0.0681542	-0.0323046	-0.0764178	0.217505	-0.0358862
0.185521	0.0503991	-0.106266	-0.0479859	-0.0575928	-0.00780857	-0.0386423	0.00832801	0.207103	-0.193056
0.0270033	0.0713421	-0.0617461	-0.193946	0.125711	0.142754	-0.0947705	-0.131645	0.278792	-0.163493
0.00771137	0.227609	-0.0556249	0.0639378	0.045699	0.0247901	-0.064828	-0.139939	0.0433488	-0.152705
-0.277015	0.0521766	0.209982	0.228639	0.198167	-0.129509	-0.00956851	-0.22098	0.118344	-0.170236
-0.305719	0.0309719	0.373651	-0.00522695	0.212362	0.00276729	0.0101441	-0.318848	0.123508	-0.123611
-0.264454	-0.0538492	0.292995	-0.0161558	0.202612	0.0667023	-0.0103474	-0.387861	0.164826	0.00553254
-0.130194	-0.110245	0.314382	-0.062752	0.176229	-0.0124701	-0.049249	-0.372686	0.0597214	0.187266
-0.0464988	-0.0924617	0.263348	-0.0981688	-0.0408607	0.0357337	-0.0412725	-0.243675	0.00739872	0.256458
-0.0237101	-0.0716263	0.166109	-0.0562087	-0.086179	0.0933129	-0.0333643	-0.201629	0.0370944	0.176203
-0.0350611	-0.016652	0.132215	-0.0299044	-0.058616	0.0610736	-0.0223918	-0.0594071	-0.0442456	0.0729893
-0.00619189	0.000167682	0.0547374	-0.0163099	-0.00255008	0.0179453	-0.0058136	-0.0198921	-0.0167483	-0.00534459
-1.27385e-05	0.0110969	-0.00924078	0.00330653	0.002233	0.0076746	-0.000108572	-0.000419501	-0.00975099	-0.00477842
0.0	0.0	0.0	0.0	0.0	0.0	0.0	0.0	0.0	0.0
0.0	0.0	0.0	0.0	0.0	0.0	0.0	0.0	0.0	0.0
0.0	0.0	0.0	0.0	0.0	0.0	0.0	0.0	0.0	0.0
-0.00132028	-9.04377e-06	-0.00175629	0.0210033	-9.59297e-06	-0.000389695	-3.87576e-06	-0.0145479	-0.000100159	-0.00286648
-0.0022131	-0.0234823	-0.0523255	0.106212	-0.000292036	0.0182239	-0.000154363	-0.00136728	-0.0349308	-0.00967012
-0.0137365	-0.0395478	-0.096273	0.20292	-0.0157576	-0.00759064	-0.00265089	0.100809	-0.144606	0.016434
-0.0558072	0.0387764	-0.188764	0.219663	-0.0206208	-0.0080013	-0.0165289	0.301164	-0.309016	0.0391366
-0.0746355	0.0402218	-0.287331	0.39955	-0.0413945	-0.0289699	-0.0297947	0.343504	-0.361178	0.0400293
-0.116346	-0.0651449	-0.28497	0.419736	-0.0528405	0.0372417	-0.0620378	0.247511	-0.253763	0.130613
-0.0916177	-0.170823	-0.185804	0.215691	-0.0635236	0.109067	-0.120331	0.140501	0.0807041	0.0861366
-0.0706162	-0.189877	-0.127299	0.206037	-0.00401133	0.33332	-0.182521	0.0536129	0.0694014	-0.0880457
-0.0502223	-0.265514	-0.221248	0.342373	0.0109351	0.22079	-0.241573	0.0957274	0.0781703	0.0305608
-0.0270437	-0.291875	-0.175303	0.319103	0.111051	0.175987	-0.324672	0.0359503	0.280947	-0.104145
0.15586	-0.271334	-0.0048682	0.224974	-0.144973	0.21347	-0.29495	0.0545221	0.23109	-0.16379
0.162534	-0.310653	0.0112732	0.308888	-0.169546	0.310233	-0.323491	0.141885	0.141162	-0.272286
0.083093	-0.321563	0.175308	0.278987	-0.110926	0.257781	-0.285566	0.0465717	0.170074	-0.293758
-0.0474205	-0.273195	0.0352684	0.150473	-0.104321	0.23286	-0.238117	0.0404096	0.254476	-0.0504323
-0.120811	-0.35916	0.00493961	0.232487	0.0387705	0.111049	-0.151234	-0.038225	0.353135	-0.0709491
-0.179798	-0.107356	0.0970096	0.141048	-0.0946637	0.184009	-0.0988578	-0.0297251	0.0023465	0.0859874
-0.254316	-0.0130711	0.143667	-0.132066	-0.0133503	0.170042	-0.0855332	-0.142532	0.2461	0.0810608
-0.246975	0.00948192	-0.0133185	-0.123725	0.100247	0.0345167	-0.0825989	-0.142146	0.364498	0.10002
-0.222047	-0.0185041	-0.00584162	-0.0634739	0.0710008	0.0195809	-0.0494148	-0.183495	0.112438	0.339758
-0.153832	-0.0223602	0.0913913	-0.0327065	0.0548183	-0.00322863	-0.050655	-0.187683	-0.0276157	0.331873
-0.0684717	-0.0430717	0.0323184	-0.0343482	0.0196449	0.108928	-0.0297269	-0.17383	-0.0509678	0.239525
-0.0242673	-0.0203897	0.0638899	-0.0178623	-0.0125343	0.0824285	-0.0118954	-0.181571	-0.0317593	0.153962
-0.00374548	-0.00792241	0.146038	-0.0201984	-0.0332764	0.0466351	-0.00280489	-0.0716998	-0.0379919	-0.0150332
-0.000316645	0.00456892	0.0798579	-0.00415658	0.00481672	-0.013621	-0.000333772	-0.0280833	-0.0184672	-0.0242649
-3.69009e-07	0.00100715	0.0115775	-1.25107e-05	-7.42469e-05	-0.000265027	-3.02784e-05	-1.66257e-06	-0.00260679	-0.00959373
0.0	0.0	0.0	0.0	0.0	0.0	0.0	0.0	0.0	0.0
0.0	0.0	0.0	0.0	0.0	0.0	0.0	0.0	0.0	0.0
0.0	0.0	0.0	0.0	0.0	0.0	0.0	0.0	0.0	0.0
-1.82417e-05	-2.28177e-07	-4.12703e-05	0.002016	-4.98154e-05	-6.79598e-06	-3.09103e-07	-0.00307495	-0.000171599	0.00134722
-0.000120912	-0.00186153	-0.0133206	-0.0115983	-6.93308e-05	0.0194138	-4.74203e-05	0.0163168	-0.0035106	-0.00520199
-0.00270134	-0.0308359	-0.0431004	0.010489	-0.000659752	0.025203	-0.000834929	0.0991343	-0.0791792	0.0224852
-0.01272	-0.0647709	-0.0659563	0.0790608	-0.0350325	-0.0196736	-0.00176013	0.0881432	-0.153961	0.186671
-0.056013	-0.0863013	-0.074225	0.197163	-0.0967592	-0.0205971	-0.00533	0.0564341	-0.137117	0.222746
-0.0979717	-0.118307	-0.139292	0.34407	-0.164831	-0.00175531	-0.00995675	0.0940291	-0.147401	0.241417
-0.157323	-0.114532	-0.261468	0.51589	-0.283478	0.0160121	-0.032703	0.282955	-0.223221	0.257874
-0.234922	-0.183048	-0.294508	0.544345	-0.219769	0.132497	-0.0467891	0.334705	-0.204435	0.171923
-0.32548	-0.360836	-0.258152	0.541992	-0.138661	0.155985	-0.0457887	0.21399	-0.0114146	0.228367
-0.338422	-0.313311	-0.260746	0.492669	-0.267137	0.248431	-0.0470174	0.358476	0.00495661	0.122102
-0.411526	-0.22607	-0.187383	0.554745	-0.404592	0.265694	-0.0492598	0.32839	-0.0871553	0.217156
-0.374111	-0.272023	-0.122514	0.45509	-0.261943	0.279572	-0.0838323	0.27059	-0.0513067	0.160479
-0.346284	-0.297245	-0.0356626	0.2842	-0.249497	0.135631	-0.0793963	0.2475	0.109031	0.231723
-0.316014	-0.311141	0.00673765	0.144858	-0.28301	0.261711	-0.079353	0.251546	0.213059	0.111606
-0.232071	-0.274851	-0.0192089	0.155353	-0.35445	0.229254	-0.0677832	0.154598	0.200515	0.208646
-0.244378	-0.161202	-0.0675945	0.0938002	-0.368913	0.207844	-0.0472271	0.1315	0.203605	0.252566
-0.198888	-0.0704425	-0.164812	0.0390621	-0.296001	0.113801	-0.0391681	0.185625	0.140281	0.290543
-0.118404	-0.0515803	-0.18694	0.0717199	-0.300743	0.0906617	-0.0254449	0.0402367	0.0832329	0.397261
-0.120864	-0.0216006	-0.119554	-0.0172339	-0.171924	0.0655146	-0.0140935	-0.0813862	0.0192019	0.461941
-0.0950223	-0.00562361	-0.0986463	-0.0641081	-0.11489	0.118845	-0.00852401	-0.0619754	-0.0258557	0.355801
-0.0399856	-0.00368741	-0.084629	-0.0236841	-0.0537758	0.153163	-0.00548061	-0.0247325	-0.0292288	0.112041
-0.00885754	-0.000861027	-0.0411042	-0.00442663	-0.0375457	0.107666	-0.00228865	-0.0470735	-0.00965836	0.0441496
-0.00195324	-1.07811e-05	-0.00597296	-0.000213747	-0.0252068	0.0590651	-0.000527254	-0.00429514	-0.00446708	-0.0164181
-4.21631e-07	-4.59013e-06	0.010281	-0.000199326	-0.000730401	-8.17581e-06	-1.88624e-05	-0.00068512	-0.00216799	-0.00646612
-3.23201e-07	-5.47953e-06	0.0122956	-3.00749e-06	-7.86387e-05	-5.69784e-06	-2.10705e-05	-1.35837e-06	-0.00200061	-0.0101794
0.0	0.0	0.0	0.0	0.0	0.0	0.0	0.0	0.0	0.0
0.0	0.0	0.0	0.0	0.0	0.0	0.0	0.0	0.0	0.0
0.0	0.0	0.0	0.0	0.0	0.0	0.0	0.0	0.0	0.0
0.0	0.0	0.0	0.0	0.0	0.0	0.0	0.0	0.0	0.0
0.0	0.0	0.0	0.0	0.0	0.0	0.0	0.0	0.0	0.0
-0.00018563	-0.000749294	-0.000672815	0.000749191	0.0011947	-0.00244667	-3.8106e-05	-0.0275924	-0.00965044	0.0393915
-0.00307286	-0.00278689	-0.0024801	0.012959	-0.00147535	-0.00663115	-0.000266001	-0.0696457	-0.0270128	0.100412
-0.0135936	-0.00530699	-0.00769099	0.0218065	-0.0393978	-0.019015	-0.00110293	-0.0650383	-0.0440274	0.173367
-0.0306879	-0.00782475	-0.0175614	0.0319433	-0.0932645	-0.0615352	-0.00195338	0.0123083	-0.0243685	0.192945
-0.0452519	-0.0128509	-0.0228754	0.0175865	-0.163893	-0.0808356	-0.00429182	0.0890531	-0.0198817	0.243241
-0.0794877	-0.0222255	-0.022806	0.00634941	-0.259469	-0.0585471	-0.00620069	0.14327	-0.0585379	0.357656
-0.073412	-0.0569017	-0.0217536	0.0134107	-0.270514	-0.0183118	-0.00692405	0.145822	-0.104727	0.393312
-0.057429	-0.0508471	-0.0480116	0.0135739	-0.328566	0.0631161	-0.00826979	0.137938	-0.0769866	0.355483
-0.0416555	-0.0634406	-0.026981	-0.00778796	-0.368703	0.0589602	-0.00991611	0.0526556	-0.0903214	0.49719
-0.075223	-0.104997	-0.0443407	-0.00489697	-0.393918	0.00582442	-0.0127506	0.256042	-0.104827	0.479088
-0.103071	-0.089344	-0.0357795	-0.0289794	-0.474401	-0.0245945	-0.0108242	0.328971	-0.129155	0.567177
-0.0782624	-0.0563751	-0.0438926	-0.0167258	-0.420245	0.0461794	-0.00932492	0.373496	-0.140456	0.345606
-0.0547686	-0.0381711	-0.0585944	0.0458875	-0.374525	0.0028768	-0.00848979	0.235414	-0.0974771	0.347848
-0.0703534	-0.0218878	-0.0694542	0.0407089	-0.33004	-0.0269268	-0.00808048	0.235777	-0.0535787	0.303835
-0.04402	-0.023426	-0.0461992	0.0217261	-0.321713	-0.0546057	-0.00717065	0.22701	-0.0378359	0.286235
-0.0092525	-0.0126051	-0.0183445	0.00319226	-0.249344	-0.00704194	-0.00449675	0.124863	-0.0447252	0.217755
-0.0288446	-0.00505902	-0.0168677	-0.0146604	-0.123741	0.028609	-0.00303612	-0.00363751	-0.0242997	0.191537
-0.0367712	-0.00258591	-0.0191706	-0.0101515	-0.058554	0.0275558	-0.0020196	0.00571123	-0.0102288	0.106215
-0.0206392	-0.000437325	-0.00694305	7.07938e-05	-0.0272091	0.0130459	-0.000389509	0.0387968	-0.00245238	0.00615705
-0.00123751	-9.17623e-06	-5.18457e-05	-0.000182248	0.000258747	0.000183346	-7.07796e-05	-0.0029648	-0.000233267	0.00430753
-3.62822e-06	-1.60862e-09	-4.89617e-07	-1.46657e-06	-0.000703203	-1.70692e-05	-1.28787e-06	-7.87733e-05	-1.04814e-05	0.0008164
-1.69813e-07	-1.6554e-08	-1.0454e-06	-1.91079e-07	-6.1526e-08	-8.29791e-08	-8.61882e-10	1.22974e-05	-5.9243e-07	-1.01364e-05
0.0	0.0	0.0	0.0	0.0	0.0	0.0	0.0	0.0	0.0
0.0	0.0	0.0	0.0	0.0	0.0	0.0	0.0	0.0	0.0
0.0	0.0	0.0	0.0	0.0	0.0	0.0	0.0	0.0	0.0
0.0	0.0	0.0	0.0	0.0	0.0	0.0	0.0	0.0	0.0
0.0	0.0	0.0	0.0	0.0	0.0	0.0	0.0	0.0	0.0
0.0	0.0	0.0	0.0	0.0	0.0	0.0	0.0	0.0	0.0
-2.93793e-06	-3.8446e-06	-2.10441e-06	-5.55024e-07	-1.22343e-06	-8.71108e-07	-7.39254e-08	0.000115157	-3.77298e-05	-6.5817e-05
-5.36661e-05	-9.99352e-06	-7.09642e-06	-2.20667e-06	-5.45066e-06	-1.53629e-05	-8.2435e-07	0.00044921	-0.000104789	-0.000249821
-7.56188e-05	-8.86821e-06	-2.55573e-05	-2.15449e-05	-0.00416565	-3.58985e-05	-2.43585e-06	-7.4664e-05	-0.000124964	0.0045352
-0.000156683	-2.22498e-05	-7.4108e-05	-6.41584e-05	-0.0239029	-0.0004082	-3.82141e-05	-0.00150691	-0.000184246	0.0263577
-0.000464302	-4.70121e-05	-0.00010653	-0.000138993	-0.0257807	-0.000968563	-7.05722e-05	0.00819269	-0.000321466	0.0197055
-0.000992493	-3.85642e-05	-0.000178485	-0.000777416	-0.0137784	-0.000720859	-2.85447e-05	0.00698595	-0.000671492	0.0102004
-0.000949965	-0.0030716	-0.0025202	-0.00401711	-0.028037	0.0026958	-6.06235e-05	0.0356171	-0.00891443	0.00925805
-0.00153836	-0.000880894	-0.00110442	-0.00245257	-0.0198219	0.00746213	-6.4457e-05	0.0118163	-0.0027584	0.00934258
-0.003527	-0.00275458	-0.000701777	-0.00311547	-0.0315153	0.00450442	-0.000395908	0.0226841	-0.00726514	0.0220867
-0.00606214	-0.00271384	-0.000834338	-0.00435876	-0.0247813	-0.00272229	-0.000406619	0.093102	-0.0061237	-0.045099
-0.00902662	-0.00142912	-0.00074967	-0.0062649	-0.0674073	-0.0096765	-0.000794209	0.0888433	-0.00554465	0.0120499
-0.00842383	-0.000470592	-0.000944834	-0.00520399	-0.0354427	-0.00739277	-0.000766556	0.0880334	-0.00527326	-0.0241147
-0.00499424	-0.000303692	-0.000800619	-0.00597025	-0.02463	-0.00503024	-0.000545504	0.0772956	-0.0028073	-0.0322138
-0.00411532	-0.00244571	-0.000907708	-0.00459818	-0.0226018	-0.00588933	-0.000510651	0.0940698	-0.0027229	-0.0502781
-0.00423902	-0.007121	-0.000627527	-0.00307045	-0.0288626	-0.00498253	-0.000335883	0.110609	-0.00304431	-0.0583256
-0.00211274	-0.000168718	-0.000419071	-0.002138	-0.0214462	-0.00472093	-0.00019835	0.0749602	-0.00194171	-0.0418145
-0.00382039	-8.02564e-05	-0.00281507	-0.001064	-0.00473325	-0.00844055	-0.000187187	0.0273551	-0.00221954	-0.00399486
-0.00788662	-2.74217e-05	-0.00190445	-0.000356642	-0.00249875	-0.00348281	-7.76678e-05	0.0114684	-0.00118185	0.00594787
-0.0228237	-5.10449e-05	-0.00711027	-0.00023963	-0.00503846	-0.00333736	-0.000192356	0.0324398	-0.00109702	0.00745008
-0.00521485	-3.1944e-06	-6.32245e-05	-2.60362e-05	-0.00109653	-0.000740554	-1.71186e-05	0.0102932	-0.000222574	-0.00290914
0.0	0.0	0.0	0.0	0.0	0.0	0.0	0.0	0.0	0.0
0.0	0.0	0.0	0.0	0.0	0.0	0.0	0.0	0.0	0.0
0.0	0.0	0.0	0.0	0.0	0.0	0.0	0.0	0.0	0.0
0.0	0.0	0.0	0.0	0.0	0.0	0.0	0.0	0.0	0.0
