0.0	0.0	0.0	0.0	0.0	0.0	0.0	0.0	0.0	0.0
0.0	0.0	0.0	0.0	0.0	0.0	0.0	0.0	0.0	0.0
0.0	0.0	0.0	0.0	0.0	0.0	0.0	0.0	0.0	0.0
0.0	0.0	0.0	0.0	0.0	0.0	0.0	0.0	0.0	0.0
0.0	0.0	0.0	0.0	0.0	0.0	0.0	0.0	0.0	0.0
0.0	0.0	0.0	0.0	0.0	0.0	0.0	0.0	0.0	0.0
0.0	0.0	0.0	0.0	0.0	0.0	0.0	0.0	0.0	0.0
0.0	0.0	0.0	0.0	0.0	0.0	0.0	0.0	0.0	0.0
0.0	0.0	0.0	0.0	0.0	0.0	0.0	0.0	0.0	0.0
0.0	0.0	0.0	0.0	0.0	0.0	0.0	0.0	0.0	0.0
0.0	0.0	0.0	0.0	0.0	0.0	0.0	0.0	0.0	0.0
0.0	0.0	0.0	0.0	0.0	0.0	0.0	0.0	0.0	0.0
0.0	0.0	0.0	0.0	0.0	0.0	0.0	0.0	0.0	0.0
0.0	0.0	0.0	0.0	0.0	0.0	0.0	0.0	0.0	0.0
0.0	0.0	0.0	0.0	0.0	0.0	0.0	0.0	0.0	0.0
0.0	0.0	0.0	0.0	0.0	0.0	0.0	0.0	0.0	0.0
0.0	0.0	0.0	0.0	0.0	0.0	0.0	0.0	0.0	0.0
0.0	0.0	0.0	0.0	0.0	0.0	0.0	0.0	0.0	0.0
0.0	0.0	0.0	0.0	0.0	0.0	0.0	0.0	0.0	0.0
0.0	0.0	0.0	0.0	0.0	0.0	0.0	0.0	0.0	0.0
0.0	0.0	0.0	0.0	0.0	0.0	0.0	0.0	0.0	0.0
0.0	0.0	0.0	0.0	0.0	0.0	0.0	0.0	0.0	0.0
0.0	0.0	0.0	0.0	0.0	0.0	0.0	0.0	0.0	0.0
0.0	0.0	0.0	0.0	0.0	0.0	0.0	0.0	0.0	0.0
0.0	0.0	0.0	0.0	0.0	0.0	0.0	0.0	0.0	0.0
0.0	0.0	0.0	0.0	0.0	0.0	0.0	0.0	0.0	0.0
0.0	0.0	0.0	0.0	0.0	0.0	0.0	0.0	0.0	0.0
0.0	0.0	0.0	0.0	0.0	0.0	0.0	0.0	0.0	0.0
0.0	0.0	0.0	0.0	0.0	0.0	0.0	0.0	0.0	0.0
0.0	0.0	0.0	0.0	0.0	0.0	0.0	0.0	0.0	0.0
0.0	0.0	0.0	0.0	0.0	0.0	0.0	0.0	0.0	0.0
0.0	0.0	0.0	0.0	0.0	0.0	0.0	0.0	0.0	0.0
0.0	0.0	0.0	0.0	0.0	0.0	0.0	0.0	0.0	0.0
0.0	0.0	0.0	0.0	0.0	0.0	0.0	0.0	0.0	0.0
0.0	0.0	0.0	0.0	0.0	0.0	0.0	0.0	0.0	0.0
0.0	0.0	0.0	0.0	0.0	0.0	0.0	0.0	0.0	0.0
0.0	0.0	0.0	0.0	0.0	0.0	0.0	0.0	0.0	0.0
-5.17518e-06	-9.78287e-05	0.000229578	-2.81676e-05	-9.92039e-07	-1.01865e-05	-5.90259e-05	-1.63846e-06	-2.21533e-05	-4.41034e-06
-3.37546e-05	-0.000193783	0.000268446	-5.8328e-05	-0.000237199	-4.21414e-05	0.00052706	-3.52879e-05	-5.08453e-05	-0.000144168
-0.000141426	-0.000317269	-0.000279671	-0.000104274	-0.00139914	-0.000141633	0.00342173	-0.000182862	-0.000133654	-0.000721801
-8.88641e-05	-0.000302489	2.70138e-05	-9.37942e-05	-0.0011792	-8.03754e-05	0.00239694	-0.000122479	-0.000150857	-0.000405892
-1.12076e-05	-0.000135589	0.000200354	-3.9555e-05	-0.000375996	-1.55651e-05	0.00043179	-4.66017e-06	-3.63148e-05	-1.32563e-05
-4.62083e-06	-2.21389e-05	-5.51185e-06	-6.40295e-06	-1.02197e-05	-3.1873e-06	6.28003e-05	-5.9857e-07	-6.86935e-06	-3.25094e-06
0.00176206	-1.11671e-05	-4.90318e-05	-5.95775e-06	-0.000338991	-9.52629e-06	-0.00033733	-0.000190416	-9.75169e-06	-0.000809886
0.00472763	-0.00133661	0.00307923	-0.000139935	-0.00119989	-0.000110919	-0.00164591	-0.00061636	-0.000190962	-0.00256626
0.00164858	-0.000576551	0.000445449	-8.34139e-05	-0.000782659	-0.000231845	0.00154293	-0.000312339	-0.000153911	-0.00149624
-0.000713345	-4.82557e-05	-0.000914472	-3.09633e-05	-0.000274903	-0.000218199	0.00267654	-3.12246e-05	-8.91641e-05	-0.000356016
-0.000209807	-1.41929e-05	-0.000268962	-9.10686e-06	-8.08539e-05	-6.41762e-05	0.000787219	-9.18369e-06	-2.62247e-05	-0.000104711
0.0	0.0	0.0	0.0	0.0	0.0	0.0	0.0	0.0	0.0
0.0	0.0	0.0	0.0	0.0	0.0	0.0	0.0	0.0	0.0
0.0	0.0	0.0	0.0	0.0	0.0	0.0	0.0	0.0	0.0
0.0	0.0	0.0	0.0	0.0	0.0	0.0	0.0	0.0	0.0
0.0	0.0	0.0	0.0	0.0	0.0	0.0	0.0	0.0	0.0
0.0	0.0	0.0	0.0	0.0	0.0	0.0	0.0	0.0	0.0
0.0	0.0	0.0	0.0	0.0	0.0	0.0	0.0	0.0	0.0
0.0	0.0	0.0	0.0	0.0	0.0	0.0	0.0	0.0	0.0
0.0	0.0	0.0	0.0	0.0	0.0	0.0	0.0	0.0	0.0
0.0	0.0	0.0	0.0	0.0	0.0	0.0	0.0	0.0	0.0
0.0	0.0	0.0	0.0	0.0	0.0	0.0	0.0	0.0	0.0
0.0	0.0	0.0	0.0	0.0	0.0	0.0	0.0	0.0	0.0
0.0	0.0	0.0	0.0	0.0	0.0	0.0	0.0	0.0	0.0
0.0	0.0	0.0	0.0	0.0	0.0	0.0	0.0	0.0	0.0
0.0	0.0	0.0	0.0	0.0	0.0	0.0	0.0	0.0	0.0
-8.21632e-06	-9.54512e-06	-4.03583e-05	-2.29096e-06	-4.14983e-05	-3.69743e-06	0.000132711	-5.94199e-06	-1.27874e-05	-8.37552e-06
-0.00053887	-0.000241943	-0.000325291	-0.000147681	-0.000635034	-0.000140656	0.00248122	-0.000158926	-0.000197357	-9.54628e-05
-0.00368545	-0.000694214	-0.00117669	-0.000831816	-0.00208278	-0.000935098	0.0122976	-0.000985535	-0.00140125	-0.000504775
-0.00262258	-0.00101033	0.00109	-0.000734113	-0.00309314	-0.00201266	0.0122137	-0.000873389	-0.00168264	-0.00127489
-0.00306167	-0.00196688	0.00342392	-0.00189387	-0.00796364	-0.00244664	0.0203968	-0.00132444	-0.00236473	-0.00279886
-0.00511773	-0.00329889	0.00583681	-0.00319338	-0.0112357	-0.00325537	0.0304255	-0.00206625	-0.00367592	-0.00441902
-0.00645079	-0.00341868	0.0022559	-0.00256269	-0.0110528	-0.00289839	0.0340187	-0.00218919	-0.0036921	-0.00400999
-0.00632461	-0.00424437	0.00460746	-2.46089e-05	-0.0118087	-0.00335481	0.0312942	-0.00248473	-0.0038557	-0.00380416
-0.008633	-0.00353472	0.00111312	0.00145803	-0.0119075	-0.00434774	0.0362006	-0.00263333	-0.00363211	-0.00408325
-0.00998192	-0.00503921	-0.00549167	0.00114161	-0.0105376	-0.00647009	0.0521412	-0.00325726	-0.00555028	-0.0069547
-0.00877965	-0.00593222	-0.0120831	0.00100443	-0.00799298	-0.00864981	0.0601044	-0.00300383	-0.00726749	-0.00739972
-0.00783245	-0.00276061	-0.0115496	0.000898148	-0.00568631	-0.00581988	0.0457119	-0.0024602	-0.00495292	-0.00554804
-0.00620463	-0.00235432	-0.00768637	-0.000975283	-0.00411924	-0.00445757	0.0343639	-0.00148664	-0.0033793	-0.00370054
-0.00178614	-0.00140438	-0.00491255	-0.000821305	-0.00163033	-0.00243645	0.0159908	-0.000500754	-0.00176174	-0.00073711
-0.000691056	-0.000816612	-0.00428523	-0.000219422	-0.000828241	-0.00160707	0.00990934	-6.14553e-05	-0.00128345	-0.000116805
-0.000394831	-0.000379466	-0.00166976	-4.54121e-05	-0.000322223	-0.000620643	0.00401832	-4.65839e-05	-0.000445676	-9.37263e-05
-5.22469e-05	-5.53686e-05	-0.000189454	-6.89376e-06	-3.02217e-05	-9.08975e-05	0.000516571	-6.08004e-06	-7.00791e-05	-1.53295e-05
-2.6789e-06	-1.56191e-07	-6.6513e-06	-3.73911e-07	-8.15781e-07	-6.32732e-06	2.05793e-05	-3.25297e-08	-3.04152e-06	-5.01865e-07
0.0	0.0	0.0	0.0	0.0	0.0	0.0	0.0	0.0	0.0
0.0	0.0	0.0	0.0	0.0	0.0	0.0	0.0	0.0	0.0
0.0	0.0	0.0	0.0	0.0	0.0	0.0	0.0	0.0	0.0
0.0	0.0	0.0	0.0	0.0	0.0	0.0	0.0	0.0	0.0
0.0	0.0	0.0	0.0	0.0	0.0	0.0	0.0	0.0	0.0
0.0	0.0	0.0	0.0	0.0	0.0	0.0	0.0	0.0	0.0
0.0	0.0	0.0	0.0	0.0	0.0	0.0	0.0	0.0	0.0
-2.18547e-05	-2.40798e-05	5.46142e-05	-3.22256e-05	-2.79578e-05	-2.45949e-05	0.000179112	-4.88659e-05	-3.12635e-05	-2.28845e-05
-0.000283658	-0.000403602	0.0040718	-0.0011031	-0.000927686	-0.000305855	0.000907056	-0.000938956	-0.000519277	-0.000496719
-0.000731102	-0.000570925	0.0096795	-0.00238358	-0.000651597	-0.000370944	-0.00290928	-0.00120529	-0.000639101	-0.000217675
-0.00143725	-0.000912962	0.013054	-0.00266285	-0.00152299	-0.000565234	-0.00303372	-0.00121311	-0.00100711	-0.000698751
-0.00487046	-0.00293918	0.0146926	-0.00414483	-0.00305605	-0.00127129	0.00625951	-0.00150836	-0.00192693	-0.00123497
-0.00717138	-0.00673809	0.0265923	-0.0050142	-0.00486698	-0.00450161	0.0115851	-0.00277992	-0.00465224	-0.0024529
-0.0106636	-0.00822561	0.0404998	-0.00124297	-0.0101424	-0.00884661	0.0160256	-0.00473504	-0.00731349	-0.00535582
-0.0152363	-0.0100893	0.0524397	-0.00156231	-0.0187433	-0.0103788	0.0298506	-0.00608743	-0.0111474	-0.00904538
-0.0171935	-0.00837142	0.0553081	0.000101756	-0.0274055	-0.015078	0.047425	-0.00742837	-0.0164628	-0.0108954
-0.0194737	-0.0102651	0.0544302	0.00860796	-0.031353	-0.0198682	0.0618073	-0.00972086	-0.0216902	-0.0124745
-0.0239684	-0.0123589	0.0487526	0.0139704	-0.0285847	-0.0231553	0.0745626	-0.0109792	-0.0241802	-0.0140589
-0.0293015	-0.0212229	0.0590701	0.00260866	-0.0354768	-0.024298	0.108283	-0.0139342	-0.0253669	-0.0203614
-0.0389256	-0.0265338	0.0585263	-0.00516397	-0.0329346	-0.0320182	0.143509	-0.0167296	-0.026183	-0.0235464
-0.0464168	-0.0213885	0.0390131	-0.00927044	-0.0291562	-0.0353968	0.1684	-0.0155903	-0.0286585	-0.0215359
-0.0415401	-0.0121948	0.0124738	-0.0128382	-0.019739	-0.0192975	0.148474	-0.0109888	-0.0283569	-0.015992
-0.0276567	-0.0122548	0.0115969	-0.00954396	-0.0143452	-0.00548951	0.0982251	-0.00666946	-0.0249134	-0.00894902
-0.0128768	-0.00786483	-9.38334e-05	-0.00671636	-0.00367917	0.000947392	0.0527001	-0.00359736	-0.0138612	-0.00495793
-0.00665724	-0.00380384	-0.00584052	-0.00818555	-0.00214488	-0.00101312	0.0400535	-0.00164393	-0.00863882	-0.00212563
-0.00309219	-0.00191184	-0.00700517	-0.00535863	-0.00182845	0.00197811	0.0224193	-0.00072262	-0.00379401	-0.000684466
-0.00070649	0.000185656	-0.00156176	-0.00132793	-0.000785886	-0.000715417	0.00586389	-0.000201995	-0.000615077	-0.000134998
-0.000271964	-8.17254e-05	-0.000363669	-7.35e-05	-0.00145639	-0.000786577	0.00324771	-0.00012773	-5.26201e-05	-3.35317e-05
0.0	0.0	0.0	0.0	0.0	0.0	0.0	0.0	0.0	0.0
0.0	0.0	0.0	0.0	0.0	0.0	0.0	0.0	0.0	0.0
0.0	0.0	0.0	0.0	0.0	0.0	0.0	0.0	0.0	0.0
0.0	0.0	0.0	0.0	0.0	0.0	0.0	0.0	0.0	0.0
0.0	0.0	0.0	0.0	0.0	0.0	0.0	0.0	0.0	0.0
0.0	0.0	0.0	0.0	0.0	0.0	0.0	0.0	0.0	0.0
-1.05908e-05	-7.99149e-05	-0.000350497	0.000654452	-2.61009e-05	-7.68639e-05	-2.47775e-05	-9.82603e-06	-5.53616e-05	-2.05193e-05
-2.84509e-06	-0.000329471	-0.00155308	0.00259543	9.80987e-05	-0.000366161	1.65439e-06	-5.17204e-05	-0.000244848	-0.000147061
-0.00195517	-0.00146246	0.0118315	-0.00103199	0.000353272	-0.00162565	-0.00106055	-0.00208637	-0.00158156	-0.00138098
-0.00383531	-0.00242638	0.0187058	8.26294e-07	-0.000470549	-0.00339405	-0.0032308	-0.00301265	0.000201547	-0.00253842
-0.00753759	-0.00754632	0.0309713	0.00801233	-0.0044042	-0.00880755	-0.00406422	-0.00435133	0.00143031	-0.00370271
-0.0141729	-0.0131685	0.0453258	0.0191049	-0.0103483	-0.0120485	0.00166734	-0.00699385	-0.00374218	-0.00562381
-0.0246805	-0.0182455	0.0735737	0.0379846	-0.012674	-0.0196884	0.0054575	-0.011686	-0.017893	-0.0121484
-0.0280974	-0.0228018	0.103406	0.0442284	-0.0220157	-0.0157118	0.00427234	-0.017913	-0.0268871	-0.0184796
-0.0444007	-0.019631	0.126373	0.0465456	-0.0408989	-0.00680892	0.0186451	-0.0243302	-0.0302005	-0.0252937
-0.027553	0.00137215	0.130216	0.0418563	-0.0449745	-0.00989378	0.0156963	-0.0340839	-0.0362025	-0.0364326
-0.0146358	0.0117856	0.128882	0.0391036	-0.0494409	-0.0163934	0.0317481	-0.0424727	-0.0425587	-0.0460181
-0.0102477	0.0278118	0.125197	0.0279181	-0.0591943	-0.0122973	0.0568652	-0.0511594	-0.0443648	-0.0605287
0.000377374	0.011089	0.139839	0.0093422	-0.0738434	-0.000538094	0.0944534	-0.0558949	-0.0525372	-0.0722877
-0.000627786	-0.00822171	0.14843	-0.0110395	-0.0747623	-0.0139629	0.138931	-0.0580032	-0.0454162	-0.0753278
-0.0145107	0.0107347	0.113888	-0.0210026	-0.0582014	-0.00908571	0.147519	-0.0536325	-0.0476096	-0.0680989
-0.018875	0.0319603	0.0619243	-0.0224936	-0.038649	0.000763641	0.130602	-0.0410225	-0.0467216	-0.0574888
0.00219574	0.0413116	0.00611594	-0.0151697	-0.012446	-0.00557617	0.08152	-0.028711	-0.0273968	-0.0418436
0.00200388	0.0396568	-0.0189804	-0.0178711	0.0199745	-0.00407673	0.0515269	-0.0202612	-0.0221828	-0.0297899
-0.0102522	0.046037	-0.0301562	-0.0189865	0.016656	0.0162829	0.0327972	-0.0132912	-0.0180844	-0.0210026
-0.0137308	0.0246695	-0.0212035	-0.0153273	0.0193116	0.0210166	0.0201414	-0.0103392	-0.0104609	-0.0140774
-0.00934769	0.00477947	-0.0106932	-0.012431	0.00896194	0.0176695	0.0133072	-0.00484899	-0.00217968	-0.00521753
-0.0038444	-0.000137175	-0.00238665	-0.00329944	0.000879177	0.00842488	0.00140079	-0.00109887	0.00101863	-0.000956944
-0.00127982	-4.11816e-05	-0.000545377	-0.00114519	-7.80467e-05	0.00491729	-0.000811961	-4.93698e-05	-0.000831315	-0.000135031
-3.53383e-05	-3.28026e-06	-1.50983e-05	-1.13222e-05	-9.08874e-06	0.000123664	-7.23861e-06	-6.61197e-06	-2.47103e-05	-1.0975e-05
0.0	0.0	0.0	0.0	0.0	0.0	0.0	0.0	0.0	0.0
0.0	0.0	0.0	0.0	0.0	0.0	0.0	0.0	0.0	0.0
0.0	0.0	0.0	0.0	0.0	0.0	0.0	0.0	0.0	0.0
0.0	0.0	0.0	0.0	0.0	0.0	0.0	0.0	0.0	0.0
0.000104569	-0.000124057	0.000609843	0.000142368	-2.32685e-05	-0.000370731	-0.000119683	-5.52658e-05	-0.00011873	-4.50441e-05
-0.00146863	-0.00112205	0.00872139	-0.000218023	3.27065e-05	-0.00239287	0.000241293	-0.00127532	-0.00136489	-0.0011536
-0.00525535	-0.00301299	0.0191339	0.00624427	0.00507733	-0.00819648	-0.00143269	-0.00419062	-0.00391541	-0.00445199
-0.0121222	-0.00714817	0.035778	0.0156371	-4.94767e-05	-0.0130261	-0.00351287	-0.0071389	-0.00173212	-0.00668529
-0.0208264	-0.0194952	0.0588946	0.0415172	-0.00379674	-0.0193431	-0.010372	-0.0101103	-0.00634525	-0.0101227
-0.0335112	-0.0326689	0.0858599	0.0609646	-0.00452416	-0.0164804	-0.00345028	-0.0184349	-0.0214888	-0.0162659
-0.0454489	-0.0340516	0.112243	0.0730858	0.00371704	-0.00790708	-0.0120731	-0.032002	-0.0227643	-0.0347992
-0.0466903	-0.0433543	0.137958	0.0788064	-0.00374872	0.00482158	-0.0112211	-0.0437163	-0.022771	-0.0500844
-0.0362222	-0.0377147	0.133726	0.078862	-0.0358662	0.00851284	-0.0117307	-0.0583439	0.0162962	-0.0575196
-0.00166749	-0.0109835	0.127688	0.0877996	-0.0433041	0.00765713	-0.0264572	-0.0745583	0.01282	-0.0789942
0.0253083	0.0105301	0.138409	0.0801831	-0.0685523	0.00296785	-0.0159552	-0.0956626	0.0322449	-0.109473
0.0648781	0.0327856	0.144304	0.0554819	-0.0909253	-0.0218795	0.00653198	-0.1172	0.067663	-0.14164
0.0829575	0.0143674	0.145153	0.0393513	-0.110402	-0.033088	0.05361	-0.125853	0.0956849	-0.161781
0.0928892	-0.024665	0.128756	0.0307414	-0.0957689	-0.00666821	0.085463	-0.126054	0.0999271	-0.184621
0.0712593	0.0126311	0.104266	0.00293838	-0.068829	0.0248737	0.0651969	-0.119497	0.0866091	-0.179449
0.0486536	0.0452692	0.0675542	-0.0208666	-0.0108064	0.0465791	0.029018	-0.102522	0.0499953	-0.152874
0.02785	0.0688247	0.0135404	-0.018759	0.0357217	0.0379739	0.0222006	-0.0769331	0.00782029	-0.118239
0.00705985	0.0643106	-0.0122779	-0.0245882	0.0493012	0.0515647	0.0136469	-0.0524976	-0.0133987	-0.0831208
-0.0156379	0.0534932	-0.0301826	-0.0405885	0.0703084	0.0643356	-0.00609369	-0.0377356	0.00473322	-0.0626322
-0.0270634	0.0301758	-0.0239685	-0.038736	0.0584676	0.0683281	0.00434039	-0.0282568	-1.69901e-05	-0.0432701
-0.0249269	0.00875653	-0.0198001	-0.035573	0.032298	0.0756191	0.00563775	-0.0174996	-0.0037795	-0.0207323
-0.0141826	0.00174252	-0.00965164	-0.0154542	0.0177462	0.0495783	-0.00173179	-0.00844378	-0.00949909	-0.010104
-0.00387217	-0.00176459	-0.00265056	-0.00495419	0.00659812	0.019925	-0.00340939	-0.00232573	-0.00333719	-0.00420931
-0.00067697	-0.000164042	-0.000355953	-0.000236084	-0.000175337	0.00274966	-0.000163061	-0.000171323	-0.000367446	-0.000439446
0.0	0.0	0.0	0.0	0.0	0.0	0.0	0.0	0.0	0.0
0.0	0.0	0.0	0.0	0.0	0.0	0.0	0.0	0.0	0.0
0.0	0.0	0.0	0.0	0.0	0.0	0.0	0.0	0.0	0.0
-2.76978e-05	-0.00103853	-0.000559921	0.00371321	-0.000323572	-0.000362092	-0.000155787	-0.000482187	-0.000452413	-0.000311014
-0.000258458	-0.00233567	0.000784603	0.00922043	-0.000544007	-0.00250769	-0.000782712	-0.00110644	-0.00146753	-0.00100252
-0.0023857	-0.00473324	0.00947788	0.00853472	0.00499675	-0.00464198	-0.00144374	0.000951271	-0.00416643	-0.00658955
-0.00889721	-0.00679113	0.014488	0.0242816	0.0128372	-0.0125361	-0.00237002	-0.00174362	-0.00762072	-0.0116479
-0.0190219	-0.0159964	0.0402191	0.0443685	0.00559233	-0.0222504	-0.00620094	-0.00697597	-0.00612795	-0.0136063
-0.0377023	-0.0308106	0.0549308	0.0725066	0.00828386	-0.0202306	-0.00815712	-0.00388518	-0.0126624	-0.022273
-0.0488994	-0.0474365	0.0727995	0.0985429	0.00298623	-0.0112656	-0.0148314	0.00105265	-0.0120816	-0.0408668
-0.0493496	-0.0508137	0.082923	0.106622	-0.00182077	0.00721559	-0.0222087	-0.00803797	-0.00739908	-0.0571304
-0.0310472	-0.063911	0.0975708	0.104651	-0.00522169	0.0223531	-0.0277996	-0.0195758	0.00287497	-0.0798943
-0.00423725	-0.0651514	0.0917524	0.0858589	-0.0360891	0.0387067	-0.0337717	-0.0370531	0.0381515	-0.0781669
0.0202551	-0.047901	0.0896951	0.0768353	-0.0506703	0.0421293	-0.0517546	-0.0630275	0.0552583	-0.0708198
0.0475082	-0.0374652	0.100414	0.0656095	-0.085647	0.00921162	-0.0508749	-0.0982613	0.0802133	-0.0307081
0.0616877	-0.00777822	0.10841	0.0454107	-0.15152	-0.0241731	-0.0306687	-0.125032	0.0960611	0.0276026
0.0799495	-0.0302188	0.10779	0.0581957	-0.203318	-0.0342657	0.00242694	-0.149768	0.0773332	0.0918757
0.106919	-0.0673863	0.0974814	0.0707188	-0.185099	-0.0379242	-0.00579045	-0.148782	0.070725	0.099138
0.110002	-0.0276575	0.070815	0.0634594	-0.121166	-0.0171274	-0.0437329	-0.137304	0.0750994	0.0276115
0.0860399	0.0232019	0.0456653	0.0296959	-0.0171197	0.00910699	-0.0677969	-0.117041	0.0686132	-0.0603659
0.0684913	0.0429875	0.00263798	-0.00194668	0.0410738	0.0562649	-0.0565426	-0.0758258	0.0439242	-0.121065
0.042048	0.0343081	-0.00735637	0.012372	0.0524071	0.0789764	-0.0597636	-0.0495169	0.0247346	-0.128209
-0.0142041	0.0203718	-0.00699498	-0.0188843	0.0754667	0.120994	-0.0464234	-0.0480897	0.017686	-0.0999217
-0.0432493	0.000892741	-0.0202623	-0.0519754	0.0622283	0.148116	-0.0214222	-0.0507212	0.0467899	-0.0703969
-0.0359071	-0.0185177	-0.0265279	-0.0552148	0.0454859	0.15107	-0.0116281	-0.0362654	0.0311236	-0.0436182
-0.0281532	-0.01342	-0.0147922	-0.0304494	0.0275009	0.11891	-0.0121551	-0.0205289	-0.00130753	-0.0256048
-0.0098402	-0.00617403	-0.00565825	-0.0107692	0.000718885	0.0515806	-0.00480657	-0.00654649	0.0015028	-0.0100075
-0.00174167	-0.00077153	-0.000838465	-0.00141841	-0.00113577	0.0124876	-0.000660442	-0.00214832	-0.00141957	-0.00235342
-0.000330618	-0.000251401	-0.000255293	-0.000254269	-0.000344601	0.00265541	-0.00025529	-0.00030704	-0.00035935	-0.000297552
0.0	0.0	0.0	0.0	0.0	0.0	0.0	0.0	0.0	0.0
-2.61906e-05	-0.000127133	-0.000184871	-0.000180537	-0.00015576	-0.000161339	-7.77209e-05	0.0013128	-0.000204398	-0.000194852
-0.000471726	-0.000879924	-0.00125444	0.00181991	-0.000773654	-0.00101517	-0.000570853	0.00500307	-0.000638203	-0.00121901
-0.00188235	-0.00215746	-0.000959304	0.0126032	-0.00149573	-0.00498296	-0.00199151	0.00689598	-0.00234755	-0.00368234
-0.00649589	-0.00608728	0.00536692	0.0203338	0.00632167	-0.00840259	-0.00439704	0.011305	-0.00631189	-0.0116327
-0.0116423	-0.0116689	0.0102181	0.0320942	0.0174343	-0.0153139	-0.00700944	0.012938	-0.00764511	-0.019405
-0.02485	-0.0235192	0.0325314	0.0440031	0.0115893	-0.0221183	-0.011071	0.0166203	-0.00160134	-0.0215843
-0.0397237	-0.0415135	0.0268603	0.0740137	0.00334095	-0.0157824	-0.00987562	0.0416787	-0.0027341	-0.0362643
-0.039263	-0.059338	0.027594	0.072921	0.004585	0.0093923	-0.0197912	0.0483912	0.00737117	-0.0518625
-0.0238701	-0.067489	0.0183387	0.0721768	0.00664729	0.0236629	-0.0256725	0.0524582	0.00293841	-0.0591908
-0.0141785	-0.085993	0.0336332	0.0548057	-0.0161652	0.0468133	-0.0413939	0.065316	0.0190858	-0.0619234
-0.0012783	-0.106346	0.0530948	0.0375298	-0.0479642	0.05755	-0.0630049	0.0568047	0.0427755	-0.0291614
0.0264314	-0.0935851	0.0478148	0.0367904	-0.0845713	0.0194348	-0.0735474	0.0263866	0.0609787	0.0338672
0.0245027	-0.0707464	0.0592596	0.0461564	-0.149765	-0.0192433	-0.0380543	-0.00917489	0.0347647	0.1223
0.0444783	-0.0100486	0.0497253	0.0559775	-0.24044	-0.0364324	-0.0413014	-0.0170316	-0.0195139	0.214587
0.0721047	-0.0359116	0.0608279	0.0620494	-0.281658	-0.0550147	-0.0345051	-0.0127778	-0.0471949	0.27208
0.100018	-0.0537764	0.0461403	0.0871119	-0.234332	-0.0643551	-0.0849917	-0.0134757	-0.0294305	0.247091
0.123871	-0.0272223	0.0387165	0.0733306	-0.137512	-0.0485389	-0.136676	-0.00322434	-0.0333624	0.150619
0.107691	0.00929866	-0.00971318	0.0437874	-0.0229708	-0.0219652	-0.148557	0.0115749	0.00888879	0.0219654
0.0722533	0.0157434	-0.0139407	0.0238645	0.0131421	0.0432176	-0.139758	0.0294509	0.0143377	-0.0583103
0.041689	-0.0142287	-0.0267499	0.0359956	0.0293498	0.107214	-0.12396	0.0144045	0.0254119	-0.089126
-0.00424347	-0.0313061	-0.00470741	0.0130219	0.0466557	0.157901	-0.0965123	-0.0025616	0.0338234	-0.112072
-0.0439295	-0.0340028	-0.0184871	-0.034621	0.0496716	0.201528	-0.0556774	-0.0482087	0.073704	-0.0899774
-0.0392232	-0.0381331	-0.0383551	-0.0549121	0.034443	0.218558	-0.0320476	-0.0473043	0.0563045	-0.0593301
-0.0313118	-0.025979	-0.02837	-0.0355963	0.00729921	0.179066	-0.0202367	-0.0268545	0.0151332	-0.0331502
-0.0143766	-0.0118556	-0.010175	-0.0117671	-0.00878501	0.0841957	-0.00845844	-0.010199	0.00545322	-0.0140322
-0.00299203	-0.000875616	-0.00105053	-0.000844218	-0.00246698	0.0174368	-0.000864053	-0.00236197	-0.00304039	-0.00294106
-0.000273594	-7.98427e-06	-2.10326e-05	-1.76011e-05	-0.000320477	0.00138891	-2.10244e-05	-0.000194539	-0.000369931	-0.000162726
0.0	0.0	0.0	0.0	0.0	0.0	0.0	0.0	0.0	0.0
-7.69098e-05	-0.00015751	-0.00059459	-0.000548768	-0.000347266	-0.000430531	-0.000245384	0.0032967	-0.000286092	-0.000609644
-0.00180138	-0.000265588	-0.000949251	-0.00176872	-0.000986311	-0.00112922	-0.00106343	0.0101149	-0.000547389	-0.00160361
-0.00340953	-0.000922655	-0.0017802	0.0128996	-0.00152903	-0.00604913	-0.00320004	0.0118592	-0.00327203	-0.00459617
-0.0110846	-0.00506577	0.000996058	0.0234856	0.00455774	-0.0120642	-0.00764054	0.0276543	-0.00581947	-0.0150191
-0.0167182	-0.0110824	0.00631839	0.0157076	0.0174623	-0.0144776	-0.00878478	0.0391701	-0.0085219	-0.0190735
-0.0292954	-0.0241549	0.0112276	0.0246236	0.00778184	-0.0168816	-0.0128575	0.0594307	0.00288889	-0.0227632
-0.0351423	-0.0417614	0.00811161	0.0122424	-0.00561216	0.00380089	-0.0153775	0.104465	0.00904719	-0.0397735
-0.0274653	-0.059696	-0.00942639	-0.00188174	-0.018426	0.0297625	-0.0200052	0.116785	0.020612	-0.030259
-0.0198681	-0.0773767	-0.0162058	-0.0202426	-0.0030704	0.0399471	-0.0381163	0.132146	0.0371627	-0.0343756
-0.00576662	-0.103036	-0.00426794	-0.0352899	-0.0252222	0.0484803	-0.050824	0.138546	0.05536	-0.0179793
0.00135385	-0.127199	-0.015054	-0.0340588	-0.0503101	0.0710015	-0.0744847	0.116959	0.0619448	0.0498475
0.0123254	-0.110602	-0.025898	-0.00955042	-0.0932482	0.0257397	-0.0455746	0.0985965	0.0226259	0.125586
0.0290879	-0.049264	-0.0297622	0.00238647	-0.165301	-0.0221379	-0.0200776	0.10509	-0.0147149	0.164694
0.0608193	0.0361529	-0.0367646	0.0292325	-0.251698	-0.0360115	-0.0175251	0.119051	-0.062109	0.158852
0.0662053	0.0361371	0.00105451	0.062737	-0.252616	-0.0590887	-0.0494226	0.134224	-0.090933	0.151702
0.0754284	0.0104891	0.016325	0.0934313	-0.192965	-0.0614183	-0.128131	0.156568	-0.0908337	0.121105
0.0885049	0.0136354	0.0177132	0.0758355	-0.0898902	-0.0386844	-0.190883	0.147152	-0.0922063	0.0688232
0.0837523	0.00911358	-0.0203822	0.0524117	-0.0189223	-0.00832734	-0.203388	0.122759	-0.0370697	0.0200536
0.0926238	-0.0319691	-0.035221	0.0351725	-0.00552771	0.0367806	-0.194358	0.10027	0.0242165	-0.0219878
0.0587405	-0.0675775	-0.0272625	0.043517	0.0280588	0.0877014	-0.156443	0.0548933	0.048274	-0.0699021
0.0171083	-0.0711367	-0.0103172	0.0238965	0.0261877	0.13901	-0.125561	0.0117222	0.0727723	-0.0836817
-0.00375872	-0.0636902	-0.0257034	-0.0184045	0.0289798	0.176721	-0.0780664	-0.0289377	0.100169	-0.087309
-0.0142188	-0.0514783	-0.0553733	-0.0489708	0.00678601	0.209879	-0.0401766	-0.0360975	0.0834494	-0.0537986
-0.0256262	-0.0309284	-0.0357892	-0.0322839	-0.0142022	0.177863	-0.0186212	-0.0209649	0.0292908	-0.0287376
-0.0133451	-0.0113735	-0.00990301	-0.0112105	-0.00906104	0.089379	-0.00961308	-0.00972024	-0.00230653	-0.012846
-0.00240005	-0.00147646	-0.00129542	-0.000613148	-0.00247042	0.0148161	-0.00117779	-0.00137422	-0.0019601	-0.00204853
0.0	0.0	0.0	0.0	0.0	0.0	0.0	0.0	0.0	0.0
0.0	0.0	0.0	0.0	0.0	0.0	0.0	0.0	0.0	0.0
-0.000196667	-3.47713e-05	-0.000248771	-0.000329039	-0.000138578	-0.000261192	-0.000119146	0.00183145	-9.18541e-05	-0.000411436
-0.00123048	-0.000141558	-0.000652117	0.00265894	-0.000663717	-0.000841352	-0.000575357	0.00637691	-0.0030804	-0.00185087
-0.00489616	-0.000669364	-0.0016315	0.0132435	-0.002894	-0.00612552	-0.00427282	0.0172573	-0.00485367	-0.00515777
-0.0123959	-0.00405774	-0.000966405	0.00932609	7.14736e-05	-0.011123	-0.00499294	0.0461581	0.000788181	-0.0228078
-0.0219234	-0.0106107	0.00237985	-0.00646813	0.00421463	-0.0124136	-0.0130626	0.0811204	-0.00459228	-0.0186441
-0.0198003	-0.026034	-0.0154726	-0.0224689	-0.00217765	-0.0148791	-0.0122	0.114876	0.0124167	-0.0142603
-0.0192756	-0.0333069	-0.0282711	-0.0460047	-0.0162461	-0.00276177	-0.0107873	0.135089	0.0325878	-0.0110231
-0.0159322	-0.0488339	-0.0516042	-0.0833422	-0.0276003	0.0436641	-0.0149098	0.142585	0.0540522	0.0019216
-0.00927851	-0.074625	-0.0626796	-0.113881	0.00313996	0.0649497	-0.0298332	0.130012	0.0778758	0.0143196
0.00161133	-0.109402	-0.0668522	-0.125748	0.0139926	0.0749377	-0.0397098	0.105952	0.0813606	0.0638578
0.0147097	-0.135258	-0.0693691	-0.126289	-0.00280188	0.0876143	-0.0383877	0.115301	0.0526297	0.10185
0.0367642	-0.0985259	-0.0837049	-0.0856446	-0.0367251	0.0299251	-0.00218127	0.120817	0.0189014	0.100374
0.069722	-0.0111188	-0.0732779	-0.0355101	-0.115838	-0.00729909	0.0237865	0.135681	-0.0112557	0.02511
0.0651238	0.101546	-0.075042	0.0201879	-0.180299	-0.0103795	0.0176965	0.15099	-0.0808288	-0.00899508
0.0335306	0.125128	-0.0297807	0.0830768	-0.169519	-0.0129001	-0.0601613	0.164846	-0.110075	-0.0241462
0.0272931	0.0881141	0.0210642	0.097949	-0.098658	-0.0192875	-0.162735	0.194282	-0.117906	-0.0301158
0.0443209	0.0388058	0.0110689	0.079333	-0.0102372	-0.0275913	-0.220575	0.194052	-0.11256	0.00338263
0.0714585	-0.0142084	-0.0171347	0.0584755	0.00799021	-0.0177718	-0.213784	0.142909	-0.0559155	0.0379802
0.108401	-0.0779219	-0.00790026	0.037071	0.0210035	-0.00665114	-0.190064	0.088648	-0.000658858	0.028072
0.0979259	-0.09848	-0.00756698	0.0501235	0.00308998	0.0179185	-0.155299	0.0490788	0.0497468	-0.00653747
0.0514437	-0.0913113	-0.0107811	0.0126261	0.000577028	0.0577461	-0.110613	0.0252758	0.113205	-0.0481686
0.0314604	-0.0670102	-0.0372675	-0.0152185	0.00778922	0.0942287	-0.0631765	0.000210241	0.110121	-0.0611365
0.0312453	-0.0417476	-0.0520508	-0.0290099	-0.0104735	0.126327	-0.0341276	-0.0269954	0.0752464	-0.0384134
-0.0124582	-0.0227861	-0.0277555	-0.0187732	-0.0176696	0.115294	-0.0162647	-0.0176563	0.0383527	-0.0202835
-0.00780064	-0.0081345	-0.00880223	-0.00613315	-0.0110615	0.0512053	-0.00666718	-0.00611544	0.0108139	-0.00730463
-0.000691346	-0.000810462	-0.000807625	-0.000439146	-0.00221958	0.00783499	-0.00137173	-0.000701523	-9.39208e-05	-0.000699656
-0.00017116	-0.000257935	-0.000191311	-9.72086e-05	-0.000555685	0.00214082	-0.000338367	-0.000111136	-0.000180268	-0.000237746
0.0	0.0	0.0	0.0	0.0	0.0	0.0	0.0	0.0	0.0
-0.000223484	-8.1375e-06	-1.46758e-05	-0.000152518	-2.76636e-05	-0.000135315	-2.89599e-05	0.00085591	-3.76217e-05	-0.000227534
-0.00105339	-0.00011164	-0.000560999	0.00555661	-0.000892238	-0.000487914	-0.000316272	0.00352995	-0.00351938	-0.00214472
-0.00733133	-0.00048909	-0.00153055	0.00536084	-0.003141	-0.00314739	-0.001544	0.022627	-0.00511251	-0.00569198
-0.0153043	-0.00259747	-0.00561396	-0.00172315	-0.0025966	-0.00501508	-0.00240476	0.0472862	0.00228334	-0.0143142
-0.0184693	-0.00810546	-0.0198678	-0.0171435	-0.00369207	-0.00730059	-0.00992936	0.0788806	-0.000423964	0.00605147
-0.00836928	-0.0185953	-0.0423469	-0.0440378	-0.00288032	-0.0118532	-0.00322965	0.0924908	0.0188013	0.0200204
-0.000700428	-0.0320695	-0.0681506	-0.0710805	-0.0028239	0.00336078	0.00871693	0.0892085	0.0316428	0.0418958
0.00219265	-0.0521692	-0.080378	-0.125515	-0.00103137	0.0570984	-0.00263831	0.077408	0.0717174	0.0533149
0.00793725	-0.0755383	-0.0964187	-0.163421	0.0205031	0.0931441	-0.0175792	0.0489852	0.0914914	0.0908967
0.0185718	-0.108317	-0.103026	-0.187346	0.0580548	0.106002	-0.0119588	0.0457965	0.0753571	0.106867
0.0430104	-0.118793	-0.118537	-0.164627	0.0497675	0.099895	0.0101725	0.051474	0.0596074	0.0880301
0.0626581	-0.0855496	-0.135718	-0.0902769	0.0186894	0.0778962	0.0486333	0.0549456	0.0368655	0.011856
0.0645113	0.0162623	-0.131006	-0.0157405	-0.065984	0.0644865	0.0797682	0.0853924	-0.0227062	-0.0749836
0.0245168	0.171974	-0.103044	0.0630007	-0.112163	0.0497157	0.00195621	0.0705836	-0.0744957	-0.0920438
-0.021201	0.215554	-0.0447386	0.114497	-0.0878629	0.00896334	-0.0999707	0.0982594	-0.0888063	-0.0946936
-0.0464356	0.129335	0.019473	0.121135	-0.0164827	-0.0461337	-0.169604	0.133795	-0.0925695	-0.0325128
-0.009728	0.0223033	0.00899885	0.0914585	0.0554441	-0.0974664	-0.19853	0.172052	-0.0718812	0.0273485
0.0238952	-0.054045	-0.00441949	0.0630201	0.0478003	-0.0968022	-0.175818	0.142054	-0.0255957	0.0799104
0.0811749	-0.0944184	0.0367521	0.0100165	0.0268333	-0.0882199	-0.167516	0.0929148	0.0209144	0.0815482
0.116401	-0.100421	0.0145377	0.00476795	-0.00619195	-0.0527294	-0.129273	0.0547763	0.0732628	0.0248692
0.0892328	-0.0775115	-0.0128916	-0.0163341	-0.00599174	-0.0188964	-0.0780028	0.0363841	0.099859	-0.0158479
0.0664613	-0.0489186	-0.0380045	-0.0193482	-0.0137598	0.01945	-0.0246291	0.00580623	0.0771355	-0.0241928
0.056772	-0.0284796	-0.0450215	-0.020361	-0.0182412	0.0509253	-0.0107667	-0.0196718	0.0503383	-0.0154938
0.00261085	-0.0138821	-0.0200207	-0.0110238	-0.0112518	0.0495592	-0.0129264	-0.0131269	0.0449668	-0.0149052
-0.00992925	-0.00491859	-0.00636583	-0.00366238	-0.00811329	0.0273434	-0.0063762	-0.00554707	0.0239687	-0.00639952
-0.000854887	-0.000575877	0.00108666	-0.000558992	-0.00113211	0.0052693	-0.00230087	-0.000793533	0.000361836	-0.000501527
-7.19959e-05	-0.000108497	-8.04722e-05	-4.08893e-05	-0.000233741	0.000900503	-0.000142329	-4.67475e-05	-7.5827e-05	-0.000100004
0.0	0.0	0.0	0.0	0.0	0.0	0.0	0.0	0.0	0.0
-3.58328e-05	-1.30475e-06	-2.35307e-06	-2.44544e-05	-4.43551e-06	-2.16961e-05	-4.64337e-06	0.000137235	-6.03217e-06	-3.64823e-05
-0.00301477	-0.000198947	-0.00105877	0.00597155	-0.00208282	-0.000558767	-0.000598305	0.00741245	-0.00309816	-0.00277347
-0.0107343	-0.000637706	-0.000988294	0.0066016	-0.00333321	-0.00216429	-0.00216288	0.0255106	-0.00602495	-0.00606658
-0.0189116	-0.00309514	-0.00916461	-0.00369782	-0.00112753	-0.00518313	-0.00312101	0.0438735	0.000395153	3.21044e-05
-0.0125237	-0.00829896	-0.0287308	-0.015156	-0.00824999	-0.00991676	-0.010038	0.0558649	0.00660491	0.0304443
0.0004021	-0.0167381	-0.0555752	-0.0467798	-0.00138859	-0.00886551	0.00116966	0.0542536	0.0162113	0.0573106
0.0153786	-0.0335025	-0.0897789	-0.087943	0.00874598	0.00804253	0.0212485	0.043761	0.0211858	0.0928619
0.0390249	-0.0539215	-0.1129	-0.128498	0.0406459	0.0717931	0.0165957	0.0219544	0.0334022	0.0719038
0.0234836	-0.0800903	-0.134607	-0.148855	0.0545303	0.114818	0.00951892	0.00462759	0.0515784	0.104997
0.03045	-0.112055	-0.155126	-0.158294	0.10179	0.133196	0.0220044	-0.0044056	0.0429041	0.0995354
0.0257197	-0.128989	-0.165041	-0.117893	0.0945934	0.171163	0.0357877	-0.0055225	0.069211	0.0209699
0.033638	-0.107161	-0.178184	-0.0139239	0.0347346	0.137516	0.0918573	-0.00135132	0.0808688	-0.0779945
0.0269074	0.0435734	-0.162182	0.0682337	-0.0555565	0.10971	0.0616516	0.00436669	0.0374442	-0.134148
-0.0394549	0.255455	-0.120714	0.139047	-0.087401	0.0384989	-0.0489498	-0.0187543	-0.0112061	-0.10652
-0.0984515	0.281475	-0.0432803	0.173599	-0.04288	-0.0440814	-0.136995	0.00506334	-0.0438955	-0.0505538
-0.126799	0.11024	0.0196627	0.147016	0.0465761	-0.125306	-0.140378	0.0699168	-0.0372702	0.0363411
-0.104199	-0.0191768	0.00135448	0.0907487	0.1021	-0.185101	-0.127388	0.152276	-0.00555039	0.0949361
-0.0405736	-0.0810101	0.0127798	0.0490665	0.0579327	-0.206361	-0.117877	0.14398	0.0406157	0.141447
0.0523234	-0.095144	0.0594153	-0.0209098	0.0309113	-0.18374	-0.107569	0.075759	0.0531703	0.135784
0.111217	-0.0757925	0.034095	-0.039464	0.00940531	-0.142987	-0.0643928	0.0499891	0.0457135	0.0722161
0.114995	-0.0476905	-0.013615	-0.0426719	-0.0101451	-0.0884417	-0.0166863	0.0392313	0.0587706	0.0062534
0.102239	-0.0260564	-0.0483891	-0.0328902	-0.0146877	-0.0464657	0.0144764	0.00330229	0.0511626	-0.00269099
0.0731745	-0.0157768	-0.0446201	-0.0189787	-0.0139693	-0.0159274	0.0140651	-0.0213897	0.0555338	-0.0121115
0.0135438	-0.00672105	-0.0171003	-0.00815364	-0.00877872	0.00400089	-0.00151587	-0.00936264	0.0460123	-0.0119248
-0.0107311	-0.00230427	-0.00466945	-0.00233314	-0.00380948	0.0084994	-0.0053702	-0.00396465	0.0292844	-0.00460141
-0.00270227	-0.00064648	-0.00109019	-0.000620803	-0.000908089	0.00777987	-0.00406593	-0.0021282	0.00622814	-0.00184604
0.0	0.0	0.0	0.0	0.0	0.0	0.0	0.0	0.0	0.0
0.0	0.0	0.0	0.0	0.0	0.0	0.0	0.0	0.0	0.0
0.0	0.0	0.0	0.0	0.0	0.0	0.0	0.0	0.0	0.0
-0.00350008	-0.000188073	-0.000993773	-0.000657177	-0.00206044	-0.000477686	-0.000664023	0.0105391	-0.000616588	-0.00138123
-0.0135408	-0.00059877	0.00208312	-0.0024108	-0.00311441	0.000873283	-0.00291441	0.0215912	-0.00512058	0.00315216
-0.0203595	-0.00349056	-0.0106989	-0.00814326	-0.0011846	-0.00429694	-0.00438596	0.0329776	0.00284825	0.0167338
-0.00812669	-0.00786607	-0.0359249	-0.0225831	-0.00212252	-0.0111742	-0.00735305	0.0424093	0.00815487	0.0445864
0.0245699	-0.0170182	-0.0731911	-0.0592533	0.00906552	-0.00460887	0.00457984	0.0240133	0.012352	0.0794909
0.0542679	-0.0336361	-0.107592	-0.0910975	0.0406641	0.0168217	0.032588	0.0137508	-0.00893317	0.0831662
0.0652144	-0.0541319	-0.129674	-0.111575	0.0898973	0.0694435	0.0399234	-0.0131995	-0.0277296	0.0718311
0.0288145	-0.0839617	-0.161579	-0.106061	0.113792	0.118378	0.0417074	-0.0524309	-0.0114942	0.112836
0.0435207	-0.128477	-0.196048	-0.0865957	0.145957	0.165585	0.0551699	-0.0637157	0.00120722	0.0633967
0.0181714	-0.148943	-0.204146	-0.0267479	0.108373	0.229056	0.0779598	-0.0653561	0.0439616	-0.0323286
0.00639245	-0.128672	-0.180501	0.0626605	0.0072422	0.20984	0.0894901	-0.0915931	0.101832	-0.0766919
-0.0358463	0.0636804	-0.137316	0.133326	-0.0658195	0.137343	0.00335384	-0.125297	0.10163	-0.0750545
-0.127989	0.323089	-0.104986	0.138598	-0.0924022	0.0484889	-0.0847022	-0.138284	0.0494728	-0.0112866
-0.181128	0.272883	-0.0474555	0.139728	-0.0294804	-0.0325152	-0.104476	-0.099461	0.0241602	0.0577448
-0.191524	0.0663109	-0.00469303	0.0897432	0.0652917	-0.110856	-0.0876135	0.027458	0.0338367	0.112045
-0.149367	-0.0692199	-0.00497115	0.0389204	0.0975615	-0.168745	-0.0658089	0.114371	0.0428996	0.164359
-0.0892996	-0.102545	0.0330261	0.00845689	0.0674151	-0.185883	-0.0430088	0.103263	0.0484005	0.160174
0.0111477	-0.0820131	0.0347337	-0.016475	0.0423878	-0.169029	-0.0225728	0.0586438	0.0177048	0.125472
0.0936072	-0.0575233	0.00790054	-0.0423454	0.011158	-0.136535	0.0121956	0.029047	0.0217794	0.0607163
0.115639	-0.031305	-0.0319395	-0.0561862	-0.00861557	-0.0977077	0.0442739	0.0128975	0.0512887	0.00165457
0.119723	-0.0179993	-0.0516811	-0.039405	-0.01454	-0.0727141	0.0430076	-0.00592381	0.0525179	-0.0129855
0.087477	-0.00989674	-0.0470958	-0.021102	-0.0175885	-0.0445857	0.0261255	-0.0177604	0.0551204	-0.0106937
0.0146828	-0.00315416	-0.0159215	-0.00636953	-0.00782089	-0.0209292	0.0107359	-0.00340896	0.0425615	-0.0103759
-0.00740709	-0.000813589	-0.00174477	-0.00109311	-0.00232439	-0.00442406	-0.00234109	-0.00146615	0.0254299	-0.00381569
-0.00222883	-0.000283318	-0.000789163	-0.000132335	-0.000643261	0.00083645	-0.00461108	-0.000920901	0.0106637	-0.00189126
0.0	0.0	0.0	0.0	0.0	0.0	0.0	0.0	0.0	0.0
0.0	0.0	0.0	0.0	0.0	0.0	0.0	0.0	0.0	0.0
0.0	0.0	0.0	0.0	0.0	0.0	0.0	0.0	0.0	0.0
-0.00141567	-0.000130373	-0.000356657	-0.00065595	-0.000638676	-0.000295854	-0.000378184	0.00456321	-0.000137844	-0.000554004
-0.00849201	-0.000433803	0.00181945	-0.00330164	-0.00202467	0.00026898	-0.00223737	0.0101773	-0.00259788	0.00682162
-0.0185762	-0.00323325	-0.0131083	-0.00365309	-0.00200954	-0.00121988	-0.00465606	0.0201591	-0.00116378	0.027461
0.0160074	-0.00856296	-0.042463	-0.0163023	0.00760127	-0.0108837	-0.0101956	0.0147387	-0.00532499	0.0553851
0.0607236	-0.0192068	-0.0868724	-0.056442	0.0326211	-0.011858	0.0114258	-1.96862e-05	-0.0069959	0.0766241
0.0837172	-0.0374587	-0.11245	-0.0839957	0.10726	-0.00579848	0.035471	-0.0106906	-0.0417599	0.0657056
0.0688774	-0.0568818	-0.124806	-0.0845623	0.158108	0.0386914	0.0538246	-0.0523135	-0.059952	0.0590141
0.05764	-0.0927478	-0.151479	-0.0733402	0.166835	0.102992	0.070078	-0.0877922	-0.0778766	0.0856902
0.0330245	-0.140758	-0.177463	-0.0335339	0.18616	0.17672	0.0836081	-0.109975	-0.0555093	0.0377263
0.00810052	-0.163241	-0.174744	0.0223414	0.129388	0.238711	0.0904117	-0.154977	0.0140547	-0.0100458
-0.0368715	-0.131639	-0.129933	0.103022	0.0122211	0.224853	0.0566416	-0.196332	0.102659	-0.00462112
-0.134569	0.119284	-0.0910476	0.138557	-0.0430745	0.130116	-0.0275982	-0.227303	0.114667	0.020968
-0.202122	0.322548	-0.0718559	0.133872	-0.0645272	0.0425783	-0.0681524	-0.224837	0.0634506	0.0690456
-0.232581	0.202812	-0.0479713	0.0877	-0.00382157	-0.0214408	-0.0514347	-0.137566	0.0799577	0.124346
-0.226966	0.000830248	-0.0366135	0.0473952	0.0898641	-0.0752805	-0.0386097	0.0256284	0.0604439	0.153308
-0.177447	-0.0990566	0.00289801	0.0319614	0.126946	-0.100732	-0.0237022	0.0853059	-0.00733087	0.161158
-0.114593	-0.116292	0.0145736	0.0315329	0.109687	-0.106807	0.00636656	0.0640116	-0.0211785	0.132699
-0.0137355	-0.0792414	-0.00686196	7.34101e-05	0.0944641	-0.101893	0.0224855	0.043429	-0.0306405	0.0719208
0.0725433	-0.0557682	-0.0393153	-0.0322395	0.045183	-0.0816747	0.0612549	0.0237844	-0.00973937	0.0159715
0.101771	-0.0312491	-0.0627049	-0.039068	0.0173057	-0.0808383	0.0881082	0.011164	0.0153917	-0.0198803
0.124858	-0.0192213	-0.0573143	-0.0408599	-0.0101996	-0.0730013	0.0737611	-0.00704852	0.0256453	-0.0166195
0.078011	-0.0110103	-0.0445575	-0.0236891	-0.0120114	-0.0474469	0.0450715	-0.0110316	0.0354584	-0.00879398
0.0163735	-0.00451691	-0.0161124	-0.00867728	-0.00380888	-0.0240786	0.0195953	0.000571138	0.0317293	-0.0110751
-0.00324628	-0.00105145	0.00237834	-0.00212189	0.00105102	-0.00639527	0.000629321	-0.000321047	0.0121869	-0.00310968
-0.00041022	-5.0547e-05	-0.000558039	-4.06448e-05	-0.000151042	-0.000904825	-0.000354574	-4.14738e-05	0.00293811	-0.000426746
0.0	0.0	0.0	0.0	0.0	0.0	0.0	0.0	0.0	0.0
0.0	0.0	0.0	0.0	0.0	0.0	0.0	0.0	0.0	0.0
0.0	0.0	0.0	0.0	0.0	0.0	0.0	0.0	0.0	0.0
-6.07427e-05	-9.2907e-06	-1.55625e-05	-3.56013e-05	-1.90939e-05	-1.77689e-05	-2.43245e-05	0.000218104	-8.1903e-06	-2.75295e-05
-0.00331983	-0.000199529	-0.00152394	-0.00137351	-0.000267874	0.00277925	-0.00157097	8.03125e-06	-0.00110341	0.00657177
-0.00756334	-0.00318948	-0.0133833	-0.000673941	0.00893025	-0.00259186	-0.00554991	0.00694496	-0.00246351	0.0195401
0.0473348	-0.0114618	-0.0391598	-0.0208072	0.0345553	-0.0203718	-0.0103488	0.00307198	-0.0159533	0.0331406
0.0809916	-0.0242117	-0.0597817	-0.0501719	0.06812	-0.0339304	0.0120058	-0.00104358	-0.0414259	0.0494478
0.0999926	-0.0456548	-0.0717301	-0.0691069	0.15372	-0.0577908	0.0392828	-0.0245564	-0.0674256	0.0432695
0.0851766	-0.0653888	-0.0934698	-0.0776391	0.208517	-0.0222336	0.0771727	-0.0654313	-0.0944465	0.0477424
0.0750557	-0.0927929	-0.111277	-0.0643863	0.223987	0.0521807	0.0945709	-0.101476	-0.117467	0.0416049
0.0442246	-0.137289	-0.101184	-0.0442281	0.208291	0.115636	0.09842	-0.155691	-0.0712029	0.0430238
-0.00949072	-0.168231	-0.0575235	0.00617315	0.140763	0.120145	0.0841281	-0.196651	0.050632	0.030055
-0.0999951	-0.0826775	-0.0274097	0.0511222	0.0732838	0.122857	0.0268492	-0.239438	0.120484	0.0549236
-0.182012	0.164211	-0.0203226	0.0595003	0.0146469	0.076458	-0.0417503	-0.266706	0.122046	0.0739281
-0.232557	0.281745	-0.0315431	0.0424911	0.00964934	0.00127272	-0.0267125	-0.223726	0.0811528	0.0982276
-0.259191	0.155664	-0.0248741	0.0157639	0.0901016	-0.0327496	0.00787105	-0.0943137	0.066045	0.0756828
-0.245044	-0.0527621	-0.00900456	0.0079705	0.168783	-0.0575528	0.0230908	0.0451371	-0.00256574	0.121948
-0.190164	-0.158177	0.00777428	0.0106565	0.191675	-0.0387569	0.0215722	0.0817274	-0.0655396	0.139232
-0.102797	-0.117024	-0.00262355	0.0413944	0.166347	-0.0328978	0.0227151	0.0616995	-0.11105	0.0742373
0.00217727	-0.082364	-0.0388927	0.0364518	0.125031	-0.0423537	0.0419191	0.0521946	-0.0903781	-0.00378484
0.0771986	-0.0589175	-0.0612144	-0.0133815	0.0834021	-0.0304322	0.0828031	0.0163747	-0.0547572	-0.0410756
0.105106	-0.039232	-0.068065	-0.003751	0.0319195	-0.0547102	0.101805	0.0081668	-0.0318085	-0.049431
0.120724	-0.0251207	-0.0604053	-0.031859	0.000814449	-0.0593301	0.0863284	0.00702285	-0.0115432	-0.0266316
0.0705269	-0.0148016	-0.0367175	-0.0234466	-0.00830359	-0.0361038	0.0591701	0.00318805	0.00093365	-0.0144456
0.0171932	-0.00547493	-0.00778517	-0.00932541	-0.00563352	-0.0202314	0.0273619	0.00729221	0.00896259	-0.0123594
-0.00288382	-0.00212298	0.00611445	-0.00406881	0.00128026	-0.0043328	0.00210434	0.00552673	0.00316011	-0.00477748
-0.000124564	-0.000147038	0.000133087	-6.30252e-05	-9.97355e-05	-0.000342118	0.00112418	-2.14076e-05	-0.000434535	-2.48432e-05
0.0	0.0	0.0	0.0	0.0	0.0	0.0	0.0	0.0	0.0
0.0	0.0	0.0	0.0	0.0	0.0	0.0	0.0	0.0	0.0
0.0	0.0	0.0	0.0	0.0	0.0	0.0	0.0	0.0	0.0
-6.64471e-07	-5.20906e-07	-2.06528e-05	3.51607e-05	-4.50876e-08	-1.19816e-05	-9.46968e-07	-6.33157e-08	-2.77589e-07	-8.05274e-09
-0.00391287	-0.000963742	-0.00383096	0.0012184	0.00629674	0.00197268	-0.00206554	0.00151282	-0.00202266	0.00179513
0.0115599	-0.00563216	-0.00880703	0.00323755	0.0132379	-0.0071324	-0.00946297	0.0017411	-0.00613341	0.0073915
0.0501117	-0.0163018	-0.00311994	-0.011344	0.0408233	-0.0229325	-0.0139744	-0.0036171	-0.0260573	0.00641196
0.0943066	-0.0319153	-0.0133628	-0.0520048	0.0899493	-0.0411919	0.00727908	-0.00331574	-0.0615503	0.0118057
0.113078	-0.0523316	-0.0365013	-0.0761464	0.178109	-0.0648047	0.0449071	-0.0239987	-0.0879508	0.00563959
0.10595	-0.0715818	-0.0605833	-0.0986375	0.229715	-0.0633135	0.0967036	-0.0685683	-0.10114	0.0314559
0.101861	-0.0985643	-0.0380045	-0.105902	0.236103	-0.034221	0.110755	-0.104055	-0.108579	0.0406058
0.0504957	-0.136917	0.00167565	-0.0781388	0.181808	0.00127044	0.11222	-0.159109	-0.0380242	0.0647199
-0.043094	-0.127481	0.0070215	-0.0269071	0.126557	0.0158358	0.0783195	-0.207221	0.0869054	0.0900634
-0.150224	-0.000581866	0.00819703	0.0192351	0.0868333	-0.00649749	0.0306751	-0.223761	0.13326	0.102864
-0.206781	0.195584	0.0203753	0.0182313	0.0563721	-0.0511421	-0.00148497	-0.229362	0.119402	0.0788057
-0.240761	0.264697	0.0114526	-0.0273712	0.0962117	-0.0726288	0.0280502	-0.155907	0.0678223	0.0284346
-0.259917	0.119256	0.010927	-0.0443883	0.167512	-0.0778751	0.0454244	-0.0107176	0.00454526	0.0452337
-0.224619	-0.118466	0.0330165	-0.0193388	0.200801	-0.0834034	0.0276341	0.092622	-0.0346824	0.126436
-0.159513	-0.166901	0.0329283	0.00155335	0.200297	-0.0404108	0.0312539	0.0876612	-0.114615	0.127746
-0.0602778	-0.116612	-0.0207558	0.0637173	0.141277	0.000847617	0.0356309	0.0707154	-0.131245	0.0167026
0.0312252	-0.0847118	-0.0577145	0.0770047	0.0940451	0.012032	0.0608848	0.0309062	-0.11349	-0.0501821
0.0788989	-0.0601389	-0.0687767	0.0449488	0.0615073	0.00528989	0.0931814	0.00684822	-0.100704	-0.0610553
0.0964721	-0.0393592	-0.0543834	0.0142858	0.0130098	-0.0282596	0.116718	0.00538052	-0.0706706	-0.0531933
0.103827	-0.0288202	-0.0436546	-0.00859906	0.0102209	-0.0468339	0.0945342	0.00217318	-0.0470112	-0.0358358
0.0601655	-0.0162406	-0.0143427	-0.020329	-0.000487443	-0.0244269	0.0589564	-0.00528938	-0.0171155	-0.0208904
0.00907754	-0.00736583	0.0111031	-0.0105064	-0.00348597	-0.0134887	0.0296832	-0.00444069	0.000831164	-0.0114075
-0.00472467	-0.0023487	0.0123522	-0.00411288	0.000842375	-0.0045807	0.00230572	0.000665538	0.00315323	-0.00355211
-0.000154584	-0.00112212	0.0051475	-0.000834668	-0.000939406	-0.00065547	-0.00011522	-0.000141314	-0.00108545	-9.92721e-05
0.0	0.0	0.0	0.0	0.0	0.0	0.0	0.0	0.0	0.0
0.0	0.0	0.0	0.0	0.0	0.0	0.0	0.0	0.0	0.0
-1.67855e-05	-3.15545e-05	-0.00017007	0.00128517	-3.81385e-06	-4.66406e-05	-2.19816e-05	-0.000401535	-2.92439e-05	-0.00056355
-0.000746193	-8.93792e-05	-0.00242858	0.0059035	-0.00025668	-0.000738807	-0.000385609	-0.000142265	-0.000156016	-0.00095997
-0.00630448	-0.00184806	-0.0026887	0.013268	0.00575936	0.0005986	-0.00352641	0.00240919	-0.00396527	-0.00370222
0.018469	-0.0100309	0.0102903	0.0127818	0.0154569	-0.00721107	-0.0154676	-0.00502915	-0.0154273	-0.00383192
0.0563887	-0.0216792	0.0335406	-0.00774806	0.0387685	-0.0168689	-0.019756	-0.010791	-0.0370472	-0.0148075
0.102013	-0.0412007	0.0345665	-0.0519131	0.091321	-0.0297796	0.00315925	-0.0230062	-0.0610895	-0.0240709
0.122802	-0.0577742	0.0251989	-0.0850641	0.154912	-0.0740483	0.0432107	-0.0402283	-0.0639952	-0.0250131
0.13147	-0.0773553	0.0206188	-0.122553	0.191469	-0.111804	0.0985832	-0.0815793	-0.0535761	0.00472582
0.109844	-0.101883	0.0518706	-0.142604	0.168102	-0.0924085	0.127863	-0.118084	-0.0346423	0.0319428
0.0314922	-0.113374	0.0782875	-0.145604	0.113391	-0.0667384	0.126194	-0.139614	0.0492099	0.0667571
-0.0614589	-0.0522555	0.0683453	-0.102826	0.0863814	-0.0664743	0.0979174	-0.16536	0.127138	0.0685922
-0.159104	0.0652163	0.077645	-0.0535899	0.07165	-0.0727514	0.0442003	-0.168165	0.151263	0.0436359
-0.197661	0.21253	0.0819651	-0.0742257	0.0833318	-0.0763862	0.0327284	-0.15272	0.0984784	-0.00804065
-0.230483	0.233303	0.0650685	-0.105699	0.140409	-0.0757318	0.0313777	-0.0504822	0.0325272	-0.0402897
-0.228468	0.0479549	0.0656345	-0.117258	0.177568	-0.0672716	-0.00215367	0.0730309	-0.00710839	0.0580723
-0.1834	-0.136213	0.0959676	-0.0633243	0.180438	-0.0440796	-0.0315692	0.0980086	-0.0537372	0.137909
-0.0937757	-0.157267	0.0588302	0.0286471	0.150122	-0.0240186	-0.0167577	0.0631903	-0.0641944	0.0552228
0.000404974	-0.118817	0.00797695	0.0786939	0.0866997	0.00622987	0.0279312	0.0311215	-0.0984189	-0.0218226
0.058337	-0.0829193	-0.029114	0.0837541	0.0235382	0.0317715	0.0753378	-0.00114789	-0.106603	-0.0529548
0.0731098	-0.0633262	-0.0174131	0.0620825	0.00109707	0.0261415	0.0934241	-0.0078903	-0.110686	-0.0565393
0.0870835	-0.0440149	0.000211384	0.0388261	-0.011721	-0.00780305	0.0959199	-0.0140093	-0.0881483	-0.0563445
0.0755956	-0.0301307	0.0203842	0.00175718	-0.0199382	-0.0286901	0.0820666	-0.0161048	-0.0497072	-0.0352326
0.0368136	-0.0160693	0.0355263	-0.0233651	-0.0156763	-0.0146838	0.0470874	-0.0146824	-0.0143947	-0.0205557
0.000475398	-0.0115269	0.0405991	-0.0125088	-0.00493123	-0.00772813	0.0211309	-0.0111551	-0.00253754	-0.0118177
-0.00402896	-0.00520728	0.0258862	-0.00412757	-0.00288934	-0.00321555	-0.00092614	-0.00143424	-0.000561018	-0.00349614
-9.40954e-05	-0.00198706	0.01095	-0.000876708	-0.00132596	-0.000634599	-0.00334116	-0.000232526	-0.00163368	-0.000824242
0.0	0.0	0.0	0.0	0.0	0.0	0.0	0.0	0.0	0.0
0.0	0.0	0.0	0.0	0.0	0.0	0.0	0.0	0.0	0.0
-3.83095e-05	-6.07316e-06	-0.000152478	0.000587307	-7.24391e-06	-0.000126227	-1.58911e-05	-4.32888e-05	-0.000120358	-7.74383e-05
-0.00127489	-0.000208461	-0.00563902	0.0137403	-0.0004738	-0.00165633	-0.000705599	-0.000437466	-0.000486715	-0.00285799
-0.0100002	-0.00407122	0.00535483	0.0355075	0.00282753	-0.00418996	-0.00566435	-0.00150764	-0.00621186	-0.0120446
0.014493	-0.0135592	0.0251247	0.0400163	0.00763644	-0.00558113	-0.0210118	-0.00716721	-0.0238882	-0.0160629
0.0474399	-0.028688	0.0703441	0.0152709	0.0117685	0.00736907	-0.0254602	-0.0203009	-0.0452548	-0.0324885
0.099389	-0.0511442	0.0859965	-0.0368269	0.0332909	0.0237729	-0.0176335	-0.0374874	-0.0534647	-0.0458926
0.126541	-0.067131	0.0920808	-0.0864195	0.0659236	-0.019816	0.032439	-0.0592273	-0.0406259	-0.0437643
0.137109	-0.0800889	0.0885933	-0.12801	0.0697394	-0.077338	0.0946324	-0.0839324	0.00929164	-0.0299966
0.0965372	-0.0932257	0.0961704	-0.156578	0.0449566	-0.11597	0.152074	-0.110904	0.0871715	-0.00023124
0.0319688	-0.0420909	0.0892407	-0.176484	0.022585	-0.134514	0.172162	-0.129972	0.140131	0.0269744
-0.0588189	0.0359548	0.0954355	-0.169234	0.0255717	-0.13138	0.14783	-0.138082	0.176952	0.0157705
-0.129871	0.118043	0.127338	-0.12751	0.0455396	-0.13022	0.0762573	-0.103705	0.151995	-0.0278664
-0.181572	0.220418	0.122729	-0.146793	0.0862517	-0.0995302	0.0350301	-0.0454172	0.0720462	-0.0631628
-0.205336	0.172687	0.103561	-0.150079	0.141652	-0.0576197	-0.00435664	0.0295288	0.00678096	-0.0368183
-0.177096	-0.00625665	0.113387	-0.130088	0.145515	-0.0156637	-0.0524314	0.0752447	-0.0271718	0.0745606
-0.110548	-0.1292	0.108157	-0.0384955	0.132256	0.0219634	-0.053862	0.0759075	-0.0650159	0.0588375
-0.0191732	-0.150623	0.0571479	0.0686281	0.082175	0.00311698	-0.000119948	0.0401772	-0.0631524	-0.0181767
0.0435266	-0.121086	0.0130424	0.0940235	0.0234904	0.00564633	0.0615495	-0.0171669	-0.0694444	-0.0335812
0.0580003	-0.0882206	0.0119658	0.0757396	-0.0388205	0.0227827	0.109099	-0.0414709	-0.0742351	-0.0348397
0.0582789	-0.0639787	0.0449686	0.0643449	-0.0608139	0.0223017	0.112333	-0.0310254	-0.0908128	-0.0555963
0.0731041	-0.0456518	0.0490536	0.055721	-0.0593956	0.0020345	0.081045	-0.0194854	-0.0788737	-0.0575517
0.0408734	-0.0306992	0.0536524	0.016877	-0.0501136	-0.00782785	0.0722814	-0.0152674	-0.0406976	-0.0390784
0.0162296	-0.0208693	0.058694	-0.0172222	-0.0285244	-0.00750172	0.0301166	-0.00287052	-0.00867834	-0.0193736
-0.000787019	-0.0157246	0.0576428	-0.0140695	-0.0136839	-0.00423845	0.003707	0.00463354	-0.0053064	-0.0121734
-0.00141037	-0.00931207	0.0342004	-0.00446666	-0.00484627	-0.00246696	-0.0067161	0.00359925	-0.00462188	-0.0039593
-3.1474e-05	-0.00150013	0.00834731	-0.000749947	-0.000720752	-0.000471038	-0.00421763	0.00216257	-0.00137943	-0.00143947
0.0	0.0	0.0	0.0	0.0	0.0	0.0	0.0	0.0	0.0
0.0	0.0	0.0	0.0	0.0	0.0	0.0	0.0	0.0	0.0
-9.481e-06	-1.10491e-06	-3.6313e-05	0.000131187	-1.78394e-06	-3.13586e-05	-3.72587e-06	-5.44214e-06	-3.01103e-05	-1.18675e-05
-0.00185582	-0.000419184	-0.00725413	0.0185324	-0.000954295	-0.00184938	-0.000861964	-0.000110954	-0.00131944	-0.0039072
-0.0139902	-0.00550872	0.0143584	0.0546257	-0.0057137	-0.00559772	-0.00894969	-0.00426923	-0.0102568	-0.014698
0.00469765	-0.0149021	0.0523701	0.0675249	-0.0129106	-0.00623565	-0.0261563	-0.00915594	-0.0308063	-0.0244257
0.0469259	-0.0348112	0.0896836	0.0479733	-0.0224904	0.0206907	-0.0351981	-0.0299985	-0.0454892	-0.037286
0.0839752	-0.0647968	0.122188	-0.00619493	-0.0400489	0.0917606	-0.038511	-0.0572326	-0.0408448	-0.0502945
0.116483	-0.0763494	0.122185	-0.0559797	-0.0299335	0.0732736	-0.00388294	-0.0804146	-0.00359459	-0.0617862
0.132255	-0.086046	0.110776	-0.0961779	-0.0311972	-0.0131942	0.0813736	-0.101111	0.0686127	-0.0652915
0.0948182	-0.0578506	0.100258	-0.129775	-0.0463031	-0.0984569	0.172686	-0.115027	0.137487	-0.0578387
0.0459862	0.0153605	0.0875086	-0.1634	-0.0748701	-0.119605	0.219194	-0.113806	0.158163	-0.0545311
-0.03139	0.0758263	0.11319	-0.166034	-0.057719	-0.116375	0.18923	-0.0836712	0.140923	-0.0639811
-0.0986318	0.121228	0.133379	-0.142213	-0.0131641	-0.0969531	0.126137	-0.0192972	0.0742689	-0.0847529
-0.142869	0.176869	0.141229	-0.160162	0.0514687	-0.0807259	0.0625628	0.0354243	0.00437169	-0.0881685
-0.147942	0.113461	0.106775	-0.138806	0.0813843	-0.0290784	0.0124029	0.0727521	-0.0397878	-0.0311616
-0.0984176	-0.0202881	0.0761926	-0.0857223	0.0692143	0.0177111	-0.0109847	0.0611717	-0.0426471	0.0337701
-0.0411631	-0.122052	0.0775385	0.00518573	0.0538306	0.0404752	0.036811	0.0285797	-0.0698971	-0.00930849
0.0244195	-0.136683	0.0524064	0.0935172	0.0232181	0.00424648	0.0763615	-0.0205229	-0.0734849	-0.0434785
0.0557342	-0.116098	0.0485694	0.0995587	-0.0297133	0.0172539	0.0975605	-0.0566043	-0.0627277	-0.0535331
0.0471675	-0.0898262	0.0407786	0.0706555	-0.0667934	0.0238283	0.118092	-0.056812	-0.0613218	-0.0257679
0.0319912	-0.0620307	0.059285	0.0554146	-0.074081	0.0330093	0.109127	-0.0460314	-0.0704638	-0.0362201
0.0316585	-0.0416495	0.0663154	0.0564174	-0.0627247	0.0165404	0.073137	-0.0388499	-0.0526494	-0.0481953
0.0170287	-0.0304819	0.0741311	0.0170185	-0.0505536	0.0103977	0.0450634	-0.0250615	-0.0233015	-0.0342409
-0.00536534	-0.0227458	0.0950851	-0.0151442	-0.0301518	0.00174315	0.0155471	-0.0161438	-0.00704795	-0.0157766
-0.00167103	-0.0166285	0.0850248	-0.0154324	-0.013366	-0.00395626	-0.0100233	-0.00546753	-0.0112752	-0.00720461
-0.00202291	-0.00820949	0.03975	-0.00651589	-0.00359988	-0.00208353	-0.00891843	-0.000414077	-0.00551683	-0.00246891
-0.000159956	-0.00144172	0.00422559	-0.000664737	-0.00014123	-0.00029534	-0.00139012	0.000716766	-0.000647497	-0.000201751
0.0	0.0	0.0	0.0	0.0	0.0	0.0	0.0	0.0	0.0
0.0	0.0	0.0	0.0	0.0	0.0	0.0	0.0	0.0	0.0
0.0	0.0	0.0	0.0	0.0	0.0	0.0	0.0	0.0	0.0
-0.00192872	-0.000433242	-0.00499595	0.0160797	-0.000924272	-0.00126365	-0.00075639	-0.000924821	-0.00234774	-0.00250496
-0.0140061	-0.00494218	0.0252847	0.05773	-0.0114228	-0.00728908	-0.0114471	-0.00640621	-0.0140211	-0.0134801
-0.00793539	-0.0137048	0.0655467	0.084528	-0.0270348	-0.00954824	-0.0203495	-0.0167259	-0.0276777	-0.0270984
0.0267986	-0.0355626	0.0959913	0.0636451	-0.0467947	0.0578852	-0.0350632	-0.0374695	-0.0497762	-0.0396539
0.0628899	-0.0628926	0.125591	0.0229025	-0.0688624	0.131317	-0.0582862	-0.0639733	-0.0296289	-0.0590571
0.10326	-0.0877746	0.127396	-0.0145815	-0.0891425	0.120966	-0.0380007	-0.0897618	0.0441578	-0.0765188
0.111861	-0.0770838	0.119006	-0.0564116	-0.11155	0.0814551	0.0292095	-0.106175	0.101659	-0.0919701
0.10275	-0.0284632	0.118094	-0.119353	-0.127766	0.00119655	0.145577	-0.123132	0.131518	-0.100421
0.0408427	0.0379776	0.114526	-0.140216	-0.133806	-0.0375316	0.225046	-0.0986254	0.106625	-0.114838
-0.00459343	0.0697478	0.127793	-0.156163	-0.112523	-0.038166	0.233604	-0.0479622	0.0457862	-0.117523
-0.0465893	0.083335	0.122237	-0.130978	-0.0438575	-0.0394434	0.181904	0.025245	-0.0243982	-0.127454
-0.0808943	0.116921	0.0992367	-0.11529	0.0209862	-0.0355031	0.109592	0.0456246	-0.0752767	-0.085397
-0.0767783	0.048878	0.0592654	-0.0707615	0.0241397	-0.00653978	0.0627835	0.0745022	-0.0834496	-0.0320397
-0.0322264	-0.0335366	0.0312613	-0.0278066	0.00606263	0.00642083	0.0923244	0.0463971	-0.0739228	-0.0149739
0.0195052	-0.0939659	0.0439669	0.0553334	-0.00723246	0.0205672	0.121896	-0.0191648	-0.0934139	-0.0474919
0.0454273	-0.114574	0.0562574	0.109572	-0.013556	0.00775681	0.113352	-0.0635372	-0.0746432	-0.0660551
0.0376041	-0.0962017	0.0583054	0.0790555	-0.0545448	0.0273084	0.111702	-0.074061	-0.0359071	-0.0532608
0.00692054	-0.0745991	0.0527968	0.0582312	-0.0665769	0.0381529	0.103447	-0.0729638	-0.027744	-0.0176646
-0.00812156	-0.0499846	0.0697192	0.0632167	-0.0599979	0.0325161	0.0740409	-0.0630444	-0.0408984	-0.017446
0.00585997	-0.0357067	0.0828949	0.039433	-0.0481192	0.0259683	0.0465006	-0.0528516	-0.033328	-0.0306513
0.00373681	-0.0284456	0.0817982	0.00711723	-0.036111	0.0166927	0.0165238	-0.028509	-0.0126426	-0.0201606
-0.00687833	-0.019351	0.0896307	-0.0100193	-0.0191746	0.00514395	-0.00484969	-0.01684	-0.00767336	-0.00998847
-0.000246198	-0.0107929	0.0692968	-0.0112895	-0.00636994	-0.00472863	-0.0141683	-0.00761218	-0.00968561	-0.00440353
-0.00145309	-0.00369298	0.0255811	-0.00443311	-0.00230167	-0.00127375	-0.00557088	-0.00130011	-0.00416926	-0.00138628
-0.000434408	-0.000786274	0.00353813	-0.000592728	-0.000187196	-0.000275316	-0.000715621	-3.46547e-05	-0.000420288	-9.16432e-05
0.0	0.0	0.0	0.0	0.0	0.0	0.0	0.0	0.0	0.0
0.0	0.0	0.0	0.0	0.0	0.0	0.0	0.0	0.0	0.0
-1.83997e-06	-2.9176e-06	-3.31028e-05	6.75756e-05	-7.49119e-07	-1.22751e-05	-3.74139e-06	-4.48225e-07	-1.23001e-05	-2.01279e-07
-0.0018656	-0.000674138	-0.000737916	0.0115891	-0.000562211	-0.00110707	-0.000691855	-0.000933923	-0.00336379	-0.00165261
-0.0152994	-0.00565594	0.02261	0.0676926	-0.0114053	-0.0111293	-0.0106198	-0.00682499	-0.0164605	-0.0129073
-0.00760519	-0.0135829	0.0551413	0.0994359	-0.0241945	-0.0197959	-0.0174801	-0.0175695	-0.0292262	-0.0251229
0.000671026	-0.0271412	0.0808944	0.0933894	-0.0480905	0.0467226	-0.0337138	-0.0346102	-0.0429857	-0.0351359
0.0383249	-0.054441	0.114344	0.059427	-0.0818065	0.11541	-0.0642338	-0.0639226	-0.00790959	-0.0551922
0.0786102	-0.0699977	0.130684	0.0146015	-0.110673	0.142495	-0.069737	-0.0916967	0.0645787	-0.088865
0.0997822	-0.0410967	0.134816	-0.0152105	-0.139015	0.140688	-0.0279464	-0.118612	0.084332	-0.117737
0.0927595	-0.00534921	0.137772	-0.0669452	-0.148809	0.0976735	0.0636297	-0.115145	0.080085	-0.135671
0.0492497	0.0497657	0.114492	-0.0899933	-0.141227	0.0307332	0.162911	-0.0607966	0.0361992	-0.151335
0.0165358	0.0419109	0.085342	-0.0858536	-0.11047	0.00909459	0.221126	-0.0128916	-0.0202852	-0.144509
-0.0132857	0.0286673	0.0568015	-0.0477423	-0.0530555	-0.0176152	0.207577	0.0121091	-0.0529905	-0.120466
-0.0345851	0.043265	0.0111977	-0.0275929	-0.0219146	-0.0202324	0.186616	0.0203899	-0.0840574	-0.0730865
-0.0157024	0.0155785	-0.0172042	0.011168	-0.0256275	-0.0262064	0.165768	0.0409372	-0.0995212	-0.04919
0.0197943	-0.0320923	-0.00073615	0.0331076	-0.0408655	-0.0265827	0.164878	0.0118274	-0.0849638	-0.0443671
0.0373329	-0.0581282	0.0386556	0.0743908	-0.0257043	-0.00818696	0.144791	-0.0498152	-0.0956418	-0.0576937
0.0404308	-0.0760419	0.0537867	0.0734982	-0.0137301	0.0351418	0.0924578	-0.0773606	-0.0534329	-0.0747498
-0.0237582	-0.0716572	0.0780081	0.0490082	-0.0400121	0.0751952	0.0652104	-0.084403	-0.00849716	-0.0390942
-0.0305302	-0.055717	0.102638	0.0420704	-0.0519568	0.0545571	0.036847	-0.0834746	-0.00155865	-0.012875
-0.0201238	-0.044972	0.122411	0.0346998	-0.0465447	0.0347563	0.0159334	-0.0657664	-0.0232059	-0.00718791
-0.00429552	-0.0329858	0.112277	0.0218668	-0.0315687	0.0220985	-0.00303802	-0.0470823	-0.0192056	-0.0180661
-0.00640423	-0.0223649	0.0822277	-0.00114055	-0.0252542	0.0211295	-0.0119682	-0.024876	-0.00348572	-0.00786352
-0.0050253	-0.0124283	0.0564221	-0.00624763	-0.0106689	0.00337441	-0.0105805	-0.0116345	-0.0025629	-0.000648513
-0.00139487	-0.00498903	0.0242499	-0.00399206	-0.00109046	-0.0015403	-0.00504645	-0.00180867	-0.00327933	-0.00110873
-0.000525547	-0.000648831	0.00399565	-0.000726061	-0.000245172	-0.000290933	-0.000798351	-0.00018876	-0.000430884	-0.000141117
-0.000306472	-2.45436e-05	0.00100364	-0.000223824	-1.53253e-05	-1.32007e-05	-0.000204248	-2.12232e-05	-0.000173712	-2.10883e-05
-2.05484e-05	-1.07224e-05	-1.86085e-06	-3.51104e-05	-1.51969e-05	0.000295119	-3.32021e-06	-3.00435e-05	-0.000148601	-2.97149e-05
0.0	0.0	0.0	0.0	0.0	0.0	0.0	0.0	0.0	0.0
-3.39687e-06	-5.38634e-06	-6.11128e-05	0.000124755	-1.38299e-06	-2.26617e-05	-6.90717e-06	-8.27492e-07	-2.2708e-05	-3.71592e-07
-0.00227799	-0.000447622	0.00170693	0.00932626	-0.000310679	-0.00173127	-0.000386802	-0.000565	-0.00254589	-0.00276793
-0.0127618	-0.00507956	0.023724	0.056417	-0.00783612	-0.0106832	-0.00894037	-0.00653564	-0.0165313	-0.011773
-0.00245751	-0.00440959	0.0322535	0.0931217	-0.0157057	-0.0247258	-0.0165394	-0.0148556	-0.0258085	-0.020873
0.00233904	-0.0124063	0.0496202	0.129428	-0.0370571	0.0079592	-0.0308575	-0.0293542	-0.0410578	-0.0386132
0.0194259	-0.0329117	0.0720714	0.121637	-0.0693755	0.0673223	-0.0605677	-0.0586754	0.00474343	-0.0636692
0.055753	-0.0341194	0.105236	0.0942462	-0.10016	0.10192	-0.0812878	-0.0928722	0.0449822	-0.0936974
0.0785238	0.00748981	0.114604	0.0511185	-0.118654	0.120503	-0.0822181	-0.109409	0.0604766	-0.122434
0.0876837	0.0317634	0.106163	0.00521969	-0.127715	0.113108	-0.0452442	-0.081174	0.0556621	-0.145467
0.083308	0.0487639	0.0749304	-0.00804126	-0.119051	0.0595898	0.0246297	-0.0491452	0.0224296	-0.137414
0.0658893	-0.00948054	0.0335942	-0.0263951	-0.0854592	0.0526181	0.108176	0.003077	0.0113751	-0.153395
0.044465	-0.0387837	-0.00081741	-0.0177182	-0.0544788	0.0244332	0.158038	-0.0089606	-0.00425823	-0.10192
0.0380871	-0.0110972	-0.0488343	-0.00334699	-0.033328	-0.00568469	0.162386	0.000414678	-0.0215904	-0.0770065
0.0545239	0.0239807	-0.0680682	0.0138679	-0.039879	-0.0214319	0.14927	-0.00153766	-0.0466412	-0.0640843
0.0585145	0.00890152	-0.0400791	0.0419027	-0.0351083	-0.0242041	0.114346	-0.011344	-0.0436536	-0.0692757
0.0402776	-0.026718	0.00711628	0.0697176	-0.0259947	0.0265026	0.0648959	-0.0388468	-0.0425599	-0.0743906
-0.0199523	-0.0458561	0.0495515	0.0417756	-0.0147098	0.0796523	0.0148083	-0.0657459	0.00746183	-0.0469855
-0.0443829	-0.0447222	0.0844448	0.0267721	-0.0225618	0.0867351	-0.0151764	-0.0736556	0.0310345	-0.0284876
-0.023366	-0.0393761	0.115359	0.0224378	-0.0267507	0.0506423	-0.0290737	-0.0685845	0.00764267	-0.00893069
-0.00735815	-0.0299851	0.11024	0.0179337	-0.0234132	0.0274261	-0.0306778	-0.057053	-0.0116618	0.00454905
-0.0110336	-0.0188827	0.0943719	-0.00246475	-0.0204565	0.0232246	-0.021593	-0.0390826	-0.0077211	0.00363761
-0.00960231	-0.0136243	0.0591267	-0.00670769	-0.0155168	0.0165878	-0.0130537	-0.0191774	0.00193026	3.74541e-05
-0.00540158	-0.00711481	0.0231135	-0.00493047	-0.0072607	0.0042993	-0.0067648	-0.00481189	0.0022693	0.00660213
-0.000671969	-0.00262747	0.0121611	-0.00207108	-0.000690474	-0.00072115	-0.00253167	-0.000544341	-0.00186441	-0.000438546
-2.71407e-06	-0.000126143	0.00065244	-7.60806e-05	-2.13091e-06	-3.5772e-05	-0.00040625	-4.02137e-06	3.1329e-06	-2.46166e-06
0.0	0.0	0.0	0.0	0.0	0.0	0.0	0.0	0.0	0.0
0.0	0.0	0.0	0.0	0.0	0.0	0.0	0.0	0.0	0.0
0.0	0.0	0.0	0.0	0.0	0.0	0.0	0.0	0.0	0.0
0.0	0.0	0.0	0.0	0.0	0.0	0.0	0.0	0.0	0.0
-0.000400895	-0.000186787	0.00186217	0.00364238	-0.000143398	-0.00165151	-9.58508e-05	-0.000176308	-0.000940188	-0.0019096
-0.00698777	-0.00190236	0.01642	0.0205507	-0.0032998	-0.00560722	-0.00388401	-0.00320543	-0.0068531	-0.00523099
-0.00785432	0.0026376	0.017089	0.0592529	-0.0083897	-0.013695	-0.00994144	-0.0102779	-0.0156728	-0.0131484
-0.00172601	-0.000541371	0.0208233	0.0996211	-0.021316	-0.00662976	-0.0228256	-0.0181494	-0.018952	-0.0303042
0.0107517	-0.00515052	0.0312585	0.137691	-0.0468805	-0.00128981	-0.0467682	-0.0397029	0.0121293	-0.0520382
0.0365262	0.00925814	0.048059	0.154993	-0.0708069	0.0133704	-0.0660199	-0.0631369	0.0169835	-0.0792262
0.0562475	0.0396598	0.0460717	0.12475	-0.0878902	0.0491888	-0.0918908	-0.0553741	0.0224083	-0.103171
0.0795642	0.0693056	0.0322048	0.0923939	-0.0919913	0.0634304	-0.117173	-0.0448649	0.0297498	-0.11262
0.102209	0.0247915	0.00967831	0.0830811	-0.0846296	0.0406227	-0.114337	-0.0123087	0.0667502	-0.115858
0.107541	-0.0437946	-0.0199321	0.0628254	-0.0577201	0.0600621	-0.0994315	0.0103993	0.091826	-0.111776
0.11036	-0.0669682	-0.0592285	0.0468181	-0.037048	0.0536978	-0.0586759	0.00365741	0.10138	-0.0939926
0.124712	-0.0178298	-0.0891089	0.0284553	-0.0241292	0.0361822	-0.045134	-0.0013759	0.0688176	-0.0805895
0.0939249	0.0402561	-0.0811043	0.0209136	-0.0278408	0.0442366	-0.0617822	-0.00773556	0.0433613	-0.0642297
0.0630147	0.0321318	-0.0637749	0.0296363	-0.0200463	0.0698052	-0.074449	0.00529424	0.0460455	-0.0876574
0.00560387	-0.00448908	-0.0317294	0.00819775	-0.00513795	0.116174	-0.0736804	-0.008005	0.0604903	-0.0674239
-0.0189587	-0.019949	0.0117204	-0.00575798	0.0153442	0.0878815	-0.0698325	-0.0426322	0.0577643	-0.01558
-0.0142017	-0.0237796	0.0425321	-0.00019561	0.0131815	0.0703395	-0.0507215	-0.0568793	0.0306717	-0.010947
-0.0127848	-0.0218816	0.053583	-0.00106844	0.00919606	0.0340185	-0.0435271	-0.0495279	0.017754	0.0142383
-0.0130468	-0.0175948	0.0598313	0.00310378	-0.0024936	0.0141337	-0.0322275	-0.0462049	0.00460732	0.0298915
-0.0160417	-0.0179859	0.0598276	-0.0110046	-0.0104819	0.0120734	-0.0202316	-0.0324894	0.00773877	0.0285953
-0.0123463	-0.0104161	0.0441189	-0.00895713	-0.00756371	0.0129156	-0.0156805	-0.0195686	0.00565732	0.0118405
-0.00324432	-0.00660154	0.0194047	-0.00665561	-0.0022479	0.000153758	-0.00786427	-0.0063818	0.0055258	0.00791119
-0.000744621	-0.00154171	0.00804679	-0.00209834	-0.000285491	-0.000543922	-0.00200185	-0.000627033	-0.00059673	0.000392913
-0.000342764	-0.000273357	0.00216402	-0.000602281	-7.59921e-05	-0.000106278	-0.000471672	-0.000236086	-2.04171e-05	-3.51711e-05
0.0	0.0	0.0	0.0	0.0	0.0	0.0	0.0	0.0	0.0
0.0	0.0	0.0	0.0	0.0	0.0	0.0	0.0	0.0	0.0
0.0	0.0	0.0	0.0	0.0	0.0	0.0	0.0	0.0	0.0
0.0	0.0	0.0	0.0	0.0	0.0	0.0	0.0	0.0	0.0
-3.54029e-06	-2.09443e-05	-9.41625e-06	0.000167518	-1.8688e-06	-0.000114922	-1.76005e-06	-1.00683e-05	-4.64013e-06	-3.57644e-07
-0.000892542	-0.0011577	0.000420203	0.00991186	-0.000287534	0.000370348	-0.000552647	-0.000521884	-0.0056134	-0.00167671
-0.00392728	0.00102083	0.000800564	0.0272073	-0.00308566	-0.00170426	-0.00203756	-0.0020454	-0.0115684	-0.00466012
1.00931e-05	0.000753099	-0.00186542	0.0559742	-0.00924045	-0.0101025	-0.00768913	-0.00533137	-0.00887133	-0.0136372
0.00176854	0.00497384	-0.00671749	0.0925201	-0.0211348	-0.00583282	-0.0199066	-0.00485346	-0.0071732	-0.0336442
0.0237637	0.022373	-0.0258902	0.12301	-0.0297825	-0.0100243	-0.0360241	-0.00608824	-0.0164893	-0.0448484
0.0441715	0.0489123	-0.0529924	0.123114	-0.0458588	0.00997178	-0.0603052	0.0014586	-0.0107412	-0.0577302
0.0625245	0.0543141	-0.0707856	0.12218	-0.0673263	0.0418932	-0.0885932	0.0167232	-0.00747182	-0.063458
0.0918605	0.00701883	-0.0881865	0.103236	-0.0692334	0.0483341	-0.124048	0.0357268	0.0425565	-0.0472654
0.119258	-0.0389035	-0.108543	0.0951672	-0.0242957	0.0498412	-0.153774	0.0334981	0.082358	-0.0546061
0.112264	-0.0503159	-0.117701	0.0669804	-0.0162413	0.0525065	-0.167562	0.0251623	0.134782	-0.0398747
0.085739	-0.0185188	-0.130073	0.041591	-0.00609224	0.0620258	-0.158857	0.0209091	0.155862	-0.0525861
0.0459286	0.02031	-0.128695	0.0172932	-0.00583054	0.0880393	-0.131992	0.025699	0.137751	-0.0685035
0.018316	0.042226	-0.101209	-0.0104652	-0.00866324	0.0873202	-0.100797	0.034459	0.104966	-0.0661531
-0.00816674	0.0150762	-0.0608785	-0.0272623	0.017089	0.0670225	-0.0792457	0.00733955	0.0923621	-0.0233361
-0.0119844	-0.00396989	-0.0367666	-0.0218916	0.0221766	0.0355112	-0.0638599	-0.0169345	0.0710463	0.0266729
-0.0195604	-0.0125862	-0.0227423	0.00156948	0.0205764	0.0192194	-0.0415983	-0.0332648	0.0460268	0.0423599
-0.0234748	-0.0059128	-0.0124696	0.000551293	0.0172376	0.00167286	-0.0304593	-0.0292582	0.029614	0.052499
-0.0227249	-0.00895065	-0.000323013	-0.00386346	0.00714646	0.000281721	-0.0180167	-0.029519	0.0218081	0.0541614
-0.0133163	-0.0116918	0.0178656	-0.00833464	-0.000987693	0.00277634	-0.0153586	-0.030102	0.010086	0.0490631
-0.00528933	-0.00537077	0.0216875	-0.00551995	-0.0035134	-0.00065306	-0.011387	-0.0196547	0.00349568	0.026205
-0.00154981	-0.00341087	0.00932632	-0.00399969	0.00127323	-0.0018616	-0.00615427	-0.0100623	0.00588515	0.0105539
-0.000547845	-0.00103821	0.00652168	-0.00130005	0.000850136	-0.000412588	-0.00196346	-0.00213906	-0.000169198	0.000198596
-0.000282485	-0.000264071	0.00186595	-0.00053128	-7.78354e-05	-9.48206e-05	-0.000151308	-0.000387612	-3.36798e-05	-4.28615e-05
0.0	0.0	0.0	0.0	0.0	0.0	0.0	0.0	0.0	0.0
0.0	0.0	0.0	0.0	0.0	0.0	0.0	0.0	0.0	0.0
0.0	0.0	0.0	0.0	0.0	0.0	0.0	0.0	0.0	0.0
0.0	0.0	0.0	0.0	0.0	0.0	0.0	0.0	0.0	0.0
0.0	0.0	0.0	0.0	0.0	0.0	0.0	0.0	0.0	0.0
-0.000115674	-0.000551898	-0.00035719	0.00703063	-4.24591e-05	0.00104496	-0.000122234	-0.000168899	-0.00625148	-0.000465755
-0.00093467	-0.00160953	-0.00116675	0.0173175	-0.000858685	0.000386192	-0.000593323	0.00294827	-0.0139921	-0.00149689
-0.00406601	-0.00260059	-0.00372388	0.0327914	-0.00318241	-0.00476375	-0.00281363	0.00770144	-0.0137484	-0.00559421
-0.00714851	-0.010765	-0.00254254	0.0567838	-0.00361934	-0.00964871	-0.00796267	0.013264	-0.0118938	-0.0164673
-0.00602714	-0.0136498	-0.0138865	0.0673561	-0.00733953	-0.0105599	-0.0141421	0.0298025	-0.0187632	-0.0127905
-0.0093201	-0.0172491	-0.0405371	0.0675836	-0.0213452	0.0109149	-0.0259388	0.0604507	-0.0191497	-0.00540925
-0.0113945	-0.0227809	-0.0702202	0.0707854	-0.0384677	0.034141	-0.0408099	0.0815825	-0.0122604	0.00942474
-0.0136854	-0.0390619	-0.0859838	0.0557337	-0.0415597	0.0351392	-0.0541153	0.101561	0.00475137	0.0372213
-0.00787676	-0.0499015	-0.0800468	0.0440451	-0.0172298	0.0337964	-0.0644422	0.0914266	0.0258203	0.0244088
-0.0155281	-0.0502275	-0.0721469	0.0218593	-0.00916347	0.0345029	-0.0694723	0.0593381	0.0555346	0.0453034
-0.0214224	-0.0345931	-0.0764089	0.00566189	-0.0171673	0.0131548	-0.065612	0.0796269	0.0939619	0.0227981
-0.0268847	-0.0214921	-0.0715901	-0.00685171	-0.0128073	0.00867323	-0.0546207	0.0867311	0.0991238	-0.000281449
-0.0305732	-0.0183442	-0.0615482	-0.0129823	0.00955919	-0.00268633	-0.0426776	0.0823886	0.0827937	-0.00592971
-0.0340623	-0.0128622	-0.0424876	-0.0174618	0.0135703	-0.00739553	-0.0352917	0.0445379	0.0592209	0.032232
-0.0319734	-0.0182458	-0.028684	-0.0196592	0.0167904	-0.00163965	-0.0337686	0.0152773	0.0259335	0.0759696
-0.0236491	-0.0124626	-0.0232268	-0.0160354	0.00604335	-0.00301887	-0.0247796	-0.00327935	0.0115557	0.0888528
-0.0173871	-0.00510847	-0.0203053	-0.0121236	0.00236897	-0.00365515	-0.0180179	-0.0125647	0.0139201	0.0728732
-0.0135138	-0.00592649	-0.0162624	-0.00772278	0.00520101	-0.00375909	-0.0112019	-0.0172941	0.00445186	0.0660278
-0.00748691	-0.00343596	-0.00985829	-0.00617246	0.00105935	-0.00176213	-0.00647838	-0.0205664	-0.00087785	0.055579
-0.00158522	-0.00233605	-0.00932513	-0.00228598	0.00221122	-0.0006088	-0.00335854	-0.0137156	-0.000162161	0.0311662
-0.000733497	-0.00094652	-0.00508751	-0.000952248	0.00185583	-0.000881628	-0.00167836	-0.00724895	0.000171786	0.0155011
-0.000125763	-0.000506711	0.00371627	-0.00051207	0.000550039	-0.000160896	-0.000663534	-0.00218462	-0.000332764	0.000220058
-4.94665e-06	-8.27532e-05	0.000648215	-7.79624e-05	-2.42496e-05	-2.49463e-05	-9.44851e-05	-0.000287194	-2.90078e-05	-2.26698e-05
0.0	0.0	0.0	0.0	0.0	0.0	0.0	0.0	0.0	0.0
0.0	0.0	0.0	0.0	0.0	0.0	0.0	0.0	0.0	0.0
0.0	0.0	0.0	0.0	0.0	0.0	0.0	0.0	0.0	0.0
0.0	0.0	0.0	0.0	0.0	0.0	0.0	0.0	0.0	0.0
0.0	0.0	0.0	0.0	0.0	0.0	0.0	0.0	0.0	0.0
-3.16339e-05	-9.70558e-05	-0.000234473	-3.60711e-05	-4.26857e-05	-5.36124e-05	-2.80372e-05	0.000965772	-0.000343714	-9.84893e-05
-0.000609476	-0.000741285	-0.00139901	0.00158518	-0.000622033	-0.00180394	-0.000304999	0.00869841	-0.00450681	-0.000296036
-0.0014044	-0.00370867	-0.00249603	0.0133414	-0.00157993	-0.00470596	-0.000691307	0.0101389	-0.0097603	0.00086635
-0.00373984	-0.00862296	-0.00586441	0.0245276	-0.00452187	-0.00704316	-0.00175475	0.0158935	-0.00993112	0.00105699
-0.00851642	-0.0116904	-0.0108488	0.0304976	-0.0110742	-0.00683604	-0.00362971	0.0297396	-0.0105107	0.00286906
-0.0161216	-0.0180268	-0.0222167	0.0329009	-0.023579	-0.00642397	-0.00928475	0.0714551	-0.0236837	0.0149805
-0.0228043	-0.0295653	-0.029012	0.0233568	-0.0336734	-0.00554561	-0.0155164	0.104359	-0.0406399	0.0490415
-0.0288389	-0.0377772	-0.0275405	0.00805964	-0.0354251	-0.00350303	-0.0197739	0.112673	-0.0393026	0.0714285
-0.0311846	-0.0304426	-0.0233769	-0.000670002	-0.041549	-0.00458449	-0.0202134	0.101599	-0.0383645	0.0887861
-0.0347406	-0.0193374	-0.0225711	-0.00648784	-0.0426694	-0.00535597	-0.0251445	0.0783912	-0.0430366	0.120952
-0.0342363	-0.0212161	-0.0211056	-0.00795721	-0.0483331	-0.0074765	-0.0245768	0.110114	-0.043445	0.098233
-0.0275087	-0.0148131	-0.0172736	-0.0124652	-0.0460182	-0.00457369	-0.0172478	0.109773	-0.0314719	0.0615991
-0.0273776	-0.0103326	-0.0162136	-0.00982722	-0.0359538	-0.00264266	-0.014997	0.0834631	-0.0206434	0.0545249
-0.0233728	-0.0104768	-0.0154914	-0.0124196	-0.0192492	-0.00624091	-0.0150207	0.0444234	-0.0163577	0.0742054
-0.0170318	-0.00915326	-0.0147267	-0.0109906	-0.0244336	-0.00467197	-0.0120169	0.0241931	-0.0136662	0.0824978
-0.0112921	-0.00762636	-0.0143236	-0.00698392	-0.0295117	-0.00554824	-0.0114725	0.00584153	-0.00901333	0.0899303
-0.00738935	-0.00518012	-0.0120605	-0.00196489	-0.0271873	-0.00466984	-0.00847646	-0.00275424	-0.00769172	0.0773744
-0.00612665	-0.00281421	-0.00925239	-0.00221163	-0.0153413	-0.00362262	-0.00504421	-0.00550018	-0.00535722	0.0552704
-0.00338968	-0.000901223	-0.0100453	-0.00235851	-0.00537134	-0.00231444	-0.00298764	-0.0109546	-0.00313357	0.0414563
-0.000688337	-0.000537973	-0.00633281	-0.000667259	-0.000576336	-0.000793265	-0.00124148	-0.00588177	-0.00175684	0.0184761
-0.000208589	-0.000293557	-0.00395167	-0.000241535	-0.00152993	-0.000457264	-0.000295952	-0.00187219	-0.000449126	0.00929982
-3.63704e-05	-2.7967e-06	-0.000920853	-3.65723e-05	-0.000433841	-6.82516e-06	-5.85778e-05	-0.00045458	-2.58121e-05	0.00197623
0.0	0.0	0.0	0.0	0.0	0.0	0.0	0.0	0.0	0.0
0.0	0.0	0.0	0.0	0.0	0.0	0.0	0.0	0.0	0.0
0.0	0.0	0.0	0.0	0.0	0.0	0.0	0.0	0.0	0.0
0.0	0.0	0.0	0.0	0.0	0.0	0.0	0.0	0.0	0.0
0.0	0.0	0.0	0.0	0.0	0.0	0.0	0.0	0.0	0.0
0.0	0.0	0.0	0.0	0.0	0.0	0.0	0.0	0.0	0.0
0.0	0.0	0.0	0.0	0.0	0.0	0.0	0.0	0.0	0.0
-3.65625e-06	-2.56808e-05	-1.34133e-05	-3.20598e-06	-8.62111e-07	-8.53716e-06	-5.69016e-06	0.000163393	-4.01016e-05	-6.22455e-05
-0.000167273	-0.000686679	-0.000427406	0.00117224	-0.000105163	-0.000336697	-0.000165842	0.00373902	-0.0013009	-0.0017213
-0.00146992	-0.00126508	-0.00175811	0.00158517	-0.00198126	-0.000891097	-0.000757998	0.00884693	-0.00253861	0.000229982
-0.00353207	-0.0016848	-0.0034879	0.000256103	-0.00560776	-0.00155669	-0.00153273	0.0148983	-0.0030043	0.00525187
-0.00787152	-0.00341599	-0.00649182	-0.00212191	-0.0139943	-0.0054271	-0.0032594	0.0417312	-0.00556174	0.00641258
-0.00878741	-0.00701347	-0.00644113	-0.00275052	-0.0165223	-0.00915615	-0.00413155	0.0578123	-0.0102964	0.00728663
-0.00936654	-0.00776603	-0.00613898	-0.00118505	-0.018347	-0.00927545	-0.00448287	0.0610847	-0.0128106	0.00828783
-0.00912699	-0.00587013	-0.00500458	-0.000489331	-0.0169658	-0.00807762	-0.00443096	0.0621835	-0.0106761	-0.00154202
-0.00971136	-0.00589099	-0.00519724	-0.00585538	-0.0183188	-0.00489631	-0.00505687	0.0580349	-0.011158	0.00804994
-0.0104565	-0.00619905	-0.00522142	-0.0107867	-0.0216562	-0.00282225	-0.00485465	0.0747151	-0.0132724	0.000554162
-0.011522	-0.00491985	-0.00323399	-0.00980132	-0.0202159	-0.00199663	-0.00352456	0.0714651	-0.0118639	-0.00438706
-0.0120769	-0.00327082	-0.00312564	-0.00806083	-0.0183313	-0.00429416	-0.00356446	0.0544326	-0.00719885	0.00549032
-0.00762406	-0.00191292	-0.00253196	-0.0062172	-0.0123681	-0.00369582	-0.00295546	0.0314837	-0.00431385	0.0101357
-0.00251574	-0.0020732	-0.0029494	-0.00636914	-0.0120675	-0.00517777	-0.00295087	0.00994957	-0.00388734	0.0280414
-0.00198958	-0.00162344	-0.00352964	-0.00500507	-0.0144837	-0.00349644	-0.00292592	0.00345868	-0.00354383	0.033139
-0.0025342	-0.000942729	-0.00302322	-0.00352879	-0.0141514	-0.00155093	-0.00219361	0.00445104	-0.00231624	0.02579
-0.00301469	-0.00063949	-0.00170258	-0.00135373	-0.00530324	-0.00100583	-0.00114405	0.00223622	-0.00120759	0.013135
-0.000950467	-0.000184574	-0.0011886	-0.00020556	-0.000912723	-0.000275913	-0.000303528	-0.00275511	-0.000668639	0.00744511
-0.000121976	-4.04211e-05	-0.000292812	-0.000148084	-0.000380551	-0.000142913	-0.000132063	-0.0013767	-0.000137277	0.00277279
-8.65668e-07	-3.03079e-06	-1.48353e-06	-4.60351e-05	-8.18348e-05	-3.36579e-05	-1.99039e-05	-3.24772e-05	-2.14515e-05	0.00024074
0.0	0.0	0.0	0.0	0.0	0.0	0.0	0.0	0.0	0.0
0.0	0.0	0.0	0.0	0.0	0.0	0.0	0.0	0.0	0.0
0.0	0.0	0.0	0.0	0.0	0.0	0.0	0.0	0.0	0.0
0.0	0.0	0.0	0.0	0.0	0.0	0.0	0.0	0.0	0.0
0.0	0.0	0.0	0.0	0.0	0.0	0.0	0.0	0.0	0.0
0.0	0.0	0.0	0.0	0.0	0.0	0.0	0.0	0.0	0.0
0.0	0.0	0.0	0.0	0.0	0.0	0.0	0.0	0.0	0.0
0.0	0.0	0.0	0.0	0.0	0.0	0.0	0.0	0.0	0.0
0.0	0.0	0.0	0.0	0.0	0.0	0.0	0.0	0.0	0.0
0.0	0.0	0.0	0.0	0.0	0.0	0.0	0.0	0.0	0.0
0.0	0.0	0.0	0.0	0.0	0.0	0.0	0.0	0.0	0.0
-8.19282e-05	-1.97127e-05	-1.22343e-05	-1.71342e-05	-0.000100495	-0.000186545	-2.7502e-05	0.000615763	-3.00306e-05	-0.000140181
-0.000222163	-4.14516e-05	-2.60219e-05	-4.52461e-05	-0.000200392	-0.000374091	-5.52447e-05	0.0013397	-6.44197e-05	-0.000310668
-0.000131498	-1.35035e-05	-9.27095e-06	-2.57104e-05	-5.30955e-05	-9.90741e-05	-1.48613e-05	0.000491899	-2.35706e-05	-0.000121315
-5.16764e-05	-5.56637e-06	-5.56488e-06	-2.10244e-05	-5.74976e-05	-2.49377e-05	-5.36918e-06	0.000305412	-2.5454e-05	-0.000108321
-0.000174895	-1.28062e-05	-1.46308e-05	-7.56277e-05	-0.000349759	-9.18447e-05	-1.75709e-05	0.00133638	-5.60225e-05	-0.000543227
-0.00172607	-6.63231e-05	-8.57419e-05	-0.000627817	-0.00135643	-0.000377627	-0.000261158	0.00679932	-0.000189188	-0.00210896
-0.00164779	-7.62064e-05	-0.000100456	-0.000574658	-0.000842955	-0.00032889	-0.000242722	0.00605964	-0.000218164	-0.00202779
-0.000548019	-0.000106943	-9.81029e-05	-0.00056682	-0.00203973	-0.000739752	-0.000243518	0.00541364	-0.00038411	-0.000686648
-0.00123654	-0.00027556	-0.000478524	-0.0009819	-0.00266302	-0.00144954	-0.000479575	0.0113913	-0.000912993	-0.00291363
-0.000701124	-0.000183988	-0.000362374	-0.000548812	-0.00127789	-0.000673156	-0.000422208	0.00633184	-0.000517762	-0.00164452
-0.000656453	-9.97775e-05	-0.000182608	-0.000491376	-0.000848714	-0.000263864	-0.000332524	0.00324678	-0.000157308	-0.00021416
-0.000366574	-4.04204e-05	-0.000187476	-0.000433747	-0.000919221	-0.0001756	-0.000176391	0.00254539	-0.000106065	-0.000139892
-0.000991214	-4.539e-05	-0.000257383	-0.000286779	-0.000569446	-0.000140912	-0.000155658	0.00276986	-8.283e-05	-0.000240246
-0.00231172	-4.88365e-05	-0.000135687	-0.000141908	-0.000522501	-0.000256888	-0.000152662	0.00401002	-8.81281e-05	-0.000351684
-0.000595837	-1.49909e-05	-5.78742e-05	-4.0266e-05	-0.000151852	-7.17367e-05	-4.72107e-05	0.00089851	-2.71269e-05	0.000108385
-0.000154742	-3.69183e-05	-0.000329703	-6.11577e-05	-0.000275487	-9.45439e-05	-0.000120297	-0.00162235	-6.76702e-05	0.00276287
0.0	0.0	0.0	0.0	0.0	0.0	0.0	0.0	0.0	0.0
0.0	0.0	0.0	0.0	0.0	0.0	0.0	0.0	0.0	0.0
0.0	0.0	0.0	0.0	0.0	0.0	0.0	0.0	0.0	0.0
0.0	0.0	0.0	0.0	0.0	0.0	0.0	0.0	0.0	0.0
0.0	0.0	0.0	0.0	0.0	0.0	0.0	0.0	0.0	0.0
