0.0	0.0	0.0	0.0	0.0	0.0	0.0	0.0	0.0	0.0
0.0	0.0	0.0	0.0	0.0	0.0	0.0	0.0	0.0	0.0
0.0	0.0	0.0	0.0	0.0	0.0	0.0	0.0	0.0	0.0
0.0	0.0	0.0	0.0	0.0	0.0	0.0	0.0	0.0	0.0
0.0	0.0	0.0	0.0	0.0	0.0	0.0	0.0	0.0	0.0
0.0	0.0	0.0	0.0	0.0	0.0	0.0	0.0	0.0	0.0
0.0	0.0	0.0	0.0	0.0	0.0	0.0	0.0	0.0	0.0
0.0	0.0	0.0	0.0	0.0	0.0	0.0	0.0	0.0	0.0
0.0	0.0	0.0	0.0	0.0	0.0	0.0	0.0	0.0	0.0
0.0	0.0	0.0	0.0	0.0	0.0	0.0	0.0	0.0	0.0
0.0	0.0	0.0	0.0	0.0	0.0	0.0	0.0	0.0	0.0
0.0	0.0	0.0	0.0	0.0	0.0	0.0	0.0	0.0	0.0
-3.01588e-06	-5.39172e-06	-0.000249653	-1.41702e-05	-0.000765914	-1.46794e-05	0.00129278	-5.72095e-06	-6.22467e-05	-0.000171984
-1.48462e-05	-1.29688e-05	-0.000259766	-3.93977e-05	-0.00178609	-3.25343e-05	0.00273044	-1.68844e-05	-0.000144571	-0.000423383
-9.17227e-06	-1.29393e-06	0.000319252	-9.31402e-06	-0.000121296	-4.35757e-07	-0.00011161	-4.84909e-06	-9.20492e-06	-5.20763e-05
-3.82178e-07	-5.39137e-08	1.33022e-05	-3.88084e-07	-5.054e-06	-1.81565e-08	-4.6504e-06	-2.02045e-07	-3.83538e-07	-2.16985e-06
0.0	0.0	0.0	0.0	0.0	0.0	0.0	0.0	0.0	0.0
0.0	0.0	0.0	0.0	0.0	0.0	0.0	0.0	0.0	0.0
0.0	0.0	0.0	0.0	0.0	0.0	0.0	0.0	0.0	0.0
0.0	0.0	0.0	0.0	0.0	0.0	0.0	0.0	0.0	0.0
0.0	0.0	0.0	0.0	0.0	0.0	0.0	0.0	0.0	0.0
0.0	0.0	0.0	0.0	0.0	0.0	0.0	0.0	0.0	0.0
0.0	0.0	0.0	0.0	0.0	0.0	0.0	0.0	0.0	0.0
0.0	0.0	0.0	0.0	0.0	0.0	0.0	0.0	0.0	0.0
0.0	0.0	0.0	0.0	0.0	0.0	0.0	0.0	0.0	0.0
0.0	0.0	0.0	0.0	0.0	0.0	0.0	0.0	0.0	0.0
0.0	0.0	0.0	0.0	0.0	0.0	0.0	0.0	0.0	0.0
0.0	0.0	0.0	0.0	0.0	0.0	0.0	0.0	0.0	0.0
0.0	0.0	0.0	0.0	0.0	0.0	0.0	0.0	0.0	0.0
0.0	0.0	0.0	0.0	0.0	0.0	0.0	0.0	0.0	0.0
0.0	0.0	0.0	0.0	0.0	0.0	0.0	0.0	0.0	0.0
0.0	0.0	0.0	0.0	0.0	0.0	0.0	0.0	0.0	0.0
-2.59666e-09	-1.12706e-08	-6.28373e-07	-1.64376e-09	-8.41482e-06	-1.25861e-08	9.51347e-06	-6.91128e-09	-1.05344e-07	-3.29961e-07
-8.90811e-08	-3.35386e-08	-3.36734e-06	-1.8093e-08	-5.43845e-05	-4.38331e-08	6.01899e-05	-3.07604e-07	-3.28903e-07	-1.61712e-06
-1.83982e-05	-1.06791e-07	-0.00011315	-3.94308e-06	-0.00333815	-6.23605e-06	0.00363006	-2.77676e-05	-4.16503e-06	-0.000118151
-3.54578e-05	-1.58767e-05	-0.000195561	-8.6809e-06	-0.00772339	-1.28077e-05	0.00835687	-7.99545e-05	-1.19126e-05	-0.000273234
-3.78231e-05	-0.000756856	0.000678188	-4.87761e-05	-0.00718132	-3.91034e-05	0.0080939	-0.000262967	-6.21904e-05	-0.000383055
-3.29251e-05	-0.000690724	0.000317738	-8.01468e-05	-0.00327399	-2.36794e-05	0.00438319	-0.000255544	-0.00010663	-0.000237291
-0.000168023	-0.000566025	-0.000995756	-8.66656e-05	-0.00601022	-5.91925e-05	0.00885039	-0.000197311	-0.00030265	-0.000464554
0.00172502	-0.000515004	-0.00378171	-0.000138427	-0.00888773	-0.000184403	0.0146585	-0.000789739	-0.000522804	-0.00156374
0.00419717	-0.000328071	-0.00260799	-0.00012891	-0.0143735	-0.000225998	0.0165377	-0.00107069	-0.000453193	-0.00154652
0.00179251	-0.000209202	-0.00209316	-9.52558e-05	-0.0121572	-0.000338488	0.015299	-0.000488864	-0.0005398	-0.00116954
-0.000147002	0.00344794	-0.000333105	-0.000232063	-0.0103436	-0.000349224	0.00938285	-0.00013668	-0.000577566	-0.00071159
0.0015227	0.00506285	0.00102723	-0.000320707	-0.0115307	-0.000429571	0.0072461	-0.000315097	-0.000827126	-0.00143568
0.00418621	-0.00147695	0.00817258	-0.000270244	-0.00824857	-0.000491105	0.00280199	-0.000738581	-0.000763241	-0.00317208
0.00120987	-0.000881772	0.000376245	-0.00013213	-0.00325855	-0.000351228	0.00558981	-0.000347013	-0.000447111	-0.00175813
-0.000884098	-9.99734e-05	-0.00161833	-4.1349e-05	-0.00180598	-0.000280023	0.00559932	-4.20607e-05	-0.000305217	-0.000522286
-0.000387258	-6.65942e-05	-0.00126369	-3.77868e-05	-0.00131149	-0.000282369	0.00443488	-7.64206e-05	-0.000486884	-0.000522382
-0.000171348	-8.29947e-05	-0.00110387	-3.18873e-05	-0.000906092	-0.000171429	0.00310433	-4.72454e-05	-0.000268611	-0.00032085
-6.27009e-05	-0.000206866	-0.0014686	-4.28598e-05	-0.000600519	-4.47747e-05	0.00287697	-6.24083e-06	-0.000309651	-0.000134752
-3.58649e-06	-1.79636e-05	-0.000143862	-3.78978e-06	-0.000627464	-5.99172e-06	0.000882195	-9.88386e-06	-4.18746e-05	-2.77796e-05
-2.19382e-06	-1.42396e-06	-4.73041e-05	-6.53882e-07	-0.000816478	-5.9505e-06	0.000936571	-1.35574e-05	-2.3663e-05	-2.53462e-05
0.0	0.0	0.0	0.0	0.0	0.0	0.0	0.0	0.0	0.0
0.0	0.0	0.0	0.0	0.0	0.0	0.0	0.0	0.0	0.0
0.0	0.0	0.0	0.0	0.0	0.0	0.0	0.0	0.0	0.0
0.0	0.0	0.0	0.0	0.0	0.0	0.0	0.0	0.0	0.0
0.0	0.0	0.0	0.0	0.0	0.0	0.0	0.0	0.0	0.0
0.0	0.0	0.0	0.0	0.0	0.0	0.0	0.0	0.0	0.0
-1.57782e-08	-3.32962e-10	-8.98198e-08	-8.22831e-10	-1.17094e-06	-2.26423e-07	1.86624e-06	-6.9383e-12	-2.37409e-07	-1.2471e-07
0.000179744	-1.71356e-10	-1.92924e-06	-2.6494e-09	-0.000138131	-7.98757e-06	-9.01363e-06	-1.1188e-05	-8.04157e-07	-1.06879e-05
6.14467e-05	-8.15037e-07	-0.000181215	-4.46908e-07	-0.000103084	-3.6082e-06	0.000254403	-4.94049e-06	-1.20958e-05	-9.64463e-06
-1.13728e-06	-8.82297e-07	-3.49402e-05	-2.82024e-06	-0.000134023	-3.45223e-07	0.000187139	-1.28019e-06	-7.0712e-06	-4.6394e-06
-0.000831436	-8.49725e-06	-0.000365786	-3.65594e-05	-0.00384733	-1.58321e-05	0.0054968	-0.000174641	-7.47749e-05	-0.000141941
-0.00073152	-0.000408989	-0.000868685	-0.000307475	-0.0121675	-0.000301163	0.0160588	-0.00047697	-0.000313207	-0.000483263
-0.00155862	-0.00290329	0.000585665	-0.00119766	-0.0175901	-0.000507751	0.0258825	-0.00101181	-0.00077638	-0.000922535
-0.0063378	-0.00533404	0.004738	-0.00272016	-0.0168956	-0.00207198	0.0350732	-0.00222684	-0.00272234	-0.0015025
-0.0068943	-0.00730588	0.00350573	-0.00109474	-0.0295704	-0.00496928	0.0575374	-0.00308065	-0.00451268	-0.00361518
-0.0091376	-0.00767287	0.012157	0.00129583	-0.0386363	-0.00881503	0.0674298	-0.00363649	-0.0071386	-0.00584566
-0.010955	-0.000712702	0.0114259	0.00125837	-0.0623107	-0.0110819	0.097805	-0.00464835	-0.011164	-0.00961663
-0.0149443	0.00993512	0.00404467	-0.00145051	-0.0654896	-0.0124739	0.108974	-0.00453769	-0.0128924	-0.0111651
-0.018473	0.0107625	0.00557708	-0.000182909	-0.0581612	-0.0127529	0.102808	-0.00566993	-0.0132451	-0.0106623
-0.0212703	0.0253547	0.00598848	-0.00263757	-0.0563662	-0.0107348	0.0922467	-0.00636458	-0.014698	-0.0115183
-0.0200037	0.0140634	0.00351218	-0.00270636	-0.0504318	-0.00568668	0.0971949	-0.0051198	-0.0160606	-0.0147615
-0.0182183	-0.000184973	-0.0117537	-0.00296854	-0.0318259	-0.00184588	0.0977321	-0.00414733	-0.0140087	-0.0127787
-0.0169051	-0.00289679	-0.0170095	-0.00596355	-0.0215557	-0.000568594	0.0871117	-0.00318765	-0.00908547	-0.00993932
-0.0150825	-0.00242769	-0.0212629	-0.00511666	-0.00922716	-0.00234564	0.0733312	-0.00183326	-0.00921866	-0.00681667
-0.008168	-0.00582223	-0.0137321	-0.00259547	-0.00394269	-0.00712465	0.048506	-0.000703759	-0.00469269	-0.00172446
-0.00362305	-0.00333615	-0.0139875	-0.00197361	-0.00257535	-0.00663901	0.0370822	-0.000317205	-0.00373108	-0.000899233
-0.00194492	-0.00137003	-0.01049	-0.00121871	-0.000711375	-0.00370013	0.0223983	-0.000254182	-0.00208596	-0.000623038
-0.000884624	-0.000750889	-0.00276571	-0.000423034	-0.00169257	-0.00255859	0.00999925	-4.31661e-05	-0.000718728	-0.000161944
-0.000314396	-0.00028621	0.00323462	-5.94622e-05	-0.000761974	-0.00169076	0.000216463	-1.96994e-05	-0.00029205	-2.65368e-05
-5.43047e-06	-1.72016e-05	0.00271265	-5.85499e-07	-0.000201617	-9.84126e-05	-0.00230357	-2.57595e-08	-8.50002e-05	-8.05355e-07
0.0	0.0	0.0	0.0	0.0	0.0	0.0	0.0	0.0	0.0
0.0	0.0	0.0	0.0	0.0	0.0	0.0	0.0	0.0	0.0
0.0	0.0	0.0	0.0	0.0	0.0	0.0	0.0	0.0	0.0
0.0	0.0	0.0	0.0	0.0	0.0	0.0	0.0	0.0	0.0
-3.50528e-08	-8.09922e-09	3.833e-07	-3.51807e-07	-2.59415e-06	-5.00471e-07	4.03176e-06	-1.60219e-11	-6.50579e-07	-2.74897e-07
0.000453112	-1.06264e-07	-3.39436e-05	-3.7302e-07	-0.000440506	-6.39934e-05	0.000178007	-3.3095e-05	-1.34334e-05	-4.56688e-05
-0.000291418	-3.19751e-05	-0.000135509	-0.000137369	-0.000272152	-9.38237e-05	0.00120994	-0.000133608	-7.29626e-05	-4.11237e-05
-0.00531021	-0.000500989	0.00266796	0.00760207	-0.00158728	-0.00331876	0.00315514	-0.00103367	-0.00113376	-0.000540498
-0.00719503	-0.00107422	0.00657347	0.00442598	-0.00734016	-0.00212619	0.0112323	-0.00161691	-0.00228552	-0.000593724
-0.0088807	-0.00456902	0.0147117	0.00553902	-0.0152425	-0.00457977	0.0233571	-0.00343649	-0.00507298	-0.00182637
-0.00702269	-0.0127911	0.031044	0.00843997	-0.0289256	-0.00664871	0.0339036	-0.00682894	-0.00741415	-0.00375637
-0.0169579	-0.0253991	0.0813973	0.00695051	-0.0416797	-0.0159079	0.0431001	-0.00992917	-0.0145384	-0.00703576
-0.0246174	-0.0344824	0.106601	0.0154063	-0.0607895	-0.0238409	0.0712643	-0.0162841	-0.0208342	-0.012423
-0.0227288	-0.0405428	0.126534	0.0428064	-0.0843763	-0.0357104	0.0884008	-0.020469	-0.0346284	-0.0192856
-0.0326987	-0.0251853	0.139755	0.0639985	-0.125743	-0.0394983	0.112244	-0.0210254	-0.0462138	-0.0256329
-0.034832	-0.0120534	0.14442	0.0651617	-0.154306	-0.0437528	0.155261	-0.0250481	-0.060706	-0.0341437
-0.051373	-0.00542006	0.100708	0.0828348	-0.133589	-0.0278032	0.16841	-0.0250902	-0.0695316	-0.0391445
-0.055782	-0.001086	0.072037	0.0738542	-0.114469	-0.00431815	0.173476	-0.02911	-0.0660068	-0.0485947
-0.060905	-0.0033177	0.0642073	0.0568777	-0.0859228	-0.00894812	0.18268	-0.0293422	-0.0659131	-0.0494159
-0.0739834	-0.0200997	0.0254553	0.0462077	-0.0615422	-0.000138867	0.209198	-0.0255146	-0.0588663	-0.0407159
-0.0831076	-0.0307657	-0.0300122	0.0315162	-0.0414755	0.0246895	0.225636	-0.0199905	-0.0487377	-0.0277522
-0.0730891	-0.0337699	-0.051458	0.0172461	-0.0150246	0.0308054	0.203413	-0.0126006	-0.0467902	-0.0187315
-0.0553698	-0.0354362	-0.0501284	0.0133607	0.000449368	0.0176591	0.156579	-0.00782644	-0.0283035	-0.0109836
-0.0419515	-0.0262066	-0.0382812	-0.010547	0.00407826	0.00547975	0.127265	-0.0036579	-0.0109888	-0.00518952
-0.0254907	-0.0121463	-0.0338885	-0.0139308	0.000705963	0.00257078	0.0913303	-0.00157054	-0.00529256	-0.00228762
-0.0104951	-0.00728994	-0.0223297	-0.0065752	-0.00210103	-0.00263202	0.0547772	-0.000584105	-0.0017525	-0.00101758
-0.00478394	-0.00532274	-0.00634269	-0.00230664	-0.00374586	-0.00128246	0.0274981	-0.000309506	-0.00312737	-0.000276913
-0.0011767	-0.00107408	0.00177213	-0.000132503	-0.000138097	0.00407297	-0.00255325	-2.63732e-06	-0.000744194	-2.36374e-05
-0.000219498	-0.00132552	-0.000210622	-1.7457e-05	-5.64449e-05	0.000697482	0.00165207	-1.45774e-07	-0.00051802	-1.84293e-06
0.0	0.0	0.0	0.0	0.0	0.0	0.0	0.0	0.0	0.0
0.0	0.0	0.0	0.0	0.0	0.0	0.0	0.0	0.0	0.0
-1.14524e-08	-1.20274e-08	-3.97553e-07	1.43878e-06	-8.54787e-08	-8.65608e-07	-1.92918e-08	-2.79459e-09	-4.10541e-08	-3.50102e-09
-1.07354e-05	-2.00947e-06	-7.10318e-05	0.000214844	-1.39455e-06	-0.000130561	-5.50108e-06	-1.68024e-08	6.73321e-06	-3.27038e-07
-5.03594e-05	-8.68463e-05	-0.000439278	0.00208003	-9.19827e-05	-0.00108623	-0.00014121	-1.50503e-05	-0.000131023	-3.80477e-05
-0.00110492	-0.000446735	-0.00217341	0.00848132	-0.00021228	-0.0044775	0.00177438	-0.000524537	-0.00106666	-0.000249672
-0.0104322	-0.0017628	0.00934263	0.0321053	0.00133799	-0.0191223	0.000166073	-0.0041467	-0.00535211	-0.00213586
-0.013025	-0.00631011	0.026256	0.045015	-0.00766567	-0.026835	0.00308434	-0.00570101	-0.0103389	-0.0044796
-0.0161319	-0.0223838	0.0507921	0.0821016	-0.0185822	-0.0402243	0.0131826	-0.013697	-0.0264629	-0.00859432
-0.0297007	-0.0303745	0.0970006	0.125822	-0.0424859	-0.073357	0.02827	-0.0220973	-0.0372123	-0.0158647
-0.0375358	-0.035308	0.161058	0.153767	-0.0588369	-0.0905901	0.0286937	-0.0338507	-0.0545742	-0.0328232
-0.0355323	-0.0299417	0.192228	0.172344	-0.101476	-0.0872851	0.0431304	-0.0491545	-0.0587917	-0.0455215
-0.0303607	-0.0224789	0.224383	0.193858	-0.129465	-0.0870656	0.0135165	-0.0596958	-0.0423582	-0.0603333
-0.0307139	0.0312049	0.230385	0.180629	-0.155371	-0.105804	0.0210522	-0.0798095	-0.00752875	-0.0840426
-0.0224461	0.072749	0.194021	0.17652	-0.156792	-0.12564	0.0428223	-0.0982388	0.0190641	-0.10206
-0.035349	0.0799687	0.18448	0.134799	-0.149093	-0.0804357	0.0481472	-0.113548	0.0681246	-0.137095
-0.0140076	0.0632927	0.166886	0.0892006	-0.133493	-0.00904018	0.0447853	-0.115771	0.0752016	-0.167055
-0.0212711	0.0427608	0.164269	0.0449469	-0.098956	0.0205043	0.0997362	-0.111924	0.0282345	-0.1683
-0.0200901	0.0239336	0.122313	0.0113171	-0.0692214	0.0295243	0.159022	-0.0947665	-0.0281225	-0.133909
-0.0493048	0.0205835	0.0320308	0.0181705	-0.0443282	0.0518804	0.220694	-0.0769503	-0.0710723	-0.101703
-0.0476329	0.0716332	-0.0330541	-0.0103983	-0.00848822	0.00310668	0.236127	-0.0578855	-0.0759184	-0.0774892
-0.0487009	0.0857417	-0.0591327	-0.036302	0.0228922	-0.0265018	0.2156	-0.0407744	-0.0611564	-0.0516655
-0.0501501	0.0739599	-0.0764857	-0.0517131	0.020628	0.0308611	0.181932	-0.0238919	-0.0644471	-0.0406929
-0.0443074	0.0460883	-0.0733223	-0.0522808	0.0349154	0.0597086	0.13103	-0.0154439	-0.0604106	-0.0259775
-0.038285	0.0122567	-0.055699	-0.0480554	0.0309444	0.0759011	0.0781921	-0.00747464	-0.0371558	-0.0106243
-0.0230601	-0.0137641	-0.0247484	-0.011882	0.0125034	0.0479325	0.0272519	-0.00274451	-0.00803387	-0.00345482
-0.00606566	-0.0080439	-0.00382794	-0.00227843	0.00161082	0.0160776	0.00344665	-0.000503739	0.000455309	-0.000870668
-0.0007252	-0.000723302	-0.000623421	-4.63449e-05	-0.000478524	0.00156451	-0.00027886	-0.000124952	0.0017075	-0.00027141
-1.55778e-05	-0.000343662	-0.000413168	-1.17124e-05	-0.000237783	-0.000153806	0.00115489	-5.11705e-06	4.07865e-05	-1.48499e-05
0.0	0.0	0.0	0.0	0.0	0.0	0.0	0.0	0.0	0.0
0.0	0.0	0.0	0.0	0.0	0.0	0.0	0.0	0.0	0.0
-2.25456e-05	-9.76907e-06	-1.93016e-05	0.000770352	-2.43184e-05	-0.00066266	3.00912e-05	-6.28552e-06	-5.39173e-05	-1.64566e-06
-0.000106482	-0.000204106	-0.000167108	0.0111917	0.000361328	-0.00527345	-0.00274271	-0.000118165	-0.00236897	-0.000571998
-0.00526373	-0.000803064	0.00542645	0.0291574	0.000613233	-0.0146254	-0.00140607	-0.000759124	-0.00881902	-0.00352067
-0.0170003	0.00158253	0.0125776	0.079166	0.0120448	-0.0411746	-0.0164192	0.00132642	-0.019193	-0.0129103
-0.024091	-0.0143015	0.0558972	0.117996	0.0118159	-0.0702863	-0.0138448	-0.00380994	-0.0314872	-0.027888
-0.0468978	-0.0464862	0.132402	0.17105	0.00374142	-0.0758849	-0.0142981	-0.0208485	-0.0599538	-0.0428245
-0.0565106	-0.0781683	0.177694	0.188488	-0.0110861	-0.0666408	0.0157483	-0.0353704	-0.0712831	-0.0628708
-0.07048	-0.0860532	0.217146	0.191162	-0.0169873	-0.0339866	0.00682312	-0.0557174	-0.0583012	-0.093605
-0.0377495	-0.0669301	0.248059	0.188742	-0.0534203	-0.0187487	0.00677753	-0.0940642	-0.0744009	-0.0982654
-0.00419055	-0.0331899	0.257007	0.158839	-0.0980446	-0.0105415	-0.079634	-0.134187	0.0125731	-0.0686319
0.0405239	0.0380138	0.226817	0.111622	-0.137412	-0.0376656	-0.0556236	-0.18708	0.0787625	-0.0779586
0.0941688	0.0909463	0.207988	0.0774072	-0.151244	-0.0662679	-0.0834033	-0.240866	0.144679	-0.0734079
0.126125	0.0923873	0.229192	0.0341162	-0.108097	-0.0622999	-0.0666728	-0.263007	0.163676	-0.145421
0.131732	0.0608752	0.249939	0.0575519	-0.0536096	-0.0582038	-0.069962	-0.258808	0.158804	-0.21832
0.119246	-0.031951	0.237569	0.0838078	-0.0211069	0.00426593	-0.0201411	-0.24187	0.164419	-0.294238
0.112483	-0.040347	0.199079	-0.00594888	-0.0116349	0.0664399	0.0451635	-0.220752	0.162046	-0.306529
0.0752625	-0.00973531	0.0979091	-0.01197	0.04677	0.0816488	0.117714	-0.18986	0.0581625	-0.265902
0.0238081	0.0518163	-0.0011453	0.00332786	0.0747892	0.0340657	0.160584	-0.158711	0.0293485	-0.217884
-0.0122785	0.136294	-0.0480865	-0.0461071	0.0695689	0.0700903	0.148989	-0.119431	-0.0296962	-0.169343
-0.025933	0.157776	-0.052202	-0.0955171	0.087714	0.106474	0.097837	-0.0814166	-0.0643865	-0.130345
-0.0386178	0.0998947	-0.0644699	-0.103666	0.111104	0.155676	0.0710147	-0.0556198	-0.0732533	-0.102062
-0.0621946	0.0389735	-0.0688239	-0.0976654	0.1145	0.195095	0.0473449	-0.0341976	-0.0699855	-0.0630462
-0.0504784	0.00330871	-0.0420937	-0.0345557	0.0443287	0.141021	0.0167651	-0.01588	-0.033217	-0.0291992
-0.0148608	-0.0132984	-0.0114277	-0.00855839	0.00765239	0.0563716	-0.00332162	-0.00463147	0.00175429	-0.00967991
-0.00347402	-0.00164182	-0.00237015	-0.000695418	-0.00143266	0.00919368	0.0023337	-0.00122675	0.000643571	-0.00133014
-0.000461324	-0.00046032	-0.000609952	-3.08376e-05	-2.26412e-05	0.000205743	0.00172133	-8.6724e-06	-0.000318213	-1.5111e-05
0.0	0.0	0.0	0.0	0.0	0.0	0.0	0.0	0.0	0.0
-4.9101e-07	-3.47235e-07	-1.12558e-06	3.45381e-05	-1.59776e-07	-1.96042e-06	-5.41927e-08	-6.04406e-07	-2.06162e-06	-2.77339e-05
-0.000138299	-0.00111164	7.04577e-05	0.00142745	-0.00147872	0.000205169	-0.000267499	0.00317907	-0.000881454	-0.00100453
-0.00119801	-0.00255527	8.8142e-06	0.0293479	-0.00144016	-0.0111019	-0.00715232	0.0044801	-0.00749005	-0.00289911
-0.00899296	-0.00371905	0.0129518	0.0687272	0.0106134	-0.0343901	-0.0096	0.00137761	-0.0179968	-0.018971
-0.0177096	-0.0164006	0.032149	0.126287	0.0326845	-0.0645803	-0.0253268	0.0109286	-0.0289116	-0.0491206
-0.0354312	-0.0400329	0.104017	0.173583	0.037004	-0.0905808	-0.037033	0.0277095	-0.0570484	-0.0821867
-0.059326	-0.0813162	0.161323	0.164347	0.0411219	-0.0512321	-0.0166989	0.028633	-0.0616835	-0.125168
-0.072628	-0.13009	0.171571	0.184801	0.0189682	-0.0186346	-0.0177317	0.0500055	-0.0356602	-0.150601
-0.0872995	-0.156624	0.180367	0.188844	-0.0190878	0.0319796	-0.0230148	0.0467801	-0.025644	-0.1363
-0.0245425	-0.134714	0.170851	0.173636	-0.0641423	0.0558267	-0.0767686	0.0329486	-0.030654	-0.102441
0.0160998	-0.0789811	0.122766	0.123825	-0.163669	0.0583155	-0.093804	0.0137197	0.0207466	-0.0190187
0.0448677	-0.0411067	0.0862201	0.111437	-0.177852	0.042548	-0.0938014	-0.0517402	0.0409095	0.0385177
0.0977821	-0.0379487	0.0799676	0.146594	-0.216266	0.0176605	-0.139028	-0.146064	0.0362007	0.161102
0.102446	-0.0478483	0.103374	0.131404	-0.23949	0.0279202	-0.147038	-0.178483	0.0599332	0.187783
0.118206	-0.124689	0.128308	0.124126	-0.199727	-0.0285289	-0.13332	-0.17527	0.142075	0.148819
0.161039	-0.157617	0.0974987	0.125966	-0.20076	-0.0139807	-0.116455	-0.158413	0.119245	0.143477
0.178379	-0.144795	0.0751283	0.0817486	-0.156495	0.0635777	-0.109757	-0.143839	0.0887333	0.06732
0.156369	-0.0712977	0.0464134	0.0708762	-0.116087	0.0864402	-0.0890484	-0.141626	0.0181619	0.0397978
0.110342	0.00589593	-0.0544133	-0.0010871	-0.03615	0.112839	-0.0273086	-0.120718	0.0534974	-0.0428969
0.0675527	0.0944347	-0.0729639	0.0223201	-0.0031299	0.104455	-0.0157515	-0.1105	0.0192027	-0.10562
0.0527814	0.092038	-0.0606364	-0.0367749	0.0831046	0.129588	-0.0222513	-0.0844958	-0.00174419	-0.151609
0.0249554	0.0549111	-0.0740582	-0.111051	0.166583	0.201882	-0.0277872	-0.0772474	0.0136433	-0.171831
-0.0375405	0.00127904	-0.0939803	-0.120096	0.175673	0.292729	-0.0364837	-0.060497	0.0201168	-0.141201
-0.0789173	-0.0174949	-0.0490785	-0.0619143	0.0663379	0.291131	-0.0263539	-0.0372628	-0.010534	-0.0759126
-0.0382445	-0.0175336	-0.0169284	-0.0189855	-0.000208931	0.132078	-0.0115218	-0.0156856	0.0143993	-0.0273688
-0.0111252	-0.00197531	-0.00228822	-0.00211937	0.00203335	0.0371253	-0.00566974	-0.00539827	-0.0036538	-0.00692878
-0.00199944	-0.00029228	-0.000342127	-0.000286019	-0.000410702	0.00580436	-0.000611503	-0.000468387	-0.000846862	-0.000547039
0.0	0.0	0.0	0.0	0.0	0.0	0.0	0.0	0.0	0.0
-8.06168e-05	-0.000137786	-0.000246155	0.00116441	-0.000197582	-0.000331621	-7.95911e-05	0.00129795	-0.000431621	-0.000957385
-0.00055155	-0.00105164	0.00110355	0.00105404	-0.00231549	-0.00326462	-0.00102184	0.0115608	-0.00188274	-0.00363049
-0.00351926	-0.00254973	0.000354162	0.0354575	-0.00133887	-0.0204009	-0.0105849	0.0263751	-0.00875196	-0.0150412
-0.0153095	-0.00565729	0.0213835	0.113369	0.0136071	-0.0781843	-0.0157777	0.0255122	-0.0114904	-0.0474528
-0.0221728	-0.028047	0.0529358	0.175469	0.0444383	-0.109683	-0.0367245	0.042762	-0.015479	-0.103498
-0.0451429	-0.0641047	0.145328	0.160612	0.0367795	-0.102502	-0.0497531	0.094571	-0.026009	-0.149779
-0.0711954	-0.104293	0.124887	0.134421	0.0359793	-0.0256814	-0.0217066	0.124333	-0.00363559	-0.193109
-0.0774599	-0.168262	0.11747	0.104407	0.000145357	0.0419099	-0.0236144	0.150449	0.0281424	-0.173187
-0.0383877	-0.199423	0.090072	0.0931055	-0.0365751	0.0762726	-0.059091	0.188158	0.0219301	-0.136061
-0.018037	-0.195222	0.070801	0.0946664	-0.119964	0.114401	-0.102734	0.196594	0.0197312	-0.0602378
0.01757	-0.160412	0.0654913	0.102053	-0.20449	0.103972	-0.106737	0.177008	-0.0368369	0.0423815
0.0538151	-0.100337	0.0387369	0.112574	-0.259723	0.0491813	-0.144647	0.114106	-0.0380022	0.174295
0.056823	-0.123349	0.0749877	0.142161	-0.27102	-0.0157227	-0.163488	0.0414861	-0.0207866	0.278909
0.0684617	-0.103022	0.0520643	0.190687	-0.369655	-0.00902114	-0.165158	-0.0167741	-0.0672729	0.41969
0.0885258	-0.168995	0.00173601	0.204942	-0.394314	-0.088138	-0.1309	0.00557811	0.0159764	0.465588
0.152871	-0.168093	-0.020028	0.114246	-0.347139	-0.0233126	-0.189781	0.0879252	0.0201726	0.373138
0.196122	-0.13607	-0.0383478	0.083488	-0.242762	0.0506182	-0.234258	0.134263	-0.0276244	0.21457
0.183185	-0.0977167	-0.0435637	0.05776	-0.201733	0.0607657	-0.242864	0.127346	0.0421524	0.114669
0.125128	-0.0171968	-0.0508853	0.0757997	-0.136136	0.0852798	-0.213324	0.0772182	0.00213812	0.0519779
0.0645965	0.0238635	-0.0921066	0.0755221	-0.0804259	0.100781	-0.161003	0.056485	0.0295764	-0.0172889
0.056569	0.0052955	-0.0434379	0.00743891	0.0200419	0.135212	-0.147266	0.000674636	0.0783412	-0.112869
0.0627658	-0.0181648	-0.0339749	-0.0845645	0.134662	0.197123	-0.127453	-0.0390064	0.0954908	-0.186878
0.01256	-0.0599454	-0.105024	-0.126817	0.1441	0.339785	-0.102819	-0.0419888	0.119793	-0.179643
-0.0638012	-0.0659267	-0.0749252	-0.0919029	0.0461268	0.385793	-0.0485229	-0.0401055	0.0686757	-0.115411
-0.0543889	-0.0312457	-0.022191	-0.0250301	-0.00923755	0.231542	-0.0261397	-0.025788	0.00756999	-0.0450907
-0.0187012	-0.00244651	-0.00312509	-0.00204394	-0.00191564	0.0588825	-0.00612937	-0.00657726	-0.0072566	-0.0106868
-0.00141069	-0.000571074	-0.000175746	-9.58172e-05	-0.000527404	0.00492614	-0.00113159	-0.000352021	-0.000292464	-0.000369337
0.0	0.0	0.0	0.0	0.0	0.0	0.0	0.0	0.0	0.0
-0.000156917	-0.000165648	-0.000670555	-0.00131652	-0.00177651	-0.000714543	-0.000251192	0.00902188	-0.000662481	-0.00330752
-0.00220655	-0.000549214	0.00096983	-0.00237521	-0.00346224	-0.00478183	-0.00158782	0.0271773	-0.0027829	-0.0104013
-0.00751356	-0.00145522	-0.000544167	0.032044	-0.00577629	-0.0244977	-0.0101948	0.0524332	-0.00285171	-0.0316437
-0.026549	-0.00686877	0.0200256	0.123927	0.00201825	-0.0982369	-0.0221331	0.0751106	0.00475153	-0.0720454
-0.0400926	-0.0254917	0.0537837	0.167197	0.0406422	-0.130367	-0.0489052	0.0816682	0.0208628	-0.119298
-0.0639997	-0.0655925	0.100104	0.137916	0.0169434	-0.103196	-0.0603021	0.130214	0.0418988	-0.133985
-0.0699134	-0.111181	0.0780093	0.0714195	0.00433753	-0.0178265	-0.0453861	0.18732	0.0804645	-0.177244
-0.0512207	-0.174752	0.0549939	0.0438985	-0.0403114	0.0695581	-0.0408993	0.184765	0.0618995	-0.107932
-0.0288135	-0.21023	0.0740571	0.0296738	-0.0325422	0.0973698	-0.0686884	0.174044	0.068407	-0.103278
0.00194276	-0.22848	0.124907	0.0337576	-0.11585	0.0875619	-0.0950398	0.18656	0.0543055	-0.0496649
0.0229392	-0.185549	0.103505	0.0152359	-0.155885	0.0834548	-0.111297	0.199082	0.0170448	0.0114689
0.0501385	-0.11046	0.0572788	0.00410429	-0.190237	0.0201925	-0.126134	0.196532	0.0517748	0.0468094
0.0476201	-0.0643093	0.0662727	0.0326516	-0.207721	-0.0308677	-0.167697	0.137997	0.0460478	0.140005
0.0718454	0.00416455	0.0858938	0.138235	-0.390555	-0.0731819	-0.180811	0.158231	-0.0655922	0.251771
0.114461	0.00301811	0.0909413	0.177277	-0.419977	-0.161289	-0.197939	0.210193	-0.0792119	0.262525
0.19624	-0.0691453	0.0237746	0.126144	-0.323944	-0.110736	-0.266675	0.273783	-0.0288794	0.179438
0.187565	-0.0261831	-0.00290826	0.0934476	-0.170606	-0.0754188	-0.316408	0.280723	-0.0178346	0.0476236
0.153232	-0.061584	-0.0219767	0.11938	-0.122968	-0.0330346	-0.372377	0.242497	0.0659456	0.0308857
0.129467	-0.0656917	-0.00625779	0.142642	-0.119203	0.0113576	-0.337675	0.175264	0.0886987	-0.0186013
0.0787446	-0.0671451	-0.0726414	0.156243	-0.0637184	0.0730407	-0.255094	0.116749	0.0698354	-0.0360139
0.0567941	-0.0907592	-0.0600638	0.0939951	-0.0154724	0.117586	-0.208718	0.0234481	0.119747	-0.0365563
0.104751	-0.123162	-0.0540021	-0.0175159	0.0633072	0.20071	-0.181759	-0.0090203	0.154832	-0.13814
0.0856326	-0.129456	-0.0890183	-0.137138	0.0592781	0.392356	-0.138057	-0.0358902	0.151168	-0.158875
-0.0331595	-0.0995755	-0.0914507	-0.103905	0.00532743	0.469849	-0.0836198	-0.0485171	0.0939167	-0.108865
-0.05827	-0.0408994	-0.0306921	-0.0317592	-0.0183966	0.298892	-0.0409794	-0.0318142	-0.00156461	-0.0445171
-0.0152999	-0.00418229	-0.00377032	-0.00197937	-0.00890041	0.0641613	-0.0132458	-0.00714907	-0.00152899	-0.00810513
-0.00105575	-0.000414424	-0.000164692	-2.3617e-05	-0.000392999	0.00374174	-0.00099299	-0.00138887	0.00111105	-0.000419459
0.0	0.0	0.0	0.0	0.0	0.0	0.0	0.0	0.0	0.0
-0.000381636	-5.138e-05	-0.000360549	-0.00166385	-0.00230592	-0.000655597	-0.000133011	0.0106754	-0.000561753	-0.00456175
-0.00136874	-0.000352253	0.00286177	0.00189406	-0.00391812	-0.00316005	-0.00144553	0.0246222	-0.00496464	-0.0141687
-0.0103884	-0.00142752	-0.00124424	0.0274955	-0.020065	-0.0228539	-0.0117367	0.0786237	-0.00227929	-0.0361241
-0.0306266	-0.00822544	0.0251163	0.10412	-0.017778	-0.0860603	-0.026623	0.110603	0.0219864	-0.0925124
-0.0455317	-0.0296983	0.0685803	0.0852668	-0.000423456	-0.0995225	-0.0607259	0.128189	0.0497111	-0.0958451
-0.0516236	-0.0638867	0.0451502	0.0495728	-0.0253153	-0.0646703	-0.0555179	0.142458	0.0868767	-0.0630432
-0.0442731	-0.0936891	-0.0208269	-0.00226276	-0.0280382	0.0376262	-0.0213987	0.116801	0.125788	-0.0697261
-0.0342878	-0.135771	-0.0498126	-0.0694516	-0.0305953	0.140372	-0.0201716	0.0935016	0.138341	-0.0321245
-0.0173401	-0.182309	0.00820492	-0.0963367	-0.003798	0.138264	-0.0507638	0.0966831	0.134726	-0.0273306
0.0331579	-0.206192	0.0431646	-0.157696	-0.057205	0.129839	-0.0666074	0.0874911	0.133387	0.0606611
0.00564238	-0.168304	0.0135527	-0.233925	-0.0676612	0.194701	-0.0786853	0.11385	0.112448	0.108382
0.0261831	-0.095012	-0.0204572	-0.201044	-0.0495782	0.14179	-0.109543	0.153682	0.0785437	0.0754349
0.0742144	0.0397478	0.009003	-0.062456	-0.161012	0.0367909	-0.141203	0.172722	-0.00483694	0.0370296
0.0477289	0.178128	0.0739324	0.130421	-0.411866	-0.0745263	-0.132557	0.227151	-0.144107	0.105696
0.0427587	0.224605	0.0942098	0.205521	-0.350464	-0.167755	-0.21834	0.269382	-0.206869	0.106953
0.102919	0.0924519	0.123468	0.168652	-0.153153	-0.194875	-0.329193	0.332742	-0.143076	6.35217e-05
0.144573	0.00238	0.0610069	0.139127	-0.0333014	-0.183985	-0.393062	0.319484	-0.0415694	-0.0146537
0.171149	-0.0764466	0.0415044	0.145408	-0.054929	-0.129971	-0.398769	0.251671	0.0451955	0.00518701
0.168443	-0.120346	-0.0290967	0.170424	-0.0631279	-0.049436	-0.349682	0.225595	0.0749887	-0.0277621
0.0966775	-0.145905	-0.0743011	0.190982	-0.0649642	0.0498265	-0.255426	0.14205	0.0697329	-0.00867257
0.0664162	-0.173744	-0.0770481	0.118584	-0.0379004	0.149683	-0.202824	0.0852299	0.116739	-0.0451365
0.108661	-0.17309	-0.0476456	0.00536981	-0.018635	0.248099	-0.175468	0.0242763	0.136595	-0.108163
0.142705	-0.145545	-0.0923258	-0.0983586	-0.0434049	0.391426	-0.118604	-0.0417627	0.134616	-0.128746
0.0119779	-0.0924461	-0.0880764	-0.083269	-0.0740503	0.491171	-0.0836662	-0.0499816	0.058854	-0.0905136
-0.0599418	-0.036279	-0.0263122	-0.0215381	-0.0553908	0.330768	-0.0584395	-0.0256892	-0.0120131	-0.0351643
-0.0166053	-0.00503877	-0.00325392	-0.00170086	-0.0152932	0.0746772	-0.0196392	-0.00363372	0.000765788	-0.010278
-0.00047424	-0.000925092	-0.000448445	-0.000149075	-0.00165315	0.006059	-0.00158075	0.00327206	-0.00295375	-0.00114657
-1.99156e-07	-1.53195e-08	-4.03421e-08	-2.89014e-07	-2.11139e-07	-2.81431e-07	-3.01215e-08	2.40211e-06	-1.08359e-07	-1.22722e-06
-0.00044472	-2.10122e-05	-8.11608e-05	-0.00151572	-0.00196928	-0.000455379	-4.27467e-05	0.00921279	-0.000298923	-0.00438385
0.000766926	-0.000238581	0.00244905	0.00252695	-0.00545076	-0.00239103	-0.00291706	0.0246823	-0.00470311	-0.0147247
-0.0122459	-0.00395776	-0.00100852	0.0344326	-0.0239397	-0.0202411	-0.0122249	0.0787253	-0.00651118	-0.0330289
-0.0289238	-0.00725009	-0.00840562	0.041631	-0.0218052	-0.0374913	-0.0299591	0.122444	0.0325624	-0.0628023
-0.0446614	-0.0299657	0.00458242	-0.0085056	-0.0305036	-0.0296093	-0.0450696	0.138659	0.0604407	-0.0153666
-0.0402732	-0.0642563	-0.0271677	-0.0733395	-0.0351921	0.00346885	-0.0258251	0.0967086	0.131252	0.0346246
-0.024751	-0.0808155	-0.124067	-0.153638	-0.0143179	0.0898816	0.0153505	0.0566437	0.186551	0.0491625
-0.0185991	-0.108158	-0.130758	-0.235425	0.0253578	0.179997	0.0156003	0.010275	0.200451	0.0612598
-0.00932017	-0.148089	-0.160539	-0.283997	0.0741814	0.192323	-0.0155145	0.0471624	0.221957	0.0818349
-0.00408095	-0.153788	-0.166244	-0.355078	0.0490844	0.191059	-0.000558359	0.082879	0.175439	0.181286
0.0223091	-0.145422	-0.203207	-0.363707	0.0596766	0.242352	-0.026459	0.0612337	0.150324	0.202899
0.0447587	-0.0508438	-0.241283	-0.251778	0.0663732	0.224352	-0.0767415	0.0836372	0.119584	0.0819422
0.0302618	0.112692	-0.218978	-0.0156403	-0.185014	0.168241	-0.0554542	0.168491	0.0370717	-0.0416713
-0.020596	0.339574	-0.113853	0.176061	-0.421147	0.0671802	-0.14224	0.212786	-0.0831357	-0.0146296
-0.07727	0.402925	-0.0639431	0.208802	-0.236082	-0.0370507	-0.2647	0.288152	-0.188351	-0.0324809
-0.0671688	0.164603	0.0513852	0.198581	-0.0179931	-0.144355	-0.346004	0.376774	-0.192148	-0.0236749
0.0333947	-0.0202318	0.0603332	0.16095	0.0521654	-0.220753	-0.350465	0.322999	-0.0867588	0.0483665
0.103013	-0.121179	0.0316421	0.191275	-0.0125611	-0.186793	-0.323486	0.240234	0.01984	0.0580141
0.108394	-0.137139	-0.00762515	0.16712	-0.0230185	-0.135365	-0.287596	0.205539	0.0597665	0.0499239
0.106369	-0.179842	-0.0536346	0.167194	-0.0688802	-0.0438247	-0.194733	0.155094	0.0524721	0.0597847
0.113168	-0.170557	-0.0637752	0.0577139	-0.0764479	0.0282162	-0.125753	0.115809	0.0944954	0.0271309
0.167232	-0.140247	-0.0687188	-0.0241137	-0.0921257	0.0856038	-0.076466	0.0478943	0.134843	-0.0339018
0.197889	-0.107055	-0.0865495	-0.0710605	-0.118079	0.209663	-0.046517	-0.0419031	0.129718	-0.0661062
0.0643098	-0.0690233	-0.0617713	-0.0519486	-0.10043	0.333599	-0.0564783	-0.0474057	0.0561376	-0.0669884
-0.0490894	-0.0248682	-0.0180076	-0.0122936	-0.0630097	0.276255	-0.060533	-0.0205198	0.00510057	-0.0330337
-0.0160321	-0.00479927	0.000283471	-0.00157259	-0.0164078	0.0717516	-0.0202486	-0.00307225	0.00209828	-0.0120007
-0.000277219	-0.000173593	-0.000216832	-5.11836e-05	-0.000427193	0.00383184	-0.00264986	0.000618949	0.00141079	-0.0020657
-2.57272e-05	-1.97273e-06	-6.05224e-06	-4.19403e-05	-2.76635e-05	-3.64694e-05	-3.86399e-06	0.000398505	-1.93607e-05	-0.000235455
-0.000178648	7.83542e-05	-6.83136e-05	-0.0006939	-0.00103647	-0.000253766	-1.4946e-05	0.0061486	-0.000215997	-0.00376491
-0.00405041	-0.000169077	-0.00128781	0.00273343	-0.0112098	-0.00196053	-0.000737354	0.0377896	-0.00404454	-0.0170636
-0.0160585	-0.00246618	-0.0117369	0.0200373	-0.0173738	-0.0130393	-0.0121721	0.0870632	-0.00831628	-0.0259376
-0.0488484	-0.00444076	-0.0468939	0.000324366	-0.0311436	-0.00545601	-0.0215831	0.144571	0.0198704	-0.00639978
-0.0516748	-0.0216894	-0.0836612	-0.0712981	-0.0337418	0.0140809	-0.0113742	0.115956	0.0729648	0.0704374
-0.020335	-0.05221	-0.177313	-0.174575	-0.0152343	0.0783297	0.0231778	0.0836319	0.139514	0.115013
0.00694812	-0.0775982	-0.275075	-0.279179	0.0312235	0.0992731	0.0611424	0.0682406	0.2244	0.140625
0.0147631	-0.10886	-0.317408	-0.320186	0.112734	0.172142	0.046484	0.00805743	0.23977	0.152503
-0.0202667	-0.150406	-0.336664	-0.304583	0.166021	0.150891	0.0532038	0.0825919	0.238442	0.12077
-0.00590013	-0.166959	-0.375542	-0.28419	0.221328	0.149953	0.0479927	0.0771515	0.127861	0.208304
0.00190423	-0.18175	-0.389008	-0.206787	0.20266	0.257075	0.0147394	0.0385571	0.0954979	0.167112
0.00229695	-0.0885769	-0.432967	-0.0833935	0.136791	0.307267	0.0165543	-0.0045411	0.179768	-0.0331989
-0.0549573	0.138388	-0.431494	0.0922657	-0.229688	0.319732	-0.0113688	0.054101	0.226715	-0.103695
-0.19412	0.487294	-0.321934	0.18603	-0.357039	0.157864	-0.17017	0.114493	0.130577	-0.032996
-0.295112	0.502866	-0.204261	0.180875	-0.0866067	-0.00899729	-0.301833	0.229932	-0.0626208	0.0457584
-0.279066	0.138505	-0.0651543	0.127502	0.172354	-0.122875	-0.256195	0.320941	-0.129376	0.0933643
-0.156047	-0.0631506	-0.0690545	0.171072	0.142593	-0.216105	-0.206822	0.290798	-0.0971696	0.203887
-0.0503947	-0.0998719	-0.0500046	0.164883	0.0288708	-0.25019	-0.175238	0.253889	-0.0237956	0.201853
0.0518803	-0.137087	0.0249065	0.116636	-0.0150909	-0.294485	-0.163934	0.177441	0.0340633	0.20567
0.0980753	-0.135386	-0.0227045	0.0730871	-0.0715082	-0.309995	-0.086764	0.151569	0.0630957	0.240531
0.156878	-0.102661	-0.0567584	-0.0494994	-0.0769096	-0.266265	0.0100059	0.107642	0.129954	0.147613
0.228733	-0.0723458	-0.0963162	-0.0705703	-0.101819	-0.232496	0.06867	0.0418563	0.181393	0.0528944
0.233725	-0.0509325	-0.09968	-0.0688018	-0.0984769	-0.114365	0.084576	-0.0340069	0.17286	-0.0248975
0.111942	-0.0315541	-0.0441932	-0.0373107	-0.0754009	0.021975	0.0101083	-0.0358709	0.127395	-0.0470911
-0.0221579	-0.0121394	0.00367558	-0.00567294	-0.0339936	0.0994129	-0.0370672	-0.0145418	0.0499596	-0.0274753
-0.00795862	-0.00243257	-0.000103889	-0.000896597	-0.00694751	0.0308939	-0.0166752	-0.00426662	0.0182259	-0.00983875
-0.000160859	0.000485913	-4.84327e-05	-9.34058e-06	-0.000129149	0.00206978	-0.00128111	-0.000468915	0.000966713	-0.00142461
-4.99053e-07	-1.75456e-08	-1.02544e-06	-7.08744e-06	-7.5e-07	-1.18816e-06	-1.35763e-08	0.000383867	-6.6604e-06	-0.000366625
-8.94122e-05	-9.48445e-06	-1.14138e-05	-0.000972794	-0.00313291	-0.000370558	-7.73941e-05	0.0104222	-0.000187676	-0.00557055
-0.00462977	-0.000280632	-0.00113626	-0.00422662	-0.0129795	-0.00169462	-0.000848259	0.0448086	-0.0016275	-0.0173854
-0.0198519	-1.78406e-05	-0.0154736	-0.00845272	-0.0218525	0.000962079	-0.00990251	0.0842895	-0.00220212	-0.00749836
-0.0546823	-0.00112098	-0.0633695	-0.0289488	-0.0391609	0.0153935	-0.0222754	0.130497	-0.00178702	0.0654546
-0.0253627	-0.0189956	-0.169369	-0.0960213	-0.0174576	0.044404	0.00218879	0.0952204	0.0457124	0.13968
0.0381915	-0.0368217	-0.314419	-0.197407	0.0513428	0.104304	0.0720137	0.0307777	0.0870361	0.164982
0.047651	-0.0595501	-0.411019	-0.26724	0.132279	0.11483	0.0980507	0.0507531	0.13715	0.157097
0.0304376	-0.100849	-0.409848	-0.269321	0.225448	0.145795	0.0832866	0.0651901	0.109366	0.120495
-0.000302504	-0.1431	-0.418634	-0.178193	0.245527	0.0847591	0.109304	0.0151768	0.10149	0.183971
0.0460842	-0.209763	-0.429817	-0.107067	0.343902	0.20826	0.0741272	-0.0684791	-0.0334285	0.176181
0.0432423	-0.255955	-0.412635	-0.0720444	0.36025	0.339141	0.10542	-0.14985	0.00294652	0.0394845
0.0168957	-0.147641	-0.418762	0.0243436	0.219434	0.351199	0.097071	-0.235677	0.21643	-0.123294
-0.134077	0.152936	-0.392884	0.125742	-0.109433	0.294297	-0.00310224	-0.256092	0.360244	-0.0376307
-0.352219	0.610022	-0.332389	0.217279	-0.228942	0.0858743	-0.170734	-0.151089	0.215923	0.106275
-0.441456	0.474099	-0.270891	0.174807	0.0357347	-0.0780402	-0.179026	0.063998	0.0445601	0.176216
-0.405798	0.0940297	-0.183312	0.118905	0.255764	-0.21607	-0.0861743	0.218782	-0.01189	0.215763
-0.239147	-0.0761205	-0.15739	0.10892	0.181519	-0.244054	-0.0727802	0.200581	-0.0127756	0.311247
-0.107612	-0.118971	-0.0747857	0.081142	0.0528687	-0.225433	-0.0909605	0.186244	-0.00396254	0.30147
-0.0188285	-0.132129	0.0294588	-0.00150581	0.00378166	-0.247532	-0.0991556	0.118408	0.0549923	0.29251
0.0332343	-0.101338	-0.0209241	-0.0577614	-0.0405799	-0.285752	-0.0144733	0.0938208	0.13105	0.262722
0.127612	-0.0651029	-0.0615347	-0.128243	-0.0409167	-0.320438	0.102088	0.0406374	0.16843	0.177468
0.252466	-0.0444675	-0.123214	-0.110773	-0.0562006	-0.333747	0.164198	0.0168555	0.149843	0.0850401
0.276428	-0.0270147	-0.140358	-0.0731785	-0.0749596	-0.274776	0.195141	-0.0341589	0.146731	0.00614644
0.151022	-0.0166138	-0.0362821	-0.0272027	-0.0323175	-0.154483	0.087115	-0.0255119	0.098345	-0.0440715
0.00116179	-0.00627643	0.0241333	-0.00181674	-0.00751996	-0.00551558	-0.0176993	-0.0029898	0.038152	-0.0216293
-0.00244078	-0.00178103	0.00663798	-0.000256721	-0.00229267	0.00483988	-0.0110564	-0.000819433	0.0128089	-0.00563978
-1.37692e-05	0.000649405	0.0010777	-9.94782e-06	-0.00061963	-5.28806e-05	-0.000414804	-9.02493e-07	-0.0004235	-0.000191669
-6.02605e-09	1.32617e-05	-1.54152e-06	-3.40562e-06	-1.0236e-07	-7.976e-07	-7.85819e-07	-1.94848e-06	-1.57247e-06	-3.10181e-06
0.000187246	-5.16999e-06	-9.33319e-06	-0.000670197	-0.00333592	-0.000318872	-0.000112957	0.00736726	-9.73509e-05	-0.0030047
-0.00205662	-0.000152991	-0.000460062	-0.0024463	-0.00679404	-0.00105177	-0.000461072	0.0257193	-0.000652854	-0.0116436
-0.0131332	0.000702358	-0.0178983	-0.00730834	-0.0181151	0.00262499	-0.00808558	0.0557439	-0.00256276	0.00803197
-0.0430726	-0.00213708	-0.0813743	-0.0351322	-0.0219605	0.0216565	-0.0244202	0.0734393	-0.0193757	0.132377
0.0195309	-0.0177143	-0.222982	-0.0918321	0.0508911	0.0581802	0.0205581	0.0319829	-0.0317324	0.183118
0.106152	-0.0339085	-0.365896	-0.169818	0.158095	0.0789261	0.110967	-0.011265	-0.0266506	0.153398
0.1223	-0.0602332	-0.392047	-0.223528	0.248815	0.106951	0.0906	-0.014253	-0.0185657	0.139961
0.0642078	-0.0888175	-0.346611	-0.185394	0.281204	0.14304	0.075364	-0.0363508	-0.0330499	0.126408
0.0664447	-0.162071	-0.288953	-0.121333	0.280111	0.144119	0.125362	-0.100252	-0.0571249	0.113696
0.0979121	-0.281343	-0.218936	-0.116391	0.398735	0.255055	0.131641	-0.210756	-0.123652	0.067736
0.0733753	-0.325545	-0.179249	-0.0678596	0.427918	0.308757	0.140978	-0.382952	0.0364918	-0.0319152
-0.0212178	-0.191971	-0.157781	0.0776252	0.212531	0.312708	0.0971883	-0.500917	0.255535	-0.0837009
-0.260958	0.244147	-0.121508	0.163861	-0.0416263	0.203441	-0.0385943	-0.503979	0.302529	0.0526886
-0.417272	0.601153	-0.127193	0.143306	-0.0814576	0.00502232	-0.100623	-0.295579	0.119795	0.152847
-0.471268	0.403402	-0.194117	0.0406311	0.114714	-0.181563	0.00252058	-0.049733	0.145351	0.190062
-0.418815	0.0370234	-0.20237	0.100789	0.25161	-0.255183	0.0315461	0.0852325	0.0602493	0.309917
-0.269033	-0.111594	-0.120505	0.0923047	0.240474	-0.223651	-0.0253443	0.0822784	-0.0251814	0.360252
-0.147888	-0.192224	-0.081749	0.0692853	0.111574	-0.162834	-0.0622473	0.119289	0.0119885	0.334806
-0.0775352	-0.148486	-0.0423068	-0.0432413	0.0835069	-0.131154	-0.0376569	0.0972411	0.0280013	0.271631
-0.0322658	-0.102169	-0.042352	-0.112304	0.0678609	-0.125754	0.020548	0.0935456	0.0409207	0.19197
0.0982586	-0.064691	-0.0952586	-0.109337	0.0394912	-0.192159	0.155332	0.0507543	0.0173913	0.100219
0.238518	-0.0459381	-0.129641	-0.121674	0.00562067	-0.225657	0.222869	0.0192906	0.0304581	0.00615382
0.269602	-0.0337121	-0.117895	-0.0749267	-0.02955	-0.233078	0.250388	-0.00703	0.0311313	-0.0549298
0.144099	-0.020724	-0.0156062	-0.0258856	-0.0304683	-0.140079	0.129271	0.00134906	0.0223597	-0.0643161
0.00441139	-0.0071263	0.0467439	-0.00434834	-0.00176288	-0.0157616	-0.0141179	0.00673939	0.0101302	-0.0249079
-0.000577599	-0.00164275	0.0195819	-0.000283042	-0.00104254	-0.000493996	-0.0123511	0.000819543	0.00155662	-0.00556708
-9.00178e-06	-3.93915e-06	0.00472708	-5.84463e-07	-0.00258725	-4.27944e-05	-0.0015952	-2.03832e-06	-0.000347607	-0.000138669
-1.64264e-05	-3.008e-07	-3.74212e-06	-0.000170713	-5.82523e-06	0.000632351	-2.313e-05	-5.94182e-06	-3.58936e-05	-0.000370378
-3.38138e-05	-4.01322e-06	-0.00140493	0.00152745	-0.0018376	-0.000263844	-1.02867e-05	0.00357383	-0.000224248	-0.00132256
-0.000417715	7.94177e-05	-0.000989753	9.52542e-05	-0.00396885	-0.000572514	-4.61695e-05	0.0134039	-0.000384388	-0.0071992
-0.0113426	0.00145229	-0.0176606	0.00290881	-0.00576804	0.000640772	-0.00469815	0.0219049	-0.00409687	0.0166594
-0.03192	-0.00149042	-0.0690206	-0.00577249	0.0394061	0.00922663	-0.0361659	0.0125092	-0.0280092	0.111237
0.0825665	-0.0215922	-0.202586	-0.0652101	0.132364	0.0048301	0.0154679	0.0048866	-0.0723599	0.121633
0.140861	-0.0435245	-0.233603	-0.141006	0.221963	0.00940437	0.0948811	-0.0322521	-0.133532	0.116808
0.149197	-0.070949	-0.183402	-0.18543	0.316404	0.0140967	0.0708538	-0.0478043	-0.157292	0.0943265
0.110997	-0.0963686	-0.126916	-0.17751	0.295807	0.0995549	0.0782101	-0.101275	-0.182751	0.100251
0.131703	-0.174042	-0.0659595	-0.143527	0.277357	0.180802	0.132044	-0.171176	-0.20006	0.0328585
0.147369	-0.294341	-0.0309433	-0.130119	0.322106	0.227714	0.193856	-0.292398	-0.124428	-0.018817
0.0668075	-0.328647	0.0200111	-0.0619835	0.314688	0.166857	0.219918	-0.445193	0.111376	-0.0638334
-0.113023	-0.121069	0.0517172	0.0790474	0.181643	0.186608	0.0924713	-0.547138	0.241113	-0.0513719
-0.327317	0.316532	0.10142	0.0951653	-0.0082086	0.103369	-0.0485983	-0.510021	0.286928	-0.00926849
-0.44783	0.540235	0.0287556	0.0672232	-0.0289973	-0.0751512	-0.000588808	-0.269115	0.170846	0.0146227
-0.475622	0.335483	-0.101248	0.0353052	0.125278	-0.188653	0.0867416	-0.0616174	0.132853	0.111478
-0.424801	-0.0314152	-0.0870841	0.0279864	0.300066	-0.240757	0.0814796	0.047619	0.0315216	0.295384
-0.246411	-0.254364	-0.0943686	0.0426045	0.336267	-0.19695	-0.0401303	0.127865	0.00231225	0.323175
-0.111899	-0.241686	-0.0713269	0.0503553	0.208501	-0.12734	-0.0691589	0.219912	-0.0698034	0.212447
-0.0418632	-0.173795	-0.0608534	0.0211382	0.187689	-0.108432	-0.0347711	0.231497	-0.11243	0.0918199
0.020194	-0.115935	-0.0625951	-0.0268778	0.138622	-0.0492731	0.04547	0.153748	-0.123434	0.0200806
0.105588	-0.07765	-0.0907409	-0.0022311	0.066839	-0.0972695	0.155351	0.112332	-0.120566	-0.0516533
0.199656	-0.0527845	-0.104002	-0.0762956	0.0261703	-0.107579	0.215786	0.0944285	-0.102811	-0.0925677
0.237201	-0.0342433	-0.0860056	-0.0649217	-0.00631758	-0.134682	0.227578	0.0384233	-0.0718466	-0.105186
0.127533	-0.0151341	0.010621	-0.0199437	-0.0273315	-0.0858194	0.107272	0.00238668	-0.0274519	-0.0721315
-0.00410483	-0.00695267	0.0665366	-0.00797039	-0.0130569	-0.0155068	-0.00585272	0.00397763	-0.000412756	-0.0166572
-0.000850893	-0.00143891	0.0333295	-0.000928444	-0.00673541	-0.00127636	-0.0159599	-0.000409733	-0.0034166	-0.00231332
-6.17441e-07	-3.28132e-06	0.000636189	-1.60267e-05	-0.000288958	-5.26889e-06	-0.000250716	-2.50984e-07	-6.36748e-05	-7.39463e-06
-7.13863e-06	-1.82827e-07	-1.26938e-06	-5.7288e-05	-8.7241e-06	0.000193605	-8.10466e-06	3.19114e-05	-1.42436e-05	-0.000128565
-4.01174e-05	-6.72212e-06	-0.00298336	0.00381341	-2.41347e-05	-0.000243917	-6.20025e-06	-5.39372e-05	-0.000435647	-1.93799e-05
-0.000644782	0.000531472	-0.00185514	0.00476544	0.000323667	-0.000928839	-9.68685e-05	0.0048747	-0.000691261	-0.00627839
-0.0154269	0.00031945	-0.00348618	0.0121728	0.00389031	-0.0036305	-0.0104309	0.0111507	-0.00751607	0.0129572
-0.00722255	-0.00635661	-0.0133241	0.0290233	0.0308073	-0.0133295	-0.0525028	-0.00957343	-0.0312682	0.0737467
0.117876	-0.0321212	-0.0458865	-0.0156502	0.11882	-0.0555292	-0.0154691	-0.0562544	-0.0947546	0.078969
0.136426	-0.0655347	-0.0386567	-0.0839211	0.212306	-0.0584253	0.0668676	-0.0514462	-0.163438	0.0458228
0.151785	-0.0865445	-0.0292124	-0.141715	0.30267	-0.0731669	0.0859892	-0.0704432	-0.174387	0.0350244
0.144886	-0.113935	0.00633064	-0.188189	0.287703	-0.0192945	0.0963399	-0.136184	-0.147532	0.0698742
0.18917	-0.183655	0.0322874	-0.186275	0.260351	0.048234	0.144279	-0.191161	-0.128392	0.0151605
0.194487	-0.25224	0.0450628	-0.139304	0.18804	0.0655278	0.247037	-0.277244	-0.0681506	-0.00321654
0.0096721	-0.195915	0.0503786	-0.0370711	0.168955	0.0919459	0.24028	-0.391893	0.0625931	0.00105359
-0.218323	-0.000184624	0.114224	0.0897504	0.0948064	0.0861861	0.0868482	-0.429734	0.207552	-0.0311256
-0.405017	0.364592	0.144754	0.11898	-0.0143649	-0.0540035	0.0257584	-0.345008	0.276497	-0.112188
-0.48547	0.517218	0.0769608	0.0491966	0.0399943	-0.167693	0.110243	-0.157993	0.156087	-0.138545
-0.47365	0.215747	-0.0165086	0.00563282	0.243497	-0.19681	0.122587	0.0160635	0.0299454	0.0534976
-0.368877	-0.144614	-0.00258557	-0.042392	0.368155	-0.183296	0.0287931	0.0726491	-0.00218345	0.274351
-0.202723	-0.315459	-0.01943	-0.0195216	0.31986	-0.136647	-0.0315074	0.217834	-0.084934	0.272528
-0.0458809	-0.245152	-0.0662728	0.0524659	0.194572	-0.0527762	-0.051958	0.277605	-0.144031	0.0814277
0.0136547	-0.172646	-0.0529559	0.117546	0.155471	-0.0444108	-0.0180048	0.231343	-0.195498	-0.0344988
0.0651219	-0.121698	-0.097583	0.159142	0.0824711	-0.0358267	0.0584593	0.191132	-0.218781	-0.0824383
0.097144	-0.0873822	-0.0601324	0.112901	0.0089913	-0.0515951	0.140181	0.160552	-0.190509	-0.130151
0.17151	-0.063665	-0.0632505	0.0377602	0.00659115	-0.0669942	0.155499	0.109657	-0.137034	-0.150073
0.195208	-0.038505	-0.0273799	-0.0251239	-0.0144813	-0.0386825	0.14358	0.0234277	-0.0957134	-0.122329
0.0873313	-0.0209115	0.0859652	-0.00862364	-0.0533028	-0.035354	0.0762357	-0.00579628	-0.052796	-0.072748
-0.00872653	-0.00791637	0.115677	-0.0089489	-0.0261241	-0.0145011	-0.0119143	-0.00576084	-0.00983122	-0.0219537
-0.00139951	-0.00300491	0.0451367	-0.00191448	-4.01507e-05	-0.00263613	-0.0223547	-0.000780954	-0.00623088	-0.006775
-3.76512e-05	-0.000327059	0.00387127	-0.000121792	-0.000339447	-0.000165796	-0.0017032	-0.000133986	-0.000587795	-0.000454548
-1.00575e-05	-4.81914e-07	-2.51911e-07	-7.94726e-06	-3.89527e-05	-7.68469e-05	-3.03494e-06	0.000193469	-1.42335e-05	-4.1662e-05
-3.58294e-05	-1.75453e-05	-0.00158408	0.00308677	-1.5383e-05	-0.000163854	-2.53066e-05	-0.000427261	-0.000243714	-0.000573796
-0.00181527	0.000208399	-0.00348217	0.0161491	-0.00243565	-0.00229117	-0.000763051	0.000239854	-0.00130484	-0.00450522
-0.01882	-0.00242148	0.0165047	0.0427997	-0.0115896	-0.00193511	-0.0173708	-0.00037842	-0.00938549	0.00259666
0.00284221	-0.0132573	0.0621007	0.0742617	-0.0146178	-0.0121217	-0.0662266	-0.0153381	-0.0463674	0.0287243
0.138813	-0.0469617	0.0799155	0.0196149	0.0457939	-0.0470323	-0.0456266	-0.0606617	-0.109343	0.0254876
0.170536	-0.0999991	0.0917185	-0.0621639	0.157897	-0.0982906	0.0462797	-0.0602338	-0.132504	-0.0132399
0.143318	-0.128651	0.0834002	-0.11021	0.237949	-0.178922	0.104395	-0.0610305	-0.0910883	0.000838829
0.180004	-0.150856	0.0528969	-0.176083	0.266233	-0.221594	0.121106	-0.146888	0.0131853	0.0619947
0.212867	-0.164999	0.0840652	-0.192701	0.177421	-0.199797	0.195458	-0.186454	0.0382554	0.0358841
0.181824	-0.139154	0.115479	-0.215959	0.0479281	-0.14753	0.298038	-0.265751	0.0410472	0.0840776
-0.0198726	-0.0731298	0.156214	-0.131089	0.0419283	-0.101152	0.27195	-0.311632	0.110976	0.0558085
-0.255494	0.0398593	0.220996	-0.0249316	0.0498146	-0.0797444	0.0755603	-0.249987	0.260418	-0.0364912
-0.412092	0.358988	0.208427	0.0178623	0.0684821	-0.151799	0.0651739	-0.18289	0.169709	-0.141861
-0.451444	0.467249	0.0851286	-0.0579929	0.222002	-0.212198	0.106557	-0.0559253	0.0297039	-0.133079
-0.401132	0.0813048	0.0351996	-0.0893221	0.372204	-0.174627	0.0509903	0.0826268	-0.00892771	0.0516822
-0.276669	-0.212317	0.116057	-0.104603	0.363621	-0.129537	-0.0530348	0.104207	-0.021572	0.213847
-0.0971826	-0.316632	0.0805765	-0.00344294	0.240918	-0.0584296	-0.0765589	0.177453	-0.106927	0.160224
0.011328	-0.244048	0.0197906	0.0921672	0.141398	-0.0142132	0.00411434	0.172452	-0.185886	0.00289731
0.0515212	-0.164772	-0.00444625	0.152312	0.0839267	0.0293985	0.0472823	0.157152	-0.21338	-0.138994
0.0652969	-0.121735	0.000376624	0.191653	0.0492355	0.0242864	0.029886	0.10565	-0.211103	-0.133546
0.093176	-0.0822975	0.068488	0.171226	-0.011913	-0.0347622	0.0722483	0.0830877	-0.1916	-0.167654
0.133035	-0.0599775	0.078538	0.109431	-0.0625209	-0.0269318	0.0950086	0.0185146	-0.137953	-0.147144
0.11301	-0.0400271	0.106552	0.0157092	-0.0615882	0.0138025	0.0713311	-0.0152709	-0.0688665	-0.134652
0.0306409	-0.0258044	0.162898	-0.00288304	-0.0502232	0.00663548	0.0237342	-0.0159686	-0.0511132	-0.0779156
-0.0134938	-0.0135801	0.173882	-0.0129401	-0.0304098	-0.0130392	-0.0341495	-0.0102654	-0.0220211	-0.023983
-0.0035633	-0.00323978	0.0610379	-0.00258956	-0.0118691	-0.00309723	-0.0232316	-0.000955186	-0.00745734	-0.0050348
0.000230881	-0.000122268	0.00346984	-9.38995e-05	-0.000572692	-4.44361e-05	-0.00260423	-6.16876e-05	-0.000159795	-4.17103e-05
0.0	0.0	0.0	0.0	0.0	0.0	0.0	0.0	0.0	0.0
-4.57763e-05	0.00012337	-0.000675208	0.00121045	-1.17314e-05	-0.000173504	-1.89625e-05	-5.14963e-05	-0.000274094	-8.30513e-05
-0.00260559	-0.000238024	-0.00210744	0.0234203	-0.0049388	-0.00384162	-0.00153351	-0.000663981	-0.00163338	-0.00585799
-0.025239	-0.00535632	0.0406921	0.0905599	-0.0302211	-0.00177486	-0.0268036	-0.0143488	-0.014754	-0.0127544
0.00224211	-0.0207279	0.134741	0.117928	-0.0311037	-0.00114637	-0.0837759	-0.0226963	-0.0617854	-0.033676
0.131415	-0.0728277	0.171479	0.0514746	-0.0210876	0.0288636	-0.0767783	-0.0666997	-0.10407	-0.041769
0.177793	-0.139495	0.155772	-0.0271367	0.0489645	0.0573007	-0.0248425	-0.101339	-0.0995697	-0.0474466
0.153837	-0.16184	0.138608	-0.0772314	0.12471	-0.124958	0.0952407	-0.126928	-0.00240463	-0.0190333
0.166835	-0.14979	0.108408	-0.155086	0.132763	-0.248876	0.150466	-0.158643	0.121726	0.0321968
0.187405	-0.119865	0.144386	-0.277278	0.0676923	-0.262196	0.19816	-0.185403	0.185689	0.0614102
0.180375	-0.0149373	0.174089	-0.343621	-0.0232158	-0.281494	0.336986	-0.249622	0.124592	0.0968478
-0.0266694	-0.00897901	0.218167	-0.30933	-0.0255385	-0.250532	0.320144	-0.218964	0.237274	0.0644262
-0.225946	0.121629	0.274063	-0.23119	0.056769	-0.252334	0.152103	-0.137606	0.244653	-0.00214196
-0.381836	0.340522	0.195878	-0.199504	0.181754	-0.231373	0.0715013	-0.0121627	0.11945	-0.0842297
-0.407366	0.31584	0.102934	-0.196425	0.317604	-0.173096	0.0463644	0.0734119	-0.0480441	-0.0312236
-0.299755	-0.00272247	0.117327	-0.142976	0.355548	-0.116118	-0.03192	0.0648067	-0.0759581	0.131768
-0.142349	-0.212661	0.11491	-0.018283	0.267109	-0.0429464	-0.0802916	0.0350377	-0.0223272	0.101802
-0.00478622	-0.271993	0.0799306	0.0900896	0.110079	0.0124587	-0.00639681	0.0648584	-0.0904469	0.0162072
0.0299866	-0.222386	0.043271	0.0972638	0.0716348	0.0680639	0.0949319	0.0561694	-0.135593	-0.103342
0.0331699	-0.153565	0.0308934	0.174647	-0.00140616	0.0597791	0.11007	-0.00703769	-0.101703	-0.144847
0.0526274	-0.109169	0.0606121	0.17188	-0.0211197	0.0508796	0.0511214	-0.0217899	-0.0973312	-0.137711
0.0658196	-0.0763389	0.10388	0.19258	-0.0571271	0.00328937	0.0647894	-0.0269243	-0.11684	-0.153129
0.0933403	-0.0560245	0.131556	0.15938	-0.0968283	-0.0301451	0.0740674	-0.0369439	-0.0803257	-0.158075
0.0425215	-0.0443588	0.169143	0.0452378	-0.0789277	0.036111	0.0258898	-0.0391729	-0.0266048	-0.129838
0.00258377	-0.0302626	0.236695	-0.0388878	-0.0543462	0.0391815	-0.0315961	-0.0245087	-0.0241741	-0.0746848
-0.00940455	-0.0202477	0.19615	-0.0218514	-0.0380983	-0.0111377	-0.0472537	-0.00175743	-0.0298597	-0.0165396
-0.00194592	-0.00415732	0.0480118	-0.00215602	-0.00708659	-0.00336208	-0.0210696	0.00218072	-0.00666534	-0.00374965
0.00165783	-0.000107186	0.00303149	-8.09537e-05	-0.00196448	-0.000315165	-0.00175931	-0.000163201	-0.000116855	-0.000182164
-8.85402e-07	-5.48196e-06	-7.31968e-07	-5.52288e-05	-2.86649e-05	-3.66178e-05	-9.07814e-07	-0.000113417	-1.95399e-05	0.000261476
-1.00722e-05	1.24522e-05	-6.03569e-05	0.000180508	-2.12212e-06	-5.5727e-05	-4.0569e-06	-4.79125e-06	-4.28742e-05	-1.29604e-05
-0.00306026	-0.000517553	-0.00867611	0.0295307	-0.00441287	-0.00374334	-0.00147202	0.000760387	-0.00250715	-0.00590177
-0.0387604	-0.00689288	0.041124	0.135687	-0.0330407	0.00174831	-0.0323249	-0.0120006	-0.0286835	-0.0268564
-0.0140091	-0.0276695	0.173852	0.16779	-0.0508374	0.0150508	-0.0934263	-0.0242431	-0.0823895	-0.0641178
0.103977	-0.0904265	0.215869	0.134796	-0.0724747	0.0726232	-0.118758	-0.0780632	-0.0717453	-0.0957986
0.15907	-0.174218	0.206965	0.0370824	-0.0903911	0.221239	-0.0745626	-0.147905	-0.0428842	-0.0943947
0.142377	-0.176538	0.204069	-0.0541622	-0.0387525	0.0926134	0.0463442	-0.175066	0.0507865	-0.0916712
0.151158	-0.110772	0.12984	-0.105973	-0.0151873	-0.0628402	0.135332	-0.198994	0.141954	-0.0645172
0.166007	-0.0316528	0.173633	-0.215853	-0.0632471	-0.145651	0.20419	-0.226542	0.17459	-0.0354739
0.193172	-0.00994734	0.211423	-0.310635	-0.165724	-0.197881	0.321323	-0.238298	0.203244	-0.006676
0.0263524	0.0251916	0.228247	-0.307336	-0.135322	-0.191778	0.347756	-0.166861	0.212014	-0.0382636
-0.170329	0.138047	0.272074	-0.302678	-0.0109917	-0.141246	0.26433	-0.0771272	0.120904	-0.092982
-0.298469	0.227187	0.242916	-0.286645	0.0928569	-0.0794873	0.10913	0.0878641	-0.0164554	-0.0788968
-0.307453	0.168927	0.151242	-0.25111	0.186532	-0.0105146	0.0394314	0.101311	-0.115581	0.0372156
-0.180021	-0.0468367	0.0597104	-0.0694963	0.191053	0.00243459	0.0243179	0.0318965	-0.0651968	0.0521381
-0.0662115	-0.166923	0.100464	0.0820317	0.103626	0.0350677	0.0839651	-0.0544721	-0.0841004	-0.0334486
-0.00340702	-0.171633	0.0878398	0.131956	-0.046451	0.0563686	0.137428	-0.0432264	-0.0756052	-0.0732706
0.00804316	-0.157931	0.0725392	0.185832	-0.0591484	0.05795	0.158168	-0.0618492	-0.0634408	-0.140163
0.0213681	-0.122678	0.0284933	0.219596	-0.0739295	0.0637068	0.0999073	-0.0956301	-0.0482323	-0.0926015
0.00513587	-0.083398	0.0332559	0.175904	-0.0686963	0.0767851	0.0724321	-0.0864736	-0.047192	-0.0777532
0.0357189	-0.0701903	0.113886	0.220365	-0.0907412	0.0173759	0.072236	-0.0937245	-0.074302	-0.130623
0.0490432	-0.0674975	0.16673	0.168368	-0.11938	0.0159244	0.0304829	-0.09107	-0.0160528	-0.136549
0.000771445	-0.0519702	0.26729	0.0249455	-0.0747335	0.0551384	-0.0185169	-0.0814414	-0.0172281	-0.104255
-0.0140184	-0.0297966	0.281223	-0.0573303	-0.039804	0.0423387	-0.0620437	-0.0473359	-0.0204766	-0.0527565
-0.00874768	-0.00946248	0.149432	-0.020064	-0.0286759	-0.00716	-0.0343309	-0.00482654	-0.0236078	-0.0125566
-0.00184393	-0.00106358	0.022298	-0.00227014	-0.000564024	-0.00322294	-0.0114224	0.00218376	-0.00327593	-0.000818768
-0.000899744	-3.27229e-06	0.00332686	-2.83429e-05	-1.51963e-05	-0.000814877	-0.00145223	-7.57083e-06	-4.98157e-05	-5.58017e-05
0.0	0.0	0.0	0.0	0.0	0.0	0.0	0.0	0.0	0.0
0.000794477	-1.08619e-05	-0.000322669	7.46172e-05	-1.29124e-05	-7.35318e-05	-6.45716e-05	0.000187587	-0.000175188	-0.000396946
-0.0026403	-0.000763834	-0.00710566	0.0298406	-0.00329804	-0.00313348	-0.00142253	-0.000876917	-0.0042022	-0.00639763
-0.0383795	-0.00640424	0.0309482	0.151529	-0.0226193	-0.00319329	-0.030229	-0.0146741	-0.0390528	-0.0279254
-0.0410298	-0.0313434	0.152051	0.202861	-0.0573742	0.0235144	-0.0840591	-0.0248617	-0.0795416	-0.0602164
0.0625693	-0.100219	0.170187	0.187168	-0.0850517	0.113085	-0.121955	-0.0796691	-0.0423321	-0.103781
0.135898	-0.144535	0.204872	0.103458	-0.154226	0.241029	-0.113667	-0.144059	0.0158952	-0.144666
0.137297	-0.117733	0.22305	0.0424121	-0.185534	0.199165	-0.0251224	-0.194951	0.0753699	-0.153954
0.135645	-0.0504081	0.184664	-0.00723682	-0.22318	0.173906	0.0803294	-0.208808	0.0920347	-0.176947
0.171207	0.0130462	0.1877	-0.096747	-0.267182	0.0802326	0.189578	-0.2211	0.137962	-0.194697
0.197228	-0.00281858	0.19658	-0.155455	-0.294143	0.0130592	0.309993	-0.199338	0.132552	-0.197657
0.123481	0.0374321	0.223121	-0.222143	-0.264848	0.0292546	0.402541	-0.152236	0.0314668	-0.20807
0.00547447	0.0656851	0.231542	-0.241559	-0.180952	0.0502437	0.315772	-0.0186198	-0.0197743	-0.207812
-0.105679	0.127121	0.191578	-0.220319	-0.0626604	0.0508665	0.164341	0.0843913	-0.120993	-0.108647
-0.128127	0.0483792	0.113824	-0.156716	0.0269902	0.0716473	0.11934	0.0992102	-0.150915	-0.0436329
-0.0882883	-0.0173543	0.0906226	-0.0451692	0.0191909	0.0517284	0.1532	-0.0319792	-0.0716449	-0.0603061
-0.0427626	-0.0283162	0.0759085	0.0847315	-0.0560524	0.0557911	0.187238	-0.116348	-0.0864194	-0.0737698
-0.00693118	-0.0670946	0.0805426	0.177034	-0.106587	0.0464938	0.183123	-0.129115	-0.0545271	-0.122939
0.00300451	-0.0773268	0.072591	0.221767	-0.0954916	0.0638843	0.159798	-0.175304	-0.0155501	-0.157372
-0.0226688	-0.067732	0.0273767	0.216676	-0.111095	0.0445769	0.132257	-0.168624	0.00724261	-0.0580085
-0.0169207	-0.0667433	0.0646306	0.197915	-0.114827	0.0624932	0.0894241	-0.177767	0.00791073	-0.0461161
0.0106924	-0.0604524	0.162921	0.199495	-0.102251	0.0372308	0.0517421	-0.17983	-0.0175903	-0.101959
0.00501451	-0.0568229	0.223066	0.10165	-0.118689	0.0624996	-0.00771817	-0.139489	0.0260818	-0.0955932
-0.0236499	-0.038725	0.273406	-0.00420369	-0.0698942	0.0589949	-0.0561622	-0.0906185	0.0132783	-0.0624258
-0.0176039	-0.0180328	0.220652	-0.0468584	-0.0311453	0.0220371	-0.052177	-0.0310095	-0.0158109	-0.0300511
-0.00901443	-0.00325727	0.102342	-0.0164147	-0.010892	-0.00255987	-0.0306537	-0.00580312	-0.0174599	-0.00628719
-0.00114122	-0.000698835	0.0229595	-0.00185631	-0.000637895	-0.00287536	-0.00964234	-0.000967708	-0.00351121	-0.00162862
-0.000199861	-2.22843e-07	0.000967309	-1.29773e-05	-6.28701e-08	-0.000236821	-0.000509853	-3.73305e-09	-7.43723e-06	-6.89592e-08
0.0	0.0	0.0	0.0	0.0	0.0	0.0	0.0	0.0	0.0
0.00199847	-2.22326e-05	-0.000788833	0.000109627	-2.91347e-05	-9.18412e-05	-0.000167344	-2.1962e-05	-0.000414606	-0.000572142
-0.002453	-0.00167385	-0.000910215	0.0245936	-0.00199712	-0.00247158	-0.00128596	-0.0031264	-0.00549491	-0.0051806
-0.0353208	-0.00921549	0.0404434	0.147299	-0.0214295	-0.00692019	-0.0233448	-0.0203609	-0.0426423	-0.0285084
-0.0277027	-0.0240249	0.13013	0.217486	-0.0495008	-0.001476	-0.0684569	-0.0449725	-0.0777386	-0.0537424
0.0308008	-0.0659583	0.160702	0.185287	-0.0851184	0.0970233	-0.119608	-0.081302	-0.0391698	-0.0826576
0.0994264	-0.0639337	0.190516	0.137695	-0.161797	0.180249	-0.141682	-0.14359	0.049046	-0.14593
0.134016	-0.0341581	0.234205	0.0982089	-0.243027	0.178528	-0.0850488	-0.186961	0.109017	-0.20478
0.126037	0.0338808	0.20506	0.076519	-0.305902	0.249811	-0.0158205	-0.190688	0.0502791	-0.229177
0.157669	0.0452779	0.191137	0.0467158	-0.32526	0.190433	0.106423	-0.187002	0.0465301	-0.271924
0.217751	0.0430311	0.15851	-0.0375963	-0.304195	0.110145	0.244166	-0.168994	0.0441312	-0.306948
0.209832	0.029782	0.163165	-0.108399	-0.256322	0.125	0.322303	-0.116791	-0.0752893	-0.293282
0.126844	-0.00216842	0.0970902	-0.148892	-0.165378	0.061343	0.35433	0.00853655	-0.0733143	-0.258391
0.0320129	-0.00398235	0.040198	-0.108728	-0.16344	0.0254876	0.34042	0.057513	-0.103238	-0.116243
-0.0250252	-0.00168411	0.0151723	-0.0335796	-0.0856024	-0.00140345	0.328433	0.0368136	-0.118247	-0.114877
-0.02402	-0.00924304	0.0287149	-0.00293225	-0.0669021	0.0114233	0.271703	-0.068906	-0.0346588	-0.105179
-0.0378075	0.0445196	0.0592467	0.0859718	-0.0733101	0.0536293	0.217863	-0.142755	-0.124642	-0.0827155
-0.0146766	0.0399714	0.0562144	0.154534	-0.0733394	0.0519335	0.174248	-0.175022	-0.0657392	-0.148124
-0.0635899	-0.00150629	0.0986147	0.208738	-0.0808912	0.0729218	0.159732	-0.235405	-7.233e-05	-0.158542
-0.0626402	-0.0302216	0.126584	0.209254	-0.079947	0.0485802	0.0734666	-0.227235	0.014147	-0.0719889
-0.0299931	-0.0441689	0.136507	0.200783	-0.0839398	0.0378228	0.0305089	-0.216081	0.0220575	-0.0534965
-0.0253325	-0.0515127	0.205075	0.127079	-0.0676942	0.0648699	-0.0245988	-0.184057	0.0329615	-0.0767901
-0.0324322	-0.0467709	0.232331	0.0208089	-0.0734632	0.115054	-0.0552874	-0.134632	0.0330642	-0.0586733
-0.0379449	-0.0262469	0.222255	-0.0265793	-0.0485584	0.0497095	-0.052143	-0.0725663	0.0186827	-0.0266082
-0.0180009	-0.0122592	0.14932	-0.0358678	-0.017728	0.00717476	-0.03081	-0.0178412	-0.0225599	-0.0014278
-0.00630557	-0.00298398	0.0502621	-0.00961637	-0.00626762	-8.84222e-05	-0.0105221	-0.00457595	-0.0127407	0.00283859
-0.000550703	0.000778715	0.0074805	-0.000914082	-0.000190241	-0.000262579	-0.00136768	-0.000593596	-0.0033953	-0.000985037
-2.05484e-05	-1.07224e-05	-1.86085e-06	-3.51104e-05	-1.51969e-05	0.000295119	-3.32021e-06	-3.00435e-05	-0.000148601	-2.97149e-05
-2.11868e-08	3.16054e-05	-1.62244e-05	-3.01196e-06	-3.83679e-07	-1.63125e-07	-4.93956e-07	-1.5849e-06	-9.22752e-06	-4.9461e-07
-4.02968e-05	3.10968e-06	-3.02138e-06	0.000264435	-2.3059e-06	-4.02831e-05	-2.90758e-05	-2.5759e-05	-3.954e-05	-8.7262e-05
-0.00394595	-0.00179407	0.00129643	0.0244265	-0.000538254	-0.00410537	-0.000758542	-0.0053794	-0.0044334	-0.00476799
-0.0249759	-0.0056939	0.0416108	0.108616	-0.0151806	-0.00798474	-0.0152596	-0.0232034	-0.035928	-0.0220002
-0.023044	-0.0107845	0.0864177	0.180349	-0.0305388	0.000901637	-0.0491714	-0.0425293	-0.0729876	-0.0386126
0.0255585	0.0110428	0.102937	0.197024	-0.0580922	0.00940873	-0.0976802	-0.0614783	-0.0531293	-0.0755914
0.064222	0.0357286	0.130501	0.161642	-0.132821	0.0892707	-0.148925	-0.106428	0.0459909	-0.139181
0.110116	0.0555483	0.146754	0.119445	-0.201006	0.140466	-0.125939	-0.137533	0.0786415	-0.186493
0.112031	0.0946017	0.144528	0.0877173	-0.22791	0.189146	-0.0870301	-0.124409	0.0296972	-0.218372
0.132911	0.0611055	0.145466	0.0275668	-0.238823	0.155438	0.00409356	-0.128983	0.0574389	-0.216214
0.202559	0.0342344	0.0951016	0.00238633	-0.232013	0.0938728	0.121771	-0.116446	0.0322684	-0.233735
0.23142	-0.0765929	0.0667103	-0.071384	-0.153665	0.0978757	0.236936	-0.0575994	-0.0123167	-0.261383
0.152439	-0.124129	0.0221492	-0.0952795	-0.121554	0.0396135	0.351222	-0.016753	-0.0207158	-0.186991
0.0707382	-0.127321	-0.0031515	-0.0615276	-0.132221	0.00245818	0.389475	-0.0351005	0.0295103	-0.132861
0.02534	-0.0499743	-0.0205297	-0.0223897	-0.0984775	0.00658583	0.356695	-0.0619332	-0.00465466	-0.130661
0.00428373	0.0217145	-0.0443956	0.0455664	-0.0466555	0.0193634	0.249951	-0.0733755	-0.0267586	-0.149693
-0.0105652	0.0778542	0.00287333	0.0939784	-0.0756962	0.027964	0.179707	-0.0958266	-0.0679488	-0.13234
-0.0595912	0.0801156	0.0718738	0.129291	-0.035875	0.038416	0.143371	-0.151991	-0.0364447	-0.179166
-0.0712025	0.0354067	0.117046	0.176319	-0.0320197	0.0427987	0.0792572	-0.19793	0.0121748	-0.161851
-0.0630407	-0.0114561	0.168962	0.178806	0.0043152	0.0505996	-0.0181049	-0.207899	0.00991311	-0.112096
-0.0476571	-0.0141853	0.137426	0.119494	-0.00872589	0.0961887	-0.0616378	-0.181168	0.0256569	-0.065392
-0.0546698	-0.0209129	0.180137	0.0218741	-0.0190217	0.109932	-0.0590119	-0.152811	0.0333928	-0.0389079
-0.04129	-0.03987	0.206927	-0.0391167	-0.0294736	0.0946344	-0.0398312	-0.112488	0.0239241	-0.0234161
-0.0256791	-0.0229744	0.173834	-0.0461678	-0.0212523	0.0304629	-0.0284463	-0.055501	-0.0105325	0.00625684
-0.0110228	-0.00554217	0.0997994	-0.0292926	-0.0142515	0.00197505	-0.0151071	-0.0157688	-0.0271083	0.0163188
-0.00226539	-0.00130395	0.0327619	-0.00641986	-0.00591041	0.00202546	-0.00477452	-0.00496237	-0.0104369	0.00128598
0.00165612	-0.000425442	0.00340719	-0.000771623	-0.000260285	-8.70826e-05	-0.000383385	-0.000437815	-0.00130171	-0.00139596
3.29746e-06	-4.46168e-11	-4.2542e-07	-2.10433e-07	-3.49959e-09	-1.2664e-06	-2.17304e-07	-7.42202e-09	-1.1555e-06	-1.13781e-08
-2.05247e-08	3.06177e-05	-1.57174e-05	-2.91784e-06	-3.71689e-07	-1.58027e-07	-4.7852e-07	-1.53537e-06	-8.93916e-06	-4.79154e-07
-6.01936e-07	9.63468e-06	-5.7101e-06	7.82618e-06	-1.52826e-07	-1.80086e-06	-1.57452e-07	-1.68636e-06	-3.98548e-06	-3.36581e-06
-0.00100185	-0.00148534	-0.00149233	0.0181624	-0.000294415	-0.00312971	-0.000203842	-0.00344781	-0.0032226	-0.00388452
-0.0152343	-0.00219545	0.0241734	0.0604573	-0.00867809	-0.00870502	-0.00565719	-0.0149451	-0.0186447	-0.0105709
-0.0325299	0.00383812	0.0570705	0.122143	-0.0188491	0.00177753	-0.0250174	-0.0206133	-0.0596221	-0.0281969
-0.000262261	0.0786085	0.0591629	0.1556	-0.0402155	-0.0124452	-0.0582182	-0.0196271	-0.0940379	-0.0685651
0.0480711	0.106054	0.0530579	0.186492	-0.0814253	-0.028181	-0.1115	-0.0341805	-0.0280614	-0.110327
0.0996997	0.103645	0.0606898	0.152441	-0.121513	-0.00929898	-0.136673	-0.0210482	0.0268264	-0.15477
0.128024	0.100801	0.0738707	0.0661985	-0.139803	0.0755758	-0.165981	-0.0219563	0.0359621	-0.152692
0.134536	0.0669941	0.0974462	0.0572352	-0.149004	0.10093	-0.152973	-0.0474527	0.0449929	-0.152705
0.168438	-0.0332086	0.0809584	0.0476637	-0.129499	0.0483571	-0.106722	-0.038218	0.101891	-0.13966
0.210916	-0.173367	0.0627994	-0.0124733	-0.078066	0.0861453	-0.0747042	-0.0584433	0.149361	-0.112167
0.171642	-0.25901	0.00282228	-0.0411187	-0.0793336	0.134842	0.0147455	-0.0416868	0.18016	-0.0830629
0.182862	-0.224225	-0.0616565	-0.00776226	-0.0975026	0.127984	0.06167	-0.0674672	0.182927	-0.0968294
0.108438	-0.0756587	-0.0869345	0.0192927	-0.078567	0.0855242	0.0288095	-0.0445652	0.149513	-0.105852
0.0853366	0.0681571	-0.101614	0.0519589	-0.0287931	0.034444	9.73772e-05	-0.0247326	0.0850637	-0.169918
0.0367662	0.122575	-0.0493843	0.081673	-0.0515915	0.0576632	-0.0338426	-0.0583069	0.0428154	-0.148368
0.000210649	0.131028	0.0231369	0.0835724	0.0183119	0.0299186	-0.0697217	-0.0976923	0.0444728	-0.163237
-0.0450827	0.0706204	0.114363	0.102381	0.0440067	0.061729	-0.100153	-0.152972	0.0441276	-0.139021
-0.0820371	0.00845636	0.161665	0.0891863	0.10298	0.0848207	-0.0937325	-0.159367	0.00588137	-0.117853
-0.0909528	-0.0106642	0.168591	0.0216643	0.0710814	0.0748706	-0.0619399	-0.151676	0.00605414	-0.0270286
-0.0660621	-0.0299878	0.163545	-0.0452762	0.0427551	0.053994	-0.0413398	-0.123881	0.0266994	0.0195541
-0.0300191	-0.0385251	0.150285	-0.0434799	0.00681488	0.0380837	-0.0405932	-0.0791313	0.00575688	0.0308085
-0.00771809	-0.0206827	0.0965365	-0.0335566	-0.0108905	0.0182831	-0.0257986	-0.0416591	-0.0127025	0.0381886
-0.00500353	-0.00672891	0.0529235	-0.017396	-0.0091841	0.00483048	-0.0102995	-0.0145582	-0.0129062	0.0183226
-0.00100023	-0.000894928	0.0209021	-0.00550512	-0.00380328	0.0022483	-0.0033033	-0.00744504	-0.00474429	0.00354581
0.00017995	0.000631709	-2.31406e-05	-0.000111032	-3.68983e-05	-1.06122e-05	-2.60693e-05	-3.91831e-05	-0.000395983	-0.000168741
6.08763e-06	-8.23694e-11	-7.85391e-07	-3.88492e-07	-6.46077e-09	-2.33797e-06	-4.01176e-07	-1.37022e-08	-2.13322e-06	-2.10057e-08
0.0	0.0	0.0	0.0	0.0	0.0	0.0	0.0	0.0	0.0
0.0	0.0	0.0	0.0	0.0	0.0	0.0	0.0	0.0	0.0
-0.000166326	-5.14407e-05	-4.54524e-05	0.00673366	-6.51516e-05	-0.000434493	-2.35217e-05	-0.0027613	-0.00117943	-0.00200655
-0.00406996	-0.00527604	0.00250328	0.0321103	-0.00257307	-0.000331457	-0.0015011	-0.00706049	-0.0102422	-0.00355921
-0.0190286	0.013043	0.00380551	0.0785444	-0.0083321	0.00536161	-0.00651894	0.00225676	-0.0508738	-0.0182578
-0.0171064	0.0766166	-0.00990228	0.125448	-0.0215752	-0.0011023	-0.018383	0.0262008	-0.117381	-0.0428154
0.0108218	0.114091	-0.0421369	0.163359	-0.0371658	-0.0204141	-0.0453964	0.0660521	-0.139631	-0.0695802
0.0599515	0.0932763	-0.0772006	0.161514	-0.0494511	-0.0263982	-0.0867411	0.0992589	-0.0963272	-0.0778825
0.0836779	0.0690152	-0.0767314	0.0883566	-0.0637562	0.0338516	-0.135195	0.0458598	0.00108039	-0.0461584
0.108786	0.0297795	-0.0501789	0.0915246	-0.0734827	0.0909419	-0.182262	0.0456469	0.00896912	-0.0697245
0.136634	-0.0707846	-0.0440625	0.0930942	-0.0692887	0.112811	-0.217976	0.0363207	0.0690606	-0.0458086
0.184799	-0.168161	-0.0491086	0.0936605	-0.0337199	0.120739	-0.237755	-0.015603	0.163683	-0.0585326
0.188084	-0.183494	-0.062746	0.0492823	-0.0651135	0.13293	-0.206909	-0.0205254	0.22169	-0.0531971
0.172274	-0.173926	-0.118942	0.0744053	-0.0701402	0.0970007	-0.171673	-0.00158947	0.286788	-0.0941977
0.132165	-0.0897878	-0.125518	0.0248836	-0.0303703	0.0792846	-0.152997	0.0292981	0.259438	-0.126396
0.0766657	0.0690735	-0.114761	0.0184096	-0.0200434	0.0523276	-0.139913	0.0284352	0.181606	-0.151801
-0.00450325	0.115338	-0.074486	-0.00143812	0.004704	0.0547061	-0.14236	-0.000592957	0.176005	-0.127373
-0.0410484	0.108019	-0.0243385	0.0378472	0.0349855	0.0201689	-0.126967	-0.0347543	0.110131	-0.0840431
-0.0977794	0.0270039	0.0515566	0.0546981	0.111609	0.00340775	-0.0834921	-0.0887153	0.0870714	-0.0653596
-0.106885	-0.0060309	0.0904159	-0.0123884	0.123809	0.0337819	-0.0544863	-0.122522	0.0527554	0.00155046
-0.0946666	-0.0224231	0.0862948	-0.0442488	0.102519	0.0412905	-0.0422296	-0.115634	0.0325162	0.0565823
-0.0538394	-0.0311998	0.0933584	-0.0433452	0.0562718	0.00577329	-0.0366194	-0.101401	0.0166516	0.09435
-0.0217567	-0.0260132	0.0709396	-0.0349783	0.00849465	0.00517846	-0.0239301	-0.0660117	0.00365117	0.0844261
-0.00658621	-0.0162128	0.0301607	-0.0207002	-0.00328063	0.0166757	-0.0136868	-0.0384762	0.00112843	0.0509781
-0.00422717	-0.00408175	0.0214705	-0.00476183	-0.00485942	0.00739357	-0.0066503	-0.0141173	-0.00541773	0.0152514
-0.000610804	0.000268329	0.0147508	-0.00350506	-0.00124367	0.000837324	-0.0014278	-0.00796271	-0.00201795	0.000911559
-5.20071e-06	0.0014761	-0.000309404	0.0002861	-4.57986e-05	-0.000133618	-1.9776e-05	-4.33421e-06	-0.00113174	-0.000112329
0.0	0.0	0.0	0.0	0.0	0.0	0.0	0.0	0.0	0.0
0.0	0.0	0.0	0.0	0.0	0.0	0.0	0.0	0.0	0.0
0.0	0.0	0.0	0.0	0.0	0.0	0.0	0.0	0.0	0.0
-0.000440421	-5.10705e-06	-0.000852685	0.00279752	-5.73886e-06	-0.000127436	-2.69772e-06	-0.000642427	-4.79308e-05	-0.000673072
-0.000858889	-0.00399508	-0.00582013	0.0169583	-0.000166531	0.00178052	-0.000139947	0.00376987	-0.00831594	-0.00321215
-0.00403575	-0.00152084	-0.017906	0.0444926	-0.00389788	-0.00316021	-0.00101105	0.0253163	-0.0375646	-0.000712446
-0.0136272	0.0193703	-0.0421132	0.0790284	-0.00583966	-0.0083571	-0.00455452	0.0719275	-0.0840226	-0.011812
-0.0175322	0.0181204	-0.0796021	0.139149	-0.0110475	-0.0179912	-0.0128038	0.117629	-0.119146	-0.0167758
-0.0343216	-0.0190066	-0.115131	0.160296	-0.0200522	-0.00645997	-0.0272032	0.158419	-0.107627	0.0110861
-0.0487944	-0.0588904	-0.138055	0.151808	-0.0310055	0.00925302	-0.0541023	0.172771	-0.0476544	0.0446699
-0.055285	-0.101092	-0.151293	0.174515	-0.0411969	0.0773814	-0.0834422	0.153119	-0.0190324	0.0463257
-0.0572417	-0.152687	-0.14982	0.208411	-0.0354051	0.0843002	-0.108964	0.133471	0.0190068	0.0589283
-0.0474818	-0.188769	-0.121143	0.211475	-0.0235325	0.101922	-0.132554	0.104117	0.0870123	0.00895332
-0.0164867	-0.186199	-0.0854423	0.164787	-0.0655598	0.144198	-0.136621	0.104256	0.110348	-0.0332811
-0.00166517	-0.173925	-0.0692647	0.150918	-0.0882841	0.150542	-0.1432	0.160309	0.089025	-0.0744548
-0.0233648	-0.13526	-0.0470317	0.109958	-0.0744663	0.13652	-0.13221	0.142179	0.0965942	-0.0729173
-0.0606877	-0.0854843	-0.0497072	0.0480588	-0.0470158	0.0902596	-0.11645	0.116128	0.124795	-0.0198965
-0.0816906	-0.0642739	-0.0497815	0.0273457	-0.0284663	0.0443586	-0.0947091	0.101055	0.132624	0.0135384
-0.0810689	-0.0218493	-0.02424	-0.00637037	-0.0319942	0.0294915	-0.0742338	0.0561097	0.054059	0.100096
-0.0840041	-0.0120218	-0.0133556	-0.0683668	0.0228615	0.0307444	-0.0501558	-0.0104474	0.0718291	0.112917
-0.0673216	-0.00647001	-0.0405665	-0.0620301	0.0525033	0.0180653	-0.0380005	-0.0408087	0.0613517	0.123277
-0.055028	-0.00876236	-0.0380979	-0.0306246	0.0368984	-0.0019927	-0.0252807	-0.0544766	0.0127647	0.1646
-0.0398291	-0.00402867	-0.0152112	-0.020417	0.0120832	-0.00560733	-0.019168	-0.0552681	0.000280828	0.147165
-0.0170546	-0.00543008	-0.0130407	-0.0147413	0.00563703	0.0129856	-0.0106824	-0.0446485	-0.00888814	0.0958631
-0.00535767	-0.00337413	-0.0077515	-0.00654529	-0.000688903	0.0138587	-0.00476543	-0.0324303	-0.00716363	0.0542182
-0.000867057	-0.000637177	0.0141572	-0.00260767	-0.00355921	0.00754116	-0.00157087	-0.0120131	-0.0025403	0.00209699
-1.17363e-05	0.000559262	0.0095181	-0.000306529	0.000297706	-0.000698924	-0.000168048	-0.00559133	-0.00143507	-0.00216343
-2.88099e-07	0.000110526	0.00162576	-4.72409e-06	-1.98718e-05	-1.1671e-05	-8.3291e-06	-1.35908e-06	-0.000225209	-0.00146483
0.0	0.0	0.0	0.0	0.0	0.0	0.0	0.0	0.0	0.0
0.0	0.0	0.0	0.0	0.0	0.0	0.0	0.0	0.0	0.0
0.0	0.0	0.0	0.0	0.0	0.0	0.0	0.0	0.0	0.0
-4.57265e-06	-6.50384e-08	-1.72227e-06	0.000225086	-6.74189e-06	-2.24627e-06	-1.474e-07	-0.000490143	-3.20458e-05	0.000312598
-8.37428e-05	-0.000238114	-0.00281682	7.08252e-05	-5.79006e-05	0.00176812	-3.25787e-05	0.00463095	-0.00139202	-0.00184872
-0.00142937	-0.00290203	-0.00976541	0.007211	-0.00188413	0.00176504	-0.000517225	0.0249485	-0.0178633	0.00043693
-0.00447596	-0.0070541	-0.0195389	0.0222024	-0.00451998	-0.00640162	-0.00120379	0.0475698	-0.0369871	0.0104092
-0.015253	-0.0149625	-0.0298448	0.0441423	-0.0158504	-0.0134246	-0.00377746	0.0768184	-0.0485494	0.0207014
-0.0304946	-0.0347165	-0.0513036	0.0646641	-0.0407278	-0.0183617	-0.00710518	0.124183	-0.0634578	0.0573203
-0.0507765	-0.045622	-0.0765697	0.0926139	-0.0702963	-0.00816398	-0.0167459	0.186327	-0.0971911	0.0864245
-0.0722301	-0.0677901	-0.0827226	0.118212	-0.0846663	0.013258	-0.0258985	0.208274	-0.118999	0.112563
-0.0892935	-0.0970436	-0.0810409	0.142565	-0.102221	0.0250974	-0.0308568	0.183336	-0.104776	0.154234
-0.0894388	-0.0887611	-0.0777661	0.16053	-0.152146	0.049745	-0.0332928	0.194194	-0.0991081	0.136044
-0.0996219	-0.0827265	-0.0693616	0.155446	-0.165528	0.0602316	-0.0405951	0.205564	-0.103526	0.140117
-0.0949097	-0.105434	-0.0565728	0.134716	-0.158697	0.0605786	-0.0416414	0.237994	-0.0944218	0.118389
-0.0898551	-0.100292	-0.037534	0.0793777	-0.164727	0.0339728	-0.0354826	0.235256	-0.0446313	0.123916
-0.089994	-0.0889997	-0.0238949	0.0190705	-0.164015	0.0308979	-0.0336279	0.199648	0.00249116	0.148423
-0.0757028	-0.0621263	-0.029223	-0.00420667	-0.171068	0.0197912	-0.0309715	0.164378	0.000699316	0.18843
-0.0641207	-0.0320488	-0.0295059	-0.0284742	-0.156369	0.0179875	-0.0244376	0.112486	0.00206353	0.202418
-0.0477732	-0.0147617	-0.0381758	-0.0272581	-0.10841	0.00582349	-0.0209631	0.0576365	-0.00614578	0.200028
-0.0300911	-0.0100903	-0.0467141	-0.00270516	-0.0876808	-0.000780942	-0.0149935	0.0076726	-0.00971052	0.195094
-0.0267654	-0.00595675	-0.0334855	-0.00913119	-0.0504613	-0.000616492	-0.00887572	-0.0226776	-0.00818442	0.166154
-0.0215459	-0.00252565	-0.0237748	-0.0148267	-0.0320885	0.0057492	-0.00595359	-0.0216508	-0.00875141	0.125368
-0.00973691	-0.00155421	-0.0172601	-0.00678167	-0.0134954	0.0129482	-0.00309517	-0.0134922	-0.00654263	0.0590101
-0.00259376	-0.000486777	-0.0118502	-0.00144698	-0.00611101	0.010422	-0.00105554	-0.0102909	-0.00237803	0.0257912
-0.000494819	-9.10986e-06	-0.00217979	-7.33747e-05	-0.00273481	0.0068296	-0.000331636	-0.000975655	-0.000494941	0.000464534
-2.93121e-07	-1.33372e-06	0.00144229	-9.69738e-05	-0.000331802	-1.83006e-06	-5.0341e-06	-0.000323869	-0.000348187	-0.000332965
-2.43722e-07	-1.58722e-06	0.00172701	-9.45858e-07	-2.0958e-05	-9.1477e-07	-4.6612e-06	-1.16196e-06	-0.000142854	-0.00155368
0.0	0.0	0.0	0.0	0.0	0.0	0.0	0.0	0.0	0.0
0.0	0.0	0.0	0.0	0.0	0.0	0.0	0.0	0.0	0.0
0.0	0.0	0.0	0.0	0.0	0.0	0.0	0.0	0.0	0.0
0.0	0.0	0.0	0.0	0.0	0.0	0.0	0.0	0.0	0.0
0.0	0.0	0.0	0.0	0.0	0.0	0.0	0.0	0.0	0.0
-0.0001101	-0.00014309	-0.000350521	1.41719e-05	-0.000546555	-0.00060208	-2.61626e-05	0.00140953	-0.00165261	0.00200742
-0.00112221	-0.00116028	-0.00121494	0.00166801	-0.00164412	-0.00186596	-0.000230073	0.00485217	-0.00531586	0.00603325
-0.00508573	-0.00187779	-0.00312547	0.00284013	-0.0105109	-0.00452923	-0.000991282	0.0127185	-0.00778769	0.0183494
-0.0108899	-0.00275975	-0.00631127	0.00624651	-0.020206	-0.00797544	-0.0018039	0.0308281	-0.00959054	0.0224622
-0.0182388	-0.00486941	-0.00924114	0.00404922	-0.0372677	-0.0099956	-0.00376629	0.0685853	-0.016784	0.0275284
-0.0265194	-0.00977798	-0.00926107	0.00395333	-0.0575019	-0.0110563	-0.00519148	0.0946592	-0.0281289	0.0488244
-0.0259151	-0.0148771	-0.0097324	0.00360697	-0.066201	-0.0115757	-0.00586385	0.0971895	-0.0372618	0.0706305
-0.0229788	-0.0142567	-0.0107113	0.00302848	-0.0851182	-0.00126081	-0.00628695	0.114554	-0.029411	0.0524416
-0.0198499	-0.0170031	-0.00940775	-0.00586354	-0.0959244	0.000517107	-0.00726149	0.111107	-0.0315345	0.0752201
-0.0258685	-0.0274306	-0.0110985	-0.0111321	-0.0990049	-0.00631092	-0.00792945	0.150757	-0.0357029	0.0737203
-0.0315833	-0.0236348	-0.00880464	-0.0182943	-0.110273	-0.0114934	-0.00675644	0.159612	-0.0352844	0.0865129
-0.0292922	-0.0146634	-0.00827987	-0.0168544	-0.10965	-0.00360371	-0.00635013	0.145897	-0.0319553	0.074752
-0.0225791	-0.00870101	-0.0101005	-0.00900792	-0.100455	-0.0049647	-0.00600385	0.111146	-0.0233178	0.073984
-0.0178702	-0.00438409	-0.0111045	-0.00881684	-0.0799528	-0.0113443	-0.00563554	0.0843251	-0.0158278	0.0706108
-0.0131611	-0.00414703	-0.00940057	-0.00865386	-0.0676994	-0.00766031	-0.00488173	0.0482536	-0.0111595	0.0785098
-0.00515166	-0.00225734	-0.00688203	-0.00462429	-0.053703	0.00071661	-0.00328985	0.0215717	-0.00983902	0.0634589
-0.0073859	-0.00130558	-0.00500435	-0.0052336	-0.0280359	0.00430266	-0.00225294	0.00126908	-0.00627647	0.049923
-0.00817869	-0.000659216	-0.00308279	-0.0030449	-0.0136302	0.00462247	-0.00143929	0.00104943	-0.00341685	0.0277801
-0.00519256	-0.000131818	-0.000679956	-0.00016752	-0.00524515	0.00206916	-0.000299578	0.0044403	-0.000703186	0.0059103
-0.000511115	-5.6921e-06	-2.85203e-05	-6.3053e-05	-0.000304289	9.84187e-06	-4.58153e-05	-0.00137998	-6.69265e-05	0.00239555
-5.01322e-08	-5.1613e-11	-7.46218e-08	-2.72224e-10	9.57206e-06	-6.22493e-08	-1.59127e-07	-6.75902e-06	-3.11534e-07	-2.15506e-06
-4.99998e-08	-7.80395e-09	-2.35229e-07	-7.17239e-08	-2.76434e-08	-1.38195e-08	-6.30267e-10	1.22609e-06	-1.84959e-07	-6.34123e-07
0.0	0.0	0.0	0.0	0.0	0.0	0.0	0.0	0.0	0.0
0.0	0.0	0.0	0.0	0.0	0.0	0.0	0.0	0.0	0.0
0.0	0.0	0.0	0.0	0.0	0.0	0.0	0.0	0.0	0.0
0.0	0.0	0.0	0.0	0.0	0.0	0.0	0.0	0.0	0.0
0.0	0.0	0.0	0.0	0.0	0.0	0.0	0.0	0.0	0.0
0.0	0.0	0.0	0.0	0.0	0.0	0.0	0.0	0.0	0.0
-1.68511e-06	-3.15972e-06	-1.9002e-06	-3.68819e-07	-1.15863e-06	-5.47203e-07	-7.31536e-08	4.57004e-05	-2.38973e-05	-1.29102e-05
-2.9164e-05	-8.27068e-06	-5.29029e-06	-1.64219e-06	-4.52803e-06	-8.77613e-06	-8.09074e-07	0.000170062	-6.48656e-05	-4.67162e-05
-3.35984e-05	-7.28766e-06	-6.47367e-06	-5.39173e-06	-0.000680354	-1.14554e-05	-1.77966e-06	0.000141859	-6.54745e-05	0.000669957
-0.000110872	-2.13182e-05	-1.72479e-05	-2.63483e-05	-0.00402503	-0.000206956	-3.44869e-05	0.000635475	-7.89408e-05	0.00388573
-0.000341535	-4.39537e-05	-3.11071e-05	-5.99711e-05	-0.004688	-0.000454157	-6.62793e-05	0.00317387	-0.000127593	0.00263873
-0.000634801	-1.54006e-05	-2.18552e-05	-8.43712e-05	-0.00235227	-0.00024602	-2.1081e-05	0.00334423	-0.000104681	0.000136242
-0.000397485	-0.000556987	-0.000101318	-0.000284334	-0.00296884	-0.000302153	-3.1892e-05	0.00527783	-0.00116414	0.000529321
-0.000612569	-0.000186	-0.000106348	-0.000361528	-0.00325074	-0.000430278	-4.39505e-05	0.00281113	-0.000667656	0.00284794
-0.00231261	-0.000349787	-0.000184019	-0.000964746	-0.00809629	-0.000942601	-0.00034851	0.00941199	-0.00208501	0.00587158
-0.00358824	-0.000380854	-0.000211676	-0.00109017	-0.00514666	-0.00138801	-0.000344414	0.0182782	-0.00181232	-0.0043159
-0.00497705	-0.000487081	-0.000254157	-0.00168518	-0.0142172	-0.00378123	-0.000630223	0.0291731	-0.00254736	-0.000593699
-0.00506261	-0.000361696	-0.000575723	-0.00195775	-0.0094842	-0.00358386	-0.000713608	0.0335293	-0.00268897	-0.00910088
-0.00322787	-0.000230075	-0.00046853	-0.00221572	-0.00584196	-0.00234777	-0.000519336	0.0272328	-0.00139986	-0.0109817
-0.00318389	-0.000449148	-0.000319638	-0.0019581	-0.00454101	-0.00209096	-0.000461934	0.0246089	-0.00108309	-0.0105211
-0.00314299	-0.0010282	-0.000316125	-0.0013239	-0.00484824	-0.00182372	-0.000293935	0.0224381	-0.00107589	-0.00858512
-0.00163176	-7.43388e-05	-0.000316442	-0.000916434	-0.00395564	-0.00125238	-0.000189789	0.0143544	-0.000690326	-0.00532728
-0.00255707	-6.22317e-05	-0.000566819	-0.000463949	-0.00194105	-0.000641475	-0.000173539	0.00562412	-0.000531713	0.00131372
-0.00215474	-2.31972e-05	-0.000231547	-0.000196046	-0.000668413	-0.000251429	-6.58766e-05	0.00147332	-0.00025109	0.00236902
-0.005331	-4.67958e-05	-0.000374243	-0.000140631	-0.000723603	-0.00042462	-0.000163975	0.00522845	-0.000229129	0.00220555
-0.00121406	-2.2916e-06	-1.01705e-05	-1.37036e-05	-0.000101701	-7.44673e-05	-1.062e-05	0.00159812	-3.50643e-05	-0.000136043
0.0	0.0	0.0	0.0	0.0	0.0	0.0	0.0	0.0	0.0
0.0	0.0	0.0	0.0	0.0	0.0	0.0	0.0	0.0	0.0
0.0	0.0	0.0	0.0	0.0	0.0	0.0	0.0	0.0	0.0
0.0	0.0	0.0	0.0	0.0	0.0	0.0	0.0	0.0	0.0
