0.0	0.0	0.0	0.0	0.0	0.0	0.0	0.0	0.0	0.0
0.0	0.0	0.0	0.0	0.0	0.0	0.0	0.0	0.0	0.0
0.0	0.0	0.0	0.0	0.0	0.0	0.0	0.0	0.0	0.0
0.0	0.0	0.0	0.0	0.0	0.0	0.0	0.0	0.0	0.0
0.0	0.0	0.0	0.0	0.0	0.0	0.0	0.0	0.0	0.0
0.0	0.0	0.0	0.0	0.0	0.0	0.0	0.0	0.0	0.0
0.0	0.0	0.0	0.0	0.0	0.0	0.0	0.0	0.0	0.0
0.0	0.0	0.0	0.0	0.0	0.0	0.0	0.0	0.0	0.0
0.0	0.0	0.0	0.0	0.0	0.0	0.0	0.0	0.0	0.0
0.0	0.0	0.0	0.0	0.0	0.0	0.0	0.0	0.0	0.0
0.0	0.0	0.0	0.0	0.0	0.0	0.0	0.0	0.0	0.0
0.0	0.0	0.0	0.0	0.0	0.0	0.0	0.0	0.0	0.0
-3.01588e-06	-5.39172e-06	-0.000249653	-1.41702e-05	-0.000765914	-1.46794e-05	0.00129278	-5.72095e-06	-6.22467e-05	-0.000171984
-1.48462e-05	-1.29688e-05	-0.000259766	-3.93977e-05	-0.00178609	-3.25343e-05	0.00273044	-1.68844e-05	-0.000144571	-0.000423383
-9.17227e-06	-1.29393e-06	0.000319252	-9.31402e-06	-0.000121296	-4.35757e-07	-0.00011161	-4.84909e-06	-9.20492e-06	-5.20763e-05
-3.82178e-07	-5.39137e-08	1.33022e-05	-3.88084e-07	-5.054e-06	-1.81565e-08	-4.6504e-06	-2.02045e-07	-3.83538e-07	-2.16985e-06
0.0	0.0	0.0	0.0	0.0	0.0	0.0	0.0	0.0	0.0
0.0	0.0	0.0	0.0	0.0	0.0	0.0	0.0	0.0	0.0
0.0	0.0	0.0	0.0	0.0	0.0	0.0	0.0	0.0	0.0
0.0	0.0	0.0	0.0	0.0	0.0	0.0	0.0	0.0	0.0
0.0	0.0	0.0	0.0	0.0	0.0	0.0	0.0	0.0	0.0
0.0	0.0	0.0	0.0	0.0	0.0	0.0	0.0	0.0	0.0
0.0	0.0	0.0	0.0	0.0	0.0	0.0	0.0	0.0	0.0
0.0	0.0	0.0	0.0	0.0	0.0	0.0	0.0	0.0	0.0
0.0	0.0	0.0	0.0	0.0	0.0	0.0	0.0	0.0	0.0
0.0	0.0	0.0	0.0	0.0	0.0	0.0	0.0	0.0	0.0
0.0	0.0	0.0	0.0	0.0	0.0	0.0	0.0	0.0	0.0
0.0	0.0	0.0	0.0	0.0	0.0	0.0	0.0	0.0	0.0
0.0	0.0	0.0	0.0	0.0	0.0	0.0	0.0	0.0	0.0
0.0	0.0	0.0	0.0	0.0	0.0	0.0	0.0	0.0	0.0
0.0	0.0	0.0	0.0	0.0	0.0	0.0	0.0	0.0	0.0
0.0	0.0	0.0	0.0	0.0	0.0	0.0	0.0	0.0	0.0
-2.59666e-09	-1.12706e-08	-6.28373e-07	-1.64376e-09	-8.41482e-06	-1.25861e-08	9.51347e-06	-6.91128e-09	-1.05344e-07	-3.29961e-07
-8.90811e-08	-3.35386e-08	-3.36734e-06	-1.8093e-08	-5.43845e-05	-4.38331e-08	6.01899e-05	-3.07604e-07	-3.28903e-07	-1.61712e-06
-1.83982e-05	-1.06791e-07	-0.00011315	-3.94308e-06	-0.00333815	-6.23605e-06	0.00363006	-2.77676e-05	-4.16503e-06	-0.000118151
-3.55657e-05	-1.66176e-05	-0.000347378	-8.9446e-06	-0.00773173	-1.28212e-05	0.00853105	-8.00963e-05	-2.39352e-05	-0.000273957
-3.90424e-05	-0.000771211	-0.00235013	-5.37182e-05	-0.00723898	-3.92306e-05	0.0114404	-0.000265109	-0.000294006	-0.000388971
-5.88747e-05	-0.000703857	-0.00246852	-8.52175e-05	-0.00395295	-3.3666e-05	0.00813194	-0.000263947	-0.000319932	-0.000244983
-0.000549249	-0.00056634	-0.00113946	-8.92512e-05	-0.00755408	-0.000105807	0.0110374	-0.000232849	-0.000317118	-0.000483276
0.00163793	-0.000515388	-0.00406867	-0.000142931	-0.0122751	-0.000227943	0.0187516	-0.000836497	-0.000542255	-0.00178082
0.00414473	-0.000403021	-0.00473783	-0.000222049	-0.021093	-0.00121862	0.0284931	-0.00204151	-0.000560986	-0.00236084
0.00177135	-0.000228353	-0.00307337	-0.00015971	-0.0145452	-0.00115269	0.0201394	-0.000589273	-0.00065836	-0.00150372
-0.000218349	0.0034177	-8.72256e-06	-0.000272944	-0.00766158	-0.000502346	0.00704297	-0.000155884	-0.000820518	-0.000820327
0.0014881	0.0050548	0.000829112	-0.000332472	-0.0120321	-0.000526473	0.00830236	-0.000343177	-0.000881545	-0.00155859
0.00410737	-0.00148016	0.00820522	-0.000273463	-0.00956852	-0.000529836	0.0044542	-0.000755561	-0.000840773	-0.00331848
0.00115464	-0.000896901	0.000613047	-0.000149442	-0.00432421	-0.0004667	0.00715759	-0.000362978	-0.000623389	-0.00210167
-0.000931478	-0.000105658	-0.00421327	-5.19662e-05	-0.00311159	-0.00046861	0.0100517	-5.87249e-05	-0.000407562	-0.000702858
-0.000416469	-6.76169e-05	-0.00244835	-4.0553e-05	-0.00232686	-0.000366651	0.00685229	-8.51458e-05	-0.000521138	-0.000579496
-0.00017479	-8.3978e-05	-0.00118696	-3.26867e-05	-0.00220737	-0.000179313	0.00454829	-4.75386e-05	-0.000286365	-0.000349273
-7.2933e-05	-0.000206957	-0.00149124	-4.29593e-05	-0.00314258	-4.54596e-05	0.00547196	-6.30374e-06	-0.00031437	-0.000149156
-8.25927e-06	-1.80186e-05	-0.000162716	-3.82034e-06	-0.00351469	-6.11698e-06	0.00380984	-9.92256e-06	-4.55501e-05	-4.07468e-05
-2.19414e-06	-1.42836e-06	-4.88311e-05	-6.53971e-07	-0.00105013	-5.9508e-06	0.00117297	-1.35596e-05	-2.39054e-05	-2.63134e-05
0.0	0.0	0.0	0.0	0.0	0.0	0.0	0.0	0.0	0.0
0.0	0.0	0.0	0.0	0.0	0.0	0.0	0.0	0.0	0.0
0.0	0.0	0.0	0.0	0.0	0.0	0.0	0.0	0.0	0.0
0.0	0.0	0.0	0.0	0.0	0.0	0.0	0.0	0.0	0.0
0.0	0.0	0.0	0.0	0.0	0.0	0.0	0.0	0.0	0.0
0.0	0.0	0.0	0.0	0.0	0.0	0.0	0.0	0.0	0.0
-1.57782e-08	-3.32962e-10	-8.98198e-08	-8.22831e-10	-1.17094e-06	-2.26423e-07	1.86624e-06	-6.9383e-12	-2.37409e-07	-1.2471e-07
0.00013314	-3.48951e-10	-2.43345e-06	-1.90246e-07	-0.000138435	-2.38473e-05	5.46068e-05	-1.1211e-05	-8.27573e-07	-1.08021e-05
6.03855e-05	-8.15699e-07	-0.00018318	-4.4888e-07	-0.000103091	-4.31088e-06	0.000258198	-4.94126e-06	-1.21459e-05	-9.65033e-06
-8.84767e-05	-8.82322e-07	-5.4264e-05	-3.02766e-06	-0.000135832	-3.60226e-07	0.000296878	-1.69597e-06	-7.57011e-06	-4.76816e-06
-0.00128685	-8.50988e-06	-0.000469853	-3.79724e-05	-0.00386372	-1.89894e-05	0.00608357	-0.000176898	-7.79493e-05	-0.000142833
-0.00103551	-0.00041114	-0.000941717	-0.000312552	-0.0131446	-0.000324121	0.0174745	-0.000481422	-0.000332164	-0.000491305
-0.00159318	-0.00292151	-0.00161155	-0.00122062	-0.0183233	-0.000630761	0.0291982	-0.00101886	-0.00094295	-0.000935399
-0.00677093	-0.00541796	0.00192026	-0.00283807	-0.0206152	-0.00220886	0.0428991	-0.00228051	-0.00310619	-0.00158167
-0.00795435	-0.0073233	0.00358979	-0.00205437	-0.0387148	-0.00521053	0.0705596	-0.00392965	-0.00499044	-0.00397192
-0.0103436	-0.00774756	0.0131199	-0.000215336	-0.0510506	-0.00972115	0.086599	-0.00593892	-0.00783864	-0.00686301
-0.0116209	-0.00101261	0.00737567	0.000266149	-0.0768288	-0.01411	0.125483	-0.00651761	-0.0119622	-0.0110728
-0.0147737	0.0106844	-0.00209724	0.00108239	-0.0744342	-0.0167237	0.127927	-0.0048791	-0.0143798	-0.0124062
-0.0193857	0.0160993	0.00425559	0.00389363	-0.0633104	-0.0163892	0.107729	-0.00589424	-0.0149633	-0.0120346
-0.0237653	0.0297036	0.00647105	-0.00127921	-0.0623179	-0.0137824	0.10074	-0.00665697	-0.0164681	-0.0126452
-0.0241608	0.0150274	0.0049987	-0.00311044	-0.055073	-0.00930028	0.110321	-0.00530224	-0.017767	-0.0156331
-0.0215694	-0.00139065	-0.00320102	-0.00336913	-0.0359314	-0.00367655	0.102607	-0.00424227	-0.0158397	-0.0133866
-0.0179445	-0.00359778	-0.0102042	-0.00622677	-0.0249158	0.000996707	0.0859715	-0.00324483	-0.010509	-0.0103253
-0.0155198	-0.00256945	-0.0196497	-0.00531697	-0.0123316	2.06646e-06	0.0745004	-0.00184512	-0.010223	-0.00704692
-0.00859031	-0.00586574	-0.0153355	-0.00270728	-0.00687775	-0.00516857	0.0521786	-0.000720099	-0.00495618	-0.00195718
-0.0040864	-0.00348504	-0.0162712	-0.00220023	-0.00582651	-0.00525573	0.0430032	-0.000346641	-0.00426993	-0.00126155
-0.00245829	-0.0015201	-0.0119409	-0.00153922	-0.00529918	-0.00353403	0.0300265	-0.000280666	-0.00264405	-0.000810054
-0.00112455	-0.000769971	-0.00296047	-0.00047507	-0.00321527	-0.00349162	0.0130586	-4.48935e-05	-0.000797396	-0.000179329
-0.000314396	-0.00028621	0.00323462	-5.94622e-05	-0.000761974	-0.00169076	0.000216463	-1.96994e-05	-0.00029205	-2.65368e-05
-5.43047e-06	-1.72016e-05	0.00271265	-5.85499e-07	-0.000201617	-9.84126e-05	-0.00230357	-2.57595e-08	-8.50002e-05	-8.05355e-07
0.0	0.0	0.0	0.0	0.0	0.0	0.0	0.0	0.0	0.0
0.0	0.0	0.0	0.0	0.0	0.0	0.0	0.0	0.0	0.0
0.0	0.0	0.0	0.0	0.0	0.0	0.0	0.0	0.0	0.0
0.0	0.0	0.0	0.0	0.0	0.0	0.0	0.0	0.0	0.0
-3.5797e-08	6.72339e-05	-1.16986e-05	-1.21843e-06	-2.59542e-06	-8.2909e-07	-3.50682e-05	-5.18625e-09	-1.54694e-05	-3.13631e-07
3.48621e-05	1.58943e-05	-3.71594e-05	-3.98006e-06	-0.00044797	-0.000109558	0.000646819	-3.47428e-05	-1.72025e-05	-4.69625e-05
-0.0014186	-3.20951e-05	-0.000186261	-0.000166673	-0.000348207	0.000924364	0.00150403	-0.000155044	-7.38324e-05	-4.76816e-05
-0.00573844	-0.000536394	0.00259502	0.00759406	-0.00159733	-0.00332011	0.00377693	-0.0010444	-0.0011615	-0.000567831
-0.00769644	-0.00107595	0.00655811	0.00581382	-0.0073676	-0.00294057	0.0112937	-0.0016311	-0.00232186	-0.000632128
-0.00944459	-0.00460249	0.0137843	0.0130753	-0.0169988	-0.00738607	0.0221441	-0.00348165	-0.00521831	-0.00187179
-0.0077539	-0.0132933	0.0249811	0.0180651	-0.0343137	-0.00943242	0.0409632	-0.00731357	-0.0080607	-0.00384178
-0.0201917	-0.0231758	0.0747528	0.0150315	-0.0513236	-0.0210927	0.0606061	-0.0108487	-0.0164802	-0.00727777
-0.026943	-0.0359059	0.0956783	0.0331434	-0.0707019	-0.0257923	0.0853835	-0.0178778	-0.0236698	-0.0133144
-0.0234441	-0.0477854	0.11376	0.0737693	-0.0975741	-0.0420661	0.107494	-0.0245132	-0.0381167	-0.0215241
-0.0317458	-0.0339791	0.130351	0.102149	-0.147586	-0.0460826	0.128967	-0.0250692	-0.0481409	-0.0288626
-0.0313128	-0.0178083	0.125463	0.107804	-0.172262	-0.0491965	0.159378	-0.0272634	-0.0562263	-0.0385758
-0.0440592	-0.0100749	0.0804027	0.141571	-0.150512	-0.0398245	0.161988	-0.0292047	-0.0649705	-0.0453162
-0.0518035	0.0110592	0.0588958	0.126461	-0.141722	-0.0198709	0.169472	-0.0318022	-0.0649817	-0.0557074
-0.0552184	0.00706621	0.0684754	0.0912042	-0.112785	-0.0186761	0.176158	-0.0310535	-0.0698606	-0.0553104
-0.0722652	-0.0216734	0.0313993	0.0730491	-0.0824169	0.010978	0.201602	-0.0267847	-0.069802	-0.0440857
-0.085323	-0.036668	-0.0242269	0.0514102	-0.0523532	0.046903	0.20523	-0.0208372	-0.0542218	-0.0299127
-0.0838747	-0.0390499	-0.0480155	0.033633	-0.0180913	0.0503067	0.193987	-0.0134004	-0.0549537	-0.0205416
-0.0649613	-0.0374678	-0.0529932	0.0158025	-0.000162925	0.0430991	0.157532	-0.00917035	-0.0381422	-0.0135362
-0.0474516	-0.0242885	-0.0474496	-0.0139783	-0.00279767	0.0176761	0.148261	-0.00450139	-0.0188346	-0.00663512
-0.0302694	-0.0121796	-0.0429692	-0.0155511	-0.00227743	0.00521527	0.107171	-0.00179717	-0.00464958	-0.00269322
-0.0154004	-0.00837229	-0.030431	-0.0071177	-0.00167038	-0.0102419	0.0721565	-0.000786597	0.00314303	-0.00127939
-0.00686055	-0.00627148	-0.00962218	-0.00284553	-0.00400717	-0.00481891	0.0355437	-0.00036764	-0.000421666	-0.000328537
-0.00127315	-0.0012859	0.00132939	-0.000142066	-0.000140039	0.00503315	-0.00311404	-3.45921e-06	-0.000379576	-2.43139e-05
-0.000219498	-0.00132552	-0.000210622	-1.7457e-05	-5.64449e-05	0.000697482	0.00165207	-1.45774e-07	-0.00051802	-1.84293e-06
0.0	0.0	0.0	0.0	0.0	0.0	0.0	0.0	0.0	0.0
0.0	0.0	0.0	0.0	0.0	0.0	0.0	0.0	0.0	0.0
-1.14524e-08	-1.20274e-08	-3.97553e-07	1.43878e-06	-8.54787e-08	-8.65608e-07	-1.92918e-08	-2.79459e-09	-4.10541e-08	-3.50102e-09
-1.083e-05	0.000228526	-0.000111865	0.000211712	-1.53394e-06	-0.000132725	-0.000138135	-3.5232e-08	-4.46338e-05	-4.79158e-07
-0.000152856	-3.08393e-05	-0.000402133	0.00203722	-0.000107001	-0.000950806	-0.000224723	2.04808e-05	-0.000144238	-4.51014e-05
-0.00129922	0.000218658	-0.00467186	0.00994912	0.00304509	-0.00643607	0.0010931	-0.000463169	-0.00116488	-0.000270761
-0.0114435	0.00250246	0.0118907	0.033492	0.003517	-0.0245953	-0.0027801	-0.00425179	-0.00609761	-0.00223387
-0.0147463	-0.00274716	0.0348129	0.0504488	-0.00526618	-0.0383161	-0.00224865	-0.00595183	-0.0112621	-0.00472326
-0.0183944	-0.0203281	0.0602499	0.0860717	-0.0164404	-0.0524654	0.00819635	-0.0143512	-0.0235305	-0.00900781
-0.030207	-0.0381643	0.104942	0.123632	-0.043476	-0.0839223	0.033655	-0.0235629	-0.025968	-0.0169287
-0.032466	-0.050159	0.178498	0.149062	-0.0705742	-0.0890695	0.0350144	-0.0381808	-0.0472715	-0.0348542
-0.0402693	-0.0410594	0.211987	0.185831	-0.115937	-0.0840865	0.0441732	-0.0568829	-0.054639	-0.0491173
-0.0491702	-0.0361039	0.258415	0.210507	-0.144994	-0.07861	0.0220897	-0.0755478	-0.036485	-0.0701001
-0.0487732	0.0230784	0.268727	0.205537	-0.176837	-0.099513	0.020332	-0.0974575	0.00531188	-0.100405
-0.0334995	0.0830741	0.217351	0.216565	-0.182675	-0.133732	0.0271534	-0.112889	0.0361385	-0.117487
-0.0404516	0.103968	0.181265	0.198333	-0.178918	-0.0838029	0.0147513	-0.129188	0.0869182	-0.152875
-0.0186622	0.0864425	0.141747	0.158109	-0.165974	0.00360932	0.0186469	-0.131533	0.0872579	-0.179643
-0.0262975	0.062472	0.148862	0.0994742	-0.12324	0.0538562	0.0714686	-0.125641	0.0252909	-0.186245
-0.0239699	0.0214894	0.129804	0.029898	-0.0915788	0.0806431	0.153745	-0.10593	-0.0441873	-0.149914
-0.0567438	0.0162173	0.0473457	0.030673	-0.0629586	0.103712	0.205325	-0.0841995	-0.0844207	-0.114951
-0.0504255	0.0791809	-0.0326665	-0.014593	-0.00850956	0.0539651	0.209961	-0.0630582	-0.0845965	-0.0892574
-0.0465007	0.0897929	-0.0735802	-0.0562059	0.0347999	0.0102937	0.208337	-0.0453276	-0.0600042	-0.0616049
-0.0552226	0.0882854	-0.101804	-0.0761664	0.0317129	0.081648	0.182879	-0.0271553	-0.0771941	-0.0469824
-0.0454881	0.055656	-0.0924926	-0.0585494	0.0423777	0.0653205	0.145863	-0.0177662	-0.0653128	-0.0296078
-0.0414171	0.0173772	-0.0711966	-0.0537621	0.043355	0.068473	0.1027	-0.0086139	-0.0435594	-0.0133559
-0.0296442	-0.017757	-0.0344964	-0.0138178	0.0241646	0.0547449	0.032796	-0.00305592	-0.00870889	-0.00422531
-0.0079274	-0.0104659	-0.00563455	-0.00238322	0.00304253	0.0188549	0.00330359	-0.000592128	0.002846	-0.00104377
-0.000736958	-0.000725749	-0.000626965	-5.00145e-05	-0.00049533	0.00164822	-0.000284479	-0.000125258	0.00166811	-0.00027158
-1.55778e-05	-0.000343662	-0.000413168	-1.17124e-05	-0.000237783	-0.000153806	0.00115489	-5.11705e-06	4.07865e-05	-1.48499e-05
0.0	0.0	0.0	0.0	0.0	0.0	0.0	0.0	0.0	0.0
0.0	0.0	0.0	0.0	0.0	0.0	0.0	0.0	0.0	0.0
-3.96262e-05	2.22501e-05	1.89355e-05	0.00074656	-2.48253e-05	-0.000666893	1.31333e-05	-6.29154e-06	-6.15336e-05	-1.70952e-06
-0.000902495	0.000409865	0.00082721	0.0124791	0.000201261	-0.00651445	-0.00290508	-0.00020462	-0.00277701	-0.000613768
-0.00563535	5.36584e-05	0.00745041	0.0336765	0.00470662	-0.0226743	-0.00296704	-0.00171432	-0.00919638	-0.00369977
-0.0196291	0.00416641	0.0261752	0.0808683	0.0166986	-0.0524556	-0.02432	0.00371625	-0.021295	-0.0139251
-0.0281783	-0.0142508	0.0793526	0.112996	0.0163872	-0.0787059	-0.0241635	-0.00119304	-0.0319635	-0.0302806
-0.0490387	-0.0516705	0.152466	0.14103	0.00789774	-0.0728824	-0.0236961	-0.0137508	-0.0443754	-0.0459794
-0.0593174	-0.0979017	0.20526	0.162395	-0.00780549	-0.0665544	0.01523	-0.0227688	-0.0609873	-0.0675491
-0.0643311	-0.114033	0.234585	0.177781	-0.0179647	-0.0235604	0.0109042	-0.0449178	-0.0566783	-0.101784
-0.034417	-0.0820978	0.251082	0.18358	-0.0675369	-0.0026209	0.00481901	-0.0825656	-0.0724072	-0.0978353
-0.0159806	-0.0411808	0.263565	0.138406	-0.107769	0.00593718	-0.081142	-0.1281	0.0244843	-0.05822
0.0267262	0.0265383	0.258619	0.0848601	-0.150142	-0.0407267	-0.0784647	-0.173803	0.0915067	-0.0451139
0.0986911	0.0840812	0.247916	0.0800134	-0.162704	-0.0794967	-0.113074	-0.230173	0.120559	-0.0458126
0.121458	0.0945576	0.250159	0.0670906	-0.113724	-0.0826121	-0.0772397	-0.263209	0.147043	-0.143522
0.140051	0.0714831	0.256772	0.117758	-0.071406	-0.0895964	-0.0815325	-0.269041	0.143092	-0.21758
0.128034	-0.0256214	0.239598	0.14053	-0.0154247	-0.0219993	-0.0406093	-0.260669	0.155862	-0.2997
0.135759	-0.0616505	0.199412	0.0283553	-0.00503093	0.0636478	0.0347298	-0.243318	0.155775	-0.30768
0.0966566	-0.0167649	0.111305	-0.00521471	0.044335	0.075785	0.119625	-0.214533	0.0571679	-0.268363
0.0230902	0.0550314	-0.00612942	-0.0124513	0.0941916	0.0294798	0.166631	-0.177642	0.0562797	-0.228481
-0.0138724	0.136726	-0.0510928	-0.0732195	0.0947029	0.0906294	0.134898	-0.138199	0.00525335	-0.185826
-0.0112879	0.174233	-0.068954	-0.127522	0.118146	0.132459	0.0762395	-0.0968665	-0.0469987	-0.149448
-0.0305501	0.123438	-0.0947955	-0.110997	0.142097	0.166275	0.0648465	-0.0666554	-0.0745489	-0.11911
-0.0668365	0.054349	-0.0952817	-0.10621	0.141288	0.19132	0.0581441	-0.0391479	-0.0650437	-0.0725815
-0.0575811	0.00559319	-0.0569962	-0.0411176	0.059378	0.152047	0.0182314	-0.016893	-0.0301096	-0.0325522
-0.0220681	-0.0181842	-0.0134723	-0.00973399	0.00901676	0.0701138	-0.00478016	-0.00508879	0.00468423	-0.0104872
-0.00572699	-0.00181436	-0.00257218	-0.000767528	-0.00186333	0.0143016	0.00150576	-0.00135877	-0.000136655	-0.00156754
-0.000494176	-0.000463213	-0.000611123	-3.26167e-05	-6.25291e-05	0.000339336	0.00171554	-3.37483e-05	-0.000340908	-1.65597e-05
0.0	0.0	0.0	0.0	0.0	0.0	0.0	0.0	0.0	0.0
-4.9101e-07	-3.47235e-07	-1.12558e-06	3.45381e-05	-1.59776e-07	-1.96042e-06	-5.41927e-08	-6.04406e-07	-2.06162e-06	-2.77339e-05
-0.000138404	-0.00111173	7.03539e-05	0.00104159	-0.0014789	0.000203005	-0.000267582	0.00357185	-0.000882569	-0.00100762
-0.00125977	-0.000819717	0.00435261	0.0332139	-0.00397218	-0.020666	-0.00731162	0.0108281	-0.00891395	-0.00545145
-0.00980068	-0.00290624	0.0211894	0.0719218	0.0112073	-0.0500167	-0.0109679	0.0095787	-0.0186097	-0.0215958
-0.021333	-0.0162292	0.0460253	0.126215	0.0354546	-0.0755586	-0.0341131	0.0220233	-0.0271399	-0.0553442
-0.0405681	-0.0416656	0.120188	0.157074	0.0383755	-0.0851107	-0.0538972	0.0453338	-0.0495323	-0.0901984
-0.0630342	-0.083112	0.167633	0.123896	0.0436851	-0.0438376	-0.0300236	0.0604995	-0.0402558	-0.13545
-0.0747306	-0.142003	0.167972	0.150601	0.0164529	-0.00436695	-0.0226304	0.0915661	-0.0209071	-0.161954
-0.0805969	-0.179754	0.169737	0.168419	-0.0182261	0.0264562	-0.0403365	0.0827082	-0.00112218	-0.127284
-0.0153412	-0.144856	0.142256	0.165379	-0.0698476	0.0512573	-0.0979427	0.0667706	-0.0204045	-0.0772708
0.0258734	-0.0739208	0.0978569	0.10589	-0.181162	0.043791	-0.116162	0.0349501	0.0399957	0.0228872
0.0468113	-0.0453677	0.100156	0.103924	-0.216951	0.00150748	-0.112242	-0.0429723	0.0773954	0.0877394
0.110409	-0.0456363	0.106615	0.157679	-0.240975	-0.0234219	-0.156858	-0.1358	0.0447309	0.183256
0.118001	-0.0589591	0.101909	0.155831	-0.279311	0.00530139	-0.135452	-0.162985	0.0656905	0.189972
0.130607	-0.138601	0.0855958	0.181306	-0.249443	-0.0527107	-0.120668	-0.142165	0.160041	0.146038
0.170808	-0.175543	0.0679057	0.188	-0.208625	-0.0538054	-0.111875	-0.137471	0.132587	0.128019
0.197196	-0.158966	0.0533146	0.128305	-0.149527	0.0136455	-0.0867526	-0.145043	0.0692412	0.0785858
0.176331	-0.0840016	0.029473	0.0996589	-0.115656	0.0644155	-0.0703947	-0.165508	0.000489278	0.0651937
0.106078	-0.0052572	-0.0484688	-0.00934163	0.00226312	0.0910642	-0.0178463	-0.138235	0.0619302	-0.0421862
0.0693873	0.0840572	-0.0714164	0.00449606	0.0449451	0.0716524	-0.03797	-0.117624	0.0665665	-0.114094
0.0767319	0.101801	-0.069786	-0.0465692	0.132626	0.107334	-0.0589055	-0.092625	0.0265368	-0.177144
0.0414868	0.070327	-0.109041	-0.114123	0.211451	0.199632	-0.0456272	-0.0867373	0.0242425	-0.19161
-0.0417828	0.0128939	-0.127599	-0.128784	0.203695	0.293377	-0.0368528	-0.0707886	0.0421274	-0.146286
-0.0915857	-0.0182748	-0.0632704	-0.0681975	0.0785735	0.305917	-0.0273319	-0.0402684	0.00513946	-0.0807011
-0.0501283	-0.0206509	-0.019249	-0.0206129	0.00333529	0.153315	-0.0135813	-0.0165568	0.0132966	-0.029168
-0.0171389	-0.00210001	-0.00276531	-0.00232938	0.00172804	0.0448208	-0.00610889	-0.00555797	-0.00330032	-0.00724807
-0.00201187	-0.000293099	-0.000342624	-0.000286688	-0.000421534	0.0059041	-0.000613026	-0.000475422	-0.000912155	-0.000547683
0.0	0.0	0.0	0.0	0.0	0.0	0.0	0.0	0.0	0.0
-8.13719e-05	-0.000137795	-0.000251392	0.00112669	-0.000197888	-0.000332006	-7.95967e-05	0.00136057	-0.0004329	-0.00097431
-0.000558116	-0.00105554	0.00107254	-2.35129e-05	-0.00234887	-0.00354401	-0.00102267	0.013265	-0.00198467	-0.00380014
-0.00357568	-0.00256641	0.00476771	0.0344623	-0.00369703	-0.025683	-0.0107271	0.0384816	-0.0110833	-0.0203791
-0.0180629	-0.00735296	0.0341581	0.121131	0.0140352	-0.0958237	-0.019712	0.0407738	-0.0129837	-0.0561632
-0.0233505	-0.0310349	0.061953	0.173519	0.0453592	-0.111551	-0.0508588	0.0673044	-0.0148018	-0.116539
-0.0479891	-0.0674454	0.154559	0.126077	0.0343329	-0.0806569	-0.0725834	0.124653	-0.00928104	-0.161666
-0.0714409	-0.106969	0.12447	0.0811935	0.0309983	-0.00805966	-0.0347736	0.162985	0.0166748	-0.195077
-0.0705913	-0.180473	0.104672	0.0550858	-0.00871805	0.0633612	-0.0330094	0.172234	0.0452767	-0.147838
-0.00900507	-0.210512	0.0564435	0.0683016	-0.0583611	0.0808772	-0.0677298	0.190749	0.0269562	-0.0777195
0.0172566	-0.190097	0.0449241	0.069398	-0.14475	0.114979	-0.128511	0.19269	0.0281404	-0.00402985
0.0537744	-0.161751	0.0622758	0.0762235	-0.254301	0.0881185	-0.123253	0.183491	-0.0146199	0.090042
0.0704638	-0.104139	0.0364118	0.106611	-0.315292	0.0147518	-0.147613	0.14723	-0.00540139	0.196977
0.0770301	-0.117629	0.0835503	0.122773	-0.315168	-0.0410626	-0.159492	0.0783792	-0.00362382	0.275244
0.0769928	-0.118848	0.0596917	0.174735	-0.406006	0.00555204	-0.149443	0.0137585	-0.0665553	0.410124
0.0954643	-0.196834	0.0127532	0.18267	-0.428182	-0.0682505	-0.130652	0.0294752	0.0223863	0.48117
0.154967	-0.175565	-0.0388663	0.130807	-0.375421	-0.0122371	-0.190162	0.0972667	0.00498327	0.404227
0.196933	-0.129667	-0.0792463	0.118944	-0.247509	0.054951	-0.215891	0.131566	-0.065063	0.234982
0.178772	-0.110501	-0.0594677	0.0709712	-0.193298	0.0786714	-0.23255	0.123663	0.00174817	0.141991
0.119593	-0.0248592	-0.0415671	0.068264	-0.099161	0.0733306	-0.22153	0.0831844	-0.0167055	0.0594501
0.0710983	0.0133144	-0.0639672	0.0666037	-0.0313126	0.0571454	-0.21079	0.0587441	0.046894	-0.00773036
0.0753817	0.00358291	-0.0482817	0.0107586	0.0698731	0.110802	-0.197241	0.00611329	0.0678116	-0.0988004
0.0773104	-0.0155496	-0.0582915	-0.0770584	0.168279	0.201519	-0.169191	-0.0346832	0.0981267	-0.190462
0.0205856	-0.0547366	-0.140581	-0.139084	0.165922	0.35746	-0.113779	-0.0504835	0.141402	-0.186706
-0.0710743	-0.0720176	-0.0904009	-0.0959027	0.0476545	0.416196	-0.0507463	-0.0470922	0.082069	-0.118686
-0.066949	-0.03348	-0.0250848	-0.0266581	-0.00945043	0.269529	-0.0308425	-0.0282228	-0.00132882	-0.0475123
-0.0221951	-0.00249516	-0.0033045	-0.00211304	-0.000158036	0.0659096	-0.00697479	-0.00675633	-0.0102495	-0.0116632
-0.00143596	-0.000571092	-0.000176983	-9.61715e-05	-0.000529127	0.0050866	-0.00113161	-0.000352756	-0.000423021	-0.000369872
0.00102932	-9.92186e-08	-3.96902e-05	-1.05096e-07	-5.09961e-05	-7.28893e-07	-2.27434e-06	-0.000435606	-4.45941e-06	-0.000495363
-0.000163643	-0.000166463	-0.000134861	-0.00140126	-0.00206992	-0.000721485	-0.000252211	0.00919045	-0.000703871	-0.00357674
-0.00192779	-0.000555857	0.000871924	-0.00367901	-0.00374146	-0.00520703	-0.00159294	0.0307271	-0.00311752	-0.0117774
-0.00597149	-0.00147228	0.00484008	0.0297598	-0.0077201	-0.0277891	-0.0113926	0.0698562	-0.00771054	-0.0424
-0.0298964	-0.0087561	0.0321804	0.133756	-0.000312781	-0.116252	-0.0307808	0.10017	0.0055375	-0.0856457
-0.0395747	-0.0307933	0.0661242	0.155267	0.0340704	-0.131471	-0.0671321	0.114072	0.0288625	-0.129425
-0.059623	-0.074679	0.109336	0.110576	0.00550461	-0.0874685	-0.0822169	0.137599	0.0600923	-0.11912
-0.0617646	-0.122362	0.0925172	0.0382088	-0.00926707	-0.0110302	-0.058099	0.195534	0.0879068	-0.151644
-0.031074	-0.188576	0.0547544	0.000854915	-0.0630908	0.0905043	-0.0508616	0.177587	0.0624831	-0.0525818
0.0215896	-0.226878	0.0500345	-0.0196814	-0.0493909	0.112659	-0.0898397	0.162821	0.0956255	-0.0569386
0.038061	-0.224846	0.123931	-0.0183458	-0.147665	0.118247	-0.133738	0.184737	0.0813463	-0.0217264
0.0354161	-0.175662	0.120695	-0.0374135	-0.182713	0.118752	-0.122592	0.22962	0.0466285	-0.0327299
0.0520186	-0.10533	0.0890684	0.00418688	-0.213146	0.00974723	-0.127784	0.238138	0.0907014	-0.0376
0.0425401	-0.067442	0.0756394	0.0561336	-0.24934	-0.0655915	-0.164582	0.166503	0.0769043	0.129236
0.0772281	-0.0325462	0.096544	0.129071	-0.425104	-0.0819185	-0.171286	0.179586	-0.0575147	0.28594
0.129599	-0.0109103	0.101033	0.129613	-0.425103	-0.135247	-0.200637	0.220822	-0.0940737	0.284904
0.198624	-0.0590158	0.00683796	0.107345	-0.316297	-0.0758565	-0.273496	0.268658	-0.0416562	0.184857
0.189915	-0.00541637	-0.0241652	0.103218	-0.172475	-0.038047	-0.337212	0.270571	-0.0454709	0.0590831
0.141993	-0.0700843	-0.0173185	0.118734	-0.111054	-0.00806018	-0.393483	0.25187	0.051671	0.0357317
0.127266	-0.080881	0.0316974	0.0993654	-0.0775556	0.0249023	-0.373428	0.179966	0.0742714	-0.00560377
0.0867065	-0.0845577	-0.0201703	0.129963	-0.0118174	0.076258	-0.313043	0.127483	0.0523882	-0.0432108
0.0684141	-0.104037	-0.0394639	0.087019	0.0224945	0.118676	-0.266988	0.0437945	0.0876678	-0.0175772
0.125646	-0.126561	-0.062473	-0.000283632	0.0608809	0.196903	-0.228959	0.016964	0.152616	-0.134733
0.11386	-0.132753	-0.116703	-0.154479	0.0615574	0.433011	-0.160008	-0.0305761	0.15247	-0.16638
-0.0356273	-0.104161	-0.106661	-0.115496	-0.00785918	0.536198	-0.091755	-0.0605754	0.0987533	-0.112817
-0.0684285	-0.0443387	-0.0343422	-0.0339055	-0.0262538	0.347261	-0.0449675	-0.0376372	-0.00851516	-0.0488726
-0.0191077	-0.00441545	-0.00413733	-0.0023556	-0.0140191	0.0786124	-0.014138	-0.00781711	-0.00331448	-0.00930759
-0.00106963	-0.000414431	-0.000165371	-2.38027e-05	-0.000393939	0.00382746	-0.000993004	-0.00138925	0.00104171	-0.000419742
-1.26422e-06	-1.01287e-06	-2.27764e-06	-4.53771e-05	-0.000130973	-1.56017e-05	-1.40599e-06	0.000612606	-1.04482e-05	-0.000404245
-0.000383529	-5.24302e-05	-0.000365459	-0.00174101	-0.00245166	-0.000692789	-0.000134347	0.0116875	-0.000575775	-0.00529052
-0.00126249	-0.000360509	0.00280408	0.00202516	-0.00552856	-0.00337985	-0.00145866	0.0310424	-0.00633478	-0.0175468
-0.00629602	-0.00148003	0.00756347	0.0291506	-0.0234371	-0.0273459	-0.0154758	0.0955787	-0.00890036	-0.0493575
-0.0279798	-0.010049	0.0274552	0.110449	-0.0280093	-0.0967365	-0.0324297	0.146356	0.0248158	-0.113871
-0.0395821	-0.0396238	0.0752992	0.0856074	-0.0141846	-0.110272	-0.078429	0.150096	0.0642867	-0.0931971
-0.0473311	-0.0765836	0.0680071	0.0463634	-0.0444704	-0.0578107	-0.0772036	0.120781	0.0937544	-0.0255069
-0.0358187	-0.103158	0.0105534	-0.014966	-0.0487435	0.0376495	-0.0384531	0.108476	0.112782	-0.0283209
-0.0029169	-0.153109	-0.0434811	-0.101126	-0.0540148	0.159744	-0.0374274	0.0792368	0.132577	0.0205172
0.0263132	-0.195148	0.00620397	-0.149962	-0.0274313	0.172806	-0.0894233	0.0782639	0.168602	0.00977552
0.044574	-0.194221	0.0825151	-0.204374	-0.0709494	0.167079	-0.102687	0.0868395	0.166208	0.0250155
-0.00932274	-0.134495	0.0638531	-0.276922	-0.0729434	0.211685	-0.0859268	0.146068	0.146848	0.011156
0.00830549	-0.0739647	0.0295689	-0.22987	-0.0553821	0.12044	-0.100258	0.171387	0.0984312	0.0313424
0.071992	0.0140857	0.048185	-0.0699464	-0.161431	-0.00538986	-0.133699	0.171821	0.0150378	0.0493441
0.0494361	0.149724	0.0958468	0.127992	-0.433424	-0.106464	-0.110749	0.23304	-0.153535	0.148133
0.0353115	0.242482	0.113366	0.189909	-0.335205	-0.205589	-0.219807	0.310878	-0.239783	0.108438
0.0938329	0.119422	0.102077	0.17216	-0.108332	-0.217083	-0.34812	0.350507	-0.166452	0.00198689
0.152524	0.0196466	0.0369392	0.133163	-0.02385	-0.16251	-0.436762	0.322624	-0.054258	0.0124838
0.170628	-0.0818708	0.0673089	0.117677	-0.0251412	-0.101678	-0.444606	0.247198	0.0390845	0.0113992
0.157496	-0.136993	0.0433936	0.125255	-0.015628	-0.0488164	-0.392744	0.232219	0.0630698	-0.0272514
0.0909094	-0.157171	-0.0123986	0.17955	-0.025438	0.026367	-0.307574	0.155872	0.0594975	-0.0096142
0.0575248	-0.182324	-0.0477626	0.129253	-0.0367164	0.135136	-0.249827	0.111729	0.115393	-0.0324049
0.121872	-0.180406	-0.038902	0.0147511	-0.0368374	0.242621	-0.222371	0.049305	0.149362	-0.0993945
0.173962	-0.153307	-0.111123	-0.113064	-0.0581356	0.439267	-0.144475	-0.0409969	0.14984	-0.141966
0.0162651	-0.0985882	-0.0974769	-0.0930848	-0.0984497	0.574255	-0.102076	-0.0606029	0.063293	-0.103534
-0.0667587	-0.0410202	-0.0306855	-0.0233493	-0.0676461	0.38229	-0.0669091	-0.0273652	-0.0150613	-0.0434946
-0.0181712	-0.00537802	-0.00353962	-0.00216441	-0.0195087	0.0824363	-0.0203095	-0.00412285	0.00149056	-0.0107325
-0.000494238	-0.000930328	-0.000451046	-0.000150248	-0.00165315	0.00596751	-0.00158204	0.00327196	-0.00282719	-0.00115123
-2.21427e-06	-1.208e-06	-4.72661e-06	-7.34582e-05	-0.000153987	-2.00225e-05	-1.68446e-06	0.000906611	-1.43887e-05	-0.00063492
-0.000449166	-2.20754e-05	-9.09323e-05	-0.00167561	-0.00205507	-0.000565772	-4.43112e-05	0.0109183	-0.000326262	-0.00568912
0.00072934	-0.000255598	0.00236234	0.00265647	-0.00901561	-0.00306791	-0.00295285	0.0376229	-0.00592349	-0.0221556
-0.0121241	-0.00433106	0.00606664	0.0414011	-0.028506	-0.0227136	-0.0138793	0.0993511	-0.0136493	-0.0516154
-0.0282326	-0.00809181	-0.0079477	0.0492119	-0.0360712	-0.0485836	-0.0383478	0.165524	0.03761	-0.0850711
-0.0371519	-0.0378154	0.0157219	-0.00960753	-0.04098	-0.0450315	-0.0633655	0.159296	0.0659739	-0.00704037
-0.0308798	-0.0759323	-0.000243931	-0.0801138	-0.0571954	0.0136134	-0.0467784	0.0805377	0.124224	0.0727686
-0.0156843	-0.0935436	-0.126143	-0.162952	-0.0250104	0.109928	0.00265323	0.0577411	0.181608	0.0714023
0.00204159	-0.124214	-0.159881	-0.275471	-0.00244151	0.210261	-0.00081784	0.0119238	0.216143	0.122455
0.0149198	-0.162455	-0.155686	-0.347551	0.0711619	0.246059	-0.0513133	0.0462651	0.24061	0.0979896
-0.0236001	-0.138977	-0.130048	-0.384665	0.0601302	0.208477	-0.0194345	0.0646542	0.223798	0.139664
0.00547588	-0.105214	-0.153266	-0.384004	0.0681452	0.212456	-0.0245603	0.0386374	0.176502	0.165828
0.0244606	-0.0355563	-0.21258	-0.286685	0.0937368	0.20665	-0.0502976	0.0322114	0.127477	0.100583
0.0214556	0.0961483	-0.22926	-0.0154969	-0.171779	0.136307	-0.00897263	0.130392	0.0592491	-0.0180436
-0.0325997	0.336156	-0.121767	0.189364	-0.421773	0.0438116	-0.121078	0.219878	-0.0852308	-0.0067609
-0.0948619	0.428763	-0.0720894	0.202824	-0.181765	-0.0645144	-0.286968	0.335838	-0.197623	-0.0696042
-0.0819261	0.201152	0.00704161	0.187208	0.0169451	-0.147323	-0.376592	0.424131	-0.228279	-0.00235834
0.0464176	0.00755653	0.0185632	0.159846	0.0667875	-0.217585	-0.393186	0.335927	-0.114954	0.0906285
0.125344	-0.132854	0.0661259	0.175524	0.00292867	-0.214376	-0.361069	0.256174	0.0100654	0.0721372
0.116024	-0.152136	0.0432911	0.175701	0.00351033	-0.188086	-0.317248	0.240901	0.0555171	0.0225265
0.114791	-0.193507	-0.0174694	0.185702	-0.0843034	-0.100981	-0.231225	0.202151	0.0597631	0.0650792
0.106733	-0.18897	-0.0361784	0.0762008	-0.106992	-0.0281891	-0.150849	0.160938	0.120661	0.0466462
0.184621	-0.157977	-0.0567308	-0.0349582	-0.117654	0.0475617	-0.100704	0.0742825	0.167895	-0.00633749
0.232213	-0.121381	-0.0870974	-0.0799054	-0.154588	0.228681	-0.058569	-0.0505251	0.15085	-0.0596774
0.0804418	-0.078414	-0.067479	-0.0567648	-0.125928	0.399686	-0.0691689	-0.0524996	0.0584475	-0.0883204
-0.0561868	-0.0284926	-0.0224557	-0.01293	-0.0711324	0.322447	-0.0678764	-0.0205601	-0.00247155	-0.0403412
-0.0201576	-0.00604003	0.000135966	-0.00166857	-0.0170546	0.0821129	-0.0213702	-0.00354498	0.00011249	-0.0125254
-0.000299341	-0.000179385	-0.00021971	-5.2482e-05	-0.000427198	0.00373063	-0.00265128	0.000618834	0.00155078	-0.00207086
-2.61442e-05	-2.10631e-06	-7.30546e-06	-5.73076e-05	-4.47239e-05	-3.91782e-05	-4.04882e-06	0.000566225	-2.16787e-05	-0.000363732
0.000446829	5.82148e-05	-0.000107419	-0.00106857	-0.00295599	-0.0016633	-5.0637e-05	0.0140171	-0.000406259	-0.00826999
-0.00411896	-0.000209935	-0.00139504	0.00185862	-0.0183883	-0.00462261	-0.000823936	0.0629401	-0.00484632	-0.0303937
-0.0185266	-0.00290086	-0.0100946	0.0287202	-0.0247376	-0.018562	-0.0130182	0.118271	-0.00841494	-0.0507367
-0.0575661	-0.00411369	-0.0403575	0.00964707	-0.042458	-0.0183697	-0.0304318	0.180323	0.0211634	-0.0178371
-0.0501885	-0.023919	-0.0899751	-0.0916162	-0.0382326	0.0133772	-0.024166	0.135283	0.071805	0.0976326
-0.0108187	-0.0619475	-0.182118	-0.193274	-0.0238296	0.0985821	0.00223672	0.0774464	0.134245	0.159479
0.0188213	-0.0891417	-0.298345	-0.295665	0.0211463	0.124449	0.0518637	0.0808661	0.229908	0.156097
0.0193334	-0.120715	-0.334624	-0.355608	0.0824401	0.171305	0.0338246	0.0258601	0.250666	0.227518
-0.0327339	-0.159222	-0.328618	-0.34374	0.156537	0.167688	0.0398295	0.0734655	0.274552	0.152243
-0.0271276	-0.175663	-0.391031	-0.297347	0.243374	0.166214	0.0484172	0.0677863	0.174161	0.191216
-0.00473977	-0.177486	-0.43811	-0.177615	0.234137	0.211064	0.0422808	0.0113662	0.120348	0.178756
-0.018088	-0.0944053	-0.506493	-0.0700598	0.180065	0.293814	0.0775497	-0.0387783	0.169722	0.00667305
-0.0545005	0.136401	-0.494323	0.112132	-0.216502	0.31206	0.0443105	0.0281189	0.215173	-0.0828691
-0.210605	0.496608	-0.361698	0.188214	-0.354356	0.142747	-0.161171	0.120738	0.169643	-0.030122
-0.335191	0.527821	-0.238455	0.185737	-0.0347111	-0.0396798	-0.328301	0.283489	-0.0609187	0.0402097
-0.315588	0.172853	-0.118562	0.136448	0.213344	-0.153116	-0.295242	0.367957	-0.146832	0.138737
-0.156748	-0.0472666	-0.118682	0.181229	0.163534	-0.22278	-0.245151	0.300618	-0.103257	0.248503
-0.0311569	-0.109244	-0.0327798	0.177462	0.0187184	-0.257446	-0.200699	0.265543	-0.0436102	0.213211
0.067398	-0.154141	0.0637641	0.144154	-0.0340177	-0.34425	-0.181501	0.186911	0.0330977	0.218586
0.101457	-0.15123	0.00263543	0.0885014	-0.1107	-0.37773	-0.104231	0.178684	0.0859502	0.286664
0.152831	-0.119729	-0.0202231	-0.0686073	-0.118672	-0.339393	0.000416117	0.141733	0.174394	0.19725
0.234238	-0.0834621	-0.085071	-0.0898	-0.133867	-0.274736	0.0604851	0.0644144	0.203526	0.104273
0.262182	-0.0598331	-0.0940128	-0.0780082	-0.134383	-0.10333	0.088079	-0.0334917	0.17239	-0.0195914
0.126942	-0.0386671	-0.0398024	-0.0410379	-0.0929401	0.0611433	0.00603613	-0.0353501	0.116082	-0.0624056
-0.0260823	-0.0180746	0.0015932	-0.0056939	-0.0402154	0.141067	-0.0414934	-0.0156618	0.0363743	-0.031813
-0.0122076	-0.00433694	0.000420723	-0.000989733	-0.00748277	0.0443404	-0.0240358	-0.00485033	0.0200522	-0.0109101
-0.000160892	0.00100357	-5.20109e-05	-1.57466e-05	-0.00023774	0.00205084	-0.00136771	-0.000116423	0.000339162	-0.00144305
-4.99053e-07	-1.75456e-08	-1.02544e-06	-7.08744e-06	-7.5e-07	-1.18816e-06	-1.35763e-08	0.000383867	-6.6604e-06	-0.000366625
-9.27129e-05	-2.37143e-05	-1.18485e-05	-0.00118011	-0.00444997	-0.00188553	-9.91597e-05	0.0152164	-0.000322135	-0.00715127
-0.00467564	-0.000312949	-0.00118217	-0.00471239	-0.0190412	-0.00393702	-0.000908811	0.0640189	-0.00222106	-0.0270277
-0.0234714	-0.000150581	-0.0198171	-0.00244842	-0.0296826	-0.00381161	-0.0108579	0.118844	0.000749781	-0.0293545
-0.0626452	-0.00134576	-0.0570688	-0.0327148	-0.0507909	0.00806271	-0.0348755	0.16779	0.00046893	0.0631196
-0.020444	-0.020026	-0.188361	-0.128603	-0.0147423	0.0485621	-0.0128097	0.123497	0.0503435	0.162583
0.062737	-0.0420895	-0.352057	-0.228643	0.0559505	0.11978	0.0565875	0.0395773	0.0748967	0.213261
0.0589228	-0.0664923	-0.442297	-0.289009	0.138972	0.13495	0.0919688	0.0874557	0.105452	0.180078
0.0207804	-0.106728	-0.396761	-0.286995	0.194822	0.129343	0.072118	0.0877438	0.0924108	0.193265
-0.0193216	-0.155221	-0.398367	-0.176673	0.233637	0.0539636	0.100303	0.00613081	0.147102	0.208446
0.0330857	-0.240165	-0.448535	-0.069503	0.375097	0.168361	0.0846142	-0.0825156	0.0130272	0.166535
0.0333695	-0.285424	-0.464687	-0.019799	0.418275	0.291358	0.157856	-0.186666	-3.42617e-05	0.0557515
0.0205139	-0.148598	-0.473257	0.0613521	0.28863	0.345645	0.152355	-0.307971	0.175271	-0.113942
-0.130895	0.158882	-0.422427	0.147215	-0.0989184	0.294256	0.0307326	-0.326969	0.361236	-0.0131135
-0.3764	0.638197	-0.345286	0.233648	-0.241241	0.0686043	-0.177434	-0.171978	0.233431	0.138457
-0.492433	0.498175	-0.271358	0.163026	0.0648245	-0.107831	-0.198206	0.11048	0.0411148	0.192207
-0.459289	0.11238	-0.203535	0.112196	0.291341	-0.249299	-0.100453	0.255193	-0.0229714	0.264436
-0.248867	-0.0519953	-0.197193	0.102381	0.20174	-0.245078	-0.087722	0.233213	-0.0330128	0.326534
-0.0918157	-0.128191	-0.0743891	0.075242	0.0550971	-0.213663	-0.107951	0.19227	-0.0217647	0.315165
0.00268485	-0.148262	0.0522791	-0.017844	-0.00694723	-0.277417	-0.112737	0.0951009	0.0684021	0.34474
0.0284187	-0.112051	0.00417795	-0.0879343	-0.0470417	-0.365348	-0.018132	0.0945768	0.177331	0.326002
0.133486	-0.0713881	-0.0328774	-0.184083	-0.0444806	-0.429841	0.104765	0.0538274	0.229016	0.241576
0.268246	-0.047274	-0.114854	-0.134445	-0.0625167	-0.411641	0.18361	0.0211164	0.178274	0.119485
0.296771	-0.0286921	-0.141691	-0.0831845	-0.081923	-0.312759	0.211066	-0.0175959	0.15136	0.00664827
0.163952	-0.0178132	-0.022498	-0.0312602	-0.0394428	-0.1737	0.0961834	-0.0200122	0.098646	-0.0540549
-0.00247875	-0.00754002	0.026885	-0.00185602	-0.0104353	-0.00290553	-0.0144175	-0.000320775	0.0366141	-0.0235452
-0.00518993	-0.00302494	0.0152529	-0.000276838	-0.00436066	0.00983955	-0.0192399	0.00166784	0.0127455	-0.0074135
-3.38637e-05	0.00113819	0.00154886	-2.15149e-05	-0.00103623	-0.0003124	-0.000832979	0.00125546	-0.00142848	-0.000277044
-6.02605e-09	1.32617e-05	-1.54152e-06	-3.40562e-06	-1.0236e-07	-7.976e-07	-7.85819e-07	-1.94848e-06	-1.57247e-06	-3.10181e-06
0.000186706	-6.5666e-06	-9.38746e-06	-0.000689588	-0.00348014	-0.000482693	-0.000115092	0.0079044	-0.000111693	-0.00319595
-0.00208777	-0.00015698	-0.000452026	-0.00267918	-0.0105435	-0.0014945	-0.000470913	0.0380432	-0.000829522	-0.0193288
-0.0166675	0.000676547	-0.0214956	-0.00305557	-0.0223894	0.00120383	-0.00871453	0.0790954	-0.000121724	-0.00853157
-0.0442438	-0.00246885	-0.0888954	-0.0458483	-0.0231004	0.022123	-0.0345934	0.106954	-0.0188379	0.128911
0.0272426	-0.018636	-0.242022	-0.124965	0.0661629	0.0537728	0.00468572	0.0614125	-0.0326249	0.204971
0.120147	-0.0386482	-0.385177	-0.213167	0.190616	0.0695238	0.0951037	0.0101823	-0.0444143	0.195835
0.133076	-0.0675317	-0.412952	-0.255872	0.262383	0.119154	0.0802682	0.0268913	-0.0672711	0.181854
0.063737	-0.0888073	-0.328799	-0.194003	0.266544	0.0964695	0.0878358	-0.0212671	-0.0741003	0.19239
0.0453812	-0.175058	-0.264806	-0.0975462	0.27083	0.100024	0.117488	-0.113893	-0.0249309	0.142512
0.0924191	-0.322008	-0.220095	-0.0933109	0.428888	0.203016	0.150362	-0.227803	-0.0948995	0.0834314
0.0702838	-0.376365	-0.166886	-0.0508197	0.480849	0.274012	0.178478	-0.42223	0.0336773	-0.0209995
-0.0149226	-0.202638	-0.159676	0.109263	0.260107	0.273909	0.133836	-0.557902	0.222501	-0.0644775
-0.277912	0.257847	-0.108832	0.204026	-0.0420221	0.134651	-0.0178435	-0.554259	0.315408	0.0889358
-0.444735	0.625754	-0.0946884	0.171114	-0.100004	-0.043788	-0.111238	-0.310304	0.0990149	0.208874
-0.519303	0.422784	-0.173795	0.0396056	0.114874	-0.212299	-0.00281612	-0.0216771	0.108321	0.244306
-0.464721	0.0602538	-0.207155	0.109708	0.27226	-0.291044	0.0198912	0.123621	0.0237717	0.353414
-0.279278	-0.108691	-0.133963	0.116462	0.253332	-0.214763	-0.0463531	0.120337	-0.0594221	0.352341
-0.129447	-0.205595	-0.0745649	0.0423086	0.123945	-0.133579	-0.083638	0.134672	0.00799571	0.317902
-0.0711204	-0.163327	-0.0312558	-0.0923645	0.0764519	-0.11279	-0.0384351	0.089402	0.0294367	0.314002
-0.0444766	-0.112726	-0.0338366	-0.167113	0.0893771	-0.15798	0.00964722	0.0917561	0.0824688	0.242884
0.107445	-0.0712088	-0.0738902	-0.153727	0.0426009	-0.252853	0.153727	0.0590566	0.0391133	0.149736
0.262265	-0.050166	-0.114261	-0.147749	0.0113589	-0.279471	0.244727	0.0271234	0.0236545	0.0225189
0.287999	-0.0367195	-0.113733	-0.0821337	-0.0279319	-0.268534	0.273694	0.00895022	0.0234133	-0.065004
0.154398	-0.0233912	0.00221923	-0.0310323	-0.0320097	-0.15526	0.143629	0.00229814	0.014932	-0.0757834
0.00402914	-0.0101094	0.0654161	-0.00477916	-0.00273144	-0.0233578	-0.0107844	0.00462814	0.00778353	-0.0300947
-0.00145196	-0.004137	0.0374185	-0.000365949	-0.00370615	-0.00162175	-0.0182781	0.000295288	-0.000439029	-0.00771384
-0.000207295	-0.000123378	0.00962518	-0.000246379	-0.00270115	-0.00221829	-0.00265053	-0.000513838	-0.000662114	-0.000302211
-1.64264e-05	-3.008e-07	-3.74212e-06	-0.000170713	-5.82523e-06	0.000632351	-2.313e-05	-5.94182e-06	-3.58936e-05	-0.000370378
-3.38138e-05	-4.01322e-06	-0.00140493	0.00152745	-0.0018376	-0.000263844	-1.02867e-05	0.00357383	-0.000224248	-0.00132256
-0.000436487	7.8741e-05	-0.000996148	7.10269e-05	-0.00464971	-0.000629238	-4.67832e-05	0.0179279	-0.000449537	-0.0108698
-0.0145852	0.00141558	-0.0163326	0.00112477	-0.00476399	0.00179969	-0.00534705	0.0348817	-0.0038613	0.00566842
-0.0277062	-0.00169135	-0.0718642	-0.0174305	0.0491454	0.00419797	-0.0474558	0.0359486	-0.0288634	0.10572
0.0911233	-0.0226874	-0.203839	-0.0965488	0.150023	-0.00587094	-0.00429103	0.0306659	-0.0778403	0.139265
0.145902	-0.0455181	-0.232669	-0.184547	0.267384	-0.00710568	0.0760011	-0.0182979	-0.150351	0.1492
0.1747	-0.0752479	-0.175299	-0.217103	0.341605	-0.00990052	0.0769601	-0.0354284	-0.217671	0.137385
0.120457	-0.101102	-0.102821	-0.179444	0.295402	0.0641238	0.113361	-0.121439	-0.243889	0.155351
0.120995	-0.198306	-0.0390347	-0.136156	0.271026	0.157108	0.147241	-0.20681	-0.200984	0.0849195
0.136211	-0.354868	-0.0116845	-0.147809	0.339304	0.221944	0.207927	-0.334861	-0.0864603	0.0302962
0.0762685	-0.387375	0.0434027	-0.0934302	0.327788	0.144461	0.263182	-0.482837	0.119476	-0.0109373
-0.0984935	-0.116972	0.0717099	0.105266	0.202607	0.088679	0.133389	-0.57078	0.209254	-0.0246605
-0.350097	0.342367	0.144171	0.10926	-0.0197336	0.00173993	-0.0221945	-0.513439	0.262898	0.0450284
-0.482836	0.562383	0.0629463	0.0654526	-0.0329795	-0.119506	-0.0102531	-0.258243	0.151981	0.0610548
-0.504089	0.361579	-0.0660793	0.0202072	0.137243	-0.202843	0.0761304	-0.0527072	0.0790622	0.151496
-0.4475	-0.00832251	-0.0783268	0.0331714	0.332595	-0.239906	0.07313	0.0500549	-0.030928	0.316032
-0.229648	-0.266951	-0.112284	0.0752615	0.356986	-0.206848	-0.0553006	0.151538	-0.0376697	0.324915
-0.113651	-0.265334	-0.0701085	0.0257369	0.219954	-0.115161	-0.0727186	0.256888	-0.0573453	0.191739
-0.0642066	-0.197133	-0.0875559	-0.0167131	0.196974	-0.0990255	-0.022418	0.261901	-0.0917613	0.119938
0.00457506	-0.130262	-0.0564191	-0.0695468	0.143011	-0.0547041	0.044804	0.167792	-0.121722	0.0724723
0.125901	-0.0842542	-0.0875765	-0.0236121	0.0612352	-0.11771	0.151022	0.12442	-0.13347	-0.0159555
0.219295	-0.0570256	-0.0981961	-0.0867478	0.029602	-0.129984	0.235131	0.111624	-0.135712	-0.0879867
0.253334	-0.0376489	-0.0679088	-0.0659011	-0.00771825	-0.146608	0.240317	0.0547422	-0.0992211	-0.123387
0.144276	-0.0179219	0.0289303	-0.025206	-0.0325628	-0.096093	0.122444	0.00771586	-0.0447654	-0.086816
-0.000742293	-0.00848777	0.0916817	-0.00893069	-0.0188997	-0.0262822	-0.00496916	0.00333535	-0.00484033	-0.021865
-0.00100748	-0.0017706	0.0456602	-0.00157142	-0.0108102	-0.00327677	-0.0202342	-0.000581092	-0.00377404	-0.00263434
-1.43695e-05	-6.82792e-06	0.00108666	-0.000182454	-0.000290343	-9.72629e-05	-0.000371014	-6.47898e-06	-0.000108325	-9.58055e-06
-7.13863e-06	-1.82827e-07	-1.26938e-06	-5.7288e-05	-8.7241e-06	0.000193605	-8.10466e-06	3.19114e-05	-1.42436e-05	-0.000128565
-4.01174e-05	-6.72212e-06	-0.00298336	0.00381341	-2.41347e-05	-0.000243917	-6.20025e-06	-5.39372e-05	-0.000435647	-1.93799e-05
-0.000652068	0.000604078	-0.00200356	0.00509605	0.000307488	-0.00106761	-9.89991e-05	0.00545591	-0.00077239	-0.0068689
-0.0182831	0.000270517	0.00664635	0.0106629	0.00558053	-0.00379755	-0.0142538	0.0135968	-0.0072855	0.00686291
-0.000542957	-0.00700603	0.000902479	0.0182034	0.0481645	-0.0212351	-0.0722746	0.00519462	-0.0341754	0.0627692
0.120691	-0.0354599	-0.0176202	-0.033294	0.133272	-0.0778644	-0.0272282	-0.0266681	-0.108504	0.072676
0.139013	-0.0686394	-0.0111195	-0.113856	0.231641	-0.0876172	0.0633149	-0.0329973	-0.185243	0.0655028
0.167029	-0.0932499	-0.00312969	-0.182327	0.321786	-0.101101	0.115302	-0.072007	-0.221736	0.0694329
0.149306	-0.125238	0.019726	-0.199229	0.311034	-0.0362888	0.142222	-0.175669	-0.198119	0.112256
0.193375	-0.220367	0.0301954	-0.203011	0.25967	0.0637373	0.17184	-0.240015	-0.106592	0.0511668
0.194597	-0.308401	0.0263871	-0.17425	0.190977	0.118671	0.278872	-0.315364	-0.0511872	0.0396966
0.0178042	-0.228806	0.0389353	-0.0842978	0.178506	0.109915	0.291692	-0.410766	0.0496976	0.0373201
-0.21956	0.0157397	0.106766	0.0638637	0.0937371	0.0626835	0.128598	-0.444666	0.189061	0.00377642
-0.449073	0.384726	0.156187	0.112401	-0.016709	-0.106998	0.0491688	-0.344489	0.285342	-0.0705566
-0.524581	0.542233	0.0823618	0.0504128	0.0634206	-0.237088	0.119481	-0.165809	0.177193	-0.107625
-0.505148	0.215519	0.0167322	-0.00254949	0.266778	-0.228007	0.108854	0.00124675	0.0351147	0.0914608
-0.381141	-0.131058	0.0103604	-0.0269943	0.408825	-0.190524	0.00826889	0.0643867	-0.0381774	0.276054
-0.191744	-0.335796	-0.0528452	0.00459565	0.36988	-0.152968	-0.0445731	0.258097	-0.113687	0.259041
-0.0723045	-0.27441	-0.114885	0.0352645	0.230256	-0.0239917	-0.0385116	0.330357	-0.148439	0.0766639
-0.0187333	-0.206026	-0.0916101	0.0887061	0.165757	-0.0438263	0.0112027	0.275051	-0.191864	0.011342
0.0602274	-0.145521	-0.120672	0.121091	0.073942	-0.0552658	0.0877423	0.244553	-0.221865	-0.0442316
0.111198	-0.0993858	-0.0915612	0.105811	0.0217119	-0.060694	0.155828	0.20258	-0.213799	-0.13169
0.188731	-0.0711364	-0.0944755	0.0544631	0.023585	-0.0663223	0.154566	0.14459	-0.163184	-0.170817
0.209253	-0.0421106	-0.0309257	-0.00620075	-0.0177676	-0.0506601	0.164519	0.0398972	-0.12663	-0.139375
0.105465	-0.0233323	0.107147	-0.0100662	-0.0599726	-0.0465635	0.0901474	-0.00751871	-0.0687675	-0.0865382
-0.00620627	-0.00895471	0.136964	-0.010986	-0.0328438	-0.0209555	-0.0107264	-0.00775092	-0.0141383	-0.0244024
-0.0018375	-0.003459	0.0547973	-0.00247744	-0.0012939	-0.00599465	-0.0255255	-0.000792128	-0.00653451	-0.00688274
-0.000296171	-0.000333589	0.00800681	-0.000192493	-0.000343388	-0.00315205	-0.00229473	-0.000135771	-0.000774397	-0.000484225
-1.00575e-05	-4.81914e-07	-2.51911e-07	-7.94726e-06	-3.89527e-05	-7.68469e-05	-3.03494e-06	0.000193469	-1.42335e-05	-4.1662e-05
-3.58294e-05	-1.75453e-05	-0.00158408	0.00308677	-1.5383e-05	-0.000163854	-2.53066e-05	-0.000427261	-0.000243714	-0.000573796
-0.00183317	0.000471427	-0.00379812	0.0188459	-0.00239554	-0.00324559	-0.00076736	0.0001246	-0.00172036	-0.00568175
-0.0215071	-0.00248482	0.037427	0.0436906	-0.013564	-0.00487599	-0.0261536	-0.0011448	-0.00848248	-0.00290491
0.0112681	-0.0148374	0.0794408	0.0726545	-0.000966956	-0.0231975	-0.0915517	-0.00655354	-0.0516487	0.0253924
0.148908	-0.0532831	0.113898	0.0104568	0.0665826	-0.0724187	-0.0530397	-0.040194	-0.126263	0.00535291
0.175396	-0.109037	0.12983	-0.0800038	0.176565	-0.128635	0.0599202	-0.0376705	-0.162449	-0.0239153
0.148463	-0.143425	0.0883196	-0.143673	0.266646	-0.198605	0.137677	-0.0623418	-0.120731	0.0276716
0.175005	-0.173295	0.055842	-0.214304	0.290453	-0.247363	0.16606	-0.167263	0.0130613	0.101803
0.206444	-0.191017	0.0768076	-0.217596	0.19546	-0.189584	0.219143	-0.192894	0.0606359	0.0326012
0.182225	-0.168542	0.0915629	-0.23527	0.0500758	-0.0980098	0.333832	-0.269651	0.0390953	0.0746819
-0.0122564	-0.0931493	0.145206	-0.149096	0.0281785	-0.0565861	0.324229	-0.308954	0.0733086	0.0491192
-0.279467	0.0391808	0.21145	-0.0388149	0.0539556	-0.0588851	0.0911297	-0.248381	0.264296	-0.0344651
-0.476999	0.387141	0.194905	0.0133543	0.0890442	-0.1614	0.0728187	-0.163792	0.206614	-0.161686
-0.505435	0.490252	0.0961994	-0.0864087	0.264323	-0.235055	0.127514	-0.0638996	0.0556959	-0.143186
-0.429281	0.0660254	0.0650933	-0.14402	0.41815	-0.182226	0.0479263	0.071509	0.0276592	0.0591637
-0.277525	-0.202477	0.118277	-0.1103	0.411265	-0.133751	-0.0794231	0.0917637	-0.00727393	0.189444
-0.0972289	-0.343837	0.0520991	0.0195148	0.292914	-0.0817398	-0.0960694	0.20085	-0.0971632	0.15066
-0.0227052	-0.269989	-0.0373786	0.11874	0.188136	-0.0343671	0.0185484	0.213803	-0.210563	0.035776
0.0257209	-0.19077	-0.0581973	0.144124	0.102409	0.00919472	0.0801743	0.203845	-0.236174	-0.080326
0.0700274	-0.142411	-0.053714	0.142777	0.0742288	0.0169522	0.069412	0.161085	-0.226181	-0.112176
0.115482	-0.0998847	0.0335599	0.15328	0.02978	-0.0366094	0.07886	0.119191	-0.211428	-0.18223
0.144379	-0.0730421	0.0488164	0.135762	-0.0376149	-0.00449432	0.0814237	0.0328808	-0.16474	-0.163371
0.126121	-0.049639	0.0995391	0.0452691	-0.0613295	0.0122988	0.0829116	-0.0112124	-0.0894234	-0.154535
0.0388137	-0.0347204	0.181389	0.00496608	-0.0498595	-0.00851337	0.0412353	-0.0163178	-0.0682687	-0.0887244
-0.0138019	-0.021391	0.209532	-0.0161567	-0.0296555	-0.0213546	-0.0375431	-0.01145	-0.0320001	-0.0261789
-0.00578654	-0.00779998	0.0857765	-0.00319901	-0.0125679	-0.0118153	-0.028292	-0.0010452	-0.00971308	-0.00555751
-0.000422519	-0.000135996	0.0125368	-0.000243828	-0.000583232	-0.0063945	-0.00403739	-6.63194e-05	-0.000547092	-0.000105908
0.0	0.0	0.0	0.0	0.0	0.0	0.0	0.0	0.0	0.0
-4.81543e-05	0.000123357	-0.000727994	0.00130315	-1.17969e-05	-0.000183802	-1.9496e-05	-5.17351e-05	-0.000282859	-0.000100674
-0.00274922	-0.000253483	-0.00229781	0.0267134	-0.00336194	-0.00507744	-0.00153879	-0.000870814	-0.0019317	-0.00863219
-0.0296771	-0.0053988	0.065947	0.0914755	-0.0396067	-0.00557111	-0.0349498	-0.00581349	-0.0148209	-0.0215848
0.00731128	-0.0220342	0.157365	0.115629	-0.0289958	-0.00386325	-0.109289	-0.0134394	-0.0665601	-0.0361229
0.133857	-0.0836194	0.204179	0.0462053	-9.25084e-05	0.0182016	-0.08324	-0.0485037	-0.123486	-0.063501
0.181261	-0.158353	0.164631	-0.041842	0.0744405	0.066163	-0.00316925	-0.0901755	-0.121255	-0.071701
0.16022	-0.181881	0.130361	-0.0973451	0.160293	-0.121354	0.117159	-0.131917	-0.0137807	-0.0217551
0.150831	-0.172668	0.115509	-0.202968	0.16742	-0.237085	0.17633	-0.179249	0.142607	0.0392736
0.182032	-0.132177	0.134618	-0.326982	0.0990527	-0.237232	0.216352	-0.206175	0.215127	0.0553858
0.189294	-0.0385579	0.18009	-0.381128	-0.00306925	-0.230647	0.362429	-0.270976	0.100183	0.0923819
-0.018852	-0.0284037	0.226886	-0.343224	-0.0252623	-0.19819	0.328467	-0.233521	0.236583	0.0555156
-0.252799	0.128178	0.265014	-0.263348	0.0712409	-0.243535	0.146614	-0.149124	0.312657	-0.0148978
-0.439176	0.366147	0.201237	-0.229287	0.230442	-0.257813	0.0821717	-0.0218947	0.179299	-0.111126
-0.454858	0.339199	0.126273	-0.241786	0.383205	-0.216605	0.0685551	0.0620862	0.0037485	-0.0698185
-0.307942	-0.00329993	0.144397	-0.1781	0.384019	-0.12228	-0.0337775	0.0529777	-0.0542172	0.118223
-0.134565	-0.200984	0.127196	-0.018878	0.30667	-0.035093	-0.110126	0.00910923	-0.00746043	0.0641308
-0.0111848	-0.286501	0.0586793	0.108576	0.149048	0.027597	-0.019249	0.0479488	-0.101139	0.0262243
0.00688531	-0.238586	0.0335587	0.117437	0.0981375	0.033375	0.103355	0.0699616	-0.165805	-0.0583193
0.0282782	-0.171419	0.0122383	0.179092	0.00203983	0.0217286	0.130392	0.03266	-0.13741	-0.0975999
0.0531522	-0.122308	0.0499548	0.121464	-0.0193333	0.0471837	0.0817251	0.0206213	-0.120978	-0.111482
0.0772303	-0.0892697	0.0980828	0.174459	-0.0419572	0.0142288	0.0732055	-0.0167582	-0.133072	-0.156149
0.10439	-0.0658787	0.13314	0.172704	-0.0893136	-0.00206694	0.0697217	-0.0357775	-0.114673	-0.172246
0.0559491	-0.0539452	0.182867	0.0698143	-0.0702038	0.0333333	0.0280917	-0.0398329	-0.0536839	-0.15239
0.00765308	-0.0418677	0.280114	-0.0285897	-0.0587007	0.0232914	-0.0243123	-0.0198605	-0.0476537	-0.0900744
-0.0105922	-0.0282153	0.239028	-0.0264761	-0.0398063	-0.0233703	-0.0478074	-0.00139793	-0.0413504	-0.0200119
-0.00343245	-0.00494535	0.0565619	-0.00259523	-0.00723945	-0.00557921	-0.0235778	0.00213259	-0.00736119	-0.00396388
0.00165113	-0.000107829	0.00337506	-8.76943e-05	-0.00196449	-0.000596899	-0.0017852	-0.000163227	-0.000136081	-0.000184777
-4.73604e-06	-5.21533e-06	-3.28764e-06	-9.62053e-05	-0.000556803	-4.86627e-05	-2.12276e-06	0.000536966	-2.27604e-05	0.000202827
-1.06759e-05	1.82754e-05	-7.79501e-05	0.000203784	-2.14109e-06	-5.83583e-05	-4.23379e-06	-4.92381e-06	-4.63025e-05	-1.74737e-05
-0.00320653	-0.000523583	-0.00931461	0.0320061	-0.0034844	-0.00462157	-0.00147559	0.000749204	-0.00265038	-0.00747865
-0.0447482	-0.00694079	0.0619065	0.147672	-0.0422108	-0.00686083	-0.0388618	-0.00316995	-0.0311236	-0.0356627
-0.0179736	-0.0317309	0.199751	0.169624	-0.0580611	0.0228882	-0.112702	-0.0227651	-0.0874891	-0.0615408
0.101542	-0.104424	0.248009	0.136037	-0.0645275	0.0707338	-0.130998	-0.0743479	-0.083372	-0.0986527
0.155388	-0.196298	0.203469	0.03689	-0.0684524	0.228489	-0.059248	-0.150799	-0.0465222	-0.102917
0.147637	-0.186081	0.19573	-0.0716989	-0.0116151	0.0906223	0.072438	-0.177375	0.0527715	-0.112428
0.167905	-0.120915	0.135446	-0.161289	-0.0105544	-0.0380399	0.150532	-0.212012	0.174152	-0.0852249
0.197587	-0.0519469	0.146662	-0.281756	-0.0578489	-0.109822	0.213754	-0.241987	0.228608	-0.0432514
0.219417	-0.04082	0.216563	-0.352585	-0.155742	-0.145912	0.323524	-0.27129	0.208874	-0.0020298
0.0290325	0.0152464	0.229156	-0.353411	-0.114913	-0.139506	0.337508	-0.209294	0.2543	-0.0481195
-0.212426	0.139507	0.284217	-0.366504	0.0284296	-0.136868	0.285122	-0.117626	0.221059	-0.12491
-0.338449	0.238977	0.271332	-0.332853	0.1512	-0.0996193	0.137905	0.047762	0.0426928	-0.118947
-0.319013	0.171006	0.172048	-0.259222	0.22974	-0.0379583	0.0414675	0.0795544	-0.0796114	0.00198914
-0.164936	-0.0537747	0.0723399	-0.0638075	0.205823	-0.0252553	0.0173384	0.00221265	-0.0339005	0.0439601
-0.046376	-0.145302	0.109979	0.11824	0.122053	0.0266407	0.0558064	-0.089627	-0.0953599	-0.056054
0.000399157	-0.161731	0.110776	0.14856	-0.052676	0.0731562	0.12711	-0.0799768	-0.0831435	-0.0824737
0.0046309	-0.156446	0.0818112	0.182261	-0.0759716	0.0129133	0.177199	-0.0698342	-0.0521863	-0.104377
0.0150714	-0.124446	0.0627897	0.191463	-0.101365	0.0348368	0.123695	-0.0718843	-0.0737192	-0.0564406
0.00567371	-0.0880696	0.0755569	0.145741	-0.101289	0.0608603	0.105354	-0.0798348	-0.0669752	-0.0570171
0.0507219	-0.0715436	0.134223	0.214329	-0.113501	0.0283603	0.0858613	-0.114236	-0.0932406	-0.120975
0.0703466	-0.0712055	0.179534	0.171704	-0.139664	0.0357401	0.0377098	-0.0989707	-0.0407912	-0.144404
0.0201621	-0.0594598	0.302484	0.0362403	-0.0866337	0.0598103	-0.0167029	-0.0870457	-0.0393169	-0.129537
-0.0116649	-0.0344716	0.33058	-0.0541973	-0.054211	0.0499929	-0.0576981	-0.0546233	-0.0406495	-0.0730573
-0.00942331	-0.0116308	0.177446	-0.0221415	-0.0331881	-0.0122909	-0.0303544	-0.00766237	-0.0352047	-0.0155494
-0.00188011	-0.00120796	0.0234334	-0.00252747	-0.00215173	-0.00336863	-0.00976359	0.00184088	-0.003476	-0.000898723
-0.000907834	-3.77851e-06	0.00380993	-3.5958e-05	-1.51971e-05	-0.000835656	-0.00189519	-7.57085e-06	-5.29417e-05	-5.58103e-05
-1.03841e-09	7.283e-06	-5.2634e-06	-2.82951e-07	-2.96382e-09	-2.55949e-08	-5.20593e-08	-9.00548e-08	-1.50779e-06	-5.71074e-08
0.000794384	2.89079e-05	-0.000351455	6.61179e-05	-0.000394397	-8.82691e-05	-6.60787e-05	0.00145682	-0.000191618	-0.00125441
-0.00281716	-0.000785437	-0.00841314	0.0348207	-0.00331287	-0.00537654	-0.00143567	-0.000821671	-0.00440625	-0.00745194
-0.0432387	-0.00651262	0.0420466	0.169916	-0.0222894	-0.0122897	-0.0385481	-0.0108961	-0.0437921	-0.0343959
-0.0369	-0.0345282	0.175723	0.215121	-0.0675138	0.0216411	-0.0983905	-0.0277714	-0.0854562	-0.0619251
0.0627358	-0.114653	0.19064	0.198741	-0.0876808	0.108663	-0.14028	-0.0897999	-0.0370259	-0.091341
0.131142	-0.151569	0.20039	0.114154	-0.146401	0.238574	-0.110511	-0.158179	0.0176417	-0.135241
0.147424	-0.120508	0.215605	0.0480058	-0.178412	0.162741	9.19373e-05	-0.204686	0.0911891	-0.161451
0.155393	-0.0656207	0.169808	-0.0322277	-0.218685	0.172964	0.0852321	-0.218509	0.144386	-0.192741
0.217515	-0.00842438	0.173669	-0.116456	-0.263324	0.0823443	0.192783	-0.238062	0.17498	-0.215026
0.254196	-0.0252048	0.219562	-0.163279	-0.290265	0.0236634	0.309653	-0.236159	0.129399	-0.221565
0.159125	0.0115841	0.25541	-0.227083	-0.254151	0.0459769	0.398637	-0.186719	0.0421436	-0.244924
8.43882e-05	0.0572361	0.251198	-0.269891	-0.187646	0.0735343	0.342904	-0.0547039	0.0381994	-0.250915
-0.122276	0.132278	0.232757	-0.230242	-0.0565919	0.0590531	0.183992	0.0468263	-0.0845484	-0.161248
-0.12631	0.0372869	0.118262	-0.134947	0.0469016	0.0525275	0.123377	0.10167	-0.115981	-0.102786
-0.067807	-0.026618	0.0670616	-0.0116069	0.0144043	0.0260841	0.141126	-0.0281368	-0.0241896	-0.0903181
-0.0245497	-0.0077137	0.0608477	0.111396	-0.0368364	0.0327402	0.170136	-0.157185	-0.0476731	-0.101162
0.00389734	-0.0529511	0.0896475	0.186795	-0.103999	0.0377588	0.176418	-0.176818	-0.0342712	-0.126478
-0.00409931	-0.0707496	0.0942996	0.196263	-0.118439	0.0325611	0.170085	-0.180187	0.00138206	-0.121116
-0.0223728	-0.064041	0.0645314	0.177228	-0.13156	0.0246502	0.164563	-0.152251	-0.0160365	-0.0447125
0.00163836	-0.0607599	0.0992294	0.161278	-0.136712	0.0541016	0.117427	-0.187039	-0.0184494	-0.0307153
0.0315125	-0.0553113	0.165875	0.206078	-0.12603	0.0574811	0.0560839	-0.202704	-0.0326194	-0.100365
0.0285784	-0.0581773	0.234248	0.0970837	-0.145149	0.0723691	-0.00541638	-0.147171	0.028066	-0.104432
-0.0100567	-0.0458336	0.292013	0.000351099	-0.0871415	0.0871488	-0.0587843	-0.0966283	0.00226376	-0.0833322
-0.0166976	-0.0205297	0.241224	-0.050428	-0.0413896	0.0482644	-0.0541353	-0.0342368	-0.0307336	-0.0413377
-0.00964271	-0.0038531	0.121434	-0.0194192	-0.0147868	-0.00185384	-0.0319314	-0.00634747	-0.0256086	-0.00799131
-0.00167999	-0.000815522	0.0276082	-0.00355291	-0.000612278	-0.00376181	-0.0107562	-0.000969184	-0.00380277	-0.00165756
-0.000206265	5.28669e-06	0.00134594	-1.94356e-05	-8.37031e-08	-0.000253298	-0.000860261	-1.35895e-07	-1.16527e-05	-9.58661e-08
0.0	0.0	0.0	0.0	0.0	0.0	0.0	0.0	0.0	0.0
0.00199826	-2.23615e-05	-0.000789007	0.000169915	-2.91538e-05	-0.000137887	-0.000167344	-2.19709e-05	-0.000428287	-0.000572159
-0.00266669	-0.00171026	-0.00211126	0.0292635	-0.00203131	-0.0044642	-0.00130971	-0.00330074	-0.00587081	-0.00579854
-0.0383591	-0.00940789	0.0472407	0.165813	-0.0227488	-0.0115179	-0.0274597	-0.0212431	-0.0502013	-0.0321157
-0.0252149	-0.025326	0.153512	0.233769	-0.058992	-0.00801378	-0.0831869	-0.050665	-0.0815833	-0.054298
0.0390376	-0.0627312	0.175849	0.197689	-0.100254	0.087202	-0.141644	-0.0937943	-0.0338939	-0.0674609
0.0983407	-0.046318	0.194183	0.161788	-0.175413	0.176135	-0.163489	-0.166292	0.0559269	-0.134861
0.126869	-0.0299622	0.246345	0.114995	-0.253517	0.138767	-0.0754476	-0.207242	0.144785	-0.205592
0.142996	0.018795	0.202241	0.0991562	-0.319781	0.230898	-0.0073793	-0.207717	0.0740904	-0.233299
0.208675	0.0204797	0.202608	0.0676481	-0.338715	0.201746	0.112691	-0.225374	0.0429132	-0.292672
0.276555	0.0316358	0.170316	-0.0222089	-0.316779	0.112573	0.247841	-0.196049	0.0373822	-0.341266
0.25856	0.0263823	0.177391	-0.105263	-0.246124	0.140853	0.313283	-0.148307	-0.071667	-0.345108
0.145685	0.000235443	0.107717	-0.152737	-0.181156	0.0940346	0.356361	-0.0253479	-0.0347748	-0.310016
0.036905	-0.00544208	0.0559253	-0.0807773	-0.167372	0.0379627	0.326628	0.0409886	-0.0774627	-0.167355
-0.0109143	-0.0112634	0.0277771	0.00519965	-0.0840807	-0.0291419	0.324173	0.0530174	-0.0951221	-0.179644
-0.014526	-0.0213137	0.0315961	0.0318454	-0.0714172	-0.0121765	0.259139	-0.0772981	-0.00180084	-0.124048
-0.0335554	0.0646937	0.0336712	0.0967068	-0.0525783	0.0415963	0.212578	-0.179675	-0.0830242	-0.100413
-0.0151971	0.0730669	0.0388293	0.146643	-0.0652574	0.0737262	0.166509	-0.205025	-0.072915	-0.140379
-0.0685983	0.0274392	0.113153	0.176969	-0.0942915	0.0838449	0.182314	-0.240833	-0.0360235	-0.143973
-0.0545879	-0.0128392	0.162765	0.165941	-0.101481	0.0411743	0.104622	-0.220809	-0.0131456	-0.0716388
-0.0227263	-0.0357384	0.167748	0.188764	-0.0981417	0.038274	0.0446593	-0.238405	0.00535899	-0.0497924
-0.000392542	-0.048288	0.237598	0.103404	-0.0855761	0.085699	-0.0370331	-0.201052	0.028186	-0.0825457
-0.0126816	-0.0499084	0.266728	-0.00720598	-0.0934881	0.139745	-0.0805772	-0.146696	0.055363	-0.071279
-0.035836	-0.0355631	0.261735	-0.0394285	-0.065682	0.0772168	-0.0596804	-0.0778581	0.0143282	-0.0392317
-0.0198828	-0.0204915	0.17549	-0.0412091	-0.0275241	0.0239383	-0.0345932	-0.01893	-0.0310099	-0.00578785
-0.00695466	-0.00425755	0.0606722	-0.0113143	-0.0109671	0.00650233	-0.0142595	-0.00460079	-0.0165511	0.00173049
-0.000641754	0.000520072	0.00984642	-0.00174096	-0.00021972	-0.000406212	-0.00199534	-0.000603784	-0.00360235	-0.00115638
-2.05702e-05	1.24625e-05	-1.52431e-05	-3.68201e-05	-1.52762e-05	0.000294947	-3.70436e-06	-3.05619e-05	-0.00015544	-2.97938e-05
-2.11868e-08	3.16054e-05	-1.62244e-05	-3.01196e-06	-3.83679e-07	-1.63125e-07	-4.93956e-07	-1.5849e-06	-9.22752e-06	-4.9461e-07
-4.04112e-05	3.04032e-06	-3.11483e-06	0.000296862	-2.31619e-06	-6.50504e-05	-2.90761e-05	-2.57638e-05	-4.68983e-05	-8.72712e-05
-0.00404809	-0.00181814	0.00121422	0.0256736	-0.000556099	-0.00470551	-0.000769051	-0.00546963	-0.00463511	-0.00488621
-0.0276296	-0.00587325	0.0451888	0.122211	-0.0166519	-0.00830553	-0.0166131	-0.0243265	-0.0422782	-0.0257214
-0.0257966	0.00314123	0.0845783	0.192419	-0.0352914	-0.00539539	-0.0571908	-0.0468651	-0.0711437	-0.038455
0.013893	0.0483686	0.112044	0.19363	-0.0681552	-0.0056151	-0.114252	-0.0736631	-0.0449601	-0.0612898
0.0602032	0.0729974	0.135285	0.166327	-0.147211	0.0829443	-0.178286	-0.118584	0.050324	-0.124
0.101356	0.0734914	0.166557	0.110582	-0.21639	0.128037	-0.148516	-0.15452	0.114001	-0.174597
0.105028	0.0835362	0.174951	0.0915902	-0.238721	0.168217	-0.0869313	-0.152365	0.0468032	-0.192109
0.144091	0.0453495	0.172779	0.0379018	-0.255999	0.160365	-0.0011183	-0.166537	0.0669089	-0.203741
0.217227	0.0389557	0.101088	0.0234149	-0.226137	0.0970587	0.122318	-0.152092	0.00117536	-0.223009
0.250556	-0.0766176	0.0672398	-0.0300626	-0.140262	0.110347	0.234852	-0.103277	-0.0508148	-0.261962
0.157722	-0.130196	0.0400027	-0.0545619	-0.123905	0.0778127	0.328885	-0.0412938	-0.0385698	-0.215896
0.0645529	-0.129833	0.0196706	-0.0193115	-0.13138	0.0386607	0.365371	-0.0114887	-0.00923495	-0.187008
0.0233132	-0.0504448	-0.00383216	0.00111415	-0.0944818	0.0301654	0.339076	-0.0544483	-0.00678749	-0.183674
0.000309903	0.0178906	-0.0340266	0.0401003	-0.0357458	0.0427233	0.233561	-0.0955031	-0.0164305	-0.152879
-0.00496282	0.0787374	0.0146873	0.0760694	-0.0623215	0.0571387	0.167815	-0.127366	-0.0859624	-0.113835
-0.0597486	0.103544	0.0866024	0.0826952	-0.0246591	0.0798385	0.16102	-0.181237	-0.0754941	-0.172561
-0.0754549	0.0705193	0.152256	0.148204	-0.0396472	0.0393053	0.103314	-0.206579	-0.0334857	-0.158432
-0.0672166	0.0104248	0.204076	0.172519	-0.0185569	0.0348078	0.0130603	-0.219443	-0.0149298	-0.114742
-0.0400688	-0.0107122	0.170445	0.0917403	-0.0205357	0.0970707	-0.0499193	-0.208995	0.0270121	-0.0560363
-0.0440484	-0.0243239	0.224351	-0.0166122	-0.0277126	0.138358	-0.0727352	-0.168051	0.0273929	-0.0366189
-0.0427398	-0.0556838	0.243995	-0.0669923	-0.04231	0.120047	-0.0572063	-0.121013	0.0503067	-0.0284035
-0.0269862	-0.0366895	0.204316	-0.0629855	-0.0298071	0.0454912	-0.0326811	-0.0613995	0.0011794	-0.000437832
-0.0128774	-0.0100825	0.114893	-0.0346425	-0.0194226	0.0160763	-0.0182767	-0.0158556	-0.0332115	0.0133999
-0.00314318	-0.0021389	0.0370047	-0.00712903	-0.0104065	0.00980034	-0.0080553	-0.00499292	-0.0118939	0.000954717
0.00153178	-0.000552082	0.0040951	-0.000986011	-0.000270237	0.000112826	-0.000656549	-0.000451116	-0.00137135	-0.00145235
3.29746e-06	-4.46168e-11	-4.2542e-07	-2.10433e-07	-3.49959e-09	-1.2664e-06	-2.17304e-07	-7.42202e-09	-1.1555e-06	-1.13781e-08
-2.05247e-08	3.06177e-05	-1.57174e-05	-2.91784e-06	-3.71689e-07	-1.58027e-07	-4.7852e-07	-1.53537e-06	-8.93916e-06	-4.79154e-07
-6.01936e-07	9.63468e-06	-5.7101e-06	7.82618e-06	-1.52826e-07	-1.80086e-06	-1.57452e-07	-1.68636e-06	-3.98548e-06	-3.36581e-06
-0.00107028	-0.00150679	-0.00154387	0.0201379	-0.000296896	-0.0032655	-0.000205436	-0.00483396	-0.00328979	-0.00412543
-0.0169901	-0.00239593	0.0259687	0.0723468	-0.0112391	-0.00674077	-0.00661043	-0.0166649	-0.0241347	-0.0135396
-0.04198	0.0199518	0.0474674	0.141147	-0.0222027	0.00103812	-0.0278321	-0.0252506	-0.0662241	-0.0261147
-0.0155191	0.124591	0.0504785	0.171854	-0.0451313	-0.0394458	-0.0667698	-0.0216564	-0.0928803	-0.0655209
0.0321554	0.144869	0.0629623	0.183743	-0.0904756	-0.0397973	-0.128404	-0.0325973	-0.0283016	-0.104154
0.090698	0.11772	0.0865635	0.130664	-0.137937	-0.00184576	-0.166931	-0.0236541	0.0465178	-0.141796
0.112239	0.0834237	0.133763	0.0470299	-0.16307	0.0876862	-0.189324	-0.0402446	0.0415348	-0.113039
0.129681	0.0538837	0.143068	0.0399997	-0.165687	0.132742	-0.168785	-0.0874583	0.0233629	-0.100808
0.166469	-0.0470435	0.0946884	0.0643047	-0.119899	0.075825	-0.117996	-0.0809241	0.0497554	-0.08518
0.214819	-0.186764	0.0652725	0.0431904	-0.0810312	0.108321	-0.0845703	-0.0965107	0.0835394	-0.0662652
0.176655	-0.268779	0.00668729	-0.00781086	-0.0886708	0.161461	0.0144112	-0.0442099	0.121448	-0.0711907
0.197997	-0.218913	-0.0608651	-0.0201178	-0.0684136	0.165583	0.0405017	-0.0550348	0.144241	-0.124978
0.130081	-0.0750408	-0.0918389	-0.0163813	-0.0559224	0.115049	-0.00437404	-0.0441703	0.145934	-0.103336
0.0985012	0.0627023	-0.098618	0.000973166	-0.0151086	0.059372	-0.000195445	-0.0422794	0.0800344	-0.145382
0.0334095	0.116476	-0.04293	0.0378512	-0.0395833	0.0871157	-0.0115845	-0.0748625	0.0122393	-0.118131
-0.00669247	0.142064	0.0279323	0.0790495	0.0395715	0.0550752	-0.0494423	-0.117324	-0.00325186	-0.166982
-0.0601466	0.0944368	0.130265	0.105184	0.0540304	0.0522806	-0.0807792	-0.154906	0.0112296	-0.151595
-0.0819355	0.0157178	0.179806	0.0909871	0.0930878	0.0774624	-0.0862959	-0.161004	0.00105707	-0.128882
-0.0942861	-0.0184103	0.197234	0.0121201	0.0607101	0.0891504	-0.0730641	-0.17059	0.0205301	-0.0233944
-0.075518	-0.0432738	0.200637	-0.0726718	0.0445712	0.071155	-0.0558073	-0.137539	0.0450839	0.0233629
-0.0346185	-0.0483481	0.170266	-0.049697	-0.00176494	0.0451124	-0.0479876	-0.0835023	0.0227004	0.0278395
-0.00993859	-0.0243414	0.106915	-0.0328344	-0.0214898	0.0275779	-0.0293618	-0.0454065	-0.00442393	0.033304
-0.00506838	-0.00813005	0.0608132	-0.0204669	-0.0134028	0.0164165	-0.0123676	-0.0163554	-0.0180007	0.0165622
-0.000946075	-0.00145554	0.0185162	-0.00572725	-0.00564335	0.00971667	-0.00383141	-0.00795456	-0.00554845	0.00287375
0.000176942	0.000631435	-0.00185395	-0.000117896	0.000203768	0.00186786	-6.29859e-05	-6.08912e-05	-0.000401087	-0.000383191
6.08763e-06	-8.23694e-11	-7.85391e-07	-3.88492e-07	-6.46077e-09	-2.33797e-06	-4.01176e-07	-1.37022e-08	-2.13322e-06	-2.10057e-08
0.0	0.0	0.0	0.0	0.0	0.0	0.0	0.0	0.0	0.0
0.0	0.0	0.0	0.0	0.0	0.0	0.0	0.0	0.0	0.0
-0.000176327	-5.97003e-05	-8.4246e-05	0.00790079	-6.68584e-05	-0.000479461	-2.37123e-05	-0.00367076	-0.00121209	-0.00212764
-0.00517248	-0.00538193	-0.00216079	0.0441071	-0.00264958	0.000285325	-0.00155275	-0.00868741	-0.0135605	-0.00522705
-0.0256694	0.0183307	-0.00634237	0.102566	-0.00910565	0.00567706	-0.00695636	0.00961033	-0.0671132	-0.0209971
-0.0258249	0.104734	-0.0257953	0.150262	-0.0243408	-0.00936327	-0.0200053	0.0369835	-0.1482	-0.0384495
-0.00150566	0.1413	-0.0549733	0.19387	-0.0465338	-0.0330748	-0.0489706	0.0785008	-0.169084	-0.0595275
0.0480678	0.0970853	-0.0646384	0.192642	-0.069024	-0.0342908	-0.0979629	0.112438	-0.124584	-0.0597325
0.076743	0.0457656	-0.0463224	0.0967591	-0.0799208	0.0507853	-0.156802	0.0266367	-0.00135836	-0.0122857
0.111811	-0.00180366	-0.0108024	0.0968913	-0.079109	0.111762	-0.212271	0.00811822	0.00839948	-0.032996
0.161604	-0.0950609	-0.0279714	0.0853768	-0.0668368	0.149387	-0.260631	0.00922714	0.037343	0.00756171
0.220097	-0.180721	-0.0335091	0.0724748	-0.0362327	0.149481	-0.27129	-0.0346822	0.124229	-0.00984628
0.228135	-0.177534	-0.0717162	0.0171744	-0.0711673	0.137403	-0.229731	-0.00847462	0.207801	-0.03189
0.204867	-0.158397	-0.14142	0.0217574	-0.0562727	0.0805669	-0.186852	-0.00319573	0.319484	-0.0805381
0.164196	-0.0795095	-0.15723	-0.0239404	-0.0126071	0.0592173	-0.157631	0.0365359	0.288572	-0.117603
0.0864419	0.0775028	-0.133926	-0.019685	-0.0121308	0.0428747	-0.139108	0.0280258	0.214186	-0.144182
-0.0119298	0.122534	-0.0914878	-0.0178243	0.0240284	0.0589735	-0.145924	-0.0153578	0.173983	-0.0969952
-0.0501577	0.119922	-0.0522065	0.041657	0.0791364	0.0258186	-0.126969	-0.0382205	0.0990077	-0.097988
-0.114611	0.0336662	0.0473932	0.0549226	0.136911	-0.00127528	-0.0871971	-0.0855018	0.0927412	-0.0770483
-0.122194	-0.000506339	0.1002	-0.0190383	0.126141	0.0245001	-0.065466	-0.117572	0.083879	-0.00994406
-0.10593	-0.0231052	0.088914	-0.0482919	0.0964114	0.0341511	-0.0502254	-0.126337	0.0685692	0.0658442
-0.0586863	-0.0327443	0.0989999	-0.0526307	0.0480897	-0.00615543	-0.0405153	-0.112735	0.0398918	0.116485
-0.0253488	-0.0250457	0.077432	-0.0399758	-0.00381341	0.00212192	-0.0254475	-0.0662728	0.0186117	0.0877384
-0.00775763	-0.0178385	0.0392565	-0.0196686	-0.0132817	0.0179381	-0.0153762	-0.0409568	0.00734119	0.0503438
-0.0036746	-0.00528306	0.0272517	-0.00818994	-0.00666097	0.0131374	-0.0081331	-0.0152448	-0.00807724	0.0148747
-0.000441747	-0.000222087	0.0119868	-0.00354986	-0.000775361	0.00569515	-0.00181014	-0.00853961	-0.00266164	0.00031846
-5.45108e-06	0.00147609	-0.00142958	0.000285796	0.00019606	0.00100293	-3.7283e-05	-2.56767e-05	-0.00113616	-0.000326726
0.0	0.0	0.0	0.0	0.0	0.0	0.0	0.0	0.0	0.0
0.0	0.0	0.0	0.0	0.0	0.0	0.0	0.0	0.0	0.0
0.0	0.0	0.0	0.0	0.0	0.0	0.0	0.0	0.0	0.0
-0.000441477	-6.3881e-06	-0.000880813	0.00315128	-6.10091e-06	-0.000132439	-2.81872e-06	-0.000953988	-5.1477e-05	-0.000675773
-0.000884356	-0.00400325	-0.0100393	0.0209897	-0.000170823	0.00165983	-0.00014083	0.00439608	-0.00847483	-0.00333226
-0.0059103	-0.0034238	-0.024207	0.0515103	-0.00433723	-0.00369615	-0.00114716	0.0370304	-0.0450097	-0.000809379
-0.0156259	0.0228633	-0.0522167	0.0837603	-0.00944337	-0.00954324	-0.00531504	0.0855335	-0.105266	0.00525303
-0.0216581	0.0260464	-0.0988516	0.15125	-0.0232546	-0.0173057	-0.0142939	0.132073	-0.148577	0.0145715
-0.0432357	-0.021654	-0.136246	0.189491	-0.0343572	-0.00635418	-0.0309052	0.170178	-0.143089	0.0561718
-0.045869	-0.0721341	-0.141241	0.180827	-0.0442279	0.00775145	-0.0594954	0.167148	-0.0687401	0.07598
-0.0472596	-0.114376	-0.14967	0.19005	-0.0500163	0.0839179	-0.0888991	0.138342	-0.0255793	0.06349
-0.0357714	-0.168367	-0.159984	0.216316	-0.048863	0.0727711	-0.114766	0.148599	0.0218968	0.0681689
-0.0173538	-0.207742	-0.138965	0.203214	-0.0252688	0.0846903	-0.141353	0.136597	0.0926575	0.0135233
0.0213998	-0.2126	-0.103829	0.156214	-0.0830944	0.133884	-0.145883	0.148548	0.116389	-0.0310279
0.0247119	-0.198439	-0.0956276	0.152005	-0.102533	0.151922	-0.15952	0.173625	0.130507	-0.0766511
-0.0102286	-0.15697	-0.0712345	0.11222	-0.0590545	0.14548	-0.146342	0.147164	0.146125	-0.107159
-0.0595186	-0.101981	-0.0870363	0.0640797	-0.0477837	0.0921196	-0.128151	0.127449	0.182856	-0.042033
-0.0918613	-0.0785948	-0.0779882	0.0513173	-0.0290721	0.0469568	-0.103776	0.0928132	0.166715	0.0234909
-0.0966969	-0.0278136	-0.0430346	0.00587605	-0.022553	0.0313845	-0.0768558	0.0574733	0.0681499	0.10407
-0.0998527	-0.00784266	-0.0226859	-0.065245	0.0257876	0.0173191	-0.0547994	-0.00523698	0.103616	0.10894
-0.0813152	-0.00122955	-0.0420995	-0.0676132	0.0422768	-0.00421322	-0.0425408	-0.0352598	0.10126	0.130734
-0.0593914	-0.00855771	-0.0364766	-0.0429931	0.0265909	-0.0133136	-0.0278088	-0.0660544	0.0348809	0.193124
-0.0427255	-0.00427	-0.0134435	-0.0273487	0.00419105	-0.00738979	-0.0209366	-0.0649193	0.00336202	0.17348
-0.0185772	-0.00593434	-0.00939589	-0.0158809	-0.00340473	0.0177811	-0.0116818	-0.0469064	-0.00737992	0.10138
-0.00581384	-0.00357399	-0.00219556	-0.00588855	-0.00740734	0.0150964	-0.00516748	-0.0365878	-0.00428604	0.0558242
-0.000906475	-0.000656959	0.0205218	-0.00347952	-0.00603854	0.009162	-0.00159419	-0.0150893	-0.00497914	0.00306032
-1.79367e-05	0.000559251	0.0121908	-0.000824615	0.000294205	-0.000702928	-0.000168071	-0.0075567	-0.0014815	-0.00229249
-2.88099e-07	0.000110526	0.00162576	-4.72409e-06	-1.98718e-05	-1.1671e-05	-8.3291e-06	-1.35908e-06	-0.000225209	-0.00146483
0.0	0.0	0.0	0.0	0.0	0.0	0.0	0.0	0.0	0.0
0.0	0.0	0.0	0.0	0.0	0.0	0.0	0.0	0.0	0.0
0.0	0.0	0.0	0.0	0.0	0.0	0.0	0.0	0.0	0.0
-4.63382e-06	-1.02579e-07	-5.83675e-06	0.000281726	-6.78412e-06	-2.51731e-06	-1.60339e-07	-0.000541694	-3.22614e-05	0.000312264
-8.37836e-05	-0.000238139	-0.00281957	0.000108585	-5.79287e-05	0.00176794	-3.25874e-05	0.00459658	-0.00139216	-0.00184894
-0.00147629	-0.0046182	-0.0105864	0.00572691	-0.00112122	0.0012663	-0.000528331	0.028157	-0.018773	0.00195318
-0.00493975	-0.0117484	-0.0224037	0.0188115	-0.00876441	-0.00885305	-0.00137116	0.0456371	-0.0408144	0.0344462
-0.0167941	-0.0203839	-0.0368491	0.0401043	-0.0269066	-0.0107889	-0.00401609	0.0762229	-0.0537396	0.0531511
-0.0345853	-0.0404991	-0.0629814	0.0665529	-0.0557678	-0.00625756	-0.00756544	0.130023	-0.0740496	0.0851302
-0.0562041	-0.05504	-0.0944295	0.108177	-0.0893628	-0.00506653	-0.0176055	0.19565	-0.103824	0.117705
-0.0804531	-0.079138	-0.0990132	0.136958	-0.1081	0.0252022	-0.027111	0.2159	-0.119498	0.135253
-0.102523	-0.112321	-0.0935541	0.167927	-0.121678	0.0310134	-0.0322484	0.202455	-0.0894921	0.150422
-0.107324	-0.108793	-0.0899679	0.190629	-0.170266	0.0556472	-0.0343427	0.236331	-0.0786136	0.1067
-0.125333	-0.100312	-0.0828736	0.187696	-0.207535	0.0783607	-0.0401933	0.24461	-0.0896594	0.135239
-0.120063	-0.116833	-0.0709658	0.150592	-0.191914	0.0906357	-0.0462092	0.250989	-0.0645261	0.118295
-0.106655	-0.112691	-0.0531126	0.0951589	-0.171627	0.0542166	-0.0410968	0.231969	0.002864	0.100975
-0.106248	-0.0985528	-0.0398568	0.0349968	-0.185166	0.0488168	-0.0385838	0.214608	0.0588562	0.111129
-0.0875429	-0.0696294	-0.0424639	0.0102606	-0.203172	0.0324577	-0.0350987	0.171399	0.0474385	0.17635
-0.0787951	-0.0379534	-0.0405215	-0.0203856	-0.198534	0.0225046	-0.0265995	0.129111	0.033661	0.217512
-0.0589894	-0.0161916	-0.0506653	-0.0325837	-0.142013	-0.000535971	-0.0221833	0.0775871	0.0186255	0.226949
-0.0345648	-0.0106588	-0.0540597	-0.0140033	-0.11507	-0.0015097	-0.0156622	0.00662023	0.00437093	0.234538
-0.0280031	-0.00608275	-0.037487	-0.017561	-0.0674902	-0.0011075	-0.00917674	-0.0302789	-0.00369455	0.200882
-0.0217943	-0.00258806	-0.029823	-0.0203143	-0.0428691	0.0153837	-0.00606086	-0.0254937	-0.0108001	0.14436
-0.00983544	-0.00158641	-0.0202504	-0.00838413	-0.0212029	0.0239295	-0.00331234	-0.0130077	-0.00786128	0.0615111
-0.00261482	-0.000490489	-0.0122125	-0.00168777	-0.0125802	0.0166081	-0.00126065	-0.0111977	-0.00225441	0.0276905
-0.000510052	-9.36054e-06	-0.00222438	-0.000100398	-0.00545202	0.00890172	-0.00033687	-0.000968032	-0.000654168	0.00135356
-2.93121e-07	-1.33372e-06	0.00144229	-9.69738e-05	-0.000331802	-1.83006e-06	-5.0341e-06	-0.000323869	-0.000348187	-0.000332965
-2.43722e-07	-1.58722e-06	0.00172701	-9.45858e-07	-2.0958e-05	-9.1477e-07	-4.6612e-06	-1.16196e-06	-0.000142854	-0.00155368
0.0	0.0	0.0	0.0	0.0	0.0	0.0	0.0	0.0	0.0
0.0	0.0	0.0	0.0	0.0	0.0	0.0	0.0	0.0	0.0
0.0	0.0	0.0	0.0	0.0	0.0	0.0	0.0	0.0	0.0
0.0	0.0	0.0	0.0	0.0	0.0	0.0	0.0	0.0	0.0
0.0	0.0	0.0	0.0	0.0	0.0	0.0	0.0	0.0	0.0
-0.00012349	-0.000277903	-0.000379058	-0.000103575	-0.000161886	-0.00134393	-3.27002e-05	-0.00151346	-0.00324042	0.00717643
-0.00115381	-0.0013954	-0.00136029	0.00145584	-0.00144929	-0.00286542	-0.00024312	-0.0015423	-0.00828966	0.0168434
-0.00515801	-0.00256354	-0.00386668	0.00213295	-0.0110555	-0.00541137	-0.00102758	0.00811109	-0.0154096	0.0342483
-0.0110292	-0.00366582	-0.00696798	0.00546531	-0.023925	-0.0114043	-0.00184091	0.0327831	-0.0132447	0.0338295
-0.0185795	-0.00628418	-0.00968885	0.00211236	-0.0477292	-0.0176089	-0.00386016	0.0676069	-0.0140798	0.0481114
-0.0274857	-0.0112833	-0.0101744	0.00051916	-0.0743842	-0.0208246	-0.00537702	0.0978184	-0.0239679	0.0751594
-0.0278236	-0.0157682	-0.0106213	-0.000195083	-0.0780722	-0.0151196	-0.00599746	0.102713	-0.0357623	0.0866472
-0.0252919	-0.0150237	-0.0114237	-0.00121501	-0.0993178	0.00371846	-0.00652047	0.125011	-0.0327825	0.0628458
-0.0222236	-0.0186478	-0.0100707	-0.00977222	-0.119909	0.0105236	-0.00747878	0.108323	-0.0377834	0.107039
-0.0296338	-0.0309748	-0.0123496	-0.0166299	-0.125041	0.00180583	-0.00826888	0.147148	-0.0432791	0.117222
-0.0362572	-0.0276918	-0.0101281	-0.0239841	-0.136336	-0.0106861	-0.00715757	0.16141	-0.0400763	0.130907
-0.0321317	-0.0176231	-0.0101548	-0.0220936	-0.132915	-0.00302474	-0.00678148	0.157545	-0.0355805	0.10276
-0.0244345	-0.00991706	-0.0109153	-0.0113107	-0.122765	-0.0100383	-0.0063054	0.119869	-0.0276233	0.103441
-0.0228143	-0.00521508	-0.0121123	-0.00963761	-0.103728	-0.0137323	-0.00594325	0.101745	-0.0194514	0.0908897
-0.015841	-0.00432652	-0.0105286	-0.00914592	-0.0883688	-0.0145249	-0.00516896	0.0735148	-0.0136767	0.0880665
-0.00607154	-0.00234994	-0.00755395	-0.00832795	-0.0720783	-0.00372543	-0.00346584	0.0300009	-0.0114318	0.0850039
-0.00761528	-0.00133201	-0.00542827	-0.00703585	-0.0356107	0.00632151	-0.00232631	-0.00274885	-0.00664825	0.062424
-0.00820309	-0.000661446	-0.00319381	-0.00364147	-0.0148238	0.00783814	-0.00147224	-0.000943314	-0.00350255	0.0286035
-0.00520165	-0.000134194	-0.000712186	-0.000191854	-0.00588012	0.00402644	-0.00031678	0.00585549	-0.000815118	0.00336997
-0.00051373	-6.20354e-06	-2.94854e-05	-7.45425e-05	-0.000439214	7.06926e-05	-4.67064e-05	-0.00130887	-7.91234e-05	0.00242718
-1.20335e-06	-1.38991e-09	-1.86902e-07	-1.19371e-06	-0.00012101	-2.95321e-06	-4.9556e-07	-7.03645e-06	-4.27383e-06	0.000138354
-4.99998e-08	-7.80395e-09	-2.35229e-07	-7.17239e-08	-2.76434e-08	-1.38195e-08	-6.30267e-10	1.22609e-06	-1.84959e-07	-6.34123e-07
0.0	0.0	0.0	0.0	0.0	0.0	0.0	0.0	0.0	0.0
0.0	0.0	0.0	0.0	0.0	0.0	0.0	0.0	0.0	0.0
0.0	0.0	0.0	0.0	0.0	0.0	0.0	0.0	0.0	0.0
0.0	0.0	0.0	0.0	0.0	0.0	0.0	0.0	0.0	0.0
0.0	0.0	0.0	0.0	0.0	0.0	0.0	0.0	0.0	0.0
0.0	0.0	0.0	0.0	0.0	0.0	0.0	0.0	0.0	0.0
-1.68658e-06	-3.15978e-06	-1.90085e-06	-3.69436e-07	-1.16067e-06	-5.47882e-07	-7.31624e-08	4.62361e-05	-2.39084e-05	-1.34294e-05
-2.93537e-05	-8.27162e-06	-5.47855e-06	-1.65095e-06	-4.61672e-06	-8.99737e-06	-8.10323e-07	0.000177894	-6.53795e-05	-5.33353e-05
-3.44322e-05	-7.29438e-06	-7.03197e-06	-5.44301e-06	-0.00068136	-1.23256e-05	-1.78553e-06	0.000171031	-6.85174e-05	0.000647159
-0.000112714	-2.15236e-05	-2.11734e-05	-2.70727e-05	-0.00404073	-0.0002189	-3.45815e-05	0.000898572	-9.44486e-05	0.00367257
-0.0003449	-4.48908e-05	-3.87731e-05	-6.47183e-05	-0.00482712	-0.00051513	-6.69237e-05	0.00424161	-0.000174978	0.00183581
-0.000644961	-2.27231e-05	-3.42335e-05	-0.000148047	-0.00295296	-0.000300839	-2.51969e-05	0.00402317	-0.00025387	0.000359661
-0.000480451	-0.000565073	-0.000130032	-0.000530288	-0.00405854	0.00113945	-3.84938e-05	0.00752708	-0.00146773	-0.00139592
-0.000789137	-0.000191722	-0.000129044	-0.000463569	-0.00463778	0.00294124	-5.07198e-05	0.0046615	-0.000864361	-0.000476395
-0.00251404	-0.00035472	-0.00020328	-0.00105743	-0.00963654	0.00226865	-0.000354988	0.0128881	-0.00223803	0.00120223
-0.00375303	-0.000411957	-0.000265311	-0.00157625	-0.00793993	-0.00101192	-0.000356974	0.0273483	-0.00208284	-0.00995008
-0.00520913	-0.000503246	-0.000319401	-0.00239185	-0.0180573	-0.00446537	-0.000645451	0.0352626	-0.00280561	-0.000865229
-0.00521149	-0.000367039	-0.000596959	-0.00222339	-0.0109545	-0.0037011	-0.000715312	0.036025	-0.00279045	-0.00946474
-0.00326067	-0.000235249	-0.00048759	-0.00243321	-0.00937424	-0.00248158	-0.000525899	0.0312298	-0.00156945	-0.010862
-0.00323646	-0.000453165	-0.000341726	-0.00223322	-0.0074773	-0.002329	-0.000469362	0.0326417	-0.00133659	-0.0147649
-0.00321697	-0.00103001	-0.000326144	-0.00172038	-0.00722345	-0.0020724	-0.000296963	0.0342108	-0.00144276	-0.0168817
-0.0016685	-7.50927e-05	-0.000317139	-0.00112478	-0.00413432	-0.00138953	-0.000190812	0.0188346	-0.00084142	-0.00909302
-0.00255907	-6.23206e-05	-0.000567438	-0.000478058	-0.00195745	-0.000657206	-0.000173669	0.00589656	-0.000534163	0.00109282
-0.00215474	-2.31972e-05	-0.000231547	-0.000196046	-0.000668413	-0.000251429	-6.58766e-05	0.00147332	-0.00025109	0.00236902
-0.005331	-4.67958e-05	-0.000374243	-0.000140631	-0.000723603	-0.00042462	-0.000163975	0.00522845	-0.000229129	0.00220555
-0.00121406	-2.2916e-06	-1.01705e-05	-1.37036e-05	-0.000101701	-7.44673e-05	-1.062e-05	0.00159812	-3.50643e-05	-0.000136043
0.0	0.0	0.0	0.0	0.0	0.0	0.0	0.0	0.0	0.0
0.0	0.0	0.0	0.0	0.0	0.0	0.0	0.0	0.0	0.0
0.0	0.0	0.0	0.0	0.0	0.0	0.0	0.0	0.0	0.0
0.0	0.0	0.0	0.0	0.0	0.0	0.0	0.0	0.0	0.0
