0.0	0.0	0.0	0.0	0.0	0.0	0.0	0.0	0.0	0.0
0.0	0.0	0.0	0.0	0.0	0.0	0.0	0.0	0.0	0.0
0.0	0.0	0.0	0.0	0.0	0.0	0.0	0.0	0.0	0.0
0.0	0.0	0.0	0.0	0.0	0.0	0.0	0.0	0.0	0.0
0.0	0.0	0.0	0.0	0.0	0.0	0.0	0.0	0.0	0.0
0.0	0.0	0.0	0.0	0.0	0.0	0.0	0.0	0.0	0.0
0.0	0.0	0.0	0.0	0.0	0.0	0.0	0.0	0.0	0.0
0.0	0.0	0.0	0.0	0.0	0.0	0.0	0.0	0.0	0.0
0.0	0.0	0.0	0.0	0.0	0.0	0.0	0.0	0.0	0.0
0.0	0.0	0.0	0.0	0.0	0.0	0.0	0.0	0.0	0.0
0.0	0.0	0.0	0.0	0.0	0.0	0.0	0.0	0.0	0.0
0.0	0.0	0.0	0.0	0.0	0.0	0.0	0.0	0.0	0.0
-3.60085e-06	-6.31804e-06	-0.000616544	-5.64415e-05	-0.00388781	-8.11397e-05	0.00541485	-6.73888e-06	-0.000137094	-0.000619162
-2.1218e-05	-1.50009e-05	-0.000986715	-0.000137769	-0.00865064	-0.000178346	0.0117227	-1.93518e-05	-0.000309768	-0.00140392
-1.48375e-05	-1.29822e-06	0.000404289	-1.57817e-05	-0.000153209	-7.54228e-07	-0.000149028	-5.1145e-06	-1.066e-05	-5.36059e-05
-6.18229e-07	-5.40924e-08	1.68454e-05	-6.57571e-07	-6.38371e-06	-3.14262e-08	-6.20949e-06	-2.13104e-07	-4.44168e-07	-2.23358e-06
0.0	0.0	0.0	0.0	0.0	0.0	0.0	0.0	0.0	0.0
0.0	0.0	0.0	0.0	0.0	0.0	0.0	0.0	0.0	0.0
0.0	0.0	0.0	0.0	0.0	0.0	0.0	0.0	0.0	0.0
0.0	0.0	0.0	0.0	0.0	0.0	0.0	0.0	0.0	0.0
0.0	0.0	0.0	0.0	0.0	0.0	0.0	0.0	0.0	0.0
0.0	0.0	0.0	0.0	0.0	0.0	0.0	0.0	0.0	0.0
0.0	0.0	0.0	0.0	0.0	0.0	0.0	0.0	0.0	0.0
0.0	0.0	0.0	0.0	0.0	0.0	0.0	0.0	0.0	0.0
0.0	0.0	0.0	0.0	0.0	0.0	0.0	0.0	0.0	0.0
0.0	0.0	0.0	0.0	0.0	0.0	0.0	0.0	0.0	0.0
0.0	0.0	0.0	0.0	0.0	0.0	0.0	0.0	0.0	0.0
0.0	0.0	0.0	0.0	0.0	0.0	0.0	0.0	0.0	0.0
0.0	0.0	0.0	0.0	0.0	0.0	0.0	0.0	0.0	0.0
0.0	0.0	0.0	0.0	0.0	0.0	0.0	0.0	0.0	0.0
0.0	0.0	0.0	0.0	0.0	0.0	0.0	0.0	0.0	0.0
0.0	0.0	0.0	0.0	0.0	0.0	0.0	0.0	0.0	0.0
-5.07449e-09	-3.2346e-08	-1.04989e-05	-9.34948e-09	-4.69067e-05	-1.00453e-07	5.96853e-05	-7.62382e-08	-6.76649e-07	-1.37962e-06
-1.11335e-07	-9.54484e-08	-3.31985e-05	-4.16148e-08	-0.000386353	-3.02836e-07	0.000427659	-7.56647e-07	-2.01218e-06	-4.78716e-06
-1.97148e-05	-1.07664e-07	-0.000411593	-7.11587e-06	-0.0329263	-1.71029e-05	0.0335977	-5.69151e-05	-5.15919e-06	-0.00015371
-4.0488e-05	-6.34266e-05	-0.00100452	-1.68611e-05	-0.074908	-3.19311e-05	0.0768927	-0.000399109	-5.68781e-05	-0.00037146
-5.95726e-05	-0.00304501	-0.00291478	-0.000162023	-0.0745213	-9.59734e-05	0.0845666	-0.0022033	-0.000811959	-0.000752702
-0.000180284	-0.00250092	-0.0046894	-0.000178828	-0.0309311	-0.000160935	0.0412587	-0.00120612	-0.000855486	-0.000555649
-0.00223303	-0.00153785	-0.00641683	-0.000188544	-0.0440862	-0.00067744	0.0588232	-0.000814622	-0.000824544	-0.00204412
0.0194414	-0.000725713	-0.021299	-0.000338826	-0.0740461	-0.000815561	0.0938575	-0.00598546	-0.00139442	-0.00869385
0.0417175	-0.000665974	-0.0251241	-0.00111545	-0.13903	-0.00604872	0.16326	-0.0161368	-0.00136224	-0.0154947
0.017481	-0.000478693	-0.017356	-0.000720293	-0.0696792	-0.00565455	0.0892389	-0.00430026	-0.00173156	-0.0067993
-0.000980843	0.0177319	0.000342696	-0.00529187	-0.0207995	-0.00258779	0.0173685	-0.000340501	-0.00312742	-0.00231517
0.0148928	0.0268444	0.0238244	-0.00691629	-0.0863067	-0.00309623	0.0425724	-0.000821335	-0.00248281	-0.00851059
0.0431855	-0.00644828	0.063828	-0.00214042	-0.0903792	-0.00317336	0.0194541	-0.00167083	-0.00314302	-0.0195123
0.0200985	-0.00373342	0.0109718	-0.000778853	-0.0361803	-0.00209831	0.0269743	-0.000763056	-0.00282312	-0.0116675
-0.00130841	-0.000260988	-0.0175513	-0.000188144	-0.0149046	-0.00287497	0.0407271	-0.000146119	-0.00155913	-0.00193344
-0.000679007	-7.31074e-05	-0.0135013	-0.000119824	-0.0264873	-0.00265775	0.0463321	-0.000195823	-0.00119254	-0.00142545
-0.000305297	-9.5745e-05	-0.00606493	-0.000118104	-0.0213449	-0.00132179	0.0312591	-9.63223e-05	-0.000713707	-0.00119838
-0.000125609	-0.000227397	-0.0033068	-6.34161e-05	-0.0207496	-0.000254709	0.0259627	-8.79446e-06	-0.000812678	-0.000413744
-1.68153e-05	-1.96937e-05	-0.000367616	-5.1394e-06	-0.0280164	-1.3382e-05	0.0288071	-2.04466e-05	-0.000118203	-0.000229445
-2.29596e-06	-1.46386e-06	-0.000164695	-6.90689e-07	-0.0101868	-1.25409e-05	0.0105669	-2.82112e-05	-5.09516e-05	-0.000119206
0.0	0.0	0.0	0.0	0.0	0.0	0.0	0.0	0.0	0.0
0.0	0.0	0.0	0.0	0.0	0.0	0.0	0.0	0.0	0.0
0.0	0.0	0.0	0.0	0.0	0.0	0.0	0.0	0.0	0.0
0.0	0.0	0.0	0.0	0.0	0.0	0.0	0.0	0.0	0.0
0.0	0.0	0.0	0.0	0.0	0.0	0.0	0.0	0.0	0.0
0.0	0.0	0.0	0.0	0.0	0.0	0.0	0.0	0.0	0.0
-3.78895e-08	-6.01724e-10	-5.58087e-07	-2.31172e-09	-5.32637e-06	-8.75543e-07	8.38721e-06	-8.40243e-12	-1.18682e-06	-3.99608e-07
0.00270251	-4.54513e-10	-2.26012e-05	-8.1719e-07	-0.00249429	-8.57252e-05	0.000264954	-0.000164965	-8.29966e-06	-0.000190763
0.00101526	-1.85786e-06	-0.000695384	-1.1266e-06	-0.00117651	-1.33043e-05	0.00103803	-5.82833e-05	-3.14231e-05	-7.54024e-05
-0.000353397	-8.0752e-06	5.28739e-05	-0.000265639	-0.00103841	-5.33091e-06	0.00165134	-2.98849e-06	-2.13157e-05	-9.05512e-06
-0.0170493	-4.60497e-05	-0.00108439	-0.00146589	-0.0347096	-5.08012e-05	0.0551701	-0.000424625	-0.000162479	-0.000176948
-0.0204917	-0.00172746	-0.00526219	-0.00280352	-0.111188	-0.00087234	0.145597	-0.00161726	-0.00082225	-0.000812166
-0.0172453	-0.0269312	0.0193363	-0.00993084	-0.141726	-0.00349206	0.18815	-0.00391957	-0.00263928	-0.00160217
-0.0217009	-0.052485	0.0906345	-0.0171699	-0.120904	-0.0130361	0.153208	-0.00546066	-0.00963945	-0.00344683
-0.0201532	-0.038774	0.0589897	-0.00802356	-0.221073	-0.0382368	0.310772	-0.0121818	-0.0189491	-0.0123683
-0.0353969	-0.046027	0.0991647	0.0241562	-0.238768	-0.0749692	0.354798	-0.0278703	-0.0341482	-0.0209388
-0.0397301	0.0105513	0.0493804	0.0361778	-0.32255	-0.0829711	0.451085	-0.0276838	-0.0417777	-0.0324811
-0.059134	0.123709	0.00163015	0.00181249	-0.240053	-0.0921083	0.36505	-0.0133314	-0.056043	-0.0315292
-0.0986434	0.119462	0.052576	-0.00380801	-0.152209	-0.10262	0.284823	-0.0166601	-0.0543484	-0.0285697
-0.113961	0.237701	0.117289	-0.0461297	-0.206309	-0.0710652	0.195347	-0.0203058	-0.0603812	-0.0321822
-0.0898646	0.153519	0.116772	-0.0404703	-0.238285	-0.00997363	0.225558	-0.0109902	-0.0663094	-0.0399541
-0.0776941	0.0366202	0.0213889	-0.0375628	-0.11474	0.0443347	0.209349	-0.00731595	-0.0473664	-0.027013
-0.0526975	-0.00821385	-0.0157194	-0.054258	-0.0918573	0.047059	0.206922	-0.00395817	-0.00880009	-0.0184763
-0.0388996	0.0215128	-0.0792935	-0.0271407	-0.061116	0.00424377	0.233593	-0.00217598	-0.0374834	-0.0132397
-0.026671	-0.00680114	-0.0322666	-0.00923058	-0.0459607	-0.0505053	0.19203	-0.0010998	-0.0140732	-0.00542135
-0.0137467	-0.00867409	-0.0323293	-0.00965191	-0.0402715	-0.055587	0.1817	-0.000816637	-0.0133853	-0.00723732
-0.00712515	-0.00334677	-0.0344362	-0.00701316	-0.0409047	-0.0302316	0.136405	-0.00058023	-0.00933368	-0.0034336
-0.00353085	-0.00174914	-0.0077007	-0.00191072	-0.0258081	-0.022962	0.0676606	-7.24457e-05	-0.00357514	-0.000351477
-0.000582956	-0.000540864	0.0322582	-0.000180744	-0.0029957	-0.00931865	-0.0167658	-2.98287e-05	-0.00180855	-3.5108e-05
-8.83071e-06	-2.48113e-05	0.0228567	-9.72855e-07	-0.000444694	-0.000922552	-0.0207883	-2.68274e-08	-0.00066496	-1.55162e-06
0.0	0.0	0.0	0.0	0.0	0.0	0.0	0.0	0.0	0.0
0.0	0.0	0.0	0.0	0.0	0.0	0.0	0.0	0.0	0.0
0.0	0.0	0.0	0.0	0.0	0.0	0.0	0.0	0.0	0.0
0.0	0.0	0.0	0.0	0.0	0.0	0.0	0.0	0.0	0.0
-8.47959e-08	0.000648726	-9.30288e-05	-3.49032e-05	-1.17546e-05	-7.39776e-06	-0.000359652	-9.99119e-09	-0.000140894	-1.0014e-06
0.00627263	0.000154337	-0.000186502	-2.94874e-05	-0.00815753	0.000144082	0.00334318	-0.000484001	-0.000409083	-0.00064762
-0.00712473	-7.14948e-05	-0.00339884	-0.00327394	-0.003577	0.0114828	0.00735394	-0.000920415	-0.000215652	-0.000254659
-0.0545582	-0.00306477	-0.00222589	0.0876194	-0.00556798	-0.0394973	0.0236552	-0.00177284	-0.00372931	-0.000858301
-0.074122	-0.00253763	0.000966326	0.0680003	-0.0624855	-0.0262041	0.10783	-0.00262395	-0.00749675	-0.00132634
-0.0824331	-0.0202297	0.0460227	0.102494	-0.113847	-0.0406647	0.146121	-0.01214	-0.022067	-0.00325483
-0.0185705	-0.0622845	0.138566	0.119126	-0.225824	-0.051707	0.174976	-0.0363481	-0.0278041	-0.0101282
-0.0510499	-0.0937519	0.363529	0.0581857	-0.307361	-0.0820651	0.208236	-0.0458644	-0.025467	-0.024389
-0.0323535	-0.155228	0.324045	0.155369	-0.322317	-0.0646303	0.264692	-0.0837222	-0.0409724	-0.0448785
0.0156749	-0.249386	0.380009	0.349572	-0.380874	-0.126625	0.300415	-0.128285	-0.0922623	-0.068237
-0.000189461	-0.119008	0.356574	0.419035	-0.551508	-0.068768	0.255989	-0.0988831	-0.102123	-0.0911166
0.112461	-0.0588339	0.44429	0.270692	-0.649134	-0.0908889	0.290799	-0.0937407	-0.0966267	-0.129017
0.100504	-0.0922479	0.278545	0.468262	-0.48416	-0.0607615	0.233553	-0.0938135	-0.19249	-0.157391
0.0508348	0.0541312	0.217896	0.373392	-0.460697	0.0409109	0.17232	-0.0891528	-0.175126	-0.18451
0.0518636	0.111376	0.302039	0.25953	-0.39442	-0.0339693	0.0549448	-0.0704239	-0.12466	-0.156279
-0.0336824	-0.0690799	0.188677	0.219559	-0.26038	0.0806638	0.0550433	-0.0504623	-0.0297718	-0.100566
-0.162659	-0.182189	-0.0982285	0.264899	-0.192297	0.205491	0.193374	-0.0425536	0.0488502	-0.0346851
-0.184624	-0.130995	-0.14678	0.242582	-0.0433808	0.190541	0.235319	-0.024448	-0.0969267	-0.0412858
-0.121104	-0.152757	-0.211204	0.25316	0.0153393	0.239391	0.0945705	-0.0217204	-0.0609436	-0.0347303
-0.127772	-0.129743	-0.16082	-0.0426243	0.0157223	0.227186	0.211633	-0.0116933	0.0373105	-0.0191977
-0.0943188	-0.0943224	-0.145299	-0.112199	0.020519	0.113145	0.25766	-0.00342969	0.0639346	-0.00568918
-0.047413	-0.065785	-0.115612	-0.0653971	0.01819	-0.0356949	0.249646	-0.00117106	0.0655427	-0.00230618
-0.0201187	-0.0538946	-0.013262	-0.0201885	-0.00950156	-0.0262189	0.133991	-0.000456956	0.0102151	-0.000564648
-0.00396419	-0.0151909	0.0179322	-0.000351721	-0.000503179	0.0413869	-0.0414831	-5.2864e-06	0.00221544	-3.61248e-05
-0.00128272	-0.0201387	-0.000413853	-2.10053e-05	-0.000180458	0.00786829	0.0165159	-1.66741e-07	-0.00234444	-2.854e-06
0.0	0.0	0.0	0.0	0.0	0.0	0.0	0.0	0.0	0.0
0.0	0.0	0.0	0.0	0.0	0.0	0.0	0.0	0.0	0.0
-2.39301e-08	-1.91135e-08	-1.70264e-05	2.72432e-05	-1.5235e-07	-9.00191e-06	-2.48428e-08	-1.39675e-08	-9.67616e-07	-1.32544e-08
-3.12882e-05	0.00222003	-0.000818222	0.00116035	-3.86347e-06	-0.00107947	-0.0013163	-5.97784e-08	-0.000129207	-1.97801e-06
-0.000394465	0.000241685	-0.00615744	0.0164287	-0.00115765	-0.0059016	-0.00248073	0.000424629	-0.000820394	-0.000182687
-0.00918147	0.00542714	-0.0389435	0.0556793	0.0152046	-0.0373185	0.0169833	-0.00232748	-0.00494859	-0.000574777
-0.0812444	0.0390769	0.0104634	0.229434	0.0175165	-0.16322	0.0108623	-0.0244088	-0.0318041	-0.00667562
-0.0850008	0.0275924	0.12589	0.262349	-0.0506333	-0.190382	0.00328639	-0.0291094	-0.0547546	-0.00923662
-0.0251973	-0.027672	0.0951359	0.292982	-0.0726855	-0.152908	0.02256	-0.0578112	-0.0483842	-0.0260178
0.00908943	-0.046606	0.173852	0.406265	-0.212803	-0.307668	0.116645	-0.0960387	0.0185051	-0.0612385
0.0854263	-0.0777573	0.349798	0.366197	-0.302474	-0.258259	0.0270755	-0.172994	0.110506	-0.127514
0.0774826	-0.111153	0.29764	0.452009	-0.435522	-0.0677406	0.0514306	-0.252444	0.148714	-0.160417
0.14186	-0.260179	0.35656	0.514185	-0.422307	0.0912699	-0.0836577	-0.289689	0.185236	-0.233278
-0.00757943	-0.119876	0.337057	0.418932	-0.3387	0.0173229	-0.10107	-0.272474	0.377474	-0.311085
0.0419044	0.16973	0.190048	0.458192	-0.200956	-0.208431	-0.0508309	-0.283358	0.184767	-0.301067
-0.0509759	0.174532	0.304353	0.329095	-0.329831	-0.0195795	-0.0756824	-0.329452	0.391331	-0.393793
0.0558428	0.0260212	0.170593	0.355413	-0.405322	0.307751	-0.136359	-0.311493	0.364151	-0.426597
-0.0701206	0.0644468	0.142149	0.405716	-0.199584	0.110419	0.0244484	-0.296645	0.264249	-0.445077
0.0586983	-0.051824	0.0914797	0.169722	-0.120456	0.140375	0.116779	-0.255065	0.153195	-0.302904
-0.0460721	-0.165463	0.0272719	0.284793	-0.0961293	0.32971	0.0126133	-0.205908	0.0957104	-0.236527
-0.10951	0.121664	-0.14722	0.108011	0.141136	0.137241	0.0558177	-0.137419	0.0713887	-0.241111
-0.0990784	0.0932285	-0.143335	0.00868312	0.224574	-0.149782	0.126427	-0.101591	0.201806	-0.160933
-0.119404	0.0286551	-0.299737	-0.114593	0.21729	0.214678	0.207456	-0.0371217	0.0602134	-0.157436
-0.100697	-0.0533718	-0.353513	-0.0883751	0.253592	0.129269	0.308417	-0.0421817	0.0348128	-0.0879492
-0.146223	-0.088678	-0.292052	-0.215988	0.261055	0.301514	0.26132	-0.0198902	-0.0292305	-0.0318247
-0.15738	-0.200754	-0.142912	-0.0368661	0.16472	0.345997	-0.034394	-0.00569499	0.0762441	-0.00895647
-0.0438417	-0.100485	-0.00817619	-0.00386075	0.00790065	0.129565	-0.0462253	-0.00125351	0.0689194	-0.00254199
-0.00460736	-0.011423	-0.00422522	-0.000100644	-0.0157515	0.0186627	-0.00627097	-0.000312966	0.0251036	-0.00107464
-8.36587e-05	-0.00616025	-0.00370126	-2.39756e-05	-0.00277985	-0.00285655	0.0129866	-1.81025e-05	0.00275522	-0.000118218
0.0	0.0	0.0	0.0	0.0	0.0	0.0	0.0	0.0	0.0
0.0	0.0	0.0	0.0	0.0	0.0	0.0	0.0	0.0	0.0
-0.000247074	0.000239527	0.000283234	0.00219145	-7.62095e-05	-0.00216855	4.72092e-05	-6.86566e-06	-0.000260206	-2.51822e-06
-0.00356361	0.00633466	-0.00326074	0.0786338	0.00118402	-0.0354806	-0.0291247	-0.00113395	-0.0104719	-0.00311691
-0.0258982	0.0146442	0.00748843	0.180982	0.0125965	-0.150425	0.0219823	-0.0145545	-0.035363	-0.011452
-0.110202	0.102884	0.0151166	0.377174	0.0416151	-0.227922	-0.13119	0.0809975	-0.11189	-0.0365803
-0.0302176	0.0445004	0.0515619	0.388454	-0.00543081	-0.283993	-0.0851261	0.100754	-0.097945	-0.0825555
-0.0285803	-0.118431	0.126268	0.284887	-0.0360145	-0.11468	-0.088326	0.101204	-0.00490424	-0.121422
0.0217592	-0.281841	0.204697	0.172484	-0.0570505	-0.133297	0.0819805	0.135228	0.00985493	-0.153815
0.0427474	-0.322531	0.118779	0.176159	-0.0332479	0.0753509	-0.00587508	0.0650663	0.10048	-0.21693
0.20203	-0.219026	0.1919	0.149238	-0.196179	0.164722	0.03144	-0.117738	-0.0988655	-0.107522
0.132156	-0.275638	0.280547	0.134912	-0.150312	0.11139	-0.423319	-0.192676	0.225102	0.157838
-0.00186902	-0.199574	0.196108	0.0986148	-0.0929522	0.0242266	-0.272604	-0.119837	0.254808	0.113079
0.191322	-0.0219218	0.139403	0.111015	-0.278499	-0.0349084	-0.301316	-0.164497	0.162804	0.196598
0.215415	0.0481905	0.105964	0.067485	-0.0388748	-0.114912	-0.065071	-0.314292	0.217821	-0.121726
0.170976	0.184068	0.177206	0.189146	-0.0378672	-0.139828	-0.216454	-0.392713	0.117673	-0.0522096
0.124009	-0.113306	0.306891	0.31768	0.0183144	0.0748112	-0.178184	-0.344399	0.176135	-0.38195
0.31385	-0.200443	0.183202	-0.0543727	-0.0939267	0.163966	-0.0283579	-0.379771	0.380328	-0.284474
0.320735	-0.0105998	0.128115	0.0105866	0.0744258	0.186976	0.0884827	-0.390665	-0.158063	-0.249994
0.0640073	0.0367602	0.0118512	0.127342	0.152785	0.0514227	0.152465	-0.472837	0.102486	-0.226286
-0.0826253	0.134191	0.0393807	7.16085e-05	0.0654884	0.264091	0.0798466	-0.453695	0.195527	-0.242277
0.00884506	0.280958	0.0148429	-0.143549	0.0857104	0.133493	0.0953321	-0.277482	0.0724451	-0.270595
-0.0052869	0.23655	-0.142257	-0.116992	0.228999	0.276026	0.0581457	-0.19077	-0.043118	-0.301295
-0.211622	0.114503	-0.270046	-0.243437	0.409668	0.361643	0.260553	-0.0982376	-0.133514	-0.189509
-0.248472	-0.00247829	-0.222203	-0.084397	0.120806	0.417541	0.0856981	-0.0304157	0.0435083	-0.0795853
-0.1023	-0.129252	-0.0505217	-0.0202023	-0.0400546	0.271507	-0.0549317	-0.00944785	0.161191	-0.0259859
-0.0298189	-0.0243191	-0.0155487	-0.00179877	-0.0268457	0.0637696	0.0268671	-0.00384101	0.0151768	-0.00364128
-0.0107022	-0.00807147	-0.00543958	-9.22326e-05	-0.00031401	0.0075126	0.0193882	-0.000129766	-0.00211776	-3.3757e-05
0.0	0.0	0.0	0.0	0.0	0.0	0.0	0.0	0.0	0.0
-3.43549e-06	-1.29575e-06	-3.7714e-05	0.00041215	-1.14849e-06	-4.00111e-05	-2.2365e-07	-8.38921e-06	-3.78986e-05	-0.000282034
-0.00107607	-0.0140868	-0.00512871	0.00255444	-0.00253557	0.00322816	-0.00125364	0.0249009	-0.00349346	-0.00310926
-0.00303768	0.00516434	0.00899674	0.115175	-0.0279587	-0.116351	-0.0327131	0.105476	-0.0327265	-0.0220241
-0.0391535	0.0127259	0.0936657	0.173718	0.0234837	-0.195481	0.0183175	0.0707935	-0.0796744	-0.078394
-0.0285532	-0.0214418	0.0933325	0.248956	0.151324	-0.172068	-0.102493	0.156354	-0.103102	-0.222307
0.0100289	-0.083921	0.172728	0.263676	0.109164	-0.118395	-0.213092	0.257181	-0.14712	-0.250247
0.0162416	-0.213312	0.130224	0.0752334	0.0748589	0.02498	-0.0456687	0.279513	-0.0496379	-0.292432
-0.0323924	-0.331094	0.0755049	0.189362	-0.0243128	0.0121002	-0.0469522	0.302086	0.0558833	-0.200186
-0.199512	-0.411323	0.236314	0.298319	0.0478326	-0.0390843	-0.149532	0.179491	0.0606382	-0.0231434
0.0137472	-0.201027	0.229291	0.313541	-0.133972	-0.0049665	-0.325788	0.255291	-0.125422	-0.0206949
-0.0207492	-0.0872932	0.00904063	0.148452	-0.259308	-0.0394564	-0.302681	0.353332	0.0114475	0.187216
-0.127049	-0.222105	0.071695	0.0214737	-0.194268	-0.0164139	-0.181019	0.229877	0.284936	0.132874
0.246509	-0.254769	0.0574811	0.322207	-0.336506	-0.0639421	-0.365656	-0.0442217	0.0664188	0.372479
0.180165	-0.184931	0.0206213	0.150784	-0.386195	0.128803	-0.276203	-0.0519862	0.0534209	0.365522
-0.00964036	-0.256406	0.079775	0.132119	-0.417971	-0.0593234	-0.123007	0.0454362	0.357032	0.251987
0.0580217	-0.22841	0.168782	0.225795	-0.381901	-0.108487	-0.214558	0.0120853	0.0950424	0.373628
0.169515	-0.321623	0.0149563	0.0211099	-0.214695	0.00999584	-0.192843	0.07028	0.142941	0.300364
0.309381	-0.100821	-0.000570434	0.25292	-0.351127	0.0999356	-0.333174	-0.0148452	-0.16704	0.305342
0.0941658	-0.179728	-0.0822848	-0.120604	-0.0528402	0.260881	-0.186476	-0.0787033	0.329785	0.0158046
0.106557	0.0454778	-0.141905	0.0849611	-0.162788	0.16257	-0.0822324	-0.0987211	0.0764995	0.00958186
0.303245	0.0897494	-0.0879862	0.0536859	-0.0572987	-0.0406459	-0.0907007	-0.0404273	-0.0240178	-0.105604
0.32954	0.100658	-0.171264	-0.123128	0.242612	0.16067	-0.0573187	-0.147564	-0.0657464	-0.268456
-0.0190548	0.0948215	-0.395654	-0.195891	0.466133	0.295633	0.0387603	-0.194921	0.191724	-0.281553
-0.358152	-0.000398466	-0.237965	-0.0835816	0.129301	0.692909	0.028902	-0.0872478	0.098155	-0.181922
-0.247233	-0.101269	-0.0622952	-0.0444041	-0.0230305	0.40994	-0.0404352	-0.0389596	0.208454	-0.0607659
-0.110338	-0.0132688	-0.0101887	-0.00485815	0.0393892	0.148871	-0.0389336	-0.0119544	0.022145	-0.0208634
-0.0300957	-0.000315532	-0.000501085	-0.000368406	-0.00130958	0.0413452	-0.00193561	-0.000678542	-0.005421	-0.000719775
0.0	0.0	0.0	0.0	0.0	0.0	0.0	0.0	0.0	0.0
-0.000257656	-0.0011686	-0.00138842	0.0120777	-0.000686352	-0.00150553	-8.35646e-05	0.00473814	-0.00331173	-0.00841399
-0.000656305	-0.0230819	0.0211106	-0.0170613	-0.00385692	-0.0156737	-0.00535994	0.0640349	-0.0065022	-0.0129532
-0.00532726	-0.0107047	0.0448188	0.0652313	-0.0113998	-0.132308	-0.0410812	0.200677	-0.0337185	-0.0761872
-0.0669877	-0.00339321	0.236094	0.310255	0.0783811	-0.411565	0.0105678	0.103993	-0.0465368	-0.210804
-0.017312	-0.112436	0.179634	0.412271	0.239816	-0.28138	-0.0862236	0.0839963	-0.0341507	-0.384211
0.0434222	-0.203144	0.29407	0.169499	0.10976	-0.0688979	-0.261923	0.269771	-0.0606328	-0.291924
-0.0368517	-0.248637	-0.0332942	0.0714287	0.115278	0.113431	-0.00716792	0.274957	0.0481417	-0.297286
-0.186566	-0.450905	0.129258	0.0910759	0.00151469	0.194801	-0.055055	0.150587	0.181581	-0.0562911
0.0197023	-0.314429	-0.00437566	0.0605448	0.0101089	0.0759276	-0.14583	0.266166	-0.0274002	0.0595846
0.0228598	-0.131162	-0.104446	-0.0443627	-0.177141	0.269461	-0.234713	0.356773	0.0665291	-0.0237966
0.0729695	-0.213533	0.0540478	-0.0123149	-0.160369	0.164795	-0.106919	0.270259	-0.158489	0.0895538
0.0227064	-0.0860202	-0.0323725	0.153139	-0.463974	0.0411157	-0.153967	0.215548	-0.0953347	0.39916
0.139486	-0.212825	0.279835	0.0178652	-0.330838	-0.175282	-0.307608	0.125169	-0.027708	0.49191
0.0639097	-0.111925	0.0983266	0.251025	-0.41828	0.162497	-0.133657	-0.0775415	-0.307423	0.473069
-0.052639	-0.387899	-0.0675632	0.24305	-0.353254	-0.178258	-0.122818	0.0903016	0.292414	0.536667
-0.0158637	-0.227109	0.0151999	0.00932536	-0.393921	0.129697	-0.319798	0.184125	0.0629421	0.555404
0.229272	-0.196611	-0.226907	0.159657	-0.139706	0.0982571	-0.249264	0.255049	-0.206982	0.277238
0.27548	-0.284663	-0.0533584	-0.0683109	-0.2766	0.0584371	-0.315668	0.32295	0.140842	0.200891
0.164514	-0.0887466	-0.0496857	0.095512	-0.0772431	0.0656324	-0.309804	0.174173	-0.0856549	0.111302
0.000307781	0.0414169	-0.172829	0.0456117	-0.107319	0.0962575	-0.281677	0.285886	-0.0354258	0.12777
0.045536	-0.0555229	-0.0158294	-0.179251	-0.0768607	0.160238	-0.203651	0.159925	0.138383	0.0270322
0.129388	-0.053006	0.108606	-0.221474	0.182248	0.166063	-0.284799	0.111557	0.0228113	-0.161396
0.197297	-0.100636	-0.448559	-0.279058	0.369226	0.342016	-0.179176	-0.000934774	0.33432	-0.234497
-0.152371	-0.285297	-0.352169	-0.194645	0.149037	0.68637	0.0332929	-0.0599498	0.402322	-0.226587
-0.279627	-0.165866	-0.0835625	-0.0581184	0.00414613	0.708293	-0.0899642	-0.0605349	0.123338	-0.0981041
-0.124429	-0.00714574	-0.0142406	-0.00402216	0.0531688	0.146489	-0.0347376	-0.0118953	0.0334031	-0.0365901
-0.00908945	-0.00346601	-0.00100553	-0.00026687	-0.00172809	0.0206245	-0.00774778	-0.000476413	0.00410469	-0.000949101
0.0113371	-2.62877e-07	-0.000205522	-6.75583e-07	-0.000409334	-5.03888e-06	-7.32205e-06	-0.00704328	-1.85962e-05	-0.00364708
-0.000308207	-0.00100155	0.00114173	-0.00606047	-0.0110775	-0.00128552	-0.000256683	0.0533636	-0.00357341	-0.030942
0.000592794	-0.0146938	0.0103887	-0.0145266	0.00806664	-0.0190277	-0.0051597	0.105659	-0.00979355	-0.0615061
0.0040403	-0.00324984	0.0344116	0.0823506	-0.0051178	-0.140175	-0.0365838	0.286782	-0.0147391	-0.207718
-0.0991192	-0.0282507	0.265273	0.352585	0.0395938	-0.529956	0.00972316	0.267503	0.0161164	-0.293463
-0.0582766	-0.0843828	0.115672	0.207709	0.18581	-0.317572	-0.135166	0.257254	0.108364	-0.279409
-0.0375904	-0.203801	0.043756	0.0774827	0.0377817	-0.103245	-0.237407	0.251271	0.217915	-0.0461621
-0.0818314	-0.203194	0.0202673	0.0809355	0.0618083	-0.164362	-0.142603	0.468462	0.21726	-0.256743
-0.0405885	-0.412066	0.0572235	-0.0123847	-0.105678	0.109438	-0.13543	0.267837	0.0487648	0.222885
0.172308	-0.428252	-0.045749	-0.0525565	0.0976464	0.0923381	-0.124128	0.183835	0.165982	-0.0614219
-0.00403878	-0.228804	0.231499	0.072095	-0.171945	0.163303	-0.199999	0.103622	0.0703101	-0.0360422
-0.0202082	-0.249814	0.0865437	0.0465732	-0.0491591	0.149329	-0.152262	0.332498	-0.0486516	-0.0948481
0.169455	-0.0655458	-0.0865211	0.125266	-0.254986	-0.0277665	-0.175412	0.369524	0.218083	-0.272094
-0.00779629	0.0286583	-0.0504979	0.0861424	-0.288977	-0.0800996	-0.225428	0.0555268	0.289669	0.192804
0.186055	-0.0175901	0.0559708	0.182371	-0.428728	-0.0783117	-0.38123	0.225473	-0.157156	0.413147
0.245483	-0.0011588	0.00200657	0.178441	-0.301303	-0.197827	-0.456634	0.302332	-0.0270065	0.255671
0.497998	-0.232243	-0.0836558	0.0682413	-0.453892	-0.0293942	-0.440651	0.269085	0.179936	0.224579
0.257567	0.11414	-0.0467866	0.11847	-0.240691	-0.0159526	-0.385873	0.22469	-0.045375	0.019812
0.119198	-0.191289	-0.191327	0.308372	-0.0426431	-0.0769366	-0.604451	0.402962	0.144273	0.13184
0.0744708	-0.113853	0.180221	0.125934	-0.109342	0.0968523	-0.521984	0.121269	0.147568	-0.00113792
0.191927	-0.223061	0.0379648	0.127666	-0.079391	0.258379	-0.383639	0.22899	0.0306892	-0.189525
0.0668726	-0.245939	-0.100614	0.0702606	-0.0415913	0.182551	-0.284376	0.00865034	0.141693	0.202493
0.207764	-0.243845	-0.0579885	0.230257	-0.103287	0.0581136	-0.429151	0.218023	0.129798	-0.00968744
0.407641	-0.413156	-0.0773153	-0.464194	0.141678	0.616908	-0.436525	0.104305	0.318157	-0.197499
0.0541143	-0.432138	-0.395373	-0.360303	0.0800505	1.06958	-0.275874	-0.107197	0.548966	-0.181823
-0.284758	-0.191394	-0.139291	-0.0792152	0.0604607	0.820406	-0.185184	-0.0995045	0.212279	-0.113796
-0.104915	-0.0153309	-0.0199882	-0.00561984	-0.0461552	0.222644	-0.0999026	-0.0166208	0.120556	-0.0346674
-0.00650276	-0.00258924	-0.00207074	-8.50933e-05	-0.00172869	0.00994326	-0.00944008	-0.00374905	0.017758	-0.00153563
-3.46382e-06	-1.4768e-05	-8.87223e-06	-0.000126944	-0.000536983	-6.05226e-05	-2.97297e-06	0.002049	-2.2348e-05	-0.00127212
-0.000460027	-7.11638e-05	-0.000920353	-0.00518429	-0.0114495	-0.00130086	-0.000136039	0.0634116	-0.00249475	-0.0413946
0.00433656	-0.00958037	-0.0177872	0.0338224	5.00172e-05	-0.00899201	-0.0075306	0.119555	-0.0235499	-0.0903237
0.0209562	-0.00730485	0.0559511	0.154351	-0.111158	-0.152977	-0.045442	0.33904	-0.0374285	-0.215985
-0.0658946	-0.0739511	0.182871	0.467849	-0.161026	-0.431769	0.0260556	0.369027	0.0322767	-0.345435
-0.037501	-0.205646	0.320923	0.1692	-0.0306942	-0.307405	-0.206869	0.244969	0.121229	-0.0682053
-0.0856566	-0.229597	-0.0226208	0.107903	-0.0878863	-0.0994749	-0.219431	0.202615	0.245011	0.189138
-0.124077	-0.163627	-0.0669356	0.189722	-0.0660659	-0.0198028	-0.0453946	0.163491	0.135705	-0.00301633
-0.104768	-0.259215	-0.0827149	0.152101	-0.0211389	0.132312	-0.122066	0.123559	0.140379	0.0415502
0.0293133	-0.361361	0.0829041	0.0633665	-0.00699263	0.011711	-0.184952	0.207961	0.183053	-0.0250019
0.111859	-0.182519	0.206953	-0.0988153	-0.243454	0.198714	-0.279165	0.00739298	0.0651265	0.213908
-0.0779759	-0.0864019	0.00748652	-0.338262	-0.0970697	0.369439	-0.125091	0.191441	0.0878476	0.0685869
-0.00486474	-0.100533	0.0244181	-0.224487	-0.127784	0.230779	-0.198315	0.422755	-0.042352	0.0203864
0.249672	0.0646485	0.0541192	-0.15943	-0.132373	-0.0452539	-0.399381	0.239108	0.0663206	0.062572
0.014922	0.191067	0.158882	0.237479	-0.633359	-0.225132	-0.224591	0.500295	-0.214458	0.194895
-0.157124	0.491872	0.231958	0.410067	-0.375689	-0.418275	-0.420197	0.373788	-0.469395	0.333002
0.178747	0.182855	0.226729	0.282044	-0.070849	-0.403856	-0.574995	0.309761	-0.117249	-0.0131856
0.321086	0.0345476	-0.0373668	0.133671	-0.130738	-0.178895	-0.707861	0.503395	0.0393199	0.0228426
0.233166	-0.139065	0.0368306	0.0739385	0.0572204	-0.0427217	-0.627131	0.280509	-0.00912231	0.136376
0.315905	-0.252686	-0.0103011	0.225406	-0.0685782	-0.0741904	-0.578245	0.305175	0.0559969	0.0815198
0.253281	-0.343027	-0.0371434	0.302559	0.0362123	-0.00305038	-0.375399	0.0646551	0.0680471	0.0338664
-0.0855691	-0.311649	-0.140505	0.178229	0.0338405	0.28595	-0.215433	0.290566	0.156942	-0.192372
-0.0213723	-0.387708	0.0316468	0.324994	-0.0216606	0.243338	-0.473891	0.220092	0.145111	-0.0605486
0.472596	-0.441367	-0.117027	-0.201094	0.00138847	0.611412	-0.371229	-0.0346	0.340615	-0.260696
0.261711	-0.298443	-0.391252	-0.335323	-0.243571	1.33696	-0.338579	-0.0778925	0.31543	-0.229031
-0.274072	-0.142552	-0.108183	-0.0543632	-0.188776	1.08228	-0.306549	-0.04042	0.167857	-0.135221
-0.0975944	-0.0180504	-0.0078067	-0.0108111	-0.0711083	0.249998	-0.130808	0.00815888	0.128623	-0.0505993
-0.00128091	-0.00243666	-0.00122353	-0.000430817	-0.00619439	0.0153904	-0.00650287	0.0419536	-0.0359253	-0.00334958
-5.23747e-06	-1.72311e-05	-1.81579e-05	-0.00020924	-0.00062703	-7.73428e-05	-3.5103e-06	0.00279172	-3.10235e-05	-0.00180294
-0.000497597	-3.46675e-05	-0.000320447	-0.0034395	-0.0108436	-0.00121328	-4.82007e-05	0.0601628	-0.00134959	-0.042416
0.0249685	-0.00494909	-0.0139574	0.0138836	-0.0304363	-0.0103334	-0.0235027	0.179953	-0.0180303	-0.117596
0.00306617	-0.0450119	0.0819467	0.249263	-0.1173	-0.135537	-0.0548394	0.29455	-0.090079	-0.186056
-0.0418502	-0.0913266	-0.0346192	0.25907	-0.154153	-0.198809	-0.0485698	0.368612	0.165508	-0.223861
0.0292513	-0.21356	0.293257	-0.0105834	-0.159213	-0.161679	-0.177405	0.235863	0.0871777	0.076893
-0.0749256	-0.332826	0.326319	-0.0284862	-0.159948	-0.0507048	-0.149885	0.0943873	0.156547	0.21952
-0.128248	-0.251365	-0.027266	-0.0535409	-0.0618651	0.19618	0.017916	0.107446	0.198878	0.00186378
-0.101207	-0.20218	-0.0324036	-0.238066	-0.00885591	0.34143	0.0296376	-0.102587	0.14621	0.168023
0.0390105	-0.26549	-0.177329	-0.470685	0.151832	0.376114	-0.17618	0.122705	0.259893	0.140128
-0.111966	-0.0249794	-0.0142793	-0.456648	0.00970699	0.226714	-0.0822017	-0.0212182	0.282194	0.192676
0.0529438	0.109235	0.019645	-0.531815	0.0216579	0.242052	-0.121493	-0.172843	0.253563	0.127056
-0.0508092	-0.0133833	-0.0506287	-0.531081	0.259986	0.365022	-0.260637	-0.212855	0.326477	0.167913
0.113923	0.310795	-0.205605	0.0366203	-0.265099	0.139237	-0.102752	0.204399	0.0542793	-0.285796
0.0178002	0.551955	0.0389376	0.173553	-0.879323	0.0254581	-0.282621	0.408488	-0.0208135	-0.0334302
-0.167703	0.806643	-0.12139	0.13853	-0.0872937	-0.153596	-0.506413	0.511743	-0.321107	-0.0994139
0.0178179	0.294474	0.0130781	0.224983	-0.138336	-0.245566	-0.46281	0.654172	-0.366502	0.0086919
0.314225	0.0960099	0.159176	0.180865	0.0417308	-0.414496	-0.467479	0.281333	-0.189298	-0.00206569
0.243921	-0.229622	0.0806399	0.203621	0.00447417	-0.43524	-0.483546	0.32751	0.201981	0.0862633
0.0565863	-0.202856	-0.0209768	0.247	0.120451	-0.379655	-0.483409	0.397706	0.264036	0.00111537
0.204553	-0.38241	-0.0702016	0.339168	-0.137151	-0.22216	-0.272591	0.410474	0.159942	-0.0296229
0.111729	-0.316184	-0.0952482	0.119126	-0.0493919	-0.0432838	-0.246153	0.413653	0.193909	-0.0881564
0.199052	-0.356945	-0.0629406	0.16281	-0.0883222	0.0483142	-0.345395	0.256709	0.234109	-0.0473908
0.472388	-0.339033	-0.157929	-0.0703016	-0.441991	0.686215	-0.133497	-0.17668	0.295401	-0.134568
0.304303	-0.256945	-0.307994	-0.234418	-0.356791	1.52248	-0.254266	-0.133037	0.000422069	-0.283753
-0.283122	-0.0964681	-0.0615168	-0.0259074	-0.238595	1.33024	-0.388583	-0.0273378	-0.1002	-0.108505
-0.122489	-0.0248979	0.0180233	-0.00621343	-0.0866556	0.361994	-0.128853	0.00458907	0.0321657	-0.0476618
-0.000601488	0.00101249	-0.000648151	-0.000147058	-0.00170986	0.00680166	-0.0173099	0.01019	0.0086781	-0.00626582
-2.92715e-05	-4.47173e-06	-1.8329e-05	-0.000137077	-9.76356e-05	-8.09559e-05	-4.26824e-06	0.00124221	-3.75069e-05	-0.000832692
0.00685052	0.000410244	-0.000605325	-0.00248183	-0.0234002	-0.0089119	-0.000185391	0.0835741	-0.00172063	-0.0535296
-0.00426166	-0.000166467	-0.00835846	0.013555	-0.108065	-0.0187679	-0.00123562	0.329717	-0.0111949	-0.191222
-0.00375104	-0.0307091	-0.0320159	0.238256	-0.0940902	-0.164088	-0.0628926	0.3655	-0.0242782	-0.191928
-0.14683	-0.0562547	-0.133564	0.205376	-0.222819	-0.0957648	-0.0388643	0.430656	0.0779241	-0.0198559
-0.106213	-0.115378	-0.0406457	-0.152904	-0.100342	-0.0487936	-0.0203245	0.132658	0.22554	0.226404
-0.00385399	-0.288055	-0.093453	-0.298791	0.0608256	0.254584	-0.0562566	0.00352268	0.18424	0.237239
-0.00998849	-0.275718	-0.284863	-0.507755	0.0358554	0.186502	0.147666	0.151254	0.453939	0.103107
-0.0502686	-0.23712	-0.402509	-0.456419	0.140712	0.206704	0.0282037	-0.101078	0.311555	0.560221
-0.189296	-0.264051	-0.444861	-0.490111	0.361057	0.18175	0.141094	0.183713	0.373247	0.147453
-0.0624224	-0.139159	-0.741489	-0.377916	0.480959	0.123314	0.0316084	0.266683	0.217489	0.200931
-0.0771303	-0.113587	-0.656422	-0.199108	0.176234	0.104961	-0.0506119	0.247147	0.198399	0.370116
-0.246002	-0.0917564	-0.775921	-0.0417517	0.537553	0.240341	0.125719	-0.0566893	0.184411	0.124096
-0.0487933	0.354792	-0.882398	0.244792	-0.681255	0.522781	0.162124	0.0965154	0.251448	-0.0200049
-0.394917	0.733662	-0.54622	0.0999805	-0.799042	0.0644953	-0.250794	0.443065	0.628364	0.0214083
-0.643504	0.774636	-0.488433	0.193957	0.307766	-0.219058	-0.583665	0.456299	0.0217163	0.180284
-0.561556	0.220228	-0.186896	0.00202768	0.427563	-0.20863	-0.24043	0.435615	-0.164743	0.276822
-0.048317	-0.0891742	-0.317962	0.287267	0.157831	-0.170746	-0.373043	0.309435	-0.174843	0.419554
-0.175387	-0.0478195	-0.0754254	0.10773	0.00198483	-0.0717913	-0.294488	0.4324	-0.190134	0.312929
0.0235437	-0.192747	0.243161	0.129049	-0.0350877	-0.330423	-0.220247	0.200183	0.00580529	0.176764
0.172128	-0.214896	-0.0764133	0.347206	-0.207883	-0.612797	-0.159516	0.309168	-0.0334333	0.476437
0.303508	-0.222799	0.0141327	-0.0700792	-0.185704	-0.476646	-0.0543483	0.321738	0.0624299	0.307768
0.249549	-0.198095	-0.0677832	-0.0460425	-0.240258	-0.466466	-0.0553353	0.245552	0.29985	0.279029
0.319222	-0.166885	-0.145973	-0.183571	-0.446162	0.119008	0.267386	-0.173769	0.4562	-0.045452
0.345195	-0.146108	-0.131312	-0.179065	-0.391449	0.609395	-0.0432576	-0.152498	0.313292	-0.224188
-0.183603	-0.0823042	0.0545141	0.000474188	-0.175124	0.833033	-0.357506	-0.0618781	0.0817405	-0.109345
-0.0806926	-0.0241477	0.0249376	-0.00293945	-0.0291652	0.22178	-0.196016	-0.0116942	0.128589	-0.030651
-0.00041641	0.00431733	-0.00101555	-6.43748e-05	-0.00121607	0.00443353	-0.0105901	0.00200295	0.00511621	-0.00256749
-1.42936e-06	-3.30497e-08	-7.94375e-06	-4.89847e-05	-1.70757e-06	-1.18306e-05	-1.72316e-08	0.00155971	-1.84253e-05	-0.00146933
-1.41142e-05	-0.000190559	-4.11544e-05	-0.00269682	-0.0348323	-0.0122828	-0.000251967	0.0844663	-0.00100206	-0.0331545
-0.00478627	-0.00243531	-0.00175339	-0.00750268	-0.121959	-0.0172418	-0.0012357	0.335385	-0.00756062	-0.17091
-0.0253141	-0.00300372	-0.119263	0.0438415	-0.172956	-0.0629739	-0.0537999	0.493341	0.0503455	-0.150216
-0.113155	0.000618704	-0.222965	-0.0129684	-0.321314	0.000555953	-0.0659137	0.461537	0.0160965	0.257512
-0.0193263	-0.0575386	-0.514314	-0.220028	-0.0650288	0.0213602	-0.0142911	0.247644	0.259643	0.361879
0.193123	-0.107607	-0.851032	-0.331103	0.166272	0.296516	0.144532	0.0464347	0.112409	0.330456
0.0212576	-0.144562	-0.96491	-0.340588	0.304975	0.113162	0.210421	0.365602	0.259369	0.175272
-0.06545	-0.172085	-0.540378	-0.373775	0.391278	0.0193511	0.138226	0.414246	0.00550307	0.183082
-0.0377234	-0.133306	-0.545156	-0.14857	0.234531	-0.069011	0.219173	-0.0115654	0.140347	0.351279
0.00875342	-0.333736	-0.634642	0.153957	0.511807	0.267837	0.00265537	-0.0821542	-0.147526	0.253049
0.00294821	-0.457457	-0.601564	-0.118299	0.558509	0.184467	0.298619	0.0285952	-0.107648	0.211828
0.128573	0.0576301	-0.573066	-0.0358433	0.917183	0.202412	0.190459	-0.648195	0.0701591	-0.309314
0.0192833	0.247422	-0.422543	0.0297371	-0.0388463	0.297882	0.154988	-0.838637	0.506158	0.0445552
-0.572355	0.936567	-0.470782	0.468433	-0.492455	-0.102872	-0.294222	-0.0292548	0.28749	0.269451
-0.8191	0.504787	-0.534912	0.17639	0.225402	-0.0165223	-0.361803	0.427706	0.0869731	0.311084
-0.638854	0.129421	-0.265802	0.0970414	0.366013	-0.345546	-0.101616	0.486067	-0.00315801	0.276436
-0.0763682	0.118925	-0.293572	-0.0185459	0.0493791	-0.412404	-0.142626	0.405537	0.0611724	0.308507
-0.0367577	-0.0186241	-0.210182	0.11294	0.00327877	-0.296153	-0.198457	0.321445	-0.0739107	0.396422
0.0593612	-0.187075	0.226088	-0.0574037	0.112865	-0.296312	-0.317412	-0.115772	0.205755	0.369904
0.0503775	-0.152002	-0.0613372	-0.0227171	0.121554	-0.423754	-0.141636	0.0400644	0.24051	0.348941
0.120588	-0.0915679	0.00302509	-0.526012	0.248056	-0.800653	0.0891436	0.122107	0.425448	0.409861
0.311061	-0.0807794	-0.0840606	-0.423777	0.0966841	-1.07451	0.34222	0.0624911	0.433471	0.417203
0.429895	-0.0504618	-0.332101	-0.240832	-0.193071	-0.98341	0.662692	-0.176806	0.63868	0.245419
0.539665	-0.051738	0.0931991	-0.104173	-0.112268	-0.82972	0.291824	-0.140034	0.560459	-0.247209
-0.0214906	-0.0346859	0.243375	0.0117495	-0.0456078	0.0175447	-0.205134	0.0161085	0.139511	-0.121369
-0.0438618	-0.0236611	0.1534	-0.000452928	-0.017532	0.120908	-0.206869	0.0290225	0.0295877	-0.0405415
-0.000271885	0.00324246	0.0154427	-8.19081e-05	-0.0075447	-0.00322841	-0.0104374	0.0136977	-0.00939444	-0.00142422
-6.45529e-09	4.77837e-05	-5.67749e-06	-1.61689e-05	-1.7672e-07	-1.64865e-06	-1.34979e-06	-8.16403e-06	-4.96224e-06	-9.62941e-06
0.000542649	-3.21249e-05	-2.91177e-05	-0.00148643	-0.0247941	-0.00213014	-0.000277752	0.0466063	-0.000221343	-0.018178
-0.00219248	-0.00080188	-0.00074948	-0.00501366	-0.0785202	-0.00470907	-0.000529988	0.206046	-0.00197018	-0.111559
-0.0107773	0.00766057	-0.147899	0.0132335	-0.139746	0.00413566	-0.0467554	0.391509	0.0302719	-0.101632
0.00502221	0.0213263	-0.466385	-0.172467	-0.150859	0.0743502	-0.0975832	0.272751	-0.0522842	0.566133
0.00587937	-0.0433706	-0.773376	-0.235576	0.20241	0.170071	0.0752472	0.104901	0.0634836	0.430331
0.276682	-0.0880246	-0.995063	-0.294956	0.426046	-0.0219936	0.378978	0.160527	0.00717579	0.150627
0.289334	-0.135434	-0.751246	-0.337403	0.304531	0.153265	0.0474203	0.160056	0.010076	0.259402
0.100139	-0.0112429	-0.340875	-0.212122	0.337703	-0.0211211	0.0212834	-0.000382153	-0.0765509	0.203167
0.0972284	-0.118298	-0.261516	-0.0958626	0.350198	0.0392666	0.0921482	-0.146922	0.0695498	-0.0257922
0.142453	-0.625687	-0.157328	-0.167059	0.424849	0.181442	0.22842	0.0156001	-0.125187	0.0824987
0.0676649	-0.676515	0.0627536	-0.2393	0.618817	0.285239	0.0501507	-0.284315	0.133836	-0.0183348
0.114306	-0.00868901	-0.0948869	0.0609	0.465707	0.451973	0.111717	-1.04623	0.240077	-0.294871
-0.418234	0.295526	0.137092	0.358829	-0.229457	0.271141	0.0389198	-1.03516	0.501639	0.0797049
-0.695516	0.648484	0.0248628	0.289785	-0.0426682	-0.0846239	-0.226888	-0.114671	-0.0498532	0.25109
-0.850267	0.396687	-0.30421	-0.162811	0.414608	-0.255751	0.0245785	0.092824	0.35482	0.289526
-0.605721	0.154752	-0.294422	0.0957415	0.223865	-0.455243	0.0396337	0.227667	0.126925	0.486803
-0.190719	0.288562	-0.0819049	0.0959379	0.183882	-0.234214	-0.27168	0.0693528	-0.176382	0.317169
-0.0541893	-0.22234	-0.187428	0.220134	0.197456	-0.144044	-0.181117	0.0619162	0.0546068	0.255004
-0.0867995	-0.286889	-0.166673	-0.0244283	0.106243	0.022777	0.0476815	-0.119412	0.0771396	0.430362
-0.268851	-0.182509	-0.169308	-0.473443	0.328035	-0.00539642	-0.0996038	0.244675	0.281123	0.345279
-0.0334731	-0.123195	0.0199739	-0.496286	0.324197	-0.305659	0.224661	0.105988	-0.0808883	0.364681
0.232764	-0.120447	-0.057009	-0.55696	0.258686	-0.40482	0.416325	-0.0663099	0.0968231	0.200948
0.428871	-0.109238	-0.105421	-0.25421	-0.0417077	-0.711529	0.76812	-0.0331034	0.27173	-0.213513
0.42643	-0.0956173	0.410154	-0.0788706	-0.191322	-0.699277	0.364861	0.0358077	0.193506	-0.365663
0.0727186	-0.0593191	0.515555	-0.002127	0.0114643	-0.178846	-0.253899	0.040947	0.0391991	-0.185692
-0.0135046	-0.0292068	0.351468	-0.00122432	-0.0110668	-0.0123509	-0.209093	0.00304777	-0.0210181	-0.057051
-0.00210746	-0.00056722	0.100654	-0.00290637	-0.0240158	-0.0283701	-0.0319417	-0.00682594	-0.00207558	-0.00184389
-3.90889e-05	-1.03985e-06	-1.92766e-05	-0.00163699	-9.39e-05	0.00746709	-0.000106888	-5.43364e-05	-0.000230809	-0.00528477
-5.33069e-05	-9.47105e-06	-0.0109375	0.0115789	-0.012934	-0.000979282	-1.33617e-05	0.0236374	-0.000742591	-0.00954693
-0.000682561	0.000886576	-0.00737262	0.00573938	-0.0324699	-0.00164842	-5.46501e-05	0.109713	-0.00109132	-0.0730197
-0.0650286	0.014704	-0.125011	0.0234984	-0.0165657	0.0222418	-0.0219055	0.197544	-0.0106006	-0.0188757
-0.0287796	0.0248038	-0.319339	-0.0909244	0.300306	0.051167	-0.23402	0.102969	-0.132367	0.326188
0.247061	-0.0588882	-0.577389	-0.302649	0.471181	-0.0159221	0.0320475	0.110549	-0.0353837	0.129396
0.20235	-0.108121	-0.281321	-0.400352	0.32377	-0.0596292	0.241525	-0.049617	-0.134285	0.265679
0.431155	-0.153003	0.0217905	-0.350427	0.373591	-0.0295397	0.00382219	-0.0260306	-0.440992	0.169633
0.240595	-0.0279124	-0.094231	-0.189942	0.336079	0.0768653	0.116375	-0.163556	-0.322185	0.0279114
0.258825	-0.233544	-0.100935	-0.0891482	0.250771	0.13858	0.281036	-0.311138	-0.257005	0.0625578
0.0110422	-0.663575	0.0422272	-0.140838	0.269988	0.285548	0.302829	-0.179953	0.0306043	0.0421285
0.149572	-0.636086	0.0651865	-0.221641	0.376211	-0.0103096	0.448927	-0.537271	0.344767	0.0206451
0.184689	0.076866	-0.0935775	0.17647	0.285914	0.0495915	0.184774	-0.988053	0.252982	-0.129653
-0.297879	0.317843	0.252636	-0.00200083	-0.234181	0.0357949	-0.0590462	-0.599854	0.475401	0.111285
-0.741503	0.579157	0.0677411	0.129964	0.0386504	-0.0766929	-0.15307	-0.130427	0.24136	0.0448234
-0.73033	0.406562	-0.211129	0.0454874	0.206031	-0.12493	0.0526813	-0.0495975	0.196989	0.208237
-0.744624	0.250708	-0.0839154	-0.0138869	0.390958	-0.304499	0.175021	0.0314053	-0.0559661	0.354799
-0.173729	-0.20863	-0.276254	0.0942998	0.5353	-0.32201	-0.310142	0.252011	0.0906621	0.318495
-0.0756165	-0.554408	0.0930398	0.0146782	0.227056	-0.189118	-0.132905	0.46361	-0.0629992	0.216664
-0.162338	-0.436922	-0.0565793	-0.154456	0.387441	-0.239925	-0.0266979	0.657473	-0.00129779	0.0333
0.0239624	-0.260996	0.0419182	-0.28524	0.239693	-0.0358823	-0.101496	0.355585	-0.183796	0.206251
0.174141	-0.173434	-0.12362	-0.0313455	0.0833629	-0.137666	0.115811	0.0826365	-0.169314	0.179426
0.12945	-0.122451	-0.092337	-0.272355	0.140223	0.0393811	0.328969	0.268929	-0.347889	-0.0719198
0.388251	-0.088584	0.126718	-0.173984	-0.0477258	-0.130283	0.428058	0.277821	-0.305442	-0.474828
0.449706	-0.0462525	0.359572	-0.0292678	-0.199965	-0.247087	0.24554	0.0452272	-0.174964	-0.402504
0.047946	-0.0339988	0.526549	-0.0243714	-0.0735456	-0.219806	-0.102414	-0.041995	0.0352704	-0.113632
-0.00725592	-0.00515165	0.312554	-0.0130408	-0.0615517	-0.031105	-0.165416	-0.00548479	-0.00900204	-0.0145461
-0.00021478	-2.58732e-05	0.0101	-0.00211635	-0.00261002	-0.00131001	-0.00331756	-8.32676e-05	-0.000385958	-3.61569e-05
-1.50547e-05	-4.32067e-07	-6.35835e-06	-0.000538086	-4.01713e-05	0.00239338	-3.55407e-05	6.92922e-05	-7.97969e-05	-0.00174723
-5.63797e-05	-7.39605e-06	-0.0233992	0.0260819	-2.70139e-05	-0.00097913	-6.70079e-06	-5.78138e-05	-0.00151369	-3.45647e-05
-0.00138723	0.0057109	-0.0115962	0.0284112	0.0146039	-0.00528394	-0.000262007	0.0265396	-0.00208453	-0.0546517
-0.0806758	0.00371818	0.0263924	0.0271868	0.0663919	-0.0212714	-0.071176	0.0943907	-0.0146198	-0.0303364
0.0976743	-0.00694776	0.0866608	0.0426686	0.220311	-0.0420653	-0.364942	0.00791632	-0.133504	0.0922303
0.362559	-0.103392	0.225335	-0.0729352	0.197843	-0.242497	-0.0527824	-0.115153	-0.264791	0.0658144
0.00158183	-0.186574	0.323975	-0.0941913	0.196237	-0.145329	0.213334	-0.0800295	-0.300508	0.0715036
0.341843	-0.155816	0.00148425	-0.255739	0.361479	-0.201485	0.238625	-0.151856	-0.260553	0.0820176
0.289339	-0.0962813	-0.1115	-0.30861	0.330474	0.0537813	0.205261	-0.321985	-0.152558	0.112081
0.305862	-0.309608	0.000133272	-0.291014	0.358542	0.173634	0.151854	-0.359431	-0.00414115	-0.0258296
0.316509	-0.488464	0.0118371	-0.213373	0.298929	0.0829819	0.273766	-0.256383	-0.114788	0.0889868
0.065627	-0.2077	-0.129981	-0.0801191	0.390878	0.0438947	0.43111	-0.563857	-0.0581882	0.108335
-0.0928222	0.173644	-0.11421	0.0457005	0.174955	0.149172	0.230971	-0.695962	0.188037	-0.0594839
-0.602511	0.440835	0.202952	0.070957	-0.216738	-0.023136	0.130318	-0.279066	0.407359	-0.13097
-0.857711	0.680901	0.0766668	0.222816	0.0626844	-0.31595	0.207141	-0.291811	0.409455	-0.194191
-0.688685	0.0817879	-0.00783275	0.199177	0.250168	-0.255858	0.0401123	0.11329	0.0880037	0.17984
-0.486656	0.256172	-0.00868847	-0.0790418	0.527642	-0.145952	-0.0649302	-0.168646	-0.0725991	0.242702
-0.253665	-0.544549	-0.143458	-0.0511398	0.47415	-0.259855	-0.0578612	0.574875	-0.139838	0.401343
-0.0631236	-0.571797	-0.1807	-0.198332	0.159052	0.226314	-0.0837823	0.589359	-0.0182818	0.141294
-0.0451082	-0.486733	-0.0472866	0.0582142	0.241252	-0.0257181	0.0284668	0.346171	-0.152799	0.083541
0.227179	-0.337963	-0.318478	0.288545	-0.0758397	-0.122738	0.135937	0.430181	-0.308565	0.0817408
0.0819424	-0.18842	-0.190905	0.21758	-0.0475258	0.0051897	0.157217	0.34325	-0.282732	-0.0955962
0.178298	-0.147698	-0.306498	0.202004	0.173158	-0.0695531	0.00341813	0.40765	-0.198153	-0.242624
0.363794	-0.0987376	-0.0520754	0.200033	-0.0925618	0.0728774	0.154578	0.15779	-0.297028	-0.408668
0.335049	-0.0570828	0.542083	0.109947	-0.408638	0.0180249	0.161183	-0.0380902	-0.305019	-0.357452
0.00215718	-0.0277449	0.6053	-0.0522139	-0.164471	-0.138488	0.0190772	-0.122678	-0.00172226	-0.119214
-0.0123543	-0.00935563	0.312699	-0.0182543	0.0265311	-0.0498409	-0.159685	-0.019593	-0.0230119	-0.0471353
-0.00176937	-0.00105941	0.0461981	-0.000663584	-0.00516735	-0.0186974	-0.0120815	-0.000568005	-0.00280101	-0.00339052
-1.28897e-05	-5.23338e-07	-2.65973e-07	-1.18986e-05	-5.38584e-05	-0.000294866	-3.09747e-06	0.000497622	-2.41277e-05	-9.60949e-05
-4.73963e-05	1.83443e-05	-0.0115818	0.0150009	-1.68398e-05	-0.000560671	-2.57581e-05	-0.00105823	-0.000793062	-0.000935421
-0.00413992	0.00483228	-0.00110166	0.0728013	-0.00959144	-0.0193959	-0.00146785	-0.00274876	-0.00491921	-0.0342689
-0.056998	-0.00367281	0.23882	0.135168	-0.0681118	-0.00840217	-0.113875	-0.0505006	-0.0114931	-0.0609325
0.15254	-0.0195402	0.355417	0.283169	-0.168473	-0.0519406	-0.382385	-0.030466	-0.177794	0.0394767
0.450929	-0.135875	0.257015	0.127086	-0.0989284	-0.148941	0.0294797	-0.15591	-0.324315	-0.000539503
0.240622	-0.297249	0.396218	-0.10565	0.0607753	-0.171771	0.283211	-0.0460882	-0.198912	-0.161153
0.172059	-0.292911	0.0739405	-0.253983	0.354264	-0.472489	0.374218	0.108783	0.0101827	-0.0740633
0.32384	-0.246309	-0.141969	-0.4345	0.370176	-0.280602	0.277922	-0.122718	0.0711922	0.182968
0.298942	-0.116502	0.186241	-0.141255	0.224823	-0.384193	0.309305	-0.202905	0.0525779	-0.227036
0.25915	-0.11785	0.175105	-0.183709	-0.0659955	-0.138044	0.395698	-0.494568	0.131279	0.0389377
0.108555	-0.136832	0.164426	-0.0334034	-0.0736647	-0.15575	0.701411	-0.750823	0.0478423	0.128238
-0.282666	-0.18652	0.250668	0.0211513	0.0634011	-0.0115059	-0.000596612	-0.26547	0.489976	-0.0784372
-0.802708	0.437068	0.387229	0.324556	-0.0195382	-0.0752166	0.0209374	-0.158204	0.142422	-0.256545
-0.68272	0.692182	0.121805	0.0600785	0.334201	-0.329579	0.169099	-0.404059	0.0749579	-0.0359636
-0.420863	-0.069633	-0.106217	-0.136049	0.55117	-0.153505	0.0933087	0.15639	0.0890879	-0.00369013
-0.286984	-0.0422039	0.196542	-0.354638	0.412211	-0.246631	-0.0455327	0.0469879	0.123847	0.196403
-0.047269	-0.800575	0.331764	-0.043219	0.26745	-0.156213	-0.208922	0.340309	0.0547321	0.261943
-0.00861484	-0.584899	0.0468553	0.290358	0.180931	-0.144741	0.122396	0.135431	-0.206984	0.169269
0.0331483	-0.422586	-0.0171873	0.307064	0.110406	0.0364062	0.239461	0.292119	-0.442593	-0.136236
0.241971	-0.271352	-0.157666	0.152199	0.252162	0.114494	0.0173776	0.215853	-0.460738	-0.1043
0.143612	-0.173483	0.301298	0.0929198	0.147301	-0.0120328	0.0433899	0.256859	-0.455349	-0.344517
0.178348	-0.162563	0.200659	0.274012	-0.102742	0.18841	-0.0890239	-0.00168538	-0.304273	-0.181141
0.192235	-0.138336	0.216026	0.405985	-0.230701	0.154699	-0.0184788	-0.0989631	-0.0316283	-0.450837
0.0590949	-0.0572466	0.555947	0.281719	-0.281154	-0.0112909	0.0990268	-0.0989432	-0.204496	-0.342654
-0.0823287	-0.0641631	0.90005	-0.0944302	-0.135513	-0.13646	-0.0355177	-0.119983	-0.116273	-0.115381
-0.037633	-0.0316549	0.468286	-0.0201156	-0.0797482	-0.0768957	-0.13028	-0.0141452	-0.0481888	-0.029624
-0.00133587	-0.0005385	0.0712649	-0.00105052	-0.00341344	-0.0336198	-0.0274492	-0.00103991	-0.00239759	-0.000420128
0.0	0.0	0.0	0.0	0.0	0.0	0.0	0.0	0.0	0.0
-5.93286e-05	0.000378043	-0.00448807	0.00561941	-1.24672e-05	-0.000450866	-2.37583e-05	-8.23156e-05	-0.000679864	-0.000200782
-0.0105155	-0.000197051	0.040244	0.0702183	-0.00727172	-0.0302087	-0.00299643	-0.00258503	-0.00503149	-0.0516564
-0.0499328	-0.00764914	0.244086	0.316808	-0.202111	0.0155835	-0.109911	-0.0615535	-0.0360478	-0.109269
0.11788	-0.0384984	0.451158	0.367203	-0.142465	0.0613195	-0.424682	-0.0167686	-0.169399	-0.205745
0.361119	-0.256338	0.346939	0.0901618	-0.166583	0.211628	-0.0555576	-0.0548348	-0.25299	-0.223543
0.301771	-0.436119	0.248107	-0.0476336	-0.0617854	0.40712	0.112132	-0.195238	-0.121169	-0.207183
0.212368	-0.406561	0.152048	-0.0441604	0.191733	-0.23823	0.227756	-0.269129	0.106519	0.067657
0.101777	-0.252171	0.129889	-0.261893	0.287502	-0.300681	0.317146	-0.194336	0.102353	0.0704101
0.262899	-0.142602	0.201636	-0.568853	0.155734	-0.256242	0.344843	-0.243033	0.345138	-0.0995207
0.403626	0.0740811	0.369221	-0.582798	0.0185008	-0.367011	0.596836	-0.576643	0.00651419	0.057675
0.0854472	-0.169919	0.2824	-0.430946	-0.080629	-0.321405	0.562909	-0.253486	0.332788	-0.00715956
-0.175045	0.0828537	0.342702	-0.300212	-0.00410897	-0.482329	0.101586	-0.0128949	0.3519	0.0955473
-0.692525	0.463014	0.286311	-0.218574	0.206891	-0.447901	0.113589	0.0633238	0.231307	-0.00543585
-0.633643	0.526987	0.0750518	-0.365536	0.553787	-0.307989	0.124199	0.0693366	0.0749527	-0.117144
-0.335699	-0.00595703	0.178948	-0.386794	0.369139	-0.0817152	0.0255603	0.0707814	-0.0982705	0.264007
-0.0759876	-0.378979	0.0639635	0.055691	0.298111	-0.00243793	-0.118581	-0.0874065	0.225075	0.0205546
0.120862	-0.654265	-0.168948	0.290498	0.211208	0.160452	0.0391475	0.00796461	-0.0877311	0.0808138
-0.0534921	-0.366416	0.0585814	0.0404062	0.280112	0.251014	0.177294	0.0697849	-0.374077	-0.0832079
0.0786044	-0.240036	0.0609649	0.27969	-0.127958	0.0884188	0.169366	-0.0775055	-0.0646389	-0.166907
0.165068	-0.175514	-0.042734	0.00131265	0.0706958	0.0608803	0.0266848	0.0844292	-0.053236	-0.137587
-0.0312245	-0.111216	0.0936048	0.0827797	0.143001	0.041852	0.0840811	0.033761	-0.0985604	-0.238079
0.190005	-0.0456581	0.115634	0.294962	-0.161845	-0.0207362	0.0800665	0.0189161	-0.148025	-0.323318
0.0676799	-0.0643164	0.00104341	0.39179	-0.200187	0.150148	0.0431616	-0.0844602	0.154285	-0.459142
-0.00640114	-0.0351397	0.505195	-0.0648031	-0.254421	0.0664624	0.0762238	0.0633326	-0.000250779	-0.350195
-0.0365066	-0.0931354	0.940265	-0.174305	-0.199155	-0.163563	-0.0141029	0.0261959	-0.210509	-0.0751815
-0.017732	-0.00998958	0.239752	-0.0171741	-0.0443199	-0.0329234	-0.0844621	0.022563	-0.0411158	-0.0145976
0.0203602	-0.000805525	0.0232941	-0.000862958	-0.0216694	-0.00566551	-0.0101444	-0.00254358	-0.000640682	-0.0013222
-2.87658e-05	-1.00658e-05	-1.61654e-05	-0.000505869	-0.00440528	-0.000244538	-4.73484e-06	0.00450752	-0.000176811	0.000884718
-1.31104e-05	8.48633e-05	-0.000210128	0.000508638	-2.36974e-06	-0.000219428	-5.34343e-06	-1.85358e-06	-0.000100408	-4.08612e-05
-0.00939106	-0.000664839	-0.00557023	0.0691499	-0.00975547	-0.0195313	-0.00233225	0.0117937	-0.00462825	-0.0290701
-0.0974021	-0.00910437	0.121906	0.498364	-0.137783	0.000543966	-0.0833806	-0.0234864	-0.107319	-0.162335
0.0419165	-0.0820098	0.488041	0.322189	-0.0651908	0.256896	-0.350161	-0.0963103	-0.258293	-0.257073
0.112346	-0.320265	0.555582	0.304413	-0.0910623	0.245311	-0.282139	-0.126167	-0.0853868	-0.312632
0.121164	-0.586081	0.195771	0.162095	-0.0985042	0.523618	0.0431165	-0.366868	0.0960181	-0.0903275
0.0761401	-0.43047	0.430776	-0.169789	0.0474811	0.184999	0.240541	-0.332933	0.0186896	-0.0654344
0.242938	-0.100027	0.0930001	-0.155334	0.137578	0.00947423	0.162543	-0.287032	0.0622452	-0.165385
0.286427	-0.0016266	0.00534401	-0.405832	0.12101	-0.174133	0.312713	-0.312739	0.269443	-0.100609
0.357356	-0.189489	0.236186	-0.448731	-0.231302	-0.167654	0.291592	-0.340423	0.264465	0.228003
0.0804732	-0.176394	0.122671	-0.423884	-0.0705492	-0.117431	0.230895	-0.101036	0.314481	0.140773
-0.3039	-0.00594889	0.280123	-0.523322	0.189323	-0.139855	0.660446	-0.133835	0.270656	-0.293688
-0.604697	0.106271	0.307469	-0.337201	0.322712	-0.109568	0.376635	0.0990222	0.0589588	-0.219598
-0.47411	0.217079	0.158173	-0.25369	0.342028	-0.0159608	0.0160869	-0.0691124	-0.105284	0.184793
-0.166756	-0.257214	-0.0395104	0.182586	0.196251	-0.0300793	0.0632343	-0.098482	-0.0235914	0.173564
-0.0149942	-0.442545	0.0983882	0.422189	0.259658	-0.00291579	0.193086	-0.174952	-0.205296	-0.132615
-0.00886446	-0.170471	0.238993	0.187172	-0.196966	0.14486	0.236528	-0.0998872	-0.234377	-0.0969871
-0.0287665	0.0117432	0.0951407	0.133784	-0.0490368	-0.101774	0.239615	-0.116145	-0.0360642	-0.148496
-0.0606691	-0.0255962	0.109528	0.12832	-0.149726	0.115306	0.0071824	-0.0370132	-0.0319088	-0.0554223
-0.154581	0.0354061	-0.0264437	0.0879973	-0.000169833	0.0663872	-0.0131269	-0.0273017	0.0357727	-0.00394051
-0.046073	-0.00304582	0.11902	0.361848	0.0295391	0.00690835	0.0776749	-0.138906	-0.182298	-0.224668
0.225885	-0.0693003	0.100836	0.42317	-0.338227	0.108435	0.0419566	-0.192037	0.03159	-0.332306
0.0881176	-0.0790007	0.432707	0.164891	-0.228263	0.192371	0.0633273	-0.354482	0.150796	-0.430462
-0.0317933	-0.00464564	0.780359	-0.22271	-0.220386	0.190397	0.0260558	-0.189546	-0.0460124	-0.281715
-0.0318483	0.0155329	0.657874	-0.108292	-0.190903	-0.101547	0.0282522	-0.0179056	-0.183645	-0.0675172
-0.00919752	0.0110531	0.0826973	-0.0132261	-0.0156894	-0.0256025	-0.026419	0.0218132	-0.0218868	-0.00354219
-0.00585508	-8.53774e-06	0.0337956	-0.000205123	-3.40499e-05	-0.0133813	-0.0135606	-1.71141e-05	-0.000349769	-0.000383943
-1.97419e-09	5.87083e-05	-4.00821e-05	-3.69867e-06	-1.10138e-08	-1.03511e-07	-2.49989e-07	-5.43397e-07	-1.37037e-05	-3.1382e-07
0.00548461	0.00029802	-0.00197497	-4.31822e-05	-0.00874276	-0.000604676	-0.000586091	0.0185113	-0.000753733	-0.0115885
-0.00502021	-0.000955576	-0.0059299	0.056687	-0.00651119	-0.0172171	-0.0026474	0.0114679	-0.00807432	-0.0217992
-0.0757979	-0.0114196	-0.0285916	0.520371	0.00956394	0.00670705	-0.0798155	-0.0636116	-0.151051	-0.126353
-0.0209793	-0.130042	0.304765	0.361594	-0.0735954	0.303247	-0.225103	-0.0769317	-0.231858	-0.211094
0.0867684	-0.44067	0.19427	0.442183	0.0276522	0.238342	-0.250035	-0.195611	0.100296	-0.203196
0.203935	-0.310858	0.117709	0.1313	-0.0662096	0.314312	-0.0290359	-0.351971	0.123464	-0.132645
0.179209	-0.0278628	0.374019	-0.0678357	-0.0996371	0.0758376	0.152997	-0.468081	-0.0474147	-0.0712309
0.214297	-0.029153	0.210897	-0.0648726	-0.25072	0.299007	0.0193692	-0.30729	0.0740752	-0.165609
0.115479	0.070841	0.264184	-0.0282739	-0.392066	0.0583909	0.295966	-0.312962	0.262968	-0.334528
0.262888	-0.133877	0.355291	-0.0829894	-0.452184	0.0411124	0.430854	-0.463536	0.25513	-0.21269
0.337097	-0.105677	0.193087	-0.21173	-0.164155	0.00500397	0.65888	-0.241025	-0.12547	-0.346006
0.206457	-0.0990085	0.182756	-0.244677	-0.445426	0.0433483	0.591535	-0.0939299	0.0553709	-0.196426
-0.15134	0.187485	0.395606	-0.131849	-0.176612	0.0625708	0.19687	-0.0694033	-0.127295	-0.18603
-0.251504	-0.109534	0.100872	-0.00497856	0.21732	-0.0403813	0.307861	0.15689	-0.131703	-0.244839
-0.149226	-0.00529589	0.19067	0.0412075	0.00889592	0.0549323	0.257242	-0.14863	-0.0257821	-0.224012
-0.145806	0.170226	0.233709	0.183759	-0.0637799	-0.0630515	0.243238	-0.356385	-0.0296853	-0.172223
0.0155681	-0.027423	0.234927	0.346604	-0.186097	-0.0794128	0.1997	-0.341995	0.0657776	-0.227647
-0.0191014	0.116895	0.104932	0.2559	-0.147993	0.0292544	0.0842825	-0.426273	0.154266	-0.152161
-0.114285	0.16779	-0.0295159	0.141108	-0.263817	0.0475277	0.142721	-0.126903	0.0237492	0.011626
-0.00409033	0.0736565	0.139939	0.0233877	-0.214981	0.190847	0.0557503	-0.286507	0.0262741	-0.00427804
0.076068	0.0137905	0.234745	0.307024	-0.0861751	0.112463	0.160018	-0.467881	-0.0787457	-0.271305
0.244674	-0.0621521	0.346674	0.12119	-0.464903	0.138405	0.155269	-0.443035	0.251687	-0.287806
0.0301115	-0.0392916	0.350861	0.119391	-0.331706	0.245877	0.0519334	-0.397478	0.202986	-0.232679
0.0125394	0.0410921	0.412369	-0.131027	-0.208239	0.222072	-0.0277106	-0.102086	-0.0794412	-0.139564
-0.0459563	0.0590872	0.508674	-0.0624652	-0.0957256	-0.0265761	-0.0990462	-0.0301984	-0.163754	-0.0440378
-0.00991628	0.0108777	0.151695	-0.00994866	-0.00256566	-0.0440462	-0.0532385	-0.00293959	-0.0245232	-0.0153942
-0.00180741	4.92322e-05	0.0147705	-9.91364e-05	-1.84367e-07	-0.00402283	-0.00878975	-4.7735e-07	-9.97123e-05	-2.43303e-07
0.0	0.0	0.0	0.0	0.0	0.0	0.0	0.0	0.0	0.0
0.0138142	-4.6577e-05	-0.00438196	-0.000245283	-8.98221e-05	-0.000636062	-0.00146933	-0.000214593	-0.00158781	-0.00514271
-0.00646267	-0.00679063	0.0295805	0.0393488	-0.000726754	-0.00753739	-0.00268749	-0.0104831	-0.0143548	-0.0198865
-0.0673064	-0.0256218	0.0913215	0.420438	-0.0301592	0.0372884	-0.0562397	-0.104377	-0.153425	-0.111918
0.0286809	-0.080908	0.354116	0.449778	-0.103832	0.114537	-0.198757	-0.233084	-0.207768	-0.122761
0.2126	-0.312754	0.298924	0.262631	-0.192376	0.373461	-0.285996	-0.300985	-0.0539708	-0.00153198
0.207336	-0.0521034	0.267432	0.39533	-0.243952	0.202494	-0.193519	-0.45222	0.0722921	-0.203091
0.157822	0.0171975	0.549958	0.211661	-0.428663	-0.129598	0.169121	-0.483003	0.340978	-0.405475
0.198905	0.198272	0.286993	0.185491	-0.530656	0.246309	-0.0338127	-0.304679	0.0441079	-0.290933
0.194055	0.117261	0.289594	0.288465	-0.405998	0.228286	0.261867	-0.386427	-0.092431	-0.494672
0.263832	0.16931	0.288697	-0.0345071	-0.410786	0.0268808	0.477816	-0.317193	0.150506	-0.614556
0.418227	0.205511	0.381036	-0.164875	-0.174278	0.116165	0.351357	-0.297086	-0.160694	-0.67536
0.42932	0.0998899	0.237359	-0.42661	-0.223551	0.0285957	0.508283	-0.0952383	0.0432936	-0.601341
0.158466	-0.0772522	0.0779838	-0.10175	-0.381318	0.0626211	0.26687	0.0188566	0.12084	-0.145317
-0.0108848	-0.00811957	-0.0224259	0.0819627	-0.109568	-0.100037	0.633575	0.0660356	-0.235291	-0.295246
0.00193299	-0.00977429	0.0727768	-0.0606726	-0.0399434	0.0141262	0.356637	-0.215106	0.150466	-0.270441
-0.109145	0.276548	0.0572009	0.118539	0.0639841	0.152402	0.180025	-0.378241	-0.241046	-0.120265
-0.0185934	0.303421	-0.103326	0.242916	0.0301635	0.197331	0.088771	-0.517956	-0.0654683	-0.157258
-0.109352	0.391038	0.157354	0.285373	-0.10064	0.177425	0.263314	-0.712402	-0.0714138	-0.280696
-0.0893911	0.357976	0.303914	0.0979017	-0.296172	0.159812	0.0719873	-0.442324	-0.0674101	-0.096292
-0.0534806	0.195905	0.220356	0.24243	-0.190552	0.0065982	0.216879	-0.609696	0.155035	-0.183474
0.0738432	0.028847	0.308497	0.118965	-0.078925	0.138941	0.0586663	-0.598766	0.263235	-0.313304
0.136036	-0.0530511	0.282002	-0.00814364	-0.292967	0.463508	-0.0874586	-0.50898	0.290607	-0.22155
-0.0537354	-0.0549154	0.296174	0.0552534	-0.27049	0.204877	0.0185545	-0.269342	0.153115	-0.0794885
-0.0310361	-0.0231937	0.447239	-0.0971078	-0.14115	0.111254	-0.0699897	-0.0511529	-0.165293	0.0204337
-0.0388732	0.00711563	0.237313	-0.03689	-0.0942646	0.0780648	-0.0456538	-0.034932	-0.105121	0.0332423
-0.00157274	0.0124608	0.0440679	-0.00307924	-0.000687849	-0.00606909	-0.0101844	-0.00188008	-0.0221456	-0.0109096
-2.1129e-05	0.000190516	-0.000155665	-4.66744e-05	-3.41879e-05	0.000452321	-4.75138e-06	-3.19801e-05	-0.000315675	-3.27739e-05
-2.22159e-08	0.000108202	-5.05711e-05	-1.68896e-05	-4.73012e-07	-6.67471e-07	-7.89788e-07	-7.33781e-06	-2.98119e-05	-1.63913e-06
-5.72515e-05	1.08972e-05	0.000159132	0.000791449	-3.05284e-06	-0.000281793	-3.25877e-05	-0.000228773	-0.000116815	-0.000241205
-0.0191127	-0.0116634	0.0631994	0.0657635	-0.000615219	-0.016316	-0.00190454	-0.0484403	-0.0140962	-0.0168145
-0.0458087	-0.0127107	0.169351	0.271578	-0.0638569	0.0534535	-0.0372316	-0.141572	-0.105089	-0.0881109
-0.0682683	0.0691077	0.22977	0.274016	-0.10969	0.235609	-0.168881	-0.255144	-0.0944624	-0.112054
0.12798	0.332675	0.203104	0.0561448	-0.12447	0.100885	-0.267425	-0.311815	-0.0765432	-0.0405365
0.154212	0.258411	0.187732	0.273959	-0.356793	0.144869	-0.36608	-0.395659	0.2345	-0.135153
0.138094	0.120833	0.171755	0.24867	-0.410567	0.249639	-0.074542	-0.443155	0.274386	-0.275114
-0.0335497	0.198103	0.0149937	0.193426	-0.117344	0.160386	0.153522	-0.27929	-0.0453859	-0.244863
0.0668925	0.052232	0.291363	-0.248727	-0.159329	0.146803	0.201877	-0.362817	0.207287	-0.195582
0.228771	0.235696	0.124788	-0.142442	-0.214283	0.0833381	0.257012	-0.20623	-0.0981317	-0.268519
0.354009	-0.116745	0.0904051	-0.143562	-0.045067	0.217825	0.323742	-0.223411	-0.00529382	-0.4519
0.322154	-0.16757	0.00236775	-0.072653	-0.104711	0.108756	0.563807	-0.11457	-0.175902	-0.361679
0.114994	-0.186266	0.165451	-0.0478005	-0.231191	0.0654776	0.559084	-0.200695	0.0844482	-0.323502
-0.0187411	0.153739	0.141725	-0.0995208	-0.151359	0.132639	0.587544	-0.298549	-0.0708034	-0.376672
-0.00703704	0.101994	-0.0159142	0.0337825	0.0923007	0.0753912	0.281301	-0.159959	-0.0429264	-0.358931
0.00309485	-0.00381174	0.149685	0.140136	-0.127409	-0.0180709	0.261731	-0.0774945	-0.167302	-0.160558
-0.173864	0.104579	0.297704	0.0108495	0.0306406	0.112278	0.369454	-0.378176	-0.0217892	-0.351678
-0.174033	0.415908	0.35439	0.169042	-0.169829	0.00502354	0.276204	-0.431668	-0.0983683	-0.346671
-0.229326	0.291998	0.440201	0.242618	-0.0354843	-0.00988095	0.133896	-0.44164	-0.0865149	-0.305869
-0.101367	0.346426	0.0489643	0.000392557	-0.041137	0.245882	0.072585	-0.503398	0.142137	-0.210484
0.0198536	0.190689	0.153622	-0.110503	0.00858371	0.369911	-0.0369723	-0.562349	0.0694672	-0.102301
0.02981	-0.155888	0.333941	-0.0657863	-0.112199	0.416084	0.0404503	-0.478269	0.168128	-0.176267
0.00665653	-0.115248	0.45481	-0.15216	-0.074445	0.226763	-0.0292533	-0.273077	-0.0205214	-0.023522
-0.0482009	0.0119845	0.325348	-0.132128	-0.0973603	0.136476	-0.036654	-0.0481198	-0.202758	0.0914143
-0.0217935	0.000498565	0.134303	-0.0275942	-0.0844148	0.11658	-0.0365022	-0.0202028	-0.0693746	0.00850176
0.0179294	-0.00107612	0.0143831	-0.00394877	-0.00149473	0.00294807	-0.00308936	-0.00195752	-0.00720596	-0.0164881
5.24424e-06	-4.486e-11	-1.08559e-06	-3.09558e-07	-3.83465e-09	-1.54072e-06	-2.35347e-07	-7.69598e-09	-2.04573e-06	-1.57456e-08
-2.15216e-08	0.000104821	-4.89908e-05	-1.63618e-05	-4.58231e-07	-6.46612e-07	-7.65107e-07	-7.10851e-06	-2.88802e-05	-1.58791e-06
-9.00051e-07	3.07406e-05	-1.7133e-05	2.91818e-05	-1.88619e-07	-9.70844e-06	-2.50278e-07	-1.30027e-05	-1.10145e-05	-7.72486e-06
-0.00377681	-0.0112799	0.0458737	0.0707481	-0.000405369	-0.0111365	-0.000231286	-0.0607742	-0.010538	-0.0184797
-0.0529936	-0.012395	0.131785	0.211286	-0.0635056	0.0263529	-0.0157485	-0.139492	-0.040997	-0.0442911
-0.219411	0.125115	0.204313	0.185695	-0.095211	0.231802	-0.0804066	-0.185439	-0.0721902	-0.0942631
-0.0488644	0.66056	0.182559	0.0593938	-0.144142	-0.0460922	-0.174657	-0.0935534	-0.14555	-0.249652
0.0407171	0.440821	0.330548	0.169109	-0.210258	-0.191569	-0.334865	-0.112395	0.0585664	-0.190674
0.0905227	0.114631	0.309392	0.122625	-0.244846	-0.0306816	-0.269269	0.0297267	0.15965	-0.281752
0.189417	0.0689388	0.342488	-0.0436298	-0.204824	0.0709351	-0.157197	-0.0993965	-0.0636825	-0.103051
0.171271	0.099323	0.306584	0.0118979	-0.248299	0.0542078	0.0289485	-0.222278	-0.0680682	-0.133587
0.158175	-0.102939	0.100516	0.0156583	-0.147058	-0.055039	0.131778	-0.0951129	0.0253766	-0.0313549
0.200622	-0.390449	0.165146	0.121919	-0.122488	0.0865985	0.0504901	-0.275102	0.191414	-0.0281496
0.17457	-0.529253	0.127404	-0.0656344	-0.171416	0.131261	0.30344	-0.106378	0.132166	0.00384008
0.452715	-0.372376	0.0409168	-0.104075	-0.111494	0.252415	0.276795	-0.396004	0.148327	-0.187222
0.109124	-0.0935123	-0.0498993	-0.0733572	-0.186873	0.148514	0.0344112	-0.12122	0.257577	-0.024764
0.10281	0.0371013	-0.119123	0.0975086	-0.146756	0.0543753	0.220345	-0.0546649	0.0811253	-0.272721
0.0456401	0.0170353	-0.00569629	0.050183	-0.143984	0.151356	0.159396	-0.0602789	-0.0342377	-0.179413
0.0630368	0.252503	-0.0296292	0.104347	-0.00250861	0.0280806	0.0348409	-0.256962	0.0740042	-0.267712
-0.0883583	0.41989	0.142861	0.0517534	-0.0299788	0.153761	-0.0532598	-0.292059	-0.017781	-0.286828
-0.116667	0.254209	0.264779	0.168783	0.244768	0.165897	-0.0407104	-0.29114	-0.170716	-0.479202
-0.170789	0.228833	0.289604	0.129112	0.0576199	0.13484	0.0565901	-0.472765	-0.085566	-0.167481
-0.0777618	-0.00162452	0.240839	-0.059366	0.261181	0.0659638	0.0506195	-0.534394	0.120032	-0.0654885
0.0343248	-0.155841	0.358303	0.0207713	0.00141248	0.192623	-0.0967771	-0.37179	-0.0138064	0.0307823
0.0400516	-0.0815437	0.249308	-0.0855976	-0.101847	0.21014	-0.108601	-0.260571	-0.000340753	0.139004
-0.0347418	-0.012876	0.19699	-0.0929786	-0.082211	0.135943	-0.0510753	-0.0471125	-0.0903219	0.0783847
-0.0148206	-0.00240412	0.0652545	-0.0245207	-0.0529212	0.0783465	-0.0141654	-0.0207029	-0.0285329	0.0144671
0.00190816	0.00414199	-0.0204204	-0.000109614	0.00307901	0.0206892	-0.000131006	-0.00081037	-0.00370781	-0.00463912
9.68168e-06	-8.28184e-11	-2.00416e-06	-5.71491e-07	-7.07935e-09	-2.84441e-06	-4.34487e-07	-1.4208e-08	-3.77674e-06	-2.90688e-08
0.0	0.0	0.0	0.0	0.0	0.0	0.0	0.0	0.0	0.0
0.0	0.0	0.0	0.0	0.0	0.0	0.0	0.0	0.0	0.0
-0.000324004	-0.000171717	0.00131599	0.0646999	-0.000154201	-0.000596032	-3.02432e-05	-0.0456265	-0.00237782	-0.0167353
-0.0254137	-0.045181	-0.0251992	0.226564	-0.0130282	0.0350754	-0.00188689	-0.105695	-0.0332067	-0.0120293
-0.158136	-0.00465541	-0.00277784	0.309662	-0.0448606	0.155843	-0.0154726	-0.00499292	-0.112124	-0.122485
-0.170195	0.379733	-0.0520485	0.293545	-0.0905396	0.159518	-0.0528429	0.109391	-0.374252	-0.202306
-0.0703483	0.361113	0.00448247	0.257185	-0.0647197	-0.0321137	-0.124485	0.250702	-0.358744	-0.223071
0.113675	0.0995617	0.107024	0.229932	-0.0541554	-0.173866	-0.253292	0.31289	-0.180429	-0.201342
0.177502	-0.0362979	0.158266	-0.0199752	-0.0464643	0.113568	-0.289836	-0.261368	0.219708	-0.0151033
0.272991	0.0230547	0.165554	0.163616	-0.0383413	0.103119	-0.31498	-0.14486	0.048265	-0.27842
0.337318	-0.0857024	-0.00679189	0.127035	-0.0114375	0.272323	-0.393636	-0.121945	-0.0848806	-0.0322805
0.328675	-0.0820635	0.220945	0.224193	-0.00777748	0.0631575	-0.298948	-0.344277	0.031362	-0.135267
0.219031	0.151602	0.141597	-0.168484	-0.126002	0.113193	-0.0878275	-0.325559	0.154456	-0.0720073
0.251192	-0.0821125	-0.104196	0.139994	-0.0775061	-0.0662358	-0.056901	-0.303009	0.422695	-0.123919
0.262822	-0.226111	-0.0641125	-0.129335	-0.0164454	0.100002	0.0227433	-0.127634	0.196926	-0.0188558
0.198504	0.0741453	-0.0943603	-0.0457556	-0.0688188	0.00128691	-0.0138439	-0.00727	0.172368	-0.216255
0.0227417	0.0485959	-0.0273001	-0.262219	0.102548	0.203594	-0.103333	-0.166361	0.321013	-0.139279
0.0429461	0.250764	-0.0587668	0.0775763	-0.0125845	0.0137925	-0.0849427	-0.141715	0.0585944	-0.145665
-0.314848	0.0396879	0.244356	0.300519	0.214998	-0.23226	0.00546736	-0.243787	0.144002	-0.158136
-0.353693	0.0368754	0.427951	-0.000697361	0.219226	-0.0651553	0.0390078	-0.387925	0.160941	-0.0765319
-0.329389	-0.0655292	0.358782	0.0321695	0.229672	0.0355063	0.00572828	-0.485499	0.200718	0.0178439
-0.16389	-0.136279	0.420425	-0.0571879	0.222699	-0.0316433	-0.0493138	-0.471491	0.0542417	0.212443
-0.060929	-0.11601	0.360851	-0.132037	-0.0729835	0.0476095	-0.04602	-0.306953	0.00714114	0.319333
-0.0382378	-0.090958	0.223381	-0.0763196	-0.118222	0.127035	-0.0421414	-0.267795	0.0569596	0.2263
-0.0512186	-0.0218568	0.177636	-0.0376839	-0.0763426	0.0887312	-0.028771	-0.077741	-0.0609874	0.0882345
-0.00982151	0.000783082	0.0649117	-0.0224066	-0.00196016	0.0323088	-0.00749513	-0.0239955	-0.0228754	-0.00944919
-1.51275e-05	0.0170863	-0.0145074	0.00570164	0.00315656	0.0121411	-0.000133374	-0.000630231	-0.0149627	-0.00783667
0.0	0.0	0.0	0.0	0.0	0.0	0.0	0.0	0.0	0.0
0.0	0.0	0.0	0.0	0.0	0.0	0.0	0.0	0.0	0.0
0.0	0.0	0.0	0.0	0.0	0.0	0.0	0.0	0.0	0.0
-0.00145552	-9.52222e-06	-0.00198984	0.0313373	-1.10477e-05	-0.00044312	-3.92871e-06	-0.0229889	-0.000121432	-0.00431403
-0.00242968	-0.0307454	-0.0658941	0.13693	-0.00032314	0.0350798	-0.000156301	-0.00912746	-0.0508184	-0.0125156
-0.0152383	-0.0566392	-0.116592	0.251321	-0.0200279	-0.00458939	-0.00282762	0.120081	-0.181434	0.0259478
-0.0743059	0.0411678	-0.23711	0.254835	-0.0211007	0.00106467	-0.0192058	0.368909	-0.356431	0.0421793
-0.100534	0.0401852	-0.343345	0.485198	-0.0330969	-0.033665	-0.0336875	0.396799	-0.402851	0.0249984
-0.148084	-0.0765027	-0.321343	0.484727	-0.0397699	0.0585715	-0.0738167	0.262039	-0.275996	0.130176
-0.100213	-0.195738	-0.184103	0.207599	-0.0667558	0.133981	-0.143992	0.140722	0.127172	0.0813287
-0.0544688	-0.191045	-0.0800139	0.213591	0.0215554	0.377552	-0.215703	0.0230307	0.0513989	-0.145898
-0.0286026	-0.254172	-0.194592	0.400716	0.0223059	0.202265	-0.289797	0.0503923	0.0603662	0.0311183
-0.0204048	-0.286624	-0.131475	0.383754	0.130878	0.157281	-0.40393	-0.0527567	0.352411	-0.129134
0.216849	-0.274679	0.0634433	0.246844	-0.171546	0.233482	-0.357713	-0.0352632	0.271778	-0.193197
0.211594	-0.356098	0.0157613	0.34762	-0.189958	0.378697	-0.384322	0.13415	0.14269	-0.300137
0.119222	-0.36433	0.243736	0.328606	-0.107231	0.3118	-0.334534	0.00110618	0.173315	-0.371689
-0.0383208	-0.289057	0.0563749	0.170672	-0.123447	0.271161	-0.276141	-0.015503	0.282031	-0.0377702
-0.11038	-0.459696	0.0381035	0.275711	0.00137693	0.091699	-0.152555	-0.077337	0.444626	-0.0515488
-0.170857	-0.134056	0.167864	0.180128	-0.171471	0.189326	-0.0957906	-0.0348096	-0.0293666	0.0990315
-0.284409	-0.00915382	0.228339	-0.173601	-0.0277713	0.178573	-0.0945892	-0.200754	0.308866	0.0745011
-0.305151	0.012949	0.00936716	-0.146689	0.110992	0.0121491	-0.0999288	-0.182598	0.467535	0.121375
-0.292068	-0.0241386	0.0109696	-0.0636441	0.0836193	0.0229901	-0.0581666	-0.212793	0.138227	0.395007
-0.202304	-0.0299229	0.162246	-0.0246794	0.0693171	-0.00909243	-0.0612088	-0.229096	-0.0383128	0.363055
-0.0892678	-0.0644396	0.0583741	-0.0422403	0.0222154	0.145404	-0.0362279	-0.219136	-0.0481918	0.273511
-0.0334731	-0.0263797	0.0918646	-0.025435	-0.0246877	0.106496	-0.0146435	-0.241581	-0.032643	0.200484
-0.00524009	-0.0113787	0.208684	-0.0282922	-0.0470114	0.0631499	-0.00322276	-0.0954132	-0.0518553	-0.02942
-0.000408451	0.00526552	0.114622	-0.00608936	0.00813121	-0.0193843	-0.00036124	-0.0383366	-0.026092	-0.0373467
-3.99508e-07	0.00122365	0.0179614	-1.45529e-05	-0.000113349	-0.000352221	-3.52759e-05	-1.70078e-06	-0.00376455	-0.014903
0.0	0.0	0.0	0.0	0.0	0.0	0.0	0.0	0.0	0.0
0.0	0.0	0.0	0.0	0.0	0.0	0.0	0.0	0.0	0.0
0.0	0.0	0.0	0.0	0.0	0.0	0.0	0.0	0.0	0.0
-2.39878e-05	-2.56394e-07	-4.94775e-05	0.00297057	-6.72653e-05	-8.03634e-06	-3.44411e-07	-0.00439136	-0.000244471	0.00181463
-0.000126136	-0.00286427	-0.0167245	-0.0248523	-7.18258e-05	0.035279	-5.09927e-05	0.0199576	-0.00406094	-0.00648562
-0.00284863	-0.0423377	-0.0521005	6.01044e-05	0.00130731	0.042185	-0.000878797	0.11505	-0.0954525	0.0350162
-0.0167754	-0.088106	-0.0802894	0.0936296	-0.043922	-0.0155427	-0.00181711	0.0782379	-0.186418	0.261004
-0.0785046	-0.113837	-0.0791251	0.260401	-0.121533	-0.0223486	-0.00556293	0.0220697	-0.143698	0.282141
-0.126047	-0.154041	-0.161286	0.456384	-0.200895	-0.00577195	-0.0104451	0.0684162	-0.152473	0.286161
-0.195952	-0.150419	-0.318956	0.675283	-0.371455	0.00801189	-0.0370974	0.305091	-0.245238	0.330739
-0.292482	-0.233218	-0.370521	0.682313	-0.279502	0.160421	-0.0528927	0.36046	-0.20277	0.228194
-0.412512	-0.461001	-0.316256	0.649773	-0.13783	0.183565	-0.0493843	0.198073	0.0727066	0.272868
-0.426768	-0.395799	-0.317631	0.547358	-0.286099	0.305764	-0.0486942	0.395129	0.0825169	0.144224
-0.525882	-0.266298	-0.210675	0.643972	-0.461101	0.309101	-0.0462531	0.339107	-0.053706	0.271735
-0.47826	-0.327256	-0.134177	0.521995	-0.261685	0.326985	-0.0972952	0.270703	-0.029621	0.208613
-0.452354	-0.355069	-0.0203524	0.326961	-0.236418	0.135032	-0.0938722	0.23508	0.145176	0.31582
-0.403814	-0.373959	0.0340535	0.1729	-0.279586	0.330872	-0.0969003	0.235563	0.269709	0.111164
-0.281301	-0.359272	-0.00380337	0.222526	-0.403864	0.275699	-0.0808326	0.146609	0.257737	0.226505
-0.310761	-0.220272	-0.064783	0.156993	-0.42097	0.252534	-0.0543944	0.136966	0.270317	0.254372
-0.263334	-0.107444	-0.199164	0.083078	-0.33099	0.145405	-0.0458177	0.243942	0.177049	0.297278
-0.153979	-0.0817725	-0.23916	0.127833	-0.382274	0.131974	-0.0291385	0.0690516	0.105364	0.452105
-0.164554	-0.031653	-0.162006	-0.0016466	-0.226354	0.0995258	-0.0159942	-0.0877708	0.0311665	0.559289
-0.125918	-0.00736504	-0.133565	-0.0789827	-0.1494	0.175297	-0.00956065	-0.0705603	-0.0277799	0.427836
-0.0516001	-0.00466961	-0.116153	-0.0300051	-0.0670425	0.21974	-0.00648802	-0.019204	-0.0373768	0.1128
-0.0124082	-0.00092304	-0.0578254	-0.00549932	-0.0579781	0.150735	-0.00280111	-0.0593762	-0.0110062	0.0570826
-0.00263814	-1.15492e-05	-0.00663929	-0.00023927	-0.0367081	0.0822429	-0.000570207	-0.00540833	-0.00574062	-0.0242874
-4.80252e-07	-7.95806e-06	0.015947	-0.000252544	-0.000947071	-1.23693e-05	-2.26025e-05	-0.0009818	-0.00329693	-0.0104252
-3.54662e-07	-9.50554e-06	0.0190719	-3.58569e-06	-0.000120133	-9.03658e-06	-2.55108e-05	-1.38126e-06	-0.00308878	-0.0158136
0.0	0.0	0.0	0.0	0.0	0.0	0.0	0.0	0.0	0.0
0.0	0.0	0.0	0.0	0.0	0.0	0.0	0.0	0.0	0.0
0.0	0.0	0.0	0.0	0.0	0.0	0.0	0.0	0.0	0.0
0.0	0.0	0.0	0.0	0.0	0.0	0.0	0.0	0.0	0.0
0.0	0.0	0.0	0.0	0.0	0.0	0.0	0.0	0.0	0.0
-0.000194819	-0.000905523	-0.000737217	0.00114506	0.0033547	-0.00267756	-3.90368e-05	-0.0463175	-0.0113244	0.0576962
-0.00359321	-0.00330371	-0.0028026	0.0199547	0.00163761	-0.00773617	-0.000269054	-0.107409	-0.0365045	0.140026
-0.0167021	-0.00630498	-0.00921672	0.0345385	-0.0488481	-0.0277076	-0.00111666	-0.099825	-0.058839	0.234022
-0.0374427	-0.00930552	-0.0224578	0.0449423	-0.124766	-0.0900117	-0.00197245	0.0063262	-0.0295203	0.264209
-0.0541638	-0.0153746	-0.0288806	0.0218237	-0.213137	-0.117898	-0.00436868	0.101899	-0.0209684	0.33107
-0.100529	-0.0268158	-0.0283643	0.00611671	-0.34297	-0.0815878	-0.00634353	0.177122	-0.0705923	0.473966
-0.0915814	-0.0759591	-0.0264587	0.0301175	-0.348319	-0.0227254	-0.00714276	0.190002	-0.135459	0.487528
-0.0693989	-0.0686115	-0.0647866	0.0329117	-0.416599	0.091296	-0.00884324	0.165208	-0.088082	0.426907
-0.0479274	-0.085741	-0.0353722	-0.00317723	-0.456426	0.0831376	-0.0105238	0.0632992	-0.0976738	0.590405
-0.0900705	-0.140074	-0.059892	0.00574142	-0.497219	0.010522	-0.0138478	0.341763	-0.119682	0.562761
-0.124661	-0.116269	-0.0474365	-0.0217611	-0.609025	-0.0210522	-0.0116933	0.404805	-0.162897	0.70999
-0.0941163	-0.0696544	-0.0610053	-0.00608963	-0.530771	0.0793841	-0.00990321	0.471522	-0.188131	0.408765
-0.0661515	-0.0512897	-0.0800481	0.0778825	-0.474451	0.00784912	-0.0090365	0.298042	-0.128071	0.425276
-0.0891195	-0.0318535	-0.094709	0.0629101	-0.421484	-0.0466231	-0.00863376	0.305272	-0.065037	0.38928
-0.0567919	-0.0381667	-0.0609824	0.0296569	-0.423234	-0.0831685	-0.00780607	0.286912	-0.0481199	0.401702
-0.0101754	-0.0208027	-0.0223376	0.00113245	-0.33491	-0.0170381	-0.00476896	0.176801	-0.0623764	0.294476
-0.0422455	-0.00766026	-0.0232744	-0.0170519	-0.169679	0.0368069	-0.00324335	0.00226789	-0.0312183	0.255298
-0.0527507	-0.00384816	-0.0273249	-0.0104661	-0.0837988	0.0405958	-0.00219395	0.00353473	-0.0126129	0.148865
-0.02631	-0.000643062	-0.00995834	0.000551896	-0.0432518	0.0189206	-0.00040838	0.055286	-0.00301923	0.00883234
-0.00149124	-9.73484e-06	-6.08786e-05	-0.000219165	-0.00272106	0.00027894	-7.54307e-05	-0.00278475	-0.000265053	0.00734837
-4.84005e-06	-1.62046e-09	-5.37353e-07	-1.49003e-06	-0.00123935	-2.44837e-05	-1.42114e-06	-0.000103236	-1.15475e-05	0.00138691
-2.0125e-07	-1.75329e-08	-1.32197e-06	-2.33808e-07	-6.91252e-08	-9.11246e-08	-8.63801e-10	1.7685e-05	-6.59685e-07	-1.50894e-05
0.0	0.0	0.0	0.0	0.0	0.0	0.0	0.0	0.0	0.0
0.0	0.0	0.0	0.0	0.0	0.0	0.0	0.0	0.0	0.0
0.0	0.0	0.0	0.0	0.0	0.0	0.0	0.0	0.0	0.0
0.0	0.0	0.0	0.0	0.0	0.0	0.0	0.0	0.0	0.0
0.0	0.0	0.0	0.0	0.0	0.0	0.0	0.0	0.0	0.0
0.0	0.0	0.0	0.0	0.0	0.0	0.0	0.0	0.0	0.0
-3.13766e-06	-4.10297e-06	-2.15224e-06	-6.28513e-07	-1.23578e-06	-9.29162e-07	-7.39509e-08	0.000148062	-4.11503e-05	-9.46522e-05
-5.77354e-05	-1.06422e-05	-7.744e-06	-2.4653e-06	-5.61933e-06	-1.65465e-05	-8.24845e-07	0.000607876	-0.000115281	-0.000391019
-8.52464e-05	-9.43238e-06	-2.99692e-05	-3.00123e-05	-0.005703	-5.04492e-05	-2.5099e-06	-0.000281638	-0.000142955	0.00633521
-0.000168252	-2.24149e-05	-0.000103908	-8.03e-05	-0.0326458	-0.000492165	-3.86337e-05	-0.00373731	-0.000221197	0.0375099
-0.000488407	-4.75751e-05	-0.000153326	-0.000174863	-0.0347971	-0.00109951	-7.09734e-05	0.00838463	-0.00037218	0.0288194
-0.00106988	-4.29798e-05	-0.000238767	-0.00112724	-0.0180983	-0.000813204	-2.8821e-05	0.00812438	-0.000806724	0.0141015
-0.00104029	-0.00382873	-0.00417448	-0.00590008	-0.0427844	0.00276136	-6.34537e-05	0.0496738	-0.0126038	0.0179602
-0.00168351	-0.00122176	-0.00178456	-0.00353965	-0.0279854	0.00791033	-6.57668e-05	0.0174221	-0.00346424	0.0144125
-0.00372234	-0.00338577	-0.000885533	-0.00408134	-0.0392865	0.00436202	-0.000399901	0.0304503	-0.00829593	0.0252451
-0.00640862	-0.00340375	-0.00107778	-0.00556863	-0.0309815	-0.00349026	-0.000412805	0.129481	-0.00695294	-0.0711853
-0.00964913	-0.00177878	-0.000902304	-0.00775912	-0.0926473	-0.0112537	-0.000818209	0.116765	-0.00631104	0.0143545
-0.00931923	-0.000498049	-0.00105927	-0.00632487	-0.0479695	-0.00833161	-0.000772689	0.115374	-0.00591343	-0.0351854
-0.00542654	-0.000320509	-0.000903368	-0.00744081	-0.0305577	-0.00603752	-0.000547791	0.0973267	-0.00310939	-0.042983
-0.00426045	-0.00432946	-0.00117883	-0.00557508	-0.0276509	-0.00738929	-0.000516858	0.119805	-0.00309097	-0.0658133
-0.00438896	-0.0130563	-0.000748792	-0.00359909	-0.036275	-0.00573228	-0.000341945	0.147275	-0.00357091	-0.079562
-0.0022192	-0.000243209	-0.000479069	-0.00253987	-0.0288682	-0.00596299	-0.000199452	0.105447	-0.00236091	-0.062574
-0.00415752	-8.73113e-05	-0.00426516	-0.0012907	-0.00588819	-0.0122842	-0.000189627	0.0390078	-0.00282687	-0.00801821
-0.00995993	-2.85295e-05	-0.00285043	-0.000404264	-0.00352547	-0.00520544	-8.04906e-05	0.0163592	-0.00144482	0.00714019
-0.0292337	-5.15067e-05	-0.0103167	-0.000262167	-0.00772519	-0.00490131	-0.000199597	0.045077	-0.00131969	0.00893287
-0.00667996	-3.294e-06	-0.000106519	-2.73695e-05	-0.00172075	-0.001098	-1.8776e-05	0.014572	-0.000271295	-0.00464602
0.0	0.0	0.0	0.0	0.0	0.0	0.0	0.0	0.0	0.0
0.0	0.0	0.0	0.0	0.0	0.0	0.0	0.0	0.0	0.0
0.0	0.0	0.0	0.0	0.0	0.0	0.0	0.0	0.0	0.0
0.0	0.0	0.0	0.0	0.0	0.0	0.0	0.0	0.0	0.0
