0.0	0.0	0.0	0.0	0.0	0.0	0.0	0.0	0.0	0.0
0.0	0.0	0.0	0.0	0.0	0.0	0.0	0.0	0.0	0.0
0.0	0.0	0.0	0.0	0.0	0.0	0.0	0.0	0.0	0.0
0.0	0.0	0.0	0.0	0.0	0.0	0.0	0.0	0.0	0.0
0.0	0.0	0.0	0.0	0.0	0.0	0.0	0.0	0.0	0.0
0.0	0.0	0.0	0.0	0.0	0.0	0.0	0.0	0.0	0.0
0.0	0.0	0.0	0.0	0.0	0.0	0.0	0.0	0.0	0.0
0.0	0.0	0.0	0.0	0.0	0.0	0.0	0.0	0.0	0.0
0.0	0.0	0.0	0.0	0.0	0.0	0.0	0.0	0.0	0.0
0.0	0.0	0.0	0.0	0.0	0.0	0.0	0.0	0.0	0.0
0.0	0.0	0.0	0.0	0.0	0.0	0.0	0.0	0.0	0.0
0.0	0.0	0.0	0.0	0.0	0.0	0.0	0.0	0.0	0.0
-3.01588e-06	-5.39172e-06	-0.000249653	-1.41702e-05	-0.000765914	-1.46794e-05	0.00129278	-5.72095e-06	-6.22467e-05	-0.000171984
-1.48462e-05	-1.29688e-05	-0.000259766	-3.93977e-05	-0.00178609	-3.25343e-05	0.00273044	-1.68844e-05	-0.000144571	-0.000423383
-9.17227e-06	-1.29393e-06	0.000319252	-9.31402e-06	-0.000121296	-4.35757e-07	-0.00011161	-4.84909e-06	-9.20492e-06	-5.20763e-05
-3.82178e-07	-5.39137e-08	1.33022e-05	-3.88084e-07	-5.054e-06	-1.81565e-08	-4.6504e-06	-2.02045e-07	-3.83538e-07	-2.16985e-06
0.0	0.0	0.0	0.0	0.0	0.0	0.0	0.0	0.0	0.0
0.0	0.0	0.0	0.0	0.0	0.0	0.0	0.0	0.0	0.0
0.0	0.0	0.0	0.0	0.0	0.0	0.0	0.0	0.0	0.0
0.0	0.0	0.0	0.0	0.0	0.0	0.0	0.0	0.0	0.0
0.0	0.0	0.0	0.0	0.0	0.0	0.0	0.0	0.0	0.0
0.0	0.0	0.0	0.0	0.0	0.0	0.0	0.0	0.0	0.0
0.0	0.0	0.0	0.0	0.0	0.0	0.0	0.0	0.0	0.0
0.0	0.0	0.0	0.0	0.0	0.0	0.0	0.0	0.0	0.0
0.0	0.0	0.0	0.0	0.0	0.0	0.0	0.0	0.0	0.0
0.0	0.0	0.0	0.0	0.0	0.0	0.0	0.0	0.0	0.0
0.0	0.0	0.0	0.0	0.0	0.0	0.0	0.0	0.0	0.0
0.0	0.0	0.0	0.0	0.0	0.0	0.0	0.0	0.0	0.0
0.0	0.0	0.0	0.0	0.0	0.0	0.0	0.0	0.0	0.0
0.0	0.0	0.0	0.0	0.0	0.0	0.0	0.0	0.0	0.0
0.0	0.0	0.0	0.0	0.0	0.0	0.0	0.0	0.0	0.0
0.0	0.0	0.0	0.0	0.0	0.0	0.0	0.0	0.0	0.0
-2.59666e-09	-1.12706e-08	-6.28373e-07	-1.64376e-09	-8.41482e-06	-1.25861e-08	9.51347e-06	-6.91128e-09	-1.05344e-07	-3.29961e-07
-9.3832e-08	-3.35394e-08	-3.62188e-06	-1.82141e-08	-7.23903e-05	-4.40943e-08	7.85399e-05	-3.64602e-07	-3.31177e-07	-1.64244e-06
-1.84914e-05	-1.06807e-07	-0.000118145	-3.94545e-06	-0.00369151	-6.24118e-06	0.00399018	-2.88862e-05	-4.20966e-06	-0.000118648
-3.5687e-05	-2.43373e-05	-0.000345529	-9.01996e-06	-0.0081955	-1.30037e-05	0.00900503	-8.15196e-05	-2.46815e-05	-0.000275753
-3.92335e-05	-0.00114614	-0.00181161	-5.70137e-05	-0.00732029	-4.0075e-05	0.0113783	-0.000266178	-0.000303772	-0.000394028
-5.90133e-05	-0.000994039	-0.00205092	-8.77678e-05	-0.00395528	-3.432e-05	0.00802224	-0.000264585	-0.000327488	-0.000248826
-0.000549749	-0.000707581	-0.000945145	-9.04981e-05	-0.00759326	-0.000106242	0.0110331	-0.000233352	-0.000321206	-0.000486084
0.00163707	-0.000515392	-0.00408126	-0.000142942	-0.0123345	-0.000228134	0.0188277	-0.000836879	-0.000542975	-0.00178269
0.00414443	-0.000403022	-0.00474191	-0.000222053	-0.0211128	-0.00121868	0.0285184	-0.00204164	-0.000561232	-0.00236149
0.00177135	-0.000228353	-0.00307367	-0.00015971	-0.0145522	-0.0011527	0.0201467	-0.000589279	-0.000658367	-0.00150373
-0.000218363	0.0034177	-1.64912e-05	-0.000272946	-0.00783483	-0.000502375	0.0072248	-0.000156034	-0.000820821	-0.00082064
0.00148798	0.00505479	0.000808011	-0.000332477	-0.0123275	-0.000526533	0.00862307	-0.000343434	-0.000884467	-0.0015594
0.00410719	-0.0014802	0.00818586	-0.000273474	-0.00960532	-0.000530141	0.00451849	-0.000755566	-0.000845941	-0.00332091
0.00115441	-0.000897056	0.000589398	-0.000149826	-0.00445558	-0.000470508	0.00732847	-0.000363589	-0.000626455	-0.00210927
-0.000931812	-0.000105795	-0.00423053	-5.25108e-05	-0.00318435	-0.000473326	0.0101548	-5.96197e-05	-0.000409166	-0.000707711
-0.000416469	-6.76169e-05	-0.00244835	-4.0553e-05	-0.00232686	-0.000366651	0.00685229	-8.51458e-05	-0.000521138	-0.000579496
-0.00017479	-8.3978e-05	-0.00118696	-3.26867e-05	-0.00220737	-0.000179313	0.00454829	-4.75386e-05	-0.000286365	-0.000349273
-7.2933e-05	-0.000206957	-0.00149124	-4.29593e-05	-0.00314258	-4.54596e-05	0.00547196	-6.30374e-06	-0.00031437	-0.000149156
-8.25927e-06	-1.80186e-05	-0.000162716	-3.82034e-06	-0.00351469	-6.11698e-06	0.00380984	-9.92256e-06	-4.55501e-05	-4.07468e-05
-2.19414e-06	-1.42836e-06	-4.88311e-05	-6.53971e-07	-0.00105013	-5.9508e-06	0.00117297	-1.35596e-05	-2.39054e-05	-2.63134e-05
0.0	0.0	0.0	0.0	0.0	0.0	0.0	0.0	0.0	0.0
0.0	0.0	0.0	0.0	0.0	0.0	0.0	0.0	0.0	0.0
0.0	0.0	0.0	0.0	0.0	0.0	0.0	0.0	0.0	0.0
0.0	0.0	0.0	0.0	0.0	0.0	0.0	0.0	0.0	0.0
0.0	0.0	0.0	0.0	0.0	0.0	0.0	0.0	0.0	0.0
0.0	0.0	0.0	0.0	0.0	0.0	0.0	0.0	0.0	0.0
-1.57782e-08	-3.32962e-10	-8.98198e-08	-8.22831e-10	-1.17094e-06	-2.26423e-07	1.86624e-06	-6.9383e-12	-2.37409e-07	-1.2471e-07
0.00013314	-3.48951e-10	-2.43345e-06	-1.90246e-07	-0.000138435	-2.38473e-05	5.46068e-05	-1.1211e-05	-8.27573e-07	-1.08021e-05
6.03855e-05	-8.15699e-07	-0.00018318	-4.4888e-07	-0.000103091	-4.31088e-06	0.000258198	-4.94126e-06	-1.21459e-05	-9.65033e-06
-8.84939e-05	-8.82325e-07	-5.51867e-05	-3.02809e-06	-0.000201103	-3.61173e-07	0.000363397	-1.90259e-06	-7.57835e-06	-4.85997e-06
-0.0012918	-8.52794e-06	-0.000452364	-4.23421e-05	-0.00438365	-2.06574e-05	0.00660078	-0.000178624	-7.92399e-05	-0.000143581
-0.00105696	-0.000560145	-0.000630521	-0.000329059	-0.0136815	-0.000330214	0.017904	-0.000483731	-0.000337878	-0.00049407
-0.00162099	-0.00347625	-0.000731775	-0.00123795	-0.0184772	-0.000636728	0.0291037	-0.00102083	-0.000958841	-0.00094321
-0.00680943	-0.00592181	0.00291984	-0.00285639	-0.0206599	-0.00221452	0.0425429	-0.00228249	-0.00312825	-0.00158987
-0.00804351	-0.00926552	0.00612251	-0.00209383	-0.0388202	-0.00521993	0.0702877	-0.00394198	-0.00503598	-0.00398934
-0.0104689	-0.0105174	0.0181631	-0.000249249	-0.0512442	-0.00974114	0.0847823	-0.00595946	-0.00788094	-0.00688407
-0.0133073	-0.000771611	0.010515	0.000236415	-0.0775172	-0.0142007	0.12472	-0.00652941	-0.012031	-0.0111145
-0.016517	0.0147666	-0.00196866	0.000920403	-0.0750378	-0.0172455	0.126956	-0.00489414	-0.0145183	-0.0124617
-0.0195377	0.0212259	0.00142066	0.00379513	-0.0640946	-0.0172711	0.107699	-0.00591465	-0.0152241	-0.0120985
-0.0239824	0.0344609	0.0043034	-0.00134618	-0.0634196	-0.0145452	0.100975	-0.00668194	-0.0169621	-0.012802
-0.0256181	0.0150062	0.00618159	-0.00313496	-0.0564654	-0.00942926	0.112797	-0.00531745	-0.0182217	-0.0157977
-0.0240502	-0.00139578	-0.00177481	-0.00347942	-0.0381968	-0.00233823	0.105211	-0.00425467	-0.0162294	-0.013492
-0.0187713	-0.00361856	-0.00886756	-0.00640544	-0.0267519	0.00371814	0.0849736	-0.00325478	-0.0106331	-0.0103892
-0.0156233	-0.0025937	-0.0195422	-0.00533916	-0.0128415	-0.000620083	0.0757494	-0.00184963	-0.0102745	-0.0070653
-0.00869505	-0.00586725	-0.015731	-0.00271532	-0.00688754	-0.00627684	0.0538303	-0.000728035	-0.00496706	-0.00196227
-0.00423403	-0.00348717	-0.0169889	-0.00220793	-0.0046674	-0.00630435	0.0438305	-0.000372665	-0.00428363	-0.00128435
-0.00255899	-0.00152152	-0.0124556	-0.00154127	-0.00401881	-0.00390298	0.0297895	-0.0003024	-0.0026553	-0.000832634
-0.00113868	-0.000770188	-0.00297252	-0.000475273	-0.00321606	-0.00349947	0.0130957	-4.48968e-05	-0.000798955	-0.000179633
-0.000318752	-0.00028621	0.00323429	-5.95002e-05	-0.000762294	-0.00169228	0.00022331	-1.96996e-05	-0.000292138	-2.67251e-05
-5.43047e-06	-1.72016e-05	0.00271265	-5.85499e-07	-0.000201617	-9.84126e-05	-0.00230357	-2.57595e-08	-8.50002e-05	-8.05355e-07
0.0	0.0	0.0	0.0	0.0	0.0	0.0	0.0	0.0	0.0
0.0	0.0	0.0	0.0	0.0	0.0	0.0	0.0	0.0	0.0
0.0	0.0	0.0	0.0	0.0	0.0	0.0	0.0	0.0	0.0
0.0	0.0	0.0	0.0	0.0	0.0	0.0	0.0	0.0	0.0
-3.5797e-08	6.72339e-05	-1.16986e-05	-1.21843e-06	-2.59542e-06	-8.2909e-07	-3.50682e-05	-5.18625e-09	-1.54694e-05	-3.13631e-07
3.48621e-05	1.58943e-05	-3.71594e-05	-3.98006e-06	-0.00044797	-0.000109558	0.000646819	-3.47428e-05	-1.72025e-05	-4.69625e-05
-0.00141861	-3.20951e-05	-0.000186338	-0.000166673	-0.000348211	0.000924361	0.00150413	-0.000155044	-7.38332e-05	-4.76818e-05
-0.00573855	-0.000536394	0.00259052	0.00759406	-0.00188545	-0.00332014	0.00407104	-0.00104532	-0.00116154	-0.000568237
-0.00770003	-0.00107699	0.00653217	0.00581069	-0.00801044	-0.00294129	0.0119843	-0.00163678	-0.00232467	-0.000636952
-0.00946453	-0.0046122	0.0141154	0.0130603	-0.0176549	-0.00738959	0.0225391	-0.00348749	-0.00522932	-0.00187677
-0.0079764	-0.0133441	0.0253862	0.0179864	-0.0374702	-0.00945934	0.0441623	-0.00732979	-0.00810064	-0.00385447
-0.0207897	-0.0233026	0.077376	0.0151485	-0.0563757	-0.0214058	0.0642807	-0.0108971	-0.0166737	-0.00736051
-0.0270513	-0.03683	0.0965472	0.0345534	-0.0725779	-0.0265609	0.0877956	-0.0179675	-0.0243435	-0.0135651
-0.023932	-0.0524945	0.117898	0.0752996	-0.0978186	-0.0426458	0.108903	-0.024616	-0.0388292	-0.0217653
-0.0341251	-0.0336865	0.133227	0.100833	-0.148599	-0.0465039	0.132344	-0.0252483	-0.0491627	-0.029079
-0.0322271	-0.0104922	0.128962	0.106719	-0.175523	-0.0504921	0.158103	-0.027513	-0.0585752	-0.0389612
-0.0417018	-0.00318008	0.0820883	0.140244	-0.15667	-0.0374074	0.159694	-0.0294029	-0.0671926	-0.0464722
-0.0489248	0.013872	0.0632485	0.125101	-0.149175	-0.0157527	0.163319	-0.0319656	-0.0630569	-0.0566655
-0.0542865	0.00607469	0.0773093	0.0892279	-0.120662	-0.015944	0.171912	-0.0311157	-0.0668067	-0.0557084
-0.0731296	-0.0218492	0.0370278	0.071167	-0.0896175	0.0141743	0.202275	-0.0268032	-0.0689414	-0.0443029
-0.0850077	-0.0367541	-0.0198504	0.0519919	-0.0584029	0.046892	0.206818	-0.0208584	-0.0547846	-0.0300437
-0.0841836	-0.0380991	-0.0474121	0.0358211	-0.0210827	0.0473835	0.196675	-0.0134304	-0.0550402	-0.0206316
-0.0659979	-0.0361731	-0.0555738	0.0181834	0.000289298	0.0401585	0.160276	-0.00921062	-0.0383456	-0.0136063
-0.0489688	-0.0208584	-0.0512023	-0.0122052	-0.00127826	0.0155732	0.150734	-0.00454849	-0.0205462	-0.0066993
-0.0310843	-0.011113	-0.044485	-0.0153893	-0.00144309	0.00331766	0.110212	-0.00181543	-0.00548271	-0.00271684
-0.0156608	-0.00845009	-0.0308694	-0.00724756	-0.00178336	-0.0118466	0.0752247	-0.000786893	0.00271004	-0.00129003
-0.00692761	-0.00634752	-0.0098882	-0.0028968	-0.00409268	-0.00654921	0.0383234	-0.000367782	-0.000921574	-0.000332084
-0.00129077	-0.00132363	0.00122179	-0.000158889	-0.000171337	0.00428385	-0.00191261	-3.49497e-06	-0.000620408	-2.44831e-05
-0.000219498	-0.00132552	-0.000210622	-1.7457e-05	-5.64449e-05	0.000697482	0.00165207	-1.45774e-07	-0.00051802	-1.84293e-06
0.0	0.0	0.0	0.0	0.0	0.0	0.0	0.0	0.0	0.0
0.0	0.0	0.0	0.0	0.0	0.0	0.0	0.0	0.0	0.0
-1.14524e-08	-1.20274e-08	-3.97553e-07	1.43878e-06	-8.54787e-08	-8.65608e-07	-1.92918e-08	-2.79459e-09	-4.10541e-08	-3.50102e-09
-1.0941e-05	0.000228526	-0.000111935	0.000211712	-1.66382e-06	-0.00013293	-0.000137611	-3.53693e-08	-4.464e-05	-4.80483e-07
-0.000152856	-3.08393e-05	-0.000402133	0.00203722	-0.000107001	-0.000950806	-0.000224723	2.04808e-05	-0.000144238	-4.51014e-05
-0.00129924	0.000218539	-0.00467319	0.00995617	0.00304508	-0.00643894	0.00109214	-0.000463208	-0.00116651	-0.00027085
-0.0115909	0.00250203	0.0118744	0.0335934	0.00193889	-0.0246258	-0.000990233	-0.004345	-0.00610608	-0.00225079
-0.0148853	-0.00276256	0.0343464	0.0508122	-0.00855726	-0.0383273	0.00181248	-0.00610268	-0.0115367	-0.0047993
-0.0172809	-0.0203247	0.0584716	0.0866477	-0.0167068	-0.0518127	0.0106807	-0.0147219	-0.0256306	-0.00932247
-0.0290248	-0.0377378	0.100701	0.126915	-0.0466315	-0.0833774	0.0420184	-0.0239815	-0.0315358	-0.0173454
-0.0316855	-0.0484609	0.173739	0.156734	-0.0776859	-0.0900477	0.0436239	-0.0385803	-0.0522315	-0.0354061
-0.0388796	-0.0398975	0.205679	0.197654	-0.118882	-0.0887077	0.049321	-0.057334	-0.0590506	-0.0499026
-0.0511968	-0.0377825	0.252598	0.227374	-0.145354	-0.0856675	0.030291	-0.0761727	-0.0426818	-0.0714068
-0.050091	0.0244405	0.264412	0.214665	-0.177729	-0.106775	0.0259324	-0.0982051	0.00485278	-0.101503
-0.0329954	0.0900272	0.213274	0.224322	-0.186418	-0.139432	0.0254194	-0.113794	0.0370793	-0.117482
-0.039877	0.113905	0.181053	0.204843	-0.185253	-0.0941299	0.00717256	-0.130225	0.095274	-0.152763
-0.020899	0.0894269	0.14682	0.16062	-0.171934	-0.00332554	0.0151264	-0.132302	0.0920068	-0.17554
-0.0294433	0.0605464	0.153766	0.0953346	-0.130028	0.053609	0.0734454	-0.126302	0.0282098	-0.179138
-0.0262675	0.0208029	0.127516	0.0264051	-0.0981068	0.0774702	0.157207	-0.106421	-0.0367106	-0.141895
-0.0552506	0.0211684	0.0445353	0.0335495	-0.0699162	0.091019	0.212247	-0.0849	-0.0835464	-0.108906
-0.0504631	0.0874805	-0.0352393	-0.00850323	-0.0115121	0.0379422	0.212422	-0.0636056	-0.0826283	-0.0858934
-0.0508377	0.0959293	-0.0796376	-0.0519838	0.0373965	0.00209655	0.206205	-0.045507	-0.0532226	-0.0604391
-0.0587927	0.0926419	-0.106782	-0.073191	0.0317944	0.0770531	0.184623	-0.0272605	-0.0724556	-0.0476307
-0.0463874	0.0560441	-0.0955134	-0.0563349	0.0418639	0.0599408	0.149908	-0.0178233	-0.0615738	-0.030124
-0.0414913	0.0164708	-0.0717478	-0.054161	0.0435436	0.0650881	0.107798	-0.00862319	-0.0433855	-0.0134912
-0.0297109	-0.0178331	-0.0347658	-0.0139994	0.0241744	0.0542787	0.0350494	-0.00305683	-0.00990362	-0.00423282
-0.00796103	-0.0107336	-0.00596939	-0.00244824	0.00299565	0.0189763	0.00463821	-0.000592269	0.00214015	-0.0010458
-0.000750713	-0.00107855	-0.000980673	-5.13581e-05	-0.000500005	0.00172091	0.000720667	-0.000125314	0.00131675	-0.000271717
-2.5986e-05	-0.000696455	-0.000761262	-1.30382e-05	-0.000240978	-0.000315757	0.00237613	-5.17291e-06	-0.000302497	-1.49852e-05
0.0	0.0	0.0	0.0	0.0	0.0	0.0	0.0	0.0	0.0
0.0	0.0	0.0	0.0	0.0	0.0	0.0	0.0	0.0	0.0
-4.005e-05	2.22499e-05	1.86683e-05	0.00074656	-2.53213e-05	-0.000667675	1.51329e-05	-6.29207e-06	-6.15574e-05	-1.71458e-06
-0.000902506	0.000409824	0.000826576	0.0124805	0.00020126	-0.006515	-0.00290513	-0.00020462	-0.00277717	-0.000613768
-0.00563664	5.25437e-05	0.00789561	0.0333766	0.00469751	-0.0222355	-0.00300167	-0.00211443	-0.00932125	-0.00371275
-0.0183428	0.0039314	0.0244264	0.076682	0.0157831	-0.0497148	-0.0231201	0.00748591	-0.0229318	-0.0141992
-0.0252026	-0.0159388	0.0757281	0.108773	0.0132134	-0.0748001	-0.0185949	0.00293061	-0.0348326	-0.0312755
-0.0450259	-0.0537801	0.144124	0.139011	0.00829351	-0.0692743	-0.0158494	-0.00983116	-0.0501776	-0.04749
-0.0576856	-0.100192	0.19538	0.163904	-0.0066239	-0.0634776	0.0225535	-0.020827	-0.0661189	-0.0669137
-0.0603804	-0.116532	0.224406	0.180401	-0.0181342	-0.0233457	0.0191459	-0.0449627	-0.0612968	-0.0993012
-0.0314064	-0.0850153	0.237187	0.185038	-0.0585539	-0.000435478	0.00985815	-0.0857618	-0.0754573	-0.095453
-0.0189007	-0.0415719	0.251068	0.136182	-0.098718	0.011834	-0.0756493	-0.130115	0.0242824	-0.0584112
0.022417	0.0218129	0.248812	0.0815746	-0.143527	-0.034185	-0.072791	-0.175419	0.0926765	-0.041372
0.10099	0.0836023	0.24188	0.0728455	-0.166036	-0.0714691	-0.119982	-0.233587	0.116295	-0.0245395
0.121774	0.10102	0.239101	0.0567728	-0.119689	-0.0811955	-0.0762265	-0.264351	0.141352	-0.118557
0.138886	0.0752078	0.251622	0.107287	-0.074551	-0.0916988	-0.0791284	-0.269935	0.133819	-0.191509
0.121618	-0.0275887	0.242309	0.143204	-0.0179236	-0.0320757	-0.0389258	-0.254036	0.146285	-0.282867
0.140311	-0.0614675	0.196463	0.0262249	-0.00441359	0.0490997	0.0351896	-0.231949	0.151379	-0.300837
0.107466	-0.0141439	0.0971175	-0.00363434	0.0497723	0.0589196	0.128936	-0.207413	0.0553259	-0.272346
0.0302268	0.0590216	-0.0196198	-0.000737862	0.0963661	0.0163619	0.172862	-0.17438	0.0538718	-0.233972
-0.0107798	0.145236	-0.060577	-0.0595972	0.0947132	0.0820886	0.135958	-0.138753	0.000133937	-0.188422
-0.0101142	0.176306	-0.0743422	-0.123969	0.116993	0.134741	0.0746656	-0.0981391	-0.0457341	-0.150407
-0.0308197	0.123103	-0.096791	-0.107928	0.142157	0.169774	0.0646156	-0.0674213	-0.0749234	-0.121767
-0.0634895	0.0530007	-0.0963248	-0.108021	0.143166	0.186192	0.062003	-0.0393838	-0.0628197	-0.0743231
-0.0572283	0.00438748	-0.0583575	-0.041279	0.0595737	0.150397	0.0232775	-0.0169315	-0.0308763	-0.0329627
-0.0222351	-0.0194895	-0.0148234	-0.00978471	0.0086669	0.0695223	-3.83162e-05	-0.00511464	0.00385848	-0.010562
-0.00577988	-0.00300533	-0.00375121	-0.000780169	-0.00220612	0.0139935	0.00541276	-0.00137284	-0.000939433	-0.0015713
-0.00050954	-0.000984004	-0.00112498	-3.45738e-05	-6.72453e-05	0.000100265	0.00351832	-3.38307e-05	-0.00084766	-1.67594e-05
0.0	0.0	0.0	0.0	0.0	0.0	0.0	0.0	0.0	0.0
-4.9101e-07	-3.47235e-07	-1.12558e-06	3.45381e-05	-1.59776e-07	-1.96042e-06	-5.41927e-08	-6.04406e-07	-2.06162e-06	-2.77339e-05
-0.000138735	-0.00111199	3.97723e-05	0.000982924	-0.00147903	0.000202426	-0.000267584	0.00369687	-0.000914737	-0.00100992
-0.00126028	-0.000820024	0.00432289	0.0331388	-0.00397232	-0.020668	-0.0073117	0.010969	-0.00894364	-0.00545472
-0.00981732	-0.00291024	0.0227214	0.0701069	0.0128192	-0.0475264	-0.0110851	0.00818533	-0.019339	-0.0231546
-0.0172444	-0.0187456	0.0466729	0.125141	0.0388734	-0.0747815	-0.0323218	0.0237135	-0.0310245	-0.0602829
-0.0363402	-0.0468384	0.118504	0.156268	0.039208	-0.0831323	-0.049245	0.0469677	-0.051416	-0.0939764
-0.0588226	-0.0903959	0.163329	0.12377	0.0477687	-0.0411451	-0.0231349	0.0593771	-0.0438773	-0.136868
-0.072079	-0.151425	0.153502	0.157134	0.0182962	-0.0041195	-0.0128204	0.0906652	-0.0184015	-0.160751
-0.0780059	-0.188403	0.156779	0.171686	-0.0110822	0.0248929	-0.0326264	0.0771137	0.00576798	-0.126122
-0.0184172	-0.1564	0.130458	0.169056	-0.04769	0.0571711	-0.0948528	0.0623845	-0.0163732	-0.0853359
0.019401	-0.0829951	0.0880533	0.108588	-0.164773	0.0521663	-0.113565	0.029292	0.0463132	0.0175188
0.0447257	-0.0590148	0.0842279	0.104623	-0.210718	0.0124948	-0.115844	-0.045358	0.0931697	0.091694
0.113734	-0.0641916	0.0936919	0.151743	-0.248357	-0.0101258	-0.160263	-0.127003	0.055237	0.195535
0.125203	-0.0689287	0.0874208	0.144834	-0.291292	0.0184863	-0.13576	-0.146529	0.0703837	0.196182
0.141034	-0.142207	0.071891	0.172101	-0.265984	-0.0472596	-0.118653	-0.125185	0.164604	0.149659
0.180502	-0.1766	0.0522247	0.176102	-0.216912	-0.0533881	-0.11733	-0.116604	0.149022	0.122983
0.203942	-0.161467	0.0318581	0.114146	-0.142013	0.0192027	-0.090236	-0.120347	0.0763473	0.0685665
0.185155	-0.0824044	0.00507344	0.0777597	-0.104357	0.0750229	-0.0616598	-0.144947	-0.0021487	0.0525069
0.112488	0.000533948	-0.0692406	-0.012913	0.00409822	0.100021	-0.012179	-0.122833	0.0520198	-0.0519957
0.0736843	0.093956	-0.0869599	0.0142191	0.0416884	0.0842102	-0.0340061	-0.11583	0.0545225	-0.125485
0.0829904	0.102886	-0.0784091	-0.0429482	0.13167	0.122499	-0.0578902	-0.0940541	0.0170265	-0.18377
0.0454537	0.0690378	-0.11029	-0.117634	0.213994	0.211349	-0.0490031	-0.0877808	0.0214991	-0.196625
-0.0389411	0.011058	-0.129249	-0.134857	0.208738	0.297247	-0.0363546	-0.0715801	0.0454434	-0.151504
-0.0931005	-0.0195719	-0.0643383	-0.0691182	0.0791059	0.310254	-0.0263427	-0.040801	0.00585403	-0.0819409
-0.051035	-0.0208709	-0.0194914	-0.0206875	0.00278491	0.154237	-0.0147771	-0.0165918	0.0157775	-0.0293459
-0.0172429	-0.0021475	-0.0028248	-0.00235088	0.00164573	0.0458991	-0.00727569	-0.00556303	-0.00283855	-0.00730148
-0.00201197	-0.000293152	-0.00034278	-0.000290378	-0.000431102	0.00606035	-0.000613678	-0.000475732	-0.00103924	-0.000562321
0.0	0.0	0.0	0.0	0.0	0.0	0.0	0.0	0.0	0.0
-8.13719e-05	-0.000137795	-0.000251392	0.00112669	-0.000197888	-0.000332006	-7.95967e-05	0.00136057	-0.0004329	-0.00097431
-0.00055946	-0.00105644	0.000968597	-0.000139724	-0.00234931	-0.00354601	-0.00102268	0.0136072	-0.00209694	-0.0038052
-0.00357989	-0.00256744	0.0046574	0.0343232	-0.00326902	-0.0256908	-0.0107272	0.038829	-0.0112097	-0.0207655
-0.0181298	-0.00737238	0.0373367	0.120448	0.0158416	-0.0952177	-0.0198312	0.0375179	-0.0123559	-0.0582368
-0.0220149	-0.0321724	0.066948	0.17719	0.0458254	-0.115053	-0.0479442	0.061008	-0.0122838	-0.121502
-0.0441081	-0.0713372	0.157242	0.133501	0.0355624	-0.0812935	-0.0734692	0.113134	-0.0036858	-0.165545
-0.068925	-0.114664	0.124165	0.0959461	0.0372621	-0.0145737	-0.03249	0.150074	0.0215606	-0.198354
-0.0697072	-0.190929	0.0998042	0.0750772	-0.00682803	0.0508611	-0.0232355	0.157364	0.052064	-0.144471
-0.00956249	-0.221962	0.0484467	0.0788095	-0.05022	0.0742583	-0.0552315	0.179538	0.0399207	-0.0839968
0.0135613	-0.204804	0.0332795	0.0705337	-0.124161	0.124081	-0.124436	0.195568	0.0394465	-0.0230698
0.0547076	-0.178712	0.0516236	0.0796567	-0.236607	0.10139	-0.132009	0.192832	-0.00838309	0.0755016
0.0679296	-0.120338	0.0201802	0.0968061	-0.314377	0.0433491	-0.157148	0.159948	0.0033773	0.200274
0.0772005	-0.132848	0.0722666	0.117023	-0.329525	-0.0157698	-0.15613	0.0895343	-0.00569721	0.283947
0.084413	-0.125438	0.0548808	0.185075	-0.430772	0.0260286	-0.142723	0.0122422	-0.0697045	0.405998
0.112634	-0.191924	0.0055228	0.195819	-0.452136	-0.0536504	-0.139781	0.0218615	0.0307518	0.470903
0.17418	-0.177541	-0.0483191	0.130591	-0.390337	0.000803431	-0.200585	0.100487	0.0180871	0.392632
0.208728	-0.130779	-0.104158	0.108528	-0.241177	0.0743035	-0.212541	0.145645	-0.0630169	0.214468
0.183968	-0.105265	-0.076214	0.0507482	-0.17944	0.10563	-0.224894	0.134262	-0.010404	0.121609
0.118401	-0.0170894	-0.0573019	0.0595992	-0.0910802	0.103559	-0.21832	0.0924664	-0.027107	0.0368726
0.0735984	0.0182155	-0.0785997	0.0649568	-0.0370729	0.0838645	-0.205913	0.0555355	0.0478754	-0.02246
0.0807154	2.10488e-05	-0.0589745	0.0048314	0.0640025	0.129552	-0.188679	-0.00133508	0.0759808	-0.106115
0.0846675	-0.0168635	-0.0589074	-0.0895206	0.172135	0.211827	-0.17544	-0.0353142	0.104217	-0.1968
0.0287622	-0.0553403	-0.141415	-0.146078	0.171172	0.361962	-0.11953	-0.0512685	0.147431	-0.195695
-0.0732266	-0.0733698	-0.0921619	-0.0992723	0.0491444	0.425938	-0.0520875	-0.0478299	0.0852301	-0.122365
-0.0694887	-0.0337507	-0.0253212	-0.0268317	-0.00950291	0.272308	-0.0313178	-0.0282503	0.00116756	-0.0490118
-0.0222846	-0.00251039	-0.00350902	-0.00216444	-0.00035409	0.0670784	-0.00723096	-0.00676462	-0.00996707	-0.0122932
-0.00143613	-0.000571184	-0.000177255	-0.000102629	-0.00054587	0.00536003	-0.00113276	-0.000353297	-0.00064542	-0.000395488
0.00102932	-9.92186e-08	-3.96902e-05	-1.05096e-07	-5.09961e-05	-7.28893e-07	-2.27434e-06	-0.000435606	-4.45941e-06	-0.000495363
-0.000163643	-0.000166463	-0.000134861	-0.00140126	-0.00206992	-0.000721485	-0.000252211	0.00919045	-0.000703871	-0.00357674
-0.00192951	-0.000556457	0.000800607	-0.00377967	-0.0028347	-0.00521729	-0.00159302	0.0309132	-0.0031825	-0.0126207
-0.00597644	-0.00147354	0.00475475	0.0276529	-0.00611104	-0.0278719	-0.0113993	0.0700005	-0.00569571	-0.0438802
-0.0301907	-0.00881188	0.0370727	0.138849	0.000446965	-0.119865	-0.0319601	0.0938766	0.0083096	-0.0877274
-0.0390967	-0.0321881	0.0749975	0.163789	0.0328786	-0.140013	-0.0675481	0.100286	0.0374959	-0.130602
-0.0599376	-0.0775676	0.116897	0.122904	0.00658778	-0.0923168	-0.0887798	0.116025	0.0740179	-0.11783
-0.0636715	-0.127493	0.095985	0.0520393	-0.00573211	-0.024172	-0.0553214	0.180146	0.100956	-0.152736
-0.0347709	-0.19675	0.0501027	0.0140203	-0.0603681	0.0768439	-0.0376637	0.164817	0.073982	-0.0502135
0.0183307	-0.236259	0.0471174	-0.00977465	-0.0450164	0.106225	-0.078668	0.148343	0.107198	-0.0574964
0.0386647	-0.234331	0.120772	-0.0196943	-0.144961	0.129149	-0.135237	0.183521	0.0849592	-0.0228432
0.0422779	-0.188675	0.116241	-0.0438758	-0.181851	0.1449	-0.135703	0.229462	0.0519547	-0.0347307
0.0528698	-0.108998	0.0822078	-0.00832124	-0.225348	0.0441145	-0.133718	0.240414	0.0913921	-0.0346116
0.0488134	-0.06687	0.0763134	0.0534362	-0.276385	-0.0419624	-0.156951	0.162057	0.0667299	0.134819
0.0942828	-0.0266452	0.100905	0.145866	-0.446497	-0.0706531	-0.17786	0.162666	-0.0641568	0.282093
0.150168	-0.00150972	0.100927	0.158369	-0.439046	-0.13884	-0.215151	0.212293	-0.0932313	0.266022
0.225365	-0.0659224	0.0074026	0.125815	-0.322485	-0.0848008	-0.281296	0.264336	-0.0346132	0.166199
0.215198	-0.0135986	-0.0332234	0.105979	-0.169323	-0.0446995	-0.338288	0.272245	-0.0389227	0.0446337
0.162418	-0.0623083	-0.0298137	0.111263	-0.106734	-0.0129576	-0.386026	0.253186	0.0417931	0.0291784
0.137091	-0.0728471	0.0252308	0.0966196	-0.0781287	0.0306414	-0.362893	0.181841	0.0642386	-0.0217934
0.0972905	-0.0855707	-0.0291987	0.135379	-0.0157735	0.0844136	-0.305571	0.122264	0.0550106	-0.0582438
0.0740335	-0.107945	-0.0518715	0.0911403	0.0213356	0.12417	-0.25985	0.0372537	0.0947456	-0.0230127
0.132771	-0.127951	-0.0609644	-0.00110628	0.0616443	0.201568	-0.232531	0.00883914	0.159894	-0.142163
0.125556	-0.134309	-0.11174	-0.157839	0.064768	0.433273	-0.17205	-0.0331476	0.158393	-0.172905
-0.0331032	-0.105746	-0.109446	-0.118222	-0.00488817	0.545251	-0.0972135	-0.0617431	0.102993	-0.117883
-0.069526	-0.0447519	-0.0347374	-0.0342864	-0.0267122	0.351677	-0.045308	-0.037877	-0.00676272	-0.0517153
-0.0192107	-0.00441711	-0.00416333	-0.00238571	-0.0140619	0.0788449	-0.0141638	-0.00792133	-0.00312479	-0.0093963
-0.00106963	-0.000414431	-0.000165371	-2.38027e-05	-0.000393939	0.00382746	-0.000993004	-0.00138925	0.00104171	-0.000419742
-1.26422e-06	-1.01287e-06	-2.27764e-06	-4.53771e-05	-0.000130973	-1.56017e-05	-1.40599e-06	0.000612606	-1.04482e-05	-0.000404245
-0.000385012	-5.24312e-05	-0.000365822	-0.00174722	-0.00245167	-0.000693124	-0.000134348	0.0117005	-0.000576314	-0.00529453
-0.00126686	-0.000360746	0.00276143	0.00192095	-0.00456949	-0.00339444	-0.00145878	0.0312548	-0.00635175	-0.0185351
-0.00631165	-0.00152537	0.00870383	0.0262635	-0.0225692	-0.0274867	-0.0154923	0.0956959	-0.00615494	-0.0511231
-0.0287652	-0.0102583	0.032081	0.115676	-0.030743	-0.100755	-0.0348103	0.141551	0.0294659	-0.113441
-0.0387223	-0.0412324	0.0827431	0.0865794	-0.0180877	-0.110927	-0.0798872	0.136057	0.0737665	-0.0902898
-0.0475902	-0.0774166	0.0664079	0.0487835	-0.0450786	-0.0568142	-0.0828962	0.111295	0.1067	-0.0233907
-0.036209	-0.103177	0.00758674	-0.0123245	-0.0461097	0.0370765	-0.0346477	0.0983053	0.118727	-0.0292284
-0.00997347	-0.156484	-0.0458131	-0.105587	-0.050599	0.158873	-0.0242562	0.0658053	0.142917	0.0251176
0.0233923	-0.199896	0.0022586	-0.163028	-0.0253105	0.180798	-0.0830397	0.0684986	0.181763	0.0145636
0.0562306	-0.198836	0.0767182	-0.220695	-0.0749288	0.174353	-0.109491	0.0819904	0.179124	0.0355357
0.00186563	-0.137476	0.0561694	-0.289098	-0.0835305	0.228572	-0.0898331	0.139731	0.15055	0.0230495
0.0213046	-0.0703818	0.0279484	-0.234404	-0.0663467	0.135196	-0.0964664	0.16458	0.0847077	0.0338618
0.0859512	0.0268098	0.0571278	-0.0665229	-0.183902	0.00229131	-0.135675	0.163939	0.00715396	0.0428266
0.0653205	0.170198	0.113117	0.141368	-0.453621	-0.114628	-0.120804	0.222915	-0.158699	0.134833
0.0500872	0.2548	0.12331	0.226999	-0.341772	-0.23034	-0.234177	0.303013	-0.246048	0.0941278
0.114364	0.1102	0.107199	0.203587	-0.115114	-0.240327	-0.354175	0.350991	-0.163849	-0.0128767
0.174013	0.00701348	0.0237298	0.135093	-0.0258451	-0.179143	-0.430007	0.326889	-0.0438402	0.0120968
0.193569	-0.0748748	0.0570694	0.109923	-0.0323047	-0.119736	-0.435079	0.24884	0.0407837	0.0118102
0.173568	-0.133158	0.0316351	0.123565	-0.0172932	-0.0579344	-0.382586	0.242082	0.0581258	-0.0380055
0.109145	-0.15776	-0.0214996	0.185793	-0.0282545	0.0156592	-0.300599	0.156699	0.0625878	-0.0217711
0.0666889	-0.182967	-0.0610802	0.141612	-0.0335799	0.125072	-0.2441	0.108159	0.121718	-0.0415221
0.129698	-0.182687	-0.0395284	0.019781	-0.0364432	0.239878	-0.222994	0.0430855	0.154776	-0.105566
0.183963	-0.155103	-0.10604	-0.109014	-0.0583196	0.437595	-0.153767	-0.0471677	0.154727	-0.146873
0.0243266	-0.09936	-0.0991853	-0.0928539	-0.0972754	0.577881	-0.112872	-0.0620712	0.0680108	-0.106601
-0.0671411	-0.0411685	-0.0309057	-0.0235651	-0.0674881	0.386411	-0.0699948	-0.0276976	-0.0136976	-0.0447521
-0.0182519	-0.00542769	-0.00355537	-0.00217395	-0.0196801	0.0857507	-0.021445	-0.00437472	0.000419003	-0.011261
-0.000514523	-0.000930455	-0.000451337	-0.000150269	-0.00166942	0.00628651	-0.0015826	0.00309569	-0.00292906	-0.00115452
-2.21427e-06	-1.208e-06	-4.72661e-06	-7.34582e-05	-0.000153987	-2.00225e-05	-1.68446e-06	0.000906611	-1.43887e-05	-0.00063492
-0.000451369	-2.20768e-05	-9.17232e-05	-0.00169617	-0.00205508	-0.000566281	-4.43125e-05	0.0109497	-0.000327019	-0.00569564
0.0007258	-0.000255691	0.00235008	0.00254141	-0.00807308	-0.00307479	-0.00295289	0.0379818	-0.00593161	-0.023311
-0.0117524	-0.00456173	0.00712289	0.0393863	-0.0299718	-0.0228699	-0.014203	0.102458	-0.0118264	-0.0537823
-0.0283962	-0.00836841	-0.00804307	0.0462139	-0.0378496	-0.049012	-0.0435844	0.16729	0.0467362	-0.0849865
-0.0362582	-0.0384599	0.0160852	-0.016426	-0.0453483	-0.042223	-0.0657319	0.152205	0.0764087	-0.000252091
-0.0282863	-0.0751641	-0.00744109	-0.0858745	-0.053658	0.0205723	-0.0529514	0.0739785	0.136641	0.0721838
-0.0116448	-0.0919438	-0.138272	-0.169021	-0.0160032	0.114832	0.00308786	0.0433651	0.192082	0.073517
0.00338868	-0.1247	-0.175614	-0.289361	0.00903293	0.215341	0.00513829	0.00146733	0.230752	0.124554
0.0189911	-0.163961	-0.1667	-0.362112	0.0778513	0.24988	-0.052873	0.0421504	0.252476	0.104297
-0.00916218	-0.141694	-0.141986	-0.392921	0.053574	0.216053	-0.0207129	0.0610676	0.223984	0.151797
0.0182675	-0.104407	-0.156732	-0.386309	0.0589396	0.214307	-0.0224985	0.0387174	0.167609	0.172106
0.0360084	-0.0311371	-0.208312	-0.274494	0.0883994	0.217401	-0.0536322	0.0321205	0.109246	0.0844007
0.0345301	0.106019	-0.21869	0.00593369	-0.189779	0.135757	-0.0152288	0.128048	0.0479574	-0.0345481
-0.0210556	0.359545	-0.109021	0.21459	-0.43406	0.0233697	-0.134215	0.220016	-0.0949104	-0.0242578
-0.0905233	0.432285	-0.061807	0.231237	-0.182504	-0.0941509	-0.297943	0.346768	-0.2053	-0.0780611
-0.0735546	0.186766	-0.0011625	0.207598	0.0152204	-0.166974	-0.369696	0.436683	-0.228006	-0.00687371
0.0567086	-0.00017888	0.00607979	0.165948	0.0576654	-0.230862	-0.377029	0.338699	-0.108153	0.0911227
0.142631	-0.128137	0.0529232	0.170721	-0.0230517	-0.219776	-0.347412	0.257206	0.0140564	0.0808385
0.135742	-0.151757	0.0278881	0.16756	-0.00733532	-0.187845	-0.304257	0.244167	0.0583296	0.0175079
0.135603	-0.194212	-0.0326876	0.187394	-0.089832	-0.107399	-0.221019	0.200275	0.0646234	0.057254
0.11959	-0.191469	-0.053278	0.0882165	-0.106641	-0.0297355	-0.140987	0.154581	0.120509	0.0392146
0.191551	-0.161027	-0.0625464	-0.0281499	-0.118743	0.0555358	-0.0967308	0.0696588	0.163556	-0.0131043
0.238636	-0.124202	-0.0843705	-0.0754962	-0.160146	0.242129	-0.0667211	-0.0549273	0.149315	-0.0642166
0.0880117	-0.0804433	-0.0689807	-0.0575438	-0.128828	0.415595	-0.0819114	-0.0546638	0.0583612	-0.0895967
-0.0562451	-0.0291825	-0.0229382	-0.0132724	-0.073919	0.336566	-0.0742343	-0.0207548	-0.00392087	-0.0420991
-0.0202797	-0.00589394	4.59488e-05	-0.00178949	-0.0176052	0.0856232	-0.0223082	-0.00361918	-0.000915743	-0.0132578
-0.000301508	-4.48897e-06	-0.000222172	-5.68424e-05	-0.000428941	0.00376428	-0.00265163	0.000599348	0.00137535	-0.00207339
-2.61442e-05	-2.10631e-06	-7.30546e-06	-5.73076e-05	-4.47239e-05	-3.91782e-05	-4.04882e-06	0.000566225	-2.16787e-05	-0.000363732
0.000446521	5.82145e-05	-0.000107483	-0.00106935	-0.00295599	-0.00166337	-5.06372e-05	0.0140193	-0.000406373	-0.0082708
-0.00412003	-0.000209967	-0.00139567	0.00179069	-0.0174392	-0.00462555	-0.000823947	0.0631917	-0.00484973	-0.0315183
-0.0135831	-0.00294177	-0.0102204	0.028801	-0.0241891	-0.0186311	-0.0166864	0.120002	-0.0088063	-0.0537442
-0.0514303	-0.00412769	-0.0433978	0.00678793	-0.0407945	-0.0192663	-0.0403917	0.179606	0.0307562	-0.0177419
-0.0457637	-0.0240152	-0.0962305	-0.0985496	-0.0372377	0.0167515	-0.0299669	0.130306	0.0812725	0.103433
-0.00457909	-0.0616542	-0.194405	-0.202727	-0.0111025	0.103846	-0.00800075	0.0659728	0.149659	0.162991
0.0240952	-0.086723	-0.316727	-0.30745	0.0348919	0.130355	0.0509179	0.063745	0.243531	0.163364
0.0215464	-0.119224	-0.356102	-0.364166	0.0942296	0.173767	0.0403546	0.0146348	0.267396	0.227563
-0.0260878	-0.160504	-0.347085	-0.34532	0.16604	0.169354	0.0428345	0.0670125	0.28119	0.152566
-0.0142164	-0.17559	-0.407395	-0.293736	0.240328	0.171721	0.0540556	0.0655848	0.167092	0.192157
0.00309592	-0.176764	-0.440186	-0.168069	0.230357	0.200334	0.0433641	0.0135192	0.118963	0.175387
-0.0117376	-0.0947857	-0.503036	-0.0505661	0.173368	0.287085	0.0754339	-0.0416662	0.168866	-0.00296055
-0.044197	0.143651	-0.491022	0.138511	-0.227823	0.298115	0.0418457	0.0255543	0.207599	-0.0922344
-0.201017	0.507025	-0.355066	0.211778	-0.357871	0.113522	-0.171641	0.126611	0.16921	-0.0425511
-0.33627	0.521469	-0.247381	0.196885	-0.0343922	-0.0612289	-0.327563	0.302476	-0.0533577	0.0393628
-0.321385	0.166432	-0.13764	0.137266	0.212282	-0.160138	-0.278946	0.383772	-0.140241	0.138597
-0.155061	-0.0468698	-0.135461	0.182677	0.14588	-0.224404	-0.232908	0.302499	-0.0872159	0.250865
-0.0280345	-0.103333	-0.046585	0.172832	-0.00788525	-0.257102	-0.191469	0.265111	-0.0266713	0.223137
0.0829009	-0.154223	0.0548318	0.134326	-0.042486	-0.346061	-0.170167	0.184698	0.0397444	0.216437
0.121823	-0.15371	-0.0130166	0.0924903	-0.11124	-0.380727	-0.0981813	0.164591	0.0883458	0.289625
0.169626	-0.121782	-0.0318787	-0.0603984	-0.114787	-0.33597	0.00686077	0.131517	0.163659	0.193153
0.245527	-0.0854291	-0.0916317	-0.0858233	-0.13617	-0.268307	0.0716693	0.0598521	0.191462	0.09885
0.267436	-0.0615606	-0.0995636	-0.078612	-0.1398	-0.0968673	0.0959217	-0.0360978	0.171456	-0.0223124
0.133482	-0.0393173	-0.0416947	-0.0414205	-0.0947669	0.0644877	0.00454166	-0.0356209	0.114248	-0.0639397
-0.0254849	-0.0178317	0.00146303	-0.00575151	-0.0405642	0.141718	-0.0419355	-0.0156726	0.0365103	-0.0324507
-0.0122187	-0.00371096	0.000400572	-0.00100729	-0.00749277	0.0443303	-0.0240744	-0.00485306	0.0201265	-0.0115001
-0.000160892	0.00104499	-5.25866e-05	-1.67789e-05	-0.000237741	0.00205074	-0.00136777	-0.000116582	0.000300187	-0.00144357
-4.99053e-07	-1.75456e-08	-1.02544e-06	-7.08744e-06	-7.5e-07	-1.18816e-06	-1.35763e-08	0.000383867	-6.6604e-06	-0.000366625
-9.27129e-05	-2.37143e-05	-1.18485e-05	-0.00118011	-0.00444997	-0.00188553	-9.91597e-05	0.0152164	-0.000322135	-0.00715127
-0.00467567	-0.000312952	-0.00118225	-0.00475885	-0.0180497	-0.00393756	-0.000908818	0.0640457	-0.00222246	-0.0279975
-0.0185087	-0.000143061	-0.0199537	-0.00261261	-0.0279962	-0.00383618	-0.0145383	0.119084	0.000525077	-0.0320208
-0.0563267	-0.00133551	-0.0600626	-0.0338453	-0.0497471	0.00767336	-0.0447853	0.167411	0.00742039	0.0635976
-0.0156078	-0.0200585	-0.195404	-0.132111	-0.0104786	0.0539164	-0.019645	0.114728	0.0543974	0.170263
0.071683	-0.0423938	-0.36414	-0.237142	0.070423	0.121238	0.0506852	0.0226013	0.0844145	0.222632
0.0634872	-0.0671399	-0.460691	-0.301296	0.151903	0.141354	0.0960096	0.0771199	0.117501	0.181752
0.0258589	-0.108207	-0.414889	-0.295088	0.205659	0.135972	0.0797804	0.0805353	0.104759	0.18562
-0.0149574	-0.15606	-0.414715	-0.174768	0.241851	0.0595782	0.104071	0.0101732	0.152221	0.192606
0.0431238	-0.242348	-0.454775	-0.0640891	0.371837	0.169249	0.0829273	-0.0802368	0.00884213	0.165469
0.0412108	-0.288461	-0.463023	-0.0116909	0.407955	0.287091	0.154885	-0.184118	0.00202266	0.0541292
0.0266513	-0.148285	-0.468306	0.0723667	0.282273	0.339768	0.149105	-0.315414	0.178653	-0.116812
-0.123516	0.160501	-0.421878	0.165786	-0.107216	0.27305	0.0293443	-0.333719	0.369581	-0.0119339
-0.375439	0.641365	-0.358678	0.251127	-0.242644	0.0397357	-0.173205	-0.169848	0.247777	0.139808
-0.502523	0.492822	-0.296106	0.171851	0.0666455	-0.129188	-0.18382	0.131245	0.0531484	0.195926
-0.466416	0.115869	-0.222583	0.115277	0.285973	-0.265972	-0.0873957	0.280182	-0.0104745	0.255541
-0.248916	-0.0473117	-0.21232	0.112726	0.184882	-0.263622	-0.0792847	0.238665	-0.010549	0.325731
-0.0907411	-0.122723	-0.0844138	0.0886762	0.0398633	-0.224099	-0.107854	0.180572	-0.00310458	0.323824
0.0140822	-0.150322	0.047846	-0.011951	-0.00766164	-0.283737	-0.114403	0.0751709	0.0807446	0.350231
0.0470207	-0.114634	-0.00260985	-0.0872165	-0.0365259	-0.366645	-0.0282733	0.0752664	0.17941	0.334208
0.150436	-0.0741924	-0.0403721	-0.183278	-0.033116	-0.43183	0.0995847	0.0426479	0.22286	0.24726
0.282457	-0.0495177	-0.12159	-0.133952	-0.0604845	-0.416191	0.190429	0.0159685	0.174332	0.118549
0.302541	-0.0291821	-0.150298	-0.0845297	-0.0833131	-0.319263	0.225942	-0.0200122	0.153567	0.00454763
0.1691	-0.0178671	-0.024367	-0.0313501	-0.0407892	-0.18077	0.100831	-0.020157	0.100075	-0.0547059
-0.000788221	-0.00756165	0.0283413	-0.00185787	-0.0104415	-0.00474757	-0.0155599	-0.000321633	0.0369109	-0.0239739
-0.00519256	-0.00302494	0.0152503	-0.000277231	-0.00436189	0.00983819	-0.0192494	0.00166766	0.0129027	-0.00755287
-3.38637e-05	0.00113819	0.00154886	-2.15149e-05	-0.00103623	-0.0003124	-0.000832979	0.00125546	-0.00142848	-0.000277044
-6.02605e-09	1.32617e-05	-1.54152e-06	-3.40562e-06	-1.0236e-07	-7.976e-07	-7.85819e-07	-1.94848e-06	-1.57247e-06	-3.10181e-06
0.000186706	-6.5666e-06	-9.38746e-06	-0.000689588	-0.00348014	-0.000482693	-0.000115092	0.0079044	-0.000111693	-0.00319595
-0.00208778	-0.000156981	-0.000452028	-0.00269402	-0.0102219	-0.00149466	-0.000470915	0.0380201	-0.000829872	-0.019612
-0.0122752	0.00067638	-0.0218198	-0.00323808	-0.0202293	0.00118046	-0.0119839	0.0796887	-0.000336038	-0.0116633
-0.0367955	-0.00247136	-0.0919108	-0.0466921	-0.0245308	0.0225064	-0.0415725	0.108945	-0.0148479	0.127369
0.0373913	-0.0186723	-0.250857	-0.126752	0.0721448	0.0581107	-0.00392555	0.0486152	-0.0296014	0.213547
0.128763	-0.0387439	-0.39592	-0.217486	0.20528	0.0754128	0.0890948	-0.00854538	-0.0405978	0.202743
0.135432	-0.0678255	-0.428004	-0.262803	0.27644	0.131591	0.0859585	0.0171414	-0.0614226	0.173492
0.0734945	-0.0887899	-0.33723	-0.195127	0.274118	0.0991833	0.095414	-0.0216316	-0.0670983	0.167668
0.0586005	-0.17292	-0.266858	-0.0951609	0.268309	0.104676	0.114173	-0.105838	-0.0215035	0.116521
0.108614	-0.324621	-0.212888	-0.0974152	0.409333	0.209693	0.138548	-0.219789	-0.0945365	0.0830618
0.0775699	-0.382132	-0.15791	-0.0560561	0.464649	0.279109	0.166788	-0.424615	0.0378243	-0.0052271
-0.0105373	-0.205445	-0.152358	0.100468	0.246762	0.283702	0.123245	-0.563144	0.225446	-0.0481397
-0.277496	0.249948	-0.10911	0.20143	-0.0557508	0.138879	-0.0219107	-0.553692	0.328466	0.0992363
-0.453753	0.621776	-0.121771	0.168967	-0.11608	-0.02874	-0.0998759	-0.296308	0.109911	0.215874
-0.532356	0.41827	-0.194967	0.0388665	0.10601	-0.200611	0.010037	-0.00610399	0.117886	0.242968
-0.468391	0.0617688	-0.222566	0.115362	0.260478	-0.289678	0.0275225	0.136872	0.036656	0.341975
-0.281985	-0.103651	-0.139663	0.135661	0.242902	-0.233136	-0.0434011	0.111368	-0.0392819	0.351186
-0.129852	-0.207419	-0.0796456	0.0683832	0.115417	-0.148549	-0.0838879	0.118806	0.0285399	0.318208
-0.0662633	-0.165931	-0.0392022	-0.075453	0.0752672	-0.12058	-0.0419277	0.0704524	0.0386014	0.325037
-0.0327253	-0.114777	-0.0417619	-0.162573	0.103469	-0.158995	-0.00848563	0.0712362	0.0887861	0.255825
0.118095	-0.0727182	-0.0812173	-0.152878	0.05735	-0.255062	0.136895	0.0460945	0.0457041	0.157738
0.269616	-0.0510528	-0.124935	-0.151397	0.0201065	-0.282408	0.246526	0.0218666	0.0271535	0.0245243
0.293757	-0.0368014	-0.124456	-0.0827839	-0.0258475	-0.271911	0.289366	0.00574267	0.0206298	-0.0676954
0.160369	-0.0234447	-0.000608864	-0.0311544	-0.0322136	-0.163106	0.148298	0.00202657	0.0159695	-0.0761352
0.00536279	-0.0101272	0.0670931	-0.00478234	-0.00244728	-0.025783	-0.0108932	0.00460444	0.00717165	-0.0301991
-0.00145394	-0.00413702	0.037414	-0.000366455	-0.00350771	-0.00162214	-0.0183782	0.00027923	-0.000445369	-0.00778242
-0.000207295	-0.000123378	0.00962518	-0.000246379	-0.00270115	-0.00221829	-0.00265053	-0.000513838	-0.000662114	-0.000302211
-1.64264e-05	-3.008e-07	-3.74212e-06	-0.000170713	-5.82523e-06	0.000632351	-2.313e-05	-5.94182e-06	-3.58936e-05	-0.000370378
-3.38138e-05	-4.01322e-06	-0.00140493	0.00152745	-0.0018376	-0.000263844	-1.02867e-05	0.00357383	-0.000224248	-0.00132256
-0.000436487	7.8741e-05	-0.000996148	7.10269e-05	-0.00464971	-0.000629238	-4.67832e-05	0.0179279	-0.000449537	-0.0108698
-0.0145971	0.00141542	-0.0167177	0.00103376	-0.00376197	0.00177799	-0.00536045	0.0360717	-0.00392639	0.00406471
-0.0239265	-0.00169309	-0.0740606	-0.017781	0.0479402	0.0053143	-0.0491834	0.0374986	-0.0287976	0.104689
0.105523	-0.022725	-0.210141	-0.0976101	0.158431	0.000428272	-0.0116659	0.0154864	-0.0804638	0.142737
0.15478	-0.0457408	-0.238047	-0.186146	0.284048	-0.000419976	0.0709908	-0.0412714	-0.146534	0.14834
0.178557	-0.0756503	-0.174729	-0.215875	0.351711	-0.0109239	0.0846426	-0.0457969	-0.213749	0.121814
0.132672	-0.0992798	-0.0972604	-0.171419	0.296497	0.0641397	0.117476	-0.124932	-0.242142	0.124248
0.137318	-0.195343	-0.0310667	-0.132104	0.264804	0.159102	0.14341	-0.214329	-0.195814	0.0640215
0.15234	-0.355751	-0.000903024	-0.155479	0.325929	0.230094	0.193229	-0.345869	-0.0741735	0.0305835
0.0837011	-0.396309	0.0556688	-0.107516	0.316648	0.156994	0.254693	-0.49724	0.132354	0.00100622
-0.0961097	-0.120931	0.08156	0.0929924	0.186213	0.11145	0.124025	-0.582828	0.211658	-0.00803003
-0.355999	0.333179	0.14185	0.103215	-0.0454076	0.0354832	-0.0270925	-0.51346	0.269491	0.0587414
-0.499426	0.558593	0.0397768	0.0583509	-0.0559748	-0.081189	-0.00187625	-0.241258	0.166761	0.0562437
-0.511657	0.356782	-0.0802347	0.0048324	0.125045	-0.160129	0.0806958	-0.0444911	0.0946398	0.134516
-0.445327	-0.00566835	-0.0875516	0.0208886	0.32282	-0.209498	0.0806142	0.0469136	-0.0271823	0.30399
-0.22138	-0.261451	-0.121923	0.0765068	0.356001	-0.201079	-0.0503099	0.144001	-0.0332562	0.31289
-0.109033	-0.266455	-0.0740411	0.053462	0.210258	-0.130027	-0.0636316	0.24802	-0.0528851	0.184333
-0.0590692	-0.198431	-0.0981717	0.00458914	0.192288	-0.113799	-0.0206378	0.251856	-0.0904633	0.131838
0.0172772	-0.131523	-0.0648604	-0.0593929	0.151192	-0.0644339	0.0308268	0.151763	-0.117046	0.0861974
0.131531	-0.0853715	-0.100463	-0.0173301	0.07096	-0.124302	0.136088	0.116414	-0.117106	-0.0104207
0.222532	-0.0576155	-0.115584	-0.0861211	0.0348774	-0.13656	0.236004	0.112623	-0.125054	-0.085101
0.258001	-0.0378204	-0.0821339	-0.0666241	-0.00650271	-0.147548	0.25063	0.0588847	-0.096884	-0.130002
0.151403	-0.0179777	0.0216733	-0.0254796	-0.0361132	-0.100781	0.133278	0.00966334	-0.0466793	-0.0889863
-0.000975795	-0.00849291	0.0929932	-0.00893863	-0.0187124	-0.0283854	-0.00340516	0.00331965	-0.00545067	-0.0219519
-0.00112255	-0.00177145	0.0474548	-0.00157217	-0.0106808	-0.00396638	-0.0212799	-0.000591754	-0.00378936	-0.00268047
-1.43695e-05	-6.82792e-06	0.00108666	-0.000182454	-0.000290343	-9.72629e-05	-0.000371014	-6.47898e-06	-0.000108325	-9.58055e-06
-7.13863e-06	-1.82827e-07	-1.26938e-06	-5.7288e-05	-8.7241e-06	0.000193605	-8.10466e-06	3.19114e-05	-1.42436e-05	-0.000128565
-4.01174e-05	-6.72212e-06	-0.00298336	0.00381341	-2.41347e-05	-0.000243917	-6.20025e-06	-5.39372e-05	-0.000435647	-1.93799e-05
-0.000652068	0.000604078	-0.00200356	0.00509605	0.000307488	-0.00106761	-9.89991e-05	0.00545591	-0.00077239	-0.0068689
-0.0183658	0.000255174	0.0059855	0.0120034	0.0059339	-0.00403012	-0.014266	0.0146795	-0.00752362	0.00532807
0.00196728	-0.00704758	-0.00141455	0.0204734	0.048686	-0.0201377	-0.072679	0.00154359	-0.0349512	0.0635598
0.130014	-0.0356156	-0.0221416	-0.0332345	0.142938	-0.0705545	-0.0325482	-0.0431342	-0.112665	0.0769416
0.146336	-0.0690771	-0.00590835	-0.11207	0.246109	-0.0908577	0.0651918	-0.0516481	-0.189122	0.0610466
0.177546	-0.0942693	0.00744738	-0.17807	0.333886	-0.108048	0.122673	-0.0815047	-0.224917	0.0452562
0.162322	-0.124118	0.0279837	-0.188546	0.312539	-0.045157	0.149487	-0.181892	-0.187997	0.0753783
0.207123	-0.219318	0.0399568	-0.194451	0.250945	0.0659508	0.169811	-0.246984	-0.0902934	0.0172607
0.210365	-0.31641	0.0299498	-0.164493	0.190186	0.131058	0.269937	-0.33156	-0.0389763	0.0199424
0.0272146	-0.235932	0.0429828	-0.0825351	0.174799	0.127885	0.287147	-0.430648	0.0488982	0.0401895
-0.21561	0.011296	0.105258	0.0703832	0.0840672	0.0993272	0.126145	-0.466671	0.171735	0.01407
-0.454576	0.374578	0.152102	0.116379	-0.0421427	-0.0700243	0.0578484	-0.348125	0.274471	-0.0605102
-0.533982	0.542972	0.0721494	0.0512794	0.0341587	-0.205905	0.127106	-0.159396	0.177333	-0.105716
-0.506631	0.208062	0.0148841	-0.00887178	0.24734	-0.193312	0.105297	0.000768432	0.0419768	0.0904862
-0.374616	-0.125557	0.0133816	-0.0428256	0.387805	-0.14569	0.0101894	0.0564311	-0.0452003	0.266082
-0.183804	-0.334171	-0.0501978	0.00109396	0.356779	-0.118662	-0.0415323	0.261533	-0.126322	0.235282
-0.0620169	-0.275874	-0.11909	0.0463529	0.211775	-0.01307	-0.0272788	0.329376	-0.151488	0.0613137
-0.00881089	-0.207503	-0.10279	0.105698	0.160542	-0.0548475	0.0177475	0.269928	-0.197494	0.0175293
0.072123	-0.146392	-0.135813	0.135424	0.0782644	-0.0637006	0.0804508	0.236242	-0.222623	-0.0339752
0.110929	-0.0999119	-0.104338	0.116703	0.0252814	-0.0587356	0.145215	0.193501	-0.201001	-0.127643
0.190918	-0.0714379	-0.107872	0.0637397	0.0248089	-0.0732237	0.154559	0.142064	-0.15213	-0.171426
0.217569	-0.0422587	-0.0392841	-0.00412201	-0.020395	-0.0579687	0.175572	0.0371276	-0.122385	-0.143855
0.110491	-0.0233767	0.108705	-0.0103984	-0.0656494	-0.050661	0.10011	-0.00706903	-0.0740698	-0.0880819
-0.00728441	-0.00896448	0.145858	-0.0109955	-0.0357624	-0.0241034	-0.0118257	-0.00775248	-0.0147404	-0.0244292
-0.00210024	-0.00346127	0.0589602	-0.00247933	-0.0012942	-0.00758481	-0.0277942	-0.000792529	-0.00656766	-0.00688591
-0.000296171	-0.000333589	0.00800681	-0.000192493	-0.000343388	-0.00315205	-0.00229473	-0.000135771	-0.000774397	-0.000484225
-1.00575e-05	-4.81914e-07	-2.51911e-07	-7.94726e-06	-3.89527e-05	-7.68469e-05	-3.03494e-06	0.000193469	-1.42335e-05	-4.1662e-05
-3.58294e-05	-1.75453e-05	-0.00158408	0.00308677	-1.5383e-05	-0.000163854	-2.53066e-05	-0.000427261	-0.000243714	-0.000573796
-0.00183336	0.000471375	-0.00379912	0.0188718	-0.00239555	-0.00324673	-0.000767361	0.000117997	-0.00172113	-0.00569791
-0.021686	-0.00252832	0.0359971	0.0477864	-0.0140952	-0.00559257	-0.0261973	-8.42139e-05	-0.00895033	-0.00464956
0.0118853	-0.014907	0.0776497	0.0783153	-0.00168491	-0.0234215	-0.0928586	-0.00734875	-0.0524605	0.0248309
0.155017	-0.0540291	0.10849	0.0155731	0.0710724	-0.0662038	-0.058473	-0.0504719	-0.131319	0.0103435
0.183648	-0.110654	0.13611	-0.0786513	0.177983	-0.130966	0.0634102	-0.0491816	-0.165802	-0.0258969
0.159114	-0.14634	0.092554	-0.141821	0.269357	-0.205617	0.151266	-0.0671624	-0.120288	0.00893682
0.1812	-0.175646	0.0551113	-0.209554	0.295646	-0.259254	0.186906	-0.165255	0.0230211	0.0678235
0.214241	-0.190377	0.0795145	-0.204915	0.189814	-0.193624	0.221757	-0.192105	0.0752247	0.000469611
0.197824	-0.171825	0.0990023	-0.227827	0.0427185	-0.0949609	0.336414	-0.278101	0.041511	0.0552443
-0.0022541	-0.0893932	0.149849	-0.145297	0.0208711	-0.052158	0.333593	-0.319069	0.0641856	0.0396728
-0.274697	0.0362924	0.217707	-0.0285775	0.0392884	-0.0463921	0.106776	-0.253977	0.243943	-0.0403633
-0.476768	0.380742	0.193876	0.0221497	0.069362	-0.152334	0.0900371	-0.155884	0.201271	-0.172452
-0.503085	0.493352	0.0930828	-0.0760747	0.243434	-0.235161	0.133971	-0.0622292	0.0593215	-0.146611
-0.420621	0.0613884	0.0717159	-0.142013	0.401839	-0.173913	0.0489518	0.0616494	0.03002	0.0609824
-0.26616	-0.203305	0.124364	-0.112968	0.4054	-0.113068	-0.0804754	0.0793588	-0.0130304	0.179884
-0.0853384	-0.349536	0.0555679	0.0227644	0.284656	-0.0488692	-0.0973559	0.206941	-0.109859	0.121029
-0.0113608	-0.275449	-0.0393965	0.120354	0.184619	-0.0218085	0.0241488	0.216887	-0.212812	0.0148181
0.0340036	-0.193868	-0.0690497	0.146158	0.10921	0.0122248	0.0892322	0.197208	-0.241816	-0.0833034
0.0737697	-0.144906	-0.0659819	0.15078	0.076394	0.0213102	0.0686226	0.158094	-0.234426	-0.103657
0.117155	-0.101296	0.0247705	0.163055	0.0321995	-0.0273575	0.0735341	0.110601	-0.213182	-0.17948
0.150742	-0.0740778	0.0437368	0.147445	-0.0414584	-0.00484174	0.0790945	0.024465	-0.162427	-0.162679
0.130937	-0.0504486	0.102145	0.0567603	-0.0681939	0.000505987	0.0901951	-0.0159025	-0.0882076	-0.157791
0.042582	-0.0354372	0.190984	0.00495363	-0.0553464	-0.0142155	0.0462664	-0.0175789	-0.0715809	-0.0906266
-0.0151451	-0.021906	0.218347	-0.0161787	-0.0323036	-0.0233101	-0.0392731	-0.0114544	-0.0325445	-0.0262313
-0.00581226	-0.00780081	0.0863294	-0.00320217	-0.012568	-0.0119683	-0.028643	-0.00104524	-0.00973164	-0.00555798
-0.000422519	-0.000135996	0.0125368	-0.000243828	-0.000583232	-0.0063945	-0.00403739	-6.63194e-05	-0.000547092	-0.000105908
0.0	0.0	0.0	0.0	0.0	0.0	0.0	0.0	0.0	0.0
-4.81543e-05	0.000123357	-0.000727994	0.00130315	-1.17969e-05	-0.000183802	-1.9496e-05	-5.17351e-05	-0.000282859	-0.000100674
-0.00274972	-0.000253653	-0.00230209	0.0267305	-0.00336194	-0.00508178	-0.00153879	-0.000872488	-0.00193376	-0.00863627
-0.0299439	-0.00543714	0.0645706	0.0969698	-0.0401921	-0.0076715	-0.035253	-0.00502399	-0.0153446	-0.0226741
0.00603815	-0.0223575	0.15586	0.12654	-0.0296479	-0.00500501	-0.112868	-0.0127267	-0.0674481	-0.0383849
0.136796	-0.0862149	0.194535	0.057543	0.00378926	0.0241353	-0.0852665	-0.0540169	-0.127554	-0.0637456
0.188699	-0.163051	0.160745	-0.0359764	0.074239	0.0692689	0.00223584	-0.0988179	-0.125471	-0.0718722
0.170012	-0.186209	0.128903	-0.094523	0.157102	-0.121949	0.129905	-0.139458	-0.0155787	-0.0282041
0.16102	-0.171636	0.109479	-0.195394	0.169781	-0.249965	0.191509	-0.179425	0.145995	0.018634
0.197951	-0.130853	0.127159	-0.316828	0.1044	-0.260435	0.223104	-0.199074	0.221074	0.0335025
0.204144	-0.0360456	0.179959	-0.371879	0.00459103	-0.253386	0.377955	-0.274091	0.0968668	0.0718851
-0.00480748	-0.0280851	0.232714	-0.3397	-0.0218159	-0.208211	0.348066	-0.230548	0.218932	0.0334546
-0.245403	0.124747	0.269022	-0.268041	0.0701556	-0.243395	0.16496	-0.134567	0.298132	-0.0356093
-0.436125	0.360052	0.201256	-0.23277	0.229011	-0.264978	0.0983915	-0.00266173	0.18271	-0.134885
-0.447138	0.344062	0.122754	-0.24687	0.376369	-0.219242	0.0764242	0.0633845	0.00792155	-0.077665
-0.299281	-0.0135097	0.146379	-0.17895	0.3818	-0.116226	-0.029434	0.0395256	-0.0475299	0.117226
-0.120662	-0.211356	0.135771	-0.015236	0.316096	-0.0338052	-0.106247	-0.00953472	-0.00967247	0.0546456
0.00343989	-0.293315	0.0622238	0.114999	0.149496	0.046019	-0.0193348	0.0495349	-0.119955	0.00689281
0.017349	-0.242515	0.0281183	0.117684	0.110973	0.0477062	0.111171	0.0694676	-0.17929	-0.0806646
0.0368798	-0.173565	0.0130954	0.174721	0.0107519	0.0326667	0.135647	0.0202476	-0.14316	-0.107284
0.0510527	-0.123637	0.054793	0.1269	-0.0212468	0.053644	0.0827341	0.0148877	-0.127729	-0.111399
0.0800251	-0.0881314	0.0972421	0.174719	-0.0448758	0.0264993	0.0706317	-0.0200217	-0.135438	-0.16065
0.108879	-0.0633214	0.131128	0.182213	-0.0951663	0.000751143	0.0677196	-0.0419701	-0.114141	-0.176093
0.0590048	-0.050994	0.187436	0.0852007	-0.0771558	0.0203212	0.0277168	-0.0416566	-0.0521607	-0.157713
0.010811	-0.0396006	0.295005	-0.0289055	-0.0650713	0.0188178	-0.0249641	-0.0210391	-0.051424	-0.0936291
-0.011755	-0.0292201	0.248108	-0.0266999	-0.0405339	-0.023871	-0.0514144	-0.00159507	-0.042756	-0.0202629
-0.00343335	-0.00591388	0.0589906	-0.00260375	-0.00724862	-0.00567118	-0.0242269	0.00212598	-0.00803815	-0.00398071
0.00165113	-0.000107829	0.00337506	-8.76943e-05	-0.00196449	-0.000596899	-0.0017852	-0.000163227	-0.000136081	-0.000184777
-4.73604e-06	-5.21533e-06	-3.28764e-06	-9.62053e-05	-0.000556803	-4.86627e-05	-2.12276e-06	0.000536966	-2.27604e-05	0.000202827
-1.06759e-05	1.82754e-05	-7.79501e-05	0.000203784	-2.14109e-06	-5.83583e-05	-4.23379e-06	-4.92381e-06	-4.63025e-05	-1.74737e-05
-0.00320819	-0.000523729	-0.00940085	0.0321109	-0.00348461	-0.00463208	-0.00147623	0.00074848	-0.00265483	-0.00747887
-0.0458603	-0.00696	0.0599719	0.15375	-0.0424953	-0.00904919	-0.0390129	-0.00194237	-0.0316401	-0.0367617
-0.0204156	-0.0323679	0.197678	0.18472	-0.0570005	0.0191322	-0.115474	-0.0233874	-0.0882155	-0.0646694
0.100027	-0.107822	0.243994	0.150913	-0.0691015	0.0734759	-0.131752	-0.0772491	-0.081312	-0.101174
0.159001	-0.200795	0.19291	0.0478445	-0.0697235	0.231111	-0.0568981	-0.156451	-0.0435907	-0.103408
0.15612	-0.189406	0.179837	-0.0700417	-0.00703149	0.0938334	0.0841566	-0.180851	0.0524138	-0.119031
0.176926	-0.118411	0.11163	-0.153796	-0.000939278	-0.0410652	0.160965	-0.212714	0.172716	-0.0953117
0.216147	-0.0499752	0.122906	-0.272472	-0.0461586	-0.123163	0.215037	-0.236689	0.234792	-0.060423
0.237793	-0.0439769	0.205456	-0.33911	-0.138927	-0.167627	0.32342	-0.270567	0.218546	-0.0250079
0.0481665	0.00978425	0.22101	-0.345562	-0.106411	-0.150013	0.34632	-0.197439	0.249052	-0.0749081
-0.196545	0.133447	0.274806	-0.363149	0.0340483	-0.141487	0.295431	-0.0926419	0.213283	-0.157192
-0.328902	0.237484	0.257509	-0.327863	0.145677	-0.10412	0.151772	0.0666443	0.0462234	-0.144424
-0.306719	0.178207	0.160067	-0.259761	0.216745	-0.0438564	0.0477257	0.0811635	-0.07513	0.0015586
-0.150516	-0.0584722	0.0753568	-0.05669	0.200638	-0.0246561	0.0175401	-0.0127122	-0.0325254	0.042037
-0.030827	-0.154019	0.116661	0.128209	0.123618	0.0190536	0.0598458	-0.0978666	-0.0979583	-0.066715
0.0186758	-0.157963	0.11246	0.150327	-0.059495	0.0826753	0.125202	-0.0722117	-0.101183	-0.0984863
0.0125957	-0.152992	0.0806665	0.183236	-0.0585574	0.0278086	0.174581	-0.0799739	-0.0700505	-0.117314
0.0189437	-0.120142	0.0649589	0.199856	-0.0913261	0.0420022	0.122368	-0.0935478	-0.0844033	-0.0587102
0.00190231	-0.0814307	0.077434	0.153348	-0.104652	0.0666046	0.105513	-0.0927272	-0.0675308	-0.0584604
0.0538298	-0.0645086	0.130728	0.218094	-0.111565	0.0340212	0.0820302	-0.122174	-0.090193	-0.130263
0.0766662	-0.0664854	0.173242	0.179798	-0.140126	0.0353513	0.035257	-0.108085	-0.0369239	-0.148694
0.0215629	-0.0567668	0.302942	0.0495782	-0.088373	0.0538741	-0.0175774	-0.093292	-0.0375541	-0.134393
-0.00985757	-0.0309174	0.339716	-0.0543251	-0.0551554	0.0481633	-0.0594717	-0.0578732	-0.0456045	-0.0746748
-0.0104435	-0.0106482	0.182571	-0.0222603	-0.0347747	-0.01267	-0.0314734	-0.00784086	-0.0360961	-0.0163642
-0.00188061	-0.00139545	0.0239118	-0.00253344	-0.0021535	-0.00338733	-0.00988833	0.0018396	-0.00361072	-0.000902022
-0.000907834	-3.77851e-06	0.00380993	-3.5958e-05	-1.51971e-05	-0.000835656	-0.00189519	-7.57085e-06	-5.29417e-05	-5.58103e-05
-1.03841e-09	7.283e-06	-5.2634e-06	-2.82951e-07	-2.96382e-09	-2.55949e-08	-5.20593e-08	-9.00548e-08	-1.50779e-06	-5.71074e-08
0.000794384	2.89079e-05	-0.000351455	6.61179e-05	-0.000394397	-8.82691e-05	-6.60787e-05	0.00145682	-0.000191618	-0.00125441
-0.00281975	-0.000735736	-0.00867507	0.0351661	-0.0033135	-0.0054586	-0.00143795	-0.00082303	-0.00444663	-0.00745581
-0.0445606	-0.00649001	0.0402175	0.176247	-0.0223495	-0.0147676	-0.0386754	-0.0108948	-0.0442594	-0.0344668
-0.0375873	-0.035351	0.171751	0.227079	-0.0678063	0.0183741	-0.0994999	-0.0290102	-0.0851409	-0.0628083
0.0591525	-0.115826	0.193546	0.211062	-0.0941676	0.103096	-0.140806	-0.0923115	-0.031219	-0.0925271
0.12688	-0.152152	0.198846	0.123849	-0.152973	0.23432	-0.10842	-0.159478	0.0238943	-0.134765
0.151976	-0.117557	0.204738	0.0570017	-0.182851	0.151348	0.0112082	-0.20682	0.0946823	-0.163725
0.162741	-0.0603758	0.154058	-0.0199596	-0.220461	0.161787	0.0967765	-0.219954	0.145685	-0.200297
0.232511	-0.00520482	0.152731	-0.10339	-0.263527	0.0676265	0.19907	-0.234861	0.183771	-0.228727
0.271362	-0.0263464	0.207392	-0.146512	-0.2926	0.00700658	0.304858	-0.232595	0.14984	-0.242404
0.17935	0.00842165	0.242124	-0.213681	-0.257862	0.0393056	0.399627	-0.176144	0.048983	-0.270124
0.0246533	0.0596235	0.239117	-0.267383	-0.199606	0.0724342	0.349856	-0.0319367	0.0344702	-0.281228
-0.0946045	0.139784	0.217382	-0.231145	-0.0761909	0.0592936	0.193345	0.0645516	-0.0909172	-0.181498
-0.10232	0.0488321	0.109147	-0.129678	0.0239729	0.0448766	0.130688	0.101212	-0.120136	-0.106595
-0.0496444	-0.0250247	0.0647932	0.00365009	0.00296955	0.0260804	0.141654	-0.0500565	-0.0218022	-0.092619
-0.00764056	-0.00993529	0.049793	0.119372	-0.0414743	0.0365872	0.173485	-0.158068	-0.0484338	-0.113685
0.0149159	-0.0436952	0.0798059	0.186564	-0.105515	0.0520665	0.175459	-0.16923	-0.046185	-0.144185
-0.00170301	-0.06505	0.0856381	0.207102	-0.101748	0.0380613	0.168665	-0.188133	-0.0135413	-0.129292
-0.0227536	-0.0594653	0.0557033	0.189736	-0.118016	0.0282535	0.163914	-0.166519	-0.0231521	-0.0477007
0.00456867	-0.0567188	0.0877147	0.164541	-0.131669	0.0613808	0.117223	-0.197399	-0.0127821	-0.036859
0.0385965	-0.0524029	0.158287	0.213693	-0.125883	0.0550084	0.0513432	-0.209659	-0.0222935	-0.106689
0.034021	-0.0551754	0.227975	0.104427	-0.143322	0.0681159	-0.0063919	-0.156625	0.031954	-0.104978
-0.00886456	-0.0428842	0.28218	0.00714377	-0.0833193	0.0864189	-0.0577725	-0.100088	0.00274652	-0.0855603
-0.0180116	-0.0182206	0.240948	-0.0514156	-0.0373903	0.0488716	-0.0547064	-0.0353614	-0.0333415	-0.0413717
-0.00971355	-0.00367126	0.121713	-0.0194816	-0.0147908	-0.00197328	-0.0320897	-0.00634892	-0.0256454	-0.00799831
-0.00168022	-0.00123413	0.0282159	-0.00356016	-0.000615103	-0.00376282	-0.0109165	-0.000970099	-0.00381374	-0.00166309
-0.000206265	5.28669e-06	0.00134594	-1.94356e-05	-8.37031e-08	-0.000253298	-0.000860261	-1.35895e-07	-1.16527e-05	-9.58661e-08
0.0	0.0	0.0	0.0	0.0	0.0	0.0	0.0	0.0	0.0
0.00199826	-2.23615e-05	-0.000789007	0.000169915	-2.91538e-05	-0.000137887	-0.000167344	-2.19709e-05	-0.000428287	-0.000572159
-0.00266832	-0.0017206	-0.00274779	0.0306982	-0.00206146	-0.0044893	-0.00131088	-0.00360099	-0.00595038	-0.00614851
-0.0394178	-0.00944615	0.0450425	0.173316	-0.0228233	-0.0139156	-0.027591	-0.0217617	-0.0506428	-0.0327603
-0.0255739	-0.0258858	0.151306	0.242641	-0.0621801	-0.0116735	-0.0825239	-0.0515671	-0.0817439	-0.0527989
0.0363875	-0.0633618	0.172639	0.2049	-0.105676	0.0846231	-0.140757	-0.0947933	-0.030671	-0.0632911
0.0954262	-0.0426934	0.191694	0.172461	-0.18381	0.169428	-0.163175	-0.166618	0.0602346	-0.132948
0.124453	-0.0232532	0.241748	0.131022	-0.265007	0.125024	-0.0690435	-0.207335	0.150817	-0.208425
0.145114	0.0257201	0.191847	0.110854	-0.331286	0.216988	0.00650023	-0.201891	0.077579	-0.241424
0.220031	0.0255412	0.188477	0.0781361	-0.353114	0.184639	0.121426	-0.220104	0.060165	-0.305197
0.287021	0.0368151	0.148614	-0.0109551	-0.333127	0.0990728	0.252815	-0.183498	0.062603	-0.359363
0.272975	0.0291937	0.163194	-0.0957907	-0.26395	0.13441	0.317629	-0.132852	-0.0526726	-0.372137
0.175295	0.00313467	0.10548	-0.159481	-0.204519	0.0920461	0.36207	-0.00985012	-0.0340324	-0.330144
0.066647	0.00255688	0.0492969	-0.0905954	-0.19564	0.0288429	0.33304	0.0455915	-0.0718268	-0.167914
0.0114547	-0.000971677	0.0290445	0.00854185	-0.109538	-0.0398831	0.330568	0.0439643	-0.101392	-0.171789
-0.00090708	-0.0225173	0.0262702	0.0365398	-0.076122	-0.014307	0.266371	-0.0935511	-0.00143204	-0.120344
-0.024522	0.060988	0.0212333	0.0979265	-0.0436491	0.0477055	0.220081	-0.175849	-0.0900341	-0.11388
-0.0148403	0.0761904	0.0261161	0.147884	-0.0601359	0.081429	0.172125	-0.200012	-0.0760935	-0.152663
-0.0698405	0.0334064	0.102611	0.191234	-0.0807336	0.0858283	0.184091	-0.253635	-0.0404786	-0.152483
-0.0509996	-0.0133607	0.151405	0.175629	-0.0899968	0.0476677	0.100312	-0.232122	-0.00829622	-0.0802387
-0.0159002	-0.037232	0.156288	0.193125	-0.097379	0.0358583	0.0433297	-0.245352	0.0229966	-0.0557344
0.00734513	-0.0518291	0.228539	0.110163	-0.0853169	0.0811703	-0.0404524	-0.205498	0.0402645	-0.0843861
-0.00841628	-0.0525497	0.256844	-0.00311677	-0.0913983	0.138515	-0.0800469	-0.152486	0.0617674	-0.0691121
-0.0360485	-0.0379587	0.259909	-0.0413639	-0.0614775	0.0831724	-0.0590714	-0.0782501	0.0107411	-0.0396522
-0.0214182	-0.0223815	0.177978	-0.0418039	-0.0242932	0.0245349	-0.0355056	-0.0190756	-0.032233	-0.00580144
-0.00695501	-0.00561629	0.0622685	-0.0114238	-0.0109682	0.00649976	-0.0143609	-0.00460083	-0.0165711	0.00172781
-0.00064184	0.000275886	0.0102193	-0.00176425	-0.00022076	-0.000407069	-0.00208467	-0.000604121	-0.00361406	-0.00115844
-2.05702e-05	1.24625e-05	-1.52431e-05	-3.68201e-05	-1.52762e-05	0.000294947	-3.70436e-06	-3.05619e-05	-0.00015544	-2.97938e-05
-2.11868e-08	3.16054e-05	-1.62244e-05	-3.01196e-06	-3.83679e-07	-1.63125e-07	-4.93956e-07	-1.5849e-06	-9.22752e-06	-4.9461e-07
-4.04112e-05	3.04032e-06	-3.11483e-06	0.000296862	-2.31619e-06	-6.50504e-05	-2.90761e-05	-2.57638e-05	-4.68983e-05	-8.72712e-05
-0.00404967	-0.00183994	0.000760837	0.0268999	-0.000585535	-0.00470927	-0.000769237	-0.00576807	-0.0047063	-0.00523269
-0.0278076	-0.00591147	0.044241	0.125705	-0.0167027	-0.00913628	-0.0166735	-0.0248111	-0.0425592	-0.0263439
-0.02644	0.00258439	0.0837982	0.197177	-0.0375671	-0.00360808	-0.0572602	-0.0477007	-0.0715842	-0.0393984
0.0122531	0.0483114	0.105325	0.194504	-0.0727284	-0.00209893	-0.113895	-0.0709276	-0.0433656	-0.0573781
0.0589047	0.0760744	0.129973	0.172611	-0.153813	0.0842914	-0.179747	-0.115828	0.0471773	-0.119644
0.103138	0.078702	0.161993	0.117238	-0.223214	0.123177	-0.152129	-0.150419	0.114355	-0.17284
0.109812	0.0866366	0.164675	0.0949997	-0.246184	0.159463	-0.0811671	-0.145782	0.0529473	-0.195402
0.151165	0.0498079	0.157528	0.0328849	-0.264228	0.158662	0.00411104	-0.157935	0.0785968	-0.210594
0.226946	0.0494287	0.0723204	0.012624	-0.237303	0.0983751	0.127983	-0.132994	0.0186769	-0.236057
0.266125	-0.070406	0.0443771	-0.0289828	-0.154037	0.100706	0.241823	-0.0896236	-0.0351802	-0.274802
0.175528	-0.12931	0.0272338	-0.0536978	-0.142694	0.0681286	0.333175	-0.0343635	-0.0279785	-0.216022
0.0798839	-0.13336	0.0192276	-0.0160628	-0.153946	0.022763	0.37278	-0.0143075	0.00323899	-0.180218
0.0313118	-0.0519192	-0.0035876	0.0113077	-0.114912	0.0145987	0.35567	-0.062079	-0.0112934	-0.169096
0.00179644	0.0174822	-0.0443396	0.0477398	-0.0346025	0.0376418	0.249814	-0.103425	-0.0263657	-0.145742
-0.00927764	0.0705769	0.00736669	0.081255	-0.0518378	0.0558386	0.183332	-0.125954	-0.0898557	-0.121444
-0.0693395	0.102243	0.0792997	0.0896197	-0.0196553	0.0805679	0.171402	-0.182682	-0.0671365	-0.184319
-0.0777821	0.0721823	0.140407	0.153173	-0.0360695	0.0501808	0.111645	-0.21419	-0.0292113	-0.170335
-0.0658433	0.00440262	0.195099	0.180204	-0.0100961	0.0373339	0.0180541	-0.225724	-0.00656077	-0.12687
-0.0343929	-0.0160713	0.163406	0.0977667	-0.0180009	0.0859544	-0.0463518	-0.213027	0.041211	-0.0604945
-0.037325	-0.0278249	0.217075	-0.0142686	-0.0269079	0.133491	-0.071472	-0.172693	0.0340698	-0.0341447
-0.0400913	-0.0584954	0.241974	-0.0675878	-0.0399913	0.127511	-0.0580358	-0.125451	0.0481024	-0.027934
-0.0297728	-0.0386392	0.206212	-0.066913	-0.0253987	0.0517803	-0.0340474	-0.0616217	-0.00112034	-0.000479216
-0.0134433	-0.0110826	0.117084	-0.035844	-0.0184777	0.0161345	-0.0186303	-0.0158711	-0.0333193	0.0134502
-0.00314561	-0.0022738	0.0373208	-0.00725599	-0.0104066	0.00979927	-0.008092	-0.0049924	-0.0119076	0.00095386
0.00343061	-0.000620672	0.00415359	-0.00100272	-0.000354374	0.000112404	-0.000687965	-0.000650359	-0.00138417	-0.00299634
3.29746e-06	-4.46168e-11	-4.2542e-07	-2.10433e-07	-3.49959e-09	-1.2664e-06	-2.17304e-07	-7.42202e-09	-1.1555e-06	-1.13781e-08
-2.05247e-08	3.06177e-05	-1.57174e-05	-2.91784e-06	-3.71689e-07	-1.58027e-07	-4.7852e-07	-1.53537e-06	-8.93916e-06	-4.79154e-07
-6.01936e-07	9.63468e-06	-5.7101e-06	7.82618e-06	-1.52826e-07	-1.80086e-06	-1.57452e-07	-1.68636e-06	-3.98548e-06	-3.36581e-06
-0.00107144	-0.00150682	-0.00153832	0.0201639	-0.000297136	-0.00326938	-0.000205479	-0.00483833	-0.00330215	-0.00413488
-0.0170025	-0.00244174	0.0261397	0.0724105	-0.0112408	-0.0067528	-0.00662799	-0.016685	-0.0242422	-0.0135571
-0.0425904	0.0197364	0.047807	0.136046	-0.0224198	0.00905116	-0.0278943	-0.0254291	-0.067124	-0.0271828
-0.0186479	0.125135	0.0458861	0.16459	-0.0457426	-0.0277521	-0.0673453	-0.0176894	-0.0943757	-0.0640582
0.028488	0.149311	0.0571736	0.177058	-0.0908987	-0.0298136	-0.129894	-0.0269804	-0.0333646	-0.101079
0.0904782	0.121567	0.0834966	0.128047	-0.139641	-0.00340261	-0.170555	-0.0174501	0.0480534	-0.140593
0.116471	0.0851011	0.129232	0.0397703	-0.166457	0.0829543	-0.188568	-0.0385177	0.0526627	-0.112649
0.134435	0.052502	0.137333	0.0269697	-0.171817	0.135278	-0.163491	-0.0746359	0.0261964	-0.10277
0.171003	-0.0502387	0.083171	0.0494615	-0.130967	0.0776651	-0.111242	-0.0597227	0.0539423	-0.0830727
0.22226	-0.192032	0.0491159	0.0320627	-0.0949037	0.110717	-0.0780658	-0.0899824	0.0960193	-0.0551916
0.17516	-0.279556	-0.00731996	-0.0129281	-0.106817	0.160265	0.0265357	-0.0466874	0.134816	-0.0434686
0.198354	-0.228913	-0.0723495	-0.0176733	-0.0875657	0.158245	0.0551033	-0.0609236	0.157022	-0.101298
0.125318	-0.0768268	-0.104174	-0.0112155	-0.0718233	0.11445	0.0100784	-0.0463574	0.144837	-0.0842854
0.0924876	0.0634219	-0.107251	0.000183012	-0.0178208	0.0732216	0.0111715	-0.0493131	0.0679287	-0.134029
0.0308478	0.11002	-0.0479403	0.0347021	-0.0341779	0.0922579	-0.00193537	-0.0756596	0.018898	-0.127013
-0.00688713	0.140315	0.0259636	0.0733814	0.0409248	0.0600101	-0.0395513	-0.11889	0.00341305	-0.178679
-0.0589362	0.0962735	0.12269	0.105776	0.053707	0.0595294	-0.0747102	-0.156804	0.0177269	-0.165253
-0.0776257	0.0110457	0.167819	0.0937972	0.108584	0.0763413	-0.0864383	-0.165411	0.0144089	-0.142521
-0.0882777	-0.0217521	0.193391	0.00844463	0.0670148	0.0858159	-0.0747393	-0.175298	0.0297846	-0.0243842
-0.0710265	-0.0451581	0.201619	-0.0773467	0.0500799	0.0775758	-0.059442	-0.143704	0.0445593	0.0228426
-0.0324004	-0.0491074	0.172032	-0.0521008	-0.00126183	0.0528194	-0.0500966	-0.0876382	0.0204176	0.0273365
-0.010596	-0.024784	0.108206	-0.0355215	-0.0221947	0.0321921	-0.0295389	-0.045892	-0.00661215	0.0347412
-0.00507809	-0.00819358	0.0611599	-0.0208762	-0.0143449	0.0164138	-0.0124086	-0.0164835	-0.0180861	0.0178972
-0.000946078	-0.00146775	0.0185369	-0.00573023	-0.00564335	0.00971659	-0.00383556	-0.0079539	-0.00554978	0.0028731
0.000372699	0.000631435	-0.00185979	-0.000117897	0.000195094	0.00186786	-6.38051e-05	-8.14317e-05	-0.000401803	-0.000542363
6.08763e-06	-8.23694e-11	-7.85391e-07	-3.88492e-07	-6.46077e-09	-2.33797e-06	-4.01176e-07	-1.37022e-08	-2.13322e-06	-2.10057e-08
0.0	0.0	0.0	0.0	0.0	0.0	0.0	0.0	0.0	0.0
0.0	0.0	0.0	0.0	0.0	0.0	0.0	0.0	0.0	0.0
-0.000176357	-5.97003e-05	-8.42812e-05	0.00791385	-6.69197e-05	-0.000481613	-2.37123e-05	-0.00367085	-0.00121716	-0.00213326
-0.00517548	-0.00543489	-0.00202001	0.0441336	-0.00265048	0.000263122	-0.00157306	-0.00868839	-0.0136204	-0.00523399
-0.0260181	0.0178731	-0.0054648	0.0982	-0.0091967	0.0111348	-0.00700366	0.010232	-0.0680083	-0.0217484
-0.027709	0.104239	-0.0234834	0.141563	-0.0244626	-0.000799594	-0.0203066	0.0405748	-0.151918	-0.0376967
-0.004859	0.142807	-0.0555384	0.184451	-0.0460574	-0.0204238	-0.0498938	0.081807	-0.17243	-0.0598625
0.0472227	0.103942	-0.0664642	0.185608	-0.0693214	-0.0325151	-0.100407	0.114798	-0.118438	-0.0644238
0.0789848	0.0517555	-0.0491096	0.0880185	-0.0812432	0.0494881	-0.160136	0.0296732	0.00417389	-0.0116051
0.116921	-0.000557446	-0.0150991	0.0876249	-0.0845657	0.124987	-0.216979	0.018741	0.00708938	-0.0381614
0.164976	-0.0977176	-0.0369076	0.0745469	-0.0749659	0.161637	-0.265943	0.021506	0.042718	0.0101503
0.223499	-0.185087	-0.0430018	0.0600593	-0.0473901	0.149068	-0.275587	-0.0350572	0.142171	0.0113262
0.227849	-0.181139	-0.0846567	-0.00351596	-0.0836985	0.138339	-0.226207	-0.0130057	0.220967	0.0050691
0.197875	-0.160888	-0.151416	0.0143829	-0.0709602	0.0886328	-0.180517	-0.00575235	0.325939	-0.0572966
0.158727	-0.0810406	-0.168185	-0.0269551	-0.0244734	0.072765	-0.148945	0.0326961	0.28338	-0.0979693
0.0863128	0.078055	-0.140398	-0.0339187	-0.00639949	0.0593621	-0.130334	0.0183565	0.20654	-0.137575
-0.00874977	0.119816	-0.098283	-0.036205	0.0440174	0.0692334	-0.13901	-0.0151158	0.176623	-0.112327
-0.0445511	0.120444	-0.0561606	0.0246231	0.0913089	0.0384589	-0.124602	-0.0398635	0.0968604	-0.106518
-0.112426	0.0307905	0.046276	0.042356	0.141521	0.00657273	-0.0862002	-0.0887848	0.10139	-0.0814961
-0.122852	-0.00604403	0.0967378	-0.0271553	0.142037	0.0343285	-0.0631602	-0.124745	0.0872842	-0.0164303
-0.105811	-0.0276382	0.0935967	-0.0553406	0.103841	0.0387556	-0.0505311	-0.134407	0.0711601	0.0663753
-0.0580334	-0.0360143	0.104933	-0.0577098	0.0547582	-0.003884	-0.0420955	-0.116706	0.0391855	0.115567
-0.0258862	-0.0253886	0.0801051	-0.0426656	-0.00128748	0.00459948	-0.0262254	-0.0677441	0.0174782	0.0870149
-0.00876247	-0.0179084	0.0428956	-0.0203533	-0.0144622	0.0197811	-0.0154173	-0.0441748	0.00688498	0.0515168
-0.003676	-0.00528831	0.0268825	-0.00821554	-0.00866346	0.0131352	-0.00816279	-0.015516	-0.00821093	0.0177154
-0.000441747	-0.000222088	0.0119868	-0.00354986	-0.000775362	0.00569514	-0.00181014	-0.00853895	-0.00266165	0.000317809
-5.45108e-06	0.00147609	-0.00142958	0.000285796	0.00019606	0.00100293	-3.7283e-05	-2.56767e-05	-0.00113616	-0.000326726
0.0	0.0	0.0	0.0	0.0	0.0	0.0	0.0	0.0	0.0
0.0	0.0	0.0	0.0	0.0	0.0	0.0	0.0	0.0	0.0
0.0	0.0	0.0	0.0	0.0	0.0	0.0	0.0	0.0	0.0
-0.000441477	-6.3881e-06	-0.000880813	0.00315128	-6.10091e-06	-0.000132439	-2.81872e-06	-0.000953988	-5.1477e-05	-0.000675773
-0.000884949	-0.00400326	-0.0100438	0.0210279	-0.000171261	0.00164325	-0.000140835	0.00439594	-0.00848475	-0.00333822
-0.00591532	-0.00405678	-0.024217	0.051354	-0.00436414	-0.00348198	-0.00114782	0.0392323	-0.0465059	-0.000897451
-0.0158312	0.0219943	-0.0522891	0.0808538	-0.0091823	-0.0079023	-0.00535453	0.0883032	-0.107708	0.00711642
-0.0229452	0.0256469	-0.0993509	0.149874	-0.0223267	-0.012629	-0.0144358	0.132649	-0.149912	0.0134298
-0.0443671	-0.0159117	-0.139591	0.187699	-0.0340878	2.06877e-05	-0.031067	0.171882	-0.142412	0.047834
-0.0462077	-0.066173	-0.145913	0.179455	-0.0458836	0.0110364	-0.0597341	0.173469	-0.0656379	0.0655884
-0.0473804	-0.11309	-0.148552	0.193725	-0.0555866	0.0907166	-0.0892786	0.142889	-0.025367	0.0519241
-0.0349702	-0.173864	-0.16372	0.222336	-0.0591065	0.0856964	-0.115594	0.154793	0.0190548	0.0653748
-0.0162589	-0.214473	-0.144869	0.205496	-0.0346373	0.0978168	-0.142782	0.135764	0.091464	0.0224793
0.0248274	-0.213212	-0.105602	0.151379	-0.0856892	0.14604	-0.147463	0.140226	0.110213	-0.0207181
0.0275551	-0.200944	-0.0962277	0.141369	-0.112455	0.17189	-0.160981	0.167274	0.124127	-0.0616075
-0.00428042	-0.160801	-0.0695672	0.0987547	-0.0655921	0.172203	-0.148414	0.136047	0.137366	-0.0957169
-0.0546166	-0.107125	-0.0864104	0.0467931	-0.0357834	0.117604	-0.133669	0.113554	0.184413	-0.0447595
-0.0909568	-0.0865311	-0.0761402	0.0389459	-0.010627	0.0625857	-0.109886	0.0877143	0.171931	0.0129645
-0.0975366	-0.0313992	-0.0412421	-0.00402972	-0.0155198	0.0441506	-0.0800628	0.0505235	0.0759517	0.0991644
-0.101222	-0.011771	-0.0190983	-0.0725667	0.0310778	0.0281502	-0.0559025	-0.0161956	0.108118	0.109411
-0.0824362	-0.00493387	-0.041053	-0.0720485	0.0507016	-0.000122646	-0.0430278	-0.0453571	0.10544	0.132838
-0.0597422	-0.0112437	-0.0310149	-0.0468216	0.0327241	-0.0130782	-0.0280123	-0.072295	0.035875	0.193609
-0.0427769	-0.0059215	-0.00669549	-0.030507	0.00836559	-0.008239	-0.020959	-0.0707617	0.00354135	0.173954
-0.0186067	-0.0060252	-0.00551429	-0.0164121	5.77784e-05	0.0204329	-0.0116906	-0.0510232	-0.00758378	0.0963652
-0.00614066	-0.00358776	-0.000554607	-0.00596126	-0.0061688	0.0170942	-0.00517436	-0.0385853	-0.00434326	0.0534218
-0.000907125	-0.000658577	0.0204035	-0.0034875	-0.00604701	0.00916133	-0.00160439	-0.0151781	-0.00502127	0.00333913
-1.79367e-05	0.000559251	0.0121908	-0.000824616	0.000294204	-0.000702929	-0.000168071	-0.00755645	-0.0014815	-0.00229273
-2.88099e-07	0.000110526	0.00162576	-4.72409e-06	-1.98718e-05	-1.1671e-05	-8.3291e-06	-1.35908e-06	-0.000225209	-0.00146483
0.0	0.0	0.0	0.0	0.0	0.0	0.0	0.0	0.0	0.0
0.0	0.0	0.0	0.0	0.0	0.0	0.0	0.0	0.0	0.0
0.0	0.0	0.0	0.0	0.0	0.0	0.0	0.0	0.0	0.0
-4.63382e-06	-1.02579e-07	-5.83675e-06	0.000281726	-6.78412e-06	-2.51731e-06	-1.60339e-07	-0.000541694	-3.22614e-05	0.000312264
-8.37836e-05	-0.000238139	-0.00281957	0.000108585	-5.79287e-05	0.00176794	-3.25874e-05	0.00459658	-0.00139216	-0.00184894
-0.00150033	-0.0046182	-0.0105864	0.00573511	-0.00112855	0.00418977	-0.000528353	0.0281146	-0.018779	-0.00089861
-0.00495864	-0.0117557	-0.0224305	0.0188172	-0.00895531	-0.00716002	-0.00138579	0.0454984	-0.041025	0.0333554
-0.0168409	-0.020405	-0.0369818	0.0400628	-0.0271888	-0.00804145	-0.00404315	0.0767546	-0.0540639	0.0507475
-0.0347199	-0.0395231	-0.0635124	0.0661481	-0.055627	-0.00335869	-0.00758517	0.133322	-0.0753843	0.0802408
-0.0564544	-0.0524525	-0.0957012	0.106862	-0.0908721	-0.00127482	-0.0176476	0.201578	-0.105906	0.111868
-0.0806292	-0.0791264	-0.101419	0.138512	-0.112448	0.0331058	-0.0271766	0.218975	-0.120539	0.130746
-0.102657	-0.112997	-0.100014	0.171512	-0.130401	0.0417278	-0.0323535	0.204673	-0.0907857	0.151296
-0.107788	-0.110203	-0.0975778	0.196905	-0.17865	0.0695643	-0.0344656	0.229344	-0.0843061	0.117176
-0.12653	-0.101686	-0.0851097	0.195315	-0.208918	0.0918175	-0.0403405	0.237502	-0.0957927	0.133742
-0.122436	-0.11738	-0.0694656	0.157134	-0.192954	0.104849	-0.0464709	0.240155	-0.0704806	0.11705
-0.107805	-0.112647	-0.0490195	0.0949301	-0.17341	0.0655179	-0.0413107	0.224502	0.000641201	0.0986011
-0.106935	-0.0977855	-0.0372477	0.0358967	-0.186967	0.0564977	-0.0387833	0.208127	0.05948	0.107717
-0.0882672	-0.0706588	-0.0412974	0.0123762	-0.202384	0.0377258	-0.0352894	0.169596	0.0480972	0.170101
-0.0790928	-0.0383712	-0.0386877	-0.0179532	-0.199955	0.0266597	-0.0266892	0.121621	0.0332605	0.219208
-0.0591218	-0.0169545	-0.0499531	-0.0292889	-0.144533	0.00216263	-0.022269	0.0701426	0.0175822	0.232232
-0.0345744	-0.0116966	-0.0539051	-0.0109702	-0.114572	-0.00133245	-0.0156997	0.00167361	0.00397186	0.237105
-0.028007	-0.00644403	-0.0371173	-0.0169741	-0.0640844	-0.00141117	-0.0091926	-0.0327791	-0.0039096	0.199919
-0.0217962	-0.00258923	-0.0298981	-0.0208551	-0.0393395	0.0151311	-0.00607016	-0.0254116	-0.0109205	0.141749
-0.00984844	-0.00158752	-0.0202948	-0.0085049	-0.0170632	0.0250144	-0.003321	-0.0117292	-0.00798629	0.055321
-0.00261705	-0.000490874	-0.0122228	-0.00172503	-0.0105614	0.0167251	-0.00126325	-0.0110207	-0.00230112	0.0254771
-0.000510126	-9.36529e-06	-0.00222676	-0.000100545	-0.00525681	0.00890171	-0.000337264	-0.00097615	-0.000655839	0.00117115
-2.93121e-07	-1.33372e-06	0.00144229	-9.69738e-05	-0.000331802	-1.83006e-06	-5.0341e-06	-0.000323869	-0.000348187	-0.000332965
-2.43722e-07	-1.58722e-06	0.00172701	-9.45858e-07	-2.0958e-05	-9.1477e-07	-4.6612e-06	-1.16196e-06	-0.000142854	-0.00155368
0.0	0.0	0.0	0.0	0.0	0.0	0.0	0.0	0.0	0.0
0.0	0.0	0.0	0.0	0.0	0.0	0.0	0.0	0.0	0.0
0.0	0.0	0.0	0.0	0.0	0.0	0.0	0.0	0.0	0.0
0.0	0.0	0.0	0.0	0.0	0.0	0.0	0.0	0.0	0.0
0.0	0.0	0.0	0.0	0.0	0.0	0.0	0.0	0.0	0.0
-0.00012349	-0.000277903	-0.000379058	-0.000103575	-0.000161886	-0.00134393	-3.27002e-05	-0.00151346	-0.00324042	0.00717643
-0.001155	-0.00139545	-0.00137431	0.00145431	-0.00144945	-0.00286612	-0.000243141	-0.00144738	-0.00829109	0.0167676
-0.00516406	-0.00256374	-0.00393357	0.0021243	-0.0110563	-0.00541476	-0.00102768	0.0085723	-0.0154166	0.0338802
-0.0110523	-0.00366761	-0.00701028	0.00542781	-0.0239526	-0.0114225	-0.00184106	0.0335203	-0.0132671	0.0332654
-0.0186506	-0.00628666	-0.00971706	0.00376132	-0.0480502	-0.0176861	-0.00386094	0.0678988	-0.0144088	0.0470003
-0.0275492	-0.0114307	-0.0101936	0.00537844	-0.0755327	-0.0209336	-0.00537885	0.094512	-0.0249058	0.076034
-0.027881	-0.0158237	-0.0106652	0.00294147	-0.0819204	-0.01491	-0.00600625	0.095702	-0.0365998	0.095163
-0.0254542	-0.0150033	-0.0114994	0.000698241	-0.101899	0.0051951	-0.00653418	0.118602	-0.0336392	0.0695338
-0.0224638	-0.0186843	-0.0101312	-0.00990163	-0.118667	0.0116295	-0.00749026	0.10373	-0.038523	0.110502
-0.0297922	-0.0311551	-0.0125667	-0.0157362	-0.12549	0.00206574	-0.0083031	0.140104	-0.0441611	0.125034
-0.0366137	-0.0281054	-0.0104825	-0.0207179	-0.138765	-0.0110608	-0.00719503	0.156122	-0.0412352	0.138053
-0.0326792	-0.0189337	-0.0104654	-0.0183011	-0.135452	-0.00359314	-0.0068	0.160737	-0.036876	0.102364
-0.0248197	-0.0108267	-0.0112539	-0.00754899	-0.124875	-0.0111131	-0.00633763	0.122496	-0.0288348	0.103114
-0.0229494	-0.0052635	-0.0122606	-0.00865311	-0.10417	-0.0147725	-0.00599095	0.101159	-0.0198823	0.0927832
-0.0158723	-0.00438842	-0.0106052	-0.00920743	-0.0894618	-0.0147035	-0.00519328	0.0733221	-0.0137831	0.0898928
-0.00608114	-0.00237955	-0.00760788	-0.00862643	-0.0724886	-0.00376519	-0.00347008	0.0294696	-0.0114836	0.0864329
-0.00761842	-0.00133211	-0.00546866	-0.00758114	-0.035778	0.00631612	-0.00232704	-0.00468967	-0.00668071	0.0651596
-0.00820385	-0.000661499	-0.00320479	-0.00379231	-0.0148675	0.00783645	-0.00147237	-0.00174132	-0.00350746	0.0296146
-0.00520174	-0.000134203	-0.000712606	-0.000195943	-0.00588341	0.00402618	-0.000316783	0.00579426	-0.000815535	0.00343978
-0.00051373	-6.20354e-06	-2.94854e-05	-7.45425e-05	-0.000439214	7.06926e-05	-4.67064e-05	-0.00130887	-7.91234e-05	0.00242718
-1.20335e-06	-1.38991e-09	-1.86902e-07	-1.19371e-06	-0.00012101	-2.95321e-06	-4.9556e-07	-7.03645e-06	-4.27383e-06	0.000138354
-4.99998e-08	-7.80395e-09	-2.35229e-07	-7.17239e-08	-2.76434e-08	-1.38195e-08	-6.30267e-10	1.22609e-06	-1.84959e-07	-6.34123e-07
0.0	0.0	0.0	0.0	0.0	0.0	0.0	0.0	0.0	0.0
0.0	0.0	0.0	0.0	0.0	0.0	0.0	0.0	0.0	0.0
0.0	0.0	0.0	0.0	0.0	0.0	0.0	0.0	0.0	0.0
0.0	0.0	0.0	0.0	0.0	0.0	0.0	0.0	0.0	0.0
0.0	0.0	0.0	0.0	0.0	0.0	0.0	0.0	0.0	0.0
0.0	0.0	0.0	0.0	0.0	0.0	0.0	0.0	0.0	0.0
-1.68658e-06	-3.15978e-06	-1.90085e-06	-3.69436e-07	-1.16067e-06	-5.47882e-07	-7.31624e-08	4.62361e-05	-2.39084e-05	-1.34294e-05
-2.93537e-05	-8.27162e-06	-5.47855e-06	-1.65095e-06	-4.61672e-06	-8.99737e-06	-8.10323e-07	0.000177894	-6.53795e-05	-5.33353e-05
-3.44736e-05	-7.29441e-06	-7.03213e-06	-5.44389e-06	-0.000681459	-1.24057e-05	-1.78572e-06	0.000172072	-6.85475e-05	0.00064637
-0.000115019	-2.1526e-05	-2.11839e-05	-2.71274e-05	-0.00404747	-0.000224332	-3.45941e-05	0.000966118	-9.57253e-05	0.00362086
-0.000346033	-4.48919e-05	-3.87783e-05	-6.47451e-05	-0.00483042	-0.000517793	-6.693e-05	0.00427474	-0.000175608	0.00181046
-0.000645784	-2.27232e-05	-3.44313e-05	-0.000149368	-0.00295297	-0.000300971	-2.51974e-05	0.00402726	-0.000253929	0.000358114
-0.00048297	-0.000565654	-0.000131898	-0.00053702	-0.00499353	0.00112866	-3.92617e-05	0.00747036	-0.00147471	-0.000373974
-0.000813406	-0.000192222	-0.000140918	-0.000471662	-0.00484948	0.00289776	-5.11711e-05	0.00272145	-0.000877737	0.00177739
-0.00251657	-0.000355261	-0.000214901	-0.00105956	-0.00974998	0.00226603	-0.000355034	0.00898276	-0.00224711	0.00524963
-0.00376883	-0.000412023	-0.000275949	-0.00157703	-0.00794115	-0.00101321	-0.000356989	0.027413	-0.00208551	-0.00998235
-0.00541555	-0.000503349	-0.000320271	-0.00239399	-0.0180726	-0.00448016	-0.00064552	0.0357529	-0.00281625	-0.00110521
-0.00552377	-0.000367259	-0.000598758	-0.0022342	-0.0110307	-0.00374959	-0.000716284	0.0374171	-0.00281827	-0.0103783
-0.00329025	-0.000235373	-0.000488229	-0.0024402	-0.00940594	-0.00248824	-0.000526053	0.031827	-0.00160031	-0.0113524
-0.00325294	-0.000453356	-0.000342045	-0.00223798	-0.00751675	-0.00233391	-0.000469427	0.0334421	-0.00134901	-0.0154867
-0.00323713	-0.00103058	-0.000326459	-0.0017276	-0.00727307	-0.00210494	-0.000297107	0.0354935	-0.00145833	-0.0180383
-0.00167368	-7.55835e-05	-0.000317963	-0.00113612	-0.00415676	-0.00142429	-0.000190942	0.0194564	-0.000856991	-0.00962407
-0.00255955	-6.24961e-05	-0.000569564	-0.000500073	-0.00197552	-0.000667567	-0.000173713	0.0058652	-0.000540132	0.00118341
-0.00215521	-2.32452e-05	-0.00023362	-0.000216684	-0.000683381	-0.000252725	-6.58899e-05	0.00130207	-0.000253088	0.00258177
-0.00533109	-4.68053e-05	-0.000374653	-0.00014471	-0.000726561	-0.000424876	-0.000163977	0.00519461	-0.000229523	0.00224759
-0.00121406	-2.2916e-06	-1.01705e-05	-1.37036e-05	-0.000101701	-7.44673e-05	-1.062e-05	0.00159812	-3.50643e-05	-0.000136043
0.0	0.0	0.0	0.0	0.0	0.0	0.0	0.0	0.0	0.0
0.0	0.0	0.0	0.0	0.0	0.0	0.0	0.0	0.0	0.0
0.0	0.0	0.0	0.0	0.0	0.0	0.0	0.0	0.0	0.0
0.0	0.0	0.0	0.0	0.0	0.0	0.0	0.0	0.0	0.0
