0.0	0.0	0.0	0.0	0.0	0.0	0.0	0.0	0.0	0.0
0.0	0.0	0.0	0.0	0.0	0.0	0.0	0.0	0.0	0.0
0.0	0.0	0.0	0.0	0.0	0.0	0.0	0.0	0.0	0.0
0.0	0.0	0.0	0.0	0.0	0.0	0.0	0.0	0.0	0.0
0.0	0.0	0.0	0.0	0.0	0.0	0.0	0.0	0.0	0.0
0.0	0.0	0.0	0.0	0.0	0.0	0.0	0.0	0.0	0.0
0.0	0.0	0.0	0.0	0.0	0.0	0.0	0.0	0.0	0.0
0.0	0.0	0.0	0.0	0.0	0.0	0.0	0.0	0.0	0.0
0.0	0.0	0.0	0.0	0.0	0.0	0.0	0.0	0.0	0.0
0.0	0.0	0.0	0.0	0.0	0.0	0.0	0.0	0.0	0.0
0.0	0.0	0.0	0.0	0.0	0.0	0.0	0.0	0.0	0.0
0.0	0.0	0.0	0.0	0.0	0.0	0.0	0.0	0.0	0.0
-3.65654e-06	-6.40235e-06	-0.000653477	-6.11979e-05	-0.00428434	-8.89932e-05	0.00591599	-6.81451e-06	-0.000146841	-0.000664264
-2.17358e-05	-1.51856e-05	-0.00106324	-0.000148678	-0.00952091	-0.00019558	0.0128187	-1.95243e-05	-0.000331151	-0.00150273
-1.5278e-05	-1.29825e-06	0.000409125	-1.63307e-05	-0.000155443	-7.95819e-07	-0.000150494	-5.12206e-06	-1.07063e-05	-5.36562e-05
-6.36584e-07	-5.40937e-08	1.70469e-05	-6.80445e-07	-6.4768e-06	-3.31591e-08	-6.27058e-06	-2.13419e-07	-4.46097e-07	-2.23568e-06
0.0	0.0	0.0	0.0	0.0	0.0	0.0	0.0	0.0	0.0
0.0	0.0	0.0	0.0	0.0	0.0	0.0	0.0	0.0	0.0
0.0	0.0	0.0	0.0	0.0	0.0	0.0	0.0	0.0	0.0
0.0	0.0	0.0	0.0	0.0	0.0	0.0	0.0	0.0	0.0
0.0	0.0	0.0	0.0	0.0	0.0	0.0	0.0	0.0	0.0
0.0	0.0	0.0	0.0	0.0	0.0	0.0	0.0	0.0	0.0
0.0	0.0	0.0	0.0	0.0	0.0	0.0	0.0	0.0	0.0
0.0	0.0	0.0	0.0	0.0	0.0	0.0	0.0	0.0	0.0
0.0	0.0	0.0	0.0	0.0	0.0	0.0	0.0	0.0	0.0
0.0	0.0	0.0	0.0	0.0	0.0	0.0	0.0	0.0	0.0
0.0	0.0	0.0	0.0	0.0	0.0	0.0	0.0	0.0	0.0
0.0	0.0	0.0	0.0	0.0	0.0	0.0	0.0	0.0	0.0
0.0	0.0	0.0	0.0	0.0	0.0	0.0	0.0	0.0	0.0
0.0	0.0	0.0	0.0	0.0	0.0	0.0	0.0	0.0	0.0
0.0	0.0	0.0	0.0	0.0	0.0	0.0	0.0	0.0	0.0
0.0	0.0	0.0	0.0	0.0	0.0	0.0	0.0	0.0	0.0
-5.07449e-09	-3.2346e-08	-1.04989e-05	-9.34948e-09	-4.69067e-05	-1.00453e-07	5.96853e-05	-7.62382e-08	-6.76649e-07	-1.37962e-06
-1.11335e-07	-9.54484e-08	-3.31985e-05	-4.16148e-08	-0.000386353	-3.02836e-07	0.000427659	-7.56647e-07	-2.01218e-06	-4.78716e-06
-1.97244e-05	-1.07672e-07	-0.000417155	-7.24716e-06	-0.0345592	-1.74561e-05	0.0352389	-5.7362e-05	-5.18364e-06	-0.000155398
-4.05706e-05	-6.65122e-05	-0.00101746	-1.72111e-05	-0.0775462	-3.24911e-05	0.0795879	-0.000432398	-5.75824e-05	-0.000377461
-6.0091e-05	-0.00319519	-0.00272441	-0.000170058	-0.0816158	-9.76833e-05	0.0919182	-0.00244027	-0.000827765	-0.000786931
-0.000185535	-0.00261938	-0.00462028	-0.00018592	-0.0345269	-0.000161621	0.0451052	-0.00134326	-0.000872181	-0.000590117
-0.00235527	-0.00159887	-0.00646559	-0.000194118	-0.045172	-0.000678318	0.0602639	-0.00085674	-0.000841875	-0.00210114
0.0212491	-0.00073203	-0.0216112	-0.000345648	-0.0777269	-0.000817682	0.0968463	-0.00633964	-0.00141735	-0.0091051
0.0459697	-0.000672876	-0.0253961	-0.00112536	-0.145533	-0.0060663	0.167204	-0.016758	-0.0013868	-0.0162349
0.0193281	-0.000493378	-0.0174113	-0.000745127	-0.0725728	-0.00569245	0.091068	-0.00455282	-0.0017824	-0.00714587
-0.00101376	0.0186072	-0.000925758	-0.00574388	-0.0185656	-0.00269496	0.016353	-0.000344838	-0.00324578	-0.00242564
0.016644	0.0280152	0.0225996	-0.0074718	-0.0878573	-0.00318576	0.0436983	-0.000849907	-0.0025357	-0.00905664
0.0478897	-0.00746604	0.0671334	-0.00224853	-0.0956981	-0.00331141	0.0197353	-0.00175271	-0.00326646	-0.0210151
0.0222767	-0.00404369	0.0119944	-0.000810557	-0.0389013	-0.00219282	0.0278525	-0.000799848	-0.00293319	-0.0124422
-0.00134231	-0.000270914	-0.0190944	-0.000194838	-0.015295	-0.00295318	0.0428883	-0.000148062	-0.00161004	-0.00197956
-0.000683962	-7.31178e-05	-0.0141511	-0.000120604	-0.0266516	-0.00269884	0.0472195	-0.000196938	-0.00120417	-0.0014391
-0.000305461	-9.57768e-05	-0.00609955	-0.000118325	-0.0217424	-0.0013224	0.0317451	-9.63907e-05	-0.000727762	-0.00123708
-0.000125981	-0.000227456	-0.00334138	-6.38368e-05	-0.0208258	-0.000255278	0.0261255	-8.82537e-06	-0.000855669	-0.000421247
-1.68461e-05	-1.9698e-05	-0.00036953	-5.17093e-06	-0.02802	-1.34285e-05	0.0288166	-2.04466e-05	-0.000121742	-0.000229799
-2.29596e-06	-1.46386e-06	-0.000164695	-6.90689e-07	-0.0101868	-1.25409e-05	0.0105669	-2.82112e-05	-5.09516e-05	-0.000119206
0.0	0.0	0.0	0.0	0.0	0.0	0.0	0.0	0.0	0.0
0.0	0.0	0.0	0.0	0.0	0.0	0.0	0.0	0.0	0.0
0.0	0.0	0.0	0.0	0.0	0.0	0.0	0.0	0.0	0.0
0.0	0.0	0.0	0.0	0.0	0.0	0.0	0.0	0.0	0.0
0.0	0.0	0.0	0.0	0.0	0.0	0.0	0.0	0.0	0.0
0.0	0.0	0.0	0.0	0.0	0.0	0.0	0.0	0.0	0.0
-3.78895e-08	-6.01724e-10	-5.58087e-07	-2.31172e-09	-5.32637e-06	-8.75543e-07	8.38721e-06	-8.40243e-12	-1.18682e-06	-3.99608e-07
0.00270251	-4.54513e-10	-2.26012e-05	-8.1719e-07	-0.00249429	-8.57252e-05	0.000264954	-0.000164965	-8.29966e-06	-0.000190763
0.00101526	-1.85787e-06	-0.00069548	-1.12703e-06	-0.00118424	-1.33249e-05	0.00104595	-5.82833e-05	-3.14943e-05	-7.54037e-05
-0.000363375	-8.48934e-06	6.37698e-05	-0.000276689	-0.00103843	-5.33144e-06	0.00166245	-2.98951e-06	-2.18378e-05	-9.07977e-06
-0.0171013	-4.82076e-05	-0.0010454	-0.00152358	-0.0353994	-5.12278e-05	0.0559375	-0.000424829	-0.000165755	-0.00017778
-0.0206509	-0.00182559	-0.00529879	-0.00291256	-0.115155	-0.000878309	0.150037	-0.00165329	-0.000839195	-0.0008237
-0.0177673	-0.0272794	0.0202222	-0.0106339	-0.150423	-0.00351004	0.197927	-0.00419076	-0.00269391	-0.00165107
-0.0223595	-0.0530759	0.0928001	-0.0181274	-0.128155	-0.0130762	0.161102	-0.00576047	-0.00981723	-0.00352956
-0.0208511	-0.0408466	0.0645216	-0.00797523	-0.225673	-0.0405272	0.316297	-0.0128176	-0.0195627	-0.012564
-0.0370784	-0.0502652	0.117728	0.0260983	-0.246443	-0.0802741	0.356357	-0.0293421	-0.035279	-0.0215008
-0.0393435	0.00829163	0.0682797	0.0368194	-0.328837	-0.0861586	0.445078	-0.0283411	-0.0424164	-0.0333707
-0.0591971	0.125063	0.0190905	0.000456975	-0.240298	-0.0935774	0.35143	-0.0137246	-0.0570995	-0.0321409
-0.103963	0.119053	0.0711139	-0.00717078	-0.150893	-0.104509	0.278496	-0.0178555	-0.0552911	-0.0289781
-0.118749	0.24039	0.132431	-0.0517378	-0.208782	-0.0695428	0.19222	-0.0220942	-0.0615989	-0.032534
-0.0932392	0.160522	0.115093	-0.0448497	-0.242468	-0.00291429	0.227264	-0.0113752	-0.0675004	-0.0405295
-0.0809506	0.0420085	0.0129739	-0.0447394	-0.118299	0.0554038	0.217019	-0.00739032	-0.048694	-0.0273309
-0.0543172	-0.00911899	-0.0229264	-0.0627955	-0.0943833	0.055378	0.221513	-0.00396886	-0.0107479	-0.0186322
-0.0401303	0.0195825	-0.0815126	-0.0302306	-0.062928	0.0061864	0.243706	-0.00218087	-0.0391895	-0.0133023
-0.0277034	-0.00759719	-0.0341308	-0.00963424	-0.0483316	-0.0527586	0.201168	-0.00111011	-0.0144339	-0.00546821
-0.0143713	-0.00885974	-0.0335583	-0.00998749	-0.0417316	-0.0588373	0.189156	-0.000843706	-0.0136967	-0.00726976
-0.00747414	-0.00335247	-0.0348721	-0.00717916	-0.0416035	-0.0317594	0.139785	-0.000598323	-0.00950192	-0.00344412
-0.00373186	-0.00174978	-0.0075475	-0.00192348	-0.0272547	-0.0243474	0.0705836	-7.30324e-05	-0.00360307	-0.000352704
-0.000587739	-0.000540868	0.0340183	-0.000180786	-0.00309635	-0.00935355	-0.0183195	-3.03623e-05	-0.00187392	-3.51833e-05
-8.86396e-06	-2.48136e-05	0.0239976	-9.90666e-07	-0.000446317	-0.00094047	-0.0218675	-2.68275e-08	-0.000707099	-1.57208e-06
0.0	0.0	0.0	0.0	0.0	0.0	0.0	0.0	0.0	0.0
0.0	0.0	0.0	0.0	0.0	0.0	0.0	0.0	0.0	0.0
0.0	0.0	0.0	0.0	0.0	0.0	0.0	0.0	0.0	0.0
0.0	0.0	0.0	0.0	0.0	0.0	0.0	0.0	0.0	0.0
-8.47959e-08	0.000648726	-9.30288e-05	-3.49032e-05	-1.17546e-05	-7.39776e-06	-0.000359652	-9.99119e-09	-0.000140894	-1.0014e-06
0.00627174	0.000154337	-0.000186428	-2.94882e-05	-0.00815861	0.00014127	0.00334789	-0.000484001	-0.000409087	-0.000647621
-0.00712394	-7.1909e-05	-0.00338656	-0.00328456	-0.00357786	0.0114789	0.00735728	-0.000920415	-0.000216167	-0.000254744
-0.0546449	-0.00306623	-0.00183386	0.0868789	-0.00556916	-0.0395011	0.0241581	-0.00177554	-0.00378757	-0.000858576
-0.074404	-0.00255317	0.000268052	0.0667147	-0.0661406	-0.0262621	0.114028	-0.0026711	-0.00764129	-0.00133841
-0.0833392	-0.0208461	0.046444	0.102076	-0.116076	-0.0409948	0.1513	-0.0129767	-0.0222845	-0.00330105
-0.0202832	-0.0634527	0.141674	0.126228	-0.234331	-0.0524126	0.183062	-0.0403625	-0.0293867	-0.0107337
-0.0569468	-0.0981303	0.374783	0.0568058	-0.319467	-0.0766149	0.22148	-0.048382	-0.0278051	-0.0257195
-0.0376629	-0.163181	0.343862	0.147393	-0.326055	-0.0584939	0.274066	-0.0888984	-0.0452305	-0.0457952
0.00950561	-0.260297	0.41293	0.356384	-0.3881	-0.132131	0.305965	-0.136737	-0.0975427	-0.0699748
-0.0109027	-0.134495	0.392548	0.436871	-0.557572	-0.0821207	0.261143	-0.103287	-0.109238	-0.0929438
0.116193	-0.0778845	0.487409	0.273044	-0.652377	-0.104184	0.287797	-0.0984021	-0.100201	-0.131394
0.106191	-0.112349	0.307908	0.465668	-0.49107	-0.0714768	0.241347	-0.0997207	-0.184967	-0.161531
0.0530851	0.0458319	0.219588	0.369527	-0.476639	0.0475626	0.189147	-0.0947185	-0.162862	-0.190522
0.0528673	0.119789	0.289284	0.268911	-0.396353	-0.0322236	0.0467847	-0.0738265	-0.115807	-0.159426
-0.0399122	-0.0725354	0.174589	0.232934	-0.259887	0.0896608	0.05428	-0.0511255	-0.0259854	-0.102017
-0.170982	-0.189424	-0.115155	0.270613	-0.196178	0.223098	0.20627	-0.0428362	0.0505054	-0.0359098
-0.192765	-0.131336	-0.155408	0.231323	-0.0510011	0.212416	0.252648	-0.0245912	-0.0992554	-0.0420292
-0.118534	-0.151355	-0.223797	0.249758	0.00996829	0.257724	0.0967289	-0.0217643	-0.0635166	-0.0352095
-0.12553	-0.127683	-0.171489	-0.0565551	0.0131198	0.231544	0.230462	-0.0117314	0.0374079	-0.0195441
-0.0935965	-0.0997482	-0.150435	-0.124036	0.019636	0.108913	0.28073	-0.00345142	0.0677893	-0.0057994
-0.04699	-0.0702336	-0.117982	-0.0715684	0.0171595	-0.0454446	0.268659	-0.00117439	0.0699522	-0.00237767
-0.018336	-0.057376	-0.0124982	-0.0219357	-0.00950636	-0.0289332	0.138131	-0.000458127	0.0114886	-0.000575582
-0.00342956	-0.0156309	0.0189817	-0.000354987	-0.000507094	0.0407333	-0.0425561	-5.38602e-06	0.00280637	-3.72932e-05
-0.00128272	-0.0201387	-0.000413853	-2.10053e-05	-0.000180458	0.00786829	0.0165159	-1.66741e-07	-0.00234444	-2.854e-06
0.0	0.0	0.0	0.0	0.0	0.0	0.0	0.0	0.0	0.0
0.0	0.0	0.0	0.0	0.0	0.0	0.0	0.0	0.0	0.0
-2.43565e-08	-1.91605e-08	-1.76722e-05	2.83292e-05	-1.54814e-07	-9.40314e-06	-2.48774e-08	-1.39985e-08	-1.00334e-06	-1.35396e-08
-3.23102e-05	0.00221999	-0.000829836	0.00123082	-3.8671e-06	-0.0011277	-0.00131654	-5.99464e-08	-0.000138438	-2.04747e-06
-0.00035072	0.00024166	-0.00615776	0.0164338	-0.00115972	-0.00597457	-0.00247766	0.000453861	-0.000825387	-0.000183528
-0.00918425	0.00609081	-0.0389609	0.0553354	0.0152419	-0.0375498	0.0169438	-0.00227236	-0.00506725	-0.000577255
-0.0815117	0.0437638	0.0105566	0.225698	0.0178976	-0.16459	0.0132398	-0.0256729	-0.0326897	-0.00668997
-0.0863664	0.0311663	0.123639	0.259115	-0.0525194	-0.190472	0.0108888	-0.0305753	-0.0555129	-0.00936066
-0.0284793	-0.0269823	0.0936931	0.309534	-0.0761292	-0.158028	0.0312176	-0.062707	-0.0548362	-0.0272808
0.00499884	-0.0465767	0.1806	0.422786	-0.220083	-0.313444	0.126344	-0.100754	0.0110603	-0.0649264
0.0814658	-0.0787798	0.360423	0.376896	-0.306193	-0.268308	0.0355238	-0.180889	0.112246	-0.13238
0.0766592	-0.11658	0.319911	0.469973	-0.43257	-0.0767595	0.0505894	-0.265131	0.138649	-0.16474
0.140147	-0.266826	0.385319	0.528614	-0.421053	0.0839293	-0.0685421	-0.3093	0.166813	-0.239101
-0.0217973	-0.116944	0.36169	0.413978	-0.327835	0.00997246	-0.0893018	-0.283286	0.366485	-0.312961
0.0417608	0.19392	0.194913	0.451635	-0.193527	-0.228486	-0.0370127	-0.29212	0.16185	-0.292935
-0.0470751	0.184833	0.31421	0.318311	-0.349181	-0.0201866	-0.0539816	-0.339286	0.378542	-0.386189
0.0518058	0.0193534	0.170389	0.326522	-0.423875	0.31702	-0.105259	-0.3196	0.387454	-0.42381
-0.0958867	0.0640206	0.129477	0.390372	-0.200436	0.115807	0.0425214	-0.30368	0.308174	-0.450369
0.0414636	-0.0476297	0.0630598	0.169867	-0.109038	0.1488	0.128974	-0.260736	0.167962	-0.302724
-0.039049	-0.180585	0.0022524	0.291513	-0.0945482	0.348518	0.0233466	-0.209466	0.0946195	-0.236601
-0.0947368	0.100345	-0.162855	0.113941	0.136277	0.1516	0.0521843	-0.139012	0.0826453	-0.240388
-0.09563	0.0928475	-0.158708	0.00353482	0.230339	-0.142349	0.12618	-0.102408	0.205839	-0.159645
-0.115546	0.0310391	-0.318307	-0.129272	0.220916	0.231915	0.211912	-0.0376491	0.0654771	-0.160484
-0.102273	-0.0606573	-0.366819	-0.101675	0.265954	0.131791	0.315621	-0.0428948	0.0508564	-0.0898994
-0.151306	-0.0905636	-0.2991	-0.225314	0.271066	0.293108	0.269296	-0.0206087	-0.0138691	-0.0327068
-0.159364	-0.204376	-0.144866	-0.0373471	0.166663	0.340534	-0.0350991	-0.00575647	0.0887163	-0.0091029
-0.0441815	-0.101838	-0.00723895	-0.00390335	0.00439684	0.1274	-0.0466428	-0.00126188	0.0758656	-0.0025958
-0.00460985	-0.0120681	-0.00425538	-0.000102933	-0.0181859	0.0179378	-0.00665399	-0.000318991	0.0294217	-0.00116436
-8.3716e-05	-0.00632209	-0.00370768	-2.4487e-05	-0.00326341	-0.0030574	0.0129587	-1.90527e-05	0.00365652	-0.000137338
0.0	0.0	0.0	0.0	0.0	0.0	0.0	0.0	0.0	0.0
0.0	0.0	0.0	0.0	0.0	0.0	0.0	0.0	0.0	0.0
-0.000247583	0.000239511	0.000279052	0.00221494	-7.84069e-05	-0.00218499	5.01844e-05	-6.86613e-06	-0.000263294	-2.54429e-06
-0.00349026	0.00690903	-0.00335432	0.0785099	0.00117852	-0.0356955	-0.0291273	-0.00111238	-0.0106909	-0.0031269
-0.0260911	0.0154948	0.00676365	0.179376	0.0126139	-0.149297	0.0238322	-0.0149919	-0.0362267	-0.0114728
-0.113316	0.105348	0.00735592	0.37015	0.0457011	-0.217336	-0.130149	0.0867358	-0.117479	-0.0370069
-0.0354137	0.044138	0.0344728	0.397714	-0.00693106	-0.27718	-0.0778076	0.10974	-0.104817	-0.0839122
-0.0300456	-0.123455	0.103991	0.302376	-0.040762	-0.106114	-0.0842254	0.113432	-0.0106369	-0.12456
0.024566	-0.293395	0.194564	0.180779	-0.059906	-0.143491	0.0950065	0.157513	0.00611025	-0.161746
0.054459	-0.32874	0.0951998	0.183189	-0.0220825	0.0712537	-0.00291925	0.0851804	0.0954695	-0.231011
0.213434	-0.227013	0.170957	0.167286	-0.190664	0.155719	0.0414705	-0.115151	-0.0970119	-0.119028
0.132044	-0.291756	0.253669	0.161592	-0.140629	0.105118	-0.415423	-0.195775	0.243313	0.147847
-0.0213025	-0.177999	0.161249	0.133539	-0.086493	0.00501552	-0.252815	-0.123792	0.257274	0.105324
0.18565	0.00390995	0.131045	0.129408	-0.287599	-0.0538486	-0.310206	-0.153806	0.163807	0.191638
0.227914	0.0475947	0.125912	0.0505208	-0.0641354	-0.130135	-0.052014	-0.323239	0.25298	-0.135399
0.191494	0.184567	0.177909	0.196975	-0.0584125	-0.123658	-0.225825	-0.399719	0.111565	-0.0548979
0.150899	-0.117993	0.303117	0.336329	0.0138635	0.0755657	-0.192114	-0.347866	0.17226	-0.39406
0.343057	-0.228676	0.154972	-0.0490328	-0.091607	0.173247	-0.032298	-0.382767	0.396638	-0.283531
0.349227	-0.0553946	0.0930128	0.00743238	0.0738077	0.17122	0.100005	-0.391897	-0.115321	-0.232093
0.0921956	0.0106475	-0.0122667	0.1157	0.146095	0.0416266	0.153246	-0.483409	0.13674	-0.200578
-0.0750697	0.129835	0.0325703	-0.00774364	0.0581045	0.266797	0.0782412	-0.458665	0.19639	-0.220459
0.0176911	0.298469	7.0378e-05	-0.140904	0.074675	0.117743	0.104117	-0.281525	0.0688545	-0.259191
0.00685544	0.248275	-0.155461	-0.124082	0.24053	0.279077	0.0476935	-0.193037	-0.0455098	-0.304339
-0.218074	0.124761	-0.274887	-0.250419	0.423133	0.361415	0.257728	-0.0996422	-0.13026	-0.193755
-0.252083	0.00467917	-0.224886	-0.0850881	0.116133	0.408112	0.0910691	-0.0307748	0.0539757	-0.0811356
-0.103511	-0.132145	-0.0504929	-0.0205708	-0.0441155	0.270111	-0.0538148	-0.00962556	0.17086	-0.0266944
-0.0298844	-0.0249454	-0.0156127	-0.00183976	-0.0292195	0.0660223	0.0263794	-0.0039332	0.0167393	-0.00370594
-0.0107059	-0.00807183	-0.00544278	-9.68886e-05	-0.00033376	0.00745389	0.0193874	-0.000134919	-0.00202069	-3.45101e-05
0.0	0.0	0.0	0.0	0.0	0.0	0.0	0.0	0.0	0.0
-3.82953e-06	-1.37196e-06	-4.04599e-05	0.000493176	-1.29362e-06	-4.35528e-05	-2.38012e-07	-9.49394e-06	-4.19484e-05	-0.000350988
-0.00107717	-0.0155135	-0.00612143	0.00377819	-0.00259496	0.00318638	-0.0012537	0.0265207	-0.00357484	-0.00334967
-0.00304097	0.00508673	0.00708819	0.115917	-0.0326091	-0.116838	-0.0326761	0.115072	-0.0338419	-0.0241578
-0.0397522	0.0117485	0.0982131	0.167644	0.0195475	-0.186136	0.0208567	0.0714035	-0.0836419	-0.079881
-0.0297516	-0.0237423	0.0801493	0.235266	0.156127	-0.151682	-0.0958151	0.163375	-0.109242	-0.224681
0.00756352	-0.08776	0.150057	0.261643	0.109221	-0.0930757	-0.202693	0.269067	-0.161261	-0.252759
0.020789	-0.221726	0.116621	0.0571202	0.0730987	0.0579571	-0.0380448	0.294574	-0.0627137	-0.297676
-0.0252312	-0.342397	0.0429345	0.171974	-0.0297141	0.0279094	-0.0258517	0.332349	0.0586008	-0.210574
-0.204975	-0.426088	0.224242	0.317596	0.0599018	-0.0495697	-0.148236	0.197634	0.0702479	-0.0407526
0.00776264	-0.214567	0.224786	0.353406	-0.144484	-0.0170792	-0.316019	0.253308	-0.109435	-0.0376781
-0.0351955	-0.0734313	-0.0301385	0.169219	-0.261074	-0.0377339	-0.279846	0.375995	0.0080447	0.164161
-0.167428	-0.207763	0.0557358	0.0429091	-0.191833	0.0116958	-0.183216	0.237521	0.288696	0.113683
0.227713	-0.250431	0.0481886	0.362363	-0.326603	-0.0310036	-0.394555	-0.0536364	0.0751566	0.342809
0.180597	-0.16825	0.0213534	0.167185	-0.395526	0.152813	-0.285073	-0.0526875	0.060647	0.318941
0.020164	-0.234153	0.0924321	0.136153	-0.441753	-0.0477333	-0.144184	0.049072	0.352668	0.217336
0.100936	-0.237424	0.153699	0.238514	-0.389382	-0.121799	-0.250594	0.0265087	0.105997	0.373543
0.208724	-0.375631	-0.0106153	0.016026	-0.20248	0.00642717	-0.210648	0.107115	0.144155	0.316928
0.341008	-0.14903	-0.0386702	0.258241	-0.347174	0.088806	-0.353024	0.0188544	-0.146151	0.327141
0.106213	-0.208151	-0.109307	-0.134212	-0.0623841	0.265814	-0.200515	-0.0707017	0.378881	0.0343614
0.122982	0.0455019	-0.141554	0.0683727	-0.167965	0.148705	-0.0908554	-0.101873	0.0815572	0.0351298
0.318258	0.0952996	-0.0836485	0.0529168	-0.0715903	-0.0705945	-0.0845325	-0.0383978	-0.0366654	-0.0810451
0.346746	0.112725	-0.194278	-0.123339	0.251086	0.157666	-0.0644246	-0.143649	-0.0682867	-0.274244
-0.0204284	0.109673	-0.419488	-0.197348	0.469467	0.29616	0.0275998	-0.191053	0.213031	-0.287615
-0.36669	0.00724138	-0.244832	-0.0834444	0.11759	0.710521	0.0276505	-0.0878763	0.10446	-0.18462
-0.251766	-0.106358	-0.0634944	-0.0451611	-0.0251534	0.417663	-0.0400022	-0.0395879	0.216308	-0.0624465
-0.112573	-0.0147323	-0.0103572	-0.00492407	0.0394249	0.150144	-0.0400954	-0.0121771	0.0265741	-0.0212833
-0.0301648	-0.000316153	-0.000510582	-0.00037763	-0.00138673	0.041727	-0.00207052	-0.000680691	-0.00549009	-0.000729875
0.0	0.0	0.0	0.0	0.0	0.0	0.0	0.0	0.0	0.0
-0.000265778	-0.00117016	-0.00144552	0.0137023	-0.000689342	-0.0015784	-8.386e-05	0.00475929	-0.00339509	-0.00983341
-0.000657463	-0.0238244	0.0202235	-0.0171308	-0.00392671	-0.0157145	-0.00536022	0.0662614	-0.00660849	-0.0132623
-0.00530947	-0.0118275	0.0451527	0.0654421	-0.0147137	-0.134568	-0.0410551	0.210457	-0.0345906	-0.0789865
-0.0676881	-0.00568365	0.246364	0.309045	0.078103	-0.409822	0.0120672	0.106693	-0.0502457	-0.218828
-0.0166303	-0.119526	0.163291	0.417718	0.255051	-0.274464	-0.0765216	0.0808855	-0.0331062	-0.396693
0.0439795	-0.208251	0.281249	0.1662	0.125055	-0.0516387	-0.255272	0.277963	-0.0729299	-0.306352
-0.0239744	-0.248834	-0.0478077	0.046002	0.129404	0.148161	-0.00234589	0.283604	0.0283961	-0.312605
-0.178271	-0.467664	0.128938	0.0799201	-0.00367629	0.218403	-0.0465781	0.146275	0.191582	-0.0689277
0.0309921	-0.316613	9.65126e-05	0.0870624	0.00889591	0.0549508	-0.141513	0.231089	-0.0181249	0.0631649
0.0289736	-0.142957	-0.0866277	-0.0168941	-0.198927	0.231657	-0.227506	0.334107	0.0904862	-0.0123111
0.0668018	-0.209175	0.0920547	-0.0245465	-0.150238	0.140423	-0.100749	0.257914	-0.155697	0.0832115
-0.0134822	-0.06788	-0.0238375	0.134524	-0.456093	0.0557557	-0.167635	0.213986	-0.107487	0.43215
0.120494	-0.21099	0.301371	0.0340351	-0.343662	-0.170243	-0.322698	0.136444	-0.0497423	0.504996
0.0656588	-0.0986759	0.115511	0.284337	-0.432911	0.161799	-0.150875	-0.0583797	-0.337008	0.450543
-0.0360406	-0.381102	-0.0335765	0.255124	-0.376502	-0.221365	-0.141959	0.13418	0.293226	0.508015
0.0106174	-0.236244	0.0339174	0.0334203	-0.427634	0.0819074	-0.352653	0.221333	0.0985075	0.536829
0.263698	-0.232932	-0.25884	0.15863	-0.137844	0.0725632	-0.259761	0.288497	-0.181611	0.287602
0.27649	-0.314029	-0.0613416	-0.090161	-0.266853	0.0791576	-0.327023	0.368017	0.141317	0.194427
0.156774	-0.0838552	-0.0733205	0.0646405	-0.0830698	0.0956532	-0.347999	0.197225	-0.0510734	0.125024
0.00120192	0.0575687	-0.168874	0.0291764	-0.115769	0.0899383	-0.313503	0.294043	-0.0176893	0.143907
0.046754	-0.0433018	-0.00475791	-0.195318	-0.0885253	0.153548	-0.221145	0.153059	0.147761	0.0519263
0.119472	-0.0383658	0.0988917	-0.22236	0.180566	0.191196	-0.295577	0.107541	0.00848492	-0.14985
0.18756	-0.0885238	-0.488165	-0.276396	0.370725	0.357164	-0.190618	0.00507914	0.351201	-0.228026
-0.161493	-0.283874	-0.366303	-0.19719	0.141649	0.716437	0.031204	-0.0626155	0.406202	-0.224012
-0.292837	-0.1722	-0.0802945	-0.0588907	0.000990562	0.722685	-0.0905861	-0.0601836	0.13198	-0.100662
-0.130821	-0.00724876	-0.0143619	-0.0041691	0.0595568	0.146509	-0.0362715	-0.012106	0.0363078	-0.0373951
-0.00925561	-0.00346691	-0.00106929	-0.000283043	-0.00186303	0.0200453	-0.00837942	-0.000478717	0.00574865	-0.000997955
0.0113371	-2.62877e-07	-0.000205522	-6.75583e-07	-0.000409334	-5.03888e-06	-7.32205e-06	-0.00704328	-1.85962e-05	-0.00364708
-0.000312359	-0.00100171	0.00121501	-0.00595982	-0.0110807	-0.00129259	-0.000256754	0.0533682	-0.00359313	-0.0310861
0.00126357	-0.014694	0.00847692	-0.0146399	0.0102311	-0.0190727	-0.00516208	0.106278	-0.00993005	-0.0627511
0.00482307	-0.00329715	0.0320563	0.0849665	-0.0040724	-0.144445	-0.0369337	0.297281	-0.0157181	-0.214659
-0.100201	-0.0304221	0.273022	0.364201	0.0451695	-0.546195	0.010496	0.274452	0.0139908	-0.304508
-0.0610002	-0.0869581	0.104771	0.211477	0.201256	-0.320626	-0.1285	0.256814	0.110924	-0.288154
-0.0399332	-0.205791	0.0468215	0.0578405	0.0518988	-0.0823219	-0.237737	0.261081	0.207455	-0.0593125
-0.0716897	-0.198769	0.032045	0.0613151	0.0690753	-0.147296	-0.150906	0.486124	0.201947	-0.281847
-0.0252054	-0.416487	0.0844336	-0.0363711	-0.122375	0.116569	-0.13787	0.26064	0.0398461	0.236821
0.194744	-0.436386	0.0100758	-0.0579835	0.10326	0.0506033	-0.124862	0.138758	0.164754	-0.0429623
0.00846447	-0.246504	0.299332	0.0530219	-0.159018	0.105707	-0.214187	0.0678285	0.118517	-0.0331612
-0.0431572	-0.257954	0.146209	0.0145494	-0.0200407	0.115922	-0.17047	0.308423	-0.0111518	-0.0823283
0.17432	-0.0580106	-0.0432216	0.114599	-0.246208	-0.0345194	-0.20344	0.351631	0.210582	-0.265729
0.0265567	0.0419006	-0.0295468	0.0821693	-0.319651	-0.0865811	-0.24493	0.0648007	0.275224	0.19006
0.211808	0.0014543	0.0679991	0.214679	-0.429106	-0.114839	-0.413957	0.267658	-0.188685	0.38299
0.268636	0.0135867	0.0313743	0.203399	-0.31174	-0.219782	-0.475769	0.331953	-0.051323	0.209669
0.520169	-0.246304	-0.0815032	0.0895911	-0.499469	-0.0315574	-0.445212	0.295178	0.198389	0.200722
0.277116	0.0857204	-0.083828	0.127479	-0.22572	-0.0175102	-0.382425	0.236959	-0.0270921	0.00930289
0.112037	-0.202084	-0.224363	0.312867	-0.00734669	-0.0823019	-0.612155	0.421699	0.139441	0.142206
0.0674855	-0.105607	0.172826	0.103649	-0.106695	0.0895441	-0.540368	0.139726	0.161437	0.018001
0.196159	-0.220674	0.0395136	0.114882	-0.0974163	0.249493	-0.394084	0.229031	0.045715	-0.162619
0.059823	-0.23681	-0.116995	0.08006	-0.0700138	0.180023	-0.288932	-0.00327712	0.147344	0.248777
0.203807	-0.231253	-0.0789747	0.265536	-0.128993	0.0685034	-0.431269	0.214633	0.101184	0.0168217
0.413476	-0.406646	-0.0892473	-0.463853	0.12951	0.631103	-0.450253	0.0924148	0.322736	-0.17924
0.0547052	-0.430948	-0.405537	-0.36976	0.0682279	1.08569	-0.284287	-0.117562	0.568976	-0.169502
-0.295862	-0.195591	-0.14239	-0.0808586	0.0634831	0.820269	-0.188482	-0.101389	0.235091	-0.114267
-0.109454	-0.0154139	-0.0204177	-0.00574032	-0.0504305	0.22358	-0.104755	-0.0168335	0.134897	-0.0354315
-0.00664478	-0.00258959	-0.0021641	-8.63855e-05	-0.0017322	0.00770444	-0.0102729	-0.00375175	0.0211306	-0.00159335
-3.69584e-06	-2.04212e-05	-9.09003e-06	-0.000134153	-0.000606203	-6.65953e-05	-3.0935e-06	0.00226553	-2.34103e-05	-0.00139886
-0.00046026	-7.67221e-05	-0.000921161	-0.00520979	-0.0115137	-0.00130753	-0.000136142	0.063674	-0.00249609	-0.0415526
0.00513741	-0.00958287	-0.0204008	0.0353718	0.00241344	-0.00921125	-0.00789603	0.119881	-0.0238343	-0.0918778
0.0212816	-0.00776101	0.0516896	0.162038	-0.110623	-0.159315	-0.0465832	0.351805	-0.0388942	-0.223635
-0.0668688	-0.0813754	0.194445	0.482217	-0.168227	-0.440503	0.0265712	0.380903	0.0283272	-0.355484
-0.0489595	-0.215338	0.341688	0.157786	-0.0295323	-0.301485	-0.207086	0.259564	0.10874	-0.065375
-0.0979911	-0.230102	-6.91322e-05	0.114666	-0.0922995	-0.0890158	-0.233881	0.214595	0.219776	0.194323
-0.118891	-0.162325	-0.0358938	0.196188	-0.0661338	-0.0220688	-0.0653439	0.182583	0.119365	-0.0274807
-0.100266	-0.259359	-0.0317895	0.131614	-0.0289038	0.10885	-0.130612	0.120433	0.117867	0.0721668
0.0486565	-0.375937	0.150297	0.0364061	0.0154589	-0.0632892	-0.198991	0.190154	0.197891	-0.000645114
0.133636	-0.21144	0.272033	-0.142887	-0.222049	0.152415	-0.316728	-0.0153449	0.11351	0.236855
-0.0753979	-0.117083	0.0429183	-0.35383	-0.0603089	0.342246	-0.142201	0.168694	0.102616	0.0923465
0.0303725	-0.10534	0.0645036	-0.225307	-0.133931	0.212842	-0.227666	0.419378	-0.0725246	0.0376757
0.291543	0.0825967	0.0785965	-0.146236	-0.154667	-0.0717231	-0.434012	0.256184	0.0496883	0.0480311
0.0323631	0.207775	0.175447	0.26438	-0.637878	-0.237382	-0.250807	0.526803	-0.231159	0.150458
-0.161008	0.497936	0.250187	0.431679	-0.379952	-0.393828	-0.42387	0.359727	-0.476906	0.29604
0.178621	0.165307	0.248847	0.286466	-0.0892185	-0.363643	-0.56682	0.303387	-0.138697	-0.0242482
0.320495	0.00533205	-0.0495954	0.16103	-0.128299	-0.194067	-0.685027	0.513243	0.0452469	0.0116442
0.241665	-0.145144	0.0223906	0.0664485	0.0657035	-0.054379	-0.60477	0.268606	-0.0188233	0.158304
0.307386	-0.250357	-0.0257975	0.211731	-0.0894035	-0.0825943	-0.56396	0.327171	0.0620741	0.103752
0.247375	-0.361434	-0.0675732	0.309331	0.0122696	0.00655819	-0.365458	0.0609987	0.0886712	0.0692632
-0.100824	-0.30772	-0.186841	0.212735	0.00804369	0.312183	-0.206365	0.279568	0.145527	-0.156308
-0.0332418	-0.384633	0.00655651	0.375509	-0.0429787	0.230367	-0.473599	0.214334	0.132305	-0.024619
0.495469	-0.434546	-0.129219	-0.194046	-0.0168797	0.593046	-0.371393	-0.0359241	0.336174	-0.242681
0.27873	-0.296114	-0.401187	-0.350564	-0.254202	1.33169	-0.343663	-0.0813882	0.334978	-0.218272
-0.279101	-0.143871	-0.108192	-0.055608	-0.191309	1.07004	-0.313678	-0.0417717	0.197595	-0.134104
-0.100619	-0.0181045	-0.00796375	-0.011016	-0.0735209	0.245845	-0.132977	0.00775842	0.142968	-0.0523696
-0.00137106	-0.00243729	-0.00123141	-0.000437576	-0.00622595	0.0151868	-0.00650314	0.0419031	-0.0355307	-0.00335274
-5.50732e-06	-2.3806e-05	-1.84112e-05	-0.000217625	-0.000707537	-8.44055e-05	-3.65047e-06	0.00304355	-3.22591e-05	-0.00195035
-0.000497742	-3.65106e-05	-0.000321948	-0.00348304	-0.0109167	-0.00123873	-4.8542e-05	0.0605116	-0.00135146	-0.0426169
0.0276801	-0.0049541	-0.013983	0.0149188	-0.029455	-0.0111273	-0.0253797	0.180058	-0.0181622	-0.119595
0.00525971	-0.0487323	0.0798857	0.255538	-0.11539	-0.139184	-0.0568161	0.302828	-0.0915021	-0.191883
-0.0436154	-0.102711	-0.0362634	0.264175	-0.160945	-0.190462	-0.0531072	0.385	0.16357	-0.225639
0.0152587	-0.225068	0.321539	-0.0125772	-0.174109	-0.160234	-0.183506	0.256529	0.0695006	0.09267
-0.0823453	-0.343849	0.352922	-0.00536574	-0.182082	-0.0606176	-0.163752	0.130814	0.135026	0.219249
-0.118747	-0.258419	0.000322507	-0.0447211	-0.0882035	0.179441	0.00453994	0.122129	0.19526	0.00839685
-0.0678388	-0.204301	-0.00238792	-0.252988	-0.00428348	0.286699	0.0184096	-0.0941898	0.127523	0.193357
0.0671232	-0.277719	-0.135343	-0.506741	0.196058	0.334901	-0.200099	0.141915	0.237713	0.14219
-0.0955716	-0.041265	0.0330525	-0.473183	0.0202098	0.209156	-0.107014	-0.0135519	0.283755	0.18441
0.0625992	0.0840052	0.0380069	-0.513648	0.0314978	0.217644	-0.11383	-0.183394	0.262997	0.114124
-0.0234239	-0.0201507	-0.0271918	-0.520299	0.249242	0.361026	-0.278924	-0.220855	0.318448	0.162132
0.141866	0.320389	-0.1859	0.035	-0.299127	0.14811	-0.105268	0.193049	0.0382996	-0.286418
0.0423739	0.550425	0.0484472	0.166874	-0.886107	0.0598644	-0.299273	0.378131	0.0011779	-0.0619096
-0.163943	0.80868	-0.119769	0.115123	-0.07262	-0.0700588	-0.511053	0.441417	-0.329528	-0.0982499
0.0193943	0.270342	0.0267698	0.242065	-0.165242	-0.208215	-0.452324	0.612691	-0.381349	0.0358684
0.326773	0.0695646	0.181046	0.216665	0.0275318	-0.400658	-0.450425	0.256356	-0.198632	-0.0282206
0.250063	-0.230066	0.0686013	0.20797	-0.00496496	-0.435685	-0.458487	0.330712	0.203914	0.0679442
0.0557335	-0.206786	-0.0471891	0.236445	0.115301	-0.369622	-0.458977	0.427406	0.261509	-0.0138231
0.20299	-0.383989	-0.110299	0.347641	-0.14864	-0.205784	-0.264241	0.426315	0.154238	-0.0182312
0.110423	-0.30424	-0.133458	0.14597	-0.0640346	-0.0269865	-0.242167	0.412584	0.156262	-0.0543536
0.207223	-0.358043	-0.0836304	0.182387	-0.100876	0.0325845	-0.348292	0.250722	0.211801	0.00612381
0.484234	-0.342192	-0.165252	-0.0686101	-0.459313	0.686914	-0.135079	-0.184879	0.284524	-0.100341
0.323166	-0.263628	-0.320435	-0.248396	-0.370097	1.55023	-0.256648	-0.136668	0.00436314	-0.281884
-0.28955	-0.0978828	-0.0569877	-0.0268362	-0.245362	1.34009	-0.39819	-0.0287558	-0.0913982	-0.105127
-0.126018	-0.025233	0.0182576	-0.00635212	-0.0880994	0.369645	-0.130672	0.00444449	0.0332521	-0.0492238
-0.000601517	0.00109982	-0.000651647	-0.000147972	-0.00176892	0.00680147	-0.0181635	0.01019	0.00954528	-0.00630294
-2.93254e-05	-5.17843e-06	-1.99579e-05	-0.000142135	-0.000106305	-8.20624e-05	-4.28332e-06	0.00128181	-3.84967e-05	-0.000854061
0.00685046	0.000398443	-0.000608436	-0.00255351	-0.0256564	-0.0097566	-0.0001983	0.0899315	-0.00175241	-0.0566547
-0.00426232	-0.000178655	-0.00859522	0.0165981	-0.110018	-0.020308	-0.001263	0.340108	-0.0113528	-0.200729
-0.00408897	-0.0333646	-0.0369596	0.241796	-0.0956962	-0.170909	-0.063091	0.378962	-0.0196869	-0.196959
-0.157682	-0.0643706	-0.136535	0.215335	-0.230315	-0.0967965	-0.040803	0.448143	0.0710659	-0.00803911
-0.125334	-0.12337	-0.0181998	-0.151536	-0.108821	-0.0430941	-0.0280051	0.148374	0.21384	0.236148
-0.0107957	-0.303689	-0.0924923	-0.285788	0.0568389	0.253052	-0.0651243	0.0287056	0.175761	0.243533
0.0126771	-0.286339	-0.285741	-0.513669	0.0273907	0.17427	0.144371	0.155224	0.44558	0.126233
-0.00945644	-0.240827	-0.396696	-0.461193	0.15923	0.138653	0.0252281	-0.10551	0.28992	0.600654
-0.171975	-0.272895	-0.405397	-0.49126	0.393092	0.141042	0.121652	0.200303	0.345043	0.140391
-0.0581037	-0.150858	-0.72358	-0.359704	0.466122	0.106229	0.0453712	0.275752	0.208357	0.190412
-0.0723988	-0.131133	-0.641713	-0.17419	0.138928	0.0953522	-0.0316774	0.228912	0.226233	0.361687
-0.230722	-0.114492	-0.758063	-0.0381826	0.509039	0.230122	0.140161	-0.0756899	0.189467	0.148363
-0.025674	0.332985	-0.865272	0.246477	-0.720513	0.524728	0.177004	0.0709603	0.260244	-0.000937913
-0.392884	0.721672	-0.541852	0.105689	-0.789595	0.0770662	-0.251165	0.380572	0.668379	0.0221175
-0.644909	0.7653	-0.461522	0.218983	0.311877	-0.184894	-0.577953	0.362366	-0.00637932	0.21713
-0.570391	0.195706	-0.173662	0.012741	0.395086	-0.177778	-0.219331	0.392252	-0.164138	0.309517
-0.0484082	-0.109795	-0.340474	0.311973	0.14301	-0.143582	-0.3558	0.322687	-0.184594	0.404983
-0.173354	-0.0398648	-0.123235	0.11089	-0.00869133	-0.0730129	-0.272267	0.472926	-0.173673	0.280282
0.045572	-0.177153	0.206714	0.102598	-0.0163221	-0.348843	-0.198211	0.229165	0.00378402	0.152697
0.172487	-0.195135	-0.10262	0.332226	-0.218595	-0.607932	-0.133862	0.300983	-0.0514374	0.503886
0.303425	-0.213796	0.00541476	-0.0731214	-0.195941	-0.4617	-0.0342048	0.296831	0.0185087	0.354583
0.233349	-0.197787	-0.067401	-0.0382448	-0.251792	-0.470865	-0.0582225	0.238969	0.27925	0.332744
0.321946	-0.168624	-0.147048	-0.187388	-0.452826	0.12759	0.259866	-0.183048	0.450519	-0.0209846
0.35645	-0.15146	-0.132357	-0.189506	-0.413254	0.632387	-0.0500198	-0.15677	0.325019	-0.220483
-0.186947	-0.0848531	0.0641305	-0.000130271	-0.185307	0.853779	-0.376731	-0.0631768	0.0877705	-0.108534
-0.0861211	-0.0243858	0.0250228	-0.00298343	-0.0294862	0.231989	-0.202866	-0.0117493	0.132129	-0.031548
-0.000416432	0.00433742	-0.0010176	-6.45916e-05	-0.00126137	0.00443345	-0.0112448	0.00200293	0.00582689	-0.00259589
-1.45801e-06	-3.31359e-08	-9.68895e-06	-5.36585e-05	-1.7261e-06	-1.2542e-05	-1.7244e-08	0.00160513	-1.94363e-05	-0.00150657
1.4076e-07	-0.000203901	-4.30022e-05	-0.00277399	-0.0360515	-0.0134827	-0.000268229	0.0879291	-0.00103848	-0.0340675
-0.00478593	-0.00243119	-0.00176779	-0.00753824	-0.122431	-0.0186999	-0.00125825	0.344839	-0.00763849	-0.178289
-0.0260046	-0.00312049	-0.126956	0.0395176	-0.175673	-0.0687379	-0.0540595	0.499748	0.0595424	-0.144254
-0.126246	-0.0015949	-0.224955	-0.0207172	-0.317082	0.00307111	-0.0733772	0.461045	0.0134885	0.28637
-0.0317501	-0.0606116	-0.505741	-0.229349	-0.0526066	0.0350551	-0.0311542	0.251557	0.256928	0.367672
0.199379	-0.111764	-0.873251	-0.33924	0.167992	0.31236	0.145021	0.0409198	0.0937781	0.364808
0.0444922	-0.149437	-1.00111	-0.332644	0.313091	0.108496	0.215181	0.372459	0.241133	0.18834
-0.0329622	-0.173133	-0.532565	-0.373405	0.407952	-0.0297837	0.140678	0.426129	-0.0140304	0.181119
-0.0359941	-0.128263	-0.530889	-0.145958	0.262559	-0.0695483	0.221582	-0.0136611	0.11275	0.327422
0.00822669	-0.331896	-0.639371	0.15505	0.50241	0.315979	0.0264679	-0.100996	-0.175532	0.23966
0.0169363	-0.488588	-0.602201	-0.102452	0.533771	0.187988	0.312706	0.00766566	-0.0803665	0.21454
0.147579	0.0384749	-0.593134	-0.00122809	0.890554	0.172739	0.214812	-0.678926	0.118968	-0.309839
0.0391092	0.210965	-0.420721	0.0719861	-0.068457	0.305771	0.170011	-0.890527	0.526102	0.05576
-0.556094	0.934793	-0.464953	0.519545	-0.504601	-0.131049	-0.261372	-0.0842013	0.278923	0.269009
-0.819012	0.480131	-0.494299	0.225654	0.197203	-0.0194126	-0.316733	0.365488	0.0757366	0.305247
-0.657442	0.112658	-0.243657	0.144281	0.3251	-0.315292	-0.0698718	0.482623	-0.0157477	0.23735
-0.0773363	0.133889	-0.337878	0.0114216	0.0321096	-0.403393	-0.116241	0.42861	0.0523101	0.276512
-0.0308757	0.00328861	-0.278626	0.123359	-0.00289513	-0.315806	-0.168525	0.382595	-0.063291	0.350779
0.0784377	-0.179723	0.190536	-0.065212	0.135243	-0.338162	-0.281094	-0.10161	0.208022	0.353562
0.051574	-0.143433	-0.0469324	-0.0358884	0.124157	-0.423063	-0.118547	0.0333127	0.187081	0.37174
0.123838	-0.0827841	0.00143889	-0.546247	0.250976	-0.79008	0.111159	0.0909438	0.369498	0.471253
0.30995	-0.076759	-0.0913329	-0.431877	0.0936534	-1.08777	0.351125	0.063651	0.403284	0.466078
0.423897	-0.0496976	-0.342762	-0.250534	-0.19899	-0.980134	0.659744	-0.179042	0.645169	0.272353
0.545525	-0.0526384	0.109711	-0.109712	-0.11804	-0.839386	0.286663	-0.148433	0.581491	-0.255175
-0.0209759	-0.0350281	0.25456	0.0118695	-0.0528478	0.0304313	-0.219413	0.0131702	0.142284	-0.124049
-0.049221	-0.023952	0.158742	-0.000454062	-0.0186542	0.130889	-0.216109	0.0289362	0.0311459	-0.041323
-0.000289276	0.00323918	0.0169662	-8.32349e-05	-0.0079733	-0.00345437	-0.0111854	0.013647	-0.00943142	-0.00143542
-6.45529e-09	4.77837e-05	-5.67749e-06	-1.61689e-05	-1.7672e-07	-1.64865e-06	-1.34979e-06	-8.16403e-06	-4.96224e-06	-9.62941e-06
0.000598916	-3.35613e-05	-3.26921e-05	-0.00149544	-0.0249067	-0.0022678	-0.000295749	0.0469485	-0.00022581	-0.0182897
-0.00219279	-0.000792699	-0.000746848	-0.00509224	-0.0783234	-0.00498151	-0.000533618	0.20922	-0.00199473	-0.114562
-0.0112427	0.00912977	-0.156379	0.0115619	-0.138974	0.00055095	-0.0468934	0.387619	0.0370306	-0.0924023
-0.00390151	0.0231711	-0.489865	-0.182216	-0.130193	0.0820289	-0.10149	0.260016	-0.05134	0.593795
-0.00954376	-0.0444266	-0.785313	-0.246351	0.221216	0.193313	0.0659576	0.0970552	0.061713	0.44638
0.281188	-0.0896091	-1.01865	-0.306599	0.440024	-0.00508315	0.379559	0.143098	-0.01241	0.188485
0.303931	-0.140204	-0.783514	-0.349903	0.324214	0.173116	0.0315039	0.13599	0.00277281	0.302093
0.113154	-0.0130118	-0.361111	-0.224723	0.348611	-0.00564836	0.0166575	-0.0145802	-0.0682136	0.208863
0.0783747	-0.120926	-0.272481	-0.108079	0.378553	0.077	0.112876	-0.149159	0.0591464	-0.0553065
0.146612	-0.63652	-0.179073	-0.167455	0.432865	0.21518	0.259264	0.00732403	-0.163067	0.0848718
0.0785731	-0.698951	0.0533292	-0.195088	0.576282	0.304067	0.0483809	-0.296984	0.124422	0.00596618
0.126821	-0.0211759	-0.101054	0.0950031	0.42947	0.446737	0.123661	-1.07828	0.270082	-0.29126
-0.401278	0.272938	0.166662	0.377277	-0.273176	0.247274	0.0729022	-1.08909	0.535045	0.0914482
-0.662804	0.642644	0.0511609	0.288345	-0.078146	-0.124083	-0.174945	-0.155422	-0.0518611	0.265112
-0.847363	0.391816	-0.267431	-0.18734	0.381066	-0.277276	0.084097	0.0378256	0.392347	0.292263
-0.611854	0.157219	-0.269989	0.0883458	0.215063	-0.448462	0.0684324	0.207387	0.148249	0.445612
-0.200204	0.33033	-0.102884	0.0849343	0.192349	-0.207564	-0.256491	0.0729245	-0.190898	0.277507
-0.0541976	-0.202339	-0.236135	0.231594	0.216549	-0.170373	-0.145593	0.0851799	0.0433668	0.231947
-0.0864294	-0.284528	-0.185193	-0.00832909	0.123372	-0.0144089	0.0965922	-0.125627	0.0493823	0.435169
-0.291358	-0.177679	-0.168315	-0.50331	0.338647	-0.00661638	-0.0715624	0.2469	0.245467	0.387827
-0.0278957	-0.118062	0.0275097	-0.525631	0.326808	-0.307082	0.238946	0.0941767	-0.122197	0.413428
0.251156	-0.12154	-0.0702342	-0.590037	0.269918	-0.397012	0.422561	-0.0768688	0.0670586	0.245
0.424352	-0.111705	-0.107662	-0.267978	-0.0435683	-0.699807	0.773894	-0.0435182	0.27156	-0.195568
0.431196	-0.0984779	0.423328	-0.0809749	-0.193184	-0.706003	0.369054	0.0296305	0.202715	-0.377276
0.0814203	-0.0611837	0.534545	-0.00241802	0.0098706	-0.179985	-0.266113	0.0334357	0.0392885	-0.18886
-0.0144369	-0.030758	0.369634	-0.00128323	-0.0143739	-0.0121304	-0.217523	0.00198215	-0.0229543	-0.0581562
-0.00228486	-0.000598673	0.109439	-0.00320884	-0.0258449	-0.0305581	-0.0354634	-0.00728979	-0.00224835	-0.00194205
-3.90889e-05	-1.03985e-06	-1.92766e-05	-0.00163699	-9.39e-05	0.00746709	-0.000106888	-5.43364e-05	-0.000230809	-0.00528477
-5.37818e-05	-9.4749e-06	-0.0115207	0.0122215	-0.0129341	-0.00100952	-1.33671e-05	0.0236696	-0.000773855	-0.00957629
-0.000695296	0.00105915	-0.00778507	0.00617324	-0.0328581	-0.00169208	-5.5151e-05	0.111832	-0.0011171	-0.0748618
-0.0660583	0.0172801	-0.132401	0.0296526	-0.0154896	0.0190212	-0.022284	0.193764	-0.00998464	-0.0135001
-0.0368142	0.025848	-0.327824	-0.0912755	0.316595	0.0546367	-0.242679	0.0998182	-0.137314	0.339014
0.244475	-0.0592198	-0.580465	-0.309939	0.482611	-0.020895	0.0207869	0.107463	-0.0271433	0.142328
0.190098	-0.109595	-0.281518	-0.401035	0.324094	-0.0447053	0.226482	-0.0688815	-0.1322	0.29726
0.443902	-0.155979	0.0203721	-0.359934	0.381819	-0.00386821	-0.0125619	-0.0520156	-0.452864	0.191129
0.219894	-0.0245439	-0.0971122	-0.202578	0.328205	0.0957265	0.124678	-0.174655	-0.303684	0.0340687
0.245112	-0.248383	-0.101457	-0.0950702	0.27215	0.153817	0.305726	-0.311085	-0.260055	0.0392439
-0.00133814	-0.671809	0.0450807	-0.147489	0.288894	0.301801	0.329916	-0.193399	0.00773499	0.0406106
0.168594	-0.626137	0.0865235	-0.224229	0.380172	-0.002391	0.471829	-0.568115	0.322083	-0.00832747
0.207697	0.0592401	-0.0568862	0.205162	0.285016	0.024889	0.186858	-1.03722	0.27973	-0.154481
-0.275206	0.300682	0.274622	0.0115371	-0.250298	0.00136942	-0.0453867	-0.646654	0.524782	0.10455
-0.731114	0.578232	0.0978784	0.129879	0.0239621	-0.0820693	-0.117651	-0.187581	0.25325	0.0352151
-0.717532	0.40786	-0.17425	0.0223188	0.200722	-0.126437	0.0726129	-0.0965316	0.223866	0.187374
-0.75148	0.264002	-0.0356641	-0.0282121	0.391917	-0.316527	0.184419	-0.00339404	-0.0230896	0.318029
-0.17394	-0.184788	-0.270659	0.0810897	0.542764	-0.336676	-0.304735	0.260891	0.0906497	0.295406
-0.0725385	-0.563475	0.091586	0.0329854	0.229681	-0.191122	-0.10359	0.447346	-0.0874243	0.216553
-0.175456	-0.44067	-0.0458368	-0.144345	0.389853	-0.273403	0.0137549	0.631322	-0.00646314	0.0512428
0.00781567	-0.261031	0.0639799	-0.308183	0.222314	-0.0422613	-0.0779155	0.333101	-0.195553	0.257733
0.190211	-0.173534	-0.11998	-0.0625391	0.0746066	-0.151255	0.14351	0.0509225	-0.175505	0.223561
0.133036	-0.125107	-0.104161	-0.297621	0.146323	0.0481583	0.338547	0.253353	-0.366867	-0.0256602
0.387852	-0.0908805	0.14168	-0.190346	-0.0410461	-0.107932	0.423468	0.265694	-0.324223	-0.464264
0.474079	-0.047711	0.372376	-0.026616	-0.202145	-0.24697	0.23778	0.0372535	-0.184795	-0.413247
0.0599118	-0.0341506	0.532314	-0.0252799	-0.0750381	-0.22971	-0.099223	-0.0483057	0.0343597	-0.114876
-0.00748734	-0.0052195	0.328315	-0.0139179	-0.0684234	-0.0322631	-0.170972	-0.00592015	-0.00918654	-0.0149257
-0.000231007	-2.7348e-05	0.0110325	-0.00233626	-0.0028072	-0.00142928	-0.00366438	-8.89085e-05	-0.000410399	-3.7767e-05
-1.50547e-05	-4.32067e-07	-6.35835e-06	-0.000538086	-4.01713e-05	0.00239338	-3.55407e-05	6.92922e-05	-7.97969e-05	-0.00174723
-5.70577e-05	-7.40483e-06	-0.0247305	0.0275504	-2.72093e-05	-0.00104369	-6.71259e-06	-5.78564e-05	-0.0015848	-3.51507e-05
-0.00143677	0.00671493	-0.0121717	0.0292051	0.0161981	-0.00550881	-0.000270988	0.0259907	-0.0021497	-0.0565709
-0.0834761	0.00373823	0.0217079	0.0339248	0.0699598	-0.0250082	-0.0735661	0.0870871	-0.015475	-0.018892
0.0949406	-0.00680933	0.0886428	0.0523231	0.226434	-0.0479999	-0.372736	-0.00103561	-0.136444	0.102688
0.375193	-0.105901	0.235602	-0.065543	0.207025	-0.249356	-0.0702965	-0.134102	-0.268688	0.0760682
0.00181509	-0.192893	0.323409	-0.0715331	0.190381	-0.123861	0.192547	-0.105834	-0.294139	0.0801085
0.35237	-0.156801	-0.010808	-0.24653	0.350419	-0.188035	0.244665	-0.172352	-0.26089	0.0879624
0.276772	-0.0837663	-0.114108	-0.291675	0.335006	0.0364992	0.221054	-0.345362	-0.137934	0.103515
0.285187	-0.302994	0.00317384	-0.261556	0.40371	0.154397	0.156323	-0.368265	-0.00412843	-0.0658458
0.319412	-0.490952	0.0455981	-0.215857	0.299573	0.0953004	0.287281	-0.264367	-0.149425	0.0734389
0.0884208	-0.198651	-0.0753979	-0.0467492	0.38735	0.0399585	0.421656	-0.587977	-0.099475	0.0708626
-0.0680687	0.175596	-0.0465397	0.0613574	0.165895	0.115629	0.212771	-0.727651	0.193689	-0.082678
-0.592037	0.441118	0.239658	0.0851989	-0.225798	-0.0617082	0.123437	-0.304248	0.425464	-0.131085
-0.858051	0.684429	0.126071	0.218871	0.056042	-0.325826	0.221114	-0.33446	0.418435	-0.206622
-0.687508	0.0898113	0.0233432	0.197704	0.237363	-0.244415	0.0243691	0.102722	0.0726096	0.184005
-0.492214	0.275586	0.0165074	-0.0492026	0.540699	-0.160468	-0.0807168	-0.205815	-0.0729314	0.228559
-0.246753	-0.544433	-0.136613	-0.0318841	0.495988	-0.27961	-0.0663681	0.572455	-0.14005	0.37727
-0.0546631	-0.582337	-0.171708	-0.179126	0.158418	0.249536	-0.0725404	0.558344	-0.0340716	0.12815
-0.0492331	-0.497948	-0.0210199	0.0798808	0.217672	-0.0270187	0.0424529	0.311195	-0.153679	0.0976981
0.223467	-0.34641	-0.279663	0.297222	-0.0931603	-0.147845	0.148067	0.405288	-0.328595	0.121629
0.0860652	-0.190413	-0.166035	0.202699	-0.0589872	-0.0286694	0.176986	0.325229	-0.292877	-0.0539964
0.174277	-0.149533	-0.29941	0.18652	0.177927	-0.0800811	-0.00153148	0.394068	-0.205862	-0.196373
0.371074	-0.100519	-0.0279764	0.195605	-0.0952164	0.0918672	0.142264	0.143169	-0.31477	-0.405496
0.358855	-0.0581809	0.566937	0.111977	-0.429789	0.0325063	0.158326	-0.047978	-0.323428	-0.369219
0.00893772	-0.0281826	0.624498	-0.0546527	-0.177797	-0.138617	0.0246789	-0.129712	-0.00509672	-0.124054
-0.0126622	-0.00962745	0.328694	-0.0189105	0.0230397	-0.0508452	-0.164391	-0.022383	-0.0234157	-0.0494995
-0.00187143	-0.00107423	0.0481395	-0.000697008	-0.00516978	-0.0201369	-0.0123092	-0.000569173	-0.00291911	-0.00339267
-1.28897e-05	-5.23338e-07	-2.65973e-07	-1.18986e-05	-5.38584e-05	-0.000294866	-3.09747e-06	0.000497622	-2.41277e-05	-9.60949e-05
-4.77173e-05	2.0051e-05	-0.0122121	0.0156954	-1.69341e-05	-0.000591282	-2.57676e-05	-0.00105825	-0.000827622	-0.00093576
-0.00434961	0.00549073	-0.000965965	0.0739117	-0.00966691	-0.0200904	-0.00150406	-0.00331792	-0.00500318	-0.0345044
-0.058914	-0.00367617	0.242376	0.144099	-0.0744885	-0.0114696	-0.116669	-0.0565501	-0.0137534	-0.0509529
0.155806	-0.0198299	0.354132	0.297611	-0.183362	-0.0593827	-0.38485	-0.036864	-0.181763	0.058507
0.457347	-0.143538	0.255334	0.143258	-0.103775	-0.137058	0.0231113	-0.178657	-0.331999	0.015977
0.252951	-0.310307	0.399333	-0.0881121	0.0510215	-0.141053	0.263836	-0.0745236	-0.20054	-0.152604
0.188644	-0.299742	0.0548039	-0.227535	0.341174	-0.479882	0.382316	0.084099	0.0119089	-0.0557858
0.326708	-0.239133	-0.173859	-0.399217	0.368645	-0.31116	0.299923	-0.162978	0.0796543	0.211418
0.297089	-0.0992336	0.172897	-0.112587	0.248866	-0.410999	0.330673	-0.223135	0.0308252	-0.234398
0.262953	-0.115747	0.175694	-0.185465	-0.0626167	-0.148168	0.399553	-0.507512	0.140394	0.0409208
0.133482	-0.135607	0.220516	-0.0348246	-0.091732	-0.172489	0.686439	-0.757409	0.0343284	0.117296
-0.256296	-0.198621	0.302844	0.0135412	0.0611563	-0.0325931	-0.0364368	-0.240592	0.48695	-0.0999535
-0.790427	0.43931	0.423214	0.313073	-0.0293736	-0.142952	0.0192791	-0.124505	0.159009	-0.266628
-0.66921	0.704621	0.130815	0.0346525	0.311537	-0.386611	0.194664	-0.384493	0.0931406	-0.0291146
-0.409136	-0.0657563	-0.0940685	-0.161409	0.528541	-0.143768	0.0968446	0.159047	0.0565818	0.0331236
-0.273461	-0.0478357	0.215335	-0.357687	0.415699	-0.229726	-0.048576	0.047795	0.0853445	0.193113
-0.00963124	-0.814621	0.334845	-0.0329568	0.281231	-0.160917	-0.209529	0.354346	0.0350137	0.22222
0.018914	-0.594942	0.0367203	0.326494	0.183559	-0.172718	0.124302	0.141737	-0.214434	0.150369
0.0239268	-0.434232	-0.00713036	0.337126	0.0919223	0.0422362	0.245228	0.310133	-0.476219	-0.132988
0.241052	-0.278507	-0.138574	0.157989	0.253842	0.111784	0.0205677	0.244639	-0.515261	-0.0975306
0.135443	-0.175544	0.331946	0.0854741	0.145782	-0.0469452	0.0633013	0.259599	-0.483551	-0.315506
0.178222	-0.166406	0.227558	0.27266	-0.114904	0.172418	-0.096099	-0.0139508	-0.32417	-0.135326
0.206619	-0.143657	0.243905	0.412708	-0.236885	0.163473	-0.0281985	-0.116797	-0.0459948	-0.45517
0.0732555	-0.0570924	0.582969	0.281645	-0.289474	-0.00180733	0.0998104	-0.117686	-0.21794	-0.353676
-0.0805795	-0.0658551	0.929002	-0.0961778	-0.139717	-0.136092	-0.0408056	-0.12658	-0.122424	-0.12077
-0.0384515	-0.0324891	0.496552	-0.0203482	-0.0891895	-0.0822282	-0.134967	-0.0167462	-0.0506073	-0.0315255
-0.00160057	-0.000601944	0.0758576	-0.00109701	-0.00347396	-0.0368113	-0.0280235	-0.00116225	-0.00264351	-0.000443551
0.0	0.0	0.0	0.0	0.0	0.0	0.0	0.0	0.0	0.0
-5.94409e-05	0.000379163	-0.00470638	0.00586018	-1.25003e-05	-0.000461943	-2.37628e-05	-8.21603e-05	-0.000692111	-0.000201042
-0.0111901	-0.000197575	0.0412493	0.0714051	-0.00516954	-0.0315443	-0.00305586	-0.00269643	-0.00511438	-0.0536862
-0.0523278	-0.00767406	0.252479	0.324856	-0.211724	0.0121772	-0.111914	-0.0625094	-0.037362	-0.105998
0.116098	-0.0392159	0.436109	0.375813	-0.139606	0.0632186	-0.422075	-0.0167496	-0.177137	-0.196452
0.356791	-0.26553	0.361816	0.0987153	-0.175827	0.227836	-0.0557561	-0.0691257	-0.26141	-0.217508
0.301691	-0.449349	0.271928	-0.0319491	-0.063785	0.428275	0.0856425	-0.215693	-0.122993	-0.203765
0.243183	-0.411573	0.133217	-0.00190079	0.161181	-0.237886	0.208724	-0.291775	0.105173	0.0916569
0.126377	-0.250347	0.0985281	-0.235906	0.247777	-0.30494	0.334307	-0.235115	0.100237	0.119078
0.295655	-0.141074	0.173403	-0.564701	0.131778	-0.25675	0.369387	-0.258976	0.333087	-0.0818086
0.442079	0.0726687	0.370528	-0.598081	0.00403763	-0.384978	0.609782	-0.589719	0.0230752	0.0506098
0.12758	-0.172947	0.319279	-0.441356	-0.0996777	-0.329357	0.559101	-0.267687	0.32825	-0.0231844
-0.122968	0.0787247	0.371163	-0.291655	-0.0230142	-0.523732	0.0932345	0.00396886	0.328808	0.0854689
-0.653396	0.476548	0.288681	-0.234355	0.189212	-0.512165	0.126826	0.0909751	0.2409	-0.0132256
-0.607116	0.534407	0.0397137	-0.404902	0.540776	-0.312139	0.150783	0.0874139	0.0866781	-0.115613
-0.30894	-0.0150837	0.173566	-0.408692	0.348893	-0.0643192	0.0417234	0.0707863	-0.12247	0.284537
-0.0385081	-0.404593	0.0793249	0.0656096	0.287591	0.0253722	-0.101795	-0.0875218	0.190452	-0.0159292
0.144446	-0.671233	-0.173449	0.288332	0.218459	0.181676	0.0626272	0.0157454	-0.105028	0.038427
-0.0557568	-0.374684	0.0520933	0.0626729	0.274818	0.24067	0.190713	0.100517	-0.409827	-0.0812158
0.0817165	-0.247647	0.0526689	0.327764	-0.130509	0.070203	0.172475	-0.0533634	-0.0938382	-0.179472
0.164555	-0.184129	-0.0357389	0.00385322	0.0670878	0.0788997	0.0259219	0.10817	-0.0832722	-0.145347
-0.0432766	-0.114064	0.0974121	0.0662925	0.141341	0.0225835	0.0944831	0.0338027	-0.0954177	-0.203158
0.192115	-0.0436986	0.128985	0.287575	-0.17959	-0.0449927	0.0826936	0.0216919	-0.149467	-0.295311
0.0865772	-0.0615222	0.00694732	0.400433	-0.204888	0.147849	0.0318778	-0.0894129	0.143672	-0.46153
0.00343028	-0.0343954	0.524242	-0.0640091	-0.265116	0.0742066	0.0735157	0.0579543	-0.0135714	-0.356254
-0.0360556	-0.0950716	0.973858	-0.177108	-0.213869	-0.168801	-0.0197426	0.0306458	-0.216382	-0.0774709
-0.018071	-0.00852915	0.250291	-0.0177397	-0.0492157	-0.0345864	-0.0871058	0.0238235	-0.0432692	-0.0155979
0.0203587	-0.000890088	0.0240982	-0.000882945	-0.0218046	-0.00577975	-0.010211	-0.00284017	-0.000679432	-0.00136889
-3.04771e-05	-1.23717e-05	-1.65094e-05	-0.000552108	-0.00493623	-0.000257157	-4.85815e-06	0.00493779	-0.000199001	0.00107092
-1.31211e-05	8.47101e-05	-0.000210645	0.000531054	-2.3717e-06	-0.000240532	-5.34347e-06	-1.76189e-06	-0.000100954	-4.10359e-05
-0.00995851	-0.000665666	-0.00634088	0.0701122	-0.00711896	-0.0204478	-0.00234917	0.0117271	-0.00466018	-0.030298
-0.100044	-0.00915513	0.130574	0.505325	-0.140683	-0.000889433	-0.0835331	-0.0235732	-0.113606	-0.16441
0.0468627	-0.0835134	0.479543	0.329979	-0.0581042	0.25489	-0.343116	-0.0957848	-0.275035	-0.255716
0.0995652	-0.330082	0.558647	0.320635	-0.0846422	0.256531	-0.275409	-0.12623	-0.102433	-0.316581
0.114776	-0.601862	0.193701	0.184641	-0.0868377	0.559163	0.0215226	-0.377167	0.0673557	-0.0752907
0.091663	-0.434784	0.433504	-0.139371	0.022554	0.212885	0.209144	-0.33788	-0.00183397	-0.0558825
0.272702	-0.10313	0.0781216	-0.128981	0.0980865	0.0226043	0.146567	-0.306802	0.0441662	-0.123334
0.334583	-0.0119018	0.00370879	-0.415752	0.0939961	-0.161671	0.306652	-0.330605	0.265628	-0.08464
0.40069	-0.19345	0.264239	-0.468752	-0.277057	-0.150289	0.282027	-0.362169	0.271309	0.233452
0.0987374	-0.165806	0.166048	-0.431576	-0.0986554	-0.0890512	0.200543	-0.143485	0.315334	0.147913
-0.296582	0.0035731	0.314091	-0.528073	0.177929	-0.129949	0.671299	-0.150306	0.231462	-0.293444
-0.597936	0.126604	0.297939	-0.348278	0.318422	-0.105519	0.400286	0.115755	0.0353898	-0.242661
-0.47025	0.217501	0.133265	-0.267563	0.336036	0.0211228	0.0427723	-0.0698188	-0.125805	0.182742
-0.159013	-0.286784	-0.0311041	0.178997	0.195455	-0.00492917	0.090582	-0.114118	-0.0197763	0.150692
0.00244582	-0.460487	0.145264	0.416647	0.271	0.00176095	0.218307	-0.21979	-0.215137	-0.160009
0.00283556	-0.179296	0.273772	0.16313	-0.2013	0.173938	0.250481	-0.119592	-0.255072	-0.108895
-0.0118087	-0.000665983	0.0977997	0.14116	-0.0679059	-0.0968665	0.245884	-0.11424	-0.0817854	-0.111571
-0.0650895	-0.0399908	0.12732	0.178932	-0.1493	0.0993217	0.013049	-0.0268336	-0.0796079	-0.0577994
-0.169547	0.029348	-0.0124301	0.107202	-0.00177258	0.075087	-0.0234366	-0.0254873	0.0188757	0.00215996
-0.0451606	-0.00714369	0.145478	0.339126	0.0190045	0.00688891	0.0675495	-0.143098	-0.186797	-0.195847
0.242391	-0.0683884	0.119371	0.408557	-0.36985	0.0975825	0.0416667	-0.193782	0.0392952	-0.316841
0.110343	-0.074507	0.446367	0.18197	-0.243783	0.180305	0.0564551	-0.364387	0.137945	-0.430705
-0.0272586	0.00344001	0.791135	-0.224965	-0.22935	0.205934	0.0291645	-0.196106	-0.0643759	-0.287614
-0.0322145	0.0239851	0.666913	-0.110901	-0.196699	-0.105529	0.0288869	-0.0149463	-0.188798	-0.0706969
-0.00923064	0.013194	0.0816478	-0.0139244	-0.0157317	-0.0259228	-0.0273178	0.0242875	-0.0233695	-0.00363225
-0.00585508	-8.53774e-06	0.0337956	-0.000205123	-3.40499e-05	-0.0133813	-0.0135606	-1.71141e-05	-0.000349769	-0.000383943
-1.97419e-09	5.87083e-05	-4.00821e-05	-3.69867e-06	-1.10138e-08	-1.03511e-07	-2.49989e-07	-5.43397e-07	-1.37037e-05	-3.1382e-07
0.00591275	0.00029747	-0.00210543	-3.93427e-05	-0.00874494	-0.000666845	-0.000628198	0.0185289	-0.000801029	-0.0117533
-0.00526324	-0.000937075	-0.00806094	0.0565793	-0.00452583	-0.0172747	-0.00268993	0.0126304	-0.00820027	-0.0222577
-0.0748511	-0.0115651	-0.0271976	0.531827	0.010339	0.0120709	-0.0810433	-0.0672832	-0.16174	-0.130555
-0.00713322	-0.1329	0.303098	0.374214	-0.0760694	0.294279	-0.214898	-0.0717886	-0.248222	-0.220577
0.0765981	-0.451691	0.183037	0.46236	0.0443533	0.222377	-0.234057	-0.184072	0.0871315	-0.206037
0.188095	-0.306682	0.100394	0.146744	-0.0568831	0.333207	-0.0259668	-0.343985	0.0825516	-0.117476
0.17026	-0.0225841	0.362917	-0.0392277	-0.106209	0.0968256	0.13616	-0.466675	-0.0780676	-0.0533999
0.218037	-0.0468686	0.20905	-0.0494263	-0.262277	0.305127	-0.00855255	-0.302558	0.0798839	-0.142413
0.131144	0.0604193	0.264638	-0.0508961	-0.399743	0.0741924	0.274097	-0.315117	0.282428	-0.321163
0.277431	-0.125629	0.351983	-0.09377	-0.468677	0.0723527	0.418177	-0.481792	0.251506	-0.201583
0.320545	-0.0789073	0.207018	-0.238106	-0.17104	0.0533758	0.647188	-0.260612	-0.13228	-0.347177
0.190975	-0.0837072	0.222703	-0.263151	-0.470705	0.0771409	0.588116	-0.0960789	0.0196415	-0.184933
-0.145188	0.202039	0.410093	-0.138437	-0.167022	0.0835092	0.215528	-0.0684811	-0.16793	-0.224109
-0.250225	-0.112603	0.106495	-0.00550362	0.223056	-0.00423699	0.341241	0.133337	-0.166032	-0.265525
-0.141779	-0.0359954	0.24222	0.0209929	-0.0131311	0.109077	0.283352	-0.180143	-0.0418522	-0.242739
-0.133681	0.164308	0.289221	0.146741	-0.0852194	-0.0384817	0.245055	-0.382701	-0.0265682	-0.178672
0.0340537	-0.0298516	0.279656	0.292371	-0.197808	-0.0717521	0.202539	-0.340824	0.0488611	-0.217242
-0.00780513	0.0959257	0.124649	0.240088	-0.180061	0.0431054	0.104036	-0.417421	0.10172	-0.104236
-0.120072	0.145428	-0.0322668	0.182982	-0.254481	0.0232255	0.14484	-0.113063	0.00182599	0.021581
-0.00666476	0.0593225	0.144203	0.0511669	-0.211118	0.174871	0.0371355	-0.284261	0.015482	0.0198605
0.0861818	0.00430985	0.243232	0.303641	-0.102015	0.110779	0.154313	-0.469161	-0.074468	-0.256811
0.256945	-0.0683041	0.376197	0.11316	-0.495347	0.138749	0.156606	-0.453048	0.264481	-0.289439
0.0358302	-0.0433999	0.377931	0.140098	-0.342128	0.247608	0.0447388	-0.411957	0.185232	-0.233948
0.0164885	0.0491001	0.422025	-0.132459	-0.217583	0.223864	-0.0247294	-0.102882	-0.0917476	-0.14207
-0.0466958	0.06781	0.52539	-0.063784	-0.0987791	-0.0337027	-0.10093	-0.0307399	-0.172326	-0.0462406
-0.00999996	0.0129097	0.15874	-0.0102706	-0.00268217	-0.0479963	-0.056083	-0.00294518	-0.0262238	-0.0154484
-0.00180741	4.92322e-05	0.0147705	-9.91364e-05	-1.84367e-07	-0.00402283	-0.00878975	-4.7735e-07	-9.97123e-05	-2.43303e-07
0.0	0.0	0.0	0.0	0.0	0.0	0.0	0.0	0.0	0.0
0.0148929	-4.70438e-05	-0.00470908	-0.000356327	-9.51487e-05	-0.000672458	-0.00157541	-0.00021218	-0.00170326	-0.00552198
-0.00610496	-0.00680227	0.0281484	0.0386078	0.000954197	-0.00675119	-0.00276243	-0.0103872	-0.0145641	-0.0203383
-0.0662583	-0.0259832	0.0931155	0.429426	-0.02816	0.0426859	-0.0569249	-0.106729	-0.16355	-0.117622
0.0485348	-0.0810515	0.349416	0.458873	-0.102021	0.102976	-0.191264	-0.239363	-0.21709	-0.129006
0.208564	-0.314026	0.304993	0.25712	-0.18872	0.365797	-0.265281	-0.298393	-0.0694411	-0.000611072
0.191158	-0.0344791	0.263358	0.398429	-0.241119	0.193793	-0.171917	-0.447033	0.0462812	-0.198472
0.143358	0.0205888	0.560317	0.205038	-0.43434	-0.122492	0.186561	-0.4824	0.330197	-0.406826
0.192082	0.203922	0.288358	0.19088	-0.545378	0.24515	-0.0440302	-0.293469	0.0467972	-0.284315
0.19352	0.116238	0.286523	0.287195	-0.422926	0.217047	0.253752	-0.387086	-0.0723924	-0.471871
0.280911	0.197386	0.282537	-0.0616482	-0.429321	0.00994499	0.479194	-0.329072	0.165357	-0.59529
0.392447	0.232137	0.392762	-0.176733	-0.174698	0.11696	0.36014	-0.31843	-0.168168	-0.656416
0.432942	0.0946016	0.223961	-0.44569	-0.227106	0.0452981	0.528284	-0.113672	0.067626	-0.606243
0.172305	-0.0912433	0.0505608	-0.115918	-0.375145	0.0983333	0.311012	0.00568092	0.110358	-0.165943
0.0128582	-0.0109122	-0.0526297	0.0662443	-0.105934	-0.06012	0.677537	0.0559552	-0.275405	-0.307592
0.0171183	-0.0381662	0.077596	-0.0904775	-0.0584633	0.0741891	0.371789	-0.238192	0.134471	-0.249863
-0.096977	0.261961	0.0671858	0.0807578	0.0840659	0.170442	0.168864	-0.379909	-0.237696	-0.118694
0.00264407	0.299037	-0.112989	0.17523	0.0563566	0.219894	0.0797212	-0.502091	-0.0833802	-0.134422
-0.111475	0.380664	0.125508	0.267046	-0.0976515	0.181656	0.285245	-0.700281	-0.0684045	-0.262306
-0.0958769	0.338898	0.282543	0.150671	-0.266732	0.130339	0.0597165	-0.445764	-0.0607556	-0.0930392
-0.0567675	0.177694	0.234146	0.281508	-0.166397	-0.0352429	0.204541	-0.624997	0.154095	-0.168579
0.0775373	0.0187919	0.321758	0.122323	-0.0854682	0.13422	0.0508361	-0.607934	0.277455	-0.309519
0.134741	-0.0617475	0.307115	-0.00428531	-0.304619	0.48399	-0.0953507	-0.518568	0.293136	-0.23441
-0.0588761	-0.0626394	0.328737	0.0623158	-0.282187	0.215379	0.0158728	-0.27419	0.138128	-0.0825365
-0.0260101	-0.0264391	0.464101	-0.0998669	-0.147242	0.107823	-0.0678472	-0.0520578	-0.175686	0.0232284
-0.0392862	0.00833405	0.244812	-0.0376814	-0.0973998	0.0749677	-0.0444351	-0.0380515	-0.110082	0.0388231
-0.00160703	0.0143561	0.0449408	-0.00282911	-0.000703088	-0.00694875	-0.0107768	-0.00188101	-0.0236287	-0.0109224
-2.1129e-05	0.000190516	-0.000155665	-4.66744e-05	-3.41879e-05	0.000452321	-4.75138e-06	-3.19801e-05	-0.000315675	-3.27739e-05
-2.22488e-08	0.000113876	-5.27863e-05	-1.8344e-05	-4.77274e-07	-6.86215e-07	-8.08414e-07	-7.70448e-06	-3.13152e-05	-1.73236e-06
-5.72515e-05	1.26705e-05	0.000158439	0.000790994	-3.05417e-06	-0.000281799	-3.25936e-05	-0.000228888	-0.000117285	-0.000241234
-0.0191551	-0.011688	0.0634424	0.0669447	-0.000579033	-0.0168926	-0.0019047	-0.0485986	-0.0144365	-0.0171324
-0.0466173	-0.0130748	0.169614	0.27319	-0.0634725	0.0599043	-0.0373173	-0.142741	-0.108019	-0.0914639
-0.0597348	0.0807506	0.207735	0.278624	-0.108567	0.23355	-0.169833	-0.255764	-0.0868307	-0.119926
0.132836	0.364908	0.18343	0.0233532	-0.124363	0.105883	-0.262939	-0.310199	-0.0728474	-0.0400601
0.135765	0.280738	0.175705	0.251635	-0.364743	0.144644	-0.345423	-0.401227	0.246965	-0.124061
0.119051	0.111137	0.176845	0.221807	-0.421576	0.252274	-0.0498706	-0.441816	0.291676	-0.259527
-0.0461462	0.182199	0.0293574	0.176221	-0.127317	0.135333	0.177242	-0.273219	-0.0405571	-0.213116
0.0606091	0.0462119	0.299359	-0.266777	-0.17064	0.109507	0.228138	-0.375885	0.221849	-0.152374
0.239332	0.250873	0.141611	-0.14711	-0.228955	0.04484	0.261844	-0.215383	-0.103564	-0.243489
0.335148	-0.125118	0.101816	-0.131769	-0.0520739	0.210689	0.334214	-0.244214	-0.0258982	-0.402793
0.32552	-0.173746	-0.0447494	-0.0682193	-0.103738	0.129424	0.592785	-0.108911	-0.188324	-0.360042
0.116389	-0.184998	0.120554	-0.0525583	-0.217368	0.10475	0.587449	-0.203802	0.065433	-0.335848
0.00300815	0.15806	0.0991729	-0.11695	-0.157576	0.163957	0.621071	-0.315636	-0.0888475	-0.366257
0.0193074	0.0851569	-0.057647	0.0208228	0.064363	0.104385	0.295019	-0.168603	-0.0602809	-0.302523
0.0194887	-0.021451	0.125746	0.0982457	-0.116982	-0.00154547	0.269665	-0.0572973	-0.166811	-0.149057
-0.178439	0.0775269	0.281694	0.000557349	0.0512235	0.120198	0.37698	-0.354132	-0.0296244	-0.345985
-0.189927	0.398864	0.333338	0.205626	-0.156552	-0.0117612	0.276274	-0.419954	-0.0791599	-0.356751
-0.238632	0.271972	0.448785	0.293432	-0.00945172	-0.0501105	0.123085	-0.453006	-0.0654792	-0.320596
-0.11075	0.340595	0.0674629	0.0291639	-0.00844503	0.22396	0.067589	-0.527009	0.137714	-0.22028
0.0119301	0.192606	0.163925	-0.108167	0.0102797	0.393743	-0.0478871	-0.575091	0.0643945	-0.105731
0.0236091	-0.164483	0.35743	-0.0639924	-0.115729	0.441431	0.0364298	-0.488282	0.162421	-0.188831
0.00717944	-0.122044	0.483504	-0.160087	-0.0767291	0.240746	-0.031237	-0.277583	-0.0330792	-0.0306672
-0.0439675	0.0120135	0.34069	-0.137898	-0.104068	0.131226	-0.0352875	-0.0496023	-0.21357	0.100464
-0.0219033	0.0011441	0.140407	-0.0284399	-0.0871269	0.114164	-0.0361926	-0.0213124	-0.0723843	0.0116449
0.0198248	-0.000858697	0.0143913	-0.00388024	-0.00168579	0.00297479	-0.00309548	-0.00202338	-0.007513	-0.0181343
5.24424e-06	-4.486e-11	-1.08559e-06	-3.09558e-07	-3.83465e-09	-1.54072e-06	-2.35347e-07	-7.69598e-09	-2.04573e-06	-1.57456e-08
-2.15535e-08	0.000110318	-5.11367e-05	-1.77707e-05	-4.62359e-07	-6.64771e-07	-7.83151e-07	-7.46371e-06	-3.03366e-05	-1.67822e-06
-9.00061e-07	3.25139e-05	-1.78252e-05	2.87273e-05	-1.8995e-07	-9.7143e-06	-2.56099e-07	-1.31173e-05	-1.14843e-05	-7.754e-06
-0.00380161	-0.0113051	0.046135	0.074578	-0.000407279	-0.0116097	-0.000231447	-0.0632006	-0.0108757	-0.0192816
-0.0538651	-0.0126622	0.130937	0.215862	-0.063562	0.0306828	-0.0157559	-0.142196	-0.0406229	-0.0488169
-0.229475	0.136942	0.193957	0.184494	-0.0967489	0.239581	-0.0808196	-0.18405	-0.0627332	-0.101143
-0.0452225	0.696783	0.165968	0.0420298	-0.153322	-0.0470045	-0.175715	-0.0996654	-0.128301	-0.255549
0.0447977	0.452042	0.318312	0.152632	-0.218706	-0.190679	-0.337975	-0.115767	0.0714175	-0.176073
0.0726176	0.0963797	0.298776	0.0973024	-0.263717	-0.0071282	-0.262475	0.0419614	0.174858	-0.248578
0.182095	0.0511862	0.373281	-0.0953883	-0.217946	0.0754593	-0.154758	-0.0995018	-0.0659123	-0.0485169
0.17578	0.0983868	0.336925	-0.0127623	-0.257765	0.00542683	0.038739	-0.230064	-0.056755	-0.0979125
0.165013	-0.111323	0.0995119	0.0427406	-0.162189	-0.0769959	0.133303	-0.118422	0.0256365	0.00272425
0.19567	-0.384621	0.139666	0.158433	-0.127471	0.0876076	0.045987	-0.284141	0.177275	-0.00840476
0.183286	-0.524214	0.0958475	-0.050568	-0.176407	0.145197	0.303037	-0.0834685	0.108476	-0.0011853
0.487751	-0.349026	0.0133926	-0.103535	-0.112763	0.266897	0.268154	-0.396308	0.131173	-0.205737
0.141522	-0.0927026	-0.0661853	-0.0981329	-0.201965	0.162207	0.0220736	-0.14306	0.263521	0.0127228
0.116621	0.0351723	-0.134087	0.0780969	-0.177406	0.0502173	0.226921	-0.0479381	0.100792	-0.24839
0.0381914	0.03678	-0.0217003	0.0636623	-0.127885	0.131754	0.173779	-0.0565558	-0.0366222	-0.201403
0.056574	0.262145	-0.0271003	0.13101	0.0114388	-0.0107633	0.0519399	-0.244691	0.072493	-0.303045
-0.0999523	0.424877	0.127708	0.0870766	-0.0362919	0.11808	-0.028621	-0.292279	0.00953093	-0.310127
-0.123367	0.264649	0.255537	0.202945	0.263531	0.126432	-0.0335948	-0.300273	-0.140956	-0.514902
-0.180535	0.24364	0.295332	0.149867	0.0747683	0.128622	0.0596184	-0.49666	-0.0896964	-0.184955
-0.0857697	-0.00258088	0.247576	-0.0551408	0.26921	0.0839083	0.0456588	-0.548254	0.12035	-0.0749566
0.0368576	-0.158041	0.367915	0.027621	-0.00150388	0.198995	-0.101825	-0.381018	-0.0171593	0.0281606
0.0472598	-0.0841169	0.253089	-0.0854935	-0.102597	0.210206	-0.11402	-0.26614	0.00078771	0.141029
-0.0309928	-0.0126901	0.206147	-0.0967227	-0.087861	0.130043	-0.0520234	-0.0479708	-0.094239	0.0863118
-0.014861	-0.0023982	0.0731911	-0.0248468	-0.0584231	0.0721757	-0.0143651	-0.0217113	-0.0297923	0.0210314
0.00210369	0.00414194	-0.0204224	-6.74913e-06	0.0035016	0.0206902	-0.000131461	-0.000956909	-0.0037124	-0.00520745
9.68168e-06	-8.28184e-11	-2.00416e-06	-5.71491e-07	-7.07935e-09	-2.84441e-06	-4.34487e-07	-1.4208e-08	-3.77674e-06	-2.90688e-08
0.0	0.0	0.0	0.0	0.0	0.0	0.0	0.0	0.0	0.0
0.0	0.0	0.0	0.0	0.0	0.0	0.0	0.0	0.0	0.0
-0.000325664	-0.000177853	0.0015047	0.0662856	-0.000154825	-0.000679872	-3.0263e-05	-0.0469002	-0.00241619	-0.0171053
-0.0257662	-0.0454238	-0.0276049	0.230687	-0.0130489	0.0381948	-0.00188825	-0.108626	-0.0316937	-0.0148302
-0.165478	-0.00430617	-0.00624955	0.321908	-0.0474528	0.164375	-0.0155268	-0.0110563	-0.105367	-0.130846
-0.178583	0.397222	-0.0561279	0.295198	-0.096291	0.169191	-0.0530262	0.0993017	-0.373356	-0.203525
-0.0808126	0.363533	-0.00610817	0.250639	-0.0694666	-0.0278658	-0.126581	0.252531	-0.353995	-0.201872
0.109967	0.0868379	0.0993101	0.228783	-0.0681465	-0.182223	-0.256214	0.318496	-0.159884	-0.176928
0.170625	-0.0495755	0.176464	-0.0244857	-0.0605071	0.125547	-0.294778	-0.28038	0.221672	0.0154184
0.275371	0.0271124	0.187937	0.151817	-0.045642	0.0994702	-0.328741	-0.149913	0.0425779	-0.259989
0.356632	-0.0875332	-0.00654331	0.103849	-0.0253661	0.275749	-0.419617	-0.125578	-0.0674425	-0.00414761
0.357065	-0.094012	0.193143	0.210417	-0.0147865	0.0545443	-0.325802	-0.320956	0.0686797	-0.128294
0.236044	0.153373	0.110053	-0.183429	-0.125639	0.113162	-0.10259	-0.285339	0.186966	-0.1026
0.267031	-0.0658624	-0.11452	0.114894	-0.085792	-0.0763966	-0.0741462	-0.286056	0.468634	-0.147786
0.271325	-0.214889	-0.0509086	-0.161487	-0.0403248	0.107191	0.00788336	-0.140014	0.234806	-0.0135826
0.195888	0.108079	-0.0914747	-0.0531064	-0.0858712	-0.0198063	-0.0183041	-0.00222501	0.19397	-0.227148
0.00805562	0.0791226	-0.0157263	-0.278048	0.136057	0.180702	-0.10279	-0.173098	0.336874	-0.171148
0.0422675	0.262528	-0.0540425	0.0779701	0.0113	-0.0301326	-0.0786287	-0.124555	0.0891873	-0.195894
-0.32504	0.0215531	0.260257	0.305769	0.227495	-0.254416	0.0061791	-0.240272	0.18214	-0.183667
-0.366741	0.0338094	0.447605	-0.00412771	0.230482	-0.0471059	0.0343882	-0.395912	0.166427	-0.0988259
-0.339442	-0.0702306	0.375946	0.032877	0.236638	0.0750009	0.00232002	-0.499243	0.193882	-0.00774531
-0.162529	-0.14582	0.433675	-0.0532685	0.229784	-0.013831	-0.0559489	-0.487608	0.0539154	0.201636
-0.0543567	-0.116049	0.36342	-0.131849	-0.073917	0.0475966	-0.0490828	-0.316291	0.00726429	0.323268
-0.0341817	-0.0938165	0.226761	-0.0763989	-0.120055	0.120291	-0.0435841	-0.27268	0.0619763	0.23169
-0.0514401	-0.0222805	0.187763	-0.0403734	-0.0830031	0.0831705	-0.0294351	-0.0785036	-0.0611106	0.0952134
-0.00986517	0.000782701	0.0725192	-0.022456	-0.00278792	0.0259479	-0.00764184	-0.0250346	-0.0232073	-0.00825693
-1.62592e-05	0.0170862	-0.0145263	0.00737056	0.00358938	0.0121281	-0.000133787	-0.000770954	-0.0149907	-0.00973623
0.0	0.0	0.0	0.0	0.0	0.0	0.0	0.0	0.0	0.0
0.0	0.0	0.0	0.0	0.0	0.0	0.0	0.0	0.0	0.0
0.0	0.0	0.0	0.0	0.0	0.0	0.0	0.0	0.0	0.0
-0.00148558	-9.56522e-06	-0.00200327	0.0311315	-1.10791e-05	-0.00044619	-3.93464e-06	-0.0227338	-0.000121505	-0.00431663
-0.0024751	-0.0310357	-0.0691992	0.136838	-0.000326238	0.0389261	-0.000156416	-0.00890772	-0.050863	-0.0128007
-0.0141301	-0.058817	-0.121022	0.262919	-0.020651	-0.00582487	-0.00283508	0.11766	-0.184763	0.0274656
-0.0776331	0.0464856	-0.238842	0.265315	-0.0246304	-0.00447037	-0.0192416	0.369255	-0.368203	0.0519685
-0.111305	0.0420189	-0.345333	0.481524	-0.0418953	-0.0449648	-0.0340123	0.395242	-0.405436	0.0641631
-0.158913	-0.0793869	-0.315805	0.473827	-0.0485801	0.0467443	-0.0760936	0.248974	-0.254151	0.163383
-0.106997	-0.201769	-0.167676	0.182818	-0.0664044	0.137644	-0.147819	0.126149	0.171598	0.0724577
-0.051583	-0.203283	-0.069873	0.181795	0.015502	0.398504	-0.219442	0.0213893	0.0680124	-0.141021
-0.0190381	-0.271808	-0.193812	0.376248	0.0103255	0.2053	-0.295256	0.0838543	0.0631652	0.04102
-0.0093289	-0.313331	-0.139662	0.349602	0.14442	0.150177	-0.413984	-0.00542026	0.369873	-0.132347
0.233786	-0.283875	0.0607262	0.226332	-0.135868	0.200494	-0.365557	0.00404886	0.292164	-0.232254
0.227986	-0.351902	0.0152506	0.348139	-0.19419	0.339169	-0.389843	0.141836	0.174241	-0.310689
0.137274	-0.352539	0.250187	0.323134	-0.12705	0.280316	-0.339649	-0.0129021	0.226918	-0.385687
-0.0348691	-0.276095	0.0575437	0.163539	-0.132606	0.258421	-0.281134	-0.0215818	0.313757	-0.0469754
-0.101328	-0.462377	0.0300843	0.269596	0.0273136	0.0772204	-0.156444	-0.0987817	0.48365	-0.0689341
-0.169042	-0.138211	0.171803	0.172999	-0.155578	0.195684	-0.105097	-0.0357255	-0.018398	0.081566
-0.289055	-0.0162165	0.231729	-0.186022	-0.0171022	0.20658	-0.102644	-0.194245	0.322751	0.0442258
-0.310332	0.0163859	0.00730979	-0.149117	0.122073	0.0366013	-0.105285	-0.181064	0.477268	0.0861598
-0.29289	-0.0225541	-0.000374637	-0.0592502	0.0917711	0.0452423	-0.0598201	-0.210163	0.140427	0.367614
-0.200667	-0.0299922	0.159154	-0.0185316	0.0807559	-0.00439161	-0.062936	-0.231229	-0.0424745	0.350314
-0.0879481	-0.0671965	0.0621855	-0.0385663	0.023767	0.144186	-0.0367331	-0.224199	-0.0537104	0.278217
-0.0337686	-0.0273445	0.104095	-0.0244791	-0.0231772	0.103089	-0.0146789	-0.245856	-0.0384771	0.200597
-0.00546035	-0.0113798	0.218703	-0.0295679	-0.0486101	0.0620382	-0.00324458	-0.0964128	-0.0558949	-0.0301709
-0.000418002	0.00584756	0.11871	-0.00613893	0.00880168	-0.022059	-0.000364554	-0.0391016	-0.0271935	-0.0380834
-3.99755e-07	0.00132443	0.0179606	-1.5095e-05	-0.00011335	-0.000376674	-3.55838e-05	-1.70615e-06	-0.00383913	-0.0149031
0.0	0.0	0.0	0.0	0.0	0.0	0.0	0.0	0.0	0.0
0.0	0.0	0.0	0.0	0.0	0.0	0.0	0.0	0.0	0.0
0.0	0.0	0.0	0.0	0.0	0.0	0.0	0.0	0.0	0.0
-2.39878e-05	-2.56394e-07	-4.94775e-05	0.00297057	-6.72653e-05	-8.03634e-06	-3.44411e-07	-0.00439136	-0.000244471	0.00181463
-0.00012677	-0.00295669	-0.0169194	-0.0284279	-7.22421e-05	0.0387373	-5.1648e-05	0.0206262	-0.00410409	-0.00670482
-0.00289775	-0.0444735	-0.0536773	-0.00284699	0.0008771	0.0440058	-0.00089179	0.121958	-0.100168	0.0381146
-0.0172903	-0.0912049	-0.0819776	0.0966095	-0.0496567	-0.0142632	-0.0018237	0.0730133	-0.193966	0.280561
-0.0823407	-0.116575	-0.0777568	0.266919	-0.129629	-0.0228597	-0.00557436	0.00276671	-0.146257	0.311309
-0.130467	-0.154892	-0.161228	0.461431	-0.207268	-0.00858554	-0.0104705	0.0519835	-0.14348	0.30298
-0.201425	-0.146769	-0.320319	0.680434	-0.373431	0.000792934	-0.0374122	0.294312	-0.22272	0.326544
-0.297539	-0.239479	-0.374918	0.677123	-0.278672	0.152999	-0.0532557	0.364225	-0.182505	0.232024
-0.422504	-0.483542	-0.316795	0.637358	-0.140298	0.173448	-0.0497119	0.209726	0.0903181	0.302002
-0.437132	-0.408819	-0.320073	0.539624	-0.277908	0.293185	-0.049336	0.417945	0.0829563	0.159558
-0.546062	-0.268974	-0.211113	0.656887	-0.432039	0.296476	-0.0481789	0.357953	-0.0608185	0.25587
-0.498826	-0.320005	-0.133207	0.52267	-0.245288	0.326258	-0.0995575	0.265141	-0.0292144	0.212032
-0.472199	-0.349951	-0.0112133	0.317101	-0.244128	0.140841	-0.0950396	0.227679	0.150204	0.336708
-0.420419	-0.373528	0.0450026	0.162238	-0.29122	0.352319	-0.097702	0.236885	0.270426	0.115999
-0.291686	-0.364565	0.00413268	0.215994	-0.401211	0.288581	-0.0815526	0.139668	0.262772	0.227868
-0.325546	-0.224078	-0.0571179	0.15027	-0.40486	0.266188	-0.055144	0.126948	0.275674	0.247669
-0.274439	-0.110373	-0.20271	0.0736902	-0.336013	0.164381	-0.0464236	0.260776	0.181055	0.290059
-0.156951	-0.0853492	-0.245252	0.130796	-0.385701	0.149688	-0.0296673	0.0742561	0.11003	0.438154
-0.165388	-0.0333711	-0.167616	-0.0020478	-0.222411	0.104137	-0.0162727	-0.0830378	0.0374759	0.548534
-0.126151	-0.00749298	-0.135393	-0.0799285	-0.152379	0.174449	-0.00962128	-0.0742011	-0.0280009	0.43872
-0.0516468	-0.00467389	-0.120097	-0.0301522	-0.067829	0.219459	-0.00649112	-0.0221495	-0.0375754	0.121157
-0.012469	-0.000923148	-0.0579848	-0.00557726	-0.0577665	0.15314	-0.00280707	-0.0610124	-0.0120297	0.0574299
-0.0026782	-1.15521e-05	-0.00679635	-0.000239544	-0.0373372	0.0841571	-0.000574373	-0.00539971	-0.00576125	-0.0253589
-4.80252e-07	-7.95806e-06	0.015947	-0.000252544	-0.000947071	-1.23693e-05	-2.26025e-05	-0.0009818	-0.00329693	-0.0104252
-3.54662e-07	-9.50554e-06	0.0190719	-3.58569e-06	-0.000120133	-9.03658e-06	-2.55108e-05	-1.38126e-06	-0.00308878	-0.0158136
0.0	0.0	0.0	0.0	0.0	0.0	0.0	0.0	0.0	0.0
0.0	0.0	0.0	0.0	0.0	0.0	0.0	0.0	0.0	0.0
0.0	0.0	0.0	0.0	0.0	0.0	0.0	0.0	0.0	0.0
0.0	0.0	0.0	0.0	0.0	0.0	0.0	0.0	0.0	0.0
0.0	0.0	0.0	0.0	0.0	0.0	0.0	0.0	0.0	0.0
-0.000198712	-0.000912169	-0.000744861	0.00111936	0.00215077	-0.00281207	-3.93537e-05	-0.0525128	-0.0116642	0.065614
-0.00369648	-0.00332412	-0.00286056	0.0198838	-0.00308434	-0.00803427	-0.000269754	-0.119761	-0.0371068	0.158254
-0.0173651	-0.00644278	-0.00952898	0.0341992	-0.0553867	-0.0295955	-0.00111925	-0.109146	-0.0606144	0.255
-0.0385447	-0.00950498	-0.0231648	0.043942	-0.132065	-0.100825	-0.00197418	0.00531621	-0.023481	0.280303
-0.0552902	-0.0155364	-0.0293837	0.0198609	-0.223861	-0.133248	-0.00437357	0.0968331	-0.00842583	0.353426
-0.104508	-0.0277326	-0.0298657	0.00210943	-0.35266	-0.09419	-0.00636031	0.184745	-0.0614042	0.489867
-0.0963443	-0.0826255	-0.0275448	0.0253497	-0.358954	-0.0308676	-0.00717072	0.193227	-0.130355	0.515287
-0.0721411	-0.0710685	-0.0657462	0.0298105	-0.426238	0.0903747	-0.00887317	0.162229	-0.0877413	0.449396
-0.0486633	-0.0899352	-0.0360085	-0.00058395	-0.459532	0.0842831	-0.010604	0.0506815	-0.0952381	0.605602
-0.0917104	-0.144744	-0.0614222	0.0128129	-0.507537	0.0112783	-0.0139133	0.332185	-0.115681	0.578735
-0.127018	-0.118272	-0.0484157	-0.0170933	-0.631377	-0.0220439	-0.0117457	0.417809	-0.160502	0.718658
-0.095673	-0.0720241	-0.0625253	-0.00426167	-0.550035	0.0870841	-0.0099944	0.486815	-0.191741	0.412356
-0.0671026	-0.0537555	-0.0809213	0.0814598	-0.482443	0.00884805	-0.00910269	0.297825	-0.13137	0.436564
-0.0928433	-0.0326894	-0.0957303	0.0669592	-0.433465	-0.0428021	-0.00869666	0.312364	-0.067778	0.394684
-0.0583515	-0.0386908	-0.0621219	0.0347551	-0.439595	-0.0778197	-0.00784785	0.295579	-0.0498514	0.403945
-0.0102217	-0.021022	-0.0231595	0.00542288	-0.349603	-0.0116262	-0.00479781	0.182985	-0.0637534	0.295777
-0.0423187	-0.00778592	-0.0238039	-0.0164737	-0.17407	0.0385809	-0.00325304	0.00399704	-0.031714	0.256841
-0.0527771	-0.00389009	-0.0280905	-0.0105795	-0.0844846	0.0400536	-0.00219832	0.000930058	-0.0127932	0.15383
-0.0263369	-0.000643222	-0.0103399	0.000534117	-0.0440799	0.0187989	-0.000410104	0.0565635	-0.00304381	0.00895727
-0.00149854	-9.77043e-06	-6.20311e-05	-0.000220481	-0.0022645	0.0002704	-7.74704e-05	-0.00295093	-0.000272465	0.00708578
-4.85472e-06	-1.62061e-09	-5.57545e-07	-1.49009e-06	-0.00121496	-2.4491e-05	-1.46462e-06	-0.000121872	-1.16581e-05	0.00138135
-2.09553e-07	-1.79368e-08	-1.38557e-06	-2.52366e-07	-7.1435e-08	-9.42886e-08	-8.64337e-10	1.98977e-05	-6.77444e-07	-1.71879e-05
0.0	0.0	0.0	0.0	0.0	0.0	0.0	0.0	0.0	0.0
0.0	0.0	0.0	0.0	0.0	0.0	0.0	0.0	0.0	0.0
0.0	0.0	0.0	0.0	0.0	0.0	0.0	0.0	0.0	0.0
0.0	0.0	0.0	0.0	0.0	0.0	0.0	0.0	0.0	0.0
0.0	0.0	0.0	0.0	0.0	0.0	0.0	0.0	0.0	0.0
0.0	0.0	0.0	0.0	0.0	0.0	0.0	0.0	0.0	0.0
-3.16583e-06	-4.10297e-06	-2.15249e-06	-6.28568e-07	-1.23636e-06	-9.49709e-07	-7.3955e-08	0.00014977	-4.11587e-05	-9.6302e-05
-5.82848e-05	-1.06422e-05	-7.75067e-06	-2.4678e-06	-5.62942e-06	-1.69337e-05	-8.24921e-07	0.000634841	-0.000115433	-0.000416877
-8.59849e-05	-9.43523e-06	-3.00521e-05	-3.05173e-05	-0.00684807	-5.12188e-05	-2.55201e-06	-0.000544653	-0.000144373	0.00774686
-0.000169775	-2.24324e-05	-0.000104232	-8.38421e-05	-0.0391539	-0.000499237	-3.88729e-05	-0.00530687	-0.000227807	0.045607
-0.000492698	-4.76631e-05	-0.000153892	-0.000182647	-0.0407519	-0.00111582	-7.11938e-05	0.00727938	-0.000381421	0.0359179
-0.00108119	-4.39316e-05	-0.000248767	-0.0012012	-0.0195169	-0.000831774	-2.88938e-05	0.00855573	-0.000830695	0.0152277
-0.00105645	-0.00383149	-0.00463869	-0.00650251	-0.044638	0.00303197	-6.37343e-05	0.0523862	-0.0127276	0.0180404
-0.00170879	-0.00122426	-0.00191355	-0.00378954	-0.0293846	0.00865913	-6.59085e-05	0.0176449	-0.0035314	0.015314
-0.00375094	-0.00339127	-0.000893634	-0.00414858	-0.040223	0.00507301	-0.000399994	0.0311387	-0.00834052	0.0249363
-0.00647879	-0.00343292	-0.00108439	-0.00562914	-0.0317039	-0.00330411	-0.000414004	0.132236	-0.00697728	-0.0732118
-0.00975207	-0.00187678	-0.00090895	-0.00783523	-0.097759	-0.0114097	-0.000823116	0.120931	-0.00639016	0.0158242
-0.00946171	-0.000500172	-0.00106876	-0.00640585	-0.0508521	-0.00844432	-0.000773561	0.119143	-0.00599352	-0.0356431
-0.00551165	-0.000323435	-0.000910182	-0.00752451	-0.0310229	-0.00619103	-0.000547844	0.0971009	-0.00313491	-0.0419344
-0.00431472	-0.00433775	-0.00121649	-0.00564564	-0.0285328	-0.00764819	-0.000517804	0.123359	-0.00311443	-0.0680313
-0.00445812	-0.0130593	-0.000766092	-0.00364955	-0.0374817	-0.00593832	-0.000343113	0.150407	-0.00359151	-0.0811195
-0.00223742	-0.000244812	-0.000488931	-0.00264165	-0.0289143	-0.00634466	-0.000199524	0.108729	-0.00240032	-0.0652578
-0.00421746	-8.83189e-05	-0.00451337	-0.00134036	-0.00595206	-0.0138805	-0.000189835	0.0441788	-0.00294466	-0.0110522
-0.00998067	-2.86856e-05	-0.00304409	-0.000408727	-0.00357589	-0.0058272	-8.05577e-05	0.0163507	-0.00149165	0.0080868
-0.0292583	-5.15207e-05	-0.0107937	-0.000265587	-0.00791661	-0.00491885	-0.000199681	0.0450826	-0.00132717	0.00964889
-0.00668614	-3.29651e-06	-0.000106561	-2.74787e-05	-0.00176925	-0.00110241	-1.87968e-05	0.0152084	-0.000272837	-0.0052216
0.0	0.0	0.0	0.0	0.0	0.0	0.0	0.0	0.0	0.0
0.0	0.0	0.0	0.0	0.0	0.0	0.0	0.0	0.0	0.0
0.0	0.0	0.0	0.0	0.0	0.0	0.0	0.0	0.0	0.0
0.0	0.0	0.0	0.0	0.0	0.0	0.0	0.0	0.0	0.0
