0.0	0.0	0.0	0.0	0.0	0.0	0.0	0.0	0.0	0.0
0.0	0.0	0.0	0.0	0.0	0.0	0.0	0.0	0.0	0.0
0.0	0.0	0.0	0.0	0.0	0.0	0.0	0.0	0.0	0.0
0.0	0.0	0.0	0.0	0.0	0.0	0.0	0.0	0.0	0.0
0.0	0.0	0.0	0.0	0.0	0.0	0.0	0.0	0.0	0.0
0.0	0.0	0.0	0.0	0.0	0.0	0.0	0.0	0.0	0.0
0.0	0.0	0.0	0.0	0.0	0.0	0.0	0.0	0.0	0.0
0.0	0.0	0.0	0.0	0.0	0.0	0.0	0.0	0.0	0.0
0.0	0.0	0.0	0.0	0.0	0.0	0.0	0.0	0.0	0.0
0.0	0.0	0.0	0.0	0.0	0.0	0.0	0.0	0.0	0.0
0.0	0.0	0.0	0.0	0.0	0.0	0.0	0.0	0.0	0.0
0.0	0.0	0.0	0.0	0.0	0.0	0.0	0.0	0.0	0.0
-3.65654e-06	-6.40235e-06	-0.000653477	-6.11979e-05	-0.00428434	-8.89932e-05	0.00591599	-6.81451e-06	-0.000146841	-0.000664264
-2.17358e-05	-1.51856e-05	-0.00106324	-0.000148678	-0.00952091	-0.00019558	0.0128187	-1.95243e-05	-0.000331151	-0.00150273
-1.5278e-05	-1.29825e-06	0.000409125	-1.63307e-05	-0.000155443	-7.95819e-07	-0.000150494	-5.12206e-06	-1.07063e-05	-5.36562e-05
-6.36584e-07	-5.40937e-08	1.70469e-05	-6.80445e-07	-6.4768e-06	-3.31591e-08	-6.27058e-06	-2.13419e-07	-4.46097e-07	-2.23568e-06
0.0	0.0	0.0	0.0	0.0	0.0	0.0	0.0	0.0	0.0
0.0	0.0	0.0	0.0	0.0	0.0	0.0	0.0	0.0	0.0
0.0	0.0	0.0	0.0	0.0	0.0	0.0	0.0	0.0	0.0
0.0	0.0	0.0	0.0	0.0	0.0	0.0	0.0	0.0	0.0
0.0	0.0	0.0	0.0	0.0	0.0	0.0	0.0	0.0	0.0
0.0	0.0	0.0	0.0	0.0	0.0	0.0	0.0	0.0	0.0
0.0	0.0	0.0	0.0	0.0	0.0	0.0	0.0	0.0	0.0
0.0	0.0	0.0	0.0	0.0	0.0	0.0	0.0	0.0	0.0
0.0	0.0	0.0	0.0	0.0	0.0	0.0	0.0	0.0	0.0
0.0	0.0	0.0	0.0	0.0	0.0	0.0	0.0	0.0	0.0
0.0	0.0	0.0	0.0	0.0	0.0	0.0	0.0	0.0	0.0
0.0	0.0	0.0	0.0	0.0	0.0	0.0	0.0	0.0	0.0
0.0	0.0	0.0	0.0	0.0	0.0	0.0	0.0	0.0	0.0
0.0	0.0	0.0	0.0	0.0	0.0	0.0	0.0	0.0	0.0
0.0	0.0	0.0	0.0	0.0	0.0	0.0	0.0	0.0	0.0
0.0	0.0	0.0	0.0	0.0	0.0	0.0	0.0	0.0	0.0
-5.07449e-09	-3.2346e-08	-1.04989e-05	-9.34948e-09	-4.69067e-05	-1.00453e-07	5.96853e-05	-7.62382e-08	-6.76649e-07	-1.37962e-06
-1.1178e-07	-9.54484e-08	-3.32257e-05	-4.16384e-08	-0.000410296	-3.02867e-07	0.000451649	-7.72551e-07	-2.01223e-06	-4.79092e-06
-1.97334e-05	-1.07672e-07	-0.000417998	-7.24824e-06	-0.0352806	-1.74695e-05	0.0359615	-5.76918e-05	-5.18473e-06	-0.000155534
-4.0652e-05	-6.65129e-05	-0.00102355	-1.72387e-05	-0.0790864	-3.25829e-05	0.0811521	-0.000447841	-5.79553e-05	-0.000379442
-6.05597e-05	-0.00319519	-0.00272811	-0.000170195	-0.0837344	-9.77189e-05	0.0941551	-0.00254295	-0.000827951	-0.000798143
-0.000186629	-0.00261938	-0.00464934	-0.000186015	-0.035014	-0.000171038	0.0456603	-0.00136863	-0.00087232	-0.000593033
-0.00235956	-0.00159892	-0.00678182	-0.000195282	-0.0461007	-0.000725091	0.061663	-0.00088248	-0.000845279	-0.00217382
0.0212412	-0.000732111	-0.0220507	-0.000347381	-0.0786398	-0.000861856	0.098464	-0.00638444	-0.00142376	-0.0092652
0.0459618	-0.00067289	-0.0262098	-0.00118721	-0.148698	-0.00641955	0.171842	-0.0167744	-0.00139667	-0.0164459
0.0193276	-0.000493412	-0.0180035	-0.000786099	-0.073422	-0.00592291	0.0928349	-0.00455637	-0.00178939	-0.00718876
-0.00101492	0.0186071	-0.00109964	-0.005744	-0.0187508	-0.0026984	0.016726	-0.000345222	-0.00325186	-0.0024283
0.0166346	0.0279872	0.0227296	-0.00748978	-0.0883831	-0.00319953	0.044214	-0.000853446	-0.0025635	-0.00907597
0.0478825	-0.00776921	0.0684071	-0.00229191	-0.0960155	-0.00340482	0.0193102	-0.00175611	-0.00332606	-0.021036
0.0222702	-0.00414563	0.0125933	-0.000816494	-0.0392144	-0.00222603	0.0277392	-0.000800754	-0.00295186	-0.0124475
-0.00135924	-0.000271066	-0.0204306	-0.000195421	-0.0158221	-0.00310705	0.0449521	-0.000149886	-0.00162944	-0.00198728
-0.00069848	-7.31292e-05	-0.0149815	-0.000121313	-0.0286865	-0.00286288	0.0503106	-0.000200845	-0.00122324	-0.00146271
-0.000310371	-9.57838e-05	-0.00617644	-0.000119048	-0.0230574	-0.00139264	0.0332329	-9.81742e-05	-0.000732776	-0.00125018
-0.000128559	-0.000227457	-0.00334243	-6.39752e-05	-0.0224292	-0.000268697	0.0277498	-8.83285e-06	-0.000856008	-0.000424591
-1.73942e-05	-1.96992e-05	-0.000373921	-5.17217e-06	-0.0308716	-1.36907e-05	0.0316852	-2.20496e-05	-0.000123061	-0.000238689
-2.30075e-06	-1.46548e-06	-0.000170599	-6.91437e-07	-0.0115988	-1.29003e-05	0.011997	-3.04502e-05	-5.24234e-05	-0.000127396
0.0	0.0	0.0	0.0	0.0	0.0	0.0	0.0	0.0	0.0
0.0	0.0	0.0	0.0	0.0	0.0	0.0	0.0	0.0	0.0
0.0	0.0	0.0	0.0	0.0	0.0	0.0	0.0	0.0	0.0
0.0	0.0	0.0	0.0	0.0	0.0	0.0	0.0	0.0	0.0
0.0	0.0	0.0	0.0	0.0	0.0	0.0	0.0	0.0	0.0
0.0	0.0	0.0	0.0	0.0	0.0	0.0	0.0	0.0	0.0
-3.78895e-08	-6.01724e-10	-5.58087e-07	-2.31172e-09	-5.32637e-06	-8.75543e-07	8.38721e-06	-8.40243e-12	-1.18682e-06	-3.99608e-07
0.0031145	-4.54514e-10	-2.30996e-05	-8.17229e-07	-0.00286469	-8.57601e-05	0.000261246	-0.000193853	-8.41813e-06	-0.000199105
0.00115728	-1.92385e-06	-0.000714999	-1.14975e-06	-0.00131459	-1.36015e-05	0.00106808	-6.82454e-05	-3.25546e-05	-7.82972e-05
-0.000364184	-8.50116e-06	5.98637e-05	-0.000276705	-0.00112569	-5.43813e-06	0.00175482	-3.04736e-06	-2.20194e-05	-9.09639e-06
-0.0197399	-4.82252e-05	-0.00112617	-0.00152578	-0.0361794	-5.17666e-05	0.0594475	-0.000431413	-0.000166711	-0.000178105
-0.0236986	-0.00182569	-0.00549495	-0.00292532	-0.11751	-0.000882174	0.155692	-0.00168098	-0.000846214	-0.000828392
-0.0188459	-0.0289253	0.0211105	-0.0110573	-0.15369	-0.00366654	0.203782	-0.00430797	-0.00273563	-0.00166441
-0.0224886	-0.056591	0.0969855	-0.0187331	-0.130637	-0.0134037	0.164205	-0.00585889	-0.00991244	-0.00356544
-0.021048	-0.0417692	0.0655006	-0.00867053	-0.231129	-0.0408085	0.323905	-0.0133249	-0.0198645	-0.0127899
-0.0372678	-0.0515714	0.117388	0.0263129	-0.2513	-0.0811435	0.365721	-0.0301998	-0.0361388	-0.0218001
-0.0415752	0.00680737	0.0639714	0.0409186	-0.331935	-0.0880015	0.455025	-0.0284716	-0.0430526	-0.0336856
-0.0626967	0.1306	0.0138078	0.00210861	-0.239404	-0.0964596	0.35642	-0.013883	-0.0581117	-0.0323782
-0.107133	0.122176	0.0612075	-0.00785814	-0.14639	-0.107144	0.288379	-0.0180259	-0.0559978	-0.0292132
-0.122271	0.244332	0.125478	-0.0554835	-0.206763	-0.0686958	0.20081	-0.0222244	-0.0624042	-0.0327751
-0.0946123	0.162398	0.117332	-0.0490541	-0.246796	0.000509945	0.230972	-0.0114594	-0.0684897	-0.0407988
-0.0818112	0.0462598	0.0158006	-0.048416	-0.119908	0.0584281	0.213167	-0.00747398	-0.0485616	-0.027484
-0.0549233	-0.00919151	-0.0184742	-0.0633065	-0.0989552	0.0544373	0.22136	-0.00398543	-0.0082227	-0.018738
-0.0406327	0.0192657	-0.0783489	-0.0305648	-0.066127	0.00552765	0.246504	-0.00218543	-0.0400507	-0.0133872
-0.0280646	-0.00822355	-0.0316047	-0.00993548	-0.0501449	-0.0534105	0.202796	-0.0011135	-0.0147429	-0.00555588
-0.0144217	-0.0089563	-0.0321166	-0.0101592	-0.044305	-0.059536	0.191767	-0.000847909	-0.0139679	-0.00745593
-0.00748641	-0.00339425	-0.0353139	-0.00736627	-0.0458654	-0.032733	0.146168	-0.000601493	-0.00987854	-0.00352873
-0.00374019	-0.00177374	-0.00777663	-0.00198662	-0.0293159	-0.0252025	0.0740243	-7.47891e-05	-0.00379336	-0.000360607
-0.000591032	-0.000546694	0.033974	-0.000185721	-0.00319939	-0.0099781	-0.0174787	-3.0363e-05	-0.00192862	-3.53629e-05
-8.8642e-06	-2.50451e-05	0.0239975	-9.90872e-07	-0.000448155	-0.000940517	-0.0218637	-2.68276e-08	-0.00070863	-1.57291e-06
0.0	0.0	0.0	0.0	0.0	0.0	0.0	0.0	0.0	0.0
0.0	0.0	0.0	0.0	0.0	0.0	0.0	0.0	0.0	0.0
0.0	0.0	0.0	0.0	0.0	0.0	0.0	0.0	0.0	0.0
0.0	0.0	0.0	0.0	0.0	0.0	0.0	0.0	0.0	0.0
-8.48071e-08	0.000734301	-0.000102823	-3.74231e-05	-1.17549e-05	-7.65822e-06	-0.000399719	-1.02315e-08	-0.000173824	-1.00427e-06
0.00745118	0.000174712	-0.000190881	-3.10845e-05	-0.00926427	0.000218209	0.0033166	-0.000567751	-0.000428889	-0.000677824
-0.00692813	-7.30194e-05	-0.00341223	-0.0032758	-0.00400339	0.0125856	0.00654004	-0.000949392	-0.000219254	-0.000264398
-0.0546551	-0.00325151	-0.00176055	0.0873676	-0.00595266	-0.0397386	0.0245532	-0.00180032	-0.0038661	-0.000895811
-0.0772375	-0.00257747	0.00132087	0.067601	-0.0670141	-0.0268514	0.116596	-0.00271398	-0.0077304	-0.00139309
-0.0866565	-0.0221631	0.0493174	0.107113	-0.118416	-0.0424139	0.152099	-0.0130383	-0.0225038	-0.00333737
-0.0201114	-0.0664156	0.140245	0.135373	-0.240951	-0.0540299	0.18548	-0.0405649	-0.0282555	-0.010768
-0.0573449	-0.102633	0.374762	0.069073	-0.328483	-0.0800206	0.224833	-0.0487179	-0.0254411	-0.0260247
-0.0388262	-0.169402	0.337448	0.16784	-0.333568	-0.0611406	0.27701	-0.0900514	-0.0426963	-0.0466076
0.00966239	-0.270474	0.408395	0.372885	-0.391095	-0.133095	0.307307	-0.13811	-0.0945906	-0.0708825
-0.0135837	-0.136102	0.391398	0.44499	-0.563262	-0.0716959	0.251848	-0.104051	-0.10535	-0.0941899
0.110863	-0.0727724	0.47875	0.275699	-0.655621	-0.0931777	0.285402	-0.100018	-0.0961299	-0.132995
0.108541	-0.112569	0.287372	0.478005	-0.483279	-0.0626661	0.240696	-0.10235	-0.190531	-0.163219
0.0615931	0.0523318	0.20704	0.367553	-0.469474	0.0545022	0.187988	-0.0958634	-0.173303	-0.192369
0.0667967	0.119428	0.286598	0.262662	-0.395988	-0.0258994	0.0456939	-0.0741677	-0.123661	-0.161461
-0.0303761	-0.070657	0.179777	0.229725	-0.259402	0.0909418	0.0461447	-0.0513204	-0.0318856	-0.102947
-0.168692	-0.186094	-0.101558	0.266729	-0.198368	0.219572	0.205173	-0.0429378	0.0423906	-0.0362138
-0.193319	-0.125594	-0.135723	0.227103	-0.0474817	0.202994	0.250832	-0.0247399	-0.11152	-0.0425504
-0.121237	-0.150878	-0.216226	0.25202	0.0170501	0.258618	0.0902758	-0.0223482	-0.071408	-0.0358632
-0.127991	-0.132799	-0.16734	-0.0579712	0.0178462	0.238578	0.225694	-0.0121424	0.0360042	-0.0198776
-0.0954303	-0.102791	-0.151954	-0.123661	0.0211356	0.111624	0.280433	-0.00350793	0.0699767	-0.00582476
-0.0471173	-0.0710622	-0.120076	-0.0716932	0.0173187	-0.0448184	0.269898	-0.00117471	0.0711069	-0.00238118
-0.0183776	-0.0579998	-0.0130946	-0.0219653	-0.00933019	-0.0263367	0.136933	-0.000458225	0.0112059	-0.000576581
-0.00343009	-0.0166125	0.0189666	-0.000355688	-0.000510314	0.0432671	-0.0439215	-5.39356e-06	0.00263938	-3.74604e-05
-0.00128273	-0.0219352	-0.000419425	-2.1035e-05	-0.000188854	0.00783551	0.0185873	-1.66786e-07	-0.00257252	-2.87289e-06
0.0	0.0	0.0	0.0	0.0	0.0	0.0	0.0	0.0	0.0
0.0	0.0	0.0	0.0	0.0	0.0	0.0	0.0	0.0	0.0
-2.43565e-08	-1.91605e-08	-1.76722e-05	2.83292e-05	-1.54814e-07	-9.40314e-06	-2.48774e-08	-1.39985e-08	-1.00334e-06	-1.35396e-08
-3.23167e-05	0.00251338	-0.000863367	0.00122211	-4.11574e-06	-0.00112878	-0.00145342	-6.08e-08	-0.000251375	-2.05804e-06
-0.000375258	0.000299797	-0.00658597	0.0177297	-0.00120298	-0.00639697	-0.0028622	0.000453694	-0.000868317	-0.000191508
-0.00920103	0.0060373	-0.040602	0.0587623	0.0147056	-0.0390635	0.0175273	-0.00245613	-0.00512288	-0.000586871
-0.0820744	0.0421619	0.0115097	0.235277	0.0180428	-0.170486	0.0114791	-0.025728	-0.0332689	-0.00691199
-0.0886335	0.03047	0.127023	0.270087	-0.053033	-0.193604	0.00709788	-0.0309438	-0.0590105	-0.0094515
-0.0291693	-0.0291194	0.0896502	0.323659	-0.0715165	-0.155276	0.0199771	-0.0633364	-0.0572281	-0.0276398
0.0102377	-0.0480789	0.168508	0.448066	-0.223541	-0.318587	0.117774	-0.101381	0.0126095	-0.0656037
0.0905121	-0.0828353	0.350515	0.403863	-0.319023	-0.271234	0.0299754	-0.181968	0.113953	-0.133754
0.0833042	-0.125521	0.317694	0.489188	-0.440184	-0.0750542	0.0421188	-0.269507	0.14603	-0.168068
0.136648	-0.282748	0.389115	0.533721	-0.421075	0.0934894	-0.0736929	-0.309511	0.180928	-0.246875
-0.0318192	-0.130613	0.372576	0.41281	-0.325787	0.0261403	-0.0970427	-0.280606	0.380904	-0.326562
0.0262718	0.18828	0.211683	0.444738	-0.181508	-0.222057	-0.0434049	-0.288559	0.171451	-0.306897
-0.0573569	0.180552	0.332062	0.314432	-0.33898	-0.0190801	-0.0572972	-0.338555	0.383811	-0.39959
0.0682493	0.020396	0.186059	0.32277	-0.413591	0.319161	-0.109938	-0.320661	0.362797	-0.435242
-0.0810298	0.0512653	0.162213	0.386658	-0.182102	0.108363	0.0547647	-0.305441	0.267818	-0.462509
0.0509925	-0.0602245	0.0844211	0.176065	-0.102255	0.143617	0.141598	-0.264038	0.140005	-0.310181
-0.0386422	-0.184571	0.00917852	0.304356	-0.0997327	0.331688	0.0387821	-0.212362	0.089086	-0.237783
-0.105252	0.114992	-0.152814	0.108445	0.143315	0.120095	0.0793695	-0.140308	0.0759976	-0.243841
-0.1028	0.0961585	-0.138218	-0.00169391	0.251785	-0.173356	0.132817	-0.103634	0.198951	-0.16001
-0.125957	0.0319366	-0.302924	-0.123926	0.237874	0.211606	0.22244	-0.039336	0.0527432	-0.164456
-0.103131	-0.061198	-0.368917	-0.0930198	0.274032	0.115492	0.319782	-0.0439598	0.0532651	-0.0923416
-0.149324	-0.0994163	-0.305756	-0.224555	0.270771	0.297728	0.276707	-0.020662	-0.0123982	-0.03309
-0.157655	-0.215987	-0.149063	-0.037691	0.167706	0.348364	-0.031242	-0.00577052	0.0904998	-0.00915942
-0.0441096	-0.107125	-0.00782743	-0.00391768	0.00396011	0.131773	-0.0448321	-0.00126465	0.0759525	-0.00260937
-0.00485404	-0.0129768	-0.00452772	-0.000104211	-0.0183683	0.0197412	-0.00659449	-0.000319006	0.0291681	-0.00116471
-9.27237e-05	-0.00697679	-0.00397727	-2.47094e-05	-0.00326462	-0.0031547	0.0141673	-1.9055e-05	0.00347994	-0.000137348
0.0	0.0	0.0	0.0	0.0	0.0	0.0	0.0	0.0	0.0
0.0	0.0	0.0	0.0	0.0	0.0	0.0	0.0	0.0	0.0
-0.000251898	0.000280261	0.000303677	0.00219044	-7.93536e-05	-0.0021859	3.12501e-05	-6.86637e-06	-0.00027907	-2.54859e-06
-0.0037636	0.00690959	-0.00402941	0.084636	0.00126087	-0.0378155	-0.0318929	-0.00115704	-0.0107132	-0.00343484
-0.02633	0.0161679	0.00736546	0.189594	0.0113738	-0.15792	0.0245908	-0.0162851	-0.036765	-0.0117916
-0.113388	0.10759	0.00922437	0.393421	0.0414966	-0.234749	-0.132988	0.0889295	-0.121903	-0.0376296
-0.0313291	0.0458493	0.0368565	0.417791	-0.0118159	-0.288011	-0.0818568	0.109779	-0.112211	-0.0850488
-0.019763	-0.124608	0.0971623	0.320451	-0.0376135	-0.10642	-0.0972126	0.111273	-0.0177833	-0.125485
0.0461443	-0.296957	0.189353	0.175912	-0.0611142	-0.135248	0.0871221	0.155574	-0.00209943	-0.158685
0.0719868	-0.335374	0.0879192	0.174272	-0.0266127	0.0849528	-0.00790843	0.0833588	0.0914312	-0.224027
0.226779	-0.237002	0.172387	0.141062	-0.191791	0.176254	0.0406373	-0.125214	-0.101273	-0.101838
0.134429	-0.305353	0.264621	0.14222	-0.138409	0.1089	-0.41434	-0.202997	0.2389	0.172028
-0.0250863	-0.198954	0.191758	0.0950426	-0.0857217	0.0071405	-0.250572	-0.116226	0.265868	0.116751
0.187196	-0.00542249	0.156226	0.0951364	-0.28351	-0.0521583	-0.301622	-0.143659	0.159049	0.188763
0.223705	0.0314478	0.148073	0.0263788	-0.046153	-0.158752	-0.0325107	-0.306984	0.269839	-0.155044
0.177102	0.169781	0.213313	0.184704	-0.0431948	-0.153887	-0.230742	-0.393711	0.134023	-0.05739
0.129841	-0.121624	0.358304	0.340419	0.0222379	0.0489557	-0.192623	-0.344858	0.166762	-0.407412
0.324999	-0.224244	0.19857	-0.035273	-0.10659	0.140754	-0.0116867	-0.384644	0.391112	-0.292994
0.338581	-0.0298681	0.10264	0.0349148	0.056943	0.129948	0.129855	-0.398587	-0.127112	-0.237315
0.0662742	0.0396403	-0.00238064	0.149026	0.15364	0.00168367	0.179782	-0.491586	0.11515	-0.211231
-0.108725	0.141489	0.0514727	0.00670776	0.0598422	0.258783	0.0882027	-0.469741	0.195798	-0.223829
0.00190512	0.294759	0.0307071	-0.127361	0.0689246	0.109099	0.113952	-0.28831	0.0603282	-0.264005
0.00408965	0.251581	-0.137551	-0.107689	0.228565	0.264957	0.0520824	-0.195376	-0.0484391	-0.312216
-0.208311	0.112882	-0.278098	-0.246353	0.414646	0.357049	0.272282	-0.100083	-0.126616	-0.197398
-0.246505	-0.00755366	-0.230397	-0.0864484	0.109638	0.414441	0.101557	-0.0308666	0.0581778	-0.0820429
-0.105086	-0.138438	-0.052282	-0.0207858	-0.0465496	0.270944	-0.0446447	-0.00964522	0.173331	-0.0268438
-0.0308862	-0.0272442	-0.0165573	-0.00185406	-0.0293354	0.0661753	0.0300874	-0.0039439	0.0172973	-0.00373893
-0.0114351	-0.00903829	-0.00584077	-9.72199e-05	-0.000335572	0.0080298	0.0211697	-0.000134956	-0.00228311	-3.45287e-05
0.0	0.0	0.0	0.0	0.0	0.0	0.0	0.0	0.0	0.0
-3.82954e-06	-1.37204e-06	-4.04602e-05	0.000493177	-1.29362e-06	-4.35532e-05	-2.38012e-07	-9.49397e-06	-4.19485e-05	-0.000350988
-0.0010988	-0.0155136	-0.00615767	0.0031853	-0.00259501	0.00316118	-0.00125374	0.0272228	-0.0036	-0.00335052
-0.00318679	0.00503144	0.00847814	0.119258	-0.0322508	-0.122201	-0.0355126	0.119437	-0.0345029	-0.0245495
-0.0404444	0.012166	0.0966883	0.177149	0.0204807	-0.201455	0.0207984	0.0804425	-0.0843174	-0.0815062
-0.0265555	-0.0223865	0.0850035	0.252778	0.155359	-0.178902	-0.0974785	0.175122	-0.111049	-0.231888
0.0120385	-0.0878829	0.15635	0.267932	0.109531	-0.101713	-0.214497	0.279805	-0.162293	-0.259267
0.0362417	-0.220517	0.11061	0.0548617	0.0728439	0.0621679	-0.0498279	0.287913	-0.0618632	-0.29243
-0.00810705	-0.336139	0.0470215	0.15123	-0.0400543	0.033348	-0.0391504	0.317061	0.050744	-0.175955
-0.197119	-0.417925	0.243294	0.285789	0.0469053	-0.0448152	-0.156359	0.180421	0.0645921	-0.00478349
0.0133879	-0.198628	0.24574	0.316208	-0.158015	-0.0249521	-0.310076	0.24993	-0.113401	-0.0201937
-0.0330003	-0.0742822	-0.00578099	0.157361	-0.267115	-0.0740302	-0.258857	0.369312	-0.000884915	0.187277
-0.161394	-0.213297	0.0659669	0.0126195	-0.182806	-4.47691e-05	-0.172067	0.236791	0.279744	0.134488
0.255515	-0.267439	0.0619332	0.325167	-0.32674	-0.0533633	-0.379352	-0.0510903	0.0552162	0.380155
0.195206	-0.202705	0.0492166	0.151552	-0.38941	0.135303	-0.280511	-0.0406656	0.0373534	0.34466
0.00199151	-0.263267	0.1336	0.144832	-0.453123	-0.058119	-0.14247	0.0574664	0.342294	0.236798
0.067528	-0.239207	0.229607	0.244727	-0.406627	-0.1251	-0.256208	0.0200472	0.0922716	0.372959
0.182632	-0.362671	0.0349277	0.0202506	-0.224656	-0.00222302	-0.200034	0.0922791	0.162814	0.296681
0.31985	-0.105065	-0.0297844	0.279511	-0.338463	0.0840532	-0.344255	-0.00168277	-0.154177	0.290014
0.0927789	-0.181027	-0.110994	-0.107038	-0.0405063	0.252036	-0.185472	-0.0733267	0.358206	-0.00465743
0.106148	0.0517668	-0.156947	0.0959361	-0.168059	0.146633	-0.0718322	-0.102101	0.0831264	0.0153283
0.304846	0.0897866	-0.0879798	0.0887056	-0.0851635	-0.0646479	-0.0763878	-0.042229	-0.0283092	-0.0986209
0.343212	0.10992	-0.174005	-0.0970466	0.227421	0.159783	-0.0573346	-0.143853	-0.0796003	-0.288495
-0.0176345	0.103041	-0.422952	-0.180714	0.460582	0.287662	0.0431337	-0.193477	0.215908	-0.295551
-0.366215	0.00103974	-0.247705	-0.0851025	0.10976	0.721488	0.0344978	-0.0886918	0.108516	-0.187585
-0.259942	-0.108321	-0.0638449	-0.0458069	-0.0313124	0.420649	-0.032832	-0.0399243	0.223122	-0.0617861
-0.117488	-0.0147466	-0.0105249	-0.00498527	0.0391416	0.150074	-0.0403947	-0.0122258	0.0325013	-0.0213511
-0.0320274	-0.000316558	-0.000514862	-0.000378883	-0.00144543	0.0438999	-0.002207	-0.000688599	-0.00558963	-0.000731595
0.0	0.0	0.0	0.0	0.0	0.0	0.0	0.0	0.0	0.0
-0.000265778	-0.00117017	-0.00144557	0.0136964	-0.000689344	-0.00157841	-8.386e-05	0.00476583	-0.00339511	-0.00983393
-0.000657532	-0.0238247	0.020131	-0.0190568	-0.0039269	-0.015718	-0.00536022	0.0683926	-0.00669827	-0.0132812
-0.00539212	-0.0119327	0.0497233	0.0621188	-0.0143476	-0.138824	-0.0433231	0.216504	-0.0353525	-0.0791726
-0.0703529	-0.00217572	0.246113	0.322102	0.0767018	-0.431134	0.0136407	0.112153	-0.0464915	-0.220553
-0.0176432	-0.116236	0.167739	0.427915	0.252493	-0.289009	-0.0729347	0.0840045	-0.0355745	-0.400751
0.0506047	-0.2091	0.291227	0.16438	0.119481	-0.0530208	-0.263675	0.273895	-0.0739829	-0.299806
-0.0135572	-0.246741	-0.0473758	0.0323313	0.127672	0.156576	-0.0145344	0.263421	0.0371607	-0.294952
-0.176698	-0.462457	0.156914	0.0510771	-0.0348554	0.229944	-0.0598084	0.138657	0.196621	-0.0393926
0.0314931	-0.30377	0.0248841	0.0668169	-0.0233703	0.0567927	-0.131135	0.222334	-0.0190182	0.0749724
0.0392103	-0.110976	-0.0905677	-0.0319926	-0.224549	0.225039	-0.198764	0.318194	0.0721117	0.00229438
0.0767821	-0.202377	0.0662344	-0.00605989	-0.148153	0.121015	-0.0667537	0.251635	-0.179139	0.0868167
0.00476525	-0.0580311	-0.0474353	0.133727	-0.450066	0.0630978	-0.17142	0.235132	-0.115177	0.405408
0.14448	-0.236266	0.263704	0.0177063	-0.339747	-0.16286	-0.320437	0.163202	-0.0278723	0.498094
0.0807508	-0.120242	0.0857088	0.279083	-0.440146	0.172527	-0.143914	-0.0521923	-0.334817	0.473243
-0.0573772	-0.398462	-0.0266124	0.259336	-0.368671	-0.212981	-0.132123	0.128152	0.287684	0.521056
-0.0238539	-0.239715	0.0907953	0.041507	-0.416466	0.110958	-0.366603	0.207083	0.0831316	0.513163
0.230163	-0.215989	-0.216024	0.169769	-0.122083	0.089626	-0.26777	0.270191	-0.184473	0.246593
0.25402	-0.289199	-0.0686793	-0.104956	-0.245857	0.0908164	-0.321682	0.366734	0.165565	0.153237
0.158482	-0.0758846	-0.0895918	0.0766288	-0.0479274	0.0841573	-0.314209	0.195403	-0.0540645	0.0670054
0.00387455	0.0486154	-0.193024	0.0368212	-0.104603	0.0893721	-0.288071	0.300774	-0.00608025	0.11232
0.0467582	-0.0528408	-0.0145718	-0.182398	-0.096461	0.162211	-0.214819	0.149896	0.155995	0.0462298
0.120593	-0.0475288	0.117305	-0.196868	0.174023	0.186797	-0.286175	0.111651	-0.00679129	-0.173007
0.185562	-0.0973124	-0.482703	-0.263506	0.375381	0.357552	-0.188167	0.00872722	0.350474	-0.246007
-0.153132	-0.296113	-0.367177	-0.199033	0.140669	0.725239	0.0306882	-0.0599384	0.413803	-0.235
-0.293321	-0.175634	-0.0810291	-0.0597333	-0.00410258	0.722929	-0.092504	-0.061032	0.145771	-0.101344
-0.133826	-0.00732379	-0.0147275	-0.00418737	0.0601689	0.150843	-0.036967	-0.0121879	0.0359756	-0.037767
-0.00957256	-0.0034673	-0.00107528	-0.000284083	-0.00188486	0.0206214	-0.00854072	-0.000480562	0.00568399	-0.00100002
0.0113371	-2.62877e-07	-0.000205522	-6.75583e-07	-0.000409334	-5.03888e-06	-7.32205e-06	-0.00704328	-1.85962e-05	-0.00364708
-0.000312423	-0.00100187	0.00121371	-0.00599821	-0.0110938	-0.001293	-0.000256758	0.053465	-0.00359389	-0.0311287
0.00126868	-0.0146944	0.0084283	-0.0150251	0.0102246	-0.0191148	-0.00516288	0.106981	-0.0100719	-0.0628338
0.00470548	-0.00339457	0.0351525	0.084618	-0.00560462	-0.147936	-0.0384468	0.304187	-0.0135443	-0.219735
-0.103298	-0.0272677	0.275317	0.370699	0.0385249	-0.563141	0.0134121	0.280761	0.0210017	-0.306003
-0.0611662	-0.0830349	0.105707	0.207941	0.199592	-0.322302	-0.127763	0.251988	0.108693	-0.279651
-0.036495	-0.205771	0.0437083	0.0483509	0.0476619	-0.0792952	-0.247035	0.251584	0.219166	-0.0418739
-0.0777853	-0.196956	0.0431488	0.0496081	0.0586928	-0.139156	-0.166029	0.468285	0.219302	-0.259113
-0.0274952	-0.417521	0.109929	-0.0550101	-0.153474	0.127842	-0.144339	0.250674	0.0449784	0.264415
0.202572	-0.434519	0.0124782	-0.0636176	0.0692919	0.0557143	-0.108772	0.140616	0.172566	-0.0463274
0.0180486	-0.225263	0.283154	0.0674858	-0.177307	0.108215	-0.181537	0.0645066	0.0867439	-0.0440458
-0.0361399	-0.240372	0.111103	0.0552966	-0.0295846	0.119422	-0.145752	0.320844	-0.0455522	-0.109263
0.178765	-0.0519452	-0.101034	0.143333	-0.253746	0.00328138	-0.204636	0.368394	0.210739	-0.293146
0.0202645	0.0266383	-0.0905208	0.098636	-0.307134	-0.0586325	-0.254954	0.0514717	0.311483	0.202749
0.211869	-0.00049899	0.0154105	0.213604	-0.43704	-0.102338	-0.398754	0.241198	-0.184098	0.440649
0.257093	0.0190571	0.0029068	0.200034	-0.297333	-0.189496	-0.483731	0.312523	-0.0625229	0.241474
0.504659	-0.263397	-0.0515193	0.0999853	-0.467812	0.00229618	-0.463107	0.273507	0.180233	0.185157
0.262833	0.101961	-0.0385539	0.1117	-0.195035	-0.00168382	-0.392186	0.23437	-0.0522046	-0.0311997
0.100076	-0.192858	-0.208769	0.298174	0.0119453	-0.0779865	-0.601407	0.450598	0.130322	0.0899052
0.0705902	-0.108138	0.175865	0.087593	-0.0821364	0.0850293	-0.511001	0.15527	0.175783	-0.0488568
0.207539	-0.234468	0.0418265	0.113081	-0.0822283	0.243862	-0.378067	0.225191	0.0599578	-0.196695
0.0781885	-0.246514	-0.110974	0.0797219	-0.0630228	0.172261	-0.283247	-0.0112266	0.14448	0.240331
0.202824	-0.247988	-0.0621461	0.275247	-0.125029	0.0688326	-0.434456	0.226432	0.0984421	-0.00216149
0.408774	-0.431116	-0.0798229	-0.469805	0.136534	0.659191	-0.45921	0.107958	0.324561	-0.197062
0.0557868	-0.45467	-0.412083	-0.373398	0.0796772	1.11286	-0.294439	-0.112388	0.579042	-0.180379
-0.300178	-0.202351	-0.145682	-0.0818707	0.0720611	0.829712	-0.195149	-0.102548	0.242757	-0.116746
-0.113301	-0.0156622	-0.0209449	-0.00582379	-0.0457286	0.22941	-0.106016	-0.0169485	0.131072	-0.036057
-0.00664498	-0.00258959	-0.00216421	-8.64309e-05	-0.00173277	0.00773275	-0.0102729	-0.00375207	0.0211044	-0.00159417
-3.69697e-06	-2.04213e-05	-9.82285e-06	-0.000136652	-0.000606205	-6.66432e-05	-3.0935e-06	0.00227187	-2.34771e-05	-0.00140185
-0.000460388	-7.67235e-05	-0.000923339	-0.00526113	-0.0115138	-0.0013078	-0.000136142	0.0637413	-0.00249685	-0.0415651
0.00513619	-0.00958298	-0.0204071	0.0355126	0.00237372	-0.00923472	-0.00789613	0.120371	-0.0242486	-0.0920238
0.0211529	-0.00785813	0.0491366	0.169544	-0.115153	-0.164056	-0.0483623	0.362149	-0.0370178	-0.229531
-0.0662936	-0.0773116	0.190198	0.49366	-0.181711	-0.451375	0.0307112	0.376284	0.0392298	-0.353385
-0.0479444	-0.212838	0.335649	0.162358	-0.0413957	-0.302739	-0.207679	0.249233	0.113469	-0.0481111
-0.106179	-0.233146	-0.0205798	0.107406	-0.102332	-0.0683495	-0.240741	0.215902	0.226376	0.221644
-0.140224	-0.165595	-0.0488379	0.174591	-0.092596	0.0177005	-0.0640737	0.172401	0.139667	0.00696571
-0.100885	-0.266067	-0.0367919	0.125361	-0.0626787	0.135199	-0.124992	0.114539	0.144155	0.07216
0.0598899	-0.379869	0.135825	0.0622765	-0.0217452	-0.0336879	-0.179861	0.195011	0.185977	-0.0238159
0.148493	-0.204722	0.247079	-0.103155	-0.249796	0.171902	-0.295354	-0.0183281	0.0849555	0.218927
-0.0777845	-0.101115	-0.00228908	-0.317376	-0.067508	0.362145	-0.142654	0.172078	0.102835	0.0716684
0.017144	-0.0965735	0.00968272	-0.192571	-0.128779	0.241416	-0.223301	0.421865	-0.0851716	0.036291
0.284201	0.0861002	0.0111213	-0.118244	-0.142311	-0.0604615	-0.433607	0.256158	0.0551773	0.0618663
0.0220253	0.222749	0.122132	0.284772	-0.624131	-0.22778	-0.254483	0.532828	-0.248163	0.170052
-0.18202	0.514382	0.220512	0.440955	-0.359783	-0.383224	-0.444934	0.369612	-0.476806	0.301312
0.169519	0.161652	0.245206	0.305612	-0.0615022	-0.362794	-0.581792	0.297632	-0.14243	-0.0311001
0.323331	0.0182745	-0.0198585	0.138558	-0.103511	-0.178203	-0.697218	0.513063	0.00843884	-0.00287303
0.240738	-0.131546	0.0572221	0.0180858	0.0965649	-0.0574191	-0.597343	0.293623	-0.0362936	0.116369
0.307075	-0.250861	0.0148883	0.171644	-0.0538992	-0.0906178	-0.570877	0.32659	0.0702659	0.0757943
0.247432	-0.370875	-0.0348237	0.291724	0.0283037	0.0144425	-0.368725	0.0408764	0.0981228	0.0535239
-0.090598	-0.317748	-0.163265	0.195575	0.0253241	0.328515	-0.206657	0.275807	0.141784	-0.188737
-0.0415687	-0.39929	0.0110314	0.355891	-0.0204398	0.260577	-0.481245	0.220728	0.140003	-0.045688
0.478715	-0.455284	-0.132144	-0.206665	0.00943622	0.628247	-0.378422	-0.021004	0.337336	-0.260216
0.279121	-0.308415	-0.409664	-0.356025	-0.240536	1.34922	-0.354197	-0.0775177	0.345587	-0.227568
-0.283812	-0.148464	-0.1113	-0.0557488	-0.183362	1.08606	-0.319999	-0.0424783	0.19586	-0.136749
-0.104962	-0.0185535	-0.00692428	-0.0113482	-0.0719639	0.255183	-0.137292	0.00739479	0.141728	-0.0532606
-0.00137444	-0.00243766	-0.00123374	-0.000437968	-0.00622621	0.0148802	-0.0065034	0.041903	-0.0352135	-0.0033563
-5.51003e-06	-2.38063e-05	-2.01718e-05	-0.000223627	-0.000707541	-8.45206e-05	-3.65048e-06	0.00305878	-3.24196e-05	-0.00195753
-0.000497825	-3.65115e-05	-0.0003254	-0.00356833	-0.0109168	-0.00123931	-4.85425e-05	0.060617	-0.00135199	-0.0426323
0.0276797	-0.00495554	-0.0139916	0.0149647	-0.0303743	-0.0111354	-0.0253909	0.182539	-0.0184706	-0.120864
0.00544194	-0.0487593	0.0795052	0.259608	-0.119321	-0.140613	-0.0574713	0.311401	-0.091999	-0.197789
-0.0436904	-0.0986922	-0.0459732	0.268851	-0.170919	-0.190736	-0.0492229	0.376926	0.18	-0.226542
0.0145629	-0.22373	0.317565	-0.00639332	-0.185855	-0.161671	-0.181288	0.246737	0.0720383	0.108038
-0.0927744	-0.347993	0.347535	-0.0170547	-0.198018	-0.0442604	-0.168316	0.121979	0.150937	0.247965
-0.139653	-0.263671	-0.00900413	-0.0659796	-0.123672	0.2196	0.00981876	0.11057	0.226726	0.0352648
-0.0638186	-0.20773	-0.0257954	-0.263421	-0.0506312	0.339214	0.0272757	-0.0963808	0.160694	0.180594
0.0706671	-0.284064	-0.159227	-0.495495	0.164182	0.373493	-0.187002	0.140722	0.242824	0.1339
-0.0972728	-0.0393821	0.00276777	-0.45054	0.00206972	0.235281	-0.112295	-0.0204194	0.292146	0.187643
0.0566858	0.0977438	0.00838922	-0.499257	0.0403103	0.243087	-0.136069	-0.172585	0.251298	0.1104
-0.0292021	-0.00396945	-0.0462593	-0.503919	0.255897	0.369068	-0.288196	-0.239764	0.308353	0.177996
0.135177	0.338771	-0.217841	0.077668	-0.273522	0.129213	-0.120519	0.192245	0.0328947	-0.294084
0.0249656	0.577298	0.0292089	0.190647	-0.868561	0.0729486	-0.320233	0.400047	-0.0324472	-0.0738698
-0.18598	0.814968	-0.12769	0.115085	-0.06913	-0.0812986	-0.516911	0.496734	-0.323209	-0.122568
0.0215105	0.270547	0.0466809	0.235223	-0.17558	-0.223488	-0.443417	0.64405	-0.39363	0.0181051
0.333968	0.0919987	0.202786	0.20166	0.038897	-0.425838	-0.444936	0.249286	-0.22313	-0.0246916
0.252823	-0.205252	0.0938841	0.16012	0.0239002	-0.461732	-0.470152	0.340353	0.218395	0.0476614
0.0220853	-0.199221	0.00617621	0.193032	0.127136	-0.384848	-0.486063	0.425855	0.287336	0.0085087
0.179717	-0.389331	-0.0726666	0.32066	-0.15015	-0.201224	-0.277041	0.44135	0.169869	-0.0211838
0.115559	-0.311593	-0.121591	0.126284	-0.052963	-0.0152863	-0.249717	0.418853	0.185269	-0.0948147
0.206486	-0.365975	-0.0928842	0.18378	-0.0744009	0.0440844	-0.35765	0.257543	0.233358	-0.0343432
0.475456	-0.350597	-0.173472	-0.0687345	-0.443589	0.692994	-0.142833	-0.172801	0.304865	-0.121285
0.323771	-0.268254	-0.328	-0.250628	-0.358097	1.57134	-0.270147	-0.137852	0.0117579	-0.293889
-0.293003	-0.0997611	-0.0585137	-0.0256791	-0.2374	1.36622	-0.412347	-0.0296808	-0.100439	-0.10939
-0.129604	-0.0265953	0.0209903	-0.00651936	-0.0907384	0.37584	-0.137097	0.00388897	0.0395774	-0.0497415
-0.000605201	0.00109821	-0.000657499	-0.000148383	-0.00185701	0.00646229	-0.0191804	0.0101899	0.0110396	-0.00634151
-2.93262e-05	-5.17853e-06	-2.04813e-05	-0.00014392	-0.000106306	-8.20966e-05	-4.28332e-06	0.00128634	-3.85444e-05	-0.000856198
0.0068504	0.000425114	-0.000619954	-0.00261925	-0.0256609	-0.00976261	-0.000198308	0.0901112	-0.0017599	-0.0567657
-0.00426251	-0.000167071	-0.00860633	0.0163889	-0.113447	-0.0203279	-0.001283	0.347007	-0.0114687	-0.203833
-0.00011624	-0.0333662	-0.0350582	0.243976	-0.0943805	-0.171567	-0.0661252	0.381168	-0.0198315	-0.204696
-0.154279	-0.0603722	-0.136285	0.213918	-0.236997	-0.0926158	-0.0387236	0.44322	0.0786553	-0.0165182
-0.127227	-0.121931	-0.0206437	-0.151483	-0.11673	-0.0490609	-0.0273232	0.142384	0.233277	0.238739
-0.0188217	-0.307771	-0.0701567	-0.302056	0.0417151	0.254396	-0.0706352	0.0133722	0.200115	0.259845
0.000868168	-0.29121	-0.253611	-0.544487	-0.00759041	0.181411	0.148382	0.148254	0.473853	0.144129
-0.0193647	-0.247533	-0.392135	-0.48796	0.128534	0.181938	0.0275479	-0.104577	0.320697	0.592855
-0.190637	-0.277082	-0.412906	-0.509811	0.370209	0.169316	0.133354	0.212561	0.365396	0.139594
-0.0622467	-0.154289	-0.744525	-0.362929	0.473086	0.105628	0.0342541	0.298438	0.219865	0.192716
-0.0770877	-0.121106	-0.661991	-0.166798	0.143314	0.0991807	-0.0501357	0.263405	0.209381	0.361836
-0.246006	-0.0800613	-0.783178	-0.025391	0.531077	0.23923	0.121418	-0.0585156	0.17292	0.128508
-0.0472073	0.357057	-0.88106	0.260572	-0.720662	0.548276	0.160492	0.0916206	0.233555	-0.00264344
-0.422756	0.727279	-0.53393	0.0847425	-0.815891	0.119836	-0.25403	0.429354	0.644257	0.0211384
-0.676058	0.764035	-0.449515	0.21076	0.307248	-0.18732	-0.579557	0.423117	-0.00644846	0.193738
-0.583367	0.211645	-0.157074	0.0175196	0.402752	-0.215698	-0.209963	0.399823	-0.173001	0.307364
-0.0380127	-0.0967169	-0.335332	0.309622	0.157871	-0.182819	-0.356669	0.306276	-0.176557	0.41234
-0.182351	-0.0260957	-0.0930799	0.0730625	-0.00524686	-0.0867116	-0.294658	0.47243	-0.159807	0.302459
0.019708	-0.184583	0.253749	0.0686987	-0.0412716	-0.356991	-0.21717	0.236436	0.0257161	0.195709
0.160565	-0.200653	-0.0907947	0.330049	-0.217936	-0.615007	-0.154603	0.333769	-0.0359541	0.490566
0.310754	-0.21844	-0.00827725	-0.0650822	-0.187726	-0.454723	-0.0442078	0.330206	0.0409085	0.296586
0.22698	-0.204171	-0.0793223	-0.0289086	-0.238379	-0.46841	-0.065351	0.263873	0.302944	0.290745
0.314926	-0.174373	-0.153986	-0.18981	-0.444117	0.136308	0.259629	-0.17503	0.471751	-0.0452966
0.357252	-0.155288	-0.138054	-0.19188	-0.412076	0.649054	-0.0591632	-0.158049	0.34143	-0.233219
-0.191069	-0.0881266	0.0673066	0.00216682	-0.186069	0.876728	-0.39071	-0.0661528	0.0891594	-0.113231
-0.0888331	-0.0267394	0.0276352	-0.00306428	-0.0315486	0.236064	-0.214402	-0.0120131	0.144954	-0.0320521
-0.000418685	0.0045041	-0.00121869	-6.67707e-05	-0.00135142	0.00442477	-0.0119732	0.00235578	0.00638028	-0.0026362
-1.45801e-06	-3.31359e-08	-9.68895e-06	-5.36585e-05	-1.7261e-06	-1.2542e-05	-1.7244e-08	0.00160513	-1.94363e-05	-0.00150657
6.75214e-06	-0.000204287	-4.32402e-05	-0.00278838	-0.0365238	-0.0134923	-0.000270484	0.0890399	-0.00103952	-0.0346847
-0.00478618	-0.00243405	-0.00176991	-0.00754465	-0.128548	-0.018731	-0.0012721	0.353893	-0.00773273	-0.181075
-0.0231682	-0.00312365	-0.125509	0.0400642	-0.180062	-0.0667589	-0.0572804	0.509556	0.0600068	-0.153723
-0.119856	0.00218184	-0.225042	-0.0260187	-0.330478	0.00973691	-0.0706301	0.467378	0.0145152	0.278216
-0.032925	-0.0608137	-0.504903	-0.239518	-0.0637104	0.0234852	-0.0318034	0.256953	0.289665	0.36357
0.199551	-0.113981	-0.858038	-0.363206	0.149239	0.295864	0.146617	0.0342942	0.133472	0.376189
0.0257966	-0.151631	-0.991617	-0.364794	0.290898	0.111302	0.230304	0.381159	0.264832	0.20375
-0.0624574	-0.178452	-0.527127	-0.402052	0.405229	-0.00753775	0.165574	0.448592	-0.0280088	0.186239
-0.0514708	-0.128291	-0.543449	-0.156412	0.25404	-0.0968781	0.231044	-0.00228608	0.12019	0.373512
0.00574169	-0.334837	-0.65081	0.1751	0.514601	0.265001	0.0122562	-0.0948148	-0.157085	0.264847
0.00692455	-0.471729	-0.608608	-0.0924413	0.533366	0.176358	0.293773	0.0392477	-0.0871298	0.210239
0.127462	0.0772279	-0.593514	0.0131343	0.90026	0.195153	0.191274	-0.670624	0.0780602	-0.318434
0.0032389	0.2317	-0.417276	0.0671886	-0.0695875	0.331988	0.189012	-0.875095	0.487374	0.0514562
-0.598578	0.924165	-0.463543	0.50909	-0.53328	-0.0932443	-0.265174	-0.0220847	0.274949	0.267701
-0.841743	0.478234	-0.476643	0.204998	0.19308	-0.00579303	-0.341098	0.391272	0.0808665	0.316831
-0.655691	0.128468	-0.218572	0.142776	0.323884	-0.342463	-0.0823708	0.461064	-0.0249151	0.267824
-0.0629283	0.13883	-0.327325	-0.0133797	0.0428789	-0.418634	-0.136649	0.424959	0.0670954	0.285158
-0.0289337	0.00211398	-0.243464	0.100757	0.00818329	-0.33457	-0.201788	0.361519	-0.0526733	0.388859
0.0723702	-0.1846	0.209649	-0.0799511	0.128066	-0.354212	-0.311296	-0.0863319	0.219566	0.386739
0.0529773	-0.138121	-0.0553483	-0.028158	0.12856	-0.435155	-0.160872	0.0639503	0.212931	0.359237
0.131806	-0.083354	-0.0046757	-0.538779	0.269235	-0.796238	0.0904026	0.123857	0.389657	0.418084
0.31475	-0.0801326	-0.0929275	-0.438842	0.105088	-1.09184	0.349064	0.0908589	0.40649	0.437496
0.42243	-0.0519471	-0.354077	-0.25493	-0.195339	-0.996916	0.66642	-0.172413	0.668667	0.268108
0.549412	-0.0548215	0.115413	-0.110562	-0.122382	-0.852291	0.281517	-0.1447	0.602108	-0.263688
-0.0197685	-0.0367146	0.266395	0.0137717	-0.0571547	0.0318238	-0.232592	0.0152748	0.146981	-0.128016
-0.0517539	-0.0251271	0.164267	-0.000460147	-0.0203442	0.138314	-0.226561	0.0318426	0.0324136	-0.0425909
-0.000291867	0.00324035	0.0167309	-8.6185e-05	-0.00805704	-0.00346536	-0.0115181	0.0149605	-0.0100302	-0.00148307
-6.45529e-09	4.77837e-05	-5.67749e-06	-1.61689e-05	-1.7672e-07	-1.64865e-06	-1.34979e-06	-8.16403e-06	-4.96224e-06	-9.62941e-06
0.000625151	-3.44657e-05	-3.34688e-05	-0.00150568	-0.0260428	-0.00228731	-0.000304563	0.0489469	-0.000227992	-0.0191358
-0.00219293	-0.000793656	-0.000746971	-0.00511084	-0.082737	-0.00500334	-0.000533984	0.215654	-0.00199786	-0.116537
-0.00673613	0.00912807	-0.155155	0.0100192	-0.142728	0.00386831	-0.0496313	0.397254	0.0368884	-0.102905
0.0046345	0.0257149	-0.491539	-0.194028	-0.140724	0.0902464	-0.0999019	0.271114	-0.0559763	0.590464
-0.0101206	-0.0449663	-0.789573	-0.255784	0.216897	0.189371	0.07164	0.107335	0.0779298	0.437271
0.27982	-0.0921748	-1.02399	-0.321525	0.429993	-0.0252576	0.394189	0.158953	0.0224392	0.17755
0.28515	-0.144752	-0.783701	-0.363784	0.30702	0.174151	0.0733876	0.15541	0.0185554	0.278562
0.0847999	-0.016011	-0.355842	-0.229511	0.359508	-0.0196959	0.0405591	0.00423403	-0.0890757	0.221034
0.0691585	-0.118452	-0.279571	-0.097712	0.392082	0.0276351	0.109435	-0.145143	0.0531165	-0.010551
0.147398	-0.641996	-0.180604	-0.157572	0.450766	0.183847	0.233946	0.00646412	-0.158531	0.116283
0.058688	-0.683132	0.0672378	-0.197923	0.578015	0.311756	0.00902755	-0.275315	0.119223	0.0124183
0.0958676	0.00202037	-0.10375	0.101681	0.417005	0.471791	0.115134	-1.06051	0.236755	-0.275998
-0.441011	0.282599	0.178131	0.393458	-0.287841	0.264252	0.0793398	-1.0646	0.493539	0.102132
-0.68798	0.61617	0.0784371	0.292253	-0.0849029	-0.103661	-0.19029	-0.111318	-0.0578304	0.249124
-0.850288	0.384122	-0.251847	-0.188176	0.381376	-0.254025	0.0650556	0.0305413	0.391166	0.292078
-0.616975	0.15271	-0.246396	0.079877	0.206251	-0.431848	0.0477662	0.187673	0.15129	0.469653
-0.204303	0.345489	-0.0931535	0.0793927	0.194755	-0.197245	-0.293413	0.0635913	-0.173185	0.278075
-0.0588244	-0.200913	-0.229089	0.239247	0.221966	-0.160691	-0.179848	0.0687977	0.0418243	0.25753
-0.0867847	-0.283647	-0.208102	-0.013594	0.124985	-0.0152099	0.0758468	-0.110299	0.0651868	0.451618
-0.293622	-0.176369	-0.192433	-0.497543	0.342791	-0.00695384	-0.106208	0.285252	0.277527	0.367559
-0.00689977	-0.119887	0.00845463	-0.516779	0.339088	-0.315685	0.227886	0.124123	-0.112384	0.372083
0.26126	-0.123333	-0.0626505	-0.602073	0.277629	-0.398855	0.420783	-0.0645971	0.0682737	0.223562
0.422111	-0.113664	-0.116714	-0.273583	-0.0428178	-0.702805	0.78908	-0.0389869	0.277903	-0.200524
0.427131	-0.100303	0.433818	-0.0853865	-0.209156	-0.712206	0.381944	0.0405107	0.20891	-0.385254
0.0907318	-0.0619198	0.546113	-0.00114281	0.00867237	-0.188642	-0.277627	0.0367942	0.0413238	-0.194302
-0.0154417	-0.031401	0.375848	-0.00129416	-0.0146891	-0.0110302	-0.223007	0.0036738	-0.0218971	-0.0607617
-0.00228556	-0.000598673	0.109374	-0.00320884	-0.0258449	-0.0305594	-0.0354	-0.00728979	-0.0022436	-0.00194369
-3.90889e-05	-1.03985e-06	-1.92766e-05	-0.00163699	-9.39e-05	0.00746709	-0.000106888	-5.43364e-05	-0.000230809	-0.00528477
-5.3788e-05	-1.01469e-05	-0.0115207	0.0122139	-0.0137774	-0.00102329	-1.34403e-05	0.0251558	-0.000775339	-0.0101957
-0.000695373	0.00105826	-0.00778512	0.00615665	-0.0343102	-0.00171123	-5.5275e-05	0.115211	-0.00111924	-0.0767494
-0.0664813	0.0173357	-0.13004	0.0243942	-0.0114044	0.022266	-0.022362	0.1984	-0.0102101	-0.0218975
-0.0344297	0.0274739	-0.327972	-0.101366	0.331447	0.0572369	-0.24277	0.102325	-0.140497	0.328557
0.251421	-0.061049	-0.590677	-0.31535	0.500935	-0.0292367	0.0247032	0.123798	-0.0163924	0.11185
0.185239	-0.112127	-0.276532	-0.405918	0.309247	-0.0642427	0.249294	-0.0518044	-0.114326	0.281169
0.427156	-0.163404	0.0321445	-0.365961	0.372994	-0.0140007	0.0307376	-0.0341937	-0.452296	0.166824
0.192854	-0.0270865	-0.0833828	-0.213057	0.340974	0.0909238	0.127709	-0.151605	-0.309352	0.0320225
0.242617	-0.246182	-0.097103	-0.09345	0.280373	0.108993	0.308452	-0.305388	-0.269581	0.0712684
-0.00768294	-0.673149	0.0553358	-0.147473	0.288198	0.286305	0.307466	-0.177271	-0.00591901	0.0741919
0.148281	-0.617604	0.0980569	-0.219318	0.36514	0.00832925	0.455119	-0.532829	0.274151	0.0206756
0.186281	0.0814048	-0.0503242	0.191951	0.264088	0.0563919	0.180113	-1.01506	0.228885	-0.123731
-0.288224	0.308764	0.295395	0.00152809	-0.272085	0.0195697	-0.0396616	-0.6257	0.482361	0.118051
-0.732746	0.567182	0.112702	0.12454	0.0144119	-0.0835209	-0.128607	-0.168225	0.249402	0.0448623
-0.709475	0.393532	-0.159615	0.0216428	0.187107	-0.103175	0.0738346	-0.108777	0.198717	0.206211
-0.7488	0.250897	-0.03788	-0.0247484	0.371176	-0.28455	0.175585	0.0153792	-0.0500662	0.333006
-0.184515	-0.163859	-0.2778	0.0863954	0.550957	-0.326032	-0.356315	0.275788	0.0970086	0.298374
-0.0934126	-0.558409	0.099073	0.0379007	0.222193	-0.174905	-0.14925	0.458595	-0.0781677	0.236383
-0.183275	-0.443502	-0.0540753	-0.130656	0.381062	-0.28421	-0.0145805	0.67249	0.0257468	0.0310001
0.021124	-0.261777	0.0559927	-0.306555	0.227449	-0.0403944	-0.121247	0.366982	-0.173868	0.232294
0.22127	-0.175272	-0.135726	-0.054454	0.0835439	-0.152905	0.114816	0.0689653	-0.166619	0.196379
0.152616	-0.126779	-0.102322	-0.295469	0.13791	0.0395026	0.343029	0.272502	-0.372639	-0.0483488
0.382772	-0.0925385	0.132727	-0.191721	-0.0522721	-0.10101	0.446379	0.275088	-0.327813	-0.471611
0.468359	-0.0484711	0.365551	-0.0275349	-0.214759	-0.245057	0.261678	0.0447524	-0.182883	-0.421632
0.0700356	-0.0346444	0.544068	-0.0249886	-0.080653	-0.240503	-0.103031	-0.0513847	0.0389461	-0.117844
-0.00764959	-0.00532524	0.331898	-0.0139603	-0.0684339	-0.0331729	-0.172985	-0.00593517	-0.00922751	-0.0152085
-0.000231007	-2.7348e-05	0.0110325	-0.00233626	-0.0028072	-0.00142928	-0.00366438	-8.89085e-05	-0.000410399	-3.7767e-05
-1.50547e-05	-4.32067e-07	-6.35835e-06	-0.000538086	-4.01713e-05	0.00239338	-3.55407e-05	6.92922e-05	-7.97969e-05	-0.00174723
-5.70577e-05	-7.40483e-06	-0.0247305	0.0275504	-2.72093e-05	-0.00104369	-6.71259e-06	-5.78564e-05	-0.0015848	-3.51507e-05
-0.00146635	0.00671469	-0.012077	0.029844	0.0163418	-0.00566526	-0.000274399	0.027432	-0.00215304	-0.0586964
-0.0835784	0.00376017	0.0302131	0.0259868	0.0750143	-0.0227798	-0.0740558	0.0864391	-0.0155493	-0.0254498
0.0998012	-0.00678853	0.0890231	0.0472881	0.23897	-0.049287	-0.372951	-0.00262899	-0.137989	0.0945664
0.376282	-0.10829	0.23878	-0.0647169	0.227618	-0.259062	-0.0670317	-0.122682	-0.264454	0.043558
-0.0152004	-0.194634	0.338153	-0.0663092	0.19563	-0.144587	0.215708	-0.0892711	-0.283189	0.0436983
0.340021	-0.158345	-0.00296738	-0.253941	0.357902	-0.204685	0.284067	-0.154857	-0.2553	0.048106
0.258757	-0.0824005	-0.103335	-0.314775	0.341693	0.0413614	0.225926	-0.329156	-0.136555	0.0984853
0.280511	-0.301337	-0.00428419	-0.292416	0.402497	0.152883	0.152903	-0.335459	7.59531e-05	-0.0553707
0.313334	-0.482348	0.0243643	-0.242169	0.311608	0.0988064	0.270955	-0.219202	-0.147032	0.0716856
0.0705936	-0.191792	-0.0856645	-0.0742777	0.392505	0.0605196	0.39751	-0.547084	-0.104601	0.0822898
-0.0788158	0.187563	-0.0426461	0.0498848	0.167184	0.157222	0.198334	-0.713125	0.15618	-0.0817819
-0.596282	0.451497	0.249672	0.0631932	-0.237063	-0.0197383	0.123855	-0.299548	0.393367	-0.128951
-0.853329	0.67933	0.141173	0.197483	0.0496204	-0.319995	0.233777	-0.355609	0.410658	-0.183106
-0.671445	0.0735495	0.0248154	0.18828	0.231038	-0.250249	0.0404872	0.0995078	0.0692084	0.194813
-0.477108	0.282836	0.00399978	-0.0697939	0.52652	-0.150972	-0.0900612	-0.172364	-0.0913297	0.238277
-0.257428	-0.522689	-0.124304	-0.0719852	0.502423	-0.279882	-0.0935565	0.592324	-0.157436	0.412534
-0.0823015	-0.577933	-0.160343	-0.184144	0.160372	0.263163	-0.113011	0.571468	-0.0159989	0.138731
-0.0516814	-0.497654	-0.0244419	0.0978929	0.221826	-0.0449782	0.0104109	0.325376	-0.123617	0.0868665
0.244202	-0.344991	-0.294782	0.317098	-0.0899453	-0.151864	0.119352	0.412674	-0.308536	0.096791
0.121573	-0.190528	-0.167727	0.204323	-0.0522584	-0.0252497	0.16368	0.3272	-0.295646	-0.0853664
0.189293	-0.150695	-0.304985	0.187695	0.175503	-0.0793737	0.00749921	0.408276	-0.209106	-0.224105
0.36245	-0.10114	-0.0259538	0.211584	-0.109854	0.0904204	0.151556	0.149096	-0.316953	-0.411204
0.356949	-0.0587645	0.581834	0.116776	-0.453244	0.0344811	0.173912	-0.0529354	-0.323324	-0.375678
0.0113719	-0.0283861	0.641689	-0.0555251	-0.189471	-0.146971	0.028034	-0.137673	0.00274953	-0.125815
-0.0130672	-0.00967785	0.337321	-0.0190234	0.0228662	-0.0533123	-0.169507	-0.0224386	-0.0235577	-0.0496034
-0.0018955	-0.00108988	0.0495339	-0.000715203	-0.00516979	-0.0212718	-0.0124103	-0.000569177	-0.0030185	-0.00339382
-1.28897e-05	-5.23338e-07	-2.65973e-07	-1.18986e-05	-5.38584e-05	-0.000294866	-3.09747e-06	0.000497622	-2.41277e-05	-9.60949e-05
-4.77173e-05	2.0051e-05	-0.0122121	0.0156954	-1.69341e-05	-0.000591282	-2.57676e-05	-0.00105825	-0.000827622	-0.00093576
-0.00453993	0.00549063	0.000103058	0.0752228	-0.0101506	-0.0206934	-0.00152789	-0.00298008	-0.00501013	-0.0359146
-0.0577433	-0.00367681	0.253204	0.140905	-0.0761881	-0.0096553	-0.117458	-0.0602409	-0.0138564	-0.0552885
0.158992	-0.0199251	0.349412	0.305457	-0.184493	-0.0579459	-0.382288	-0.0431876	-0.184489	0.0584714
0.449528	-0.141881	0.248054	0.155762	-0.0894068	-0.14384	0.0319906	-0.18386	-0.325022	-0.00132224
0.244002	-0.310176	0.400391	-0.0904476	0.0803955	-0.168859	0.292028	-0.0740275	-0.180881	-0.192424
0.190452	-0.299527	0.051322	-0.243864	0.359641	-0.512777	0.429416	0.107833	0.022689	-0.105184
0.325985	-0.241403	-0.181134	-0.418029	0.376054	-0.301025	0.305049	-0.12643	0.0718815	0.189051
0.28393	-0.0981585	0.158929	-0.126878	0.235808	-0.394036	0.329541	-0.182615	0.0433127	-0.249835
0.249446	-0.114215	0.15687	-0.19291	-0.0662345	-0.103578	0.387261	-0.48394	0.13843	0.0288744
0.124871	-0.129076	0.219158	-0.0336181	-0.0940894	-0.134124	0.688704	-0.753477	0.00188607	0.109765
-0.259987	-0.195863	0.29426	0.0365458	0.0556946	-0.00726938	-0.0421221	-0.266575	0.484092	-0.098775
-0.79839	0.436581	0.41721	0.322124	-0.0237316	-0.095957	0.0201773	-0.161771	0.156057	-0.2723
-0.666103	0.712005	0.144006	0.0115782	0.306301	-0.334895	0.194714	-0.425391	0.0843929	-0.026608
-0.409849	-0.0605263	-0.0906683	-0.193362	0.514808	-0.135595	0.103063	0.16245	0.0805896	0.0290909
-0.283382	-0.0248598	0.209907	-0.383042	0.400899	-0.261924	-0.0455835	0.0604181	0.10418	0.223388
-0.0321392	-0.802915	0.369484	-0.0732365	0.291943	-0.180982	-0.2165	0.335693	0.0499912	0.258662
-0.00224364	-0.591682	0.0510148	0.313556	0.185758	-0.142312	0.116375	0.133726	-0.202326	0.138135
0.0274285	-0.431396	-0.0292029	0.343434	0.0905765	0.0466762	0.240069	0.302908	-0.448826	-0.141665
0.277831	-0.274354	-0.168181	0.176808	0.259399	0.088005	0.0104281	0.238645	-0.498675	-0.109904
0.167579	-0.171087	0.311711	0.101032	0.149859	-0.050567	0.0641274	0.261094	-0.488576	-0.345174
0.180773	-0.16459	0.223547	0.271879	-0.12155	0.190093	-0.0855194	-0.00839923	-0.332541	-0.153692
0.200172	-0.142492	0.250526	0.417348	-0.252369	0.160682	-0.0215898	-0.114096	-0.0395205	-0.458661
0.0733174	-0.0538815	0.598923	0.293651	-0.307859	-0.0136907	0.108179	-0.127245	-0.211757	-0.359632
-0.0830704	-0.0660067	0.955352	-0.100261	-0.150586	-0.144309	-0.0367916	-0.133439	-0.118375	-0.122511
-0.0395526	-0.0330503	0.511603	-0.0206591	-0.0949781	-0.0856156	-0.137904	-0.0168865	-0.0510804	-0.0318751
-0.00165014	-0.000655314	0.078847	-0.00113633	-0.00349108	-0.039148	-0.0282424	-0.00121869	-0.00285412	-0.000450993
0.0	0.0	0.0	0.0	0.0	0.0	0.0	0.0	0.0	0.0
-6.00899e-05	0.000379162	-0.00473042	0.00591012	-1.25209e-05	-0.000469877	-2.41359e-05	-8.23e-05	-0.000701555	-0.000208385
-0.0115108	-0.000197699	0.043664	0.0720924	-0.00625193	-0.0324321	-0.00309679	-0.00238555	-0.00512274	-0.0547587
-0.0483709	-0.00767747	0.256166	0.328115	-0.217785	0.014854	-0.112094	-0.0650624	-0.037546	-0.110596
0.114409	-0.0392137	0.43483	0.384757	-0.135947	0.0598313	-0.422932	-0.0195096	-0.174504	-0.201718
0.343024	-0.266885	0.36521	0.0896148	-0.161822	0.230386	-0.0475521	-0.0727633	-0.253546	-0.225665
0.310213	-0.454862	0.262024	-0.0376909	-0.0410112	0.414885	0.102547	-0.21916	-0.11399	-0.222955
0.250078	-0.418374	0.123369	-0.0155808	0.188966	-0.280461	0.2535	-0.284346	0.105655	0.0771938
0.120434	-0.254127	0.0867082	-0.227874	0.265353	-0.34217	0.352048	-0.21013	0.0971062	0.112649
0.273498	-0.142743	0.147053	-0.553208	0.142566	-0.264044	0.375329	-0.237138	0.355452	-0.0967643
0.421336	0.0831803	0.384111	-0.591612	0.0117129	-0.384826	0.616449	-0.587361	0.00793381	0.0390772
0.106222	-0.158893	0.342773	-0.42143	-0.0894142	-0.309145	0.562551	-0.284451	0.268451	-0.0166627
-0.130443	0.0860747	0.376475	-0.271346	-0.00867366	-0.489021	0.0846963	-0.0352408	0.288757	0.0987226
-0.668323	0.460166	0.298319	-0.204389	0.184666	-0.464072	0.120642	0.0512598	0.223183	-0.00145215
-0.62186	0.546707	0.0604225	-0.398781	0.53886	-0.294759	0.148249	0.045617	0.0731321	-0.0975847
-0.331907	0.0140245	0.158981	-0.43518	0.336217	-0.0596782	0.0488617	0.0676852	-0.110844	0.31184
-0.0654369	-0.37346	0.0564439	0.0424176	0.281014	-0.00227187	-0.087922	-0.0866291	0.21883	0.0170174
0.13771	-0.661651	-0.179525	0.278578	0.232186	0.159183	0.0645437	0.00140015	-0.0782788	0.0458571
-0.0528149	-0.3707	0.0472743	0.0449217	0.27491	0.275318	0.186028	0.0868437	-0.387175	-0.104606
0.095801	-0.244001	0.0173314	0.321029	-0.136541	0.0967464	0.178936	-0.0703381	-0.0609359	-0.198029
0.194455	-0.180378	-0.0706978	0.0141206	0.0605292	0.051565	0.042204	0.102804	-0.0547329	-0.159868
-0.0328558	-0.110461	0.0637038	0.0922649	0.139562	0.0232684	0.119847	0.0305268	-0.0972199	-0.228637
0.196387	-0.0398576	0.119295	0.294633	-0.182561	-0.0284512	0.0960802	0.0266883	-0.165431	-0.31678
0.0786225	-0.0615666	0.00192518	0.403339	-0.217711	0.140209	0.0508562	-0.0843067	0.154779	-0.466144
0.00223343	-0.0319823	0.517003	-0.0669256	-0.273299	0.065178	0.0881553	0.0640341	-0.00117784	-0.363215
-0.0366309	-0.0923329	0.985588	-0.185103	-0.216686	-0.176147	-0.0106122	0.0294971	-0.218027	-0.0795419
-0.0186353	-0.00922391	0.256799	-0.0178614	-0.0513062	-0.0355245	-0.0882074	0.023477	-0.0436931	-0.0158241
0.0203561	-0.000944396	0.0245408	-0.000889484	-0.0218472	-0.00590041	-0.0102482	-0.00298058	-0.000704889	-0.00138167
-3.04771e-05	-1.18006e-05	-1.68636e-05	-0.000552141	-0.00493623	-0.000257158	-4.85949e-06	0.00493779	-0.000199179	0.00107092
-1.3286e-05	8.69362e-05	-0.000218841	0.000545253	-2.37902e-06	-0.000242593	-5.44345e-06	-1.81117e-06	-0.000104911	-4.29255e-05
-0.0100517	-0.000669048	-0.0082428	0.0730152	-0.00872581	-0.0209583	-0.00236052	0.0132066	-0.00468725	-0.0305263
-0.0981396	-0.00916553	0.126926	0.513682	-0.14388	0.00121161	-0.0825295	-0.0259621	-0.115021	-0.167118
0.0393753	-0.0852186	0.480237	0.32017	-0.049218	0.27057	-0.345996	-0.0972831	-0.272537	-0.260095
0.0822434	-0.337003	0.583614	0.300318	-0.0805052	0.275563	-0.278483	-0.127834	-0.0924852	-0.325429
0.115537	-0.610413	0.191033	0.185895	-0.0801623	0.537888	0.0433135	-0.382474	0.0830096	-0.0836243
0.0885901	-0.44041	0.436144	-0.143876	0.0501724	0.162723	0.25579	-0.341249	-0.0121958	-0.0556898
0.26869	-0.103613	0.0711191	-0.120372	0.127967	-0.0305415	0.179481	-0.302648	0.0473097	-0.137393
0.313026	-0.00911153	-0.0188891	-0.38711	0.11686	-0.192489	0.329645	-0.340698	0.271433	-0.0826679
0.385419	-0.188415	0.273242	-0.440151	-0.260062	-0.169126	0.278345	-0.376684	0.259787	0.237646
0.0913414	-0.169405	0.174552	-0.406776	-0.0680641	-0.100112	0.189914	-0.138552	0.271856	0.155247
-0.30999	-0.00104995	0.338003	-0.51202	0.215235	-0.109527	0.660237	-0.175497	0.188325	-0.293718
-0.618516	0.0996051	0.324083	-0.325038	0.337135	-0.0714548	0.38237	0.088372	0.00198583	-0.218538
-0.482159	0.213649	0.126189	-0.258527	0.349616	0.0177271	0.0358709	-0.0769027	-0.126922	0.201459
-0.171523	-0.25343	-0.0615054	0.168841	0.205664	-0.0394582	0.0947917	-0.0945257	-0.0238299	0.174977
-0.0169179	-0.431547	0.110395	0.407862	0.291579	-0.0295784	0.230375	-0.20476	-0.210703	-0.146703
0.00260866	-0.16102	0.252294	0.184525	-0.200305	0.12936	0.261611	-0.117885	-0.255147	-0.0960402
-0.00777529	0.0109111	0.0783483	0.151692	-0.0623909	-0.118606	0.23895	-0.109328	-0.0482341	-0.133566
-0.05113	-0.0340395	0.0974008	0.168679	-0.147399	0.108102	0.00910209	-0.0363322	-0.0329602	-0.0814218
-0.172909	0.0387459	-0.0380643	0.0975032	-0.00629385	0.0793053	0.00230574	-0.0300823	0.0466867	-0.0171985
-0.0527972	-0.0034901	0.112967	0.351918	0.0241385	0.0163727	0.102515	-0.144193	-0.187893	-0.219537
0.245808	-0.0716022	0.100959	0.432182	-0.374004	0.106266	0.0629256	-0.198577	0.0300075	-0.333963
0.108465	-0.0792538	0.441566	0.189019	-0.254898	0.169192	0.0851542	-0.372226	0.152617	-0.439631
-0.0249633	0.00542501	0.77365	-0.229059	-0.229582	0.201424	0.0458863	-0.198836	-0.0493911	-0.294551
-0.0322233	0.0280334	0.663879	-0.113476	-0.197389	-0.105618	0.0357376	-0.0164013	-0.190883	-0.0716595
-0.00923404	0.0131496	0.0819851	-0.0139891	-0.015705	-0.0259466	-0.027401	0.0242763	-0.0234382	-0.00369698
-0.00585508	-8.53774e-06	0.0337956	-0.000205123	-3.40499e-05	-0.0133813	-0.0135606	-1.71141e-05	-0.000349769	-0.000383943
-1.98312e-09	6.1564e-05	-4.18532e-05	-3.86396e-06	-1.12129e-08	-1.05466e-07	-2.56675e-07	-5.6071e-07	-1.45908e-05	-3.19808e-07
0.00591275	0.000313081	-0.00211532	-3.80618e-05	-0.00874495	-0.000666858	-0.000628235	0.0185281	-0.000805956	-0.0117545
-0.00527629	-0.000918686	-0.00949183	0.058878	-0.00452786	-0.0177716	-0.00269063	0.0126179	-0.00830248	-0.0225165
-0.0737751	-0.0115685	-0.0381686	0.535957	0.0167538	0.0151296	-0.0807737	-0.0688253	-0.162631	-0.132095
-0.0138503	-0.133932	0.291657	0.370953	-0.0639413	0.310726	-0.217387	-0.074453	-0.24394	-0.225829
0.0704273	-0.464503	0.187831	0.454937	0.0534658	0.246978	-0.243149	-0.185773	0.0956774	-0.21589
0.177983	-0.317544	0.104336	0.130734	-0.0536672	0.337983	-0.0225285	-0.34959	0.115773	-0.123481
0.16123	-0.0166928	0.354817	-0.0643391	-0.0994362	0.0671721	0.165787	-0.468182	-0.0441634	-0.056193
0.204847	-0.0424066	0.19475	-0.0478004	-0.264699	0.272585	0.0259189	-0.289123	0.0993981	-0.15347
0.114156	0.066474	0.267047	-0.0341089	-0.408863	0.0437825	0.302143	-0.308193	0.283128	-0.325567
0.276663	-0.118987	0.358728	-0.0656298	-0.475212	0.0343156	0.430741	-0.481298	0.233787	-0.19311
0.331389	-0.0832573	0.207744	-0.222872	-0.142928	0.0307601	0.664913	-0.255249	-0.18289	-0.347607
0.203629	-0.0919034	0.200866	-0.266328	-0.455085	0.0825612	0.591506	-0.106614	0.0107283	-0.16936
-0.147329	0.181464	0.394761	-0.131927	-0.160427	0.0913706	0.198236	-0.0656003	-0.17241	-0.188137
-0.250401	-0.124119	0.0571152	0.00049725	0.248364	-0.0289875	0.330236	0.173406	-0.151497	-0.254612
-0.149543	-0.00355317	0.185031	0.0337614	0.0159807	0.0506616	0.278163	-0.153994	-0.0207752	-0.235731
-0.147688	0.200296	0.263785	0.151804	-0.0633887	-0.0809411	0.242849	-0.377012	-0.027735	-0.161968
0.0311465	-0.0150959	0.27482	0.32269	-0.213411	-0.113638	0.204823	-0.337316	0.0433057	-0.197321
-0.00348066	0.101128	0.107478	0.273434	-0.19066	0.00474683	0.102815	-0.419938	0.145073	-0.120595
-0.117949	0.144451	-0.0608727	0.17259	-0.265452	0.00715916	0.15849	-0.120894	0.0648589	0.0176205
-0.005247	0.0563238	0.131374	0.0121718	-0.207512	0.215714	0.0628198	-0.287088	0.0349837	-0.0135425
0.0840023	0.00326848	0.239761	0.280395	-0.0875996	0.143752	0.185301	-0.476607	-0.0878	-0.284472
0.264145	-0.0677302	0.368838	0.127353	-0.507463	0.130778	0.187788	-0.455031	0.253709	-0.302386
0.0365832	-0.0420819	0.36619	0.156227	-0.360071	0.229164	0.0699703	-0.416892	0.197499	-0.236584
0.0231823	0.0517861	0.407738	-0.13598	-0.221983	0.225503	-0.0150194	-0.10589	-0.0847929	-0.144539
-0.0478763	0.0724009	0.524343	-0.0650096	-0.0997482	-0.0315258	-0.100123	-0.0324789	-0.173358	-0.0466224
-0.0100001	0.0129066	0.159628	-0.0102786	-0.00269055	-0.0479992	-0.0560605	-0.00302385	-0.026374	-0.0161074
-0.00180741	4.92322e-05	0.0147705	-9.91364e-05	-1.84367e-07	-0.00402283	-0.00878975	-4.7735e-07	-9.97123e-05	-2.43303e-07
0.0	0.0	0.0	0.0	0.0	0.0	0.0	0.0	0.0	0.0
0.0148928	-4.7131e-05	-0.00471034	-0.000333329	-9.51531e-05	-0.000684868	-0.00157541	-0.000217424	-0.00170406	-0.00552508
-0.00612186	-0.00685251	0.0273635	0.0405221	0.000940698	-0.0069912	-0.0027629	-0.0103985	-0.0150614	-0.0206379
-0.0639831	-0.0261255	0.0878168	0.433577	-0.0255222	0.044452	-0.0573727	-0.108489	-0.164566	-0.119787
0.0432727	-0.0822353	0.3408	0.466883	-0.0951956	0.113797	-0.194675	-0.241368	-0.216244	-0.135031
0.210901	-0.330781	0.294994	0.273533	-0.188896	0.397754	-0.274773	-0.299749	-0.0720746	-0.0109075
0.188944	-0.0453173	0.262604	0.381274	-0.23486	0.217826	-0.188616	-0.44684	0.0740847	-0.209101
0.141166	0.0307547	0.549108	0.176695	-0.433506	-0.132742	0.187713	-0.480865	0.380334	-0.418658
0.182329	0.20824	0.273507	0.182024	-0.546326	0.237086	-0.031067	-0.284671	0.0705483	-0.291673
0.185827	0.10966	0.278024	0.313326	-0.425579	0.228458	0.267981	-0.377148	-0.0914814	-0.489066
0.278954	0.203188	0.290715	-0.0376835	-0.425712	0.0108231	0.476757	-0.314653	0.129617	-0.612006
0.40605	0.238833	0.422833	-0.187222	-0.162455	0.115958	0.356779	-0.324555	-0.200125	-0.666095
0.443967	0.0878292	0.250972	-0.468614	-0.227719	0.0485711	0.517494	-0.114031	0.0637036	-0.602172
0.171155	-0.118534	0.0605101	-0.117792	-0.387293	0.0879022	0.279453	0.0457679	0.124464	-0.145633
-0.000644559	-0.0101686	-0.0617509	0.085946	-0.0996602	-0.104195	0.665634	0.0930534	-0.263095	-0.305117
0.00421205	-0.0245552	0.0571968	-0.0778636	-0.0345545	0.0311269	0.35497	-0.217191	0.169051	-0.262393
-0.0957773	0.277715	0.0678077	0.0746394	0.0922609	0.146381	0.159601	-0.387185	-0.222205	-0.113237
0.0178659	0.30322	-0.104552	0.200497	0.0355382	0.1938	0.0737898	-0.514557	-0.075481	-0.13012
-0.0956571	0.371607	0.131557	0.30122	-0.115496	0.171642	0.273555	-0.724047	-0.0520475	-0.262333
-0.0904903	0.328836	0.285184	0.116422	-0.279146	0.140128	0.0600618	-0.458914	-0.0179363	-0.0841457
-0.0563079	0.174136	0.241066	0.226651	-0.16548	0.0117863	0.22877	-0.638998	0.167898	-0.189521
0.0732629	0.0196385	0.329481	0.10045	-0.0713368	0.156984	0.0837421	-0.617816	0.261002	-0.335407
0.139096	-0.0588104	0.296851	0.00995415	-0.310785	0.475416	-0.0673756	-0.527735	0.284573	-0.241181
-0.0585619	-0.0602353	0.31741	0.0801748	-0.291304	0.190193	0.0366396	-0.279736	0.14835	-0.082926
-0.0249163	-0.0229075	0.462412	-0.0968789	-0.150434	0.105069	-0.0655765	-0.0541337	-0.17465	0.022021
-0.0406161	0.0116186	0.244034	-0.0380251	-0.099524	0.0777217	-0.0450948	-0.039432	-0.110641	0.0399589
-0.00160728	0.0143544	0.0455199	-0.00283623	-0.000709272	-0.00694975	-0.0107548	-0.00193189	-0.0237352	-0.0113499
-2.11459e-05	0.000190515	-0.000155665	-4.67102e-05	-3.63249e-05	0.000460295	-4.75172e-06	-3.19813e-05	-0.000321362	-3.28691e-05
-2.22488e-08	0.000113876	-5.27863e-05	-1.8344e-05	-4.77274e-07	-6.86215e-07	-8.08414e-07	-7.70448e-06	-3.13152e-05	-1.73236e-06
-5.77183e-05	1.24906e-05	0.000167318	0.000807493	-3.07782e-06	-0.000297688	-3.27205e-05	-0.000232855	-0.000118685	-0.000244557
-0.0190195	-0.0118042	0.0623769	0.0693723	-0.000589282	-0.0170313	-0.00198059	-0.0495619	-0.0145228	-0.0172393
-0.0426305	-0.0132869	0.16533	0.278955	-0.0642013	0.0636152	-0.0377257	-0.145321	-0.109974	-0.0947572
-0.0625201	0.0824633	0.203246	0.289462	-0.108607	0.252032	-0.174915	-0.258989	-0.0939235	-0.128244
0.127208	0.355636	0.188108	0.042708	-0.120792	0.122572	-0.270146	-0.3125	-0.0837128	-0.0490794
0.141951	0.278454	0.182925	0.223279	-0.365099	0.171983	-0.3616	-0.402488	0.268843	-0.13825
0.11853	0.126777	0.167466	0.196251	-0.424702	0.282613	-0.0699376	-0.443017	0.322687	-0.276667
-0.0381027	0.191361	0.00747847	0.167299	-0.119107	0.161827	0.173232	-0.270177	-0.0392889	-0.234525
0.0592046	0.0399926	0.287941	-0.257601	-0.164286	0.155857	0.22948	-0.369924	0.212081	-0.192746
0.24706	0.277476	0.148317	-0.126242	-0.219009	0.0647105	0.253441	-0.21877	-0.141538	-0.285447
0.346359	-0.118231	0.131842	-0.136211	-0.05337	0.210109	0.329937	-0.259443	-0.0275548	-0.423437
0.335977	-0.182137	-0.0084523	-0.067435	-0.110003	0.0992014	0.583763	-0.116783	-0.16829	-0.36584
0.122425	-0.213364	0.165557	-0.0346375	-0.223168	0.0654187	0.565375	-0.18402	0.0776912	-0.341277
0.00303373	0.145963	0.142372	-0.105038	-0.130796	0.130936	0.606811	-0.307207	-0.108155	-0.377916
0.0226319	0.0735364	-0.0195377	0.0100058	0.0954745	0.085186	0.264912	-0.146782	-0.0510652	-0.334362
0.0308803	-0.0250364	0.14192	0.107966	-0.114971	-0.0239893	0.260414	-0.0481311	-0.152593	-0.176458
-0.17522	0.0743278	0.295423	0.0136352	0.0380229	0.113612	0.380059	-0.371822	-0.0185317	-0.349506
-0.187937	0.397836	0.340225	0.197071	-0.16869	-0.0114882	0.281886	-0.436284	-0.0660827	-0.346541
-0.243287	0.263505	0.450161	0.260264	-0.0266967	-0.0272323	0.129802	-0.455258	-0.0533815	-0.297878
-0.112978	0.343669	0.0726868	-0.00962755	-0.0140282	0.25147	0.084532	-0.53582	0.141287	-0.221188
0.00662919	0.194457	0.176877	-0.119571	0.0265636	0.395804	-0.0257475	-0.580332	0.0440645	-0.118742
0.0213501	-0.16844	0.361206	-0.0489854	-0.112764	0.421478	0.0625136	-0.494283	0.155499	-0.19757
0.0100212	-0.121654	0.487803	-0.14711	-0.0808145	0.215136	-0.0201728	-0.282584	-0.0301264	-0.0304942
-0.0461294	0.0159531	0.3458	-0.136263	-0.106332	0.134368	-0.0329091	-0.0520697	-0.21942	0.0970041
-0.0226829	0.00201688	0.141699	-0.028597	-0.0886889	0.117217	-0.0365753	-0.0228151	-0.0730536	0.0114814
0.0198244	-0.000859239	0.0144027	-0.00388738	-0.00168594	0.00297211	-0.00307004	-0.0020234	-0.00753228	-0.0181409
5.24424e-06	-4.486e-11	-1.08559e-06	-3.09558e-07	-3.83465e-09	-1.54072e-06	-2.35347e-07	-7.69598e-09	-2.04573e-06	-1.57456e-08
-2.15535e-08	0.000110318	-5.11367e-05	-1.77707e-05	-4.62359e-07	-6.64771e-07	-7.83151e-07	-7.46371e-06	-3.03366e-05	-1.67822e-06
-9.02433e-07	3.25134e-05	-1.78363e-05	2.94292e-05	-1.90056e-07	-1.01425e-05	-2.561e-07	-1.3293e-05	-1.14886e-05	-7.83354e-06
-0.00380435	-0.0114215	0.046024	0.0796579	-0.000407829	-0.0116907	-0.000231468	-0.0677774	-0.0108847	-0.019464
-0.0542761	-0.0136223	0.130391	0.225196	-0.0650549	0.0326661	-0.0157799	-0.147037	-0.0414682	-0.0510132
-0.236319	0.137158	0.195853	0.207082	-0.0987115	0.252658	-0.0832469	-0.192603	-0.0747925	-0.107074
-0.0488647	0.694241	0.181602	0.064624	-0.154578	-0.0404739	-0.180409	-0.106642	-0.139218	-0.27028
0.0361015	0.454178	0.339062	0.141571	-0.218856	-0.175793	-0.34618	-0.116603	0.0804662	-0.193945
0.0711849	0.108262	0.315811	0.0843149	-0.26263	-0.00275122	-0.26804	0.0405753	0.183612	-0.27034
0.184526	0.0675081	0.368183	-0.0907856	-0.214806	0.0935263	-0.149401	-0.104655	-0.0745182	-0.0795792
0.168835	0.111115	0.321341	0.000483385	-0.259936	0.0472679	0.0559339	-0.23948	-0.0577799	-0.147781
0.164575	-0.0959742	0.105001	0.0402094	-0.156783	-0.0724251	0.133596	-0.127742	0.025606	-0.0160622
0.195546	-0.39237	0.176729	0.155467	-0.130404	0.0778282	0.0192475	-0.2953	0.202872	-0.00961584
0.17738	-0.550639	0.148392	-0.0516605	-0.192334	0.13	0.278082	-0.0842852	0.134558	0.0105057
0.495312	-0.37848	0.0583468	-0.10338	-0.0991692	0.251482	0.253573	-0.387391	0.125341	-0.215638
0.141939	-0.108886	-0.0259756	-0.106206	-0.189047	0.166521	0.0161924	-0.127535	0.222996	0.0100031
0.118822	0.0158386	-0.105688	0.0715685	-0.163495	0.0699198	0.227886	-0.0424997	0.0685572	-0.26091
0.0426915	0.0199562	0.000532688	0.0684461	-0.132928	0.133569	0.17222	-0.0526673	-0.0622842	-0.189535
0.0619104	0.252209	-0.0160226	0.140139	0.00486911	-0.0117794	0.0627695	-0.268469	0.0586279	-0.284253
-0.0947027	0.426472	0.154539	0.0625282	-0.0482499	0.124432	-0.0287779	-0.305569	-0.00198216	-0.288689
-0.123241	0.262702	0.270979	0.1887	0.238409	0.134299	-0.02843	-0.302106	-0.153636	-0.487675
-0.187336	0.243786	0.301019	0.143555	0.0569404	0.134469	0.0848573	-0.50588	-0.0957768	-0.175633
-0.0925883	-0.00771187	0.244728	-0.0504163	0.28809	0.073291	0.0719867	-0.553345	0.106973	-0.0810055
0.0361133	-0.163983	0.37038	0.039975	0.000517317	0.181749	-0.0946599	-0.382211	-0.0183193	0.0304419
0.0503361	-0.0840442	0.256635	-0.0791141	-0.111046	0.202978	-0.113124	-0.269633	0.00470862	0.142308
-0.0316505	-0.0132115	0.212743	-0.0966437	-0.0909626	0.137884	-0.0524827	-0.0498894	-0.096878	0.0810927
-0.0156041	-0.00268707	0.0760985	-0.0249609	-0.0584355	0.075207	-0.0147054	-0.0226754	-0.0302496	0.0180128
0.00210342	0.00443538	-0.0204378	-7.84242e-06	0.00350154	0.020689	-0.000116329	-0.000956937	-0.00399788	-0.00521254
9.68168e-06	-8.28184e-11	-2.00416e-06	-5.71491e-07	-7.07935e-09	-2.84441e-06	-4.34487e-07	-1.4208e-08	-3.77674e-06	-2.90688e-08
0.0	0.0	0.0	0.0	0.0	0.0	0.0	0.0	0.0	0.0
0.0	0.0	0.0	0.0	0.0	0.0	0.0	0.0	0.0	0.0
-0.000326124	-0.000178323	0.00150249	0.06997	-0.000155683	-0.000715547	-3.02647e-05	-0.0503845	-0.00241692	-0.0172651
-0.0270974	-0.0492206	-0.0279662	0.242566	-0.013708	0.0393788	-0.00189725	-0.113501	-0.0331458	-0.0154079
-0.173579	-0.00681195	0.000493072	0.343512	-0.0481776	0.167563	-0.0158227	-0.0161196	-0.114249	-0.136808
-0.189545	0.396589	-0.0493694	0.32848	-0.0949055	0.175004	-0.0539594	0.0953387	-0.385864	-0.221765
-0.0865661	0.365685	0.00107634	0.283925	-0.0640026	-0.0320291	-0.128357	0.255266	-0.363556	-0.231439
0.0983009	0.097368	0.101048	0.246891	-0.0597938	-0.185738	-0.26015	0.320153	-0.152547	-0.205533
0.158961	-0.0284375	0.169752	0.00249523	-0.0531806	0.117038	-0.29438	-0.294518	0.239274	-0.0170048
0.263891	0.0464131	0.195109	0.179262	-0.0383333	0.0879099	-0.323458	-0.158026	0.0441609	-0.29693
0.343798	-0.0740647	0.0169517	0.113857	-0.0211012	0.253852	-0.407562	-0.137152	-0.0690571	-0.0195198
0.345201	-0.0921023	0.238399	0.206234	-0.025874	0.0421005	-0.310922	-0.330702	0.0508464	-0.123182
0.23027	0.159508	0.150347	-0.20448	-0.146349	0.13116	-0.086676	-0.297187	0.151713	-0.0883053
0.263224	-0.078776	-0.0878124	0.105363	-0.0773897	-0.043339	-0.0647949	-0.292631	0.410848	-0.134692
0.269349	-0.230648	-0.034414	-0.178895	-0.0273365	0.125605	0.0176335	-0.139401	0.17871	0.0193957
0.199845	0.0915006	-0.0720103	-0.0545294	-0.0787176	-0.0171736	-0.0174141	-0.00258275	0.153084	-0.202001
0.01063	0.0614218	-0.00125522	-0.276802	0.142007	0.182729	-0.0992102	-0.178068	0.320032	-0.161484
0.0527924	0.257922	-0.0423874	0.0723458	0.00913705	-0.0382589	-0.0716599	-0.146999	0.0774318	-0.170326
-0.329138	0.0261933	0.284538	0.296879	0.221299	-0.281959	0.0133446	-0.263694	0.177786	-0.14525
-0.372422	0.0381903	0.460242	-0.0151402	0.210356	-0.0576585	0.0527712	-0.407885	0.159092	-0.0675469
-0.348197	-0.0709855	0.379979	0.0316671	0.222047	0.0770352	0.0199908	-0.509541	0.189941	0.00806642
-0.169503	-0.149007	0.431574	-0.0496698	0.237611	-0.0191325	-0.0462855	-0.495025	0.0485398	0.210902
-0.0596771	-0.1173	0.365238	-0.134287	-0.0800943	0.0474562	-0.0464612	-0.319521	0.012695	0.331955
-0.0365536	-0.0954349	0.234941	-0.0769128	-0.131463	0.125798	-0.0438661	-0.277254	0.0639449	0.236804
-0.052339	-0.0229838	0.193355	-0.0387352	-0.0879599	0.0891797	-0.0297345	-0.0815502	-0.0619342	0.092703
-0.010359	0.000518118	0.0756842	-0.0224146	-0.00280802	0.0275116	-0.00785097	-0.0260852	-0.0236785	-0.0105176
-1.63341e-05	0.0190266	-0.0146147	0.00736188	0.00358938	0.0121038	-0.000135583	-0.000770972	-0.0168072	-0.00973694
0.0	0.0	0.0	0.0	0.0	0.0	0.0	0.0	0.0	0.0
0.0	0.0	0.0	0.0	0.0	0.0	0.0	0.0	0.0	0.0
0.0	0.0	0.0	0.0	0.0	0.0	0.0	0.0	0.0	0.0
-0.0015033	-9.56542e-06	-0.00201228	0.0327305	-1.11031e-05	-0.000448981	-3.93869e-06	-0.0241857	-0.000121574	-0.00443405
-0.00250079	-0.0332688	-0.0713354	0.145487	-0.000329401	0.0387842	-0.000156621	-0.0096117	-0.0537198	-0.0133487
-0.0160377	-0.0598101	-0.121911	0.274487	-0.0207216	-0.00544856	-0.00291132	0.117395	-0.189364	0.0243229
-0.0809863	0.0466414	-0.240321	0.278142	-0.0207524	-0.00385652	-0.0195328	0.374221	-0.372639	0.0390872
-0.111885	0.0421622	-0.349738	0.511309	-0.0317318	-0.0485854	-0.0344624	0.403336	-0.414136	0.0337341
-0.161458	-0.070611	-0.322463	0.497788	-0.0380413	0.0437096	-0.0765411	0.252609	-0.260591	0.1356
-0.115599	-0.189798	-0.179629	0.195676	-0.0679613	0.133045	-0.148834	0.129045	0.186568	0.0574896
-0.0643008	-0.190176	-0.0638198	0.198755	0.0141511	0.385014	-0.221916	0.0215782	0.0639372	-0.143221
-0.0323725	-0.265241	-0.172152	0.387758	0.00720634	0.1941	-0.299334	0.0854556	0.0546701	0.0399085
-0.0169048	-0.309973	-0.110416	0.353584	0.132777	0.157437	-0.424348	-0.0161161	0.358179	-0.124219
0.236838	-0.276728	0.0818022	0.207585	-0.161108	0.219719	-0.375924	-0.00838966	0.27398	-0.197775
0.222186	-0.355607	0.0265362	0.310245	-0.191989	0.362676	-0.403805	0.141772	0.1493	-0.261315
0.126232	-0.358076	0.259366	0.307483	-0.117403	0.282658	-0.353943	-0.00618708	0.207333	-0.347461
-0.0436101	-0.278883	0.0611103	0.155124	-0.133334	0.262946	-0.297863	-0.0250608	0.319225	-0.0196543
-0.106568	-0.476999	0.0417071	0.250594	0.0378404	0.0832702	-0.165811	-0.0987643	0.508487	-0.073757
-0.166487	-0.138745	0.174638	0.156522	-0.142807	0.200114	-0.105896	-0.0497562	-0.0094373	0.0818556
-0.289214	-0.00469512	0.225654	-0.209526	-0.0184102	0.212436	-0.101611	-0.222281	0.324744	0.0829049
-0.317344	0.0241031	0.00120146	-0.165638	0.10825	0.046679	-0.104949	-0.189888	0.4805	0.117086
-0.300531	-0.018244	0.00156054	-0.0740936	0.071311	0.0511725	-0.0592605	-0.211912	0.145915	0.394084
-0.207405	-0.0240593	0.15825	-0.026827	0.0777378	0.00206912	-0.0636336	-0.238279	-0.0376397	0.359789
-0.0924215	-0.0657005	0.0548014	-0.0418094	0.0291038	0.155572	-0.0373165	-0.228031	-0.0501008	0.275904
-0.0352353	-0.0274045	0.105083	-0.0258421	-0.0251773	0.111231	-0.0149099	-0.253217	-0.0387294	0.204202
-0.00552847	-0.0113831	0.22505	-0.0302311	-0.0521079	0.0660659	-0.00326114	-0.10016	-0.0566446	-0.0317994
-0.000423739	0.00640857	0.12417	-0.00660183	0.00878851	-0.023627	-0.000366016	-0.0418821	-0.0279737	-0.0384928
-4.00137e-07	0.00142156	0.0179595	-1.5589e-05	-0.00011335	-0.000408856	-3.57424e-05	-1.71185e-06	-0.00390229	-0.0149031
0.0	0.0	0.0	0.0	0.0	0.0	0.0	0.0	0.0	0.0
0.0	0.0	0.0	0.0	0.0	0.0	0.0	0.0	0.0	0.0
0.0	0.0	0.0	0.0	0.0	0.0	0.0	0.0	0.0	0.0
-2.39915e-05	-2.56395e-07	-4.94782e-05	0.00309845	-6.72653e-05	-8.06686e-06	-3.44411e-07	-0.00451072	-0.000244472	0.00180615
-0.000127025	-0.00309866	-0.0175559	-0.0276904	-7.22696e-05	0.0387367	-5.16484e-05	0.0208286	-0.00416394	-0.00680543
-0.0029073	-0.0450439	-0.0542523	0.00091657	0.00217505	0.0458314	-0.000891985	0.120064	-0.100289	0.034397
-0.017311	-0.0926248	-0.0823997	0.102315	-0.0448197	-0.0136959	-0.00182555	0.0726263	-0.196348	0.274085
-0.0820038	-0.117972	-0.0786271	0.27847	-0.124061	-0.0210906	-0.00558959	0.00601899	-0.149072	0.29393
-0.129394	-0.157175	-0.166483	0.476604	-0.203546	-0.0067179	-0.0104949	0.0539762	-0.147255	0.290489
-0.205755	-0.144266	-0.330529	0.695279	-0.380932	0.00374544	-0.037833	0.302709	-0.233573	0.331164
-0.307323	-0.238838	-0.384553	0.699505	-0.294858	0.158156	-0.0538128	0.370728	-0.194177	0.245175
-0.432128	-0.494608	-0.325293	0.656169	-0.152033	0.189652	-0.0499223	0.225138	0.0790898	0.303938
-0.444672	-0.414844	-0.327147	0.552731	-0.289585	0.319964	-0.0488076	0.418179	0.0639051	0.170277
-0.555242	-0.266409	-0.217895	0.663782	-0.449665	0.323433	-0.0458646	0.361515	-0.0825327	0.268879
-0.506821	-0.333373	-0.138108	0.524239	-0.233612	0.338957	-0.100883	0.283546	-0.0573474	0.223406
-0.478829	-0.362895	-0.015929	0.319665	-0.236401	0.132332	-0.0972579	0.249956	0.132203	0.357158
-0.422805	-0.382235	0.0393469	0.159502	-0.291404	0.347036	-0.0998538	0.266312	0.272777	0.111325
-0.291662	-0.375672	0.000473147	0.221279	-0.401707	0.284926	-0.0830954	0.160445	0.264322	0.220692
-0.327776	-0.230799	-0.0645298	0.161337	-0.410684	0.269466	-0.0554655	0.131215	0.275879	0.251361
-0.279725	-0.113263	-0.209643	0.0806462	-0.332671	0.171737	-0.0469913	0.250483	0.175217	0.304214
-0.159392	-0.087524	-0.249757	0.133565	-0.386303	0.157526	-0.0301149	0.0706626	0.106357	0.444984
-0.167619	-0.0340546	-0.167064	-0.0034941	-0.225911	0.109299	-0.016367	-0.0812599	0.0373763	0.549098
-0.129158	-0.00751394	-0.137254	-0.0840088	-0.155121	0.190066	-0.00970809	-0.0765806	-0.0276313	0.436913
-0.0529353	-0.00470403	-0.12161	-0.0314929	-0.0660653	0.234866	-0.00657268	-0.0192573	-0.0386763	0.106449
-0.0127317	-0.000930906	-0.0584491	-0.00575755	-0.0590602	0.161585	-0.00283907	-0.062291	-0.012127	0.0526021
-0.00271272	-1.1555e-05	-0.00687734	-0.000242499	-0.0389908	0.0884055	-0.000578923	-0.00570328	-0.00589245	-0.0273959
-4.8093e-07	-7.95806e-06	0.0159469	-0.000254288	-0.000956467	-1.24078e-05	-2.26028e-05	-0.00100997	-0.00330078	-0.010382
-3.54662e-07	-9.50554e-06	0.0190719	-3.58569e-06	-0.000120133	-9.03658e-06	-2.55108e-05	-1.38126e-06	-0.00308878	-0.0158136
0.0	0.0	0.0	0.0	0.0	0.0	0.0	0.0	0.0	0.0
0.0	0.0	0.0	0.0	0.0	0.0	0.0	0.0	0.0	0.0
0.0	0.0	0.0	0.0	0.0	0.0	0.0	0.0	0.0	0.0
0.0	0.0	0.0	0.0	0.0	0.0	0.0	0.0	0.0	0.0
0.0	0.0	0.0	0.0	0.0	0.0	0.0	0.0	0.0	0.0
-0.000198737	-0.000913518	-0.000751316	0.00105452	0.00347926	-0.00281208	-3.93537e-05	-0.0537205	-0.0116888	0.0655905
-0.0036968	-0.00336517	-0.00287614	0.0197524	0.001553	-0.00809039	-0.000269777	-0.122738	-0.0385319	0.158263
-0.0175522	-0.00648235	-0.00955136	0.0340234	-0.0514167	-0.0300414	-0.00111934	-0.111493	-0.0614576	0.255091
-0.0388346	-0.00960576	-0.0232132	0.0448795	-0.132256	-0.101812	-0.00197558	0.00499038	-0.0239855	0.281815
-0.0558722	-0.0160149	-0.029442	0.019625	-0.229041	-0.133225	-0.00437878	0.101622	-0.010965	0.357692
-0.105747	-0.0283653	-0.0299334	0.00209365	-0.363304	-0.0911253	-0.00636665	0.192463	-0.0670799	0.497366
-0.0970804	-0.0833264	-0.0277782	0.0252874	-0.363797	-0.0271864	-0.00717927	0.203987	-0.138374	0.515449
-0.0725688	-0.0731567	-0.0664665	0.0297183	-0.436258	0.0935949	-0.00888879	0.168382	-0.0897716	0.455417
-0.0491452	-0.0917498	-0.0373614	-0.00132774	-0.467456	0.0834703	-0.0106242	0.0577661	-0.0978334	0.614262
-0.0931795	-0.146788	-0.0641478	0.0175104	-0.514695	0.00698087	-0.0141444	0.344911	-0.121112	0.584667
-0.129184	-0.118419	-0.0499582	-0.0107814	-0.636838	-0.028562	-0.0119046	0.430302	-0.163924	0.71927
-0.0974319	-0.0691755	-0.0643488	0.00424881	-0.558972	0.0814027	-0.0100521	0.509253	-0.194614	0.399691
-0.0683412	-0.0531455	-0.0852506	0.0945797	-0.496048	0.00580564	-0.00916098	0.305994	-0.133888	0.439457
-0.0941728	-0.0334751	-0.102162	0.0787994	-0.446338	-0.0446763	-0.00874249	0.315833	-0.066894	0.40183
-0.0591956	-0.0401759	-0.064922	0.0407961	-0.450673	-0.08059	-0.00790533	0.29537	-0.0515989	0.418896
-0.0102356	-0.0219456	-0.0232687	0.00929155	-0.353048	-0.0135809	-0.00482885	0.18052	-0.0692262	0.306322
-0.0427355	-0.00799074	-0.0238979	-0.0154636	-0.175834	0.0425864	-0.00328679	0.00321282	-0.0330341	0.256444
-0.0536362	-0.00389198	-0.0287073	-0.0106858	-0.0866269	0.0455938	-0.00224375	0.00113734	-0.0128814	0.151942
-0.0263375	-0.000643519	-0.0106831	0.000529435	-0.044491	0.0213891	-0.000412505	0.0565826	-0.00306342	0.00712989
-0.00149884	-9.77045e-06	-6.22622e-05	-0.0002205	-0.00182309	0.000335856	-7.83673e-05	-0.00328705	-0.000273777	0.00691779
-4.92222e-06	-1.62118e-09	-5.67553e-07	-1.49218e-06	-0.00128956	-2.50805e-05	-1.49248e-06	-0.000130875	-1.17296e-05	0.00146573
-2.09553e-07	-1.79368e-08	-1.38557e-06	-2.52366e-07	-7.1435e-08	-9.42886e-08	-8.64337e-10	1.98977e-05	-6.77444e-07	-1.71879e-05
0.0	0.0	0.0	0.0	0.0	0.0	0.0	0.0	0.0	0.0
0.0	0.0	0.0	0.0	0.0	0.0	0.0	0.0	0.0	0.0
0.0	0.0	0.0	0.0	0.0	0.0	0.0	0.0	0.0	0.0
0.0	0.0	0.0	0.0	0.0	0.0	0.0	0.0	0.0	0.0
0.0	0.0	0.0	0.0	0.0	0.0	0.0	0.0	0.0	0.0
0.0	0.0	0.0	0.0	0.0	0.0	0.0	0.0	0.0	0.0
-3.16587e-06	-4.12782e-06	-2.15759e-06	-6.33922e-07	-1.23695e-06	-9.49742e-07	-7.3955e-08	0.000151277	-4.15049e-05	-9.74271e-05
-5.82991e-05	-1.07046e-05	-7.80224e-06	-2.48489e-06	-5.63708e-06	-1.69428e-05	-8.24923e-07	0.000642254	-0.000116345	-0.000423216
-8.67354e-05	-9.48902e-06	-3.07215e-05	-3.22347e-05	-0.00684811	-5.16155e-05	-2.55204e-06	-0.000515593	-0.000145282	0.00772233
-0.000170772	-2.24363e-05	-0.000104906	-8.63309e-05	-0.0391555	-0.000508856	-3.88733e-05	-0.00516921	-0.000228428	0.0454854
-0.000494108	-4.76647e-05	-0.000154337	-0.000185496	-0.0407644	-0.00113607	-7.11948e-05	0.00767886	-0.000382898	0.0355573
-0.001083	-4.39814e-05	-0.000251986	-0.00124119	-0.019687	-0.00084329	-2.8897e-05	0.00816996	-0.000837819	0.0158472
-0.00106652	-0.00385073	-0.00494604	-0.00691755	-0.0450199	0.0031073	-6.38988e-05	0.0552536	-0.0128201	0.0163239
-0.00172445	-0.00128826	-0.00200712	-0.00396322	-0.0295654	0.00897685	-6.59836e-05	0.0201643	-0.00357657	0.0130498
-0.00376866	-0.00373285	-0.000903448	-0.00420216	-0.0405804	0.00540484	-0.000401292	0.0323645	-0.00876419	0.0245837
-0.00649215	-0.00373898	-0.00110362	-0.00569254	-0.0323954	-0.00321435	-0.000415233	0.133162	-0.00732812	-0.0727816
-0.00976914	-0.0018807	-0.000916284	-0.00786776	-0.0982161	-0.0114284	-0.000823237	0.120885	-0.00641023	0.0164275
-0.00947851	-0.000502912	-0.00107382	-0.00644578	-0.0510406	-0.00848684	-0.000773637	0.11966	-0.00601349	-0.0358441
-0.00552095	-0.000323935	-0.000921067	-0.00769822	-0.032082	-0.00627578	-0.000548065	0.09993	-0.00316645	-0.0433935
-0.00431733	-0.00433829	-0.00123002	-0.00574398	-0.0289587	-0.0077507	-0.000518013	0.124892	-0.00315714	-0.068878
-0.0044582	-0.0130593	-0.000767751	-0.00366948	-0.0382141	-0.00594273	-0.000343152	0.153004	-0.00367339	-0.0828757
-0.00223746	-0.000244825	-0.000489008	-0.00264834	-0.0305928	-0.00634737	-0.000199548	0.110359	-0.00243666	-0.0651632
-0.00421746	-8.83343e-05	-0.0045135	-0.00134744	-0.00596319	-0.0138843	-0.000189836	0.0447171	-0.00294752	-0.0115655
-0.0099807	-2.86965e-05	-0.00307768	-0.000414805	-0.0035775	-0.00582988	-8.05579e-05	0.0165079	-0.00149363	0.00797555
-0.0292587	-5.15241e-05	-0.0112622	-0.000268954	-0.0079172	-0.00491939	-0.000199683	0.0426158	-0.00132862	0.0125904
-0.00668614	-3.29651e-06	-0.000106561	-2.74787e-05	-0.00176925	-0.00110241	-1.87968e-05	0.0152084	-0.000272837	-0.0052216
0.0	0.0	0.0	0.0	0.0	0.0	0.0	0.0	0.0	0.0
0.0	0.0	0.0	0.0	0.0	0.0	0.0	0.0	0.0	0.0
0.0	0.0	0.0	0.0	0.0	0.0	0.0	0.0	0.0	0.0
0.0	0.0	0.0	0.0	0.0	0.0	0.0	0.0	0.0	0.0
