0.0	0.0	0.0	0.0	0.0	0.0	0.0	0.0	0.0	0.0
0.0	0.0	0.0	0.0	0.0	0.0	0.0	0.0	0.0	0.0
0.0	0.0	0.0	0.0	0.0	0.0	0.0	0.0	0.0	0.0
0.0	0.0	0.0	0.0	0.0	0.0	0.0	0.0	0.0	0.0
0.0	0.0	0.0	0.0	0.0	0.0	0.0	0.0	0.0	0.0
0.0	0.0	0.0	0.0	0.0	0.0	0.0	0.0	0.0	0.0
0.0	0.0	0.0	0.0	0.0	0.0	0.0	0.0	0.0	0.0
0.0	0.0	0.0	0.0	0.0	0.0	0.0	0.0	0.0	0.0
0.0	0.0	0.0	0.0	0.0	0.0	0.0	0.0	0.0	0.0
0.0	0.0	0.0	0.0	0.0	0.0	0.0	0.0	0.0	0.0
0.0	0.0	0.0	0.0	0.0	0.0	0.0	0.0	0.0	0.0
0.0	0.0	0.0	0.0	0.0	0.0	0.0	0.0	0.0	0.0
-3.65654e-06	-6.40235e-06	-0.000653477	-6.11979e-05	-0.00428434	-8.89932e-05	0.00591599	-6.81451e-06	-0.000146841	-0.000664264
-2.17358e-05	-1.51856e-05	-0.00106324	-0.000148678	-0.00952091	-0.00019558	0.0128187	-1.95243e-05	-0.000331151	-0.00150273
-1.5278e-05	-1.29825e-06	0.000409125	-1.63307e-05	-0.000155443	-7.95819e-07	-0.000150494	-5.12206e-06	-1.07063e-05	-5.36562e-05
-6.36584e-07	-5.40937e-08	1.70469e-05	-6.80445e-07	-6.4768e-06	-3.31591e-08	-6.27058e-06	-2.13419e-07	-4.46097e-07	-2.23568e-06
0.0	0.0	0.0	0.0	0.0	0.0	0.0	0.0	0.0	0.0
0.0	0.0	0.0	0.0	0.0	0.0	0.0	0.0	0.0	0.0
0.0	0.0	0.0	0.0	0.0	0.0	0.0	0.0	0.0	0.0
0.0	0.0	0.0	0.0	0.0	0.0	0.0	0.0	0.0	0.0
0.0	0.0	0.0	0.0	0.0	0.0	0.0	0.0	0.0	0.0
0.0	0.0	0.0	0.0	0.0	0.0	0.0	0.0	0.0	0.0
0.0	0.0	0.0	0.0	0.0	0.0	0.0	0.0	0.0	0.0
0.0	0.0	0.0	0.0	0.0	0.0	0.0	0.0	0.0	0.0
0.0	0.0	0.0	0.0	0.0	0.0	0.0	0.0	0.0	0.0
0.0	0.0	0.0	0.0	0.0	0.0	0.0	0.0	0.0	0.0
0.0	0.0	0.0	0.0	0.0	0.0	0.0	0.0	0.0	0.0
0.0	0.0	0.0	0.0	0.0	0.0	0.0	0.0	0.0	0.0
0.0	0.0	0.0	0.0	0.0	0.0	0.0	0.0	0.0	0.0
0.0	0.0	0.0	0.0	0.0	0.0	0.0	0.0	0.0	0.0
0.0	0.0	0.0	0.0	0.0	0.0	0.0	0.0	0.0	0.0
0.0	0.0	0.0	0.0	0.0	0.0	0.0	0.0	0.0	0.0
-5.09064e-09	-3.26363e-08	-1.06103e-05	-9.42529e-09	-4.76361e-05	-1.01929e-07	6.05612e-05	-7.75587e-08	-6.88252e-07	-1.39997e-06
-1.11827e-07	-9.63013e-08	-3.3553e-05	-4.18611e-08	-0.000412439	-3.07202e-07	0.000454223	-7.7643e-07	-2.04631e-06	-4.85072e-06
-1.97346e-05	-1.07675e-07	-0.000420878	-7.27497e-06	-0.0370287	-1.75802e-05	0.0377141	-5.81911e-05	-5.19544e-06	-0.000156505
-4.06538e-05	-6.65129e-05	-0.00102577	-1.72773e-05	-0.0815859	-3.27412e-05	0.0836562	-0.000448555	-5.79706e-05	-0.000380831
-6.05602e-05	-0.00319519	-0.00270871	-0.0001702	-0.0837347	-9.77189e-05	0.094136	-0.00254295	-0.000827953	-0.000798145
-0.000186636	-0.00261938	-0.00464446	-0.00018609	-0.0352005	-0.000171184	0.045843	-0.00136872	-0.000872587	-0.000593389
-0.0023596	-0.00159892	-0.00680172	-0.000195385	-0.0464562	-0.000725298	0.0620435	-0.00088297	-0.000845981	-0.00217734
0.0212411	-0.000732115	-0.0221148	-0.000347462	-0.0798208	-0.000862024	0.0997825	-0.00638859	-0.00142629	-0.00933156
0.0459595	-0.000679675	-0.0269033	-0.00122881	-0.151906	-0.00642615	0.176709	-0.0174488	-0.00142122	-0.0166548
0.0193265	-0.000494903	-0.0183665	-0.000791047	-0.0756964	-0.00598851	0.0957385	-0.00464131	-0.00179994	-0.00728638
-0.00102561	0.0190317	-0.00180784	-0.00598013	-0.0197133	-0.00272086	0.0182837	-0.000353846	-0.00325768	-0.00245607
0.0182787	0.0284991	0.0217598	-0.00777485	-0.0901408	-0.00336651	0.0459241	-0.000874186	-0.00257535	-0.00972996
0.052509	-0.00769265	0.0679945	-0.00233637	-0.0995087	-0.00359505	0.0205707	-0.00180858	-0.00334423	-0.0227885
0.0245175	-0.00414588	0.0123955	-0.000817649	-0.0407623	-0.00223213	0.0281031	-0.000825299	-0.00295881	-0.0132739
-0.00135942	-0.000271262	-0.0204891	-0.00019665	-0.0159551	-0.0031111	0.0451546	-0.00015029	-0.0016313	-0.00199046
-0.000698739	-7.31842e-05	-0.0150043	-0.000122748	-0.0287216	-0.00286682	0.0503796	-0.000200923	-0.00122587	-0.00146544
-0.000310649	-9.58638e-05	-0.00624314	-0.000120805	-0.0230799	-0.00139716	0.0333346	-9.82759e-05	-0.000735581	-0.00125329
-0.000128559	-0.000227465	-0.00336449	-6.40147e-05	-0.0224324	-0.000268701	0.027776	-8.84965e-06	-0.000856313	-0.000425249
-1.73942e-05	-1.96992e-05	-0.000373921	-5.17217e-06	-0.0308716	-1.36907e-05	0.0316852	-2.20496e-05	-0.000123061	-0.000238689
-2.30075e-06	-1.46548e-06	-0.000170599	-6.91437e-07	-0.0115988	-1.29003e-05	0.011997	-3.04502e-05	-5.24234e-05	-0.000127396
0.0	0.0	0.0	0.0	0.0	0.0	0.0	0.0	0.0	0.0
0.0	0.0	0.0	0.0	0.0	0.0	0.0	0.0	0.0	0.0
0.0	0.0	0.0	0.0	0.0	0.0	0.0	0.0	0.0	0.0
0.0	0.0	0.0	0.0	0.0	0.0	0.0	0.0	0.0	0.0
0.0	0.0	0.0	0.0	0.0	0.0	0.0	0.0	0.0	0.0
0.0	0.0	0.0	0.0	0.0	0.0	0.0	0.0	0.0	0.0
-3.85391e-08	-6.03828e-10	-5.65136e-07	-2.47389e-09	-5.46192e-06	-8.83152e-07	8.58119e-06	-8.41558e-12	-1.2279e-06	-4.01547e-07
0.00309445	-4.55499e-10	-2.3439e-05	-8.66126e-07	-0.00286497	-8.96513e-05	0.000285867	-0.000193865	-8.42231e-06	-0.000199107
0.00115727	-1.92403e-06	-0.000717692	-1.15167e-06	-0.00132069	-1.37167e-05	0.00107709	-6.82463e-05	-3.25859e-05	-7.83502e-05
-0.000364206	-8.50167e-06	5.58328e-05	-0.000276708	-0.00113522	-5.61312e-06	0.00176873	-3.04984e-06	-2.20756e-05	-9.19094e-06
-0.0197399	-4.82259e-05	-0.00112753	-0.0015258	-0.0369256	-5.18177e-05	0.0601957	-0.000431623	-0.000166747	-0.000178511
-0.023518	-0.00182569	-0.00549859	-0.00292552	-0.121485	-0.000886903	0.159584	-0.00175432	-0.000851996	-0.000837735
-0.01881	-0.0289253	0.0223353	-0.0110813	-0.154741	-0.00367959	0.203638	-0.0043281	-0.00274067	-0.00166687
-0.0226129	-0.0566005	0.102004	-0.0188786	-0.13176	-0.013531	0.160807	-0.00587241	-0.00994822	-0.0036069
-0.0213105	-0.0419226	0.0698727	-0.00678167	-0.234739	-0.0431296	0.324391	-0.0133847	-0.0200339	-0.01296
-0.0376249	-0.0517984	0.121578	0.0310643	-0.25434	-0.0861437	0.366269	-0.0306073	-0.036449	-0.0219478
-0.0422266	0.00694658	0.0657279	0.0429339	-0.338133	-0.0904916	0.462208	-0.0294796	-0.0434663	-0.0340178
-0.0644122	0.134095	0.00837423	0.00367664	-0.246853	-0.0972543	0.368061	-0.0141062	-0.0588476	-0.0327309
-0.11005	0.126442	0.0573726	-0.00565433	-0.153736	-0.108699	0.299185	-0.0182782	-0.0570033	-0.0295779
-0.123697	0.249399	0.127838	-0.0560401	-0.211604	-0.0710677	0.204355	-0.0225042	-0.0636042	-0.0330722
-0.0938334	0.163611	0.124457	-0.0502741	-0.252756	-0.00287796	0.234352	-0.0115104	-0.0698388	-0.0413261
-0.082711	0.0450649	0.016895	-0.0490237	-0.12459	0.057603	0.221681	-0.00748468	-0.0497705	-0.0276633
-0.0552785	-0.00734506	-0.0212081	-0.0638494	-0.0996406	0.0565468	0.222146	-0.00398923	-0.0085931	-0.0187888
-0.0406909	0.0240835	-0.0859604	-0.0307105	-0.0667697	0.00482842	0.251121	-0.00218664	-0.0402915	-0.0134221
-0.0281075	-0.00721074	-0.0333612	-0.0101414	-0.051588	-0.0532076	0.205249	-0.00111388	-0.014943	-0.0055755
-0.0145386	-0.00902092	-0.0326741	-0.0105304	-0.0455909	-0.0597348	0.1946	-0.000848029	-0.01419	-0.00747215
-0.00762672	-0.00339837	-0.0354322	-0.0076308	-0.0461996	-0.0332169	0.14754	-0.000601532	-0.00990035	-0.00353333
-0.00383545	-0.00177378	-0.00781719	-0.00199032	-0.0293458	-0.0262192	0.0752117	-7.47968e-05	-0.00379414	-0.000360971
-0.000591471	-0.000546695	0.0339736	-0.000185735	-0.00319986	-0.00998042	-0.017475	-3.0363e-05	-0.00192868	-3.53644e-05
-8.90521e-06	-2.50451e-05	0.0239974	-9.91341e-07	-0.000448185	-0.000940591	-0.0218635	-2.6834e-08	-0.00070864	-1.57311e-06
0.0	0.0	0.0	0.0	0.0	0.0	0.0	0.0	0.0	0.0
0.0	0.0	0.0	0.0	0.0	0.0	0.0	0.0	0.0	0.0
0.0	0.0	0.0	0.0	0.0	0.0	0.0	0.0	0.0	0.0
0.0	0.0	0.0	0.0	0.0	0.0	0.0	0.0	0.0	0.0
-8.62383e-08	0.000734301	-0.000102838	-3.74234e-05	-1.20535e-05	-7.67498e-06	-0.000399292	-1.02315e-08	-0.000173914	-1.00854e-06
0.00729541	0.000174712	-0.000193519	-3.14644e-05	-0.0092664	0.000187976	0.00350791	-0.000567849	-0.000428926	-0.000677844
-0.00726287	-7.32897e-05	-0.00361025	-0.00349888	-0.00402699	0.0125583	0.00738083	-0.000978808	-0.000223575	-0.000264496
-0.0586291	-0.00325232	-0.00291213	0.0950767	-0.00598048	-0.0426256	0.0249507	-0.00182753	-0.00390396	-0.000896252
-0.0810801	-0.00264749	0.000481916	0.0737999	-0.0677959	-0.0281438	0.117249	-0.00271421	-0.0077553	-0.00139368
-0.0899891	-0.0225108	0.0485546	0.112608	-0.122816	-0.0432053	0.157025	-0.0131411	-0.0231753	-0.00334956
-0.0200155	-0.0669393	0.144075	0.137842	-0.242301	-0.0551658	0.183626	-0.0406045	-0.0297386	-0.0107765
-0.0571918	-0.100274	0.389777	0.0647804	-0.329132	-0.080976	0.214964	-0.0496116	-0.0261816	-0.0261504
-0.0390546	-0.165135	0.349962	0.162262	-0.336084	-0.0590157	0.269558	-0.0914761	-0.0440523	-0.0469587
0.0112933	-0.267203	0.418718	0.37588	-0.397237	-0.134389	0.301877	-0.139291	-0.0983037	-0.0713405
-0.00621148	-0.131258	0.388285	0.452736	-0.572677	-0.0709271	0.24806	-0.105443	-0.107308	-0.0952533
0.116401	-0.0671524	0.474116	0.283247	-0.672493	-0.093962	0.288701	-0.100669	-0.0931281	-0.135061
0.107297	-0.107177	0.287122	0.491233	-0.49679	-0.067995	0.240835	-0.102853	-0.185733	-0.165938
0.0601852	0.0507082	0.216168	0.390559	-0.477623	0.0462174	0.179943	-0.096712	-0.174666	-0.194779
0.0700321	0.11839	0.295919	0.281249	-0.406066	-0.0341325	0.0334165	-0.0748374	-0.120769	-0.163201
-0.0266762	-0.0750589	0.177275	0.238955	-0.265259	0.0925916	0.0370437	-0.0514484	-0.0234612	-0.103961
-0.165676	-0.194086	-0.10848	0.275769	-0.20365	0.227722	0.188802	-0.0429757	0.0561925	-0.033618
-0.18803	-0.13215	-0.142676	0.240611	-0.0479379	0.205584	0.240185	-0.0247577	-0.108485	-0.0423406
-0.115487	-0.156651	-0.217759	0.263063	0.0150731	0.258754	0.0827685	-0.0223559	-0.071332	-0.036072
-0.127548	-0.135497	-0.166463	-0.0513937	0.0159308	0.240913	0.219473	-0.0121449	0.0367006	-0.019968
-0.0965187	-0.103138	-0.150969	-0.123461	0.0212759	0.114569	0.278463	-0.00351236	0.0691441	-0.00585124
-0.0487079	-0.0709816	-0.121136	-0.0719722	0.0181262	-0.0439557	0.27137	-0.00118003	0.0708251	-0.00238664
-0.0195477	-0.0580087	-0.0134162	-0.0220282	-0.010081	-0.0259325	0.138959	-0.000459184	0.0110926	-0.000578238
-0.00349609	-0.0166131	0.0189589	-0.000356462	-0.000511134	0.0461551	-0.0467122	-5.39359e-06	0.00261789	-3.74645e-05
-0.00129775	-0.0219352	-0.000419461	-2.10351e-05	-0.000188855	0.00872933	0.0177092	-1.66786e-07	-0.00257322	-2.87315e-06
0.0	0.0	0.0	0.0	0.0	0.0	0.0	0.0	0.0	0.0
0.0	0.0	0.0	0.0	0.0	0.0	0.0	0.0	0.0	0.0
-2.43565e-08	-1.91605e-08	-1.76722e-05	2.83292e-05	-1.54814e-07	-9.40314e-06	-2.48774e-08	-1.39985e-08	-1.00334e-06	-1.35396e-08
-3.23181e-05	0.00251337	-0.000867208	0.00122092	-4.12843e-06	-0.00113614	-0.00145397	-6.08001e-08	-0.000238413	-2.06008e-06
-0.000375734	0.00029807	-0.00658454	0.0177513	-0.00120356	-0.00643282	-0.00284473	0.000453694	-0.000870152	-0.000191518
-0.00954412	0.00602874	-0.0407677	0.0591335	0.0146758	-0.039866	0.0185675	-0.00250554	-0.00513494	-0.000587088
-0.0866524	0.0419771	0.0110832	0.246026	0.0176989	-0.174505	0.0115823	-0.0264899	-0.0338005	-0.0069194
-0.0912259	0.0301607	0.13083	0.281406	-0.0543357	-0.201605	0.00576944	-0.0317743	-0.0597151	-0.00950813
-0.0265574	-0.0301335	0.091428	0.324593	-0.0745895	-0.158729	0.0208285	-0.0637025	-0.0554081	-0.0277279
0.0117714	-0.0466092	0.176362	0.442188	-0.224656	-0.322928	0.116326	-0.102532	0.0159265	-0.0658456
0.0878268	-0.078972	0.367561	0.386237	-0.316484	-0.266935	0.0212132	-0.185045	0.119409	-0.134806
0.0793844	-0.112967	0.326038	0.470297	-0.444358	-0.0683037	0.0310564	-0.273124	0.159703	-0.167725
0.145008	-0.272844	0.385982	0.5264	-0.427776	0.097387	-0.0921586	-0.313205	0.197576	-0.246368
-0.0218131	-0.125454	0.343914	0.422626	-0.336636	0.0264905	-0.107884	-0.284401	0.409417	-0.326259
0.0299831	0.189663	0.184527	0.469426	-0.190449	-0.220322	-0.0491975	-0.292517	0.184546	-0.305661
-0.0597267	0.190091	0.304397	0.334809	-0.340935	-0.0149658	-0.0721754	-0.342648	0.404081	-0.402931
0.0578895	0.0210071	0.162769	0.357572	-0.422262	0.332594	-0.131529	-0.323211	0.381466	-0.436296
-0.0882953	0.0619395	0.141257	0.418939	-0.190945	0.123133	0.0362223	-0.307019	0.266865	-0.462096
0.050437	-0.0480513	0.0679725	0.196918	-0.105603	0.149878	0.129794	-0.265372	0.137431	-0.313404
-0.0459772	-0.17994	0.00477553	0.328249	-0.102926	0.333454	0.0334439	-0.213406	0.0829679	-0.240642
-0.114676	0.114934	-0.165995	0.127051	0.150688	0.121305	0.0773082	-0.141121	0.0768808	-0.246377
-0.107066	0.0912112	-0.143626	0.0163609	0.258889	-0.18435	0.131741	-0.103948	0.202465	-0.161676
-0.126913	0.0296778	-0.309428	-0.111712	0.241843	0.205739	0.225997	-0.0353552	0.046222	-0.166071
-0.106027	-0.0651417	-0.372097	-0.0866077	0.275695	0.11767	0.330787	-0.0433401	0.0419832	-0.0929185
-0.155908	-0.103388	-0.307546	-0.227772	0.275304	0.308237	0.28365	-0.0207458	-0.0184807	-0.0333471
-0.166071	-0.220082	-0.150353	-0.0380028	0.173426	0.36403	-0.0388793	-0.0058123	0.0909652	-0.00921896
-0.0459302	-0.108908	-0.00835881	-0.00394034	0.00369484	0.136203	-0.0504776	-0.001283	0.0816407	-0.00264065
-0.00485885	-0.0130335	-0.00453074	-0.000104239	-0.0194277	0.0200255	-0.00690402	-0.000321116	0.030324	-0.00116934
-9.27237e-05	-0.00697679	-0.00397727	-2.47094e-05	-0.00326462	-0.0031547	0.0141673	-1.9055e-05	0.00347994	-0.000137348
0.0	0.0	0.0	0.0	0.0	0.0	0.0	0.0	0.0	0.0
0.0	0.0	0.0	0.0	0.0	0.0	0.0	0.0	0.0	0.0
-0.000255239	0.000277527	0.000303374	0.00222622	-7.93651e-05	-0.00221985	3.69929e-05	-6.86656e-06	-0.000280247	-2.54929e-06
-0.00376725	0.00689657	-0.0038038	0.0852538	0.00116071	-0.0383116	-0.0319143	-0.00127937	-0.0107991	-0.00343563
-0.026905	0.0161252	0.00771897	0.194522	0.01108	-0.161445	0.0242982	-0.0164981	-0.037087	-0.0118076
-0.117236	0.107378	0.0131493	0.405636	0.0414617	-0.239391	-0.14189	0.088849	-0.120141	-0.0378126
-0.0309313	0.0445382	0.0420685	0.428182	-0.00941731	-0.303492	-0.0913083	0.110903	-0.104555	-0.0859847
-0.0224903	-0.130227	0.105847	0.335473	-0.037386	-0.125409	-0.1056	0.112661	-0.00628127	-0.126586
0.0334613	-0.303109	0.206456	0.188705	-0.0587458	-0.152916	0.0830771	0.160042	0.00361047	-0.160581
0.0521504	-0.341728	0.116902	0.182887	-0.0176165	0.0710348	-0.0187955	0.0812396	0.0960705	-0.222145
0.214053	-0.228551	0.195188	0.143143	-0.190555	0.165435	0.0332457	-0.130254	-0.103862	-0.0978436
0.132897	-0.29236	0.271342	0.141998	-0.137006	0.0922336	-0.431103	-0.209465	0.24727	0.184192
-0.0350387	-0.207558	0.180666	0.111229	-0.0828197	0.0162482	-0.263289	-0.12038	0.268361	0.132582
0.166603	-0.0135832	0.138614	0.130525	-0.290532	-0.0437772	-0.311272	-0.154241	0.170844	0.206816
0.206757	0.0500111	0.117904	0.0492133	-0.049508	-0.145802	-0.0376853	-0.313659	0.265643	-0.142874
0.152985	0.19895	0.175998	0.194743	-0.0538203	-0.144387	-0.215954	-0.3908	0.123363	-0.0410783
0.106151	-0.115791	0.31196	0.339499	0.0346662	0.0702128	-0.179208	-0.331528	0.162866	-0.398827
0.302667	-0.20597	0.16576	-0.0384771	-0.0870483	0.14185	-0.00385983	-0.384391	0.395404	-0.285932
0.320357	-0.015583	0.10679	0.0287165	0.065449	0.129495	0.138591	-0.406264	-0.132838	-0.234715
0.058326	0.0280616	-0.0215148	0.144128	0.165644	4.9698e-05	0.192113	-0.497577	0.134794	-0.204028
-0.103475	0.128377	0.0359753	-0.00481362	0.0674638	0.260953	0.0987014	-0.477302	0.208887	-0.214767
0.000278395	0.293917	0.0260914	-0.136061	0.06964	0.110429	0.126905	-0.289649	0.0550846	-0.256637
-0.00411921	0.251925	-0.140306	-0.105197	0.231764	0.272365	0.0604644	-0.199191	-0.0561425	-0.311561
-0.219548	0.115511	-0.277701	-0.247307	0.418709	0.361718	0.282714	-0.102344	-0.133001	-0.198749
-0.258081	-0.00755847	-0.232617	-0.0873606	0.112142	0.428059	0.0994312	-0.0310834	0.0595362	-0.0824667
-0.10757	-0.140347	-0.0529279	-0.020855	-0.0483718	0.280354	-0.0498525	-0.00968962	0.176248	-0.0269864
-0.0311313	-0.0272445	-0.0165586	-0.00185533	-0.0290309	0.0666845	0.0298645	-0.00394395	0.0169626	-0.00374687
-0.0114351	-0.00903829	-0.00584077	-9.72199e-05	-0.000335572	0.0080298	0.0211697	-0.000134956	-0.00228311	-3.45287e-05
0.0	0.0	0.0	0.0	0.0	0.0	0.0	0.0	0.0	0.0
-3.82954e-06	-1.37204e-06	-4.04602e-05	0.000493177	-1.29362e-06	-4.35532e-05	-2.38012e-07	-9.49397e-06	-4.19485e-05	-0.000350988
-0.00109947	-0.0172054	-0.00674554	0.00569396	-0.00261571	0.00314418	-0.00135282	0.0272839	-0.00371042	-0.00339264
-0.00320983	0.00342691	0.00753051	0.125485	-0.0328041	-0.124544	-0.0356139	0.119101	-0.0347639	-0.0246068
-0.0410545	0.0128275	0.09731	0.184402	0.0204882	-0.206433	0.020955	0.079903	-0.0862855	-0.0821112
-0.0268708	-0.0259104	0.084106	0.266308	0.158177	-0.183638	-0.108907	0.178709	-0.10776	-0.23421
0.0125465	-0.0952014	0.158788	0.298041	0.111703	-0.118506	-0.231193	0.283884	-0.159525	-0.260535
0.0236815	-0.231105	0.12015	0.102985	0.0741955	0.0393758	-0.0648547	0.297663	-0.0652028	-0.296886
-0.0311623	-0.347915	0.0778871	0.202602	-0.0337635	0.00971794	-0.0491947	0.328082	0.0313958	-0.187649
-0.222105	-0.432384	0.274395	0.31618	0.0661987	-0.055902	-0.170168	0.193685	0.0458938	-0.0157928
0.000627599	-0.203247	0.254879	0.349273	-0.149366	-0.0273595	-0.336435	0.263357	-0.125465	-0.0262642
-0.0399556	-0.0698387	-0.00771318	0.195262	-0.264034	-0.0806136	-0.280766	0.370244	-0.00390675	0.181323
-0.176578	-0.217755	0.0600276	0.0495979	-0.187622	-0.00266357	-0.161415	0.227914	0.269021	0.139474
0.242997	-0.25358	0.0463492	0.365087	-0.334901	-0.055789	-0.355417	-0.0636994	0.0321394	0.376816
0.182616	-0.184729	0.0250662	0.173347	-0.401439	0.151559	-0.257815	-0.0578489	0.0109774	0.358267
-0.0199767	-0.267425	0.103623	0.142492	-0.446725	-0.0547345	-0.113533	0.0474312	0.348578	0.260271
0.0498375	-0.233119	0.192643	0.225863	-0.390087	-0.121854	-0.225364	0.0167779	0.100994	0.384307
0.157822	-0.358355	0.012022	0.00528958	-0.205746	-0.00720552	-0.178482	0.0875687	0.182784	0.304302
0.298638	-0.108705	-0.0282831	0.291561	-0.357983	0.0717624	-0.331758	-0.00444215	-0.155069	0.32428
0.0731396	-0.199376	-0.121939	-0.104088	-0.0573447	0.264864	-0.180606	-0.0831479	0.361266	0.0472327
0.0989132	0.0372822	-0.159509	0.0720269	-0.17578	0.177816	-0.0744622	-0.11703	0.0886708	0.0520729
0.306417	0.0811635	-0.0839565	0.0484562	-0.0873935	-0.0305255	-0.0777444	-0.0413687	-0.034094	-0.0809537
0.345133	0.104579	-0.179896	-0.119779	0.219783	0.187699	-0.0499067	-0.145919	-0.0858748	-0.275816
-0.01907	0.0994476	-0.420831	-0.186276	0.457343	0.301462	0.0466028	-0.201522	0.216401	-0.29356
-0.371409	-0.000438831	-0.249432	-0.0834055	0.119252	0.729707	0.0354045	-0.0909742	0.101039	-0.189743
-0.261473	-0.108917	-0.0646514	-0.0460089	-0.0244415	0.427908	-0.0371395	-0.0402182	0.217038	-0.0620937
-0.117899	-0.0148223	-0.0105884	-0.00499752	0.0433105	0.151048	-0.0415568	-0.0122796	0.0291854	-0.0213992
-0.0320193	-0.000316558	-0.000514987	-0.000378942	-0.0014455	0.043906	-0.00221409	-0.000688996	-0.00559584	-0.000731778
0.0	0.0	0.0	0.0	0.0	0.0	0.0	0.0	0.0	0.0
-0.000268443	-0.00138535	-0.00147861	0.0139335	-0.000728586	-0.00160837	-8.38694e-05	0.00514489	-0.00358841	-0.00993675
-0.000660122	-0.0263709	0.0218474	-0.0168947	-0.00398076	-0.0166831	-0.00579581	0.0693221	-0.00684817	-0.0139359
-0.00539	-0.0129388	0.0490433	0.0660665	-0.0145969	-0.140718	-0.0434006	0.220173	-0.036395	-0.0818418
-0.0710012	-0.00381973	0.247832	0.334686	0.0801064	-0.440211	0.0137862	0.113576	-0.0506221	-0.224328
-0.0157092	-0.122619	0.168624	0.452652	0.259872	-0.299616	-0.0853013	0.0865687	-0.0362474	-0.40822
0.0487878	-0.220372	0.297057	0.200079	0.121365	-0.0547658	-0.284931	0.279341	-0.0827094	-0.303849
-0.0329141	-0.257986	-0.0476565	0.0874615	0.134437	0.149507	-0.0215755	0.274989	0.0149162	-0.301178
-0.200111	-0.47282	0.168126	0.103213	0.00120585	0.223844	-0.0680407	0.143163	0.155545	-0.0541235
0.0157684	-0.316413	0.0218194	0.0871094	0.0156657	0.0771799	-0.148613	0.262926	-0.0584669	0.0430238
0.033095	-0.123108	-0.0992156	-0.000811018	-0.190795	0.249015	-0.222391	0.352199	0.0626462	-0.0606326
0.0867018	-0.20899	0.0493775	0.0293227	-0.145964	0.141027	-0.0680721	0.272559	-0.192314	0.0363519
0.00565667	-0.0563968	-0.0750009	0.169908	-0.449903	0.0548745	-0.143563	0.246573	-0.131218	0.37907
0.147907	-0.220294	0.264295	0.0283752	-0.309431	-0.178481	-0.294823	0.160948	-0.0674084	0.468916
0.0767058	-0.121697	0.0756707	0.28957	-0.408672	0.173988	-0.11658	-0.063985	-0.349919	0.444919
-0.0524332	-0.413723	-0.0568021	0.251724	-0.352303	-0.196734	-0.116624	0.119591	0.294017	0.523289
-0.0219507	-0.237687	0.0515239	0.0168449	-0.411548	0.128358	-0.33883	0.207923	0.0602457	0.54512
0.233818	-0.218214	-0.235737	0.157963	-0.127561	0.086527	-0.24126	0.275353	-0.201106	0.270218
0.252968	-0.288112	-0.079259	-0.0728565	-0.271695	0.0777221	-0.309296	0.34869	0.149735	0.192102
0.155588	-0.0883195	-0.106717	0.103169	-0.0702937	0.0991063	-0.314205	0.175209	-0.073465	0.119928
6.18503e-05	0.0391156	-0.193588	0.031701	-0.111258	0.131429	-0.296429	0.284545	-0.0379366	0.152359
0.0364581	-0.0555942	0.00137505	-0.222801	-0.0977111	0.210336	-0.212622	0.148477	0.137844	0.0542367
0.113636	-0.052333	0.122266	-0.23164	0.161498	0.221978	-0.282255	0.115289	-0.00932701	-0.159113
0.200962	-0.0983769	-0.489755	-0.272806	0.366185	0.361948	-0.183408	0.00934851	0.341266	-0.235365
-0.145957	-0.301827	-0.370542	-0.197708	0.149705	0.711646	0.0393891	-0.0597239	0.409995	-0.234972
-0.296409	-0.177753	-0.0821717	-0.0599983	0.00287303	0.73674	-0.0958965	-0.0618463	0.13624	-0.101777
-0.134919	-0.0074242	-0.014839	-0.00420495	0.0616368	0.149248	-0.0377626	-0.0122277	0.0383548	-0.0378616
-0.00956114	-0.00362025	-0.00107642	-0.000290933	-0.0019369	0.0210562	-0.00857258	-0.000482116	0.00548686	-0.00100273
0.0113371	-2.62877e-07	-0.000205522	-6.75583e-07	-0.000409334	-5.03888e-06	-7.32205e-06	-0.00704328	-1.85962e-05	-0.00364708
-0.000316638	-0.00117816	0.00116201	-0.00573588	-0.0121726	-0.00134255	-0.000256774	0.056869	-0.00384855	-0.0331799
0.00126627	-0.0161974	0.00852219	-0.0143551	0.00964015	-0.0198498	-0.00551314	0.112799	-0.0102221	-0.0660903
0.00587976	-0.00343831	0.0352114	0.0857401	-0.00586102	-0.148895	-0.038604	0.307765	-0.0147007	-0.223096
-0.10313	-0.0274265	0.281193	0.380001	0.0422204	-0.573857	0.0119329	0.281851	0.0173177	-0.310097
-0.0618906	-0.0849623	0.107615	0.223418	0.204414	-0.329453	-0.137726	0.264345	0.106038	-0.291795
-0.0455979	-0.209526	0.0327536	0.0754723	0.0502583	-0.0800228	-0.254168	0.266026	0.210511	-0.0457051
-0.0917469	-0.196802	0.0272845	0.0806899	0.0781251	-0.154756	-0.165036	0.493501	0.197931	-0.269193
-0.0387915	-0.42391	0.0992124	-0.0242665	-0.114275	0.138239	-0.157604	0.275029	0.010113	0.236254
0.201306	-0.442574	-0.0150682	-0.0639491	0.110772	0.0955177	-0.120426	0.176123	0.157418	-0.0991178
0.0186703	-0.231798	0.243533	0.0644212	-0.157973	0.140234	-0.180141	0.0808825	0.118842	-0.0966698
-0.0229465	-0.252259	0.0619145	0.0473643	-0.0264396	0.125723	-0.126081	0.336149	-0.0139686	-0.129455
0.18862	-0.0516046	-0.10846	0.130146	-0.245378	-0.0502449	-0.17564	0.398553	0.2426	-0.328586
0.0252557	0.0283837	-0.0704891	0.0845958	-0.300234	-0.0929355	-0.227068	0.074929	0.304703	0.172861
0.225142	-0.020262	0.0221642	0.190189	-0.437708	-0.0985317	-0.392598	0.273926	-0.165619	0.403298
0.278874	-0.0103051	-0.0171279	0.183804	-0.300607	-0.202287	-0.466095	0.345913	-0.0416117	0.229446
0.541017	-0.271096	-0.0995165	0.0851042	-0.479265	-0.0212764	-0.444307	0.297102	0.184076	0.208164
0.27726	0.107402	-0.064431	0.127334	-0.230188	-0.0202865	-0.374096	0.233671	-0.0523409	-0.00432316
0.108482	-0.19463	-0.232803	0.339734	-0.0237078	-0.0740628	-0.596802	0.435928	0.116496	0.121367
0.0665451	-0.114831	0.159185	0.110644	-0.102463	0.118622	-0.513111	0.130045	0.155536	-0.0101715
0.212052	-0.240672	0.024797	0.0948048	-0.0768474	0.295742	-0.38701	0.22693	0.0296124	-0.179409
0.073426	-0.245134	-0.108709	0.0510652	-0.055175	0.209054	-0.28297	-0.012743	0.132773	0.238412
0.202738	-0.241797	-0.053999	0.242728	-0.129232	0.0748488	-0.42946	0.228296	0.0981896	0.00768338
0.420459	-0.42617	-0.0816201	-0.478543	0.145112	0.643439	-0.452803	0.114055	0.306518	-0.190446
0.0676057	-0.452266	-0.416581	-0.37813	0.0891294	1.08832	-0.29039	-0.107684	0.580499	-0.180497
-0.302397	-0.203103	-0.146357	-0.0822657	0.07474	0.834037	-0.196071	-0.102202	0.241164	-0.11754
-0.113869	-0.0159447	-0.0210558	-0.00584462	-0.0473234	0.231357	-0.10634	-0.0169828	0.132279	-0.036277
-0.00664633	-0.0027019	-0.00216478	-8.81502e-05	-0.00176814	0.00803364	-0.0102853	-0.00375238	0.0209681	-0.00159479
-3.69697e-06	-2.04213e-05	-9.82285e-06	-0.000136652	-0.000606205	-6.66432e-05	-3.0935e-06	0.00227187	-2.34771e-05	-0.00140185
-0.000465189	-7.68818e-05	-0.000982287	-0.00496468	-0.0125227	-0.00136411	-0.000136147	0.0675276	-0.0027194	-0.0442962
0.00566224	-0.0105566	-0.0211748	0.0364999	0.00135352	-0.00940861	-0.00860813	0.125889	-0.0243105	-0.095346
0.0246786	-0.00798674	0.051391	0.170152	-0.117244	-0.164807	-0.049062	0.361407	-0.0392085	-0.229317
-0.06519	-0.0775276	0.196201	0.505158	-0.18012	-0.463634	0.0290407	0.385345	0.0317493	-0.361017
-0.0498187	-0.215285	0.349888	0.176843	-0.029435	-0.314665	-0.218417	0.256258	0.108144	-0.0635106
-0.113529	-0.234338	-0.0200026	0.123582	-0.0825082	-0.0802501	-0.238859	0.219484	0.222734	0.203688
-0.145378	-0.155007	-0.0555357	0.189486	-0.0619061	0.00866123	-0.0632819	0.16782	0.118611	-0.00347168
-0.105577	-0.260055	-0.0550936	0.143388	-0.0260054	0.155563	-0.13883	0.109832	0.124416	0.052362
0.0604714	-0.378846	0.0967696	0.0512075	0.005454	0.00874636	-0.18203	0.19306	0.197082	-0.0519145
0.158173	-0.195298	0.194486	-0.115538	-0.244543	0.188534	-0.282212	-0.026504	0.125466	0.197438
-0.064838	-0.0956943	-0.03229	-0.328651	-0.0802609	0.353005	-0.122721	0.17774	0.132818	0.0608934
0.0205629	-0.11423	0.00765655	-0.203714	-0.148457	0.206897	-0.210062	0.461043	-0.0581406	0.0384476
0.293143	0.071159	0.0216891	-0.140237	-0.167269	-0.0648591	-0.424256	0.285975	0.0467331	0.0779232
0.0329244	0.179942	0.117814	0.261437	-0.661232	-0.233116	-0.233206	0.567132	-0.216105	0.184413
-0.154678	0.49095	0.206577	0.420754	-0.384314	-0.406074	-0.429614	0.3933	-0.460776	0.323883
0.194626	0.167807	0.223992	0.287835	-0.0661292	-0.401054	-0.57066	0.302494	-0.113403	-0.0255064
0.342082	0.0155194	-0.0514845	0.156114	-0.133359	-0.189099	-0.708386	0.52515	0.0458404	-0.00237327
0.253582	-0.137733	0.027676	0.0669007	0.0761576	-0.0352846	-0.62039	0.282798	-0.0284046	0.114699
0.319203	-0.254882	-0.00928665	0.204118	-0.0723491	-0.0531339	-0.582187	0.310132	0.0439309	0.0944563
0.270746	-0.367873	-0.0552297	0.266761	0.0448925	0.0449708	-0.376367	0.0461585	0.0497742	0.0761679
-0.102537	-0.313001	-0.162908	0.169003	0.0391205	0.344612	-0.201693	0.291151	0.117632	-0.181381
-0.0409127	-0.394675	0.0275173	0.342358	-0.0196476	0.261444	-0.479168	0.220684	0.120068	-0.0376689
0.489693	-0.454944	-0.127888	-0.21083	0.012869	0.610961	-0.373874	-0.0204572	0.336813	-0.262344
0.288948	-0.308224	-0.415012	-0.361937	-0.241079	1.34292	-0.351898	-0.0733817	0.34863	-0.228956
-0.284533	-0.14976	-0.112406	-0.056304	-0.185852	1.08797	-0.32109	-0.0405989	0.202272	-0.139696
-0.105403	-0.0185978	-0.00717159	-0.0113619	-0.0732087	0.258982	-0.138536	0.00701488	0.1422	-0.0539176
-0.00137638	-0.00244661	-0.00124664	-0.000441702	-0.00629936	0.0150559	-0.00666801	0.0418994	-0.0349035	-0.00357314
-5.51024e-06	-2.38064e-05	-2.01724e-05	-0.000223634	-0.000707541	-8.45261e-05	-3.65048e-06	0.00305884	-3.24206e-05	-0.00195757
-0.000500269	-3.66703e-05	-0.000354893	-0.00349296	-0.0118871	-0.00127075	-4.8546e-05	0.0643908	-0.00146987	-0.0453297
0.0303918	-0.00544655	-0.0168684	0.0156027	-0.0315383	-0.0112643	-0.0280034	0.189562	-0.0185188	-0.123916
0.00772421	-0.0489235	0.0795688	0.270443	-0.122427	-0.144288	-0.0607194	0.31049	-0.0968556	-0.195009
-0.040614	-0.0988914	-0.0440989	0.289523	-0.168717	-0.202874	-0.0542712	0.381399	0.170495	-0.23195
0.0174782	-0.226998	0.331803	0.0145395	-0.170704	-0.173901	-0.189396	0.248356	0.0655615	0.0832624
-0.0935724	-0.350327	0.360938	-0.00430888	-0.171083	-0.0517625	-0.167563	0.113426	0.138182	0.22607
-0.129609	-0.257071	-0.0194127	-0.0454604	-0.0767552	0.193017	0.00904313	0.0879113	0.21089	0.0274475
-0.0706539	-0.200247	-0.0461007	-0.237481	-0.0160698	0.351128	0.0301447	-0.12838	0.142183	0.175478
0.0745666	-0.276485	-0.208444	-0.491019	0.172535	0.386193	-0.176608	0.114242	0.274511	0.130506
-0.0989489	-0.0253765	-0.0311628	-0.444968	0.0194366	0.221225	-0.0912076	-0.0396759	0.323441	0.167235
0.0689449	0.0983538	0.0174065	-0.508631	0.0195341	0.225773	-0.139399	-0.176884	0.283079	0.111824
-0.0368213	-0.0292739	-0.0080744	-0.517625	0.234665	0.354109	-0.28928	-0.226184	0.322819	0.19567
0.137803	0.324162	-0.200014	0.0738091	-0.311995	0.125714	-0.114816	0.212011	0.0254852	-0.272158
0.0372057	0.546765	0.028078	0.193435	-0.910118	0.0373414	-0.3047	0.411981	-0.00142379	-0.038559
-0.174932	0.816299	-0.142129	0.0998955	-0.0821324	-0.106944	-0.508715	0.506424	-0.314371	-0.0933959
0.0292059	0.285396	0.0228813	0.205443	-0.165227	-0.222542	-0.457766	0.652676	-0.386225	0.0361574
0.331168	0.0929839	0.186974	0.205393	0.0382676	-0.41971	-0.471475	0.267489	-0.205499	-0.0255907
0.25273	-0.219062	0.0852734	0.203768	-0.0025961	-0.437992	-0.495204	0.346703	0.205892	0.0604905
0.0262324	-0.202531	-0.0200989	0.22123	0.119101	-0.356965	-0.497813	0.416063	0.268584	0.0261967
0.202474	-0.393275	-0.0836672	0.322175	-0.137643	-0.193856	-0.275612	0.418284	0.13232	0.00880123
0.121511	-0.314988	-0.113035	0.11744	-0.0344989	-0.0244241	-0.247936	0.408483	0.155873	-0.0684246
0.209962	-0.369361	-0.076425	0.166537	-0.076156	0.0314058	-0.357123	0.259702	0.236124	-0.0246666
0.48427	-0.354741	-0.165421	-0.0709779	-0.448202	0.687687	-0.132566	-0.187061	0.31285	-0.125833
0.325835	-0.272129	-0.331704	-0.254291	-0.360394	1.58357	-0.263154	-0.141096	0.0116816	-0.298318
-0.295934	-0.101269	-0.0618313	-0.0264465	-0.243004	1.37724	-0.41165	-0.0310106	-0.0945039	-0.111588
-0.13144	-0.0267525	0.0207536	-0.00654711	-0.0911126	0.37997	-0.138322	0.00338748	0.0410614	-0.0509969
-0.000606667	0.00109439	-0.00068188	-0.000149959	-0.00188957	0.00656194	-0.0193378	0.0101884	0.0116315	-0.00681035
-2.93529e-05	-5.18647e-06	-2.05502e-05	-0.000144738	-0.000106312	-8.27934e-05	-4.28338e-06	0.00129309	-3.86715e-05	-0.000861202
0.00749449	0.000425011	-0.000645685	-0.00253703	-0.0262318	-0.00978548	-0.000198384	0.0917611	-0.00184593	-0.0584363
-0.00426656	-0.00016762	-0.00926333	0.0162354	-0.115942	-0.0203373	-0.00128536	0.350909	-0.0115239	-0.204358
-0.00152704	-0.0334608	-0.0372178	0.25984	-0.098509	-0.179506	-0.0670519	0.377306	-0.0219438	-0.197927
-0.159627	-0.0604925	-0.131654	0.23603	-0.238368	-0.0990975	-0.0390784	0.437046	0.0740974	-0.018852
-0.130202	-0.12406	0.00357679	-0.12897	-0.100005	-0.0575068	-0.0265599	0.13327	0.216976	0.213482
-0.00983398	-0.312234	-0.0545984	-0.28586	0.0802184	0.239944	-0.0648059	-0.000669071	0.170991	0.236849
0.0026257	-0.292295	-0.273718	-0.515881	0.0376041	0.153614	0.161856	0.117858	0.470157	0.138177
-0.0314519	-0.245018	-0.439633	-0.444736	0.154418	0.182042	0.0403298	-0.147901	0.338945	0.593007
-0.196594	-0.275327	-0.467381	-0.482181	0.366794	0.168043	0.148688	0.179263	0.411317	0.147373
-0.0619992	-0.148454	-0.773953	-0.350861	0.473586	0.0862148	0.0311373	0.288407	0.26189	0.19403
-0.0596637	-0.136702	-0.643133	-0.188621	0.124557	0.0800473	-0.0708727	0.264223	0.24221	0.387954
-0.241165	-0.106269	-0.748886	-0.0304873	0.508618	0.219992	0.12304	-0.0514776	0.162771	0.163864
-0.0349289	0.351467	-0.875471	0.270143	-0.744534	0.532006	0.169119	0.0976507	0.218626	0.0159209
-0.416609	0.721517	-0.556859	0.0827351	-0.823776	0.10414	-0.245723	0.450296	0.657685	0.026594
-0.678827	0.774576	-0.479768	0.175498	0.324432	-0.172896	-0.587365	0.431417	0.00341077	0.209519
-0.599304	0.226849	-0.177794	-0.0224084	0.440049	-0.177933	-0.22898	0.401002	-0.173791	0.312312
-0.0599375	-0.0988616	-0.346957	0.309913	0.157151	-0.145317	-0.382301	0.327581	-0.18661	0.425341
-0.194462	-0.0359827	-0.0929987	0.11977	-0.0322922	-0.0626667	-0.310254	0.473624	-0.189292	0.324555
0.0283953	-0.192532	0.243518	0.133665	-0.0437954	-0.341735	-0.234102	0.219694	-0.0125295	0.199423
0.174201	-0.206555	-0.0874916	0.367539	-0.217557	-0.627467	-0.157213	0.298473	-0.0684216	0.524493
0.316302	-0.225369	0.00890552	-0.0675217	-0.19416	-0.469656	-0.0430281	0.298883	0.044545	0.331099
0.226902	-0.207444	-0.0640366	-0.0411339	-0.241488	-0.48832	-0.0656376	0.246511	0.327632	0.307014
0.313359	-0.176831	-0.143559	-0.193058	-0.449986	0.122425	0.268232	-0.187154	0.489836	-0.0432618
0.356361	-0.157244	-0.134961	-0.192963	-0.418275	0.646943	-0.0518898	-0.16016	0.343929	-0.231733
-0.1943	-0.0892063	0.0643196	0.00163988	-0.190388	0.886659	-0.389993	-0.0675003	0.091328	-0.112557
-0.0895618	-0.027095	0.0280936	-0.00306944	-0.0315656	0.237708	-0.215603	-0.012041	0.145453	-0.0323184
-0.000418688	0.0045041	-0.00121926	-6.67707e-05	-0.00135142	0.00442472	-0.0119739	0.00235578	0.00639474	-0.00264927
-1.45801e-06	-3.31359e-08	-9.68895e-06	-5.36585e-05	-1.7261e-06	-1.2542e-05	-1.7244e-08	0.00160513	-1.94363e-05	-0.00150657
6.44393e-06	-0.000204362	-4.68762e-05	-0.00278713	-0.0368546	-0.0134968	-0.000270557	0.0899181	-0.00105373	-0.0352105
-0.00478808	-0.00257681	-0.00180467	-0.00768094	-0.130711	-0.0187436	-0.00127373	0.356894	-0.00786494	-0.18145
-0.0241315	-0.0031262	-0.126721	0.0491068	-0.183894	-0.0735146	-0.0577551	0.511686	0.0618061	-0.153455
-0.119052	0.00208231	-0.223513	-0.0128683	-0.33506	0.00633042	-0.0713276	0.466631	0.0131783	0.273602
-0.0303181	-0.0620992	-0.498463	-0.218211	-0.0494841	0.0161968	-0.0306753	0.248344	0.269711	0.354998
0.204179	-0.11809	-0.855722	-0.334964	0.183401	0.28897	0.15941	0.0108699	0.0937895	0.368157
0.0198126	-0.156489	-1.00909	-0.328897	0.328686	0.0924493	0.242633	0.341129	0.256734	0.213032
-0.074939	-0.180887	-0.571434	-0.360624	0.414352	0.00541486	0.169617	0.407636	-0.00263645	0.193499
-0.0584377	-0.129429	-0.566954	-0.119387	0.217699	-0.079038	0.231064	-0.031483	0.146768	0.389197
0.010077	-0.343494	-0.64758	0.187732	0.505677	0.271862	-0.00471332	-0.09713	-0.141025	0.258594
0.0271292	-0.493406	-0.577356	-0.109222	0.533364	0.149651	0.277564	0.0450834	-0.0872291	0.234421
0.150926	0.0534832	-0.560593	-0.0170052	0.904283	0.167693	0.186724	-0.663	0.0640625	-0.286575
0.0268353	0.221805	-0.406592	0.0158921	-0.0479781	0.313227	0.195574	-0.863795	0.4811	0.0639317
-0.57724	0.933913	-0.497757	0.459057	-0.517829	-0.0773331	-0.256923	-0.00653068	0.261522	0.27912
-0.832442	0.501098	-0.536552	0.15565	0.214126	0.0133736	-0.338242	0.422814	0.0704284	0.329752
-0.656561	0.134012	-0.243923	0.0992107	0.363327	-0.327092	-0.0991925	0.486683	-0.0290487	0.272589
-0.0662823	0.12739	-0.322202	-0.0378866	0.0313399	-0.412743	-0.148413	0.444103	0.063935	0.320764
-0.0194035	-0.015252	-0.256161	0.121788	-0.0241218	-0.330819	-0.213944	0.368372	-0.0494999	0.419042
0.0958096	-0.194162	0.208711	-0.0204702	0.122679	-0.358897	-0.33397	-0.099643	0.190329	0.389614
0.0731608	-0.146952	-0.0566901	0.0121614	0.133208	-0.454509	-0.157756	0.0212942	0.206669	0.369414
0.126795	-0.0878814	0.00472652	-0.537378	0.27549	-0.821313	0.0964197	0.101385	0.407769	0.433982
0.302839	-0.0824909	-0.0781837	-0.439229	0.10812	-1.11458	0.352242	0.073362	0.428814	0.449111
0.422489	-0.0521836	-0.341117	-0.254547	-0.195437	-1.02068	0.678717	-0.187139	0.670283	0.279621
0.554356	-0.0551896	0.119802	-0.111132	-0.12161	-0.874455	0.297194	-0.147099	0.600719	-0.26258
-0.0232981	-0.0375823	0.274573	0.0136923	-0.0559629	0.0294831	-0.231946	0.0162393	0.143911	-0.129108
-0.0517871	-0.0264725	0.167453	-0.00046274	-0.0185406	0.138602	-0.22814	0.0317626	0.0303685	-0.0427831
-0.000292262	0.00324033	0.0178643	-8.61859e-05	-0.00856899	-0.0034671	-0.0121075	0.0149605	-0.0100582	-0.00148495
-6.45856e-09	4.99657e-05	-5.89176e-06	-1.70045e-05	-1.79639e-07	-1.69886e-06	-1.36934e-06	-8.69706e-06	-5.15589e-06	-9.96209e-06
0.000625145	-3.44967e-05	-3.34689e-05	-0.00151328	-0.026166	-0.00228803	-0.000304597	0.0492457	-0.000228221	-0.0193027
-0.00219323	-0.000841	-0.00077157	-0.00513525	-0.0839368	-0.00501258	-0.00053434	0.218719	-0.00206374	-0.11823
-0.00761083	0.00912472	-0.156231	0.0150394	-0.145453	0.000182957	-0.0499706	0.403149	0.0379246	-0.106154
0.0100273	0.0256215	-0.493063	-0.188204	-0.141967	0.0881062	-0.1022	0.272701	-0.0614057	0.590388
-0.0105547	-0.0455143	-0.789095	-0.247332	0.230435	0.185504	0.0787831	0.0999386	0.0594922	0.438343
0.282521	-0.0947411	-1.03113	-0.303461	0.459139	-0.0425111	0.423677	0.141694	-0.00970094	0.174508
0.28679	-0.145614	-0.804766	-0.338878	0.323331	0.16665	0.0870014	0.126878	0.00357167	0.295035
0.0740953	-0.0102816	-0.380122	-0.198689	0.344912	-0.00126747	0.0399421	-0.0158115	-0.0834912	0.230712
0.0617641	-0.115229	-0.2734	-0.0839252	0.347124	0.0597042	0.103496	-0.150239	0.0632892	-0.012585
0.157148	-0.647391	-0.155562	-0.149444	0.444176	0.183626	0.217974	0.0293933	-0.158927	0.0790076
0.0800397	-0.699575	0.095969	-0.213302	0.610081	0.281944	-0.0059654	-0.252466	0.110789	-0.00751696
0.112904	-0.0134021	-0.0949235	0.0830293	0.449392	0.445499	0.110309	-1.04579	0.237387	-0.284408
-0.427552	0.269869	0.144478	0.36517	-0.265857	0.257117	0.0850566	-1.02865	0.4972	0.103163
-0.677576	0.622208	0.0146171	0.270785	-0.0717818	-0.0996438	-0.18784	-0.0634456	-0.0819174	0.274595
-0.852076	0.389876	-0.314722	-0.206864	0.415598	-0.261675	0.0612639	0.0839674	0.378769	0.305868
-0.616456	0.145302	-0.267105	0.067529	0.224829	-0.446885	0.035005	0.221493	0.14375	0.492538
-0.193701	0.325171	-0.103747	0.0553492	0.170143	-0.212776	-0.289873	0.0806593	-0.146765	0.315542
-0.0345753	-0.215791	-0.22934	0.227871	0.190173	-0.1576	-0.175587	0.0774763	0.0554642	0.261908
-0.0595575	-0.289243	-0.200563	0.0120746	0.106879	-0.00801878	0.0723088	-0.120637	0.0467078	0.440049
-0.281272	-0.180221	-0.180217	-0.464704	0.339936	-0.0132066	-0.102924	0.267323	0.262442	0.352847
-0.0287319	-0.121754	0.0230204	-0.485967	0.346423	-0.331652	0.235251	0.110901	-0.121581	0.37409
0.240782	-0.124001	-0.0527369	-0.581109	0.281363	-0.401918	0.424958	-0.0766899	0.0675421	0.22181
0.417401	-0.114093	-0.101448	-0.266048	-0.0392529	-0.719973	0.801751	-0.0462503	0.272965	-0.205052
0.432621	-0.101782	0.451216	-0.081334	-0.207146	-0.735465	0.387491	0.0401738	0.202553	-0.38832
0.088156	-0.0638355	0.561044	-0.00130991	0.00911236	-0.191112	-0.278858	0.0403139	0.0346582	-0.198169
-0.0154463	-0.0318046	0.386108	-0.00129672	-0.0133327	-0.0110704	-0.229479	0.00338942	-0.0260071	-0.0610596
-0.00228722	-0.000598764	0.114123	-0.00320884	-0.0279898	-0.0305667	-0.0378694	-0.00728985	-0.00236095	-0.00195155
-3.96304e-05	-1.10756e-06	-2.13458e-05	-0.00182431	-0.000103169	0.00811167	-0.000113278	-5.77889e-05	-0.000245999	-0.00570505
-5.40103e-05	-1.0147e-05	-0.0115803	0.0122827	-0.0137774	-0.00102796	-1.35467e-05	0.0251551	-0.000777183	-0.0101972
-0.000701683	0.00105826	-0.00779211	0.00615346	-0.0348394	-0.00171435	-5.52794e-05	0.117522	-0.00113963	-0.0784911
-0.0670246	0.0174122	-0.130682	0.0254139	-0.0133937	0.0213985	-0.0224149	0.203319	-0.00986926	-0.0241592
-0.0291779	0.027445	-0.332258	-0.100729	0.3303	0.0582393	-0.246607	0.106774	-0.144184	0.330203
0.245383	-0.061218	-0.588701	-0.3201	0.514747	-0.0329867	0.0406057	0.114927	-0.0291033	0.116448
0.180956	-0.112613	-0.288895	-0.410746	0.343005	-0.0686444	0.275251	-0.0799688	-0.133114	0.294767
0.430118	-0.161732	0.011578	-0.361571	0.383653	-0.0139644	0.0439606	-0.0578074	-0.46798	0.193745
0.198914	-0.0211714	-0.0930454	-0.20272	0.316279	0.108455	0.136898	-0.163793	-0.328183	0.0483654
0.251472	-0.236522	-0.0745577	-0.101229	0.249069	0.135193	0.288156	-0.298902	-0.263551	0.0508705
0.0102065	-0.675946	0.0899921	-0.157925	0.271149	0.294221	0.280925	-0.148806	0.0106508	0.0255332
0.167738	-0.64008	0.109256	-0.233045	0.383432	-0.00947792	0.438555	-0.503654	0.307256	-0.019978
0.202548	0.080516	-0.0816518	0.19179	0.291282	0.0434248	0.171257	-0.974126	0.230717	-0.155752
-0.283609	0.298391	0.247563	0.0246199	-0.248852	0.015125	-0.0403182	-0.572883	0.474368	0.085594
-0.738104	0.556712	0.0599774	0.164142	0.0260605	-0.0911691	-0.121243	-0.121025	0.229698	0.0349538
-0.724553	0.391142	-0.19313	0.0629421	0.200735	-0.142641	0.0675866	-0.0638891	0.183149	0.218663
-0.759352	0.241318	-0.0467291	0.00553887	0.386294	-0.333657	0.174527	0.0331319	-0.0454268	0.344353
-0.171022	-0.181647	-0.287433	0.0950946	0.544013	-0.337978	-0.347217	0.271769	0.106078	0.308344
-0.063662	-0.558584	0.118429	0.0285743	0.211124	-0.182674	-0.149632	0.474045	-0.0853276	0.207707
-0.156879	-0.440924	-0.03532	-0.136744	0.383966	-0.288742	-0.0327865	0.672716	0.0188694	0.0158429
0.029815	-0.263182	0.0808578	-0.273613	0.221486	-0.0332599	-0.126173	0.35876	-0.197898	0.203207
0.199373	-0.176566	-0.108052	-0.0140955	0.0696678	-0.158767	0.116225	0.0778814	-0.182016	0.176347
0.134428	-0.127657	-0.0851599	-0.27496	0.135614	0.0327088	0.345624	0.279868	-0.381113	-0.0593513
0.375714	-0.0940869	0.148597	-0.173003	-0.0556623	-0.113019	0.446317	0.285396	-0.343809	-0.476444
0.470112	-0.0503202	0.378486	-0.0229226	-0.217187	-0.251048	0.266215	0.044769	-0.191091	-0.427009
0.0671595	-0.0351737	0.553945	-0.025258	-0.0848222	-0.242386	-0.099194	-0.050771	0.0373869	-0.120885
-0.00767002	-0.00535324	0.337093	-0.0140641	-0.0688249	-0.0332094	-0.177266	-0.00608334	-0.00930039	-0.015322
-0.000231191	-2.7358e-05	0.0115602	-0.00233626	-0.00304552	-0.00143009	-0.00393876	-8.89159e-05	-0.000423438	-3.86406e-05
-1.52507e-05	-4.5441e-07	-7.03598e-06	-0.000599456	-4.33079e-05	0.002602	-3.7633e-05	7.16778e-05	-8.49024e-05	-0.00188564
-5.70577e-05	-7.40483e-06	-0.0247305	0.0275504	-2.72093e-05	-0.00104369	-6.71259e-06	-5.78564e-05	-0.0015848	-3.51507e-05
-0.00147981	0.00674322	-0.0121535	0.0299461	0.016243	-0.00570043	-0.000274495	0.0285867	-0.00216681	-0.0597439
-0.0845167	0.00383621	0.0316757	0.0268521	0.0740651	-0.0262591	-0.0745195	0.0993176	-0.0160492	-0.0344017
0.108013	-0.00681823	0.0912431	0.0492474	0.234724	-0.0539139	-0.379597	0.00747149	-0.142834	0.0924676
0.369155	-0.109794	0.243727	-0.0676899	0.225248	-0.267562	-0.0477447	-0.118419	-0.279	0.052082
-0.0314595	-0.196327	0.33356	-0.0753649	0.211007	-0.135298	0.239909	-0.0948651	-0.306086	0.0549242
0.332759	-0.158777	-0.0131468	-0.266379	0.358194	-0.197281	0.289456	-0.16738	-0.261912	0.0844671
0.272087	-0.0825097	-0.0979371	-0.323061	0.304465	0.0626866	0.225289	-0.32591	-0.14813	0.113022
0.298729	-0.307523	0.0391306	-0.296493	0.364872	0.172633	0.136995	-0.334068	0.000110933	-0.0743846
0.33269	-0.494451	0.0569494	-0.235267	0.29653	0.0992073	0.260536	-0.219293	-0.130116	0.0332177
0.077585	-0.19639	-0.101689	-0.055375	0.389812	0.0587418	0.409202	-0.54123	-0.0926518	0.051993
-0.0760313	0.201434	-0.103933	0.0755768	0.174511	0.156089	0.230779	-0.683678	0.128385	-0.103132
-0.602855	0.448832	0.198603	0.0880389	-0.225197	-0.0325612	0.152659	-0.260346	0.374172	-0.141346
-0.861849	0.666522	0.0960883	0.238268	0.0679961	-0.338244	0.235474	-0.316384	0.417395	-0.205265
-0.679029	0.0519791	0.00616022	0.229992	0.25974	-0.282059	0.0241259	0.133099	0.0698191	0.186176
-0.476324	0.268307	-0.00952045	-0.0115824	0.553978	-0.173629	-0.0834957	-0.182292	-0.122738	0.237299
-0.244235	-0.53828	-0.130773	-0.0273444	0.495022	-0.278333	-0.0807362	0.589963	-0.18891	0.403627
-0.0524213	-0.574721	-0.142866	-0.197563	0.143235	0.245487	-0.110838	0.582689	-0.00892258	0.115923
-0.0308454	-0.500683	0.0169336	0.0941771	0.22074	-0.0551003	-0.0023598	0.303217	-0.125209	0.0791283
0.247246	-0.349245	-0.262874	0.344069	-0.108115	-0.157403	0.10948	0.403586	-0.310664	0.0839183
0.0918322	-0.192989	-0.151144	0.250881	-0.0774743	-0.025713	0.156287	0.347293	-0.297318	-0.101655
0.172585	-0.153437	-0.30385	0.222565	0.174893	-0.102453	0.00300614	0.425881	-0.212121	-0.227068
0.358889	-0.103093	-0.0319293	0.235415	-0.108747	0.0706549	0.157832	0.15944	-0.333048	-0.405413
0.357045	-0.0592282	0.579842	0.127517	-0.457749	0.0345791	0.179059	-0.0516032	-0.330741	-0.378715
0.0108755	-0.0285078	0.636565	-0.0562318	-0.191538	-0.149385	0.0414111	-0.137434	0.0017064	-0.127459
-0.0131821	-0.00975035	0.338423	-0.0192516	0.0249436	-0.0540551	-0.170952	-0.0225194	-0.0236647	-0.0499913
-0.00191004	-0.00113773	0.0512857	-0.000724638	-0.00573472	-0.0218334	-0.0125867	-0.00061452	-0.00308843	-0.00365549
-1.29962e-05	-5.24329e-07	-2.66449e-07	-1.2094e-05	-5.44397e-05	-0.000308775	-3.09813e-06	0.000517713	-2.48795e-05	-0.00010064
-4.77173e-05	2.0051e-05	-0.0122121	0.0156954	-1.69341e-05	-0.000591282	-2.57676e-05	-0.00105825	-0.000827622	-0.00093576
-0.00461709	0.00558717	-0.000110514	0.0767521	-0.0098961	-0.0215006	-0.00152834	-0.0029733	-0.00510527	-0.0366081
-0.0595416	-0.00368381	0.258277	0.140896	-0.0737423	-0.01134	-0.119275	-0.0517419	-0.0148235	-0.0650231
0.168809	-0.0199665	0.360587	0.310405	-0.190646	-0.0647328	-0.389278	-0.0364497	-0.189874	0.0511495
0.445238	-0.146077	0.245466	0.144257	-0.103152	-0.135354	0.0544218	-0.169731	-0.339249	0.00418042
0.238506	-0.315387	0.395616	-0.11019	0.0690192	-0.151273	0.315399	-0.06141	-0.200274	-0.180004
0.1829	-0.302192	0.0612306	-0.266349	0.360317	-0.499599	0.423952	0.110681	0.0122857	-0.0832253
0.335573	-0.237253	-0.15085	-0.44672	0.348567	-0.276543	0.288697	-0.12572	0.065202	0.199047
0.288354	-0.0975432	0.195046	-0.124978	0.197134	-0.36796	0.311178	-0.18362	0.043062	-0.260674
0.254045	-0.112671	0.165707	-0.18594	-0.0783677	-0.0979553	0.385386	-0.489634	0.152335	0.00709767
0.127874	-0.124264	0.185961	-0.0199007	-0.0792979	-0.133084	0.71625	-0.763267	0.00455784	0.0851718
-0.259481	-0.187652	0.247286	0.0323239	0.0715558	-0.00216233	-0.0110862	-0.249797	0.467011	-0.107997
-0.799798	0.439611	0.393137	0.326276	-0.0239466	-0.0719304	0.0283177	-0.162319	0.128342	-0.25769
-0.673975	0.69618	0.12443	0.04018	0.333352	-0.316078	0.178165	-0.429377	0.0737251	-0.0266004
-0.409104	-0.0877671	-0.088243	-0.162849	0.555509	-0.123013	0.0803266	0.164301	0.0647568	0.00608372
-0.277716	-0.0360325	0.222807	-0.366276	0.414719	-0.249227	-0.0515427	0.0489376	0.0713227	0.223009
-0.0207779	-0.822715	0.380199	-0.0486381	0.2799	-0.158369	-0.228924	0.34012	0.0189015	0.260304
0.00913583	-0.595169	0.0689384	0.309741	0.184924	-0.156298	0.109279	0.134096	-0.194443	0.129798
0.0414205	-0.43313	-0.000924366	0.367354	0.0934419	0.0171244	0.227894	0.290256	-0.45165	-0.151783
0.260352	-0.277869	-0.139206	0.20429	0.249291	0.0728182	0.00432646	0.222669	-0.484269	-0.112403
0.146992	-0.174448	0.332544	0.130377	0.140114	-0.0572312	0.0525962	0.262291	-0.483688	-0.349546
0.169579	-0.166155	0.220917	0.305046	-0.115342	0.168582	-0.086835	-0.00981632	-0.333017	-0.152957
0.19283	-0.142931	0.234306	0.454507	-0.240472	0.143258	-0.0199109	-0.115399	-0.0523484	-0.453839
0.0710845	-0.0535602	0.575488	0.309696	-0.303039	-0.0106804	0.115802	-0.122994	-0.222348	-0.359444
-0.083391	-0.0660886	0.946178	-0.10176	-0.146354	-0.144802	-0.0272961	-0.133948	-0.119502	-0.123034
-0.0396166	-0.0330556	0.509775	-0.0208463	-0.0915265	-0.085759	-0.13894	-0.0169568	-0.051145	-0.0319294
-0.00165014	-0.000655836	0.0788535	-0.00114163	-0.00349108	-0.039148	-0.0282429	-0.00121869	-0.0028542	-0.000450993
0.0	0.0	0.0	0.0	0.0	0.0	0.0	0.0	0.0	0.0
-6.009e-05	0.000379162	-0.00473042	0.0059101	-1.25209e-05	-0.000469877	-2.41359e-05	-8.21728e-05	-0.000701557	-0.000208492
-0.0123514	-0.000197999	0.0433761	0.074128	-0.00371719	-0.0334559	-0.00309718	-0.00255484	-0.00519942	-0.0569301
-0.0513851	-0.00772424	0.262108	0.327832	-0.219387	0.01839	-0.113024	-0.059235	-0.0377578	-0.119814
0.123822	-0.0394027	0.446357	0.384964	-0.147651	0.0642034	-0.428406	-0.0131493	-0.177181	-0.213553
0.350354	-0.272006	0.360978	0.0794739	-0.178276	0.23806	-0.0305406	-0.0586047	-0.260091	-0.229346
0.311849	-0.458237	0.264818	-0.0605541	-0.0495072	0.410704	0.121915	-0.215117	-0.114097	-0.211773
0.241392	-0.413041	0.14915	-0.0342874	0.17532	-0.305679	0.24708	-0.292022	0.124788	0.107299
0.123854	-0.240739	0.117501	-0.252945	0.233061	-0.33201	0.335018	-0.217842	0.0973122	0.136786
0.275966	-0.129224	0.182792	-0.57224	0.109749	-0.232669	0.352153	-0.254773	0.342341	-0.0740952
0.421909	0.0932708	0.404634	-0.593465	0.003464	-0.355869	0.59912	-0.616755	-0.0209672	0.0646592
0.107292	-0.147406	0.321225	-0.4367	-0.0775903	-0.296353	0.562569	-0.300904	0.285396	-0.0175286
-0.128272	0.100944	0.36457	-0.295834	-0.0132633	-0.490502	0.0914959	-0.0462265	0.325193	0.0918955
-0.662595	0.466832	0.293999	-0.221744	0.18567	-0.450756	0.116597	0.0391229	0.231614	0.00125852
-0.623954	0.540917	0.0630478	-0.378667	0.547769	-0.262944	0.118202	0.056243	0.0727206	-0.133333
-0.33273	-0.00567243	0.178103	-0.408372	0.355758	-0.0237862	0.00800706	0.0770951	-0.125996	0.277594
-0.0647566	-0.389762	0.0706439	0.0425906	0.298045	0.020487	-0.113879	-0.0986646	0.203298	0.0320005
0.136661	-0.678635	-0.182909	0.272288	0.229091	0.201897	0.0587806	0.00126065	-0.108229	0.0697976
-0.0542124	-0.363114	0.0399605	0.0194824	0.293736	0.285565	0.179872	0.0824205	-0.383749	-0.0999603
0.089647	-0.238143	0.0312468	0.33575	-0.147569	0.0675813	0.180882	-0.0780091	-0.0430992	-0.198288
0.174576	-0.175057	-0.0598521	0.0551494	0.0543417	0.00437512	0.0330441	0.10203	-0.0377518	-0.150854
-0.0453598	-0.104925	0.0826584	0.101332	0.138015	0.00275492	0.103035	0.0363132	-0.093282	-0.220542
0.192686	-0.035266	0.105152	0.317648	-0.172523	-0.0466107	0.0897626	0.029629	-0.165886	-0.314589
0.0787639	-0.0578104	-0.0311159	0.433076	-0.201577	0.138055	0.0494882	-0.0869815	0.143471	-0.465366
-0.00115342	-0.0263331	0.50073	-0.0672312	-0.264354	0.0684435	0.092948	0.065432	-0.00716423	-0.361314
-0.037238	-0.0934208	0.988154	-0.190037	-0.212624	-0.17705	-0.0087956	0.0313786	-0.220531	-0.0798321
-0.0190035	-0.00928901	0.257752	-0.018177	-0.0495582	-0.0358855	-0.0903595	0.0241643	-0.043791	-0.0158526
0.0202249	-0.00094447	0.0251056	-0.000911463	-0.0218476	-0.00615155	-0.0103951	-0.00298087	-0.000709971	-0.00138944
-3.16856e-05	-1.32104e-05	-1.71552e-05	-0.000562489	-0.00537559	-0.000267722	-4.91749e-06	0.00543356	-0.000199583	0.00103879
-1.3286e-05	8.69362e-05	-0.000218841	0.00054524	-2.37903e-06	-0.000242593	-5.44345e-06	-1.72773e-06	-0.000104912	-4.29955e-05
-0.0105375	-0.000669627	-0.00886838	0.074081	-0.00727922	-0.0211845	-0.00236071	0.0134876	-0.00471462	-0.031954
-0.102446	-0.00920426	0.136084	0.512698	-0.146875	0.00445419	-0.082758	-0.0226178	-0.115377	-0.173954
0.0439086	-0.0857733	0.502786	0.310178	-0.0598055	0.275133	-0.348205	-0.101746	-0.269044	-0.267425
0.0947962	-0.33822	0.592176	0.293037	-0.0927492	0.267699	-0.270579	-0.129959	-0.0857776	-0.330425
0.125228	-0.617299	0.201493	0.168291	-0.0886009	0.527977	0.0559022	-0.389039	0.0966284	-0.0805791
0.0835958	-0.437293	0.451028	-0.180393	0.0412114	0.158822	0.242633	-0.340831	0.0221958	-0.0409709
0.262772	-0.0891443	0.0877556	-0.134297	0.100129	-0.00905983	0.159977	-0.297243	0.045864	-0.126755
0.310933	0.00224441	0.0140099	-0.39256	0.0867086	-0.175391	0.315449	-0.343177	0.24298	-0.0611982
0.3791	-0.183548	0.292864	-0.444841	-0.26915	-0.143932	0.259015	-0.389486	0.228287	0.271692
0.0933755	-0.15966	0.151155	-0.420241	-0.0767532	-0.097017	0.179945	-0.147049	0.306516	0.169728
-0.300052	-0.00457996	0.320057	-0.533021	0.188916	-0.109861	0.655998	-0.188282	0.247722	-0.276896
-0.620368	0.0927705	0.327725	-0.324725	0.32241	-0.0781425	0.371219	0.07118	0.0463694	-0.208435
-0.492531	0.210896	0.145047	-0.234167	0.339931	0.0309605	0.00395583	-0.0758935	-0.113869	0.185672
-0.178975	-0.263408	-0.0603398	0.205976	0.208546	-0.0064329	0.0624431	-0.0887002	-0.0401844	0.161079
-0.020074	-0.45579	0.107501	0.417287	0.30131	0.00689847	0.209653	-0.202928	-0.240539	-0.123316
-0.0119417	-0.178024	0.256751	0.165491	-0.207216	0.158315	0.263286	-0.11499	-0.248564	-0.0831064
-0.0217654	0.0213368	0.0815564	0.114701	-0.0547051	-0.0936667	0.261286	-0.111109	-0.053328	-0.144306
-0.0659889	-0.0231608	0.105011	0.172029	-0.140411	0.0754626	0.0221578	-0.0458982	-0.0127313	-0.0864689
-0.190232	0.0470835	-0.0328926	0.131787	0.00853756	0.00997514	-0.000698913	-0.0294115	0.0709653	-0.0151143
-0.0627791	0.00402752	0.139815	0.375053	0.0289402	-0.0246143	0.0886365	-0.13627	-0.194403	-0.218405
0.240915	-0.063214	0.102576	0.454664	-0.364905	0.0992622	0.0429375	-0.192222	0.0150057	-0.335018
0.108388	-0.0709234	0.428899	0.19794	-0.240565	0.180807	0.0727676	-0.374609	0.140451	-0.443153
-0.0294105	0.010956	0.780087	-0.235665	-0.226334	0.202847	0.0457022	-0.199895	-0.0550411	-0.293242
-0.0337404	0.0273086	0.679827	-0.118139	-0.197645	-0.109254	0.0337912	-0.0152708	-0.194748	-0.0721298
-0.010039	0.0130958	0.0858158	-0.0145827	-0.0156644	-0.0274539	-0.0298878	0.0259749	-0.0235299	-0.00372882
-0.00651341	-8.9233e-06	0.0370891	-0.000226679	-3.48242e-05	-0.0144493	-0.0150663	-1.77671e-05	-0.000370696	-0.00040119
-1.98312e-09	6.1564e-05	-4.18532e-05	-3.86396e-06	-1.12129e-08	-1.05466e-07	-2.56675e-07	-5.6071e-07	-1.45908e-05	-3.19808e-07
0.00591274	0.000312751	-0.00211597	-4.15059e-05	-0.00941753	-0.000672497	-0.000628263	0.020081	-0.000810253	-0.0126205
-0.00543484	-0.000923012	-0.00990783	0.0600395	-0.00453528	-0.0182495	-0.00271217	0.0131217	-0.00833498	-0.0230635
-0.0794142	-0.0115912	-0.029165	0.534334	0.0160148	0.0152272	-0.0813784	-0.0675238	-0.161999	-0.134502
-0.0127591	-0.137555	0.305942	0.348789	-0.0699051	0.326359	-0.216551	-0.0807945	-0.237387	-0.226135
0.0765609	-0.47023	0.183647	0.445277	0.0511016	0.246524	-0.230023	-0.19679	0.106271	-0.212337
0.194697	-0.319364	0.0942293	0.118575	-0.0524736	0.332883	-0.00410332	-0.351935	0.11489	-0.127399
0.16065	-0.0111929	0.357467	-0.0663717	-0.0906638	0.0642648	0.162203	-0.462284	-0.0548116	-0.059262
0.194265	-0.0354908	0.214299	-0.0279686	-0.2609	0.286079	0.0109076	-0.28169	0.0587175	-0.158218
0.101408	0.0688181	0.288995	-0.0134332	-0.407299	0.0716816	0.298368	-0.306351	0.227226	-0.329415
0.264015	-0.132343	0.373561	-0.0689205	-0.472716	0.0716663	0.430343	-0.497308	0.215582	-0.18388
0.339679	-0.101605	0.200059	-0.232855	-0.145849	0.0390964	0.660978	-0.272833	-0.15738	-0.329285
0.21523	-0.107723	0.199138	-0.252888	-0.481483	0.0777147	0.576472	-0.127973	0.0465025	-0.144989
-0.151975	0.184646	0.429972	-0.122751	-0.197858	0.0936054	0.181239	-0.0802739	-0.140905	-0.195697
-0.266387	-0.130428	0.102727	0.00988986	0.219496	-0.0230845	0.320485	0.178009	-0.135474	-0.275232
-0.166691	-0.00323077	0.212124	0.0447788	0.0100691	0.066126	0.260166	-0.154417	-0.0344242	-0.2345
-0.170132	0.186229	0.26957	0.161715	-0.0535617	-0.0635257	0.242747	-0.385468	-0.0405751	-0.146997
0.0120999	-0.02876	0.260059	0.327826	-0.199741	-0.105676	0.225693	-0.35345	0.0554317	-0.19348
-0.0103933	0.11602	0.0917302	0.24187	-0.169529	0.0230109	0.11969	-0.423761	0.149393	-0.13803
-0.128978	0.169833	-0.0786032	0.182407	-0.24387	-0.0158067	0.175964	-0.125451	0.0617615	0.0027443
-0.0122419	0.0710295	0.117583	0.0493234	-0.201062	0.14947	0.0655577	-0.286965	0.0572796	-0.00997547
0.0801555	0.0156911	0.254139	0.33304	-0.0855416	0.0965313	0.16593	-0.479415	-0.0976883	-0.282841
0.257416	-0.0558507	0.37415	0.152741	-0.503408	0.126413	0.17237	-0.466571	0.246714	-0.303974
0.0337528	-0.0287584	0.352602	0.160528	-0.35703	0.244467	0.067534	-0.425376	0.191814	-0.239528
0.0171986	0.0598155	0.403567	-0.137892	-0.223007	0.232734	-0.017755	-0.108534	-0.0842583	-0.141865
-0.0493714	0.0749537	0.531403	-0.0660326	-0.10291	-0.0308197	-0.102243	-0.0327926	-0.175363	-0.0468227
-0.0109456	0.0128991	0.165865	-0.0104116	-0.00269066	-0.0500685	-0.0590724	-0.00302394	-0.0264418	-0.0161092
-0.00218881	5.26682e-05	0.0168225	-0.000110629	-1.88769e-07	-0.00452793	-0.0099373	-4.94205e-07	-0.000109605	-2.55585e-07
0.0	0.0	0.0	0.0	0.0	0.0	0.0	0.0	0.0	0.0
0.0148928	-4.76529e-05	-0.00471055	-0.000321902	-9.51953e-05	-0.000694321	-0.00157541	-0.000209262	-0.00170625	-0.00553224
-0.00722931	-0.00686448	0.0289668	0.0418891	0.000933272	-0.00787841	-0.00276287	-0.0108104	-0.0153257	-0.020918
-0.06925	-0.0261864	0.092135	0.43861	-0.026331	0.0439502	-0.0578242	-0.111098	-0.16318	-0.120825
0.0420253	-0.0842385	0.340428	0.463052	-0.0973488	0.118832	-0.197107	-0.248399	-0.207379	-0.129861
0.224535	-0.33788	0.286645	0.261447	-0.191851	0.385564	-0.270283	-0.3052	-0.0542963	0.00132162
0.205178	-0.0447596	0.242576	0.389346	-0.233847	0.211333	-0.171583	-0.45226	0.0638081	-0.209793
0.144172	0.0368758	0.531247	0.203358	-0.42734	-0.140528	0.20599	-0.479762	0.351327	-0.425338
0.175461	0.2171	0.264465	0.220134	-0.534211	0.235372	-0.0248007	-0.284259	0.0203293	-0.289591
0.171844	0.109895	0.277974	0.337271	-0.411772	0.240355	0.279833	-0.375026	-0.139727	-0.490645
0.25952	0.189026	0.289407	-0.0229514	-0.42162	0.0191384	0.492406	-0.322105	0.127531	-0.610353
0.415171	0.224484	0.412993	-0.169422	-0.174292	0.118329	0.345317	-0.332528	-0.184144	-0.655907
0.44605	0.102953	0.273415	-0.451629	-0.252348	0.0457778	0.503579	-0.125616	0.0563149	-0.598495
0.166646	-0.102324	0.102066	-0.099232	-0.407053	0.0879747	0.254014	0.029655	0.126677	-0.158423
-0.0160519	-0.0202148	-0.0193069	0.108522	-0.120435	-0.115651	0.662292	0.0834897	-0.254678	-0.307964
-0.014378	-0.0120994	0.0712869	-0.0599966	-0.0324303	0.00755775	0.36154	-0.234271	0.162236	-0.249445
-0.118355	0.284904	0.0440484	0.0950269	0.110993	0.137887	0.178492	-0.409555	-0.229527	-0.0939131
0.00464089	0.310256	-0.136818	0.193718	0.0540703	0.191849	0.0870075	-0.527953	-0.0541817	-0.122587
-0.0974407	0.400211	0.111451	0.299074	-0.0923034	0.161346	0.276822	-0.735536	-0.0522568	-0.271368
-0.0949815	0.361083	0.263596	0.151864	-0.265373	0.117269	0.052406	-0.464679	-0.0210159	-0.100167
-0.0612896	0.187054	0.220646	0.29105	-0.167953	-0.0365348	0.221342	-0.641641	0.188168	-0.200842
0.073447	0.0278033	0.336842	0.1404	-0.0849259	0.132052	0.0645002	-0.623153	0.2664	-0.333366
0.141838	-0.0492698	0.291519	0.022258	-0.319389	0.47944	-0.0827765	-0.53902	0.29285	-0.237448
-0.0596688	-0.0518889	0.304264	0.0866803	-0.29679	0.199352	0.0326174	-0.28595	0.152585	-0.0811983
-0.0293462	-0.0160405	0.461337	-0.100701	-0.152858	0.111183	-0.0704992	-0.0564742	-0.172411	0.0258143
-0.0409375	0.0132565	0.246918	-0.0385356	-0.104487	0.0840036	-0.046999	-0.0394813	-0.112843	0.0391061
-0.00163024	0.014348	0.0466092	-0.00292149	-0.00073036	-0.00702523	-0.0113574	-0.0019351	-0.0237807	-0.0115766
-2.11467e-05	0.000204718	-0.000166961	-4.74679e-05	-3.6342e-05	0.000460183	-4.81163e-06	-3.20474e-05	-0.000323207	-3.29171e-05
-2.22488e-08	0.000113876	-5.27863e-05	-1.8344e-05	-4.77274e-07	-6.86215e-07	-8.08414e-07	-7.70448e-06	-3.13152e-05	-1.73236e-06
-5.77295e-05	1.2048e-05	0.000167249	0.000814568	-3.07796e-06	-0.000303147	-3.27205e-05	-0.000232858	-0.000119772	-0.000244561
-0.0211861	-0.0117341	0.0655731	0.0712746	-0.000597829	-0.0183314	-0.00198077	-0.0500835	-0.0152199	-0.017714
-0.0455018	-0.0126356	0.170842	0.285652	-0.0661136	0.0616109	-0.0390391	-0.147497	-0.111319	-0.0959959
-0.0643726	0.0824749	0.201223	0.283726	-0.110829	0.251566	-0.176841	-0.261363	-0.0803782	-0.125201
0.138378	0.362491	0.178593	0.0404529	-0.12052	0.107034	-0.273503	-0.314924	-0.0725327	-0.0454677
0.159119	0.284106	0.173217	0.25025	-0.369029	0.159227	-0.362575	-0.408001	0.249252	-0.135569
0.128069	0.133183	0.142978	0.216591	-0.419786	0.279375	-0.0598056	-0.451839	0.29787	-0.266634
-0.0493071	0.20345	-0.023185	0.203653	-0.103884	0.154645	0.181772	-0.268449	-0.0815021	-0.217196
0.0493488	0.0370671	0.259425	-0.238862	-0.158768	0.163839	0.232091	-0.374073	0.214412	-0.184481
0.232263	0.26104	0.128949	-0.117851	-0.225379	0.0706006	0.264843	-0.2217	-0.124735	-0.268032
0.347477	-0.120917	0.113568	-0.125657	-0.0700776	0.224154	0.333853	-0.257554	-0.0178282	-0.427017
0.328446	-0.157877	-0.0129794	-0.0536305	-0.123747	0.113207	0.57492	-0.114383	-0.179555	-0.374402
0.106822	-0.196037	0.162762	-0.0161991	-0.234981	0.0656814	0.548615	-0.184943	0.0980673	-0.349786
-0.0217703	0.155876	0.142567	-0.0840634	-0.153935	0.107592	0.599396	-0.311497	-0.0645279	-0.369635
0.00417875	0.0912183	-0.0379611	0.0253543	0.106507	0.0511485	0.271216	-0.163515	-0.0260579	-0.322088
0.0202398	-0.0201156	0.134988	0.0986756	-0.0985453	-0.0331457	0.261351	-0.057295	-0.150964	-0.155187
-0.176616	0.0708438	0.286145	-0.0119996	0.0600929	0.110654	0.379501	-0.37802	0.000418759	-0.34102
-0.186632	0.406847	0.322774	0.221209	-0.157861	-0.0250351	0.269608	-0.438388	-0.0606618	-0.351865
-0.248482	0.278455	0.427705	0.306423	-0.0177126	-0.0453008	0.118458	-0.449527	-0.0532876	-0.316732
-0.108965	0.35372	0.049316	0.0328485	-0.0213992	0.228419	0.0690387	-0.522054	0.157057	-0.23798
0.0171321	0.199949	0.174693	-0.0996914	-0.00164235	0.384541	-0.0367287	-0.580032	0.0555205	-0.11374
0.03211	-0.167946	0.358822	-0.049846	-0.12975	0.431801	0.0543959	-0.503097	0.165877	-0.192363
0.00830467	-0.124198	0.493812	-0.151122	-0.085018	0.231245	-0.026416	-0.289683	-0.0320103	-0.0249086
-0.0511308	0.012874	0.35535	-0.138877	-0.110332	0.142486	-0.0381181	-0.0520049	-0.221187	0.10094
-0.022913	0.00175139	0.144425	-0.0290418	-0.0935802	0.125778	-0.0397769	-0.0228197	-0.0740672	0.0102456
0.0197948	-0.00106041	0.0150223	-0.00405134	-0.00169306	0.00322749	-0.00339367	-0.00202585	-0.00759503	-0.0182253
5.51784e-06	-4.4883e-11	-1.14677e-06	-3.21787e-07	-3.89952e-09	-1.55342e-06	-2.37335e-07	-7.71373e-09	-2.22998e-06	-1.68993e-08
-2.15535e-08	0.000110318	-5.11367e-05	-1.77707e-05	-4.62359e-07	-6.64771e-07	-7.83151e-07	-7.46371e-06	-3.03366e-05	-1.67822e-06
-9.04996e-07	3.24005e-05	-1.78501e-05	2.98297e-05	-1.90069e-07	-1.04016e-05	-2.561e-07	-1.32939e-05	-1.14991e-05	-7.83431e-06
-0.00409379	-0.0113441	0.0459222	0.0814963	-0.000409074	-0.0124173	-0.000232019	-0.0678675	-0.011298	-0.0197566
-0.0547922	-0.0130841	0.133855	0.228009	-0.0669882	0.032029	-0.01715	-0.147739	-0.0426179	-0.0515207
-0.23425	0.13863	0.196924	0.197857	-0.101966	0.251475	-0.0845447	-0.194027	-0.0632899	-0.106805
-0.0413161	0.710131	0.17864	0.0479912	-0.158691	-0.0529968	-0.181519	-0.102618	-0.126197	-0.273421
0.0532451	0.465037	0.328961	0.172729	-0.223379	-0.208872	-0.349166	-0.115526	0.0669864	-0.190014
0.0813179	0.110106	0.288676	0.124185	-0.260447	-0.0109367	-0.267979	0.0423621	0.149357	-0.256643
0.186324	0.0651397	0.334264	-0.0654762	-0.21334	0.0900308	-0.152113	-0.0954591	-0.0958092	-0.0535629
0.165119	0.109031	0.275304	0.01369	-0.257644	0.0620544	0.0564162	-0.242342	-0.0594308	-0.122198
0.14782	-0.0984379	0.058569	0.0429818	-0.173453	-0.051299	0.159568	-0.12458	0.0363275	0.00250322
0.178966	-0.385735	0.144677	0.147446	-0.149931	0.0950123	0.0605175	-0.289145	0.200159	-0.00196735
0.149845	-0.533034	0.0997377	-0.0569785	-0.198756	0.141203	0.323836	-0.063937	0.127223	0.0108614
0.467619	-0.366424	0.0118349	-0.10523	-0.114165	0.245507	0.284564	-0.37619	0.154098	-0.201617
0.109211	-0.106648	-0.0732927	-0.104682	-0.188401	0.152622	0.0352724	-0.118566	0.270161	0.0243246
0.108779	0.0289006	-0.13647	0.0605725	-0.159416	0.0617457	0.248149	-0.0573553	0.0883392	-0.243244
0.0441749	0.00936971	-0.0171173	0.0416735	-0.11405	0.144953	0.185067	-0.0553445	-0.0562743	-0.182452
0.0675943	0.234248	-0.0461479	0.145449	0.0217319	-0.0149806	0.052923	-0.265539	0.0666512	-0.261929
-0.0981482	0.418853	0.127446	0.0819866	-0.0320127	0.134894	-0.0433371	-0.299794	0.00159708	-0.291484
-0.118879	0.261377	0.256057	0.205077	0.245612	0.141299	-0.0323715	-0.290864	-0.159816	-0.507491
-0.171288	0.243741	0.295179	0.167535	0.0514598	0.11843	0.0850341	-0.496695	-0.102782	-0.190614
-0.0778	-0.00398474	0.258588	-0.0463063	0.265606	0.0643413	0.0718511	-0.560335	0.111737	-0.0836953
0.0436592	-0.166348	0.388065	0.0378497	-0.0105579	0.192472	-0.0987236	-0.393232	-0.0253949	0.0322129
0.0502145	-0.0848521	0.259554	-0.0811546	-0.116671	0.224869	-0.116761	-0.278464	-0.00723846	0.150507
-0.0350991	-0.013398	0.210832	-0.0979795	-0.0946817	0.14668	-0.0543819	-0.0502201	-0.098153	0.0864028
-0.0156188	-0.00273454	0.07156	-0.0250876	-0.0600162	0.082717	-0.0148498	-0.0228505	-0.0304253	0.0173059
0.00210222	0.00443538	-0.0223046	-1.73123e-05	0.0039139	0.0225702	-0.000120908	-0.00104448	-0.00399946	-0.00553487
1.01868e-05	-8.28609e-11	-2.11712e-06	-5.94068e-07	-7.19911e-09	-2.86785e-06	-4.38156e-07	-1.42407e-08	-4.11689e-06	-3.11988e-08
0.0	0.0	0.0	0.0	0.0	0.0	0.0	0.0	0.0	0.0
0.0	0.0	0.0	0.0	0.0	0.0	0.0	0.0	0.0	0.0
-0.000329061	-0.000178728	0.00124857	0.0713717	-0.000158846	-0.000554504	-3.0367e-05	-0.0506327	-0.00247412	-0.0182619
-0.0271019	-0.0493341	-0.0284764	0.244456	-0.013717	0.039429	-0.0018978	-0.113991	-0.0336736	-0.0156922
-0.17279	-0.00811819	-0.00112485	0.33692	-0.0504786	0.171523	-0.0158342	-0.0143482	-0.107121	-0.138628
-0.183496	0.403156	-0.0508027	0.312076	-0.0999065	0.176654	-0.0548812	0.0996524	-0.380024	-0.222426
-0.074345	0.369054	-0.00286273	0.267539	-0.0695573	-0.0303916	-0.129526	0.259402	-0.36388	-0.225429
0.11927	0.0927745	0.0915123	0.248542	-0.0593808	-0.184239	-0.263042	0.32883	-0.182528	-0.19174
0.17831	-0.042955	0.158194	0.00150318	-0.0484337	0.112182	-0.295656	-0.293437	0.217696	0.0125964
0.271275	0.0330018	0.1801	0.172544	-0.0370569	0.0911561	-0.320365	-0.161598	0.0459222	-0.274979
0.335413	-0.0842233	-0.00867356	0.106317	-0.028566	0.271918	-0.398219	-0.13312	-0.0517043	-0.00914022
0.325074	-0.0855037	0.206803	0.203603	-0.0259844	0.0450893	-0.289045	-0.321758	0.0759554	-0.134234
0.196526	0.18261	0.115195	-0.197038	-0.152467	0.110926	-0.0542032	-0.28941	0.174723	-0.0868625
0.237202	-0.0662891	-0.109208	0.129151	-0.0917825	-0.0882833	-0.0298214	-0.2896	0.43091	-0.122277
0.253913	-0.22944	-0.0468094	-0.172132	-0.0117611	0.0859271	0.0517817	-0.14947	0.192453	0.0255384
0.194167	0.0944179	-0.0871273	-0.0551836	-0.0664984	-0.0348039	0.0070444	-0.0243917	0.157823	-0.185447
0.0158168	0.053933	-0.0212633	-0.273811	0.145459	0.176841	-0.0863688	-0.177271	0.316955	-0.150293
0.0607441	0.250078	-0.0731269	0.0754494	0.010668	-0.0203745	-0.0652901	-0.140913	0.0583752	-0.155612
-0.323464	0.0168487	0.258574	0.31666	0.228505	-0.257975	0.0221873	-0.259251	0.152822	-0.154908
-0.362204	0.0406304	0.458587	0.00558337	0.209885	-0.0635052	0.0565005	-0.406476	0.149043	-0.0880457
-0.336427	-0.0711733	0.385564	0.0474294	0.223761	0.062208	0.0206386	-0.513294	0.186003	-0.00470776
-0.167241	-0.146688	0.460088	-0.0526047	0.226437	-0.020812	-0.048368	-0.499908	0.03942	0.209682
-0.0596358	-0.120789	0.394428	-0.137499	-0.0862703	0.0545627	-0.0480891	-0.327751	-0.00338186	0.334429
-0.038764	-0.0973258	0.246876	-0.0818629	-0.132636	0.137328	-0.0451815	-0.287774	0.0546184	0.244725
-0.0553149	-0.0241048	0.198297	-0.0411399	-0.0888715	0.0951785	-0.0306448	-0.083062	-0.0673006	0.0969639
-0.0103622	0.000369404	0.0733407	-0.0238127	-0.00198458	0.0324148	-0.00786234	-0.0263253	-0.0244825	-0.0112952
-1.64493e-05	0.0190266	-0.0157508	0.00736184	0.00400182	0.0132408	-0.000138196	-0.000858507	-0.0168078	-0.0100593
0.0	0.0	0.0	0.0	0.0	0.0	0.0	0.0	0.0	0.0
0.0	0.0	0.0	0.0	0.0	0.0	0.0	0.0	0.0	0.0
0.0	0.0	0.0	0.0	0.0	0.0	0.0	0.0	0.0	0.0
-0.0015034	-9.60152e-06	-0.00204321	0.0330431	-1.13617e-05	-0.000456742	-3.93875e-06	-0.0242774	-0.000127904	-0.00460959
-0.00250116	-0.0332652	-0.0713628	0.14616	-0.000329537	0.0387425	-0.000156626	-0.0101182	-0.0537367	-0.0134323
-0.0158286	-0.0623053	-0.123136	0.271691	-0.0212521	-0.00537826	-0.00291525	0.118579	-0.188912	0.0294587
-0.0799193	0.0420374	-0.24342	0.263079	-0.0222095	-0.00025609	-0.0202894	0.379988	-0.368169	0.0491624
-0.107826	0.0362313	-0.351134	0.492693	-0.0337841	-0.0382334	-0.0351799	0.407829	-0.403838	0.0332443
-0.153444	-0.080773	-0.323322	0.472851	-0.0401042	0.0573644	-0.0770276	0.257073	-0.256182	0.143563
-0.0974514	-0.198606	-0.176145	0.174753	-0.0684576	0.13719	-0.14937	0.133766	0.166919	0.0774042
-0.0488828	-0.200263	-0.0629764	0.193714	0.0197671	0.380679	-0.223343	0.0189473	0.0670822	-0.144724
-0.0263809	-0.273956	-0.172262	0.402661	0.00826358	0.178619	-0.301521	0.0764342	0.0771221	0.0310185
-0.0182383	-0.304878	-0.113343	0.362902	0.13866	0.131975	-0.423743	-0.0109726	0.381373	-0.143736
0.23678	-0.267779	0.0779311	0.225105	-0.173259	0.199972	-0.369939	-0.0159954	0.289243	-0.20206
0.22699	-0.355351	0.0219525	0.327577	-0.191283	0.350568	-0.396138	0.139672	0.158273	-0.282261
0.133369	-0.369852	0.259939	0.330945	-0.0932729	0.280387	-0.348679	-0.0398788	0.200402	-0.353357
-0.0320183	-0.288874	0.0556346	0.175961	-0.11608	0.274753	-0.290714	-0.0582717	0.291704	-0.012096
-0.102895	-0.486535	0.0226607	0.280281	0.0351265	0.103666	-0.156353	-0.103151	0.484504	-0.0773052
-0.162977	-0.147657	0.159901	0.187537	-0.139394	0.223969	-0.100532	-0.0518228	-0.0448054	0.0757818
-0.288801	-0.0131694	0.224201	-0.178036	-0.0182512	0.226756	-0.101599	-0.226923	0.313282	0.0625411
-0.316892	0.0211082	0.00637537	-0.144021	0.113202	0.0474216	-0.10735	-0.193809	0.480641	0.0933241
-0.300713	-0.025515	0.0179726	-0.0597862	0.0835694	0.0506309	-0.0609488	-0.223218	0.13915	0.378861
-0.210622	-0.0295512	0.186279	-0.0223596	0.0726687	0.000551307	-0.0647373	-0.244368	-0.0479104	0.360051
-0.0944197	-0.0672834	0.0721249	-0.0435887	0.0239095	0.161345	-0.0379257	-0.233519	-0.0578954	0.277254
-0.0364301	-0.0284707	0.111356	-0.0282993	-0.0265184	0.11617	-0.0152723	-0.258674	-0.0412801	0.207421
-0.00568644	-0.0126843	0.235488	-0.0320455	-0.052773	0.0681695	-0.00332419	-0.10267	-0.0587455	-0.0357286
-0.000423401	0.00619178	0.128174	-0.00662624	0.00877635	-0.0237234	-0.000369638	-0.0419769	-0.0284343	-0.0415879
-4.05874e-07	0.00142102	0.0196049	-1.57035e-05	-0.000118651	-0.000409409	-3.71431e-05	-1.71368e-06	-0.00411246	-0.0163304
0.0	0.0	0.0	0.0	0.0	0.0	0.0	0.0	0.0	0.0
0.0	0.0	0.0	0.0	0.0	0.0	0.0	0.0	0.0	0.0
0.0	0.0	0.0	0.0	0.0	0.0	0.0	0.0	0.0	0.0
-2.47796e-05	-2.56395e-07	-4.96935e-05	0.00309843	-7.7851e-05	-8.28653e-06	-3.54052e-07	-0.00457356	-0.000257876	0.00189422
-0.000127045	-0.00309873	-0.0175574	-0.0276942	-7.2272e-05	0.0387366	-5.16484e-05	0.0208399	-0.00416399	-0.00681129
-0.00293998	-0.0471605	-0.0557635	-0.00251787	0.00182038	0.045029	-0.000900182	0.126104	-0.102006	0.0383353
-0.0173316	-0.0976838	-0.0846132	0.103128	-0.0463124	-0.0143658	-0.00183056	0.0764185	-0.199868	0.28246
-0.0823901	-0.123912	-0.081986	0.283336	-0.127864	-0.020774	-0.00560063	0.0104275	-0.150296	0.299062
-0.130243	-0.163404	-0.170241	0.483698	-0.205945	-0.00137058	-0.010512	0.0569178	-0.146959	0.288063
-0.205527	-0.15376	-0.336525	0.706614	-0.382648	0.00996742	-0.0379542	0.309587	-0.238525	0.328779
-0.303753	-0.245677	-0.391241	0.704768	-0.285627	0.165061	-0.0541082	0.382677	-0.197854	0.225757
-0.431322	-0.503265	-0.331916	0.658472	-0.136015	0.187658	-0.0501167	0.23645	0.0962952	0.273761
-0.447091	-0.418893	-0.3369	0.551217	-0.287674	0.315016	-0.0490103	0.438558	0.0873367	0.147442
-0.559187	-0.26551	-0.219542	0.673881	-0.459449	0.313109	-0.0461284	0.352674	-0.0672366	0.27739
-0.506357	-0.328339	-0.136705	0.539255	-0.239605	0.322275	-0.101227	0.281606	-0.0454468	0.214548
-0.476567	-0.366338	-0.0123507	0.334564	-0.218491	0.12199	-0.097656	0.222996	0.144345	0.347511
-0.423216	-0.389923	0.0448359	0.177358	-0.271963	0.350655	-0.101574	0.233727	0.272449	0.107652
-0.292348	-0.380232	0.00346438	0.241972	-0.400928	0.295593	-0.0844508	0.146329	0.262761	0.207841
-0.331046	-0.235422	-0.0614405	0.173789	-0.411505	0.281551	-0.0560267	0.119066	0.276995	0.244043
-0.284606	-0.116989	-0.210675	0.0918508	-0.332927	0.176037	-0.047649	0.247065	0.178562	0.299335
-0.161811	-0.090571	-0.249328	0.145299	-0.390181	0.158525	-0.0303625	0.0689157	0.109832	0.439686
-0.168701	-0.0350758	-0.165625	-0.00155791	-0.227828	0.112893	-0.0164943	-0.0911192	0.0361651	0.557347
-0.131584	-0.00753192	-0.13891	-0.0873442	-0.159329	0.192133	-0.00977669	-0.0768852	-0.0283079	0.447538
-0.0550955	-0.00470478	-0.124836	-0.0323401	-0.071916	0.239418	-0.00665201	-0.0156114	-0.0391277	0.110867
-0.0133953	-0.000930934	-0.0612152	-0.00577396	-0.0632019	0.166098	-0.00290335	-0.0624898	-0.0122783	0.0560906
-0.00277527	-1.16601e-05	-0.00665749	-0.000242761	-0.0401025	0.0909999	-0.000579772	-0.00571101	-0.00606495	-0.0288545
-4.86023e-07	-8.43931e-06	0.0174077	-0.00025439	-0.000961173	-1.28988e-05	-2.38463e-05	-0.00100998	-0.00348736	-0.0116491
-3.60749e-07	-1.00808e-05	0.0208181	-3.7072e-06	-0.000125758	-9.62356e-06	-2.69972e-05	-1.3832e-06	-0.00331181	-0.0173284
0.0	0.0	0.0	0.0	0.0	0.0	0.0	0.0	0.0	0.0
0.0	0.0	0.0	0.0	0.0	0.0	0.0	0.0	0.0	0.0
0.0	0.0	0.0	0.0	0.0	0.0	0.0	0.0	0.0	0.0
0.0	0.0	0.0	0.0	0.0	0.0	0.0	0.0	0.0	0.0
0.0	0.0	0.0	0.0	0.0	0.0	0.0	0.0	0.0	0.0
-0.000198843	-0.000936016	-0.000758073	0.00104902	0.00343262	-0.00281441	-3.93545e-05	-0.0540907	-0.0117346	0.0660903
-0.00369884	-0.00341438	-0.00293867	0.0209532	0.00147955	-0.00810363	-0.000270107	-0.123852	-0.0386091	0.158454
-0.0179275	-0.00672538	-0.00998541	0.0355281	-0.0532476	-0.0309574	-0.00112248	-0.111328	-0.0629366	0.258702
-0.0397067	-0.0098567	-0.0235742	0.045854	-0.13395	-0.103004	-0.00197787	0.00805504	-0.0255378	0.283699
-0.0565998	-0.0161825	-0.0299699	0.0205857	-0.227148	-0.134065	-0.00438382	0.110289	-0.0141799	0.351655
-0.106213	-0.0284633	-0.0300935	0.00299247	-0.361421	-0.0917729	-0.00637512	0.20365	-0.0711902	0.488888
-0.0975149	-0.0841897	-0.0279521	0.0300067	-0.365628	-0.0278715	-0.00720294	0.211016	-0.141539	0.510878
-0.0728387	-0.0743188	-0.0701568	0.0341405	-0.438163	0.0937801	-0.00895774	0.170226	-0.0929348	0.459226
-0.0493271	-0.0920884	-0.0376948	0.00447542	-0.473231	0.0830069	-0.0106451	0.0578269	-0.099942	0.61762
-0.0932867	-0.147243	-0.064681	0.018349	-0.519915	0.00233074	-0.0141699	0.355769	-0.120053	0.582904
-0.129333	-0.12201	-0.0506138	-0.0130069	-0.6424	-0.0289028	-0.0119372	0.421211	-0.167625	0.744618
-0.0976468	-0.0733033	-0.0667868	0.00153681	-0.558224	0.0866695	-0.0100935	0.501964	-0.201821	0.417707
-0.0685932	-0.0538577	-0.0864865	0.0909873	-0.49768	0.0118658	-0.00918254	0.307838	-0.137295	0.442406
-0.0950145	-0.0342054	-0.102575	0.0753551	-0.446243	-0.046205	-0.00876446	0.311932	-0.0692335	0.414956
-0.0610042	-0.0408747	-0.0656254	0.038636	-0.450344	-0.0843201	-0.00794273	0.295474	-0.053447	0.429449
-0.0104824	-0.0220167	-0.0233849	0.00811966	-0.359536	-0.0146542	-0.00484042	0.183784	-0.0695996	0.312611
-0.0427692	-0.00801566	-0.0241613	-0.016357	-0.181417	0.0417917	-0.00329415	0.000988592	-0.0332015	0.266436
-0.0547534	-0.00389392	-0.0289533	-0.0113514	-0.0892601	0.0449913	-0.00224759	0.00124928	-0.0129659	0.157185
-0.0283054	-0.000643736	-0.0107844	0.000499749	-0.0470029	0.0210846	-0.000414403	0.0595937	-0.00311494	0.00908775
-0.00157857	-9.95964e-06	-6.45814e-05	-0.000232724	-0.00225861	0.000328132	-7.84555e-05	-0.0030427	-0.000277061	0.00721454
-4.92222e-06	-1.62118e-09	-5.67553e-07	-1.49218e-06	-0.00128956	-2.50805e-05	-1.49248e-06	-0.000130875	-1.17296e-05	0.00146573
-2.09553e-07	-1.79368e-08	-1.38557e-06	-2.52366e-07	-7.1435e-08	-9.42886e-08	-8.64337e-10	1.98977e-05	-6.77444e-07	-1.71879e-05
0.0	0.0	0.0	0.0	0.0	0.0	0.0	0.0	0.0	0.0
0.0	0.0	0.0	0.0	0.0	0.0	0.0	0.0	0.0	0.0
0.0	0.0	0.0	0.0	0.0	0.0	0.0	0.0	0.0	0.0
0.0	0.0	0.0	0.0	0.0	0.0	0.0	0.0	0.0	0.0
0.0	0.0	0.0	0.0	0.0	0.0	0.0	0.0	0.0	0.0
0.0	0.0	0.0	0.0	0.0	0.0	0.0	0.0	0.0	0.0
-3.16587e-06	-4.12782e-06	-2.15759e-06	-6.33922e-07	-1.23695e-06	-9.49742e-07	-7.3955e-08	0.000151277	-4.15049e-05	-9.74271e-05
-5.82991e-05	-1.07046e-05	-7.80224e-06	-2.48489e-06	-5.63708e-06	-1.69428e-05	-8.24923e-07	0.000642254	-0.000116345	-0.000423216
-8.67532e-05	-9.48907e-06	-3.07295e-05	-3.22376e-05	-0.00684818	-5.31618e-05	-2.55205e-06	-0.000500189	-0.000145771	0.00770906
-0.00017086	-2.24364e-05	-0.000104923	-8.63403e-05	-0.0391557	-0.000517741	-3.88734e-05	-0.00511887	-0.000230382	0.0454462
-0.000494368	-4.7672e-05	-0.000154408	-0.000186849	-0.0410738	-0.0011478	-7.11952e-05	0.00811966	-0.00038537	0.0354419
-0.00108434	-4.39925e-05	-0.000252583	-0.00125309	-0.0201481	-0.000845415	-2.88977e-05	0.00891315	-0.00083929	0.0155826
-0.00106941	-0.00395945	-0.00494899	-0.00694462	-0.045698	0.00310012	-6.40766e-05	0.0566719	-0.0134499	0.0163626
-0.00172769	-0.00130115	-0.00200935	-0.00397823	-0.0298398	0.00896639	-6.60472e-05	0.0172448	-0.0036688	0.0163799
-0.00377554	-0.00373297	-0.0009071	-0.00428125	-0.0414764	0.00539141	-0.000401702	0.0277129	-0.00879968	0.0302704
-0.00649534	-0.00374248	-0.00111151	-0.00580321	-0.0326663	-0.00324279	-0.000415414	0.134961	-0.0073395	-0.0741447
-0.00977155	-0.00190083	-0.000927246	-0.00802043	-0.0988114	-0.0114852	-0.000823943	0.121652	-0.00642657	0.0165155
-0.00954443	-0.000502938	-0.00107587	-0.00647277	-0.051067	-0.00851277	-0.000773666	0.120444	-0.00601721	-0.0364768
-0.00552564	-0.000324028	-0.000923132	-0.00773055	-0.0321032	-0.00628896	-0.00054807	0.100476	-0.00317046	-0.0438624
-0.00431875	-0.00433868	-0.00123454	-0.00580018	-0.0289954	-0.00779876	-0.000518026	0.126936	-0.00317111	-0.0707608
-0.00445856	-0.01306	-0.000770312	-0.00370659	-0.0382213	-0.00595811	-0.000343155	0.157213	-0.00369002	-0.0870043
-0.0022375	-0.000245476	-0.000492762	-0.00265549	-0.0305937	-0.00635639	-0.000199549	0.11265	-0.00244623	-0.0674232
-0.00421763	-8.85036e-05	-0.00461205	-0.00134871	-0.0059704	-0.0138862	-0.000189839	0.041935	-0.00295173	-0.0086699
-0.0106793	-2.87236e-05	-0.00311119	-0.000415108	-0.00386963	-0.00589361	-8.1205e-05	0.0175064	-0.00150685	0.00807924
-0.0315047	-5.16108e-05	-0.011324	-0.000269829	-0.00885313	-0.00512428	-0.000201762	0.0471972	-0.00137007	0.0115022
-0.00719901	-3.31632e-06	-0.000120671	-2.76785e-05	-0.00198296	-0.00114919	-1.92716e-05	0.0162545	-0.000282302	-0.00547009
0.0	0.0	0.0	0.0	0.0	0.0	0.0	0.0	0.0	0.0
0.0	0.0	0.0	0.0	0.0	0.0	0.0	0.0	0.0	0.0
0.0	0.0	0.0	0.0	0.0	0.0	0.0	0.0	0.0	0.0
0.0	0.0	0.0	0.0	0.0	0.0	0.0	0.0	0.0	0.0
