0.0	0.0	0.0	0.0	0.0	0.0	0.0	0.0	0.0	0.0
0.0	0.0	0.0	0.0	0.0	0.0	0.0	0.0	0.0	0.0
0.0	0.0	0.0	0.0	0.0	0.0	0.0	0.0	0.0	0.0
0.0	0.0	0.0	0.0	0.0	0.0	0.0	0.0	0.0	0.0
0.0	0.0	0.0	0.0	0.0	0.0	0.0	0.0	0.0	0.0
0.0	0.0	0.0	0.0	0.0	0.0	0.0	0.0	0.0	0.0
0.0	0.0	0.0	0.0	0.0	0.0	0.0	0.0	0.0	0.0
0.0	0.0	0.0	0.0	0.0	0.0	0.0	0.0	0.0	0.0
0.0	0.0	0.0	0.0	0.0	0.0	0.0	0.0	0.0	0.0
0.0	0.0	0.0	0.0	0.0	0.0	0.0	0.0	0.0	0.0
0.0	0.0	0.0	0.0	0.0	0.0	0.0	0.0	0.0	0.0
0.0	0.0	0.0	0.0	0.0	0.0	0.0	0.0	0.0	0.0
-3.65654e-06	-6.40235e-06	-0.000653477	-6.11979e-05	-0.00428434	-8.89932e-05	0.00591599	-6.81451e-06	-0.000146841	-0.000664264
-2.17358e-05	-1.51856e-05	-0.00106324	-0.000148678	-0.00952091	-0.00019558	0.0128187	-1.95243e-05	-0.000331151	-0.00150273
-1.5278e-05	-1.29825e-06	0.000409125	-1.63307e-05	-0.000155443	-7.95819e-07	-0.000150494	-5.12206e-06	-1.07063e-05	-5.36562e-05
-6.36584e-07	-5.40937e-08	1.70469e-05	-6.80445e-07	-6.4768e-06	-3.31591e-08	-6.27058e-06	-2.13419e-07	-4.46097e-07	-2.23568e-06
0.0	0.0	0.0	0.0	0.0	0.0	0.0	0.0	0.0	0.0
0.0	0.0	0.0	0.0	0.0	0.0	0.0	0.0	0.0	0.0
0.0	0.0	0.0	0.0	0.0	0.0	0.0	0.0	0.0	0.0
0.0	0.0	0.0	0.0	0.0	0.0	0.0	0.0	0.0	0.0
0.0	0.0	0.0	0.0	0.0	0.0	0.0	0.0	0.0	0.0
0.0	0.0	0.0	0.0	0.0	0.0	0.0	0.0	0.0	0.0
0.0	0.0	0.0	0.0	0.0	0.0	0.0	0.0	0.0	0.0
0.0	0.0	0.0	0.0	0.0	0.0	0.0	0.0	0.0	0.0
0.0	0.0	0.0	0.0	0.0	0.0	0.0	0.0	0.0	0.0
0.0	0.0	0.0	0.0	0.0	0.0	0.0	0.0	0.0	0.0
0.0	0.0	0.0	0.0	0.0	0.0	0.0	0.0	0.0	0.0
0.0	0.0	0.0	0.0	0.0	0.0	0.0	0.0	0.0	0.0
0.0	0.0	0.0	0.0	0.0	0.0	0.0	0.0	0.0	0.0
0.0	0.0	0.0	0.0	0.0	0.0	0.0	0.0	0.0	0.0
0.0	0.0	0.0	0.0	0.0	0.0	0.0	0.0	0.0	0.0
0.0	0.0	0.0	0.0	0.0	0.0	0.0	0.0	0.0	0.0
-5.09064e-09	-3.26363e-08	-1.06103e-05	-9.42529e-09	-4.76361e-05	-1.01929e-07	6.05612e-05	-7.75587e-08	-6.88252e-07	-1.39997e-06
-1.11827e-07	-9.63013e-08	-3.3553e-05	-4.18611e-08	-0.000412439	-3.07202e-07	0.000454223	-7.7643e-07	-2.04631e-06	-4.85072e-06
-1.9735e-05	-1.07675e-07	-0.000421673	-7.28008e-06	-0.0380713	-1.75906e-05	0.0387582	-5.86227e-05	-5.19836e-06	-0.000156765
-4.06551e-05	-6.65129e-05	-0.00102798	-1.72958e-05	-0.085396	-3.2773e-05	0.0874711	-0.000450186	-5.79814e-05	-0.000381806
-6.0561e-05	-0.00319519	-0.00270746	-0.000170205	-0.0845301	-9.77443e-05	0.0949307	-0.00254313	-0.000827968	-0.000798363
-0.000186642	-0.0026211	-0.00464024	-0.000186208	-0.0353185	-0.000171188	0.0459602	-0.00136887	-0.000872821	-0.000594667
-0.00235964	-0.00160221	-0.00686952	-0.000196333	-0.0464795	-0.000725372	0.0621417	-0.000883922	-0.000846949	-0.00217826
0.0248876	-0.000738098	-0.0237137	-0.000357823	-0.0817921	-0.000864459	0.101244	-0.00710772	-0.00144109	-0.0101168
0.0531674	-0.000684491	-0.0269432	-0.00123001	-0.155515	-0.00642881	0.176077	-0.0188406	-0.00142683	-0.0181757
0.0222894	-0.000497346	-0.0183897	-0.000791896	-0.0772063	-0.00599009	0.0955186	-0.00521339	-0.00180258	-0.00791673
-0.00103122	0.0190307	0.000542941	-0.00598079	-0.0223726	-0.00273408	0.0186386	-0.000355266	-0.00326615	-0.00247213
0.01826	0.0284953	0.0256624	-0.00777559	-0.0950906	-0.00341267	0.0470977	-0.000877818	-0.00260025	-0.00975842
0.0525081	-0.00769373	0.0702631	-0.00233697	-0.102492	-0.00360033	0.0213266	-0.00180967	-0.00335924	-0.0228053
0.0245149	-0.00414592	0.0117978	-0.000819451	-0.0409371	-0.002236	0.0289078	-0.000825378	-0.0029696	-0.013287
-0.00136248	-0.000271281	-0.0207096	-0.000198072	-0.0159998	-0.0031155	0.0454553	-0.000150345	-0.00164225	-0.00200589
-0.000699766	-7.32016e-05	-0.0151181	-0.000123596	-0.0287765	-0.00287237	0.0505695	-0.000200955	-0.00123484	-0.00147009
-0.00031086	-9.58785e-05	-0.00628085	-0.000121229	-0.0231328	-0.0013996	0.0334409	-9.82887e-05	-0.0007455	-0.0012559
-0.00012907	-0.000227493	-0.00343118	-6.44365e-05	-0.0224784	-0.000269215	0.027925	-8.85047e-06	-0.000882833	-0.00043358
-1.74364e-05	-1.97015e-05	-0.00037945	-5.2061e-06	-0.0308753	-1.37282e-05	0.0316976	-2.20496e-05	-0.000125262	-0.00023938
-2.30075e-06	-1.46548e-06	-0.000170599	-6.91437e-07	-0.0115988	-1.29003e-05	0.011997	-3.04502e-05	-5.24234e-05	-0.000127396
0.0	0.0	0.0	0.0	0.0	0.0	0.0	0.0	0.0	0.0
0.0	0.0	0.0	0.0	0.0	0.0	0.0	0.0	0.0	0.0
0.0	0.0	0.0	0.0	0.0	0.0	0.0	0.0	0.0	0.0
0.0	0.0	0.0	0.0	0.0	0.0	0.0	0.0	0.0	0.0
0.0	0.0	0.0	0.0	0.0	0.0	0.0	0.0	0.0	0.0
0.0	0.0	0.0	0.0	0.0	0.0	0.0	0.0	0.0	0.0
-3.85391e-08	-6.03828e-10	-5.65136e-07	-2.47389e-09	-5.46192e-06	-8.83152e-07	8.58119e-06	-8.41558e-12	-1.2279e-06	-4.01547e-07
0.00309445	-4.55499e-10	-2.3439e-05	-8.66126e-07	-0.00286497	-8.96513e-05	0.000285867	-0.000193865	-8.42231e-06	-0.000199107
0.00115727	-1.92403e-06	-0.000717692	-1.15167e-06	-0.00132069	-1.37167e-05	0.00107709	-6.82463e-05	-3.25859e-05	-7.83502e-05
-0.000364206	-8.50167e-06	5.58328e-05	-0.000276708	-0.00113522	-5.61312e-06	0.00176873	-3.04984e-06	-2.20756e-05	-9.19094e-06
-0.01974	-4.82288e-05	-0.00113158	-0.00152612	-0.038821	-5.19177e-05	0.0620972	-0.000432536	-0.000166826	-0.000179042
-0.023519	-0.00182572	-0.00554292	-0.00292818	-0.125922	-0.000887331	0.164073	-0.00175611	-0.000852706	-0.00083911
-0.0188116	-0.028928	0.0222454	-0.0110859	-0.158358	-0.00368539	0.207366	-0.00432987	-0.0027438	-0.00166887
-0.0226411	-0.0566061	0.100399	-0.0189209	-0.133486	-0.0138258	0.164655	-0.00588292	-0.0100559	-0.00363484
-0.0213702	-0.0419308	0.0652056	-0.00681999	-0.238348	-0.043817	0.333878	-0.0134333	-0.0202641	-0.0130985
-0.0351074	-0.0516989	0.115922	0.0308695	-0.257079	-0.086652	0.374433	-0.0311488	-0.0369088	-0.0226287
-0.0358134	0.00912378	0.0641932	0.0422497	-0.34459	-0.0910449	0.465921	-0.0307694	-0.0437892	-0.0354788
-0.0618113	0.136291	0.00781568	0.00304153	-0.250075	-0.0978878	0.369738	-0.01465	-0.0590966	-0.033363
-0.110253	0.127511	0.0561075	-0.00348567	-0.156472	-0.109443	0.301434	-0.0182835	-0.0574318	-0.0296825
-0.124236	0.252779	0.126635	-0.0511592	-0.21865	-0.0721585	0.207318	-0.0226117	-0.0643368	-0.0335772
-0.095012	0.164601	0.121344	-0.0422533	-0.259129	-0.00321298	0.238607	-0.0117693	-0.0708638	-0.0423083
-0.0837315	0.0446842	0.00945868	-0.0414088	-0.124773	0.0610372	0.221617	-0.00767869	-0.0507933	-0.0284112
-0.0556704	-0.0103188	-0.0258924	-0.0600359	-0.0998883	0.0602238	0.224455	-0.0040032	-0.00967952	-0.0191896
-0.0410175	0.0233329	-0.0856812	-0.0296912	-0.0671592	0.00635297	0.250758	-0.00218835	-0.0409405	-0.013765
-0.0285926	-0.00744344	-0.0305148	-0.0100015	-0.0519501	-0.0537784	0.204256	-0.00111486	-0.0152706	-0.00559004
-0.0148415	-0.00914167	-0.0321009	-0.0105411	-0.0460757	-0.0601907	0.195876	-0.000848882	-0.0146427	-0.00749326
-0.00765188	-0.00340228	-0.035482	-0.00763201	-0.0462788	-0.0332892	0.147828	-0.000601624	-0.00994995	-0.00354054
-0.00384272	-0.00177379	-0.00785031	-0.00199037	-0.0294522	-0.0262395	0.0753807	-7.51117e-05	-0.00379525	-0.000361385
-0.000596597	-0.000546695	0.0339714	-0.000185741	-0.00330509	-0.0099899	-0.0173525	-3.0683e-05	-0.0019287	-3.55005e-05
-8.90521e-06	-2.50451e-05	0.0239974	-9.91341e-07	-0.000448185	-0.000940591	-0.0218635	-2.6834e-08	-0.00070864	-1.57311e-06
0.0	0.0	0.0	0.0	0.0	0.0	0.0	0.0	0.0	0.0
0.0	0.0	0.0	0.0	0.0	0.0	0.0	0.0	0.0	0.0
0.0	0.0	0.0	0.0	0.0	0.0	0.0	0.0	0.0	0.0
0.0	0.0	0.0	0.0	0.0	0.0	0.0	0.0	0.0	0.0
-8.62437e-08	0.000772548	-0.000106242	-3.81484e-05	-1.20536e-05	-8.03462e-06	-0.00042388	-1.03159e-08	-0.000183082	-1.01079e-06
0.00729541	0.000183818	-0.000194329	-3.1637e-05	-0.0092664	0.000187891	0.00350205	-0.000567849	-0.000431109	-0.000677845
-0.00726218	-7.32897e-05	-0.00361033	-0.00349888	-0.00402699	0.0125578	0.00738073	-0.000978808	-0.000223581	-0.000264509
-0.0586273	-0.00355973	-0.00286819	0.0950361	-0.00598051	-0.042627	0.0252593	-0.00182754	-0.00390865	-0.000896311
-0.0811121	-0.00265223	0.000892715	0.0735974	-0.069544	-0.0281507	0.118841	-0.00272065	-0.00775632	-0.00139476
-0.0903824	-0.023178	0.0503614	0.111274	-0.123904	-0.0432883	0.159501	-0.0132762	-0.0237451	-0.00336187
-0.0192645	-0.0677565	0.14706	0.134122	-0.245133	-0.0555005	0.189576	-0.0410997	-0.0311791	-0.0108231
-0.0558047	-0.102	0.391144	0.0593487	-0.334361	-0.0814133	0.226456	-0.0504202	-0.0264561	-0.0264891
-0.0348052	-0.167713	0.346877	0.152665	-0.339833	-0.0586785	0.284188	-0.0919771	-0.0427629	-0.0479534
0.0247092	-0.267511	0.416854	0.3599	-0.395709	-0.13482	0.305494	-0.139441	-0.0973781	-0.0720958
0.00730912	-0.130821	0.395163	0.435547	-0.579623	-0.0722726	0.253425	-0.105717	-0.10725	-0.0957576
0.127471	-0.0645005	0.483522	0.267138	-0.685394	-0.0916143	0.296226	-0.10185	-0.0951006	-0.135897
0.112573	-0.107125	0.289305	0.486743	-0.501648	-0.0589967	0.241359	-0.105807	-0.189035	-0.167369
0.0589272	0.0475551	0.203847	0.395102	-0.475005	0.0539537	0.186516	-0.0984049	-0.174752	-0.197739
0.0621049	0.116755	0.290917	0.285823	-0.402933	-0.0330436	0.045533	-0.0756416	-0.123315	-0.1662
-0.0376967	-0.0753834	0.174361	0.249496	-0.260936	0.0919104	0.0412809	-0.0523763	-0.0250529	-0.105603
-0.175297	-0.203822	-0.111161	0.289271	-0.201337	0.234018	0.191316	-0.0439896	0.0554994	-0.0344977
-0.192774	-0.135381	-0.145667	0.248641	-0.0462958	0.221165	0.229339	-0.0248966	-0.111363	-0.0427667
-0.120615	-0.15855	-0.217501	0.270301	0.0137286	0.264841	0.0807937	-0.022425	-0.0742806	-0.0362903
-0.132419	-0.138114	-0.163146	-0.0517372	0.0168515	0.240093	0.224685	-0.0121865	0.0361471	-0.0201719
-0.0980996	-0.103958	-0.149318	-0.123851	0.024571	0.10881	0.281535	-0.0035198	0.0698032	-0.0059722
-0.0482494	-0.0717335	-0.121261	-0.0720505	0.0187077	-0.0498499	0.277739	-0.00118086	0.0702695	-0.00239105
-0.0195792	-0.0589489	-0.0135359	-0.022036	-0.0102749	-0.0302835	0.145262	-0.000459504	0.0104385	-0.000582833
-0.00350196	-0.0166132	0.0189572	-0.000356488	-0.00051143	0.0451519	-0.0457008	-5.39359e-06	0.00261764	-3.74645e-05
-0.00129775	-0.0219352	-0.000419461	-2.10351e-05	-0.000188855	0.00872933	0.0177092	-1.66786e-07	-0.00257322	-2.87315e-06
0.0	0.0	0.0	0.0	0.0	0.0	0.0	0.0	0.0	0.0
0.0	0.0	0.0	0.0	0.0	0.0	0.0	0.0	0.0	0.0
-2.43565e-08	-1.91605e-08	-1.76722e-05	2.83292e-05	-1.54814e-07	-9.40314e-06	-2.48774e-08	-1.39985e-08	-1.00334e-06	-1.35396e-08
-3.23182e-05	0.00264451	-0.000878877	0.00121844	-4.12868e-06	-0.00113737	-0.00153828	-6.10896e-08	-0.000269845	-2.0678e-06
-0.000371258	0.000329922	-0.00662616	0.0184344	-0.00120727	-0.00680979	-0.00313339	0.000453651	-0.000878548	-0.000191561
-0.00955137	0.00598798	-0.0427921	0.0590804	0.0172571	-0.0399522	0.0182119	-0.00250556	-0.00514877	-0.00058728
-0.0870709	0.040339	0.00951884	0.245606	0.0198844	-0.174332	0.0133561	-0.0264988	-0.0338729	-0.00692864
-0.0935634	0.0300979	0.14099	0.279643	-0.0539921	-0.199247	-0.00238954	-0.0318617	-0.0601335	-0.00954069
-0.0279998	-0.0312907	0.1062	0.315349	-0.0758252	-0.154797	0.0174988	-0.0642705	-0.0568996	-0.027963
0.00927223	-0.0488248	0.190508	0.430916	-0.226698	-0.321665	0.119829	-0.104117	0.0174576	-0.0666744
0.0911528	-0.0830657	0.374763	0.369375	-0.318474	-0.261569	0.0228215	-0.186562	0.129875	-0.138311
0.0792885	-0.111255	0.330395	0.449138	-0.447622	-0.062697	0.0380251	-0.274674	0.17098	-0.171578
0.150461	-0.26332	0.390769	0.514714	-0.42698	0.0939663	-0.093177	-0.314293	0.195101	-0.24724
-0.0122187	-0.118834	0.361189	0.416665	-0.342105	0.0136595	-0.108675	-0.286187	0.3955	-0.318993
0.0394242	0.189011	0.195175	0.444812	-0.192695	-0.22024	-0.0495891	-0.294542	0.188075	-0.299434
-0.0623466	0.185503	0.306338	0.321646	-0.336243	-0.00762118	-0.0709224	-0.347403	0.409836	-0.398789
0.059819	0.018999	0.162882	0.339009	-0.41331	0.344431	-0.141245	-0.327673	0.388955	-0.431867
-0.0916316	0.0680924	0.130243	0.39284	-0.184106	0.138908	0.0250949	-0.308976	0.288782	-0.459246
0.051392	-0.0417865	0.0684585	0.16353	-0.0976669	0.178239	0.106869	-0.266966	0.147343	-0.309411
-0.0518775	-0.181411	0.00125259	0.307091	-0.0845679	0.368694	0.00548514	-0.215405	0.0919593	-0.241221
-0.116417	0.120148	-0.163054	0.110716	0.152722	0.156102	0.0493215	-0.142161	0.0803261	-0.247705
-0.105684	0.0999676	-0.151311	0.00438874	0.255032	-0.168946	0.128633	-0.104558	0.203122	-0.160643
-0.124268	0.0241979	-0.313319	-0.11434	0.248091	0.21484	0.21647	-0.0356994	0.0520495	-0.168021
-0.10061	-0.069849	-0.373389	-0.091988	0.285178	0.115736	0.323791	-0.0434416	0.048228	-0.0936524
-0.15491	-0.103995	-0.309957	-0.233582	0.281784	0.306921	0.27984	-0.0207729	-0.0116013	-0.0337235
-0.16641	-0.219859	-0.152478	-0.0381637	0.173009	0.366748	-0.0394668	-0.00581421	0.0916838	-0.00924633
-0.045945	-0.109375	-0.00848064	-0.00397683	0.00359672	0.136368	-0.0495326	-0.00128314	0.0812723	-0.00264361
-0.00485887	-0.0130335	-0.00453076	-0.00010424	-0.0194277	0.0200261	-0.00690455	-0.000321116	0.030324	-0.00116934
-9.27237e-05	-0.00697679	-0.00397727	-2.47094e-05	-0.00326462	-0.0031547	0.0141673	-1.9055e-05	0.00347994	-0.000137348
0.0	0.0	0.0	0.0	0.0	0.0	0.0	0.0	0.0	0.0
0.0	0.0	0.0	0.0	0.0	0.0	0.0	0.0	0.0	0.0
-0.000255239	0.000295739	0.000301754	0.00222587	-7.93651e-05	-0.00222002	2.52839e-05	-6.8666e-06	-0.000284612	-2.55036e-06
-0.00380695	0.006904	-0.00474577	0.0897308	0.00114059	-0.0403139	-0.0333854	-0.00127967	-0.0108077	-0.00343611
-0.0269771	0.0160994	0.00419944	0.198751	0.0141936	-0.16267	0.0226838	-0.0172341	-0.0372366	-0.0118086
-0.119561	0.10812	0.00983449	0.406259	0.0448998	-0.233305	-0.144325	0.0880342	-0.122095	-0.0378587
-0.0324711	0.0475969	0.0436997	0.419672	-0.00139809	-0.290863	-0.100985	0.109127	-0.107646	-0.0867294
-0.0272459	-0.128707	0.123996	0.312137	-0.0347682	-0.109184	-0.108914	0.108688	-0.0075717	-0.128428
0.0309113	-0.307626	0.223863	0.176198	-0.0581429	-0.144829	0.0825245	0.153952	0.00613825	-0.162987
0.0474524	-0.344671	0.128502	0.168971	-0.0191607	0.0802396	-0.0193157	0.0772603	0.105042	-0.22432
0.210379	-0.223404	0.20152	0.135375	-0.194265	0.168136	0.0319099	-0.126826	-0.103755	-0.099069
0.127773	-0.289577	0.275231	0.149159	-0.132871	0.0820369	-0.441168	-0.208896	0.249346	0.188964
-0.03176	-0.203145	0.179602	0.115221	-0.075538	-0.00771312	-0.281676	-0.115799	0.276933	0.143874
0.162782	-0.0173333	0.132718	0.102679	-0.275635	-0.0466902	-0.324883	-0.143507	0.176234	0.233633
0.199829	0.0410086	0.105182	0.0173285	-0.0407608	-0.116776	-0.0457984	-0.312826	0.260091	-0.107278
0.149413	0.201721	0.158757	0.172842	-0.0425798	-0.120473	-0.222363	-0.399888	0.125816	-0.0232454
0.100758	-0.110881	0.299904	0.314218	0.048599	0.0960456	-0.180297	-0.340139	0.167019	-0.395226
0.304282	-0.199332	0.152496	-0.0737284	-0.0591353	0.178244	-0.0164564	-0.381579	0.39994	-0.304728
0.324152	-0.00514273	0.102351	0.00540877	0.0937062	0.151487	0.123006	-0.397588	-0.138456	-0.258926
0.0516074	0.0452112	-0.0285033	0.137738	0.170216	0.0168797	0.183957	-0.49641	0.133573	-0.214272
-0.111152	0.14134	0.023162	-0.0068293	0.0729907	0.269286	0.0884792	-0.477176	0.223578	-0.223678
-0.00154701	0.29695	0.0238603	-0.139044	0.0783902	0.110939	0.113235	-0.292017	0.0772425	-0.26801
-0.000955807	0.248117	-0.138775	-0.110896	0.240636	0.263836	0.0516511	-0.200567	-0.0344383	-0.318606
-0.218455	0.117698	-0.278472	-0.254291	0.42783	0.357639	0.283905	-0.102727	-0.13204	-0.201086
-0.260178	-0.00539739	-0.233485	-0.0883002	0.111467	0.427415	0.100984	-0.0311795	0.0616756	-0.0829994
-0.10855	-0.140468	-0.0531058	-0.0210607	-0.0512138	0.286004	-0.0515667	-0.00972803	0.176848	-0.0271587
-0.0315122	-0.027288	-0.016565	-0.00186029	-0.0304553	0.068933	0.0298141	-0.00397365	0.0167241	-0.00381648
-0.0114351	-0.00903829	-0.00584077	-9.72199e-05	-0.000335572	0.0080298	0.0211697	-0.000134956	-0.00228311	-3.45287e-05
0.0	0.0	0.0	0.0	0.0	0.0	0.0	0.0	0.0	0.0
-3.82954e-06	-1.37204e-06	-4.04602e-05	0.000493177	-1.29362e-06	-4.35532e-05	-2.38012e-07	-9.49397e-06	-4.19485e-05	-0.000350988
-0.0011867	-0.0172056	-0.00678572	0.00571541	-0.00261655	0.00312946	-0.00135296	0.0274135	-0.00371617	-0.00339464
-0.00327734	0.00342367	0.00650402	0.128656	-0.0329464	-0.125978	-0.0365454	0.119571	-0.034781	-0.0246261
-0.0415089	0.0128145	0.0955265	0.190299	0.0226324	-0.206588	0.0189819	0.0769046	-0.0867308	-0.0823293
-0.0282761	-0.0263689	0.0833663	0.26953	0.161487	-0.170639	-0.113885	0.172321	-0.112562	-0.234969
0.008365	-0.097652	0.171211	0.297401	0.120052	-0.106902	-0.240131	0.276161	-0.167035	-0.261467
0.0173957	-0.233182	0.141795	0.10371	0.0809304	0.0383058	-0.0617319	0.279964	-0.0662194	-0.300967
-0.0366714	-0.355247	0.0969911	0.203558	-0.0276705	-0.00185115	-0.0513163	0.312546	0.0503727	-0.190712
-0.228434	-0.442752	0.276552	0.325497	0.0752037	-0.0701939	-0.173072	0.18056	0.0649964	-0.00835728
-0.00670118	-0.203313	0.245421	0.354307	-0.14139	-0.0425347	-0.343028	0.248336	-0.0969916	-0.014104
-0.0458185	-0.0667505	-0.00385807	0.179615	-0.266222	-0.0877949	-0.307786	0.36003	0.0332399	0.205345
-0.183145	-0.222009	0.0696585	0.0236009	-0.181612	-0.0166815	-0.190049	0.225109	0.31634	0.15879
0.235089	-0.266408	0.0541393	0.326304	-0.336026	-0.0569339	-0.371283	-0.0692899	0.0741177	0.410293
0.184354	-0.180761	0.0129164	0.119534	-0.400415	0.166648	-0.257599	-0.065454	0.0274272	0.393349
-0.0136711	-0.260579	0.0842032	0.112297	-0.416986	-0.0343109	-0.111633	0.0451275	0.338481	0.257073
0.0658606	-0.223681	0.162223	0.21466	-0.352372	-0.115446	-0.221748	0.0211681	0.0813488	0.367985
0.1688	-0.337593	-0.0107559	0.00109579	-0.182705	-0.0097433	-0.180902	0.108979	0.143408	0.299417
0.301439	-0.0982783	-0.0369318	0.296248	-0.356419	0.0691864	-0.332114	0.0257653	-0.179909	0.311014
0.0572665	-0.189058	-0.111234	-0.106778	-0.0739788	0.260186	-0.173786	-0.0645505	0.355783	0.046149
0.0822852	0.0590205	-0.17118	0.0819828	-0.175649	0.168999	-0.0735102	-0.10934	0.079055	0.058338
0.299132	0.0907334	-0.0883608	0.0473587	-0.0729153	-0.0410924	-0.0832656	-0.0422793	-0.0237007	-0.0856099
0.339779	0.103013	-0.17305	-0.122724	0.237824	0.171709	-0.0574763	-0.15155	-0.0667269	-0.280796
-0.0208609	0.100518	-0.419086	-0.189386	0.474076	0.284465	0.0490728	-0.202183	0.212925	-0.289543
-0.375447	0.000579718	-0.250841	-0.0853314	0.120783	0.72867	0.0413384	-0.0905297	0.098977	-0.188198
-0.263298	-0.109487	-0.0649602	-0.0462185	-0.0273947	0.430954	-0.0344162	-0.0402859	0.217554	-0.0624452
-0.119176	-0.014862	-0.0106041	-0.00500837	0.044176	0.154049	-0.0423218	-0.012309	0.0278947	-0.0218385
-0.0320193	-0.000316712	-0.000514989	-0.000379928	-0.00152969	0.0442634	-0.0022141	-0.000689052	-0.00586766	-0.000731916
0.0	0.0	0.0	0.0	0.0	0.0	0.0	0.0	0.0	0.0
-0.000276108	-0.00138537	-0.00149321	0.0140228	-0.000729026	-0.00161706	-8.38724e-05	0.00516594	-0.00358913	-0.0100149
-0.000660149	-0.0263723	0.0218238	-0.0176819	-0.00398292	-0.0166833	-0.00579582	0.0701473	-0.00684892	-0.0139457
-0.00542266	-0.0129435	0.0486282	0.0677248	-0.0146945	-0.14222	-0.0440428	0.221393	-0.0364454	-0.0819756
-0.0733282	-0.00477679	0.252794	0.338535	0.0835028	-0.440956	0.0116789	0.107661	-0.0498406	-0.225266
-0.0193389	-0.126449	0.179957	0.461779	0.26343	-0.293042	-0.0921115	0.073553	-0.0416768	-0.406097
0.0446603	-0.22684	0.317091	0.209351	0.12945	-0.057188	-0.289863	0.262542	-0.0906389	-0.298562
-0.0361249	-0.263236	-0.0349265	0.101917	0.143492	0.13274	-0.0123125	0.2607	0.017904	-0.310153
-0.197415	-0.484377	0.156744	0.117939	0.00545862	0.203101	-0.0638042	0.133704	0.178414	-0.0497646
0.0195701	-0.32781	-0.00757552	0.0948784	0.0199354	0.064677	-0.153173	0.2555	-0.0280572	0.0620547
0.015656	-0.136426	-0.112074	-0.011537	-0.183772	0.251623	-0.240794	0.346211	0.104143	-0.033029
0.0777857	-0.227587	0.0611315	0.0148178	-0.145612	0.138918	-0.111682	0.266322	-0.156094	0.0820001
0.00525094	-0.0775815	-0.0431284	0.167423	-0.449676	0.0445598	-0.165505	0.229867	-0.115681	0.404471
0.15199	-0.227047	0.294666	0.0149972	-0.311966	-0.191224	-0.297875	0.144554	-0.059794	0.481703
0.0800714	-0.124045	0.102265	0.270082	-0.395827	0.191029	-0.105974	-0.07658	-0.373965	0.432945
-0.0500944	-0.413289	-0.0617747	0.240348	-0.318467	-0.167207	-0.106743	0.111022	0.268051	0.498154
-0.0182282	-0.220848	0.0419895	0.0133783	-0.388208	0.13279	-0.329605	0.199795	0.0350301	0.533906
0.244371	-0.204975	-0.23553	0.163171	-0.114602	0.0717012	-0.246443	0.265758	-0.220489	0.277042
0.269416	-0.285261	-0.0469227	-0.0793804	-0.276469	0.0513619	-0.317389	0.355918	0.138768	0.189958
0.145349	-0.075793	-0.08024	0.102192	-0.0960949	0.0662356	-0.308707	0.183112	-0.0686629	0.132608
-0.0175006	0.0604699	-0.201918	0.0352646	-0.108639	0.0971558	-0.288292	0.290968	-0.0302874	0.162778
0.0261855	-0.0512626	-0.00642695	-0.217111	-0.076773	0.183718	-0.211765	0.147571	0.159573	0.0462899
0.108869	-0.0589115	0.134556	-0.226862	0.178969	0.203371	-0.297271	0.106249	0.0110782	-0.160048
0.200406	-0.104423	-0.482717	-0.279395	0.377484	0.358398	-0.187474	0.000595335	0.340394	-0.223268
-0.152009	-0.3015	-0.372847	-0.199698	0.157447	0.707927	0.0457404	-0.0616634	0.402835	-0.226228
-0.297691	-0.179635	-0.0841232	-0.0601375	0.00908138	0.742974	-0.0932905	-0.0616271	0.126644	-0.102194
-0.135712	-0.00741295	-0.0149099	-0.00421305	0.0659218	0.149725	-0.038029	-0.0122665	0.0350171	-0.0381208
-0.00971455	-0.00362031	-0.00107663	-0.00029131	-0.00196886	0.021361	-0.00857352	-0.000482137	0.00536916	-0.0010028
0.0123653	-2.70173e-07	-0.000231221	-7.44193e-07	-0.000437263	-5.2112e-06	-7.4192e-06	-0.00758117	-2.04704e-05	-0.00408152
-0.000316659	-0.00117816	0.00114288	-0.00656723	-0.0121728	-0.00134274	-0.000256774	0.0577383	-0.00384918	-0.0331976
0.00126573	-0.0162029	0.0084214	-0.0142827	0.00963289	-0.0198627	-0.00551319	0.113063	-0.0102266	-0.0662946
0.00586319	-0.00346989	0.0360486	0.0854992	-0.00678205	-0.151148	-0.0389272	0.312202	-0.0134204	-0.225864
-0.104965	-0.0298319	0.283754	0.390988	0.0450666	-0.576735	0.00893847	0.280659	0.0153512	-0.313219
-0.064124	-0.0885923	0.103289	0.244189	0.206733	-0.328381	-0.141806	0.255694	0.0997972	-0.286797
-0.0476832	-0.215444	0.0378046	0.085443	0.0572904	-0.0879621	-0.249641	0.248518	0.204526	-0.0328517
-0.0924918	-0.202475	0.00371565	0.0818366	0.0899601	-0.15874	-0.153949	0.490686	0.217084	-0.275628
-0.0342562	-0.430253	0.0525021	-0.0211208	-0.105775	0.133325	-0.155526	0.284544	0.0342188	0.242342
0.194446	-0.449001	-0.0639415	-0.0632602	0.111648	0.107304	-0.126237	0.174626	0.19426	-0.0798428
0.00538914	-0.241967	0.236373	0.0710299	-0.17363	0.159328	-0.207649	0.0777198	0.120218	-0.0468099
-0.0300862	-0.270297	0.0796942	0.0446236	-0.0345538	0.135772	-0.164024	0.330698	-0.0159901	-0.0758348
0.182866	-0.0720668	-0.0850125	0.141265	-0.236188	-0.0429428	-0.185947	0.384649	0.228367	-0.314986
0.0152592	0.0213075	-0.0510662	0.115157	-0.292932	-0.093641	-0.219168	0.0543913	0.284234	0.166458
0.220822	-0.0288009	0.0453767	0.208869	-0.431999	-0.0665128	-0.385595	0.254354	-0.202634	0.38612
0.275099	-0.00130399	0.0083005	0.152696	-0.296935	-0.163534	-0.463187	0.331874	-0.0581497	0.215144
0.543691	-0.258222	-0.0751425	0.0609325	-0.487297	-0.0163476	-0.437994	0.268298	0.179488	0.222596
0.288789	0.113408	-0.0283066	0.123934	-0.240374	-0.0332451	-0.380472	0.191749	-0.0659795	0.0304986
0.122479	-0.190451	-0.200229	0.330911	-0.0329457	-0.0873258	-0.616758	0.426887	0.119943	0.127487
0.0687854	-0.100863	0.191875	0.116466	-0.12786	0.107966	-0.527743	0.121646	0.159726	-0.00999974
0.201539	-0.237194	0.0361525	0.090409	-0.0893849	0.291039	-0.381374	0.221875	0.0435672	-0.176629
0.0701841	-0.251087	-0.100776	0.0456617	-0.0451162	0.193058	-0.27925	-0.0220075	0.15794	0.231393
0.197014	-0.248468	-0.0419717	0.25453	-0.115864	0.0549443	-0.438904	0.218327	0.113943	0.00644816
0.419104	-0.428368	-0.0600841	-0.490664	0.16013	0.63522	-0.46011	0.104873	0.301793	-0.181892
0.0599609	-0.450452	-0.420237	-0.380683	0.10363	1.08759	-0.293151	-0.114013	0.575016	-0.167655
-0.304359	-0.203631	-0.147703	-0.0826432	0.0857748	0.835413	-0.195906	-0.103226	0.23652	-0.120235
-0.114986	-0.0159932	-0.0214069	-0.00586853	-0.0472998	0.231585	-0.106627	-0.0172557	0.134328	-0.0364761
-0.00708197	-0.00270562	-0.00220617	-8.97145e-05	-0.00184163	0.00881995	-0.0102886	-0.00388936	0.020916	-0.00163285
-3.69697e-06	-2.04213e-05	-9.82285e-06	-0.000136652	-0.000606205	-6.66432e-05	-3.0935e-06	0.00227187	-2.34771e-05	-0.00140185
-0.000465311	-7.68837e-05	-0.00100186	-0.00568387	-0.012523	-0.00136438	-0.000136147	0.0682908	-0.00272029	-0.0443191
0.00566118	-0.0105576	-0.0212663	0.0352638	0.00133768	-0.00943658	-0.00860824	0.127597	-0.0243184	-0.0956725
0.0245402	-0.00806457	0.0584981	0.168479	-0.125606	-0.166816	-0.0496973	0.370053	-0.0383809	-0.233003
-0.0655554	-0.0797991	0.197498	0.514779	-0.181446	-0.463582	0.0279515	0.388189	0.0253327	-0.363362
-0.0465036	-0.220465	0.346124	0.188813	-0.0339023	-0.315531	-0.222634	0.264008	0.0983522	-0.058258
-0.111849	-0.236646	-0.0320595	0.129242	-0.080665	-0.0861515	-0.237148	0.212607	0.219116	0.223554
-0.139913	-0.156321	-0.0803691	0.199591	-0.0565896	-0.000566892	-0.0560071	0.179755	0.122831	-0.0124106
-0.0989104	-0.261723	-0.0929687	0.145027	-0.0175249	0.153015	-0.144406	0.129584	0.13767	0.0502363
0.0572165	-0.385341	0.0840566	0.0534452	-0.00356555	0.01169	-0.188823	0.214039	0.207141	-0.0498575
0.144767	-0.208374	0.215108	-0.107136	-0.267575	0.210811	-0.303509	-0.0278809	0.0903205	0.253468
-0.0721706	-0.111708	-0.00460146	-0.319092	-0.0834242	0.35162	-0.138418	0.171411	0.0953469	0.111036
0.01241	-0.123065	0.0290062	-0.195214	-0.148244	0.235221	-0.212834	0.447984	-0.0952315	0.0499707
0.283069	0.0611366	0.0467387	-0.111618	-0.160171	-0.0299241	-0.421826	0.258297	0.00273307	0.0715652
0.0108785	0.175896	0.145426	0.260057	-0.649246	-0.191468	-0.225957	0.543421	-0.255405	0.1864
-0.171118	0.497254	0.248308	0.397191	-0.383473	-0.38483	-0.419493	0.377789	-0.492054	0.330433
0.193497	0.17338	0.261335	0.257078	-0.0873735	-0.390268	-0.565378	0.286239	-0.111231	-0.017278
0.339847	0.0155608	-0.0222721	0.142003	-0.162734	-0.180493	-0.714596	0.512466	0.0493969	0.0208247
0.25362	-0.129537	0.0544617	0.0633997	0.0706488	-0.0355873	-0.632222	0.276144	-0.0434548	0.122528
0.32991	-0.24594	-0.00402905	0.196811	-0.075903	-0.0411594	-0.579981	0.316824	0.0361514	0.0673182
0.264036	-0.373055	-0.045021	0.261018	0.0489955	0.0553478	-0.362701	0.0446836	0.046409	0.0602885
-0.101022	-0.320345	-0.149949	0.153644	0.043635	0.346716	-0.195623	0.286673	0.1344	-0.19813
-0.0417302	-0.399627	0.0355463	0.356037	0.00354756	0.256258	-0.490798	0.215768	0.106492	-0.0414951
0.488707	-0.456272	-0.107555	-0.214262	0.0321605	0.609535	-0.377127	-0.0336934	0.315018	-0.256511
0.292282	-0.307344	-0.42014	-0.365087	-0.230846	1.35047	-0.34738	-0.0785449	0.333672	-0.227075
-0.286783	-0.150726	-0.11489	-0.0566012	-0.187795	1.10497	-0.32273	-0.039801	0.197924	-0.143566
-0.107406	-0.0187616	-0.00793742	-0.0113798	-0.0739175	0.260522	-0.139628	0.0099234	0.142813	-0.0542264
-0.00139022	-0.00255027	-0.0012688	-0.000451019	-0.00651948	0.015428	-0.00676538	0.045864	-0.0387617	-0.00358506
-5.51024e-06	-2.38064e-05	-2.01724e-05	-0.000223634	-0.000707541	-8.45261e-05	-3.65048e-06	0.00305884	-3.24206e-05	-0.00195757
-0.000500336	-3.67165e-05	-0.000357573	-0.00365143	-0.0119017	-0.00127156	-4.85983e-05	0.0646069	-0.00147026	-0.0453688
0.0303907	-0.00544879	-0.0169709	0.0150677	-0.0337403	-0.0112911	-0.0280126	0.193152	-0.0185372	-0.12461
0.00695169	-0.0489549	0.083855	0.27061	-0.124122	-0.144695	-0.0610617	0.309521	-0.0970152	-0.195085
-0.040566	-0.0995462	-0.0484999	0.290727	-0.170702	-0.201134	-0.0564335	0.386723	0.167367	-0.227935
0.0208578	-0.230197	0.334567	0.0154143	-0.171457	-0.17101	-0.19689	0.254412	0.0477823	0.096523
-0.096509	-0.353837	0.37387	0.000306842	-0.168041	-0.0505531	-0.166977	0.11579	0.113145	0.232805
-0.130426	-0.262626	-0.014012	-0.0394744	-0.0726079	0.201829	0.0142256	0.109471	0.189433	0.00418767
-0.069622	-0.2063	-0.0318708	-0.243837	-0.0129982	0.354043	0.0306479	-0.115891	0.148982	0.146847
0.0757909	-0.287224	-0.176148	-0.49516	0.145532	0.402357	-0.182208	0.127699	0.27455	0.114811
-0.108128	-0.0362691	0.0218943	-0.453721	-0.0101491	0.230597	-0.0926154	-0.0462761	0.286053	0.208612
0.0763163	0.0879652	0.0614503	-0.508415	-0.00341014	0.232468	-0.136725	-0.180604	0.233457	0.1375
-0.0331889	-0.0362542	0.00363422	-0.518175	0.249682	0.385482	-0.282357	-0.214761	0.281079	0.164862
0.146467	0.310851	-0.180701	0.0742348	-0.286318	0.156635	-0.100272	0.209738	-0.0249852	-0.305648
0.0491607	0.538411	0.0362143	0.187286	-0.902506	0.0630977	-0.27857	0.405808	-0.0578805	-0.0410176
-0.160445	0.815492	-0.149731	0.106408	-0.0758854	-0.109529	-0.491416	0.497151	-0.351761	-0.0802841
0.0486879	0.282138	0.0197988	0.213269	-0.195101	-0.239608	-0.450795	0.642851	-0.369215	0.0479752
0.353277	0.0996473	0.205594	0.191205	0.00451052	-0.438874	-0.466552	0.253709	-0.194978	-0.00753719
0.2599	-0.218523	0.109204	0.193303	-0.00310118	-0.440338	-0.482556	0.339857	0.175862	0.0663933
0.0416721	-0.199994	-0.0299208	0.225395	0.140736	-0.356028	-0.48485	0.421635	0.24543	-0.00407672
0.207531	-0.398058	-0.0807664	0.314023	-0.131295	-0.198348	-0.26634	0.426813	0.136206	-0.00976507
0.121568	-0.319425	-0.112277	0.109508	-0.0349543	-0.0184419	-0.248858	0.42364	0.166292	-0.0870521
0.216683	-0.369274	-0.070485	0.173382	-0.0696734	0.0379573	-0.36251	0.262682	0.216523	-0.0352847
0.488929	-0.354046	-0.154071	-0.0716307	-0.444598	0.688771	-0.129625	-0.189731	0.290643	-0.124637
0.331535	-0.272925	-0.337941	-0.256822	-0.364326	1.59322	-0.252219	-0.137298	-0.00353173	-0.299684
-0.294071	-0.101314	-0.0659053	-0.0266493	-0.244237	1.38283	-0.412986	-0.0265245	-0.0981119	-0.113033
-0.131865	-0.0267482	0.0203859	-0.00655436	-0.0913273	0.381135	-0.139811	0.00600438	0.0401699	-0.0513889
-0.000607573	0.00108225	-0.000683365	-0.000150075	-0.0018896	0.0065712	-0.0193503	0.0112519	0.0105884	-0.0068128
-2.93529e-05	-5.18647e-06	-2.05502e-05	-0.000144738	-0.000106312	-8.27934e-05	-4.28338e-06	0.00129309	-3.86715e-05	-0.000861202
0.00749449	0.000435302	-0.000652579	-0.00255438	-0.0268049	-0.00981406	-0.000200451	0.0936983	-0.00185241	-0.0597493
-0.00426704	-0.000166685	-0.00953663	0.0167323	-0.116545	-0.0203849	-0.00130394	0.354167	-0.0115653	-0.207129
-0.00329724	-0.033464	-0.0383232	0.260144	-0.0991684	-0.178949	-0.0674143	0.381714	-0.0215658	-0.199673
-0.164781	-0.0603506	-0.134105	0.23959	-0.237522	-0.0983445	-0.042415	0.445705	0.0655748	-0.0133471
-0.133586	-0.122845	-0.000894739	-0.133585	-0.0922207	-0.0513581	-0.0296348	0.134362	0.19973	0.230034
-0.0142122	-0.312092	-0.0483102	-0.281998	0.0855211	0.2584	-0.0661504	0.00752354	0.136253	0.235066
0.0060622	-0.298121	-0.259899	-0.513599	0.0383058	0.169506	0.167517	0.129381	0.448854	0.111992
-0.020047	-0.253615	-0.415763	-0.447919	0.153059	0.189716	0.0467788	-0.145493	0.319807	0.573478
-0.195633	-0.285156	-0.434453	-0.50196	0.366684	0.168048	0.154407	0.178029	0.415286	0.134743
-0.0533883	-0.156499	-0.749977	-0.379688	0.465324	0.0906364	0.0365054	0.274399	0.24117	0.231516
-0.047637	-0.140241	-0.623774	-0.196918	0.137548	0.0910065	-0.0696965	0.268303	0.201151	0.380256
-0.248136	-0.125904	-0.733792	-0.0396742	0.553536	0.240678	0.131237	-0.0460953	0.143762	0.12439
-0.0285552	0.334396	-0.862333	0.281993	-0.732419	0.533073	0.194451	0.0969364	0.192046	-0.0095889
-0.396924	0.713652	-0.560763	0.120973	-0.825344	0.071959	-0.227398	0.457087	0.63047	0.0162884
-0.652311	0.772527	-0.521332	0.202943	0.326575	-0.20932	-0.576664	0.43001	0.005958	0.221613
-0.573887	0.221234	-0.203639	-0.00434435	0.400447	-0.214507	-0.214736	0.40155	-0.155984	0.343868
-0.0345669	-0.0882694	-0.340022	0.325303	0.14542	-0.175662	-0.372626	0.312501	-0.206366	0.434289
-0.187084	-0.0389762	-0.0710868	0.143618	0.00135451	-0.0879948	-0.294282	0.465777	-0.223836	0.29251
0.0362468	-0.195322	0.244316	0.135868	-0.00384084	-0.370939	-0.217718	0.210002	-0.0192953	0.180684
0.184967	-0.20593	-0.0891315	0.357558	-0.199506	-0.664787	-0.155933	0.303652	-0.052787	0.5219
0.324156	-0.224394	0.0306927	-0.0805979	-0.195641	-0.48964	-0.0483431	0.309449	0.0405051	0.333813
0.23855	-0.208151	-0.0585236	-0.0422309	-0.235917	-0.500685	-0.0604045	0.256178	0.310902	0.300281
0.322186	-0.177987	-0.142742	-0.193344	-0.454289	0.120862	0.274282	-0.185736	0.484786	-0.0480166
0.36523	-0.158081	-0.14724	-0.196747	-0.416461	0.650966	-0.0426065	-0.161474	0.346065	-0.239643
-0.192859	-0.088992	0.055927	0.00145525	-0.187162	0.885873	-0.386365	-0.0677754	0.0959984	-0.116099
-0.0900283	-0.0272419	0.0274918	-0.00308028	-0.0315311	0.239508	-0.217373	-0.0121632	0.147801	-0.0333838
-0.000419729	0.0045041	-0.0012193	-6.68952e-05	-0.00135142	0.00445638	-0.0119739	0.00233768	0.00638359	-0.00265047
-1.45801e-06	-3.31359e-08	-9.68895e-06	-5.36585e-05	-1.7261e-06	-1.2542e-05	-1.7244e-08	0.00160513	-1.94363e-05	-0.00150657
6.44337e-06	-0.000204653	-4.68762e-05	-0.00278803	-0.0369464	-0.0135014	-0.000270888	0.0902275	-0.00105449	-0.0354212
-0.00478822	-0.00258048	-0.00180802	-0.00770022	-0.131083	-0.018762	-0.00128683	0.358808	-0.00787902	-0.18292
-0.0271902	-0.00312819	-0.131049	0.0455431	-0.186204	-0.0716001	-0.058041	0.520245	0.0627933	-0.151367
-0.125423	0.0029478	-0.220468	-0.0145653	-0.335542	0.00526599	-0.0749837	0.475454	0.00565169	0.281666
-0.0231408	-0.0604261	-0.502179	-0.225702	-0.047067	0.0211003	-0.0370221	0.248504	0.25605	0.369881
0.202998	-0.114974	-0.86039	-0.330409	0.189046	0.301867	0.15507	0.0236727	0.0701881	0.362932
0.0254064	-0.157087	-1.00754	-0.324916	0.331088	0.104997	0.249242	0.362519	0.222924	0.193365
-0.0668914	-0.187842	-0.562274	-0.371925	0.422411	0.00546557	0.18116	0.421857	-0.0180831	0.17612
-0.0569555	-0.137304	-0.5485	-0.134599	0.23125	-0.101075	0.253709	-0.0434785	0.152161	0.384792
0.0246806	-0.352654	-0.628142	0.166882	0.514789	0.261794	-0.00210219	-0.114989	-0.142742	0.272484
0.0301822	-0.496971	-0.567581	-0.126405	0.570916	0.143606	0.295082	0.0554269	-0.105849	0.201592
0.157309	0.0390812	-0.547407	-0.0290202	0.945647	0.153903	0.196635	-0.656526	0.0745061	-0.33413
0.0488129	0.208649	-0.391176	0.0285666	-0.0437945	0.290633	0.198354	-0.85651	0.489113	0.0273504
-0.561965	0.933383	-0.502147	0.481944	-0.52787	-0.109783	-0.247869	0.00253169	0.259225	0.272549
-0.824384	0.497745	-0.558531	0.181281	0.196215	-0.00438316	-0.332811	0.415071	0.0804033	0.349399
-0.655175	0.134234	-0.265548	0.113839	0.347367	-0.344467	-0.083986	0.488021	-0.0292207	0.29494
-0.0614272	0.134543	-0.316671	-0.00681931	0.0409047	-0.423189	-0.137884	0.422524	0.038852	0.309173
-0.0321357	-0.0153443	-0.236592	0.147491	0.0207981	-0.323541	-0.208707	0.363837	-0.0982429	0.382439
0.0807943	-0.195273	0.215675	-0.0237594	0.153231	-0.357601	-0.3248	-0.10668	0.180618	0.377794
0.0651761	-0.149188	-0.0405659	0.00255455	0.138901	-0.475878	-0.154879	0.0261877	0.205579	0.382113
0.122144	-0.0909051	0.0380304	-0.553536	0.276081	-0.854762	0.0975897	0.109872	0.417913	0.437567
0.300343	-0.0849237	-0.0734445	-0.438057	0.113068	-1.12727	0.351984	0.0827597	0.436817	0.438732
0.429771	-0.0524921	-0.341482	-0.255211	-0.195489	-1.02618	0.676479	-0.18837	0.67698	0.276
0.567443	-0.0554203	0.111163	-0.112061	-0.118522	-0.880799	0.299886	-0.151639	0.609346	-0.26939
-0.0231482	-0.0370202	0.268482	0.0136665	-0.0550898	0.0301886	-0.226129	0.0140075	0.14743	-0.132387
-0.0524932	-0.0263852	0.170481	-0.000464007	-0.0211316	0.139976	-0.232007	0.0316325	0.0334209	-0.0430283
-0.000292262	0.00324033	0.0178643	-8.61859e-05	-0.00856899	-0.0034671	-0.0121075	0.0149605	-0.0100582	-0.00148495
-6.45856e-09	4.99657e-05	-5.89176e-06	-1.70045e-05	-1.79639e-07	-1.69886e-06	-1.36934e-06	-8.69706e-06	-5.15589e-06	-9.96209e-06
0.000625145	-3.44967e-05	-3.34689e-05	-0.00151328	-0.026166	-0.00228803	-0.000304597	0.0492458	-0.000228222	-0.0193028
-0.00219323	-0.000841	-0.000771588	-0.00513792	-0.084267	-0.00501342	-0.000534342	0.220363	-0.00208152	-0.119523
-0.0106092	0.00965082	-0.162406	0.0144319	-0.148157	0.00187782	-0.0503499	0.408127	0.037861	-0.100426
0.00870669	0.0260887	-0.500129	-0.192622	-0.141849	0.0901845	-0.107291	0.273347	-0.061087	0.604656
0.00550727	-0.0452666	-0.802561	-0.250841	0.223397	0.188454	0.0692521	0.108415	0.0633326	0.44031
0.285269	-0.0929867	-1.03828	-0.296798	0.451723	-0.0377228	0.419267	0.161171	-0.0141714	0.16253
0.288899	-0.144154	-0.815836	-0.335896	0.324753	0.172608	0.0885468	0.155326	-0.0265926	0.292344
0.0885407	-0.010759	-0.371109	-0.206663	0.355408	-0.0189069	0.053922	-0.00176323	-0.115042	0.226371
0.0822494	-0.118641	-0.271323	-0.102869	0.383757	0.0422851	0.10988	-0.158924	0.051343	-0.0177593
0.172005	-0.652761	-0.148204	-0.176891	0.448246	0.170728	0.220568	0.0186252	-0.156571	0.104255
0.0841044	-0.709263	0.0952331	-0.228919	0.618743	0.275998	0.000980681	-0.255514	0.125952	-0.00731987
0.125262	-0.0160317	-0.104864	0.0802549	0.464338	0.44867	0.112045	-1.04833	0.254004	-0.315355
-0.423722	0.269437	0.130639	0.381007	-0.267192	0.270252	0.092952	-1.03208	0.509979	0.0687313
-0.68133	0.627949	-0.00241701	0.285859	-0.0563032	-0.0887294	-0.184968	-0.0832233	-0.0771496	0.260314
-0.859563	0.388771	-0.315751	-0.199994	0.423859	-0.254266	0.0677686	0.0594433	0.385165	0.304572
-0.619707	0.144877	-0.287892	0.0806859	0.231996	-0.446091	0.0561507	0.213029	0.132323	0.49463
-0.192235	0.327404	-0.0946172	0.07579	0.203637	-0.20957	-0.282585	0.0487198	-0.187775	0.311236
-0.0504063	-0.221589	-0.224278	0.24165	0.241712	-0.142764	-0.176873	0.0727959	0.0229364	0.236815
-0.0783438	-0.292056	-0.210321	0.0234244	0.10699	0.0126529	0.0760861	-0.131868	0.0349192	0.458517
-0.295203	-0.183202	-0.173468	-0.47051	0.334204	-0.0229977	-0.0918993	0.268766	0.263533	0.370779
-0.043665	-0.123336	0.0353508	-0.496445	0.353364	-0.329455	0.24456	0.12449	-0.120647	0.355782
0.239764	-0.125093	-0.0530245	-0.58003	0.282062	-0.403272	0.422688	-0.0606162	0.0678755	0.209647
0.43463	-0.114911	-0.100218	-0.264541	-0.0437616	-0.72304	0.797043	-0.0416337	0.27299	-0.216557
0.441416	-0.102605	0.447559	-0.0819661	-0.213059	-0.735419	0.386776	0.0416022	0.207985	-0.392281
0.0854566	-0.0637986	0.558094	-0.00149387	0.00827481	-0.189631	-0.273771	0.0378366	0.0394904	-0.200458
-0.0154631	-0.0317246	0.388399	-0.00129787	-0.0158989	-0.0113121	-0.231664	0.00338889	-0.0232514	-0.061176
-0.00228722	-0.000598764	0.114123	-0.00320884	-0.0279898	-0.0305667	-0.0378694	-0.00728985	-0.00236095	-0.00195155
-3.96304e-05	-1.10756e-06	-2.13458e-05	-0.00182431	-0.000103169	0.00811167	-0.000113278	-5.77889e-05	-0.000245999	-0.00570505
-5.45166e-05	-1.01472e-05	-0.0116548	0.0123662	-0.0137774	-0.0010335	-1.36032e-05	0.0251548	-0.000778256	-0.0101987
-0.000701731	0.00112975	-0.00779787	0.00615716	-0.03501	-0.00171512	-5.54737e-05	0.118258	-0.00114929	-0.0791157
-0.0699503	0.0184584	-0.137914	0.0260487	-0.0169637	0.0226195	-0.0233995	0.20267	-0.0100156	-0.0115532
-0.027636	0.0274788	-0.344082	-0.0978725	0.332755	0.0639126	-0.253731	0.111767	-0.143693	0.331107
0.257687	-0.0629971	-0.600667	-0.322143	0.506134	-0.0186263	0.0245505	0.126505	-0.0267906	0.11635
0.184254	-0.114335	-0.299088	-0.414893	0.338867	-0.054605	0.2621	-0.0665185	-0.126722	0.290939
0.441013	-0.161338	0.0152998	-0.36466	0.397424	-0.0033582	0.0259887	-0.048709	-0.483898	0.182239
0.22019	-0.023647	-0.0948024	-0.200472	0.339465	0.0936486	0.132178	-0.144671	-0.348122	0.0262331
0.26871	-0.240533	-0.0988115	-0.103269	0.280006	0.136012	0.294273	-0.304142	-0.282212	0.0499639
0.0154626	-0.679954	0.0510025	-0.163206	0.299096	0.323089	0.276277	-0.154218	0.00382391	0.0286286
0.169673	-0.63838	0.0759869	-0.236147	0.409819	0.00226701	0.449008	-0.522937	0.310598	-0.0198846
0.214065	0.0776583	-0.107929	0.202663	0.307711	0.0538212	0.175953	-0.990359	0.228818	-0.162396
-0.275495	0.30129	0.226877	0.0261678	-0.242347	0.0437247	-0.0424843	-0.584756	0.464644	0.0823782
-0.743163	0.563707	0.0475868	0.158507	0.0548118	-0.0685746	-0.111281	-0.147898	0.214161	0.0321452
-0.727289	0.394161	-0.194793	0.046656	0.214032	-0.130485	0.0944656	-0.071721	0.182804	0.192173
-0.753496	0.249774	-0.0632483	-0.00996439	0.403269	-0.327677	0.19729	0.0304271	-0.0613544	0.334979
-0.163436	-0.185179	-0.297227	0.094409	0.589069	-0.332352	-0.339297	0.262595	0.0806189	0.290802
-0.0672012	-0.572628	0.113291	0.0369311	0.221388	-0.192522	-0.145713	0.466827	-0.0690582	0.208687
-0.163692	-0.449159	-0.0421847	-0.139976	0.38674	-0.280945	-0.0363866	0.678633	0.015284	0.0316851
0.0246117	-0.266911	0.0711091	-0.289921	0.229475	-0.0416792	-0.117103	0.372638	-0.195442	0.213223
0.190536	-0.177882	-0.12155	-0.0131146	0.0680052	-0.162262	0.125884	0.0982474	-0.178243	0.170378
0.145528	-0.126564	-0.0925319	-0.268665	0.133254	0.0343283	0.340116	0.297976	-0.389613	-0.0738271
0.38802	-0.0923024	0.148744	-0.169294	-0.0627449	-0.108876	0.439634	0.294453	-0.346105	-0.491527
0.475881	-0.0484127	0.369081	-0.0237318	-0.224593	-0.245138	0.268796	0.0462513	-0.188302	-0.429826
0.0594171	-0.0357466	0.54569	-0.025748	-0.0826358	-0.243139	-0.0863341	-0.0525318	0.0431364	-0.122106
-0.00769577	-0.00535929	0.339512	-0.0140963	-0.0713554	-0.0335762	-0.176757	-0.00609508	-0.00912256	-0.0154554
-0.000231191	-2.7358e-05	0.0115602	-0.00233626	-0.00304552	-0.00143009	-0.00393876	-8.89159e-05	-0.000423438	-3.86406e-05
-1.52507e-05	-4.5441e-07	-7.03598e-06	-0.000599456	-4.33079e-05	0.002602	-3.7633e-05	7.16778e-05	-8.49024e-05	-0.00188564
-5.70577e-05	-7.40483e-06	-0.0247305	0.0275504	-2.72093e-05	-0.00104369	-6.71259e-06	-5.78564e-05	-0.0015848	-3.51507e-05
-0.00148065	0.00715904	-0.0122884	0.0303587	0.016215	-0.00570776	-0.000275638	0.0279438	-0.00217192	-0.0597522
-0.0871296	0.00396226	0.0255273	0.0306107	0.0682529	-0.0266387	-0.0759066	0.0967464	-0.0149742	-0.0204498
0.109918	-0.00684574	0.0888023	0.0539747	0.242658	-0.0514223	-0.389413	0.00576667	-0.143827	0.0903917
0.384002	-0.112465	0.248208	-0.0713711	0.227675	-0.25456	-0.071231	-0.119129	-0.282138	0.0510093
-0.0238133	-0.198974	0.33116	-0.0790275	0.223681	-0.122659	0.219115	-0.0983271	-0.306119	0.0549649
0.349336	-0.157311	-0.0154105	-0.270521	0.377604	-0.179795	0.2647	-0.172617	-0.265402	0.0694156
0.290137	-0.0840182	-0.100098	-0.330328	0.317174	0.0665341	0.21112	-0.338152	-0.141459	0.109092
0.319691	-0.31277	0.00840729	-0.301208	0.388884	0.174287	0.140293	-0.343638	-0.0020226	-0.0719198
0.335304	-0.495646	0.0124922	-0.232545	0.331601	0.11451	0.253874	-0.225834	-0.135529	0.0417756
0.0786591	-0.196347	-0.137512	-0.0648172	0.41926	0.0652091	0.429992	-0.554529	-0.0829884	0.0430709
-0.0688696	0.197975	-0.110398	0.0749423	0.195733	0.158554	0.23065	-0.7005	0.14415	-0.122237
-0.59932	0.449645	0.198056	0.0761824	-0.198397	-0.00378685	0.148857	-0.284611	0.370796	-0.157422
-0.871153	0.671728	0.0918197	0.226946	0.108182	-0.311666	0.254137	-0.331962	0.411022	-0.249054
-0.676704	0.0510374	0.00719616	0.193936	0.272114	-0.239903	0.0466665	0.126804	0.0641528	0.154705
-0.476038	0.286782	0.0041749	-0.0636448	0.557769	-0.144707	-0.0677504	-0.191212	-0.137168	0.231797
-0.244908	-0.544787	-0.13285	-0.0405125	0.509023	-0.263923	-0.0681383	0.581974	-0.169522	0.373644
-0.0428295	-0.585721	-0.159791	-0.187913	0.132187	0.250779	-0.0952825	0.563045	0.0134081	0.11212
-0.0341473	-0.50417	-0.017678	0.100526	0.224688	-0.0533867	0.00114916	0.313234	-0.0977166	0.0674996
0.242163	-0.352402	-0.285121	0.329283	-0.115613	-0.147166	0.12036	0.421789	-0.309176	0.0958815
0.0941498	-0.19372	-0.16797	0.245681	-0.0784607	-0.0255362	0.16565	0.359521	-0.298388	-0.100927
0.18117	-0.153444	-0.31927	0.237994	0.176107	-0.093904	-0.0104711	0.443414	-0.213931	-0.247664
0.360284	-0.102895	-0.0432568	0.24358	-0.115493	0.0839456	0.155171	0.168682	-0.332102	-0.417913
0.358209	-0.0590912	0.562917	0.127069	-0.465363	0.0437931	0.186937	-0.0441624	-0.331627	-0.378674
0.00696605	-0.0288951	0.62785	-0.056935	-0.190434	-0.15042	0.0567821	-0.139165	0.00245198	-0.128198
-0.0132053	-0.00976365	0.338336	-0.0193344	0.0245642	-0.0544572	-0.169531	-0.0225355	-0.0239034	-0.0501702
-0.00191009	-0.00113773	0.0514806	-0.000724776	-0.00573553	-0.0218345	-0.012779	-0.00061452	-0.00308899	-0.0036555
-1.29962e-05	-5.24329e-07	-2.66449e-07	-1.2094e-05	-5.44397e-05	-0.000308775	-3.09813e-06	0.000517713	-2.48795e-05	-0.00010064
-4.79493e-05	2.07238e-05	-0.0122483	0.0158742	-1.69399e-05	-0.000601026	-2.57689e-05	-0.00117564	-0.000829358	-0.000949875
-0.00461937	0.00586014	0.000675979	0.0768623	-0.0101463	-0.0215802	-0.00153224	-0.00370934	-0.00511072	-0.0367002
-0.0609995	-0.00370789	0.259579	0.14721	-0.0807328	-0.0139833	-0.120358	-0.0566549	-0.0116908	-0.0586606
0.168784	-0.0200069	0.368854	0.309401	-0.179026	-0.0696185	-0.399397	-0.0446123	-0.192091	0.0577181
0.46562	-0.147465	0.257629	0.141606	-0.0889601	-0.138658	0.0296314	-0.174818	-0.345726	0.00114169
0.248085	-0.321121	0.402404	-0.10749	0.0785222	-0.152532	0.29761	-0.0651419	-0.19719	-0.183142
0.185189	-0.303282	0.0730205	-0.275572	0.361435	-0.486683	0.403457	0.102113	0.0356745	-0.0953512
0.34329	-0.236052	-0.149543	-0.467908	0.347311	-0.271769	0.271917	-0.143348	0.0901529	0.21595
0.298739	-0.0979474	0.172377	-0.124926	0.190563	-0.376709	0.308407	-0.173427	0.048125	-0.245203
0.245703	-0.11913	0.155987	-0.170662	-0.0784553	-0.0965474	0.383111	-0.484629	0.154043	0.0105812
0.131601	-0.141262	0.188939	-0.0113946	-0.0804047	-0.134795	0.720417	-0.765885	0.0154915	0.0772926
-0.257411	-0.203096	0.280744	0.0303698	0.0836852	0.00051698	-0.021234	-0.248774	0.46725	-0.132049
-0.808704	0.448778	0.430522	0.316291	0.0139062	-0.0801475	0.0223215	-0.165821	0.124117	-0.301263
-0.682684	0.704146	0.157421	0.0190362	0.382723	-0.327764	0.183717	-0.43675	0.0924735	-0.092319
-0.402758	-0.0890085	-0.0697171	-0.208184	0.558546	-0.111471	0.100585	0.154922	0.0711655	-0.00407813
-0.27455	-0.0231298	0.24331	-0.410972	0.414534	-0.215475	-0.0547918	0.0344909	0.0640321	0.222552
-0.0118544	-0.829078	0.383549	-0.0690234	0.269408	-0.132175	-0.229272	0.329464	0.0304937	0.258489
0.0133832	-0.605633	0.0429771	0.331194	0.183094	-0.147577	0.122355	0.115502	-0.188473	0.133179
0.035841	-0.439086	-0.0126636	0.367704	0.0867359	0.0258077	0.244098	0.279259	-0.433991	-0.153702
0.252413	-0.281926	-0.140424	0.180611	0.240185	0.0935835	0.00339882	0.220396	-0.47405	-0.0941854
0.155118	-0.177001	0.343384	0.116386	0.147313	-0.054717	0.049743	0.271801	-0.499499	-0.352529
0.172689	-0.168079	0.225419	0.313691	-0.117036	0.183557	-0.103347	-0.000301528	-0.343976	-0.162615
0.181776	-0.1443	0.231156	0.465063	-0.240502	0.156557	-0.0211665	-0.110114	-0.0536823	-0.464786
0.0616924	-0.0546255	0.574203	0.310117	-0.314068	-0.00723446	0.125744	-0.112735	-0.222436	-0.360654
-0.0878014	-0.0665856	0.953408	-0.102455	-0.150151	-0.148723	-0.0151104	-0.134395	-0.123507	-0.124678
-0.0406151	-0.0315741	0.513638	-0.0210464	-0.0920468	-0.0872176	-0.139735	-0.0170028	-0.0523778	-0.0320227
-0.00141521	-0.000656056	0.0796255	-0.00115252	-0.00371875	-0.0391525	-0.0289972	-0.00121883	-0.00285716	-0.000457229
0.0	0.0	0.0	0.0	0.0	0.0	0.0	0.0	0.0	0.0
-6.01036e-05	0.000389499	-0.00473457	0.00591944	-1.25213e-05	-0.000470483	-2.41497e-05	-8.85534e-05	-0.000709267	-0.00020929
-0.012365	-0.000193958	0.0474007	0.071637	-0.00463906	-0.0337347	-0.00310965	-0.00273029	-0.00520785	-0.0570572
-0.0514671	-0.00775147	0.268372	0.331776	-0.225081	0.0170536	-0.113528	-0.0655278	-0.0371687	-0.116675
0.119763	-0.039601	0.461896	0.379324	-0.135962	0.0622877	-0.440766	-0.0190149	-0.181767	-0.206156
0.362729	-0.27417	0.362554	0.0801107	-0.164199	0.239498	-0.0544456	-0.0622456	-0.270509	-0.219321
0.315051	-0.465434	0.254806	-0.048493	-0.0552987	0.423265	0.108098	-0.216382	-0.109288	-0.206324
0.240067	-0.418344	0.148317	-0.0475946	0.159238	-0.280917	0.23256	-0.292819	0.151469	0.108023
0.110929	-0.244896	0.128094	-0.279906	0.232188	-0.328478	0.316967	-0.209855	0.122531	0.152422
0.257997	-0.143646	0.191948	-0.594884	0.0997519	-0.239351	0.334731	-0.229943	0.366638	-0.0432425
0.403428	0.0768986	0.395539	-0.596151	0.000751281	-0.351846	0.589854	-0.592147	-0.0150502	0.0887252
0.104326	-0.177231	0.322134	-0.43368	-0.0613773	-0.305533	0.552444	-0.275307	0.284639	-0.0104145
-0.137663	0.0927087	0.379617	-0.314473	0.00620868	-0.49229	0.0838958	-0.0421203	0.324509	0.0996079
-0.680688	0.488638	0.303416	-0.25639	0.209304	-0.466644	0.130503	0.0436835	0.246847	-0.0186697
-0.627836	0.552243	0.0721846	-0.417557	0.561557	-0.285366	0.1329	0.0479451	0.102631	-0.1387
-0.329004	0.00167838	0.195058	-0.447508	0.358902	-0.0367168	0.0176127	0.0741825	-0.135126	0.300921
-0.0542936	-0.390366	0.0654582	0.0175506	0.294594	0.0333528	-0.120364	-0.104881	0.197317	0.0616337
0.150655	-0.689243	-0.195179	0.263633	0.244579	0.229141	0.0505057	-0.00146239	-0.118361	0.0657363
-0.0588778	-0.370496	0.0317656	0.0530949	0.299649	0.293976	0.188064	0.083916	-0.409186	-0.111905
0.0784715	-0.242915	0.0341547	0.334735	-0.153913	0.076975	0.18735	-0.0843886	-0.0412975	-0.189173
0.172703	-0.178465	-0.0470613	0.0251748	0.0497301	0.0241986	0.0177431	0.0975955	-0.0244795	-0.13714
-0.0405375	-0.10875	0.105866	0.0836297	0.143204	0.0116318	0.0921341	0.0355734	-0.101464	-0.221289
0.189066	-0.0383123	0.116959	0.327127	-0.166217	-0.0414719	0.0818146	0.0307773	-0.185174	-0.314566
0.0665023	-0.060286	-0.0223558	0.43848	-0.201493	0.148714	0.0524852	-0.0884363	0.13923	-0.472838
-0.00308453	-0.0283308	0.509439	-0.0705796	-0.273331	0.0685177	0.0984617	0.0698496	-0.00441431	-0.366523
-0.0381538	-0.0968703	1.00595	-0.191455	-0.214213	-0.181275	-0.00550384	0.0299866	-0.226533	-0.0819323
-0.0190487	-0.00717815	0.259664	-0.0182813	-0.0504625	-0.036605	-0.0911056	0.0241495	-0.0452427	-0.0158887
0.0222624	-0.000944789	0.0253631	-0.000926912	-0.0237953	-0.00615464	-0.0106672	-0.00298201	-0.000711927	-0.00144272
-3.16856e-05	-1.32104e-05	-1.71552e-05	-0.000562489	-0.00537559	-0.000267722	-4.91749e-06	0.00543356	-0.000199583	0.00103879
-1.32861e-05	8.81064e-05	-0.000219089	0.000545198	-2.37904e-06	-0.000242602	-5.445e-06	-1.72779e-06	-0.000105777	-4.29991e-05
-0.010556	-0.000669944	-0.00433683	0.0711509	-0.00831929	-0.0215468	-0.00237478	0.0135804	-0.00472182	-0.0322059
-0.101741	-0.00921828	0.14525	0.511072	-0.149399	0.00279621	-0.0828045	-0.025252	-0.115605	-0.175094
0.0388385	-0.0863906	0.514802	0.306872	-0.0524991	0.277448	-0.354766	-0.101569	-0.277533	-0.265196
0.0966282	-0.340363	0.58458	0.303354	-0.0812381	0.273239	-0.291167	-0.125166	-0.100428	-0.319441
0.120112	-0.625264	0.193257	0.174448	-0.090249	0.52853	0.0445219	-0.378965	0.0987762	-0.0651653
0.0737002	-0.442997	0.450415	-0.191441	0.0356998	0.164925	0.233267	-0.338054	0.0439931	-0.0295101
0.247422	-0.0994105	0.0907301	-0.153797	0.0962203	-0.00715088	0.148723	-0.297061	0.0759426	-0.10162
0.293468	-0.0189997	0.0193629	-0.403134	0.0775837	-0.187824	0.309385	-0.323997	0.260312	-0.0261588
0.369251	-0.201931	0.277141	-0.438448	-0.27191	-0.166225	0.254351	-0.370096	0.226263	0.321605
0.096697	-0.176433	0.138053	-0.432871	-0.0685711	-0.119876	0.176462	-0.134593	0.302431	0.218701
-0.299505	-0.00555813	0.296004	-0.553925	0.203097	-0.138259	0.668699	-0.191114	0.2726	-0.252038
-0.626351	0.114695	0.298301	-0.364775	0.33174	-0.0979027	0.400229	0.0695599	0.0811323	-0.206624
-0.48748	0.226674	0.143309	-0.278463	0.320972	0.0174819	0.0225703	-0.0848559	-0.0905031	0.210295
-0.15792	-0.267849	-0.0596239	0.178273	0.187657	-0.0274656	0.072327	-0.0937016	-0.0245895	0.192895
0.00560924	-0.469521	0.0979581	0.410867	0.293851	-0.0039201	0.203746	-0.200687	-0.230287	-0.107614
-0.000856565	-0.190088	0.253716	0.164216	-0.183998	0.174598	0.256802	-0.111404	-0.258501	-0.104485
-0.0274052	0.0132767	0.077236	0.135575	-0.0395373	-0.0971929	0.274168	-0.115673	-0.0761247	-0.144322
-0.0735944	-0.0305957	0.115877	0.161388	-0.135831	0.0989688	0.00554574	-0.0402964	-0.0370221	-0.0644389
-0.190037	0.0430531	-0.0172634	0.0977108	0.00329475	0.04199	-0.0404355	-0.0261927	0.0842261	0.00365318
-0.0712139	-0.00045592	0.170537	0.359141	0.036871	-0.0102762	0.0596305	-0.136495	-0.190848	-0.216889
0.239177	-0.0703485	0.126202	0.454799	-0.356892	0.103968	0.0371157	-0.193783	-0.00635391	-0.333883
0.102553	-0.0774995	0.447088	0.189968	-0.240655	0.191633	0.078463	-0.380555	0.135374	-0.446367
-0.0273964	0.00589231	0.805199	-0.242747	-0.232546	0.203918	0.0427968	-0.204611	-0.0552106	-0.295291
-0.0335126	0.0272829	0.688005	-0.118939	-0.201758	-0.110493	0.0351119	-0.0169822	-0.195875	-0.0728402
-0.0100472	0.0153139	0.0851725	-0.0146255	-0.0180065	-0.0275653	-0.0269792	0.0254984	-0.0250044	-0.0037567
-0.00651341	-8.9233e-06	0.0370891	-0.000226679	-3.48242e-05	-0.0144493	-0.0150663	-1.77671e-05	-0.000370696	-0.00040119
-1.98312e-09	6.1564e-05	-4.18532e-05	-3.86396e-06	-1.12129e-08	-1.05466e-07	-2.56675e-07	-5.6071e-07	-1.45908e-05	-3.19808e-07
0.00633363	0.000312684	-0.0022519	-6.84502e-05	-0.00941895	-0.000682564	-0.00064484	0.0200797	-0.000823085	-0.0128362
-0.0051871	-0.000931831	-0.0052787	0.0571763	-0.0055756	-0.0187351	-0.00274259	0.0132718	-0.00837213	-0.023625
-0.0799355	-0.0115824	-0.0198839	0.530412	0.0169774	0.011951	-0.0814073	-0.0692876	-0.162204	-0.135037
-0.0190963	-0.138041	0.323186	0.341411	-0.0714062	0.325804	-0.216355	-0.0722421	-0.243791	-0.229468
0.0787309	-0.471864	0.181837	0.443301	0.0514709	0.250016	-0.235119	-0.1891	0.0962902	-0.205564
0.199827	-0.32189	0.100767	0.0983201	-0.0500179	0.337874	-0.0100595	-0.34912	0.112031	-0.117732
0.164089	-0.0125665	0.367161	-0.0907131	-0.0913499	0.0598114	0.161494	-0.465799	-0.0399477	-0.0521792
0.198138	-0.0486394	0.222016	-0.0581476	-0.266499	0.291153	0.00178157	-0.284469	0.0841074	-0.13944
0.108171	0.0516046	0.299875	-0.0126662	-0.421515	0.0636269	0.29275	-0.313772	0.243595	-0.311672
0.271712	-0.148133	0.371177	-0.0649034	-0.470479	0.0507327	0.43379	-0.496923	0.223484	-0.170458
0.348197	-0.111765	0.174146	-0.226839	-0.144066	0.0176095	0.674294	-0.264547	-0.16166	-0.305364
0.213029	-0.102294	0.160382	-0.258577	-0.476783	0.050473	0.592582	-0.110636	0.0529062	-0.121081
-0.153792	0.208766	0.395504	-0.136	-0.193281	0.0734544	0.210733	-0.080458	-0.136037	-0.188888
-0.250681	-0.117063	0.0951536	-0.0131157	0.201998	-0.0371289	0.332782	0.169173	-0.126992	-0.254124
-0.141679	-0.0079264	0.22072	0.0106778	-0.000302998	0.0573913	0.267864	-0.157562	-0.0213754	-0.227806
-0.145809	0.170656	0.272294	0.15228	-0.0595686	-0.0737505	0.244309	-0.38609	-0.0164476	-0.157871
0.0337571	-0.0541427	0.276094	0.36714	-0.174322	-0.107219	0.211365	-0.367693	0.0479032	-0.23288
-0.0107023	0.0942663	0.130768	0.272032	-0.146188	0.0330134	0.110331	-0.445921	0.103904	-0.141502
-0.130035	0.152637	-0.035929	0.179191	-0.236155	0.00300484	0.141005	-0.12512	0.0238534	0.0275485
-0.0132696	0.06418	0.135628	0.0152119	-0.196466	0.193725	0.0186646	-0.283466	0.0541212	0.0116697
0.0782916	0.0139729	0.253888	0.312962	-0.0786433	0.114926	0.14292	-0.474684	-0.0831864	-0.280445
0.257957	-0.0574976	0.37998	0.142003	-0.498537	0.132024	0.174369	-0.469005	0.239028	-0.300319
0.0323001	-0.029779	0.355531	0.150399	-0.349167	0.255239	0.0653548	-0.431613	0.188691	-0.236951
0.017169	0.0583156	0.40931	-0.138111	-0.224177	0.23011	-0.0247495	-0.110227	-0.0785148	-0.139119
-0.0495335	0.0750809	0.538392	-0.0663741	-0.103162	-0.0320016	-0.106775	-0.0329277	-0.1759	-0.0467971
-0.0111108	0.0151149	0.166233	-0.0105008	-0.00269067	-0.0508099	-0.0591294	-0.00302396	-0.0279725	-0.0161096
-0.00218881	5.26682e-05	0.0168225	-0.000110629	-1.88769e-07	-0.00452793	-0.0099373	-4.94205e-07	-0.000109605	-2.55585e-07
0.0	0.0	0.0	0.0	0.0	0.0	0.0	0.0	0.0	0.0
0.0159531	-4.78577e-05	-0.00505302	-0.000386463	-9.87825e-05	-0.000722145	-0.00161717	-0.000212636	-0.00173937	-0.00607566
-0.00759658	-0.00687936	0.0344334	0.0387711	0.000237598	-0.00820012	-0.00280164	-0.0111026	-0.015404	-0.0214578
-0.0723154	-0.0262162	0.105531	0.432751	-0.0274202	0.0421064	-0.0578551	-0.111994	-0.163283	-0.121303
0.0408482	-0.0848487	0.366779	0.452149	-0.0978475	0.116032	-0.197575	-0.247925	-0.215193	-0.132414
0.227145	-0.339254	0.298053	0.253757	-0.193627	0.387454	-0.264761	-0.307311	-0.0683618	0.00690731
0.201231	-0.0450189	0.254163	0.378527	-0.237924	0.232986	-0.170592	-0.46164	0.0578464	-0.209579
0.15061	0.0299188	0.55878	0.18971	-0.437172	-0.129757	0.208251	-0.49354	0.352104	-0.428903
0.18948	0.218728	0.277408	0.200699	-0.543829	0.241109	-0.0282362	-0.29874	0.0234312	-0.280052
0.191034	0.122526	0.283824	0.328186	-0.40159	0.215219	0.278505	-0.39012	-0.140705	-0.486878
0.282172	0.195354	0.283548	-0.0173827	-0.41153	-0.0137362	0.49446	-0.334534	0.125173	-0.603525
0.424936	0.223033	0.401468	-0.164017	-0.165981	0.105337	0.354796	-0.321516	-0.205409	-0.652645
0.455139	0.118894	0.257779	-0.450181	-0.234705	0.0294379	0.521445	-0.119095	0.0185312	-0.597245
0.179106	-0.0733455	0.0741356	-0.102194	-0.387644	0.0773168	0.269761	0.0176424	0.118506	-0.173283
0.00723773	-0.000610228	-0.0408107	0.0748397	-0.106928	-0.118868	0.671952	0.07989	-0.260503	-0.306196
0.00426254	-0.0264939	0.0794226	-0.0918728	-0.0146956	0.010629	0.361615	-0.23224	0.158974	-0.249601
-0.103899	0.268714	0.0567307	0.122152	0.10133	0.137581	0.16512	-0.407564	-0.236987	-0.103176
0.00955896	0.29539	-0.102525	0.249493	0.0498373	0.19221	0.0763853	-0.546058	-0.0743121	-0.149979
-0.0892415	0.390245	0.157307	0.324564	-0.0882878	0.172541	0.278783	-0.759154	-0.0968136	-0.289942
-0.0977161	0.354259	0.294937	0.144494	-0.262234	0.134474	0.037215	-0.462418	-0.0558835	-0.0871269
-0.0637218	0.188102	0.210601	0.276771	-0.159826	0.00215901	0.193304	-0.642521	0.177476	-0.182344
0.0715722	0.0279672	0.332478	0.125205	-0.0748721	0.146151	0.0508209	-0.623905	0.271719	-0.327135
0.140656	-0.0494888	0.304754	0.00555363	-0.304798	0.497636	-0.0946364	-0.539938	0.279142	-0.238878
-0.059658	-0.051959	0.307102	0.0771201	-0.285233	0.209292	0.0251702	-0.288039	0.145096	-0.0788882
-0.0325057	-0.018887	0.463142	-0.0999188	-0.152981	0.104969	-0.0732086	-0.0585679	-0.165907	0.0338682
-0.0412048	0.0108747	0.250555	-0.0390011	-0.104885	0.0827944	-0.0474122	-0.0413693	-0.112717	0.0423653
-0.00164544	0.0162587	0.0462499	-0.00299467	-0.000730364	-0.00713643	-0.011363	-0.0019351	-0.0251266	-0.0115769
-2.11467e-05	0.000204718	-0.000166961	-4.74679e-05	-3.6342e-05	0.000460183	-4.81163e-06	-3.20474e-05	-0.000323207	-3.29171e-05
-2.22488e-08	0.000113876	-5.27863e-05	-1.8344e-05	-4.77274e-07	-6.86215e-07	-8.08414e-07	-7.70448e-06	-3.13152e-05	-1.73236e-06
-5.77305e-05	1.20293e-05	0.000167238	0.000816353	-3.07804e-06	-0.000304473	-3.27205e-05	-0.000232858	-0.000120199	-0.000244561
-0.0233384	-0.0117538	0.0726096	0.068804	-0.000599406	-0.0183853	-0.00198111	-0.0521336	-0.0152874	-0.0179343
-0.0490014	-0.0126661	0.180818	0.281485	-0.0663577	0.0616409	-0.0390452	-0.151885	-0.109714	-0.0952711
-0.0671084	0.0849085	0.218429	0.275447	-0.112284	0.250437	-0.176961	-0.268776	-0.0830344	-0.121053
0.137985	0.377209	0.189333	0.0351695	-0.122811	0.108535	-0.274058	-0.328995	-0.0845004	-0.0378674
0.150412	0.292825	0.175593	0.263263	-0.37281	0.16556	-0.35426	-0.422651	0.238187	-0.136121
0.124976	0.128871	0.153599	0.239107	-0.419174	0.282648	-0.0515667	-0.469948	0.28635	-0.274863
-0.0608708	0.220415	-0.0239346	0.217164	-0.0869347	0.146085	0.19653	-0.283086	-0.0996638	-0.225706
0.0496311	0.0645679	0.257052	-0.250196	-0.136318	0.154184	0.236804	-0.382831	0.193637	-0.186533
0.230417	0.273996	0.119655	-0.127695	-0.215752	0.0563586	0.273973	-0.21757	-0.127498	-0.265885
0.353217	-0.10816	0.0970937	-0.133789	-0.047476	0.21737	0.336496	-0.245068	-0.0347278	-0.434954
0.330192	-0.137226	-0.0324833	-0.0762865	-0.0931996	0.118518	0.586154	-0.123519	-0.18943	-0.38272
0.114692	-0.164129	0.14936	-0.0675933	-0.210313	0.0838201	0.570593	-0.210176	0.111207	-0.37746
-0.0234649	0.172281	0.122779	-0.127991	-0.145877	0.128598	0.611754	-0.310886	-0.04926	-0.377929
0.000329846	0.0737196	-0.0559924	0.0447612	0.128848	0.0616697	0.267176	-0.145937	-0.042381	-0.332194
0.0213694	-0.0285047	0.12667	0.161167	-0.105478	-0.0453533	0.245771	-0.0539314	-0.170472	-0.151236
-0.174017	0.0670432	0.313602	0.0299415	0.0464205	0.116624	0.366679	-0.386742	-0.033615	-0.345935
-0.191412	0.409269	0.348023	0.219666	-0.163796	0.00639846	0.259574	-0.446154	-0.100131	-0.341442
-0.257343	0.274284	0.455629	0.28491	-0.00644083	-0.0156211	0.0953107	-0.455182	-0.0766719	-0.298875
-0.119546	0.355228	0.0505329	0.00206087	-0.0105416	0.26442	0.0464715	-0.524929	0.146391	-0.210085
0.0117947	0.201099	0.167469	-0.112239	0.0131383	0.407104	-0.0522044	-0.584766	0.0458516	-0.0972458
0.0351593	-0.175123	0.36801	-0.0614314	-0.11525	0.450231	0.0430858	-0.505204	0.158971	-0.198445
0.00818087	-0.12705	0.505334	-0.160113	-0.0740121	0.23443	-0.0331222	-0.2942	-0.0320256	-0.0274173
-0.0547094	0.0148386	0.353718	-0.141293	-0.110171	0.139047	-0.0392921	-0.0518836	-0.218601	0.108348
-0.0229325	0.00153615	0.145939	-0.0295011	-0.0937273	0.125105	-0.039857	-0.0229478	-0.074222	0.0106081
0.0216931	-0.000816917	0.0149967	-0.00406867	-0.00184667	0.00320181	-0.00339502	-0.0021092	-0.00778004	-0.0198751
5.51784e-06	-4.4883e-11	-1.14677e-06	-3.21787e-07	-3.89952e-09	-1.55342e-06	-2.37335e-07	-7.71373e-09	-2.22998e-06	-1.68993e-08
-2.15535e-08	0.000110318	-5.11367e-05	-1.77707e-05	-4.62359e-07	-6.64771e-07	-7.83151e-07	-7.46371e-06	-3.03366e-05	-1.67822e-06
-9.04996e-07	3.24005e-05	-1.78501e-05	2.98297e-05	-1.90069e-07	-1.04016e-05	-2.561e-07	-1.32939e-05	-1.14991e-05	-7.83431e-06
-0.00438838	-0.0113663	0.0511517	0.0777537	-0.000410561	-0.0125327	-0.000232147	-0.0686578	-0.0113446	-0.0199729
-0.0564265	-0.0131206	0.137505	0.226589	-0.0669953	0.0315547	-0.0171515	-0.152984	-0.0404063	-0.0485631
-0.237515	0.141998	0.1983	0.195103	-0.10213	0.250276	-0.0845688	-0.203365	-0.0559493	-0.102144
-0.0444856	0.728567	0.172812	0.0490384	-0.159244	-0.0521703	-0.182265	-0.114232	-0.125542	-0.272478
0.0411801	0.482502	0.32431	0.177848	-0.22201	-0.195691	-0.348253	-0.128565	0.0590778	-0.190396
0.0760582	0.118112	0.282103	0.13594	-0.254508	-0.00370406	-0.265494	0.0317899	0.14515	-0.265449
0.177216	0.0864601	0.328179	-0.0469005	-0.195153	0.0839193	-0.142524	-0.105116	-0.122642	-0.0634414
0.156198	0.136752	0.291987	0.00855268	-0.248195	0.0566524	0.0665483	-0.244319	-0.101369	-0.122808
0.138686	-0.0879505	0.0666394	0.0335671	-0.169957	-0.0618987	0.167758	-0.108733	0.0269626	-0.00507359
0.175462	-0.386609	0.155331	0.127711	-0.124487	0.0918783	0.0642239	-0.293595	0.218137	-0.0280523
0.153614	-0.53183	0.111695	-0.0952401	-0.163682	0.17096	0.316077	-0.0800375	0.137463	-0.0190198
0.472154	-0.354595	0.0241514	-0.141569	-0.104606	0.282031	0.284131	-0.398148	0.159294	-0.222844
0.107232	-0.102739	-0.0678655	-0.0993955	-0.199282	0.157401	0.0255597	-0.111526	0.268773	0.0218424
0.10691	0.0185141	-0.138315	0.0982894	-0.142618	0.0553986	0.22811	-0.0405721	0.078976	-0.264691
0.0405742	0.0073946	-0.00484622	0.0744592	-0.124573	0.145543	0.158001	-0.0450372	-0.0830709	-0.168444
0.0637988	0.237322	-0.0411243	0.138656	0.0103731	0.0171039	0.0332434	-0.260493	0.0520006	-0.25088
-0.108386	0.41583	0.13428	0.056656	-0.0375953	0.183916	-0.0628757	-0.304409	-0.0144893	-0.262926
-0.127561	0.251205	0.272103	0.175153	0.252106	0.179675	-0.0463174	-0.302318	-0.162093	-0.491952
-0.183731	0.237253	0.306296	0.145797	0.0605556	0.149384	0.0701484	-0.502496	-0.116514	-0.166692
-0.0762676	-0.00780308	0.250852	-0.0606196	0.282386	0.083541	0.0599075	-0.56329	0.0994054	-0.0681105
0.0492522	-0.172211	0.384538	0.0326845	-0.00423406	0.20515	-0.107133	-0.394962	-0.0242254	0.0311437
0.048411	-0.0893334	0.269712	-0.087006	-0.110438	0.22699	-0.122769	-0.283662	-0.00320916	0.15131
-0.0386037	-0.013031	0.211242	-0.0998799	-0.0949043	0.144444	-0.0555124	-0.0501213	-0.095842	0.0922107
-0.015596	-0.00270395	0.0734608	-0.0261716	-0.0601916	0.08231	-0.0149228	-0.0229152	-0.0306407	0.0173712
0.00229821	0.0046617	-0.0223649	-1.87704e-05	0.00389806	0.0225695	-0.000122656	-0.00105307	-0.00416304	-0.00570504
1.01868e-05	-8.28609e-11	-2.11712e-06	-5.94068e-07	-7.19911e-09	-2.86785e-06	-4.38156e-07	-1.42407e-08	-4.11689e-06	-3.11988e-08
0.0	0.0	0.0	0.0	0.0	0.0	0.0	0.0	0.0	0.0
0.0	0.0	0.0	0.0	0.0	0.0	0.0	0.0	0.0	0.0
-0.000331793	-0.000185739	0.00144491	0.0719292	-0.000159101	-0.000589319	-3.03878e-05	-0.0512855	-0.00248253	-0.0183097
-0.0273661	-0.0493138	-0.0317053	0.248921	-0.0137219	0.0394576	-0.00189888	-0.11775	-0.0331903	-0.013432
-0.174351	-0.00777407	-0.00440413	0.341682	-0.0505841	0.173107	-0.0158495	-0.0209941	-0.103145	-0.137687
-0.186414	0.409163	-0.0524169	0.310357	-0.100376	0.177349	-0.0549203	0.0915488	-0.375203	-0.219085
-0.0809153	0.379033	-0.00596869	0.262906	-0.0652224	-0.023023	-0.130446	0.253837	-0.364885	-0.225312
0.114009	0.100385	0.0834901	0.251862	-0.0516104	-0.17688	-0.2653	0.328307	-0.186026	-0.198237
0.176756	-0.0338081	0.140317	0.00878838	-0.0390062	0.120002	-0.299327	-0.298057	0.214863	0.00947307
0.268004	0.044074	0.17335	0.178862	-0.0350902	0.0979187	-0.323515	-0.155982	0.0328848	-0.280507
0.332594	-0.0756995	-0.0128421	0.0971988	-0.0253853	0.297062	-0.40584	-0.117133	-0.0676449	-0.0223078
0.327298	-0.0843309	0.218751	0.2213	-0.00267529	0.0548068	-0.299626	-0.327956	0.0600903	-0.167658
0.205755	0.183201	0.138702	-0.183164	-0.132296	0.108242	-0.0670885	-0.309313	0.166318	-0.110357
0.248121	-0.0514603	-0.100634	0.145294	-0.0866387	-0.0956229	-0.0426805	-0.307279	0.437555	-0.146654
0.259097	-0.228065	-0.0507539	-0.14102	-0.0174382	0.0774383	0.0380049	-0.150386	0.202466	0.0106582
0.197314	0.0945724	-0.0972911	-0.0349633	-0.0539495	-0.0356574	-0.000782147	-0.025132	0.156903	-0.201013
0.0121757	0.0615612	-0.0268173	-0.291035	0.142251	0.190794	-0.0985966	-0.171444	0.321522	-0.140412
0.0553993	0.264749	-0.0779212	0.0390225	-0.00860871	0.00395858	-0.067257	-0.136469	0.0565198	-0.129395
-0.331081	0.0198183	0.25417	0.292875	0.22147	-0.238951	0.0212027	-0.262349	0.158796	-0.135952
-0.367789	0.0337748	0.470319	-0.00780449	0.211143	-0.043089	0.0514585	-0.427058	0.147878	-0.0688346
-0.343031	-0.07815	0.405248	0.0372511	0.228379	0.0739876	0.0144319	-0.530704	0.174569	0.0180221
-0.165468	-0.152389	0.460583	-0.0602113	0.232567	-0.00727584	-0.0510904	-0.507454	0.032495	0.218249
-0.0589051	-0.125218	0.396578	-0.142864	-0.0882884	0.0593678	-0.0482439	-0.329651	0.00140821	0.33582
-0.0399432	-0.100317	0.25284	-0.0832391	-0.133509	0.137442	-0.0457402	-0.293092	0.0614279	0.244133
-0.0587093	-0.0242146	0.196885	-0.041221	-0.0896606	0.093412	-0.0314504	-0.083639	-0.0649399	0.103538
-0.010334	0.000384066	0.0734184	-0.0239159	-0.00204964	0.0321831	-0.00789107	-0.0263889	-0.0242586	-0.0111475
-1.65383e-05	0.0197184	-0.0158549	0.0073579	0.00400182	0.0132379	-0.00014249	-0.000858508	-0.0173841	-0.0100596
0.0	0.0	0.0	0.0	0.0	0.0	0.0	0.0	0.0	0.0
0.0	0.0	0.0	0.0	0.0	0.0	0.0	0.0	0.0	0.0
0.0	0.0	0.0	0.0	0.0	0.0	0.0	0.0	0.0	0.0
-0.00150382	-9.64063e-06	-0.00206022	0.0341529	-1.14886e-05	-0.000465178	-3.94008e-06	-0.0253491	-0.000128288	-0.00462118
-0.00250242	-0.0332626	-0.0741411	0.150114	-0.000329864	0.0387099	-0.000156633	-0.0111809	-0.0537455	-0.0135048
-0.0155013	-0.062754	-0.126816	0.278831	-0.021331	-0.00535873	-0.00291854	0.117441	-0.189571	0.0279794
-0.0810999	0.0426865	-0.245947	0.271074	-0.0232317	-0.00221776	-0.0202987	0.380296	-0.371244	0.0499869
-0.112768	0.0367137	-0.356491	0.49577	-0.0348459	-0.0362216	-0.0352019	0.413923	-0.408048	0.0371702
-0.162281	-0.0828413	-0.331291	0.483861	-0.0400176	0.06951	-0.0771363	0.26269	-0.26616	0.143666
-0.1035	-0.202645	-0.179322	0.185472	-0.0655502	0.150282	-0.149918	0.131432	0.151199	0.0825543
-0.0506718	-0.193878	-0.0654025	0.214043	0.0282829	0.391602	-0.224178	0.024423	0.0313419	-0.155561
-0.0318481	-0.268946	-0.184938	0.430751	0.0221238	0.191343	-0.303912	0.0891551	0.0372734	0.018997
-0.0289427	-0.300132	-0.120218	0.390134	0.153525	0.143546	-0.424474	-0.00415907	0.362996	-0.172276
0.23608	-0.275534	0.0867937	0.251087	-0.16653	0.203966	-0.369349	-0.0209724	0.278305	-0.223848
0.230201	-0.360746	0.0313518	0.339772	-0.185567	0.346975	-0.395326	0.125987	0.163314	-0.295962
0.132973	-0.371206	0.266939	0.32105	-0.105298	0.27664	-0.347241	-0.0488816	0.226242	-0.351216
-0.0336328	-0.284364	0.0589182	0.137141	-0.103761	0.273348	-0.287747	-0.056332	0.320072	-0.023642
-0.105937	-0.485008	0.0339722	0.244663	0.0323228	0.100864	-0.152468	-0.0978049	0.504181	-0.0747846
-0.162781	-0.14289	0.184624	0.164046	-0.155944	0.216793	-0.0980021	-0.0509877	-0.036847	0.081991
-0.288292	-0.0124193	0.252644	-0.187513	-0.0238742	0.218459	-0.101375	-0.238399	0.311414	0.0693556
-0.320183	0.0163501	0.0201837	-0.139236	0.112518	0.0512672	-0.108347	-0.219582	0.473029	0.114
-0.308145	-0.028087	0.0259369	-0.0587797	0.0862073	0.0595891	-0.06184	-0.244787	0.132058	0.397851
-0.212984	-0.0323304	0.189923	-0.0210117	0.0763751	0.00656478	-0.0655422	-0.254042	-0.0484378	0.361487
-0.0945102	-0.0704579	0.0734613	-0.0444737	0.0259002	0.161593	-0.0381323	-0.236103	-0.0528671	0.275592
-0.0365022	-0.0294551	0.110868	-0.0286988	-0.0268998	0.115865	-0.0154059	-0.261072	-0.0378423	0.209143
-0.00572654	-0.0126844	0.234306	-0.0320542	-0.0526757	0.0680981	-0.00337282	-0.103473	-0.0584953	-0.0339222
-0.000423412	0.00688019	0.128167	-0.00663802	0.00871557	-0.0239242	-0.000370957	-0.0420401	-0.0289376	-0.0414286
-4.06229e-07	0.00154016	0.0196039	-1.60552e-05	-0.000118651	-0.00044405	-3.7371e-05	-1.71854e-06	-0.00419536	-0.0163305
0.0	0.0	0.0	0.0	0.0	0.0	0.0	0.0	0.0	0.0
0.0	0.0	0.0	0.0	0.0	0.0	0.0	0.0	0.0	0.0
0.0	0.0	0.0	0.0	0.0	0.0	0.0	0.0	0.0	0.0
-2.56638e-05	-2.62558e-07	-5.32756e-05	0.00327142	-8.00629e-05	-8.74955e-06	-3.59895e-07	-0.00478945	-0.00027387	0.00196027
-0.000127057	-0.00309958	-0.0175723	-0.027585	-7.22895e-05	0.0387365	-5.16486e-05	0.0207809	-0.00416495	-0.00684445
-0.00294034	-0.0471962	-0.0557963	-0.000131663	0.00171259	0.0450256	-0.000900288	0.123683	-0.102046	0.0385896
-0.0179999	-0.0977893	-0.0847737	0.105888	-0.0477282	-0.0163685	-0.00183226	0.0761323	-0.201021	0.285494
-0.085609	-0.124244	-0.0824629	0.286251	-0.130967	-0.0201888	-0.00560378	0.0130719	-0.151163	0.30092
-0.135837	-0.164748	-0.17166	0.485286	-0.207632	0.00689677	-0.0105287	0.060876	-0.151688	0.289039
-0.210225	-0.15416	-0.339896	0.712372	-0.388015	0.021012	-0.0381107	0.311785	-0.245879	0.331126
-0.309985	-0.245005	-0.399997	0.710573	-0.282388	0.188009	-0.0544368	0.382147	-0.209898	0.220985
-0.440411	-0.508988	-0.340986	0.678661	-0.125167	0.205532	-0.050435	0.231742	0.0822005	0.267855
-0.45412	-0.422346	-0.342481	0.56087	-0.28455	0.322046	-0.0493199	0.456051	0.0798939	0.133958
-0.562817	-0.273605	-0.222387	0.674387	-0.455247	0.315044	-0.0463842	0.371148	-0.0749428	0.274803
-0.50921	-0.330592	-0.13716	0.54213	-0.240859	0.324616	-0.101472	0.272975	-0.0422167	0.221793
-0.478389	-0.367079	-0.00779049	0.325859	-0.233848	0.125652	-0.097879	0.205643	0.159101	0.368733
-0.427969	-0.389516	0.0536145	0.160588	-0.264271	0.357393	-0.101821	0.22484	0.288347	0.0987972
-0.297078	-0.38496	0.0107385	0.226104	-0.39919	0.295213	-0.0847251	0.14685	0.280475	0.206574
-0.333509	-0.239555	-0.0534833	0.164879	-0.422102	0.286107	-0.0564972	0.121041	0.29562	0.237502
-0.284909	-0.120065	-0.210074	0.0950295	-0.345567	0.187594	-0.0479783	0.240705	0.18769	0.297579
-0.163758	-0.0936983	-0.253784	0.150018	-0.406605	0.173815	-0.0305781	0.052456	0.112263	0.459874
-0.17561	-0.0359081	-0.170928	0.00307624	-0.235231	0.12685	-0.0167047	-0.104025	0.0362329	0.572251
-0.133924	-0.00789229	-0.141869	-0.0844898	-0.159916	0.197661	-0.00982861	-0.0798127	-0.0288377	0.448912
-0.0551194	-0.00493968	-0.12606	-0.031764	-0.0687072	0.242166	-0.00669028	-0.0175121	-0.0392947	0.107922
-0.0134097	-0.000931201	-0.0615107	-0.00588976	-0.0617571	0.166379	-0.00294323	-0.0627043	-0.0123705	0.0551374
-0.00278628	-1.16606e-05	-0.00683571	-0.000243064	-0.0399762	0.090998	-0.000582456	-0.00570617	-0.00607372	-0.0287826
-4.90681e-07	-8.43931e-06	0.0174072	-0.000259524	-0.000993198	-1.32524e-05	-2.38475e-05	-0.00104325	-0.00350016	-0.0115651
-3.60749e-07	-1.00808e-05	0.0208181	-3.7072e-06	-0.000125758	-9.62356e-06	-2.69972e-05	-1.3832e-06	-0.00331181	-0.0173284
0.0	0.0	0.0	0.0	0.0	0.0	0.0	0.0	0.0	0.0
0.0	0.0	0.0	0.0	0.0	0.0	0.0	0.0	0.0	0.0
0.0	0.0	0.0	0.0	0.0	0.0	0.0	0.0	0.0	0.0
0.0	0.0	0.0	0.0	0.0	0.0	0.0	0.0	0.0	0.0
0.0	0.0	0.0	0.0	0.0	0.0	0.0	0.0	0.0	0.0
-0.000199002	-0.000936803	-0.00075815	0.00124332	0.00341163	-0.00281496	-3.93547e-05	-0.0542368	-0.0117358	0.0660659
-0.00370087	-0.00346185	-0.0029465	0.0216678	0.00141901	-0.00820876	-0.000270218	-0.123406	-0.0394299	0.158337
-0.0186741	-0.00676436	-0.0100639	0.0370584	-0.0533656	-0.0314505	-0.00112301	-0.111767	-0.0642714	0.260422
-0.0408656	-0.00988242	-0.0239421	0.0481086	-0.135444	-0.103889	-0.00197838	0.00767688	-0.0268959	0.287114
-0.0573283	-0.016216	-0.0303258	0.0220019	-0.229636	-0.134586	-0.0043852	0.104137	-0.0139632	0.360302
-0.108244	-0.0289221	-0.0304155	0.00345934	-0.364533	-0.0901775	-0.00637754	0.194712	-0.0700312	0.50053
-0.0991498	-0.0871225	-0.0281484	0.0305379	-0.369006	-0.0250377	-0.00720566	0.210888	-0.13973	0.513977
-0.0737847	-0.0755023	-0.0707566	0.0361333	-0.441775	0.096162	-0.00898526	0.180766	-0.0893783	0.447122
-0.0498269	-0.0950247	-0.0380417	0.0046915	-0.472915	0.0833058	-0.0106823	0.0650035	-0.0957039	0.609195
-0.0935483	-0.151579	-0.0653097	0.0189545	-0.523084	0.00423954	-0.0142063	0.357061	-0.118121	0.585596
-0.129539	-0.124073	-0.0510606	-0.012754	-0.651293	-0.02716	-0.0119605	0.421897	-0.170137	0.756079
-0.099656	-0.0734911	-0.0669267	0.00301735	-0.560684	0.0887319	-0.0101016	0.504783	-0.205302	0.419632
-0.0706899	-0.0546678	-0.0866873	0.0945675	-0.501482	0.0138453	-0.0091934	0.311553	-0.139697	0.442454
-0.0951634	-0.0349906	-0.102832	0.0763922	-0.448306	-0.0394699	-0.00877909	0.320422	-0.07084	0.403569
-0.0610943	-0.0431963	-0.0658472	0.0395062	-0.456119	-0.073717	-0.00795802	0.292009	-0.0540504	0.430469
-0.0104974	-0.0232796	-0.0237915	0.00746154	-0.365784	-0.00189517	-0.0048483	0.182773	-0.0698658	0.309728
-0.04544	-0.00838728	-0.0254761	-0.016274	-0.185231	0.0483929	-0.0033003	-0.000478189	-0.0333996	0.269594
-0.0565376	-0.00425225	-0.0298932	-0.0107325	-0.0901778	0.0451138	-0.00225004	0.00263479	-0.013054	0.159149
-0.0283067	-0.000707207	-0.0109178	0.000689988	-0.0470188	0.021079	-0.000414408	0.0603993	-0.00312081	0.0083175
-0.00157857	-9.95964e-06	-6.45814e-05	-0.000232724	-0.00225861	0.000328132	-7.84555e-05	-0.0030427	-0.000277061	0.00721454
-4.92222e-06	-1.62118e-09	-5.67553e-07	-1.49218e-06	-0.00128956	-2.50805e-05	-1.49248e-06	-0.000130875	-1.17296e-05	0.00146573
-2.09553e-07	-1.79368e-08	-1.38557e-06	-2.52366e-07	-7.1435e-08	-9.42886e-08	-8.64337e-10	1.98977e-05	-6.77444e-07	-1.71879e-05
0.0	0.0	0.0	0.0	0.0	0.0	0.0	0.0	0.0	0.0
0.0	0.0	0.0	0.0	0.0	0.0	0.0	0.0	0.0	0.0
0.0	0.0	0.0	0.0	0.0	0.0	0.0	0.0	0.0	0.0
0.0	0.0	0.0	0.0	0.0	0.0	0.0	0.0	0.0	0.0
0.0	0.0	0.0	0.0	0.0	0.0	0.0	0.0	0.0	0.0
0.0	0.0	0.0	0.0	0.0	0.0	0.0	0.0	0.0	0.0
-3.224e-06	-4.12782e-06	-2.15795e-06	-6.3394e-07	-1.23745e-06	-9.68644e-07	-7.39576e-08	0.00015177	-4.15132e-05	-9.78335e-05
-5.93953e-05	-1.07046e-05	-7.809e-06	-2.48524e-06	-5.6464e-06	-1.72992e-05	-8.24973e-07	0.000651542	-0.000116502	-0.000430878
-8.77315e-05	-9.48907e-06	-3.07362e-05	-3.22382e-05	-0.00684821	-5.36376e-05	-2.55209e-06	-0.000490228	-0.00014624	0.00770106
-0.000171835	-2.24912e-05	-0.000113155	-8.80802e-05	-0.0391576	-0.000521158	-3.8874e-05	-0.00480641	-0.000233569	0.0451532
-0.000495562	-4.77714e-05	-0.00016933	-0.000190599	-0.0410755	-0.00115165	-7.11962e-05	0.00850544	-0.000389456	0.0350856
-0.00108491	-4.40601e-05	-0.000261314	-0.00130039	-0.0201501	-0.000850506	-2.89e-05	0.00916166	-0.000844993	0.0154036
-0.00107014	-0.00396074	-0.00497675	-0.00734104	-0.0457174	0.00305175	-6.41051e-05	0.0582272	-0.0134943	0.0153456
-0.00173764	-0.00130184	-0.00208256	-0.00410885	-0.0298465	0.00888268	-6.60708e-05	0.018141	-0.0036887	0.0158085
-0.00378471	-0.00373554	-0.000924982	-0.00430552	-0.0415582	0.00524301	-0.000401737	0.0295875	-0.00881241	0.0286928
-0.00650239	-0.00375952	-0.00112896	-0.0058394	-0.0335873	-0.00338738	-0.000416026	0.138088	-0.00735547	-0.0761117
-0.00978986	-0.00197795	-0.000932716	-0.00810407	-0.102488	-0.0116806	-0.000827777	0.123171	-0.00647556	0.0191059
-0.00957121	-0.000503117	-0.00108098	-0.00656738	-0.0513434	-0.00856159	-0.000773691	0.121808	-0.00602732	-0.0373793
-0.00554042	-0.000324116	-0.000928581	-0.00788523	-0.0323548	-0.00632761	-0.000548599	0.101588	-0.00321651	-0.0444619
-0.00432324	-0.00490766	-0.00127382	-0.00589976	-0.0291874	-0.00794558	-0.000518698	0.128578	-0.00321681	-0.0713052
-0.00446063	-0.0148738	-0.000784293	-0.00375107	-0.0383273	-0.00600506	-0.000343457	0.159564	-0.00370554	-0.0873128
-0.00223782	-0.000264457	-0.00049354	-0.00266545	-0.0308009	-0.0063594	-0.000199564	0.11452	-0.00245486	-0.0690439
-0.00422287	-8.88269e-05	-0.00510005	-0.00136116	-0.00615619	-0.0143201	-0.000189859	0.0414124	-0.00300858	-0.00696474
-0.0106828	-2.88614e-05	-0.00343805	-0.000422289	-0.0039172	-0.00618456	-8.12114e-05	0.0172728	-0.00154188	0.00902405
-0.0315047	-5.1612e-05	-0.011324	-0.000270144	-0.00885314	-0.00512474	-0.000201762	0.0472933	-0.00137017	0.011407
-0.00719901	-3.31632e-06	-0.000120671	-2.76785e-05	-0.00198296	-0.00114919	-1.92716e-05	0.0162545	-0.000282302	-0.00547009
0.0	0.0	0.0	0.0	0.0	0.0	0.0	0.0	0.0	0.0
0.0	0.0	0.0	0.0	0.0	0.0	0.0	0.0	0.0	0.0
0.0	0.0	0.0	0.0	0.0	0.0	0.0	0.0	0.0	0.0
0.0	0.0	0.0	0.0	0.0	0.0	0.0	0.0	0.0	0.0
