0.0	0.0	0.0	0.0	0.0	0.0	0.0	0.0	0.0	0.0
0.0	0.0	0.0	0.0	0.0	0.0	0.0	0.0	0.0	0.0
0.0	0.0	0.0	0.0	0.0	0.0	0.0	0.0	0.0	0.0
0.0	0.0	0.0	0.0	0.0	0.0	0.0	0.0	0.0	0.0
0.0	0.0	0.0	0.0	0.0	0.0	0.0	0.0	0.0	0.0
0.0	0.0	0.0	0.0	0.0	0.0	0.0	0.0	0.0	0.0
0.0	0.0	0.0	0.0	0.0	0.0	0.0	0.0	0.0	0.0
0.0	0.0	0.0	0.0	0.0	0.0	0.0	0.0	0.0	0.0
0.0	0.0	0.0	0.0	0.0	0.0	0.0	0.0	0.0	0.0
0.0	0.0	0.0	0.0	0.0	0.0	0.0	0.0	0.0	0.0
0.0	0.0	0.0	0.0	0.0	0.0	0.0	0.0	0.0	0.0
0.0	0.0	0.0	0.0	0.0	0.0	0.0	0.0	0.0	0.0
-3.65654e-06	-6.40235e-06	-0.000653477	-6.11979e-05	-0.00428434	-8.89932e-05	0.00591599	-6.81451e-06	-0.000146841	-0.000664264
-2.17358e-05	-1.51856e-05	-0.00106324	-0.000148678	-0.00952091	-0.00019558	0.0128187	-1.95243e-05	-0.000331151	-0.00150273
-1.5278e-05	-1.29825e-06	0.000409125	-1.63307e-05	-0.000155443	-7.95819e-07	-0.000150494	-5.12206e-06	-1.07063e-05	-5.36562e-05
-6.36584e-07	-5.40937e-08	1.70469e-05	-6.80445e-07	-6.4768e-06	-3.31591e-08	-6.27058e-06	-2.13419e-07	-4.46097e-07	-2.23568e-06
0.0	0.0	0.0	0.0	0.0	0.0	0.0	0.0	0.0	0.0
0.0	0.0	0.0	0.0	0.0	0.0	0.0	0.0	0.0	0.0
0.0	0.0	0.0	0.0	0.0	0.0	0.0	0.0	0.0	0.0
0.0	0.0	0.0	0.0	0.0	0.0	0.0	0.0	0.0	0.0
0.0	0.0	0.0	0.0	0.0	0.0	0.0	0.0	0.0	0.0
0.0	0.0	0.0	0.0	0.0	0.0	0.0	0.0	0.0	0.0
0.0	0.0	0.0	0.0	0.0	0.0	0.0	0.0	0.0	0.0
0.0	0.0	0.0	0.0	0.0	0.0	0.0	0.0	0.0	0.0
0.0	0.0	0.0	0.0	0.0	0.0	0.0	0.0	0.0	0.0
0.0	0.0	0.0	0.0	0.0	0.0	0.0	0.0	0.0	0.0
0.0	0.0	0.0	0.0	0.0	0.0	0.0	0.0	0.0	0.0
0.0	0.0	0.0	0.0	0.0	0.0	0.0	0.0	0.0	0.0
0.0	0.0	0.0	0.0	0.0	0.0	0.0	0.0	0.0	0.0
0.0	0.0	0.0	0.0	0.0	0.0	0.0	0.0	0.0	0.0
0.0	0.0	0.0	0.0	0.0	0.0	0.0	0.0	0.0	0.0
0.0	0.0	0.0	0.0	0.0	0.0	0.0	0.0	0.0	0.0
-5.09064e-09	-3.26363e-08	-1.06103e-05	-9.42529e-09	-4.76361e-05	-1.01929e-07	6.05612e-05	-7.75587e-08	-6.88252e-07	-1.39997e-06
-1.11827e-07	-9.63013e-08	-3.3553e-05	-4.18611e-08	-0.000412439	-3.07202e-07	0.000454223	-7.7643e-07	-2.04631e-06	-4.85072e-06
-1.97348e-05	-1.07675e-07	-0.000421096	-7.27898e-06	-0.0378964	-1.75813e-05	0.0385828	-5.86167e-05	-5.19801e-06	-0.000156752
-4.06543e-05	-6.65129e-05	-0.00102659	-1.72925e-05	-0.0848756	-3.27452e-05	0.0869493	-0.000450169	-5.79803e-05	-0.000381768
-6.05603e-05	-0.00319519	-0.00270934	-0.000170202	-0.0840633	-9.77193e-05	0.0944656	-0.00254312	-0.000827967	-0.000798329
-0.000186637	-0.0026211	-0.0046429	-0.000186206	-0.0352669	-0.000171185	0.0459112	-0.00136881	-0.000872802	-0.000594663
-0.00235961	-0.00160221	-0.00686264	-0.000196321	-0.0464735	-0.000725364	0.0621281	-0.000883647	-0.000846675	-0.0021782
0.0233691	-0.000738095	-0.0237004	-0.000357787	-0.0811159	-0.000863723	0.101417	-0.00677102	-0.00143947	-0.00979993
0.0501659	-0.000684486	-0.0269312	-0.00122995	-0.154197	-0.00642736	0.176453	-0.0181752	-0.00142378	-0.0175493
0.0210556	-0.000497343	-0.0183831	-0.00079187	-0.0766136	-0.00598951	0.0956161	-0.00493978	-0.00180162	-0.00765482
-0.00103064	0.0190307	0.000732314	-0.00598075	-0.022159	-0.00272758	0.0182193	-0.000354505	-0.0032657	-0.0024641
0.018262	0.0284953	0.0264037	-0.00777551	-0.0948307	-0.00338787	0.0460647	-0.00087662	-0.0025995	-0.00975548
0.0525084	-0.00769372	0.0703207	-0.00233694	-0.102458	-0.00359851	0.021231	-0.00180951	-0.00335887	-0.0228045
0.0245173	-0.00414592	0.0119338	-0.00081893	-0.0409298	-0.00223561	0.0287444	-0.000825352	-0.00296265	-0.0132774
-0.00135964	-0.000271275	-0.0205527	-0.000197471	-0.0159914	-0.00311504	0.0452668	-0.000150315	-0.00163423	-0.00199473
-0.000698931	-7.32e-05	-0.015072	-0.000123419	-0.0287741	-0.00287224	0.0505141	-0.000200946	-0.00123248	-0.00146681
-0.00031086	-9.58785e-05	-0.00628085	-0.000121229	-0.0231328	-0.0013996	0.0334409	-9.82887e-05	-0.0007455	-0.0012559
-0.00012907	-0.000227493	-0.00343118	-6.44365e-05	-0.0224784	-0.000269215	0.027925	-8.85047e-06	-0.000882833	-0.00043358
-1.74364e-05	-1.97015e-05	-0.00037945	-5.2061e-06	-0.0308753	-1.37282e-05	0.0316976	-2.20496e-05	-0.000125262	-0.00023938
-2.30075e-06	-1.46548e-06	-0.000170599	-6.91437e-07	-0.0115988	-1.29003e-05	0.011997	-3.04502e-05	-5.24234e-05	-0.000127396
0.0	0.0	0.0	0.0	0.0	0.0	0.0	0.0	0.0	0.0
0.0	0.0	0.0	0.0	0.0	0.0	0.0	0.0	0.0	0.0
0.0	0.0	0.0	0.0	0.0	0.0	0.0	0.0	0.0	0.0
0.0	0.0	0.0	0.0	0.0	0.0	0.0	0.0	0.0	0.0
0.0	0.0	0.0	0.0	0.0	0.0	0.0	0.0	0.0	0.0
0.0	0.0	0.0	0.0	0.0	0.0	0.0	0.0	0.0	0.0
-3.85391e-08	-6.03828e-10	-5.65136e-07	-2.47389e-09	-5.46192e-06	-8.83152e-07	8.58119e-06	-8.41558e-12	-1.2279e-06	-4.01547e-07
0.00309445	-4.55499e-10	-2.3439e-05	-8.66126e-07	-0.00286497	-8.96513e-05	0.000285867	-0.000193865	-8.42231e-06	-0.000199107
0.00115727	-1.92403e-06	-0.000717692	-1.15167e-06	-0.00132069	-1.37167e-05	0.00107709	-6.82463e-05	-3.25859e-05	-7.83502e-05
-0.000364206	-8.50167e-06	5.58328e-05	-0.000276708	-0.00113522	-5.61312e-06	0.00176873	-3.04984e-06	-2.20756e-05	-9.19094e-06
-0.01974	-4.82288e-05	-0.00113143	-0.00152612	-0.0387778	-5.19154e-05	0.0620538	-0.000432535	-0.000166825	-0.000179039
-0.023519	-0.00182572	-0.00554678	-0.00292817	-0.125507	-0.000887309	0.163662	-0.00175609	-0.000852705	-0.000839079
-0.0188116	-0.028928	0.0222469	-0.0110859	-0.157817	-0.00368536	0.206823	-0.0043296	-0.00274366	-0.0016686
-0.0226402	-0.0566061	0.10033	-0.0189199	-0.133086	-0.0138256	0.164319	-0.00588188	-0.0100548	-0.00363399
-0.0213672	-0.0419307	0.0650536	-0.00681809	-0.238326	-0.0438163	0.334	-0.0134329	-0.0202625	-0.0130983
-0.0361879	-0.0516976	0.115194	0.0308843	-0.256567	-0.0866498	0.375225	-0.0309059	-0.0368984	-0.0223967
-0.0384648	0.00914752	0.0642816	0.0422773	-0.343297	-0.0910353	0.465858	-0.0301513	-0.043718	-0.0348963
-0.0628854	0.136297	0.00828674	0.00305572	-0.249346	-0.0978506	0.368955	-0.0143892	-0.0590191	-0.0331011
-0.110238	0.127593	0.0570786	-0.00344987	-0.155908	-0.109242	0.299334	-0.0182816	-0.0572546	-0.0296292
-0.124215	0.252847	0.128563	-0.0511082	-0.217548	-0.0719591	0.203511	-0.0225907	-0.0640965	-0.0334003
-0.0949614	0.164721	0.123128	-0.0420752	-0.258465	-0.00385259	0.235686	-0.0117157	-0.0704799	-0.0419823
-0.0836611	0.0450591	0.0129367	-0.0408599	-0.126134	0.0568158	0.221842	-0.0076044	-0.0503026	-0.0280909
-0.0556203	-0.0073983	-0.0238633	-0.059396	-0.100041	0.0559317	0.222581	-0.00399605	-0.0090665	-0.0191304
-0.04097	0.0240048	-0.0876547	-0.0294304	-0.067111	0.00579846	0.251804	-0.00218806	-0.0405029	-0.0137491
-0.0285754	-0.00742766	-0.0337667	-0.00999554	-0.0518551	-0.0535264	0.206958	-0.00111462	-0.0151108	-0.00558619
-0.014829	-0.00909881	-0.0328696	-0.0105356	-0.0458387	-0.0600319	0.195816	-0.00084873	-0.0142775	-0.00748622
-0.0076503	-0.00339844	-0.03554	-0.00763149	-0.0462775	-0.0332723	0.147832	-0.000601624	-0.00992025	-0.00354035
-0.00384266	-0.00177379	-0.00785027	-0.00199037	-0.0294522	-0.0262387	0.0753796	-7.51117e-05	-0.00379515	-0.000361385
-0.000596597	-0.000546695	0.0339714	-0.000185741	-0.00330509	-0.0099899	-0.0173525	-3.0683e-05	-0.0019287	-3.55005e-05
-8.90521e-06	-2.50451e-05	0.0239974	-9.91341e-07	-0.000448185	-0.000940591	-0.0218635	-2.6834e-08	-0.00070864	-1.57311e-06
0.0	0.0	0.0	0.0	0.0	0.0	0.0	0.0	0.0	0.0
0.0	0.0	0.0	0.0	0.0	0.0	0.0	0.0	0.0	0.0
0.0	0.0	0.0	0.0	0.0	0.0	0.0	0.0	0.0	0.0
0.0	0.0	0.0	0.0	0.0	0.0	0.0	0.0	0.0	0.0
-8.62383e-08	0.000734301	-0.000102838	-3.74234e-05	-1.20535e-05	-7.67498e-06	-0.000399292	-1.02315e-08	-0.000173914	-1.00854e-06
0.00729541	0.000174712	-0.000193519	-3.14644e-05	-0.0092664	0.000187976	0.00350791	-0.000567849	-0.000428926	-0.000677844
-0.00726287	-7.32897e-05	-0.00361027	-0.00349888	-0.00402699	0.0125583	0.00738085	-0.000978808	-0.000223575	-0.000264496
-0.0586292	-0.00326368	-0.00286124	0.095039	-0.00598048	-0.0426256	0.024949	-0.00182753	-0.00390402	-0.000896252
-0.0811139	-0.00265221	0.000826323	0.0735993	-0.069544	-0.0281494	0.118906	-0.00272065	-0.00775621	-0.00139473
-0.0902777	-0.0231774	0.0503768	0.111424	-0.123643	-0.0432502	0.158378	-0.013276	-0.0231915	-0.00336184
-0.0189201	-0.0677484	0.147332	0.134541	-0.24457	-0.0554064	0.186531	-0.0410987	-0.0298362	-0.0108226
-0.0560354	-0.101813	0.393474	0.0595172	-0.334622	-0.0821665	0.224435	-0.050394	-0.0261042	-0.0262875
-0.0352577	-0.167051	0.35342	0.152975	-0.343354	-0.0607263	0.281661	-0.0918857	-0.0424668	-0.0473093
0.0190792	-0.267082	0.422376	0.360826	-0.401321	-0.136077	0.310254	-0.139344	-0.0970963	-0.0716118
0.00149645	-0.132425	0.397198	0.437183	-0.579033	-0.0706968	0.253869	-0.10563	-0.106348	-0.0956104
0.124049	-0.066075	0.487177	0.266971	-0.680731	-0.0926581	0.290841	-0.10112	-0.0929324	-0.135519
0.113717	-0.106871	0.297916	0.478337	-0.503025	-0.061167	0.238438	-0.103639	-0.186801	-0.166905
0.0607745	0.0477998	0.213054	0.388786	-0.482482	0.0512135	0.188975	-0.0976841	-0.173142	-0.197295
0.0640589	0.116825	0.291643	0.282887	-0.408391	-0.0335601	0.0488882	-0.0755581	-0.120989	-0.165802
-0.0344024	-0.0733026	0.167883	0.244208	-0.262048	0.0939641	0.0442356	-0.0522411	-0.0229957	-0.105301
-0.173518	-0.198296	-0.118618	0.290943	-0.201193	0.237238	0.183788	-0.0439773	0.0579833	-0.0343492
-0.193766	-0.134371	-0.14949	0.249285	-0.0462068	0.22178	0.229271	-0.0248943	-0.109016	-0.04259
-0.121445	-0.158393	-0.22141	0.269329	0.0138818	0.266018	0.0833827	-0.0224246	-0.0727219	-0.0362141
-0.131784	-0.138018	-0.16658	-0.0517952	0.0170423	0.240426	0.225911	-0.0121864	0.0371458	-0.0201596
-0.0976687	-0.103951	-0.151014	-0.123816	0.0246359	0.11072	0.280582	-0.00351979	0.0700047	-0.00597189
-0.0481981	-0.0717329	-0.121219	-0.0720322	0.0187509	-0.0483256	0.276031	-0.00118085	0.0702982	-0.00239098
-0.0195791	-0.0589489	-0.0135358	-0.0220358	-0.0102767	-0.0304792	0.145459	-0.000459489	0.0104388	-0.000582822
-0.00350196	-0.0166132	0.0189572	-0.000356488	-0.00051143	0.0451519	-0.0457008	-5.39359e-06	0.00261764	-3.74645e-05
-0.00129775	-0.0219352	-0.000419461	-2.10351e-05	-0.000188855	0.00872933	0.0177092	-1.66786e-07	-0.00257322	-2.87315e-06
0.0	0.0	0.0	0.0	0.0	0.0	0.0	0.0	0.0	0.0
0.0	0.0	0.0	0.0	0.0	0.0	0.0	0.0	0.0	0.0
-2.43565e-08	-1.91605e-08	-1.76722e-05	2.83292e-05	-1.54814e-07	-9.40314e-06	-2.48774e-08	-1.39985e-08	-1.00334e-06	-1.35396e-08
-3.23181e-05	0.00251337	-0.000867208	0.00122092	-4.12843e-06	-0.00113614	-0.00145397	-6.08001e-08	-0.000238413	-2.06008e-06
-0.000373109	0.00029807	-0.00658494	0.0177513	-0.00120356	-0.00643283	-0.00284691	0.000453692	-0.000870165	-0.000191525
-0.00955129	0.00598799	-0.0428218	0.0589616	0.017258	-0.0398661	0.018273	-0.00250554	-0.00514852	-0.000587219
-0.0870712	0.0428619	0.00960895	0.245581	0.019883	-0.174327	0.0107232	-0.0264985	-0.0338323	-0.00692831
-0.0937368	0.0301494	0.141473	0.27929	-0.053987	-0.199491	-0.00244981	-0.031861	-0.0598442	-0.00954064
-0.0294241	-0.0311551	0.108226	0.315399	-0.0764905	-0.15477	0.0154663	-0.0642868	-0.0550151	-0.027947
0.0085793	-0.0473752	0.193915	0.427436	-0.227384	-0.320931	0.11631	-0.104082	0.0198739	-0.0663396
0.0890652	-0.0786618	0.385723	0.358949	-0.319775	-0.262496	0.02135	-0.186404	0.129063	-0.136808
0.0790283	-0.109287	0.343991	0.440103	-0.450567	-0.0636223	0.0396199	-0.274458	0.16622	-0.171027
0.147918	-0.266122	0.402726	0.505592	-0.430278	0.0973672	-0.0894424	-0.314004	0.195287	-0.249042
-0.0178133	-0.125306	0.373463	0.407822	-0.339569	0.0151715	-0.106363	-0.285942	0.403803	-0.325264
0.0379183	0.184233	0.212616	0.433466	-0.187505	-0.225492	-0.0502729	-0.294299	0.197351	-0.308017
-0.0570687	0.178669	0.321699	0.305896	-0.335609	-0.0104102	-0.0704754	-0.34482	0.420081	-0.407965
0.0623254	0.0115687	0.173385	0.329933	-0.412311	0.340969	-0.131217	-0.325391	0.392827	-0.442089
-0.0889308	0.0555335	0.136379	0.394068	-0.183263	0.1362	0.0368382	-0.308717	0.288359	-0.466467
0.0529999	-0.0443786	0.0697961	0.165133	-0.0975101	0.178545	0.117191	-0.26671	0.141455	-0.316521
-0.055283	-0.180622	0.00160461	0.311277	-0.0881051	0.369965	0.0143831	-0.21518	0.0848541	-0.242895
-0.12018	0.114673	-0.165731	0.114629	0.152011	0.154774	0.0601532	-0.142085	0.0787034	-0.246949
-0.106418	0.0947549	-0.154249	0.00471396	0.254816	-0.170084	0.134635	-0.104535	0.206353	-0.159985
-0.124265	0.0229435	-0.319219	-0.116929	0.248216	0.215282	0.221217	-0.0356923	0.0560374	-0.167591
-0.0999953	-0.0691439	-0.378023	-0.0929804	0.28381	0.119512	0.324977	-0.0434265	0.0487295	-0.0934551
-0.153687	-0.10316	-0.31124	-0.233016	0.281177	0.309808	0.27796	-0.0207615	-0.0136065	-0.03347
-0.166402	-0.219393	-0.152274	-0.0381297	0.173439	0.364493	-0.0372267	-0.00581297	0.090539	-0.00922975
-0.045944	-0.109374	-0.00846918	-0.00397668	0.00365136	0.136083	-0.0493441	-0.001283	0.0813003	-0.00264312
-0.00485887	-0.0130335	-0.00453076	-0.00010424	-0.0194277	0.0200261	-0.00690455	-0.000321116	0.030324	-0.00116934
-9.27237e-05	-0.00697679	-0.00397727	-2.47094e-05	-0.00326462	-0.0031547	0.0141673	-1.9055e-05	0.00347994	-0.000137348
0.0	0.0	0.0	0.0	0.0	0.0	0.0	0.0	0.0	0.0
0.0	0.0	0.0	0.0	0.0	0.0	0.0	0.0	0.0	0.0
-0.000255239	0.000277527	0.000303374	0.00222622	-7.93651e-05	-0.00221985	3.69929e-05	-6.86656e-06	-0.000280247	-2.54929e-06
-0.00380677	0.00689957	-0.00476568	0.0863201	0.00116071	-0.0383209	-0.0319693	-0.00127941	-0.0108026	-0.00343564
-0.0269742	0.0161014	0.00382333	0.195565	0.0142113	-0.161022	0.0238503	-0.0165147	-0.0372321	-0.0118079
-0.121223	0.111421	0.0115678	0.403256	0.0449017	-0.232114	-0.14697	0.0885679	-0.121548	-0.0378569
-0.0357592	0.0485027	0.0489221	0.417887	-0.00455028	-0.289908	-0.102077	0.110114	-0.106767	-0.0863622
-0.0315907	-0.128537	0.131207	0.311836	-0.0384637	-0.110272	-0.110297	0.110077	-0.00599915	-0.127958
0.0259545	-0.304348	0.231925	0.169394	-0.0604338	-0.147062	0.0830077	0.155511	0.00975233	-0.163701
0.0456538	-0.340674	0.138716	0.160611	-0.0221076	0.0789035	-0.0151433	0.0774237	0.104334	-0.227718
0.209356	-0.222905	0.207457	0.131013	-0.195514	0.165805	0.0386438	-0.127789	-0.105294	-0.100773
0.127979	-0.290211	0.284746	0.139898	-0.134872	0.075059	-0.433625	-0.20724	0.250746	0.187518
-0.0310834	-0.202828	0.193019	0.104295	-0.0835994	-0.0125112	-0.276511	-0.116543	0.279913	0.145849
0.17062	-0.0194901	0.150084	0.0965925	-0.290867	-0.0485646	-0.322662	-0.150362	0.185122	0.229526
0.20973	0.0355398	0.116351	0.018925	-0.0444371	-0.131622	-0.0352586	-0.315366	0.273283	-0.127144
0.155657	0.187369	0.169134	0.168628	-0.0317701	-0.134279	-0.21072	-0.396472	0.138511	-0.0460594
0.104971	-0.121749	0.306882	0.312058	0.0554161	0.0866218	-0.17569	-0.337344	0.176485	-0.40765
0.306124	-0.203485	0.166736	-0.0717126	-0.0706238	0.175677	-0.0152399	-0.381166	0.397093	-0.303401
0.32136	-0.00916418	0.118928	0.00234894	0.0830054	0.157972	0.122906	-0.401667	-0.143187	-0.252503
0.0469316	0.0309135	-0.0137461	0.133373	0.170661	0.019913	0.193428	-0.499091	0.126366	-0.208751
-0.11346	0.131578	0.0306825	-0.00773972	0.0755374	0.265404	0.09821	-0.478493	0.216303	-0.218022
-0.00302156	0.290886	0.0216675	-0.143882	0.0804581	0.109268	0.122015	-0.291665	0.0774065	-0.263133
0.00118914	0.247764	-0.147061	-0.115598	0.241641	0.27041	0.0533972	-0.200422	-0.0341333	-0.317184
-0.216318	0.1177	-0.282832	-0.254233	0.427779	0.361331	0.280849	-0.10269	-0.130823	-0.200763
-0.259485	-0.00512035	-0.234978	-0.0883879	0.111968	0.4293	0.100529	-0.0311558	0.0602924	-0.0829613
-0.108523	-0.140464	-0.0530833	-0.021029	-0.050638	0.286018	-0.0524045	-0.00972768	0.177	-0.0271475
-0.0315085	-0.027288	-0.016565	-0.0018586	-0.0303908	0.068749	0.0298169	-0.00397362	0.0168269	-0.00380813
-0.0114351	-0.00903829	-0.00584077	-9.72199e-05	-0.000335572	0.0080298	0.0211697	-0.000134956	-0.00228311	-3.45287e-05
0.0	0.0	0.0	0.0	0.0	0.0	0.0	0.0	0.0	0.0
-3.82954e-06	-1.37204e-06	-4.04602e-05	0.000493177	-1.29362e-06	-4.35532e-05	-2.38012e-07	-9.49397e-06	-4.19485e-05	-0.000350988
-0.00109947	-0.0172056	-0.00674569	0.00556781	-0.00261655	0.00314415	-0.00135282	0.0274135	-0.00371066	-0.00339464
-0.0032755	0.00342379	0.00639788	0.126963	-0.0329357	-0.124933	-0.0358083	0.119572	-0.0347781	-0.0246256
-0.0415033	0.0128229	0.0942163	0.186228	0.0226553	-0.204707	0.020264	0.0794768	-0.0871236	-0.0823277
-0.0329039	-0.0251268	0.0847006	0.265907	0.16137	-0.168439	-0.113928	0.174263	-0.110827	-0.235013
0.0034817	-0.0969466	0.173973	0.295702	0.116959	-0.103193	-0.240877	0.278848	-0.164698	-0.263246
0.0130034	-0.235106	0.14946	0.104001	0.0739292	0.0403051	-0.0607132	0.28576	-0.0655538	-0.305085
-0.0397682	-0.35536	0.104451	0.205286	-0.0312957	-0.00652233	-0.0454629	0.320916	0.0475261	-0.199771
-0.230527	-0.438462	0.279255	0.326347	0.0711827	-0.0837581	-0.162472	0.187593	0.0654137	-0.0145727
-0.00850596	-0.201344	0.245874	0.358689	-0.148996	-0.0569144	-0.335477	0.25994	-0.0982278	-0.015037
-0.0473069	-0.0640686	-0.00446745	0.182607	-0.274061	-0.0982243	-0.301445	0.368662	0.0370764	0.201228
-0.182042	-0.212891	0.0713744	0.030252	-0.199966	-0.0244613	-0.184153	0.228376	0.326121	0.147391
0.240885	-0.260772	0.0546189	0.332298	-0.35318	-0.0685658	-0.366488	-0.0633886	0.0905347	0.39406
0.190991	-0.191524	0.023474	0.126678	-0.402137	0.145098	-0.251889	-0.066754	0.0520616	0.374002
-0.0100242	-0.265368	0.0924396	0.112403	-0.413651	-0.050267	-0.105983	0.0377762	0.352905	0.24977
0.0650137	-0.22284	0.173369	0.214688	-0.352239	-0.120641	-0.228427	0.00984091	0.0878071	0.373428
0.171038	-0.33907	-0.00717276	0.00307922	-0.193172	-0.0133947	-0.185598	0.0898936	0.161201	0.313197
0.3072	-0.105776	-0.0293363	0.290555	-0.363594	0.0667171	-0.334414	0.00382881	-0.173889	0.338708
0.0620423	-0.202312	-0.101734	-0.109601	-0.0683725	0.250475	-0.171348	-0.0831455	0.350338	0.0736577
0.0850721	0.0455415	-0.160688	0.0759948	-0.169133	0.152845	-0.0672362	-0.118742	0.0795952	0.0767515
0.293963	0.085836	-0.0847636	0.0447105	-0.0704376	-0.0540428	-0.0765279	-0.043515	-0.0217411	-0.0734813
0.340781	0.101577	-0.179969	-0.128802	0.23823	0.169174	-0.057178	-0.148102	-0.0626857	-0.273024
-0.0193255	0.0981154	-0.424648	-0.190273	0.473098	0.288362	0.0462392	-0.201881	0.218229	-0.287919
-0.374112	-0.000298547	-0.251112	-0.0852647	0.121263	0.730201	0.0375748	-0.0903959	0.100067	-0.187922
-0.262736	-0.109331	-0.0648598	-0.0461639	-0.0260464	0.430547	-0.036948	-0.0402186	0.218105	-0.0623466
-0.119096	-0.0148476	-0.010603	-0.00500324	0.0438065	0.153055	-0.0415979	-0.012308	0.0284234	-0.0218288
-0.0320193	-0.000316712	-0.000514989	-0.000379928	-0.00152969	0.0442634	-0.0022141	-0.000689052	-0.00586766	-0.000731916
0.0	0.0	0.0	0.0	0.0	0.0	0.0	0.0	0.0	0.0
-0.000276107	-0.00138537	-0.00149317	0.0140327	-0.000729026	-0.00161706	-8.38724e-05	0.00515599	-0.00358913	-0.0100149
-0.000660147	-0.0263717	0.0218299	-0.0178019	-0.00398249	-0.0166832	-0.00579582	0.070257	-0.00684875	-0.0139429
-0.00541901	-0.0129423	0.0482934	0.0678853	-0.0146861	-0.142204	-0.0440427	0.221487	-0.0364373	-0.0819336
-0.0733449	-0.00476861	0.252374	0.337122	0.0835503	-0.440672	0.0118231	0.109768	-0.0506247	-0.225223
-0.0217803	-0.126281	0.180371	0.459381	0.264301	-0.291796	-0.0924137	0.0765983	-0.0395797	-0.408796
0.039863	-0.226596	0.319613	0.206618	0.126751	-0.0532964	-0.29002	0.267174	-0.0858705	-0.304233
-0.0387163	-0.266462	-0.0244118	0.0990349	0.133927	0.130879	-0.00941969	0.26877	0.0201287	-0.31373
-0.200914	-0.484619	0.180232	0.118383	-0.00213133	0.189709	-0.0550763	0.14432	0.169464	-0.0593665
0.0146923	-0.328103	0.0147529	0.100009	0.0115323	0.039619	-0.141238	0.265983	-0.0351235	0.057876
0.0145372	-0.134635	-0.0983939	-0.00689455	-0.199221	0.229658	-0.233986	0.361804	0.102929	-0.0357979
0.0771642	-0.218663	0.068644	0.0153381	-0.164605	0.132981	-0.101518	0.273659	-0.155457	0.0724569
0.00697692	-0.0623733	-0.0420263	0.16488	-0.474331	0.0328286	-0.154873	0.236022	-0.107354	0.40025
0.14842	-0.22043	0.292612	0.0168349	-0.319738	-0.20664	-0.292978	0.160205	-0.0443097	0.466028
0.0786009	-0.128393	0.107696	0.267149	-0.38662	0.16773	-0.110346	-0.0682618	-0.346036	0.418483
-0.0428533	-0.416447	-0.0402232	0.232288	-0.308208	-0.191325	-0.122448	0.107031	0.282943	0.499244
-0.012579	-0.224883	0.0678112	0.00616381	-0.386585	0.123215	-0.350451	0.191734	0.0496764	0.535898
0.246008	-0.205366	-0.223062	0.159917	-0.123996	0.0695884	-0.253792	0.255821	-0.207005	0.281891
0.272739	-0.292635	-0.0440101	-0.0779961	-0.28052	0.0529589	-0.323377	0.338539	0.150971	0.20333
0.149522	-0.0879522	-0.0797826	0.108386	-0.0902772	0.0631757	-0.318055	0.164486	-0.0648385	0.155337
-0.0204341	0.0470852	-0.187692	0.0353164	-0.102824	0.088429	-0.291364	0.280488	-0.0308571	0.181851
0.0209649	-0.0558933	0.00247898	-0.219144	-0.0691383	0.177365	-0.21076	0.145003	0.155012	0.0541127
0.107058	-0.0594233	0.12411	-0.231365	0.183349	0.198392	-0.292284	0.109828	0.0161021	-0.155768
0.199295	-0.105247	-0.489755	-0.277569	0.379928	0.358002	-0.190103	0.000915275	0.346837	-0.222302
-0.151845	-0.30446	-0.373336	-0.198861	0.156696	0.709178	0.0413865	-0.0627482	0.409708	-0.225714
-0.29906	-0.179483	-0.0840431	-0.0601152	0.00738977	0.746144	-0.0964293	-0.0627223	0.13026	-0.10194
-0.135648	-0.00741282	-0.014916	-0.00421023	0.0620041	0.1502	-0.0378482	-0.0122644	0.0381724	-0.0380771
-0.00971455	-0.00362031	-0.00107663	-0.00029131	-0.00196886	0.021361	-0.00857352	-0.000482137	0.00536916	-0.0010028
0.0123653	-2.70173e-07	-0.000231221	-7.44193e-07	-0.000437263	-5.2112e-06	-7.4192e-06	-0.00758117	-2.04704e-05	-0.00408152
-0.000316647	-0.00117816	0.001143	-0.00655665	-0.0121728	-0.00134274	-0.000256774	0.0577276	-0.00384917	-0.0331976
0.00126606	-0.0161999	0.00845266	-0.0150231	0.00963574	-0.0198568	-0.00551318	0.113705	-0.0102247	-0.0662413
0.00587711	-0.00344353	0.0347254	0.0857494	-0.00614984	-0.150979	-0.038753	0.311672	-0.0133679	-0.225328
-0.105843	-0.029656	0.287135	0.387518	0.046437	-0.576212	0.00934816	0.279738	0.0147592	-0.313219
-0.0653767	-0.0883052	0.109944	0.239724	0.207846	-0.326642	-0.14256	0.256021	0.101558	-0.292206
-0.0491021	-0.216075	0.0481197	0.0818634	0.0517347	-0.0865311	-0.249845	0.249035	0.207478	-0.0366774
-0.0901724	-0.205791	0.0245584	0.0799074	0.0749171	-0.165673	-0.151043	0.490744	0.211929	-0.269378
-0.0415587	-0.43339	0.0899592	-0.0167262	-0.121741	0.11817	-0.147584	0.282725	0.0221863	0.247959
0.188833	-0.451731	-0.0266608	-0.0593204	0.103648	0.0838717	-0.115954	0.176179	0.173179	-0.072042
0.0010747	-0.241607	0.256256	0.069575	-0.182967	0.141502	-0.20012	0.0848876	0.119259	-0.0478592
-0.0253496	-0.263942	0.0864272	0.038403	-0.0531214	0.134794	-0.155027	0.332218	-0.0122175	-0.0821833
0.18905	-0.0592957	-0.0838077	0.137768	-0.252229	-0.0606567	-0.184424	0.386571	0.231901	-0.304874
0.0139496	0.0201489	-0.0591956	0.116889	-0.285853	-0.119453	-0.227488	0.063976	0.310254	0.166773
0.215375	-0.0371419	0.0378964	0.219212	-0.412663	-0.0973902	-0.397268	0.258202	-0.166565	0.380344
0.271334	-0.00752203	0.0125932	0.163305	-0.278798	-0.184939	-0.477579	0.335875	-0.0416456	0.20738
0.537337	-0.257885	-0.063482	0.0583007	-0.478918	-0.0174086	-0.452199	0.278667	0.185021	0.210568
0.27859	0.114746	-0.0224237	0.11163	-0.239652	-0.0188492	-0.388373	0.193882	-0.0492122	0.0196643
0.120193	-0.194905	-0.208905	0.335414	-0.0379325	-0.0711029	-0.621457	0.416573	0.130571	0.131551
0.0636767	-0.11333	0.181431	0.122347	-0.12567	0.112912	-0.529319	0.104422	0.169397	0.0141333
0.194484	-0.244471	0.0408836	0.0933651	-0.0837679	0.288277	-0.383811	0.206468	0.0476213	-0.159048
0.0638133	-0.253409	-0.0943449	0.044771	-0.0374975	0.193836	-0.280676	-0.0238871	0.15051	0.236883
0.201678	-0.250333	-0.0490033	0.25055	-0.109184	0.0544356	-0.434664	0.217118	0.111861	0.00753912
0.422072	-0.430087	-0.0704694	-0.485662	0.162728	0.634786	-0.460521	0.103521	0.307552	-0.183917
0.0635651	-0.453471	-0.419276	-0.379891	0.101646	1.08931	-0.294592	-0.115911	0.578463	-0.169841
-0.304209	-0.203481	-0.147098	-0.0825469	0.0831201	0.839244	-0.196451	-0.104029	0.235319	-0.119864
-0.114965	-0.0159641	-0.0213745	-0.00585165	-0.0477318	0.231966	-0.106615	-0.0172501	0.134254	-0.0364669
-0.00708197	-0.00270562	-0.00220617	-8.97145e-05	-0.00184163	0.00881995	-0.0102886	-0.00388936	0.020916	-0.00163285
-3.69697e-06	-2.04213e-05	-9.82285e-06	-0.000136652	-0.000606205	-6.66432e-05	-3.0935e-06	0.00227187	-2.34771e-05	-0.00140185
-0.000465196	-7.68837e-05	-0.00100091	-0.00563507	-0.012523	-0.00136434	-0.000136147	0.0682406	-0.00272025	-0.0443188
0.0056616	-0.0105574	-0.0212638	0.035318	0.00133848	-0.00943025	-0.00860824	0.127492	-0.0243168	-0.0956334
0.0246754	-0.00798926	0.0556429	0.168421	-0.120571	-0.166256	-0.0490825	0.36525	-0.0382731	-0.231815
-0.0668233	-0.0795162	0.203775	0.510237	-0.178875	-0.462809	0.0285642	0.38647	0.0233067	-0.364325
-0.0476999	-0.219526	0.356811	0.181313	-0.0344833	-0.312523	-0.222225	0.259305	0.0990173	-0.0599862
-0.112522	-0.236553	-0.0212553	0.120175	-0.0849976	-0.0840612	-0.235856	0.208293	0.224363	0.222414
-0.145123	-0.159193	-0.064503	0.198996	-0.0730391	-0.00706614	-0.0503686	0.172773	0.125816	0.00170632
-0.10974	-0.264288	-0.0627274	0.151494	-0.0326426	0.138099	-0.134102	0.127583	0.125263	0.0610605
0.0466294	-0.388436	0.104005	0.0599676	-0.00177968	-0.00970247	-0.179624	0.209648	0.198454	-0.039161
0.142429	-0.208166	0.225858	-0.0976276	-0.269473	0.196457	-0.294777	-0.0239151	0.0882457	0.240969
-0.0694439	-0.108828	0.00568529	-0.315112	-0.0916404	0.344642	-0.131222	0.172271	0.0880374	0.10561
0.0164718	-0.116317	0.0377527	-0.182112	-0.149324	0.204999	-0.218276	0.445818	-0.0965991	0.0575882
0.278575	0.0555604	0.0483966	-0.095644	-0.151376	-0.0612532	-0.436844	0.256394	0.0297356	0.0764574
0.00286115	0.166498	0.140123	0.273048	-0.640691	-0.202145	-0.242517	0.535056	-0.222295	0.190064
-0.181349	0.496838	0.245668	0.408316	-0.375083	-0.382365	-0.440044	0.38295	-0.485067	0.330141
0.187906	0.175922	0.262235	0.260659	-0.0857101	-0.375143	-0.581169	0.298594	-0.128675	-0.014618
0.340288	0.0139582	-0.0229738	0.134321	-0.152765	-0.166225	-0.724697	0.511213	0.0474414	0.0194413
0.257618	-0.140244	0.0433399	0.060106	0.068495	-0.0205831	-0.63441	0.267519	-0.0272123	0.125372
0.329493	-0.257781	-0.0149635	0.193586	-0.0729209	-0.0326564	-0.57988	0.298995	0.0477046	0.0884259
0.252501	-0.373847	-0.0458543	0.259415	0.0594638	0.0549453	-0.361716	0.0283232	0.0537717	0.0729985
-0.109903	-0.320181	-0.151658	0.157943	0.0569514	0.339226	-0.189985	0.278917	0.132991	-0.194302
-0.0422052	-0.400037	0.0327103	0.357425	0.00767753	0.245215	-0.480113	0.21095	0.107402	-0.0390252
0.493615	-0.457604	-0.114712	-0.20921	0.0322198	0.601437	-0.375598	-0.0357389	0.325112	-0.259522
0.293556	-0.310232	-0.41815	-0.36406	-0.231384	1.34506	-0.345363	-0.0798081	0.339937	-0.229552
-0.286078	-0.150824	-0.11383	-0.0564527	-0.187829	1.1007	-0.322061	-0.0401354	0.199393	-0.142874
-0.107289	-0.0188186	-0.00764659	-0.0113746	-0.0738029	0.260185	-0.139028	0.00996886	0.141907	-0.0541013
-0.00139022	-0.00255027	-0.0012688	-0.000451019	-0.00651948	0.015428	-0.00676538	0.045864	-0.0387617	-0.00358506
-5.51024e-06	-2.38064e-05	-2.01724e-05	-0.000223634	-0.000707541	-8.45261e-05	-3.65048e-06	0.00305884	-3.24206e-05	-0.00195757
-0.00050027	-3.67165e-05	-0.000357021	-0.00362317	-0.0119017	-0.00127153	-4.85982e-05	0.0645779	-0.00147024	-0.0453686
0.0303908	-0.00544681	-0.0169	0.0149726	-0.0337644	-0.0112886	-0.0280035	0.19276	-0.0185243	-0.124195
0.00764039	-0.0489271	0.0842121	0.268964	-0.122778	-0.144493	-0.0608541	0.307226	-0.0969329	-0.194053
-0.0416553	-0.0989159	-0.0418721	0.285874	-0.169957	-0.200427	-0.0556659	0.384138	0.165187	-0.226704
0.0209565	-0.229371	0.337294	0.00523835	-0.172776	-0.16572	-0.196425	0.248883	0.052812	0.0991118
-0.0971122	-0.353211	0.374743	-0.0110883	-0.171659	-0.0464983	-0.16593	0.103538	0.12464	0.242577
-0.138467	-0.262187	-0.00690981	-0.0391438	-0.0833103	0.192159	0.0240688	0.0981506	0.19849	0.0171484
-0.081889	-0.20699	-0.0162116	-0.232515	-0.0200135	0.334446	0.0434053	-0.116402	0.138248	0.157922
0.0641019	-0.288877	-0.166167	-0.486135	0.15407	0.377033	-0.171759	0.124542	0.271806	0.121384
-0.107936	-0.0362263	0.0278268	-0.442537	-0.00673734	0.212271	-0.085726	-0.0366862	0.282959	0.19279
0.0767355	0.093755	0.0650794	-0.498438	0.000686407	0.223979	-0.142356	-0.179052	0.228323	0.131289
-0.0340215	-0.0320772	0.0139459	-0.511742	0.255803	0.372278	-0.302913	-0.222368	0.280745	0.180354
0.140722	0.306825	-0.181914	0.0800338	-0.27933	0.150997	-0.126152	0.206658	-0.00361032	-0.294228
0.0417504	0.535598	0.0341781	0.195207	-0.898549	0.0623382	-0.307775	0.408052	-0.031501	-0.0392942
-0.166877	0.816212	-0.13923	0.111009	-0.0805534	-0.106488	-0.519496	0.497867	-0.342934	-0.0695093
0.0430175	0.280183	0.0366131	0.201391	-0.194588	-0.233545	-0.467664	0.643913	-0.3767	0.0673807
0.3535	0.0938154	0.216739	0.180885	0.0115206	-0.434639	-0.471836	0.251247	-0.196541	-0.00468864
0.269498	-0.229981	0.104001	0.184577	-0.00255463	-0.436692	-0.483227	0.327312	0.196591	0.0704772
0.0440743	-0.210275	-0.0406385	0.216464	0.139294	-0.356429	-0.481029	0.412282	0.259917	0.0163375
0.199901	-0.399629	-0.0830714	0.31421	-0.122467	-0.203082	-0.260145	0.417378	0.142806	-0.00590004
0.115288	-0.321149	-0.109867	0.111826	-0.0240024	-0.0326901	-0.238704	0.414389	0.164577	-0.0796677
0.214584	-0.371955	-0.0694345	0.177385	-0.0627324	0.0252518	-0.352737	0.252536	0.216194	-0.0290919
0.495064	-0.356162	-0.157337	-0.0690499	-0.443667	0.681615	-0.12665	-0.192903	0.29298	-0.123886
0.331121	-0.273144	-0.336015	-0.256492	-0.362176	1.58703	-0.252444	-0.138704	0.000367267	-0.299538
-0.293177	-0.101825	-0.0649856	-0.0265424	-0.244046	1.3783	-0.411216	-0.0267502	-0.0978111	-0.111944
-0.131674	-0.0268667	0.0206238	-0.00655204	-0.0912615	0.380443	-0.138507	0.00603217	0.0390739	-0.051311
-0.000607573	0.00108225	-0.000683365	-0.000150075	-0.0018896	0.0065712	-0.0193503	0.0112519	0.0105884	-0.0068128
-2.93529e-05	-5.18647e-06	-2.05502e-05	-0.000144738	-0.000106312	-8.27934e-05	-4.28338e-06	0.00129309	-3.86715e-05	-0.000861202
0.00749449	0.000423197	-0.000645822	-0.00255357	-0.0268048	-0.00981404	-0.000200448	0.0937002	-0.00185065	-0.0597486
-0.00426692	-0.000169569	-0.00926522	0.0160833	-0.116558	-0.0203833	-0.00128758	0.353271	-0.0115303	-0.205893
-0.00255305	-0.0334628	-0.0375244	0.258332	-0.0988403	-0.178969	-0.0674092	0.379737	-0.0215158	-0.197791
-0.163763	-0.0605473	-0.135129	0.235552	-0.239107	-0.0970939	-0.0415239	0.44311	0.0659229	-0.00741611
-0.131725	-0.123004	-0.00647318	-0.139008	-0.0967115	-0.048933	-0.0295431	0.134355	0.205024	0.236021
-0.0154951	-0.3116	-0.060812	-0.285456	0.0816076	0.254292	-0.0642849	0.000757436	0.151705	0.249288
-0.00102143	-0.297357	-0.264312	-0.508896	0.033637	0.1597	0.179125	0.123367	0.457163	0.118591
-0.0323458	-0.251772	-0.409376	-0.438181	0.152925	0.170974	0.0627483	-0.145015	0.315194	0.57485
-0.19843	-0.282525	-0.435266	-0.486922	0.376329	0.148356	0.1628	0.173043	0.408928	0.133683
-0.0528527	-0.15091	-0.74825	-0.366575	0.470254	0.0825655	0.0412864	0.27289	0.234968	0.216623
-0.0520189	-0.131971	-0.614701	-0.19053	0.146504	0.0848284	-0.0853011	0.272529	0.194274	0.376385
-0.250668	-0.116882	-0.723738	-0.0361062	0.556966	0.2406	0.104625	-0.0440628	0.137262	0.132006
-0.0273851	0.334305	-0.85591	0.27951	-0.732126	0.545616	0.160786	0.103343	0.196214	-0.00435321
-0.395247	0.710783	-0.54809	0.113594	-0.831794	0.0840727	-0.261288	0.463443	0.633027	0.0315003
-0.65467	0.767475	-0.491579	0.187882	0.310286	-0.20735	-0.604084	0.441231	0.013847	0.236961
-0.578981	0.220151	-0.178668	-0.0320229	0.39459	-0.206563	-0.22891	0.407186	-0.152291	0.355509
-0.0380104	-0.0990495	-0.319319	0.296025	0.140282	-0.162512	-0.377665	0.309125	-0.19583	0.446957
-0.187163	-0.0521057	-0.0685947	0.122539	-0.00175697	-0.0770416	-0.295038	0.459825	-0.204977	0.304314
0.031944	-0.204191	0.232372	0.13362	-0.0103134	-0.363767	-0.216028	0.214912	-0.00433948	0.185793
0.173593	-0.210702	-0.0921666	0.359056	-0.200049	-0.661362	-0.151673	0.306852	-0.0491315	0.525586
0.317855	-0.227453	0.0280216	-0.0760997	-0.1928	-0.492777	-0.0435105	0.304546	0.0408805	0.341337
0.238471	-0.20874	-0.0530344	-0.0388991	-0.235708	-0.508902	-0.0554497	0.249506	0.306195	0.306561
0.325955	-0.177737	-0.141887	-0.191822	-0.453016	0.11339	0.280726	-0.190634	0.481533	-0.046508
0.362142	-0.158031	-0.143987	-0.195867	-0.416572	0.645149	-0.0424633	-0.161211	0.346976	-0.23613
-0.192053	-0.0896782	0.0568853	0.00147413	-0.187341	0.882678	-0.385399	-0.0675436	0.0954552	-0.114476
-0.0896116	-0.0273605	0.0277736	-0.00307945	-0.0315248	0.238659	-0.215879	-0.0120891	0.146479	-0.0333668
-0.000419729	0.0045041	-0.0012193	-6.68952e-05	-0.00135142	0.00445638	-0.0119739	0.00233768	0.00638359	-0.00265047
-1.45801e-06	-3.31359e-08	-9.68895e-06	-5.36585e-05	-1.7261e-06	-1.2542e-05	-1.7244e-08	0.00160513	-1.94363e-05	-0.00150657
6.44342e-06	-0.000204653	-4.68762e-05	-0.00278801	-0.0369464	-0.0135014	-0.000270888	0.0902272	-0.00105449	-0.0354208
-0.00478817	-0.0025779	-0.00180469	-0.0076845	-0.131058	-0.0187609	-0.00127498	0.358128	-0.00786791	-0.182311
-0.0264426	-0.00312819	-0.130241	0.0437551	-0.185801	-0.0718898	-0.058041	0.518057	0.0629781	-0.149244
-0.124161	0.00202834	-0.225858	-0.0149225	-0.338705	0.00619418	-0.0741146	0.474558	0.00648197	0.288503
-0.023669	-0.0606107	-0.512569	-0.224898	-0.0493978	0.0193985	-0.0345428	0.253058	0.259752	0.373479
0.2025	-0.114867	-0.87101	-0.3282	0.183822	0.290496	0.161684	0.0234236	0.0786681	0.373483
0.0174163	-0.156508	-1.01316	-0.323033	0.327403	0.0941975	0.262407	0.360925	0.235641	0.194712
-0.0793708	-0.185557	-0.559884	-0.364515	0.427191	-0.00103963	0.192595	0.421345	-0.0195147	0.168748
-0.059832	-0.133816	-0.546757	-0.125716	0.234094	-0.102011	0.257205	-0.0516028	0.151805	0.376628
0.0229223	-0.345529	-0.620394	0.175736	0.513974	0.255768	-0.00210388	-0.111199	-0.148918	0.259745
0.0264284	-0.489259	-0.553177	-0.121227	0.572352	0.140049	0.276839	0.0570224	-0.111356	0.202328
0.1567	0.0413287	-0.529132	-0.0245287	0.942798	0.164356	0.165954	-0.653676	0.0639156	-0.327718
0.0498044	0.208374	-0.367492	0.0235593	-0.0538984	0.303766	0.16816	-0.851404	0.475284	0.0438461
-0.557158	0.925057	-0.478938	0.472825	-0.540929	-0.100327	-0.277198	0.00614681	0.261974	0.288546
-0.82653	0.492152	-0.534482	0.163278	0.182682	0.00167281	-0.346454	0.427311	0.0850312	0.355345
-0.657182	0.132131	-0.250103	0.0893432	0.332551	-0.333025	-0.0898803	0.487786	-0.0237449	0.312128
-0.0604104	0.124231	-0.308533	-0.0406777	0.0300454	-0.412801	-0.136818	0.422814	0.0577031	0.32445
-0.0276186	-0.026087	-0.236205	0.129564	0.0160258	-0.323926	-0.208829	0.362329	-0.0760655	0.390814
0.0803607	-0.198274	0.206398	-0.0206512	0.148597	-0.360766	-0.32601	-0.0987227	0.195558	0.37351
0.0649516	-0.147865	-0.0453758	0.00345606	0.130863	-0.475659	-0.152934	0.0326578	0.204864	0.38504
0.122071	-0.0886581	0.0371184	-0.555918	0.278615	-0.851486	0.0997129	0.106771	0.409975	0.441792
0.299424	-0.0831443	-0.0683135	-0.435747	0.110501	-1.12697	0.358163	0.0776336	0.428069	0.440391
0.426085	-0.0524552	-0.341603	-0.254676	-0.195553	-1.02659	0.683946	-0.191929	0.676824	0.275961
0.559228	-0.055389	0.114271	-0.111952	-0.118834	-0.8834	0.301164	-0.150158	0.611005	-0.26593
-0.0235494	-0.0377126	0.269605	0.0136713	-0.0534306	0.0248184	-0.224616	0.0144825	0.147429	-0.130697
-0.0517906	-0.0265034	0.170952	-0.000462898	-0.0211167	0.138573	-0.230292	0.0317615	0.0318734	-0.0429949
-0.000292262	0.00324033	0.0178643	-8.61859e-05	-0.00856899	-0.0034671	-0.0121075	0.0149605	-0.0100582	-0.00148495
-6.45856e-09	4.99657e-05	-5.89176e-06	-1.70045e-05	-1.79639e-07	-1.69886e-06	-1.36934e-06	-8.69706e-06	-5.15589e-06	-9.96209e-06
0.000625145	-3.44967e-05	-3.34689e-05	-0.00151328	-0.026166	-0.00228803	-0.000304597	0.0492457	-0.000228221	-0.0193027
-0.00219323	-0.000841	-0.000771581	-0.00513526	-0.0839399	-0.00501267	-0.00053434	0.21877	-0.00206385	-0.118278
-0.00995249	0.00912441	-0.161627	0.0128345	-0.147688	0.00160949	-0.0503484	0.406995	0.0380394	-0.0989858
0.00865764	0.0251727	-0.498203	-0.193122	-0.145242	0.0898429	-0.106642	0.27077	-0.0613972	0.610167
0.00272088	-0.0452957	-0.803357	-0.248719	0.221354	0.180166	0.0729652	0.107184	0.0669981	0.445985
0.285282	-0.0929584	-1.03858	-0.296979	0.451501	-0.0544518	0.424523	0.15636	-0.00921527	0.174517
0.279142	-0.14357	-0.808682	-0.334071	0.327682	0.161775	0.0984651	0.148402	-0.0253323	0.296188
0.071807	-0.00844376	-0.364564	-0.201605	0.356926	-0.0136729	0.0614658	-0.00536618	-0.117168	0.22062
0.0756279	-0.115541	-0.259402	-0.0952649	0.36634	0.0441191	0.112605	-0.163886	0.0476907	-0.0122908
0.169242	-0.647291	-0.134278	-0.164495	0.438978	0.167917	0.219244	0.0189991	-0.169491	0.101176
0.0845765	-0.701161	0.114138	-0.217841	0.609341	0.27187	-0.00914176	-0.25679	0.11393	-0.00892578
0.132855	-0.0185101	-0.0794581	0.0811096	0.459142	0.440221	0.0891388	-1.04921	0.249728	-0.305021
-0.414456	0.264235	0.157758	0.378935	-0.278573	0.253669	0.0688211	-1.03116	0.51129	0.0894861
-0.675341	0.621155	0.0270557	0.274216	-0.0773166	-0.10062	-0.197636	-0.0744291	-0.0691885	0.272106
-0.858781	0.388812	-0.300758	-0.210514	0.402633	-0.260703	0.0691212	0.0627317	0.391953	0.315509
-0.622016	0.141061	-0.277853	0.0768567	0.21162	-0.443517	0.0540621	0.207547	0.139754	0.512485
-0.194579	0.317317	-0.093776	0.0613528	0.184512	-0.195713	-0.284856	0.0519522	-0.172605	0.326398
-0.0443617	-0.226146	-0.221006	0.223551	0.226471	-0.136786	-0.177097	0.0775225	0.0370547	0.240796
-0.0702876	-0.292757	-0.207149	0.012637	0.104313	0.000596764	0.0809461	-0.126247	0.0519569	0.44599
-0.290581	-0.182525	-0.17015	-0.475768	0.33022	-0.0287992	-0.086516	0.26961	0.26221	0.3723
-0.0393923	-0.123077	0.0487962	-0.500917	0.353676	-0.333189	0.245654	0.120282	-0.127304	0.355472
0.237741	-0.124854	-0.0483698	-0.580463	0.281808	-0.402816	0.428289	-0.0647725	0.0669754	0.206463
0.422784	-0.114892	-0.0996267	-0.263696	-0.0427477	-0.721733	0.801356	-0.0413429	0.277696	-0.217799
0.432364	-0.102592	0.452858	-0.0819249	-0.211337	-0.737715	0.388208	0.042685	0.209583	-0.392122
0.0840503	-0.0643436	0.559772	-0.00148929	0.0105549	-0.193004	-0.273168	0.0380207	0.0393761	-0.199768
-0.0154611	-0.0318173	0.388556	-0.00129759	-0.0158915	-0.0112852	-0.230347	0.0033889	-0.0246935	-0.0611515
-0.00228722	-0.000598764	0.114123	-0.00320884	-0.0279898	-0.0305667	-0.0378694	-0.00728985	-0.00236095	-0.00195155
-3.96304e-05	-1.10756e-06	-2.13458e-05	-0.00182431	-0.000103169	0.00811167	-0.000113278	-5.77889e-05	-0.000245999	-0.00570505
-5.40103e-05	-1.0147e-05	-0.0115803	0.0122827	-0.0137774	-0.00102796	-1.35467e-05	0.0251551	-0.000777183	-0.0101972
-0.000701731	0.00105826	-0.00779595	0.00615775	-0.0348417	-0.00171472	-5.52801e-05	0.117525	-0.00113969	-0.0784924
-0.0695683	0.0174121	-0.137403	0.0251334	-0.0156149	0.0225437	-0.0233966	0.20245	-0.00994412	-0.0116114
-0.0282584	0.02744	-0.341378	-0.0991195	0.335562	0.0608442	-0.252871	0.106855	-0.143273	0.334204
0.252599	-0.0614007	-0.598108	-0.319856	0.505993	-0.0294424	0.0320327	0.123385	-0.0231984	0.117998
0.17932	-0.113229	-0.294261	-0.415767	0.341609	-0.0703692	0.270813	-0.0709531	-0.122353	0.295188
0.42673	-0.160854	0.0184401	-0.366868	0.400152	-0.0076749	0.0372511	-0.0558654	-0.48428	0.192971
0.206708	-0.0215542	-0.0887047	-0.198934	0.325864	0.101286	0.140007	-0.151635	-0.358403	0.0453655
0.263422	-0.237342	-0.0820671	-0.0957331	0.258292	0.138058	0.289824	-0.301874	-0.292247	0.0596652
0.0119623	-0.676777	0.0710054	-0.153392	0.277607	0.312896	0.27832	-0.151143	-0.00505533	0.0345793
0.170625	-0.638329	0.093964	-0.234046	0.391158	-0.00632433	0.445357	-0.522038	0.310998	-0.0113618
0.217124	0.0716067	-0.0834693	0.196557	0.301789	0.0320603	0.16562	-0.991005	0.241357	-0.151636
-0.270009	0.293807	0.24835	0.027132	-0.255708	0.00968848	-0.0492343	-0.582368	0.478829	0.0995113
-0.739642	0.562128	0.061126	0.159289	0.0314212	-0.0913742	-0.115396	-0.136662	0.225159	0.0439553
-0.729971	0.399316	-0.196553	0.0491901	0.19664	-0.143739	0.0914759	-0.0759281	0.188714	0.220858
-0.763823	0.240935	-0.0616378	-0.00427537	0.375185	-0.323882	0.201461	0.021567	-0.0524972	0.366966
-0.172316	-0.196218	-0.287361	0.0999524	0.560756	-0.32361	-0.339162	0.261172	0.0903601	0.306428
-0.0622221	-0.572846	0.126165	0.0228218	0.215899	-0.181322	-0.15045	0.469833	-0.0671121	0.199233
-0.157812	-0.448159	-0.0262255	-0.15769	0.379934	-0.287098	-0.028509	0.68292	0.0172822	0.0253558
0.0262151	-0.266408	0.0894546	-0.299992	0.215133	-0.0483743	-0.110301	0.372952	-0.197255	0.218575
0.194207	-0.177727	-0.101617	-0.0224967	0.0628357	-0.164195	0.128464	0.0936792	-0.177485	0.164332
0.134323	-0.126283	-0.0814271	-0.272086	0.131783	0.0355979	0.345485	0.292587	-0.385539	-0.0744402
0.376319	-0.0922278	0.15458	-0.16957	-0.0640642	-0.105093	0.442408	0.295801	-0.343882	-0.494269
0.467128	-0.0483939	0.3747	-0.0232889	-0.224908	-0.243366	0.271358	0.046314	-0.188188	-0.43135
0.0600871	-0.0357392	0.547913	-0.0256461	-0.0824151	-0.243253	-0.0891981	-0.0522895	0.042456	-0.121913
-0.00769406	-0.00535327	0.339067	-0.014068	-0.0712508	-0.033557	-0.176477	-0.00608363	-0.00925732	-0.0153257
-0.000231191	-2.7358e-05	0.0115602	-0.00233626	-0.00304552	-0.00143009	-0.00393876	-8.89159e-05	-0.000423438	-3.86406e-05
-1.52507e-05	-4.5441e-07	-7.03598e-06	-0.000599456	-4.33079e-05	0.002602	-3.7633e-05	7.16778e-05	-8.49024e-05	-0.00188564
-5.70577e-05	-7.40483e-06	-0.0247305	0.0275504	-2.72093e-05	-0.00104369	-6.71259e-06	-5.78564e-05	-0.0015848	-3.51507e-05
-0.00148065	0.00674311	-0.0122772	0.0303594	0.0162423	-0.00570759	-0.000274516	0.0283087	-0.00216749	-0.0597461
-0.0863536	0.00396232	0.0272931	0.0275601	0.0728658	-0.0263129	-0.0759064	0.0927098	-0.0149556	-0.0208621
0.10905	-0.00684309	0.0887802	0.0521124	0.245424	-0.0546903	-0.386848	0.00257818	-0.143294	0.0937336
0.376193	-0.110147	0.246166	-0.0718677	0.230176	-0.266334	-0.0576263	-0.121239	-0.277276	0.0519578
-0.0342739	-0.197133	0.333063	-0.0826697	0.231153	-0.134106	0.231159	-0.102046	-0.29988	0.0547319
0.336745	-0.156772	-0.0137338	-0.275321	0.374846	-0.181244	0.272559	-0.178275	-0.263266	0.0844632
0.276835	-0.0821923	-0.0931519	-0.330529	0.295327	0.0704223	0.22061	-0.336564	-0.151376	0.130619
0.313581	-0.309598	0.0268642	-0.2967	0.357343	0.183566	0.132585	-0.340779	-0.0141587	-0.0527018
0.334918	-0.496575	0.0322065	-0.234433	0.305827	0.107917	0.251741	-0.225154	-0.129818	0.0533738
0.0797707	-0.205125	-0.120658	-0.072876	0.407094	0.0558009	0.42021	-0.554381	-0.0680552	0.0582172
-0.069238	0.188355	-0.095882	0.0693921	0.190057	0.134927	0.224638	-0.703515	0.159599	-0.0983323
-0.596919	0.442629	0.204954	0.078496	-0.205982	-0.036342	0.139651	-0.283501	0.388919	-0.131904
-0.870434	0.676763	0.0869673	0.23219	0.094375	-0.330521	0.245536	-0.329887	0.408415	-0.213402
-0.680346	0.0555507	-0.00140062	0.204855	0.260549	-0.257568	0.0489963	0.114856	0.0597296	0.194782
-0.48005	0.27485	0.00662362	-0.0530081	0.534775	-0.153083	-0.0612998	-0.198611	-0.128297	0.258104
-0.245771	-0.550688	-0.125441	-0.0382527	0.494976	-0.258839	-0.0687381	0.576979	-0.163782	0.379557
-0.0362253	-0.582385	-0.142915	-0.200047	0.13265	0.261226	-0.0992002	0.562015	0.00279306	0.102091
-0.0281973	-0.502739	0.00380459	0.0810358	0.222053	-0.0581601	0.00903652	0.311181	-0.109467	0.0714514
0.24389	-0.351274	-0.27493	0.320322	-0.118206	-0.154188	0.12418	0.422809	-0.308809	0.0962049
0.09215	-0.193496	-0.162807	0.234735	-0.0741782	-0.0259496	0.16799	0.357369	-0.295157	-0.100655
0.172446	-0.153134	-0.314962	0.231657	0.181541	-0.0947594	-0.00525666	0.437259	-0.2098	-0.244989
0.350013	-0.102718	-0.03853	0.241355	-0.114141	0.0865307	0.156662	0.168342	-0.327618	-0.419894
0.352967	-0.0589454	0.566466	0.127882	-0.462804	0.044722	0.18644	-0.0453136	-0.329736	-0.381672
0.00627125	-0.0288763	0.628509	-0.0565243	-0.189967	-0.150283	0.054135	-0.13803	0.00270558	-0.127938
-0.0132027	-0.00975063	0.337315	-0.0192642	0.0247192	-0.0544021	-0.169142	-0.0225195	-0.0237619	-0.0499914
-0.00191006	-0.00113773	0.0513823	-0.000724716	-0.0057352	-0.0218339	-0.012682	-0.00061452	-0.00308869	-0.0036555
-1.29962e-05	-5.24329e-07	-2.66449e-07	-1.2094e-05	-5.44397e-05	-0.000308775	-3.09813e-06	0.000517713	-2.48795e-05	-0.00010064
-4.79493e-05	2.07238e-05	-0.0122483	0.0158742	-1.69399e-05	-0.000601026	-2.57689e-05	-0.00117564	-0.000829358	-0.000949875
-0.00461902	0.00558719	0.000678716	0.0768628	-0.0101284	-0.0215801	-0.00153151	-0.00346887	-0.00510778	-0.0366931
-0.0600598	-0.00370778	0.263235	0.141369	-0.07611	-0.0131032	-0.120357	-0.0609651	-0.0116585	-0.0586415
0.168078	-0.0199933	0.368776	0.305805	-0.175559	-0.0706219	-0.395244	-0.0476424	-0.191507	0.0579133
0.458044	-0.146377	0.252601	0.137211	-0.0817341	-0.144849	0.0444384	-0.18088	-0.343841	0.0053875
0.237231	-0.318257	0.400865	-0.112372	0.0888767	-0.152902	0.305107	-0.0730483	-0.194783	-0.180714
0.177745	-0.301407	0.0739048	-0.282095	0.362138	-0.485446	0.40573	0.0975241	0.0383442	-0.0864377
0.333412	-0.236497	-0.147763	-0.474221	0.336719	-0.257272	0.275271	-0.139977	0.0903357	0.219993
0.29633	-0.100837	0.196326	-0.131287	0.179359	-0.368007	0.298581	-0.179442	0.0563312	-0.247355
0.250581	-0.123947	0.175651	-0.183595	-0.0822992	-0.106264	0.370985	-0.489044	0.178066	0.00986792
0.132091	-0.145094	0.187304	-0.0207618	-0.0812159	-0.146537	0.70804	-0.764312	0.0453645	0.0851215
-0.259909	-0.211399	0.263438	0.0282124	0.0819805	-0.016584	-0.0225307	-0.245425	0.497894	-0.115678
-0.809435	0.440075	0.411099	0.323472	0.00911187	-0.0944526	0.0135099	-0.164449	0.150076	-0.279008
-0.684304	0.705217	0.140183	0.0291112	0.374843	-0.336511	0.178618	-0.448222	0.0974452	-0.0563799
-0.407889	-0.0931531	-0.0795585	-0.187175	0.55241	-0.131069	0.101821	0.143946	0.0806917	0.0199779
-0.272477	-0.0322281	0.248406	-0.399855	0.408251	-0.233569	-0.0444018	0.0297847	0.0721153	0.223975
-0.00507507	-0.830295	0.395872	-0.067829	0.277479	-0.135778	-0.232411	0.325952	0.0297104	0.242374
0.0231196	-0.603118	0.0622319	0.314104	0.195182	-0.142977	0.115408	0.11693	-0.198359	0.117479
0.0392357	-0.438104	0.00606548	0.350543	0.095235	0.020906	0.242111	0.29016	-0.44383	-0.16232
0.25222	-0.280531	-0.137072	0.171188	0.243351	0.0911744	0.00885474	0.22707	-0.477619	-0.0986351
0.143251	-0.176596	0.341807	0.104727	0.15777	-0.0535883	0.0504874	0.270695	-0.491494	-0.34706
0.16587	-0.167516	0.225276	0.305749	-0.105947	0.183228	-0.105406	-0.00534432	-0.336859	-0.159049
0.175462	-0.144038	0.231312	0.462687	-0.236544	0.159459	-0.0228182	-0.109767	-0.0493864	-0.466366
0.0592672	-0.0544034	0.577326	0.311172	-0.310784	-0.00713461	0.124189	-0.114632	-0.220037	-0.364959
-0.0875082	-0.066507	0.952941	-0.102138	-0.149631	-0.148569	-0.0171354	-0.134097	-0.12295	-0.124403
-0.0406132	-0.0330572	0.51314	-0.0209813	-0.0919698	-0.0871604	-0.139181	-0.0169965	-0.0512344	-0.0319458
-0.00141512	-0.000656056	0.07926	-0.00115229	-0.00371751	-0.0391502	-0.0286367	-0.00121883	-0.00285602	-0.000457212
0.0	0.0	0.0	0.0	0.0	0.0	0.0	0.0	0.0	0.0
-6.01036e-05	0.000389499	-0.00473457	0.00591944	-1.25213e-05	-0.000470483	-2.41497e-05	-8.85534e-05	-0.000709267	-0.00020929
-0.0123549	-0.000193958	0.0472666	0.0716371	-0.00463741	-0.0337345	-0.00310964	-0.00270039	-0.00520684	-0.0569661
-0.0518128	-0.00774513	0.268349	0.32946	-0.222219	0.0170258	-0.113527	-0.0660739	-0.0370898	-0.116363
0.119685	-0.0395587	0.456451	0.377173	-0.129949	0.0606084	-0.434376	-0.0220667	-0.180852	-0.207112
0.358306	-0.272787	0.355345	0.0727668	-0.156783	0.239015	-0.0421532	-0.0678159	-0.270118	-0.215775
0.304028	-0.461145	0.253313	-0.0550732	-0.0453764	0.425206	0.111838	-0.220427	-0.107604	-0.204759
0.23064	-0.417176	0.151856	-0.0496824	0.163992	-0.281305	0.234344	-0.294196	0.154629	0.106898
0.107373	-0.248572	0.130169	-0.279182	0.223536	-0.31877	0.318576	-0.213724	0.132993	0.147597
0.260238	-0.147807	0.204812	-0.592953	0.0932852	-0.232012	0.329122	-0.238963	0.383297	-0.0590191
0.408993	0.0712804	0.40829	-0.597388	-0.00215489	-0.354074	0.578701	-0.598745	0.013388	0.0717109
0.104794	-0.177972	0.314997	-0.435639	-0.0649949	-0.308437	0.546671	-0.269141	0.310943	-0.0212214
-0.137134	0.0858689	0.36726	-0.309503	-0.000115091	-0.502531	0.0846193	-0.0310997	0.343	0.0996349
-0.679211	0.478923	0.29242	-0.242388	0.204802	-0.473426	0.123365	0.04444	0.256134	-0.00506075
-0.627159	0.54815	0.0667064	-0.399313	0.559804	-0.295353	0.134956	0.0406797	0.0942593	-0.122728
-0.327157	-0.00783472	0.202681	-0.428868	0.35387	-0.0505947	0.0236178	0.0577362	-0.131215	0.307765
-0.0493519	-0.392908	0.0837064	0.0281283	0.292793	0.0191327	-0.114704	-0.115306	0.199826	0.0486861
0.159045	-0.684862	-0.177163	0.259231	0.246882	0.216773	0.0549415	-0.0044881	-0.114187	0.0438309
-0.0527895	-0.367944	0.0583389	0.0317915	0.307928	0.285281	0.182641	0.0866282	-0.402492	-0.129382
0.0784284	-0.241437	0.0602468	0.320249	-0.145836	0.0693005	0.187184	-0.0745339	-0.0519245	-0.201679
0.167002	-0.177179	-0.0329375	0.0188705	0.054261	0.0188632	0.0204649	0.0970007	-0.0313657	-0.134981
-0.0524231	-0.108842	0.121201	0.0753913	0.145259	0.0105096	0.086978	0.0318603	-0.0982986	-0.211636
0.180306	-0.0379147	0.130422	0.317703	-0.164614	-0.0400513	0.0773436	0.0244788	-0.176729	-0.310943
0.0589615	-0.0600838	-0.019894	0.436524	-0.197676	0.151709	0.0493545	-0.0889016	0.145016	-0.475007
-0.00659566	-0.0282044	0.509563	-0.0691223	-0.26831	0.0697055	0.0970045	0.0679995	-0.00108658	-0.37095
-0.0389964	-0.0974126	1.00596	-0.191353	-0.214031	-0.181033	-0.00549051	0.0300058	-0.225681	-0.0819665
-0.0190482	-0.00929368	0.260123	-0.0182632	-0.0504448	-0.0365893	-0.0909299	0.0241502	-0.043833	-0.0158712
0.0222625	-0.000944789	0.025268	-0.000926854	-0.023795	-0.00615406	-0.0105734	-0.00298201	-0.00071163	-0.00144271
-3.16856e-05	-1.32104e-05	-1.71552e-05	-0.000562489	-0.00537559	-0.000267722	-4.91749e-06	0.00543356	-0.000199583	0.00103879
-1.32861e-05	8.81064e-05	-0.000219089	0.000545198	-2.37904e-06	-0.000242602	-5.445e-06	-1.72779e-06	-0.000105777	-4.29991e-05
-0.0105446	-0.000669883	-0.00447028	0.0711357	-0.0083176	-0.0215398	-0.00237477	0.0136124	-0.0047207	-0.0321104
-0.103076	-0.00921137	0.14095	0.512087	-0.145937	0.00241463	-0.0828035	-0.0242687	-0.115497	-0.174654
0.0419576	-0.0863018	0.51044	0.303671	-0.048852	0.274859	-0.350443	-0.103332	-0.276455	-0.265537
0.0943778	-0.33927	0.577293	0.293425	-0.0750784	0.275721	-0.279927	-0.127833	-0.100106	-0.318603
0.113446	-0.62307	0.188825	0.160788	-0.0796449	0.539171	0.0475401	-0.380682	0.0998816	-0.0662524
0.0675434	-0.446088	0.440815	-0.197705	0.0493177	0.168864	0.232604	-0.335988	0.0532197	-0.0325832
0.252083	-0.100434	0.084226	-0.151964	0.0996117	-0.0114816	0.149596	-0.293005	0.086362	-0.114995
0.296712	-0.0192729	0.02942	-0.406673	0.0740133	-0.190883	0.305323	-0.321633	0.28168	-0.048688
0.374059	-0.206088	0.29448	-0.444112	-0.278528	-0.157959	0.250624	-0.366268	0.243895	0.289898
0.099698	-0.17832	0.144651	-0.427027	-0.0802827	-0.109363	0.176306	-0.131663	0.308721	0.197279
-0.295817	-0.011579	0.300921	-0.54229	0.184783	-0.139632	0.674579	-0.190702	0.278031	-0.258294
-0.617017	0.104333	0.309218	-0.350542	0.314905	-0.0992463	0.399997	0.0667294	0.0697715	-0.198144
-0.477118	0.216252	0.156378	-0.26422	0.315401	0.0101984	0.0189768	-0.0947728	-0.101893	0.220798
-0.152264	-0.277056	-0.0387532	0.186447	0.185764	-0.0286362	0.0699228	-0.110544	-0.0265684	0.191689
0.00647572	-0.469638	0.120324	0.413109	0.289222	-0.000986626	0.205801	-0.205533	-0.225155	-0.133617
0.00409089	-0.179262	0.272969	0.150199	-0.185972	0.175583	0.25861	-0.108257	-0.258717	-0.129242
-0.0226185	0.0205603	0.102695	0.116634	-0.04207	-0.109643	0.270334	-0.103924	-0.0660646	-0.165902
-0.0773691	-0.0259774	0.132739	0.160219	-0.138024	0.0816549	0.010476	-0.0351098	-0.0364533	-0.0721549
-0.198989	0.0455799	-0.00260264	0.0967971	0.00146616	0.0286435	-0.0303269	-0.0277895	0.0751658	0.0120544
-0.0766832	6.03393e-06	0.174889	0.35178	0.0347321	-0.0088215	0.060367	-0.139818	-0.192842	-0.20361
0.231309	-0.069624	0.130661	0.444131	-0.359728	0.102866	0.0378213	-0.19533	0.00350698	-0.325613
0.0964501	-0.0771951	0.449203	0.187786	-0.24087	0.193446	0.0755115	-0.380173	0.141631	-0.445788
-0.0307468	0.00612081	0.803526	-0.24132	-0.231192	0.20522	0.0433654	-0.204933	-0.0500424	-0.299994
-0.0338589	0.0265622	0.688062	-0.118899	-0.20169	-0.110407	0.0354559	-0.0169673	-0.195265	-0.0729922
-0.0100471	0.0130951	0.0859153	-0.0146214	-0.0180065	-0.0275603	-0.0269701	0.0254984	-0.0235466	-0.00375664
-0.00651341	-8.9233e-06	0.0370891	-0.000226679	-3.48242e-05	-0.0144493	-0.0150663	-1.77671e-05	-0.000370696	-0.00040119
-1.98312e-09	6.1564e-05	-4.18532e-05	-3.86396e-06	-1.12129e-08	-1.05466e-07	-2.56675e-07	-5.6071e-07	-1.45908e-05	-3.19808e-07
0.00633363	0.000312684	-0.0022519	-6.84502e-05	-0.00941895	-0.000682564	-0.00064484	0.0200797	-0.000823085	-0.0128362
-0.0050385	-0.000931607	-0.00546941	0.057161	-0.00557553	-0.0187042	-0.00274256	0.0132875	-0.00837179	-0.0236148
-0.0798348	-0.0115812	-0.0235697	0.532166	0.0174012	0.0124248	-0.0814061	-0.0684899	-0.162172	-0.134937
-0.0135501	-0.137871	0.321264	0.336419	-0.0684476	0.323986	-0.215215	-0.0751563	-0.242308	-0.229118
0.0832612	-0.471841	0.179828	0.428397	0.056014	0.255535	-0.230911	-0.190936	0.0958653	-0.205211
0.197877	-0.324314	0.0899237	0.0869868	-0.0421746	0.349189	-0.00524132	-0.347594	0.112767	-0.117419
0.164378	-0.0165188	0.354656	-0.102911	-0.0822935	0.0692712	0.164712	-0.462768	-0.0367571	-0.0517687
0.204339	-0.0494888	0.219124	-0.0699928	-0.262536	0.284431	0.00465953	-0.281469	0.0939272	-0.142993
0.114767	0.0508795	0.307072	-0.024728	-0.422411	0.0493958	0.293954	-0.303833	0.254263	-0.319362
0.280087	-0.14507	0.388581	-0.0785808	-0.481251	0.054349	0.430617	-0.493346	0.22393	-0.179316
0.35893	-0.109213	0.192691	-0.230627	-0.163567	0.0265292	0.67158	-0.271733	-0.164208	-0.310377
0.229541	-0.109377	0.179459	-0.259721	-0.504651	0.0580472	0.597734	-0.119084	0.0563766	-0.128323
-0.14059	0.198251	0.417296	-0.138116	-0.214359	0.0795064	0.210208	-0.0899923	-0.135709	-0.186494
-0.244784	-0.132047	0.119997	-0.0161238	0.20385	-0.0357263	0.329685	0.149622	-0.122416	-0.252054
-0.140898	-0.011565	0.236588	0.00855498	0.00884655	0.0591429	0.263805	-0.170875	-0.0188271	-0.23477
-0.146035	0.178837	0.270316	0.143717	-0.0593913	-0.0666609	0.242715	-0.387491	-0.00666972	-0.169335
0.0333764	-0.0365333	0.269059	0.343432	-0.17846	-0.0996743	0.210118	-0.357685	0.0602038	-0.243836
-0.0125562	0.109142	0.1329	0.260559	-0.156207	0.0201873	0.106305	-0.431495	0.123502	-0.152337
-0.136373	0.161774	-0.0300739	0.180559	-0.249364	-0.0133077	0.151421	-0.124035	0.0357024	0.0236987
-0.0245755	0.070456	0.150652	0.0157565	-0.210343	0.178292	0.034939	-0.28579	0.0505289	0.0200824
0.0688749	0.0159735	0.267142	0.307825	-0.0865448	0.110639	0.153215	-0.478009	-0.0960517	-0.263062
0.251426	-0.0571995	0.380766	0.1332	-0.50319	0.131703	0.176986	-0.467733	0.244185	-0.290143
0.0296262	-0.0296619	0.354489	0.147184	-0.350487	0.25688	0.0648065	-0.431197	0.194855	-0.236488
0.018261	0.0584083	0.409681	-0.137337	-0.224129	0.231088	-0.0236736	-0.110551	-0.0778181	-0.143924
-0.049556	0.0743404	0.538516	-0.0663115	-0.103101	-0.0319397	-0.106697	-0.0329127	-0.175382	-0.0469548
-0.0111106	0.012896	0.166976	-0.0104968	-0.00269067	-0.0508049	-0.0591205	-0.00302396	-0.0265147	-0.0161096
-0.00218881	5.26682e-05	0.0168225	-0.000110629	-1.88769e-07	-0.00452793	-0.0099373	-4.94205e-07	-0.000109605	-2.55585e-07
0.0	0.0	0.0	0.0	0.0	0.0	0.0	0.0	0.0	0.0
0.0159531	-4.78229e-05	-0.005053	-0.000389781	-9.87824e-05	-0.000719681	-0.00161717	-0.000212636	-0.00173858	-0.00607566
-0.00651528	-0.00687891	0.0329579	0.0389827	0.000237636	-0.00811114	-0.0028016	-0.0110219	-0.0154012	-0.0214483
-0.0706671	-0.0262131	0.103003	0.432101	-0.0274142	0.0428826	-0.0578533	-0.111389	-0.163202	-0.121247
0.0423007	-0.0847371	0.366031	0.447378	-0.0971114	0.114723	-0.195803	-0.247649	-0.21336	-0.131768
0.231075	-0.339753	0.296254	0.239734	-0.191854	0.392516	-0.264712	-0.306505	-0.0652064	0.00845211
0.208883	-0.048248	0.243767	0.370612	-0.23304	0.237445	-0.169637	-0.460024	0.0567326	-0.206491
0.150958	0.0266706	0.547672	0.176839	-0.429109	-0.12346	0.214269	-0.490748	0.351048	-0.424139
0.183628	0.211935	0.276255	0.18094	-0.536674	0.244116	-0.0256817	-0.294966	0.0352457	-0.274801
0.191174	0.118076	0.295634	0.30847	-0.400094	0.21323	0.277933	-0.384405	-0.137109	-0.482909
0.288827	0.194331	0.304521	-0.037389	-0.413286	-0.00831303	0.490863	-0.338985	0.121237	-0.601806
0.433792	0.227311	0.417723	-0.175655	-0.176294	0.112393	0.346986	-0.332789	-0.208514	-0.64495
0.467935	0.109772	0.27247	-0.45864	-0.253836	0.0374592	0.515439	-0.123897	0.0294674	-0.596168
0.186669	-0.0883306	0.0906391	-0.114455	-0.400666	0.0800749	0.268031	0.0137495	0.138932	-0.174644
0.00491207	-0.0143011	-0.0179227	0.0653548	-0.0922625	-0.120396	0.665524	0.0577614	-0.237755	-0.310913
0.00380011	-0.0233869	0.088781	-0.0957631	-0.00702312	0.00962582	0.357791	-0.236353	0.166031	-0.263503
-0.0996808	0.27552	0.0524452	0.108455	0.102926	0.13259	0.157338	-0.404233	-0.221243	-0.104116
0.013255	0.303188	-0.117396	0.235665	0.0541857	0.187738	0.0674587	-0.534291	-0.0562093	-0.153592
-0.0978829	0.395301	0.148979	0.321344	-0.0910173	0.160182	0.272921	-0.748627	-0.0741331	-0.287066
-0.109872	0.357087	0.302232	0.141506	-0.271127	0.122867	0.0495493	-0.464126	-0.041619	-0.0864971
-0.0749891	0.188889	0.230109	0.27464	-0.17423	-0.00916655	0.212264	-0.645015	0.172394	-0.174894
0.0652186	0.0291815	0.342077	0.117875	-0.0807003	0.145055	0.0592808	-0.626675	0.261232	-0.312544
0.135072	-0.0492439	0.303375	0.000961452	-0.309202	0.492889	-0.0883319	-0.539447	0.28451	-0.230581
-0.0624715	-0.0519007	0.306524	0.0771789	-0.287235	0.210658	0.0265515	-0.288019	0.149336	-0.0806191
-0.0295119	-0.0188595	0.466917	-0.0996088	-0.153252	0.105162	-0.0722316	-0.0589473	-0.168671	0.0290075
-0.0412033	0.0104477	0.25108	-0.0389645	-0.104824	0.0828429	-0.0474816	-0.0413562	-0.112748	0.0422075
-0.00164533	0.0143466	0.0468955	-0.00299122	-0.000730364	-0.00713217	-0.0113607	-0.0019351	-0.0238704	-0.0115769
-2.11467e-05	0.000204718	-0.000166961	-4.74679e-05	-3.6342e-05	0.000460183	-4.81163e-06	-3.20474e-05	-0.000323207	-3.29171e-05
-2.22488e-08	0.000113876	-5.27863e-05	-1.8344e-05	-4.77274e-07	-6.86215e-07	-8.08414e-07	-7.70448e-06	-3.13152e-05	-1.73236e-06
-5.77295e-05	1.2048e-05	0.000167249	0.000814568	-3.07796e-06	-0.000303147	-3.27205e-05	-0.000232858	-0.000119772	-0.000244561
-0.0212159	-0.0117523	0.069572	0.0694234	-0.000599383	-0.0182551	-0.00198108	-0.0519825	-0.0152806	-0.0179284
-0.0481701	-0.0126605	0.176935	0.283087	-0.0663537	0.0621193	-0.0390438	-0.151009	-0.109668	-0.0952331
-0.0667411	0.0814531	0.220454	0.270854	-0.112251	0.251469	-0.176953	-0.267777	-0.0805639	-0.119939
0.140739	0.367578	0.194875	0.0242611	-0.12167	0.107556	-0.273005	-0.327707	-0.0766039	-0.0360236
0.156265	0.28383	0.177949	0.256235	-0.369962	0.165804	-0.357085	-0.419896	0.239586	-0.132729
0.125484	0.120032	0.150065	0.225188	-0.41277	0.287048	-0.0492145	-0.46494	0.286888	-0.267781
-0.0587209	0.208692	-0.0235556	0.191977	-0.0838648	0.153921	0.198014	-0.280534	-0.0913802	-0.214551
0.0535775	0.0524296	0.274695	-0.272851	-0.13401	0.150414	0.236902	-0.383091	0.191482	-0.169549
0.239074	0.261196	0.145876	-0.152289	-0.215549	0.0597176	0.264981	-0.224224	-0.13279	-0.245992
0.359075	-0.119052	0.124563	-0.153656	-0.0592944	0.225107	0.328128	-0.25219	-0.0362206	-0.41646
0.334239	-0.154544	-0.00974785	-0.087852	-0.111548	0.125686	0.580855	-0.121254	-0.182364	-0.373472
0.108747	-0.184913	0.168992	-0.0673556	-0.212911	0.0796113	0.567951	-0.212952	0.127401	-0.37457
-0.0296719	0.161763	0.144571	-0.124169	-0.125054	0.118286	0.611634	-0.323256	-0.0380287	-0.396073
-0.0027294	0.0830861	-0.0393288	0.0433401	0.13564	0.0420862	0.269411	-0.152728	-0.0332803	-0.345496
0.0186536	-0.0279684	0.141259	0.148678	-0.110213	-0.0688969	0.249396	-0.0500399	-0.152236	-0.14863
-0.181342	0.0680185	0.309494	0.0240311	0.0495337	0.098327	0.371319	-0.380642	-0.00942306	-0.349315
-0.203275	0.40846	0.343803	0.220252	-0.163509	-0.00618184	0.266868	-0.438997	-0.0844618	-0.342963
-0.267598	0.27662	0.459015	0.281155	-0.0145719	-0.024269	0.11335	-0.450695	-0.0740849	-0.298921
-0.124321	0.355989	0.0616252	-0.00192431	-0.0214218	0.257899	0.0626271	-0.52379	0.139311	-0.205991
0.00768112	0.20327	0.177314	-0.116688	0.0067004	0.403478	-0.042885	-0.584996	0.0411399	-0.0950117
0.0292808	-0.171482	0.369576	-0.0622717	-0.1196	0.445117	0.0459314	-0.504845	0.159896	-0.191597
0.00955095	-0.125808	0.502837	-0.157857	-0.0755125	0.235031	-0.0321703	-0.294188	-0.0339703	-0.027907
-0.0512001	0.0148584	0.354247	-0.141195	-0.11045	0.139108	-0.0385952	-0.0521806	-0.2182	0.103608
-0.0229324	0.00153699	0.145976	-0.029472	-0.0936665	0.125114	-0.0398717	-0.0229028	-0.0742303	0.0104492
0.0216931	-0.00103164	0.0150693	-0.00406829	-0.00184667	0.00320229	-0.00339479	-0.0021092	-0.00763896	-0.0198751
5.51784e-06	-4.4883e-11	-1.14677e-06	-3.21787e-07	-3.89952e-09	-1.55342e-06	-2.37335e-07	-7.71373e-09	-2.22998e-06	-1.68993e-08
-2.15535e-08	0.000110318	-5.11367e-05	-1.77707e-05	-4.62359e-07	-6.64771e-07	-7.83151e-07	-7.46371e-06	-3.03366e-05	-1.67822e-06
-9.04996e-07	3.24005e-05	-1.78501e-05	2.98297e-05	-1.90069e-07	-1.04016e-05	-2.561e-07	-1.32939e-05	-1.14991e-05	-7.83431e-06
-0.00410822	-0.0113626	0.0502705	0.0782292	-0.000410515	-0.0125021	-0.000232114	-0.0685944	-0.011331	-0.0199588
-0.0563083	-0.0131149	0.136695	0.226875	-0.0669939	0.0317693	-0.0171505	-0.152711	-0.0405368	-0.0485225
-0.239237	0.13737	0.203409	0.193506	-0.102115	0.251716	-0.0845666	-0.202382	-0.055718	-0.101979
-0.0465016	0.717798	0.180405	0.0458886	-0.159164	-0.0503168	-0.182185	-0.112417	-0.122303	-0.271204
0.0444311	0.469325	0.3333	0.172272	-0.221315	-0.19861	-0.349229	-0.124943	0.0629656	-0.188195
0.0752149	0.105442	0.289708	0.132567	-0.250572	-0.00934686	-0.2648	0.0356817	0.147414	-0.26131
0.176159	0.0719232	0.335365	-0.0570125	-0.194651	0.0886303	-0.141727	-0.103339	-0.121716	-0.0536341
0.155354	0.118652	0.300432	-0.00474636	-0.24779	0.0609618	0.0695464	-0.247109	-0.0962374	-0.109064
0.140715	-0.105458	0.0864784	0.0137203	-0.173281	-0.0617201	0.166812	-0.1211	0.0379474	0.0158849
0.175793	-0.400924	0.172666	0.112138	-0.140577	0.0981723	0.0638067	-0.296686	0.224153	-0.00854234
0.149483	-0.551878	0.130058	-0.0852442	-0.175663	0.159571	0.318312	-0.0748632	0.14184	-0.0116162
0.464985	-0.372701	0.046407	-0.121186	-0.0968826	0.258268	0.284383	-0.399751	0.168869	-0.232392
0.0979213	-0.106654	-0.0438526	-0.0865014	-0.173785	0.130107	0.0330271	-0.119053	0.27392	-0.00512903
0.0993623	0.0221786	-0.114912	0.0983652	-0.137522	0.0296951	0.23577	-0.0465056	0.0830008	-0.269431
0.0325654	0.00731702	0.0104019	0.0717102	-0.127986	0.122298	0.163482	-0.0413766	-0.0689815	-0.16943
0.0539779	0.242646	-0.0311421	0.13705	0.00839273	-0.00271635	0.0378732	-0.255724	0.0649501	-0.255307
-0.113962	0.420398	0.134092	0.056369	-0.0359218	0.167297	-0.0530774	-0.296362	-0.00996276	-0.268871
-0.129018	0.257245	0.272845	0.173204	0.247034	0.169581	-0.038752	-0.294527	-0.166386	-0.491224
-0.185456	0.242482	0.310767	0.141502	0.0493437	0.14403	0.0796225	-0.499743	-0.119907	-0.162641
-0.0824235	-0.00232771	0.253072	-0.0603422	0.272713	0.0764931	0.0656113	-0.562921	0.105972	-0.0658454
0.0444387	-0.167775	0.380748	0.0334837	-0.00498662	0.201824	-0.106302	-0.39462	-0.0216439	0.0348363
0.0498945	-0.08799	0.265272	-0.0864306	-0.110593	0.227386	-0.122121	-0.283626	-0.00323176	0.151444
-0.0350748	-0.012971	0.210578	-0.0998428	-0.0947213	0.14449	-0.0548884	-0.0502438	-0.09484	0.0875161
-0.015596	-0.00270393	0.0734453	-0.026147	-0.0601308	0.0823107	-0.0149228	-0.022852	-0.030615	0.0172117
0.00229821	0.0046617	-0.0223649	-1.87704e-05	0.00389806	0.0225695	-0.000122656	-0.00105307	-0.00416304	-0.00570504
1.01868e-05	-8.28609e-11	-2.11712e-06	-5.94068e-07	-7.19911e-09	-2.86785e-06	-4.38156e-07	-1.42407e-08	-4.11689e-06	-3.11988e-08
0.0	0.0	0.0	0.0	0.0	0.0	0.0	0.0	0.0	0.0
0.0	0.0	0.0	0.0	0.0	0.0	0.0	0.0	0.0	0.0
-0.000330636	-0.000184221	0.0012296	0.0716856	-0.000159018	-0.000574424	-3.03866e-05	-0.0508798	-0.00247646	-0.0182802
-0.0273248	-0.0493106	-0.0319732	0.248435	-0.0137213	0.0395082	-0.00189806	-0.117121	-0.0332123	-0.0133813
-0.174412	-0.00776727	-0.00383226	0.340804	-0.0505805	0.173216	-0.0158485	-0.0202173	-0.103751	-0.13761
-0.187703	0.404346	-0.0530443	0.31074	-0.100355	0.177807	-0.0549141	0.0927946	-0.3701	-0.219568
-0.0823352	0.372311	-0.00370585	0.269851	-0.0652598	-0.0256296	-0.130373	0.254574	-0.362405	-0.227024
0.10957	0.0941682	0.0887007	0.264578	-0.0502977	-0.1877	-0.264491	0.328081	-0.184591	-0.19802
0.17008	-0.0361687	0.143709	0.0196969	-0.035763	0.113882	-0.296735	-0.300316	0.207459	0.0141562
0.261838	0.0387755	0.175922	0.193728	-0.0328965	0.0967495	-0.32021	-0.170845	0.0265144	-0.269578
0.32584	-0.0835589	-0.00560168	0.118515	-0.0277466	0.280786	-0.400838	-0.137594	-0.064256	-0.00554429
0.32135	-0.0870439	0.22051	0.231742	-0.0114426	0.0364582	-0.293728	-0.337653	0.0682591	-0.148453
0.201243	0.174006	0.140006	-0.168746	-0.134215	0.0916803	-0.0596534	-0.30542	0.170848	-0.10975
0.241042	-0.0587379	-0.0927313	0.157685	-0.0795607	-0.114081	-0.0386453	-0.30221	0.44302	-0.155779
0.255071	-0.221377	-0.0419826	-0.138316	-0.000237958	0.060506	0.0403403	-0.152231	0.199449	-0.00122138
0.196513	0.0968185	-0.0908506	-0.0370855	-0.0571463	-0.0455763	0.000487696	-0.0182057	0.156496	-0.20145
0.0132385	0.058741	-0.0239925	-0.288446	0.133444	0.181355	-0.0926538	-0.156901	0.315167	-0.139952
0.0555485	0.262486	-0.0706618	0.0420891	-0.0129363	-0.00499047	-0.0632359	-0.128824	0.049286	-0.128762
-0.333467	0.0225975	0.256024	0.297951	0.220393	-0.247716	0.0223598	-0.255042	0.151463	-0.134565
-0.371194	0.0380875	0.464595	-0.00618407	0.207264	-0.0501116	0.0529081	-0.416394	0.145615	-0.064587
-0.346677	-0.0750567	0.399599	0.0386149	0.216062	0.0704726	0.0159557	-0.523325	0.179957	0.0244001
-0.167972	-0.150036	0.457161	-0.0582668	0.225178	-0.0108785	-0.0502678	-0.506101	0.0393612	0.221825
-0.0591462	-0.123671	0.394333	-0.142379	-0.0898214	0.0579748	-0.0484914	-0.329453	0.00033431	0.340324
-0.0387122	-0.0985096	0.250653	-0.0831279	-0.133322	0.137712	-0.0453648	-0.292971	0.0579857	0.24566
-0.0551792	-0.0241049	0.19769	-0.0411974	-0.0891176	0.0934544	-0.0308181	-0.083576	-0.0652678	0.0981169
-0.010334	0.000384066	0.0734192	-0.0239061	-0.00198887	0.0321838	-0.00789107	-0.0263257	-0.0242343	-0.0113069
-1.65383e-05	0.0197184	-0.0158549	0.0073579	0.00400182	0.0132379	-0.00014249	-0.000858508	-0.0173841	-0.0100596
0.0	0.0	0.0	0.0	0.0	0.0	0.0	0.0	0.0	0.0
0.0	0.0	0.0	0.0	0.0	0.0	0.0	0.0	0.0	0.0
0.0	0.0	0.0	0.0	0.0	0.0	0.0	0.0	0.0	0.0
-0.00150341	-9.61868e-06	-0.00204659	0.0335341	-1.14152e-05	-0.000459899	-3.93922e-06	-0.024761	-0.000128064	-0.00461022
-0.00250124	-0.0332626	-0.0741192	0.149407	-0.000329708	0.0387272	-0.000156632	-0.0105486	-0.0537446	-0.0134718
-0.0155221	-0.0627539	-0.126706	0.278169	-0.0213308	-0.00533212	-0.00291854	0.117919	-0.189564	0.0280402
-0.0811426	0.0416895	-0.245606	0.271684	-0.0232195	-0.00223343	-0.0202979	0.380629	-0.370125	0.0486256
-0.112975	0.0358487	-0.354091	0.500417	-0.0346917	-0.0371682	-0.0351968	0.409727	-0.407559	0.0356914
-0.163684	-0.0830283	-0.329951	0.491473	-0.0408506	0.0630108	-0.0771275	0.258869	-0.263634	0.144922
-0.107914	-0.200817	-0.179337	0.197114	-0.0643971	0.143345	-0.149705	0.122803	0.1525	0.0864089
-0.0546956	-0.19196	-0.0687008	0.228202	0.0287976	0.385935	-0.22379	0.0079672	0.0329344	-0.144689
-0.0363024	-0.267416	-0.181706	0.444051	0.020491	0.18377	-0.303109	0.0731316	0.0403271	0.0267624
-0.0333624	-0.299781	-0.115887	0.403275	0.14583	0.128491	-0.423256	-0.0141134	0.369598	-0.160795
0.233061	-0.276414	0.0943533	0.253894	-0.164571	0.19265	-0.368143	-0.0184464	0.288549	-0.234934
0.225209	-0.356547	0.0368197	0.339754	-0.179368	0.341534	-0.394487	0.127237	0.169454	-0.309606
0.132489	-0.364275	0.272323	0.320333	-0.0965951	0.276601	-0.346665	-0.0539168	0.219802	-0.360095
-0.0305548	-0.279206	0.0604724	0.148057	-0.108139	0.26863	-0.287305	-0.0487434	0.300842	-0.0240533
-0.102661	-0.485572	0.0302502	0.257833	0.0207594	0.104145	-0.151689	-0.085531	0.482652	-0.0701874
-0.162885	-0.14434	0.17648	0.176016	-0.164738	0.219786	-0.0974258	-0.044911	-0.0490397	0.0910595
-0.289646	-0.0122536	0.244583	-0.180545	-0.0249828	0.218661	-0.101064	-0.232092	0.307334	0.0700071
-0.320461	0.0166168	0.0151453	-0.13559	0.109859	0.0486191	-0.108053	-0.208864	0.473039	0.109689
-0.30859	-0.0278862	0.0205716	-0.0558487	0.0761444	0.0585859	-0.0612999	-0.237938	0.133946	0.402318
-0.212937	-0.0322493	0.189459	-0.0193295	0.0689888	0.00450524	-0.0650621	-0.252637	-0.0485811	0.367845
-0.0944731	-0.0700597	0.076082	-0.0442815	0.0207629	0.161106	-0.0379753	-0.236107	-0.05688	0.281828
-0.036455	-0.0289772	0.112881	-0.0286668	-0.0286065	0.116098	-0.015327	-0.260925	-0.040978	0.210957
-0.00571435	-0.0126843	0.235115	-0.0320467	-0.0526504	0.0681291	-0.00336563	-0.10329	-0.0587487	-0.0347438
-0.000423401	0.00619178	0.128174	-0.00662624	0.00877635	-0.0237234	-0.000369638	-0.0419769	-0.0284343	-0.0415879
-4.05874e-07	0.00142102	0.0196049	-1.57035e-05	-0.000118651	-0.000409409	-3.71431e-05	-1.71368e-06	-0.00411246	-0.0163304
0.0	0.0	0.0	0.0	0.0	0.0	0.0	0.0	0.0	0.0
0.0	0.0	0.0	0.0	0.0	0.0	0.0	0.0	0.0	0.0
0.0	0.0	0.0	0.0	0.0	0.0	0.0	0.0	0.0	0.0
-2.47802e-05	-2.58983e-07	-5.02488e-05	0.00317942	-7.78578e-05	-8.37704e-06	-3.54129e-07	-0.00465379	-0.000257895	0.00189414
-0.000127057	-0.00309958	-0.0175708	-0.0276464	-7.22819e-05	0.0387366	-5.16485e-05	0.0208405	-0.00416493	-0.00684438
-0.00294015	-0.0471962	-0.0557958	-0.000132162	0.00171262	0.0450258	-0.000900288	0.123662	-0.102044	0.0386085
-0.0179978	-0.0977851	-0.0847581	0.105942	-0.0477271	-0.0164396	-0.00183223	0.0749847	-0.201005	0.286619
-0.0850005	-0.12423	-0.0823908	0.286691	-0.130803	-0.0213754	-0.00560323	0.0093353	-0.150676	0.304056
-0.134445	-0.164702	-0.171311	0.488423	-0.208434	0.00145632	-0.0105269	0.0541168	-0.150303	0.29573
-0.208809	-0.153981	-0.338188	0.718293	-0.38723	0.0115379	-0.0379878	0.301795	-0.244609	0.339187
-0.30899	-0.244153	-0.39683	0.717596	-0.283829	0.17811	-0.0541343	0.370511	-0.207537	0.22926
-0.437063	-0.503747	-0.3374	0.682528	-0.128469	0.198913	-0.0503332	0.228181	0.0807942	0.266598
-0.451423	-0.420125	-0.33841	0.561773	-0.286759	0.320363	-0.0492454	0.449301	0.0818423	0.132684
-0.561661	-0.272251	-0.219869	0.671725	-0.455631	0.313949	-0.0462914	0.373083	-0.067192	0.264138
-0.509635	-0.331847	-0.136104	0.541022	-0.234235	0.322156	-0.101393	0.272443	-0.039961	0.217559
-0.478696	-0.366599	-0.00647631	0.330878	-0.225374	0.122843	-0.0978127	0.20697	0.153794	0.360476
-0.428347	-0.38919	0.0505798	0.167248	-0.261908	0.353231	-0.101759	0.236012	0.281625	0.0925107
-0.297202	-0.384765	0.0080126	0.23146	-0.401239	0.291885	-0.0846668	0.154926	0.273203	0.208387
-0.333308	-0.239476	-0.0553967	0.167905	-0.424722	0.278482	-0.0564655	0.124986	0.28864	0.249359
-0.28485	-0.119922	-0.208996	0.0957018	-0.345315	0.179121	-0.0479533	0.24519	0.183356	0.303671
-0.16366	-0.0936263	-0.25417	0.151203	-0.404363	0.165893	-0.0305479	0.0614786	0.110916	0.456881
-0.175593	-0.0359013	-0.173414	0.00385	-0.234699	0.118633	-0.0166868	-0.0960389	0.0360437	0.573809
-0.133923	-0.00789084	-0.143224	-0.0841283	-0.160651	0.19285	-0.00982244	-0.0768159	-0.0283796	0.451987
-0.0551177	-0.00493923	-0.125972	-0.0317395	-0.0718567	0.239096	-0.00665268	-0.0170082	-0.0391949	0.113385
-0.0133955	-0.000931197	-0.061225	-0.00588764	-0.0626615	0.166092	-0.00290365	-0.0625693	-0.0123602	0.0558422
-0.00277576	-1.16601e-05	-0.0066577	-0.000242793	-0.0399679	0.0909999	-0.00057986	-0.00567278	-0.00606551	-0.0290259
-4.86023e-07	-8.43931e-06	0.0174077	-0.00025439	-0.000961173	-1.28988e-05	-2.38463e-05	-0.00100998	-0.00348736	-0.0116491
-3.60749e-07	-1.00808e-05	0.0208181	-3.7072e-06	-0.000125758	-9.62356e-06	-2.69972e-05	-1.3832e-06	-0.00331181	-0.0173284
0.0	0.0	0.0	0.0	0.0	0.0	0.0	0.0	0.0	0.0
0.0	0.0	0.0	0.0	0.0	0.0	0.0	0.0	0.0	0.0
0.0	0.0	0.0	0.0	0.0	0.0	0.0	0.0	0.0	0.0
0.0	0.0	0.0	0.0	0.0	0.0	0.0	0.0	0.0	0.0
0.0	0.0	0.0	0.0	0.0	0.0	0.0	0.0	0.0	0.0
-0.000198947	-0.000936802	-0.000758075	0.00124335	0.00341166	-0.00281494	-3.93547e-05	-0.0542529	-0.011735	0.066081
-0.00369933	-0.00346091	-0.00294431	0.0216723	0.00142649	-0.00820787	-0.000270162	-0.123433	-0.0393275	0.158244
-0.0179288	-0.00675646	-0.0100134	0.0370879	-0.053311	-0.0310174	-0.00112268	-0.112603	-0.063678	0.259344
-0.0397119	-0.00986144	-0.0236186	0.0481853	-0.135193	-0.103014	-0.00197817	0.00554471	-0.0265112	0.28616
-0.0567736	-0.016196	-0.0299941	0.0224102	-0.229081	-0.133952	-0.00438509	0.103512	-0.013894	0.358354
-0.107762	-0.0286249	-0.0301091	0.00390078	-0.363839	-0.0900308	-0.00637703	0.192245	-0.0698427	0.500441
-0.0985048	-0.0842878	-0.0280052	0.0313085	-0.367506	-0.025194	-0.00720485	0.206423	-0.139044	0.512017
-0.0731839	-0.074574	-0.0703619	0.0372621	-0.439187	0.0966383	-0.00898354	0.176173	-0.0887104	0.444929
-0.0494649	-0.0948013	-0.0378495	0.00509115	-0.47025	0.0839168	-0.0106781	0.0664845	-0.0951556	0.602708
-0.0933689	-0.151443	-0.0650211	0.0177344	-0.52074	0.00146608	-0.014187	0.360371	-0.117846	0.583037
-0.129418	-0.123904	-0.050801	-0.0138628	-0.648569	-0.0295147	-0.0119441	0.424391	-0.169943	0.753566
-0.0995778	-0.0734276	-0.0668409	0.00211729	-0.559818	0.0870687	-0.0100969	0.509822	-0.205049	0.415805
-0.0705812	-0.0546577	-0.0865893	0.0942914	-0.500329	0.0111724	-0.00918863	0.313139	-0.139326	0.44207
-0.0950552	-0.0349656	-0.102704	0.076934	-0.448895	-0.0426099	-0.00877605	0.315325	-0.0705889	0.411339
-0.0610695	-0.0431684	-0.0657512	0.03977	-0.455465	-0.0780661	-0.00795655	0.293215	-0.0539591	0.432452
-0.0104949	-0.023235	-0.0237659	0.00815349	-0.364172	-0.00646568	-0.00484528	0.182747	-0.0697422	0.311821
-0.045438	-0.00838705	-0.0254727	-0.0157687	-0.183851	0.0448166	-0.00329932	-8.76306e-05	-0.0333455	0.270833
-0.0565371	-0.00425217	-0.0298923	-0.0105143	-0.0898279	0.0449105	-0.00225003	0.0020385	-0.0130425	0.159367
-0.0283065	-0.000707201	-0.0109176	0.000691648	-0.0470037	0.0210815	-0.000414408	0.0599916	-0.00311966	0.00870422
-0.00157857	-9.95964e-06	-6.45814e-05	-0.000232724	-0.00225861	0.000328132	-7.84555e-05	-0.0030427	-0.000277061	0.00721454
-4.92222e-06	-1.62118e-09	-5.67553e-07	-1.49218e-06	-0.00128956	-2.50805e-05	-1.49248e-06	-0.000130875	-1.17296e-05	0.00146573
-2.09553e-07	-1.79368e-08	-1.38557e-06	-2.52366e-07	-7.1435e-08	-9.42886e-08	-8.64337e-10	1.98977e-05	-6.77444e-07	-1.71879e-05
0.0	0.0	0.0	0.0	0.0	0.0	0.0	0.0	0.0	0.0
0.0	0.0	0.0	0.0	0.0	0.0	0.0	0.0	0.0	0.0
0.0	0.0	0.0	0.0	0.0	0.0	0.0	0.0	0.0	0.0
0.0	0.0	0.0	0.0	0.0	0.0	0.0	0.0	0.0	0.0
0.0	0.0	0.0	0.0	0.0	0.0	0.0	0.0	0.0	0.0
0.0	0.0	0.0	0.0	0.0	0.0	0.0	0.0	0.0	0.0
-3.16587e-06	-4.12782e-06	-2.15759e-06	-6.33922e-07	-1.23695e-06	-9.49742e-07	-7.3955e-08	0.000151277	-4.15049e-05	-9.74271e-05
-5.82991e-05	-1.07046e-05	-7.80224e-06	-2.48489e-06	-5.63708e-06	-1.69428e-05	-8.24923e-07	0.000642254	-0.000116345	-0.000423216
-8.67765e-05	-9.48907e-06	-3.07303e-05	-3.22379e-05	-0.0068482	-5.33271e-05	-2.55205e-06	-0.000498319	-0.000146103	0.00770773
-0.000171802	-2.24912e-05	-0.000113154	-8.80795e-05	-0.0391576	-0.000521147	-3.8874e-05	-0.00481138	-0.000233537	0.0451581
-0.00049556	-4.77714e-05	-0.00016933	-0.000190598	-0.0410754	-0.0011516	-7.11962e-05	0.00849915	-0.000389397	0.0350918
-0.00108482	-4.40156e-05	-0.000259543	-0.0012669	-0.0201485	-0.000846391	-2.88984e-05	0.00901709	-0.000841021	0.0155031
-0.00106973	-0.00396023	-0.0049569	-0.00696281	-0.0457	0.00309705	-6.40864e-05	0.0568409	-0.0134523	0.0162282
-0.00173752	-0.0013017	-0.00207693	-0.00399787	-0.0298416	0.00889556	-6.60656e-05	0.0177291	-0.00367669	0.0160737
-0.00378387	-0.00373554	-0.000924868	-0.00429873	-0.041516	0.00525465	-0.000401736	0.0290804	-0.0088115	0.0291373
-0.00650067	-0.00374419	-0.00112856	-0.00583188	-0.0332263	-0.00335479	-0.000415467	0.137191	-0.00735107	-0.075638
-0.00978668	-0.00192345	-0.000931324	-0.00808582	-0.101497	-0.0116427	-0.000825503	0.12338	-0.00645989	0.0177726
-0.00955841	-0.000503113	-0.00108042	-0.00655348	-0.0513381	-0.0085569	-0.000773685	0.121687	-0.0060251	-0.0372977
-0.00552835	-0.000324098	-0.000926509	-0.00780462	-0.0322281	-0.00630155	-0.000548424	0.10137	-0.00317791	-0.0445299
-0.00432041	-0.00489497	-0.00123702	-0.00584632	-0.029072	-0.00780519	-0.000518426	0.127337	-0.00318016	-0.0704626
-0.00446019	-0.0148702	-0.00077418	-0.00373924	-0.0383247	-0.00596286	-0.000343423	0.156077	-0.00370366	-0.0838982
-0.00223782	-0.000264448	-0.000493533	-0.00266318	-0.0308008	-0.00635714	-0.000199564	0.112353	-0.00245434	-0.0668825
-0.00422287	-8.88134e-05	-0.00510004	-0.00135755	-0.00615599	-0.0143148	-0.000189859	0.0402851	-0.00300748	-0.00584771
-0.0106828	-2.88519e-05	-0.00343805	-0.000419757	-0.00391705	-0.00618084	-8.12114e-05	0.0164996	-0.00154111	0.00979009
-0.0315047	-5.16108e-05	-0.011324	-0.000269829	-0.00885313	-0.00512428	-0.000201762	0.0471972	-0.00137007	0.0115022
-0.00719901	-3.31632e-06	-0.000120671	-2.76785e-05	-0.00198296	-0.00114919	-1.92716e-05	0.0162545	-0.000282302	-0.00547009
0.0	0.0	0.0	0.0	0.0	0.0	0.0	0.0	0.0	0.0
0.0	0.0	0.0	0.0	0.0	0.0	0.0	0.0	0.0	0.0
0.0	0.0	0.0	0.0	0.0	0.0	0.0	0.0	0.0	0.0
0.0	0.0	0.0	0.0	0.0	0.0	0.0	0.0	0.0	0.0
