0.0	0.0	0.0	0.0	0.0	0.0	0.0	0.0	0.0	0.0
0.0	0.0	0.0	0.0	0.0	0.0	0.0	0.0	0.0	0.0
0.0	0.0	0.0	0.0	0.0	0.0	0.0	0.0	0.0	0.0
0.0	0.0	0.0	0.0	0.0	0.0	0.0	0.0	0.0	0.0
0.0	0.0	0.0	0.0	0.0	0.0	0.0	0.0	0.0	0.0
0.0	0.0	0.0	0.0	0.0	0.0	0.0	0.0	0.0	0.0
0.0	0.0	0.0	0.0	0.0	0.0	0.0	0.0	0.0	0.0
0.0	0.0	0.0	0.0	0.0	0.0	0.0	0.0	0.0	0.0
0.0	0.0	0.0	0.0	0.0	0.0	0.0	0.0	0.0	0.0
0.0	0.0	0.0	0.0	0.0	0.0	0.0	0.0	0.0	0.0
0.0	0.0	0.0	0.0	0.0	0.0	0.0	0.0	0.0	0.0
0.0	0.0	0.0	0.0	0.0	0.0	0.0	0.0	0.0	0.0
-3.70611e-06	-6.42755e-06	-0.000664532	-6.35139e-05	-0.00449771	-9.25506e-05	0.00617395	-6.83779e-06	-0.000151256	-0.000687416
-2.229e-05	-1.52408e-05	-0.00108405	-0.000154219	-0.00998949	-0.000203415	0.0133826	-1.95807e-05	-0.000340885	-0.00155344
-1.5774e-05	-1.29827e-06	0.000412898	-1.6854e-05	-0.000156959	-8.46626e-07	-0.000151581	-5.12817e-06	-1.07794e-05	-5.36769e-05
-6.57249e-07	-5.40945e-08	1.72041e-05	-7.02251e-07	-6.53995e-06	-3.52761e-08	-6.31586e-06	-2.13674e-07	-4.49142e-07	-2.23654e-06
0.0	0.0	0.0	0.0	0.0	0.0	0.0	0.0	0.0	0.0
0.0	0.0	0.0	0.0	0.0	0.0	0.0	0.0	0.0	0.0
0.0	0.0	0.0	0.0	0.0	0.0	0.0	0.0	0.0	0.0
0.0	0.0	0.0	0.0	0.0	0.0	0.0	0.0	0.0	0.0
0.0	0.0	0.0	0.0	0.0	0.0	0.0	0.0	0.0	0.0
0.0	0.0	0.0	0.0	0.0	0.0	0.0	0.0	0.0	0.0
0.0	0.0	0.0	0.0	0.0	0.0	0.0	0.0	0.0	0.0
0.0	0.0	0.0	0.0	0.0	0.0	0.0	0.0	0.0	0.0
0.0	0.0	0.0	0.0	0.0	0.0	0.0	0.0	0.0	0.0
0.0	0.0	0.0	0.0	0.0	0.0	0.0	0.0	0.0	0.0
0.0	0.0	0.0	0.0	0.0	0.0	0.0	0.0	0.0	0.0
0.0	0.0	0.0	0.0	0.0	0.0	0.0	0.0	0.0	0.0
0.0	0.0	0.0	0.0	0.0	0.0	0.0	0.0	0.0	0.0
0.0	0.0	0.0	0.0	0.0	0.0	0.0	0.0	0.0	0.0
0.0	0.0	0.0	0.0	0.0	0.0	0.0	0.0	0.0	0.0
0.0	0.0	0.0	0.0	0.0	0.0	0.0	0.0	0.0	0.0
-5.14033e-09	-3.30049e-08	-1.08139e-05	-9.56579e-09	-4.97008e-05	-1.02924e-07	6.28842e-05	-7.90667e-08	-7.02503e-07	-1.43726e-06
-1.11973e-07	-9.73839e-08	-3.41511e-05	-4.22739e-08	-0.000418504	-3.10123e-07	0.000461046	-7.8086e-07	-2.08818e-06	-4.96023e-06
-1.97498e-05	-1.07678e-07	-0.000433003	-7.47051e-06	-0.0395916	-1.80595e-05	0.0402918	-5.91891e-05	-5.21687e-06	-0.000157341
-4.07048e-05	-6.88945e-05	-0.00104337	-1.77007e-05	-0.0877723	-3.35237e-05	0.0898832	-0.0004641	-5.85831e-05	-0.000384115
-6.07666e-05	-0.0033111	-0.00246884	-0.000177848	-0.0902947	-0.000101556	0.100721	-0.00264429	-0.000841456	-0.000820799
-0.00018818	-0.00271179	-0.00454805	-0.000191457	-0.0378139	-0.000178157	0.0485603	-0.00142477	-0.00088824	-0.000615764
-0.00237459	-0.00164807	-0.0071255	-0.000201749	-0.0484334	-0.000754575	0.0646157	-0.000908072	-0.000866594	-0.00230314
0.0248016	-0.000741226	-0.0242741	-0.00036563	-0.0850378	-0.000892064	0.105598	-0.00714756	-0.00146776	-0.0104733
0.0531141	-0.000693246	-0.0283455	-0.00133492	-0.162133	-0.00662834	0.185929	-0.0194898	-0.00148493	-0.0189335
0.0222809	-0.00050561	-0.0182936	-0.000837106	-0.0791792	-0.00617707	0.0979775	-0.00528246	-0.00185574	-0.00812754
-0.00109096	0.0199013	0.000778146	-0.00633146	-0.0197389	-0.00285515	0.0156077	-0.000363926	-0.00336131	-0.0025454
0.0198135	0.0297638	0.0252476	-0.00825887	-0.0967125	-0.00354368	0.0478468	-0.000923585	-0.00265101	-0.0105821
0.0569664	-0.00836145	0.0731456	-0.00245367	-0.105941	-0.00375187	0.0206991	-0.00191224	-0.00345708	-0.0249332
0.0266771	-0.00439555	0.0130673	-0.00084612	-0.0431104	-0.0023241	0.0291909	-0.000874235	-0.00305293	-0.0143319
-0.00138549	-0.000282332	-0.0212982	-0.000201882	-0.0168795	-0.00326681	0.0471791	-0.000153758	-0.00167666	-0.00203453
-0.000713265	-7.32878e-05	-0.0156943	-0.000128171	-0.0307267	-0.003019	0.0533398	-0.000205895	-0.00126124	-0.00151795
-0.000316078	-9.60085e-05	-0.0065748	-0.000126845	-0.0243919	-0.00145876	0.0351144	-0.000100487	-0.00076282	-0.00128667
-0.000130395	-0.000227539	-0.00350979	-6.53494e-05	-0.0238868	-0.000274327	0.0294516	-8.92939e-06	-0.0009036	-0.00044484
-1.76673e-05	-1.97048e-05	-0.000384441	-5.26288e-06	-0.0329476	-1.39043e-05	0.0337884	-2.29528e-05	-0.000127673	-0.000249176
-2.30179e-06	-1.46632e-06	-0.00017468	-6.92523e-07	-0.0124537	-1.30554e-05	0.0128629	-3.17108e-05	-5.31432e-05	-0.000132115
0.0	0.0	0.0	0.0	0.0	0.0	0.0	0.0	0.0	0.0
0.0	0.0	0.0	0.0	0.0	0.0	0.0	0.0	0.0	0.0
0.0	0.0	0.0	0.0	0.0	0.0	0.0	0.0	0.0	0.0
0.0	0.0	0.0	0.0	0.0	0.0	0.0	0.0	0.0	0.0
0.0	0.0	0.0	0.0	0.0	0.0	0.0	0.0	0.0	0.0
0.0	0.0	0.0	0.0	0.0	0.0	0.0	0.0	0.0	0.0
-3.87467e-08	-6.05793e-10	-5.695e-07	-2.50077e-09	-5.56651e-06	-8.8998e-07	8.72469e-06	-8.42481e-12	-1.25243e-06	-4.046e-07
0.00304956	-4.57126e-10	-2.45289e-05	-9.38455e-07	-0.00286563	-0.000108186	0.000351148	-0.00019388	-8.42954e-06	-0.000199111
0.00115723	-1.92427e-06	-0.000723011	-1.15638e-06	-0.00134964	-1.42061e-05	0.00111198	-6.82473e-05	-3.26309e-05	-7.83999e-05
-0.000374047	-8.7232e-06	6.15153e-05	-0.000286478	-0.00114093	-5.95447e-06	0.00178935	-3.05596e-06	-2.23773e-05	-9.30173e-06
-0.0213367	-4.93911e-05	-0.00117623	-0.00157877	-0.0395262	-5.27722e-05	0.0645077	-0.000439506	-0.000168702	-0.000179438
-0.025624	-0.0018895	-0.00609489	-0.0030384	-0.131118	-0.000900262	0.172174	-0.00178596	-0.000877704	-0.000845987
-0.020216	-0.0291578	0.0224857	-0.0114853	-0.166975	-0.00376029	0.218122	-0.00446544	-0.00284582	-0.0017013
-0.0235095	-0.0568086	0.10392	-0.0195398	-0.139723	-0.014147	0.169888	-0.00610224	-0.0102766	-0.00369995
-0.0223373	-0.0424184	0.0650519	-0.00623139	-0.244463	-0.0463151	0.344879	-0.013911	-0.0208302	-0.0134232
-0.0387494	-0.0526726	0.117696	0.0332623	-0.265703	-0.0925016	0.392571	-0.0320818	-0.0384663	-0.0233536
-0.0399803	0.0111198	0.0653322	0.0423358	-0.354466	-0.0953913	0.484414	-0.0317945	-0.0448472	-0.0367202
-0.0631569	0.14467	0.0124488	0.000249569	-0.253794	-0.101305	0.371271	-0.0151083	-0.0608966	-0.034376
-0.113341	0.133726	0.0630462	-0.00588782	-0.155263	-0.112682	0.298605	-0.0185137	-0.0593024	-0.0303858
-0.133692	0.263805	0.14012	-0.0545266	-0.217465	-0.0727357	0.19759	-0.0227502	-0.0663455	-0.0339976
-0.105834	0.174329	0.125738	-0.0433766	-0.264429	-0.00143012	0.243407	-0.0119853	-0.0731877	-0.0432293
-0.0907511	0.0488996	0.00810215	-0.0421574	-0.131084	0.0655073	0.229687	-0.00774326	-0.0517396	-0.0287187
-0.0584865	-0.00964081	-0.0228694	-0.0625154	-0.10592	0.0639415	0.226904	-0.00402151	-0.00775387	-0.0196383
-0.0424474	0.0229961	-0.085091	-0.0309701	-0.07114	0.0105365	0.254943	-0.00219883	-0.0424387	-0.0141882
-0.0296296	-0.00781672	-0.0319349	-0.0105012	-0.0556272	-0.0508903	0.208889	-0.0011301	-0.0155833	-0.00577533
-0.0153063	-0.00922423	-0.0330119	-0.0112597	-0.0498216	-0.0593575	0.20177	-0.000877245	-0.0150399	-0.00787166
-0.00779979	-0.0035243	-0.0361391	-0.00812936	-0.0500446	-0.0333102	0.153759	-0.000618823	-0.0104875	-0.0037058
-0.00391973	-0.00184195	-0.00805064	-0.00205957	-0.0317277	-0.0273043	0.0793644	-7.67729e-05	-0.00401533	-0.00036839
-0.000604955	-0.000562461	0.0348526	-0.000186991	-0.00351697	-0.0102447	-0.0176513	-3.12756e-05	-0.00201833	-3.5592e-05
-8.93859e-06	-2.51299e-05	0.0246302	-9.9519e-07	-0.000453184	-0.000956581	-0.022445	-2.6838e-08	-0.000738793	-1.5783e-06
0.0	0.0	0.0	0.0	0.0	0.0	0.0	0.0	0.0	0.0
0.0	0.0	0.0	0.0	0.0	0.0	0.0	0.0	0.0	0.0
0.0	0.0	0.0	0.0	0.0	0.0	0.0	0.0	0.0	0.0
0.0	0.0	0.0	0.0	0.0	0.0	0.0	0.0	0.0	0.0
-8.67015e-08	0.000772547	-0.000105967	-3.8389e-05	-1.2284e-05	-8.05047e-06	-0.000423565	-1.0316e-08	-0.000183178	-1.01752e-06
0.00694624	0.000183818	-0.000202905	-3.21996e-05	-0.00930467	4.22052e-05	0.00406576	-0.000567959	-0.000447138	-0.000683144
-0.00769403	-7.57049e-05	-0.003897	-0.00386683	-0.00406054	0.0124114	0.0086948	-0.00101737	-0.000230065	-0.000264669
-0.0626497	-0.00360464	-0.0037715	0.103553	-0.00600929	-0.0463282	0.0255983	-0.00186917	-0.00400181	-0.00091692
-0.0870745	-0.00272342	0.00101301	0.0802555	-0.0721185	-0.0301105	0.122836	-0.00275436	-0.00788966	-0.00143364
-0.0965178	-0.0234153	0.0514492	0.118699	-0.128207	-0.0445238	0.163913	-0.0137913	-0.024187	-0.00341849
-0.0206761	-0.0680908	0.14798	0.143986	-0.254435	-0.0563586	0.193691	-0.0431507	-0.0319129	-0.0110311
-0.0569706	-0.103144	0.402385	0.0637474	-0.342958	-0.0841334	0.227223	-0.0513166	-0.0278068	-0.0270218
-0.0358918	-0.172836	0.355683	0.163883	-0.34374	-0.0623467	0.281457	-0.0938035	-0.0434421	-0.0489581
0.0250679	-0.273577	0.420748	0.38025	-0.411245	-0.138311	0.315281	-0.14332	-0.100217	-0.0746739
0.0091387	-0.131765	0.391019	0.45765	-0.597319	-0.0668426	0.258467	-0.110542	-0.109084	-0.100718
0.138025	-0.0658297	0.50075	0.272095	-0.702886	-0.0907153	0.292967	-0.105535	-0.0963303	-0.142538
0.124682	-0.112906	0.306346	0.492971	-0.508082	-0.0593343	0.23303	-0.107455	-0.195928	-0.173324
0.0631209	0.0537782	0.218492	0.393824	-0.482993	0.0521016	0.184194	-0.100967	-0.178911	-0.202641
0.0679164	0.133385	0.296853	0.289431	-0.419271	-0.0396658	0.0472551	-0.0779345	-0.127929	-0.17004
-0.0268723	-0.0659005	0.176782	0.258002	-0.274018	0.0872242	0.0381103	-0.0531884	-0.03139	-0.108749
-0.1647	-0.206979	-0.117208	0.314951	-0.209483	0.227699	0.176909	-0.0447932	0.0575534	-0.033948
-0.18598	-0.141377	-0.151062	0.273534	-0.049879	0.215081	0.223774	-0.0254482	-0.114864	-0.0437778
-0.116408	-0.163289	-0.227778	0.294189	0.0107746	0.267154	0.0709084	-0.0229372	-0.0750774	-0.0375331
-0.134299	-0.140621	-0.169178	-0.0489396	0.0117499	0.248981	0.224018	-0.0125278	0.0416628	-0.0208443
-0.10072	-0.104263	-0.153753	-0.130318	0.0237782	0.11737	0.28504	-0.00361481	0.0725724	-0.00609132
-0.0491352	-0.073141	-0.124855	-0.0771845	0.0219797	-0.0475134	0.280751	-0.00118917	0.0727166	-0.00242798
-0.0194087	-0.0606156	-0.0133351	-0.0238475	-0.0108544	-0.0253572	0.145228	-0.000462214	0.00924356	-0.000590878
-0.00318252	-0.0177439	0.0195562	-0.00036082	-0.000522759	0.0470231	-0.0471545	-5.50294e-06	0.00242861	-3.78741e-05
-0.00129776	-0.0239991	-0.000424939	-2.10669e-05	-0.000194838	0.00870168	0.0199471	-1.66822e-07	-0.002708	-2.89115e-06
0.0	0.0	0.0	0.0	0.0	0.0	0.0	0.0	0.0	0.0
0.0	0.0	0.0	0.0	0.0	0.0	0.0	0.0	0.0	0.0
-2.44284e-08	-1.91744e-08	-1.80098e-05	2.88887e-05	-1.55365e-07	-9.61572e-06	-2.48828e-08	-1.40129e-08	-1.01181e-06	-1.36948e-08
-3.23216e-05	0.0026445	-0.000877869	0.00121752	-4.17445e-06	-0.00113744	-0.00153808	-6.10978e-08	-0.000270006	-2.06796e-06
-0.000369969	0.000305865	-0.00703822	0.0188455	-0.00124719	-0.00686299	-0.003045	0.000510368	-0.000898635	-0.000199752
-0.00980596	0.00652468	-0.0456166	0.0611199	0.0180803	-0.0412989	0.0194476	-0.00246291	-0.00539187	-0.00059611
-0.0919858	0.0457982	0.00939953	0.258664	0.0208231	-0.183809	0.0106171	-0.0271842	-0.0352493	-0.00707243
-0.0983779	0.0341758	0.146317	0.287154	-0.0532957	-0.208569	-0.00345208	-0.0329618	-0.0613352	-0.00965342
-0.0273705	-0.0280549	0.104455	0.322805	-0.0750974	-0.159455	0.0200345	-0.0668554	-0.0619423	-0.0285171
0.00821925	-0.0422928	0.188713	0.445303	-0.230662	-0.332687	0.123253	-0.107341	0.0156657	-0.0681672
0.090331	-0.0721921	0.390354	0.384256	-0.31545	-0.280323	0.00732115	-0.190528	0.12787	-0.141635
0.0767396	-0.109586	0.348303	0.469112	-0.448524	-0.0722565	0.0253109	-0.282787	0.169607	-0.175917
0.167433	-0.274482	0.401161	0.529957	-0.430272	0.102814	-0.105142	-0.324374	0.194843	-0.261936
-0.000675698	-0.129641	0.366805	0.418464	-0.34333	0.0211687	-0.107374	-0.292291	0.407775	-0.340899
0.0567369	0.189053	0.208775	0.453603	-0.185364	-0.234863	-0.0431577	-0.298133	0.171194	-0.317846
-0.0474875	0.177975	0.320129	0.323251	-0.33071	-0.0217343	-0.0594595	-0.3518	0.403326	-0.413492
0.0771805	0.000441891	0.163003	0.33378	-0.418712	0.345155	-0.12346	-0.333124	0.407094	-0.451357
-0.0898334	0.0644928	0.148354	0.4062	-0.190778	0.130846	0.035885	-0.316903	0.295425	-0.483687
0.0625574	-0.0573425	0.0973942	0.177399	-0.0990244	0.152354	0.107943	-0.273961	0.165302	-0.332621
-0.0440042	-0.205576	0.0258243	0.339202	-0.0968384	0.346561	-0.00134343	-0.221258	0.114816	-0.257384
-0.10518	0.102545	-0.14656	0.125835	0.154955	0.138089	0.0479138	-0.145169	0.0906843	-0.263113
-0.0919747	0.0921617	-0.138198	0.0122058	0.260975	-0.199535	0.122987	-0.106635	0.217776	-0.169764
-0.112252	0.0288441	-0.322201	-0.119882	0.253723	0.216939	0.216437	-0.0339949	0.0460075	-0.17362
-0.0897529	-0.0664321	-0.387175	-0.0885776	0.291188	0.123025	0.318949	-0.0442804	0.0389865	-0.0959264
-0.155163	-0.109298	-0.319028	-0.241043	0.287696	0.325684	0.281826	-0.0209357	-0.0153818	-0.0343536
-0.168391	-0.232527	-0.158585	-0.0391967	0.174809	0.39568	-0.0508463	-0.00589592	0.0944813	-0.00952513
-0.046531	-0.116664	-0.00877019	-0.0040164	0.00316219	0.143941	-0.0517777	-0.00129261	0.0846526	-0.00270306
-0.00486581	-0.0141995	-0.00493856	-0.000105991	-0.0198674	0.0195344	-0.00627332	-0.00032445	0.0322675	-0.00122682
-9.73836e-05	-0.00757406	-0.00437007	-2.52643e-05	-0.00347673	-0.00354407	0.0153367	-1.98129e-05	0.00391834	-0.000147645
0.0	0.0	0.0	0.0	0.0	0.0	0.0	0.0	0.0	0.0
0.0	0.0	0.0	0.0	0.0	0.0	0.0	0.0	0.0	0.0
-0.000296892	0.000292308	0.000387296	0.00220034	-8.4476e-05	-0.00229296	9.02427e-05	-6.86784e-06	-0.000286433	-2.5552e-06
-0.00377337	0.00752135	-0.00528475	0.0910584	0.00152688	-0.0414751	-0.0334585	-0.00137383	-0.0111375	-0.00360349
-0.0275246	0.0169013	0.00562217	0.198586	0.0160409	-0.166279	0.0244268	-0.0175271	-0.0384052	-0.0118403
-0.125377	0.115864	0.00936114	0.408791	0.0500471	-0.241028	-0.152936	0.0977765	-0.123993	-0.0385015
-0.0286309	0.0533551	0.0433571	0.410812	-0.00117179	-0.306041	-0.103063	0.121976	-0.102272	-0.0883181
-0.0268218	-0.129905	0.130609	0.296306	-0.0359788	-0.121467	-0.109091	0.120882	0.00590247	-0.130435
0.0328341	-0.310577	0.229402	0.163475	-0.0545663	-0.165516	0.0823382	0.171963	0.0178295	-0.16718
0.0449488	-0.346154	0.123258	0.174458	-0.013596	0.0556403	-0.0293738	0.0949179	0.126494	-0.230595
0.228088	-0.22552	0.202209	0.137245	-0.192597	0.161014	0.0294914	-0.119337	-0.109882	-0.110711
0.151882	-0.306607	0.270387	0.155528	-0.134059	0.0954573	-0.45097	-0.202809	0.242613	0.178576
-0.0109736	-0.206487	0.188512	0.0969567	-0.0818223	0.00249986	-0.284283	-0.103386	0.264996	0.133988
0.197201	-0.0114291	0.137291	0.111338	-0.29646	-0.0640592	-0.325737	-0.134013	0.160425	0.225441
0.224057	0.027575	0.100583	0.0451425	-0.046386	-0.13537	-0.019775	-0.317844	0.262601	-0.140584
0.158046	0.193446	0.15503	0.205387	-0.0592657	-0.125224	-0.205971	-0.406608	0.115949	-0.0307882
0.110892	-0.128712	0.312698	0.359632	0.0329271	0.0860595	-0.18469	-0.346329	0.169969	-0.412446
0.324269	-0.211991	0.174937	-0.0349806	-0.0772466	0.16505	-0.0263148	-0.398028	0.396589	-0.312281
0.348829	-0.00601969	0.123046	0.0413902	0.0886045	0.120963	0.121882	-0.41537	-0.162467	-0.26086
0.0658331	0.0246269	-0.0129061	0.161311	0.173509	0.00140648	0.196404	-0.513531	0.116282	-0.212938
-0.100167	0.140472	0.0420429	0.00298155	0.067603	0.267436	0.0933865	-0.490866	0.205495	-0.228384
0.0129891	0.310638	0.0281762	-0.136867	0.0648875	0.102518	0.12309	-0.296832	0.060521	-0.269122
0.0169889	0.269747	-0.144984	-0.107945	0.237747	0.266115	0.0456319	-0.20577	-0.0522653	-0.325262
-0.211851	0.123757	-0.290374	-0.260928	0.428019	0.362096	0.295046	-0.105848	-0.134934	-0.204983
-0.264072	-0.0102116	-0.244103	-0.0892132	0.106139	0.442083	0.103663	-0.0316359	0.0717763	-0.0844244
-0.113173	-0.148687	-0.0553652	-0.0213911	-0.0518783	0.294235	-0.0561864	-0.00988036	0.189931	-0.0276045
-0.0330376	-0.0291804	-0.017973	-0.00190062	-0.0309434	0.0698242	0.0327423	-0.00405891	0.0184161	-0.00388861
-0.0120661	-0.00977583	-0.00641875	-0.000100562	-0.000349052	0.00829878	0.0229199	-0.000135002	-0.00233859	-3.47568e-05
0.0	0.0	0.0	0.0	0.0	0.0	0.0	0.0	0.0	0.0
-4.18786e-06	-1.41791e-06	-4.47798e-05	0.000519206	-1.38125e-06	-4.68643e-05	-2.45247e-07	-1.01173e-05	-4.63338e-05	-0.000363878
-0.00118855	-0.019161	-0.00738056	0.00651149	-0.00268591	0.00360846	-0.00140868	0.029058	-0.00387248	-0.00348073
-0.00331624	0.0036703	0.00551164	0.133988	-0.0346019	-0.131179	-0.037671	0.12624	-0.0367636	-0.0258779
-0.0423622	0.0118581	0.0985053	0.184143	0.0254052	-0.208848	0.0195901	0.0844706	-0.0880537	-0.0847064
-0.0274356	-0.0275359	0.0873298	0.241116	0.171221	-0.170604	-0.117006	0.190487	-0.103146	-0.244423
0.0171598	-0.0986561	0.179688	0.259914	0.120465	-0.112715	-0.246032	0.303866	-0.158843	-0.264844
0.0230411	-0.238336	0.152527	0.0714122	0.0740753	0.0340662	-0.0620953	0.305577	-0.0606868	-0.299581
-0.0393928	-0.358835	0.0823526	0.203172	-0.0375308	-0.00428854	-0.0579659	0.345179	0.0508485	-0.183539
-0.237204	-0.445197	0.266206	0.316327	0.0672379	-0.0845885	-0.173609	0.198872	0.0806192	0.0113366
0.012271	-0.192918	0.256637	0.34761	-0.155491	-0.0492183	-0.352589	0.273201	-0.121385	-0.0181176
-0.0168551	-0.052932	-0.0274799	0.166654	-0.275541	-0.0774168	-0.298727	0.39871	-0.00165619	0.185244
-0.165875	-0.209813	0.0434593	0.0282517	-0.181089	-0.0177471	-0.179096	0.259808	0.303273	0.11883
0.262621	-0.255382	0.0308198	0.363024	-0.34471	-0.0750374	-0.372637	-0.046663	0.0579452	0.380022
0.204356	-0.186963	0.0134984	0.145038	-0.413946	0.153326	-0.258069	-0.0436703	0.0344272	0.352003
-0.00360092	-0.283408	0.092222	0.127654	-0.452541	-0.0449648	-0.116458	0.0750361	0.364199	0.241863
0.0724494	-0.243541	0.164889	0.234509	-0.380925	-0.119902	-0.237831	0.0334605	0.102803	0.374087
0.17621	-0.34873	-0.0233161	-0.00848908	-0.206162	-0.00550465	-0.184628	0.111193	0.180364	0.309062
0.310953	-0.10313	-0.0500231	0.292084	-0.37281	0.0652199	-0.346417	0.0343228	-0.142695	0.312497
0.0513693	-0.207156	-0.116723	-0.108466	-0.0771017	0.264559	-0.165783	-0.0625498	0.356573	0.0652783
0.0929727	0.0562596	-0.157154	0.070351	-0.197409	0.161829	-0.0582467	-0.109199	0.0641627	0.0764343
0.306559	0.091921	-0.0779834	0.0542094	-0.0884384	-0.0438715	-0.0723128	-0.0342442	-0.0473398	-0.0884986
0.349398	0.109288	-0.189207	-0.112242	0.229189	0.17979	-0.0531608	-0.150236	-0.0788132	-0.284004
-0.0173053	0.109699	-0.443441	-0.183129	0.474515	0.280087	0.0628175	-0.212022	0.219422	-0.290646
-0.386473	0.00607082	-0.260442	-0.080277	0.120379	0.724435	0.0480471	-0.0931914	0.112216	-0.190764
-0.274764	-0.11332	-0.0654689	-0.0470744	-0.0297212	0.439495	-0.0375183	-0.0409226	0.231718	-0.062421
-0.124717	-0.014946	-0.0108265	-0.00506268	0.0474846	0.158114	-0.0435013	-0.0124989	0.0284193	-0.022465
-0.0335038	-0.000317195	-0.000522783	-0.000385471	-0.00156854	0.0461398	-0.00241696	-0.000690804	-0.00599923	-0.00073503
0.0	0.0	0.0	0.0	0.0	0.0	0.0	0.0	0.0	0.0
-0.000291056	-0.00158151	-0.00160516	0.0147778	-0.000861299	-0.00174821	-8.40364e-05	0.00565971	-0.00388134	-0.0103849
-0.000663063	-0.0301057	0.024339	-0.019318	-0.00404909	-0.0165905	-0.00605248	0.0739619	-0.0070791	-0.0144428
-0.00545752	-0.013937	0.0488879	0.0668737	-0.0145359	-0.146159	-0.0455642	0.23314	-0.0383134	-0.0849331
-0.074478	-0.00394702	0.262832	0.321305	0.0891207	-0.451966	0.0120279	0.116869	-0.0418619	-0.229896
-0.0140855	-0.131858	0.183974	0.434365	0.276417	-0.294407	-0.093122	0.0809348	-0.0221492	-0.420063
0.0561089	-0.233026	0.335035	0.161615	0.13224	-0.0566855	-0.302616	0.289867	-0.0808634	-0.301674
-0.032063	-0.266544	-0.0369289	0.0784412	0.138723	0.13085	-0.0164692	0.282749	0.0230924	-0.30185
-0.208544	-0.489796	0.172162	0.10424	-0.00627307	0.206492	-0.0729226	0.145861	0.183163	-0.0343813
0.0330603	-0.328176	0.00261326	0.078091	0.0174761	0.0429906	-0.15851	0.262211	-0.0275519	0.0777956
0.046017	-0.118142	-0.11061	-0.0249019	-0.189714	0.245204	-0.243431	0.344717	0.0824	-0.0315366
0.103124	-0.217232	0.0632196	-0.000772302	-0.135128	0.141402	-0.0954482	0.26129	-0.183055	0.0625999
0.0228531	-0.0620164	-0.0611894	0.145954	-0.439999	0.0413122	-0.155417	0.235947	-0.122782	0.395337
0.178663	-0.208908	0.281547	-0.0193131	-0.306088	-0.206576	-0.303421	0.171875	-0.0546081	0.466834
0.0912121	-0.11548	0.089961	0.277089	-0.381191	0.172189	-0.118143	-0.0641272	-0.360334	0.408826
-0.0296844	-0.423482	-0.0520652	0.236405	-0.326449	-0.214818	-0.120982	0.131414	0.288565	0.511098
-0.000199259	-0.235604	0.0555423	0.0140348	-0.400283	0.106309	-0.344846	0.219956	0.0563122	0.528778
0.250943	-0.223809	-0.252679	0.165126	-0.106305	0.0543921	-0.244041	0.273262	-0.179218	0.262331
0.276119	-0.295578	-0.076136	-0.107425	-0.261965	0.0568947	-0.329714	0.378831	0.19033	0.168642
0.139738	-0.0791302	-0.0963178	0.103006	-0.075841	0.078312	-0.306485	0.185941	-0.0698055	0.120581
-0.028754	0.0613853	-0.194982	0.0424233	-0.098398	0.101988	-0.277323	0.293068	-0.0659582	0.16655
0.0107147	-0.0556142	0.00448391	-0.225566	-0.086602	0.203311	-0.194045	0.153039	0.153679	0.0366003
0.0920987	-0.0639536	0.133522	-0.214821	0.173642	0.210061	-0.286463	0.111244	0.0166291	-0.171959
0.199609	-0.105603	-0.515731	-0.263117	0.391112	0.334727	-0.17677	0.00298864	0.366996	-0.234212
-0.153089	-0.31208	-0.386135	-0.199084	0.161906	0.691452	0.0568783	-0.058635	0.433233	-0.234441
-0.310733	-0.187703	-0.085383	-0.0614226	0.00786182	0.757114	-0.0995937	-0.0638332	0.146155	-0.102462
-0.142139	-0.00760491	-0.0154068	-0.00432757	0.0678495	0.152358	-0.0399948	-0.012402	0.040567	-0.0388999
-0.00993228	-0.00375201	-0.00108772	-0.000306242	-0.00221496	0.0227885	-0.00884253	-0.000485625	0.00484375	-0.00101085
0.0134017	-2.7323e-07	-0.000234804	-7.55072e-07	-0.000462738	-5.31044e-06	-7.47626e-06	-0.00845485	-2.1056e-05	-0.00421446
-0.000331512	-0.00133843	0.00132359	-0.00700652	-0.012966	-0.0014452	-0.000257029	0.0621263	-0.00415577	-0.0359493
0.00161831	-0.0186745	0.01009	-0.017993	0.0115177	-0.0201477	-0.00572303	0.119267	-0.0104017	-0.0695529
0.00614356	-0.0034945	0.0352357	0.0796118	-0.00280222	-0.156024	-0.0394814	0.323868	-0.00980422	-0.233251
-0.10822	-0.028389	0.295472	0.36574	0.0503242	-0.595528	0.00996145	0.298892	0.0310957	-0.31934
-0.0650501	-0.086848	0.0981827	0.208329	0.214555	-0.324897	-0.148527	0.269722	0.126423	-0.291885
-0.0480217	-0.217202	0.0438454	0.0357627	0.056073	-0.0828285	-0.264918	0.272616	0.234359	-0.0296843
-0.0979274	-0.197665	0.024919	0.0646498	0.0786381	-0.180249	-0.174965	0.52562	0.22997	-0.272992
-0.0345632	-0.434312	0.0770289	-0.0375588	-0.12213	0.10911	-0.164396	0.293362	0.0268026	0.286657
0.223539	-0.45873	-0.0435289	-0.0578915	0.127882	0.059962	-0.136315	0.167581	0.173911	-0.0564066
0.0203376	-0.239006	0.248863	0.0891239	-0.161777	0.127431	-0.202587	0.0623069	0.0893417	-0.0340324
-0.023151	-0.268104	0.0785811	0.0331847	-0.00811167	0.131253	-0.15581	0.329922	-0.0189213	-0.0988414
0.200116	-0.0540987	-0.0897818	0.0994567	-0.219137	-0.0463289	-0.189998	0.391547	0.229319	-0.321091
0.0177989	0.0373534	-0.0674436	0.0753032	-0.263775	-0.0885865	-0.22861	0.0401872	0.300979	0.176795
0.2261	-0.0183171	0.0231883	0.211621	-0.401934	-0.0951045	-0.418039	0.252365	-0.206423	0.426545
0.279975	-0.00642283	-0.000575656	0.160337	-0.276773	-0.208959	-0.498819	0.3494	-0.0386397	0.24048
0.538153	-0.27972	-0.0745283	0.0588524	-0.468453	-0.022039	-0.446142	0.291139	0.192561	0.21018
0.267983	0.111324	-0.0362761	0.106074	-0.225904	-0.00840824	-0.379806	0.205339	-0.0344505	-0.0058732
0.115178	-0.187943	-0.238577	0.339072	-0.0234107	-0.0739571	-0.625868	0.445836	0.127668	0.122001
0.0540612	-0.103934	0.174173	0.121926	-0.109399	0.122218	-0.528775	0.123552	0.163522	-0.0173426
0.195551	-0.244967	0.0390315	0.106404	-0.0791987	0.292574	-0.376768	0.20961	0.0484143	-0.190651
0.0775153	-0.251014	-0.100542	0.057659	-0.0525639	0.18808	-0.276828	-0.0425306	0.164871	0.235352
0.203981	-0.257489	-0.055966	0.290204	-0.136348	0.0424441	-0.433935	0.216352	0.128848	0.00190681
0.424693	-0.445781	-0.0699237	-0.482937	0.154612	0.639468	-0.460234	0.107652	0.326667	-0.194215
0.0675341	-0.473166	-0.432098	-0.391524	0.101347	1.09987	-0.294253	-0.11214	0.614206	-0.17977
-0.315814	-0.212763	-0.152344	-0.0846502	0.0883331	0.857987	-0.203958	-0.108208	0.255852	-0.124431
-0.120306	-0.016577	-0.0220676	-0.00599634	-0.0505552	0.240006	-0.109309	-0.0176187	0.140021	-0.0375956
-0.00712738	-0.00280534	-0.00223275	-9.29883e-05	-0.0020192	0.00953896	-0.0103099	-0.00406424	0.0207685	-0.00165556
-3.89954e-06	-2.45326e-05	-1.04498e-05	-0.000148169	-0.000645087	-7.25397e-05	-3.15104e-06	0.00239715	-2.43136e-05	-0.00146501
-0.000471194	-8.06085e-05	-0.00103122	-0.00576095	-0.0132697	-0.00147702	-0.000136203	0.0731402	-0.00297274	-0.0479405
0.00632472	-0.0121633	-0.0211022	0.0344444	0.00297083	-0.00959047	-0.00918633	0.133694	-0.0244248	-0.100967
0.024315	-0.0084072	0.0596074	0.168631	-0.125067	-0.173698	-0.0508022	0.381945	-0.0353617	-0.241158
-0.070443	-0.0824113	0.208609	0.500367	-0.187624	-0.474077	0.0281164	0.403557	0.0428198	-0.368908
-0.0489635	-0.225466	0.361495	0.15468	-0.0327179	-0.315913	-0.236538	0.272462	0.124078	-0.0531139
-0.117843	-0.239391	-0.0258388	0.090408	-0.0858022	-0.0890232	-0.249857	0.23199	0.244605	0.240753
-0.146353	-0.153176	-0.0823262	0.190054	-0.0702065	-0.0284528	-0.0610185	0.190818	0.148345	0.0123151
-0.105232	-0.259726	-0.0885887	0.145907	-0.0169442	0.114595	-0.143142	0.13622	0.123718	0.0931929
0.0713795	-0.39428	0.102864	0.0575459	0.0045049	-0.0483138	-0.192289	0.214888	0.192344	-0.00864247
0.163367	-0.205944	0.221804	-0.110377	-0.253886	0.191653	-0.309125	-0.0231797	0.0742751	0.251413
-0.0607715	-0.0993321	-0.0108064	-0.341654	-0.0654644	0.3373	-0.132126	0.177341	0.103037	0.0924772
0.010326	-0.111367	0.0343728	-0.206559	-0.128534	0.209344	-0.219732	0.464739	-0.103491	0.050904
0.285521	0.0621992	0.0334614	-0.120736	-0.128161	-0.0539707	-0.446932	0.268137	0.0326787	0.0678038
-0.00931569	0.186857	0.119425	0.278729	-0.637875	-0.220338	-0.242035	0.549729	-0.232904	0.207731
-0.212833	0.497998	0.256491	0.412539	-0.371572	-0.396932	-0.450815	0.365586	-0.44796	0.347505
0.162521	0.174055	0.255786	0.261658	-0.0531386	-0.385496	-0.576335	0.284367	-0.0805772	-0.0428386
0.316653	0.0269947	-0.0615823	0.137675	-0.125784	-0.150033	-0.725206	0.530194	0.0738508	-0.0227605
0.256272	-0.127289	0.0204846	0.069342	0.0683272	-0.0276034	-0.636656	0.309882	-0.0444779	0.111719
0.347019	-0.250771	-0.0425481	0.213826	-0.0797845	-0.0450058	-0.587578	0.326723	0.0518536	0.0662675
0.269372	-0.371271	-0.048912	0.285498	0.0365533	0.0395161	-0.368388	0.0183815	0.0703174	0.068934
-0.112438	-0.315243	-0.149419	0.176689	0.0392322	0.333406	-0.199973	0.268589	0.157171	-0.198012
-0.0489759	-0.402433	0.0298463	0.392911	-0.0188577	0.240296	-0.493104	0.201817	0.118525	-0.020025
0.501188	-0.468423	-0.12131	-0.204314	0.0148522	0.625241	-0.374394	-0.0380453	0.327587	-0.262382
0.301593	-0.317967	-0.436769	-0.376149	-0.251725	1.38966	-0.35232	-0.0764614	0.35436	-0.234219
-0.295554	-0.156682	-0.117585	-0.0580327	-0.193775	1.13578	-0.330749	-0.0396687	0.203677	-0.147408
-0.111158	-0.0197856	-0.00721784	-0.0114628	-0.0763851	0.265747	-0.145352	0.0120883	0.149581	-0.056054
-0.00141906	-0.0026568	-0.00130769	-0.000463498	-0.0069298	0.0160367	-0.00702982	0.049808	-0.0423031	-0.00373497
-5.74953e-06	-2.85883e-05	-2.14308e-05	-0.000244165	-0.000752765	-9.1642e-05	-3.7174e-06	0.0032176	-3.35243e-05	-0.00203602
-0.000503318	-3.77866e-05	-0.000371516	-0.00376602	-0.0126039	-0.00133649	-4.86157e-05	0.0692343	-0.00159892	-0.0489677
0.0330966	-0.00625887	-0.0186364	0.0151809	-0.0335114	-0.0114943	-0.0303656	0.202081	-0.0186612	-0.13143
0.00908783	-0.0521116	0.0871713	0.27954	-0.125023	-0.15152	-0.0637307	0.316478	-0.0978736	-0.202015
-0.0409805	-0.10593	-0.0471249	0.278597	-0.169565	-0.204267	-0.0613621	0.385657	0.189417	-0.22444
0.0252404	-0.239048	0.354546	-0.00799488	-0.170828	-0.176978	-0.214245	0.254655	0.066207	0.108449
-0.0981581	-0.366453	0.402697	-0.0284931	-0.174645	-0.0705254	-0.171975	0.122028	0.14719	0.238334
-0.130061	-0.268919	-0.00627132	-0.0533051	-0.0834549	0.168853	0.0104301	0.10568	0.223663	0.0333853
-0.0613467	-0.210173	-0.023869	-0.250839	-0.00720823	0.30882	0.0325515	-0.118293	0.137016	0.193342
0.0824154	-0.297501	-0.17664	-0.505497	0.166613	0.363272	-0.178647	0.137548	0.260456	0.147979
-0.103093	-0.0368676	0.0226244	-0.452577	0.00285402	0.228053	-0.103339	-0.028093	0.283923	0.186514
0.0798937	0.115261	0.0385522	-0.509057	-0.0043576	0.233238	-0.135184	-0.184301	0.249959	0.115997
-0.0534044	-0.0152628	-0.0269489	-0.533435	0.266346	0.373986	-0.29632	-0.218923	0.331301	0.172665
0.136492	0.327407	-0.216937	0.0750519	-0.282641	0.124102	-0.120512	0.21376	0.0460899	-0.302812
0.0451132	0.54621	0.0458656	0.208706	-0.905585	0.0484826	-0.316855	0.385883	-0.0277882	-0.0300273
-0.17761	0.824779	-0.117711	0.123914	-0.07231	-0.119908	-0.539185	0.476326	-0.307235	-0.091059
0.0352096	0.291411	0.0309958	0.228021	-0.183252	-0.246266	-0.460743	0.654363	-0.356203	0.00646489
0.342056	0.116349	0.203275	0.214354	0.0341161	-0.429405	-0.469057	0.254125	-0.22129	-0.0445226
0.279665	-0.209882	0.0620334	0.187499	-0.0301033	-0.450395	-0.491595	0.365289	0.197674	0.0898163
0.0580515	-0.192236	-0.0697342	0.225358	0.120317	-0.368762	-0.496623	0.438215	0.281676	0.00373654
0.22272	-0.393736	-0.0739021	0.312061	-0.166056	-0.216157	-0.268038	0.417179	0.167195	-0.00126381
0.129222	-0.320464	-0.107166	0.118294	-0.0421625	-0.045241	-0.25381	0.410594	0.191552	-0.0808199
0.221373	-0.379482	-0.0806727	0.1965	-0.076775	0.0133464	-0.368984	0.253837	0.23479	-0.0139335
0.500673	-0.365772	-0.165186	-0.0652688	-0.460981	0.697464	-0.125458	-0.202518	0.299815	-0.112762
0.339824	-0.282456	-0.353982	-0.265105	-0.364771	1.63902	-0.259836	-0.140784	-0.00119948	-0.310705
-0.302198	-0.105656	-0.0652873	-0.0277787	-0.246567	1.41888	-0.432751	-0.0235779	-0.100681	-0.114381
-0.135838	-0.0279258	0.0230291	-0.00666989	-0.0952226	0.390321	-0.145932	0.00793663	0.0431325	-0.0528307
-0.000610237	0.00120626	-0.000719061	-0.000153821	-0.00199987	0.00667173	-0.0202118	0.0123156	0.0105884	-0.00708714
-2.93884e-05	-5.70053e-06	-2.13453e-05	-0.000153731	-0.000111179	-8.37734e-05	-4.29057e-06	0.00132166	-3.90978e-05	-0.00087315
0.00749229	0.000435141	-0.000662872	-0.00264166	-0.0271837	-0.00986486	-0.000200456	0.096474	-0.00194623	-0.0619017
-0.00426793	-0.00016575	-0.010051	0.0165829	-0.120414	-0.020426	-0.00130614	0.369919	-0.0116741	-0.218196
0.000213662	-0.0356036	-0.0418732	0.270062	-0.0996488	-0.19167	-0.0700074	0.391503	-0.0166054	-0.206367
-0.167794	-0.064589	-0.144527	0.238012	-0.243089	-0.099034	-0.0466161	0.449393	0.0790019	-0.000754121
-0.134521	-0.129219	0.00571265	-0.140902	-0.0927827	-0.061014	-0.0343472	0.143367	0.217389	0.226319
-0.00842158	-0.32184	-0.0498706	-0.308067	0.0829252	0.243377	-0.0656963	0.019664	0.18326	0.22467
0.0113854	-0.303612	-0.270285	-0.549552	0.0350237	0.139011	0.170306	0.146102	0.496925	0.124695
-0.00829997	-0.258425	-0.419609	-0.448243	0.15541	0.146663	0.0498647	-0.153473	0.320389	0.615726
-0.197214	-0.292379	-0.445456	-0.499774	0.378504	0.15055	0.174053	0.188627	0.390505	0.15258
-0.0477114	-0.153416	-0.774945	-0.376275	0.472391	0.0965426	0.0356357	0.288854	0.231291	0.227633
-0.0608895	-0.106945	-0.65232	-0.205793	0.113524	0.10781	-0.0705003	0.268281	0.208529	0.3983
-0.275426	-0.0977327	-0.793871	-0.0466648	0.56241	0.218408	0.125296	-0.0415885	0.195771	0.1534
-0.0394042	0.348705	-0.907182	0.270309	-0.735765	0.526341	0.17316	0.114482	0.241205	0.0081475
-0.406962	0.713837	-0.521806	0.115991	-0.834834	0.0607516	-0.274754	0.47137	0.658678	0.0177293
-0.680008	0.788408	-0.438544	0.204431	0.319093	-0.226904	-0.627527	0.434028	0.0282156	0.198807
-0.609495	0.236387	-0.150795	-0.00400383	0.418382	-0.218395	-0.218799	0.420684	-0.16199	0.288026
-0.0406197	-0.0843736	-0.329509	0.30382	0.154692	-0.155773	-0.392385	0.309125	-0.208379	0.443404
-0.175809	-0.0317438	-0.110207	0.103183	-0.0198611	-0.0803347	-0.305495	0.478585	-0.18738	0.329062
0.0703322	-0.193353	0.235381	0.095515	-0.0264757	-0.364997	-0.224505	0.208269	0.0224209	0.177415
0.208441	-0.207625	-0.0762007	0.329914	-0.229638	-0.650297	-0.160981	0.295297	-0.0374388	0.52853
0.348381	-0.233406	0.0260005	-0.0802551	-0.203396	-0.489952	-0.0513462	0.31413	0.0414628	0.32838
0.236634	-0.214232	-0.0723208	-0.0278744	-0.239592	-0.515682	-0.0674682	0.258945	0.31937	0.322219
0.329705	-0.183588	-0.150365	-0.197223	-0.461492	0.125284	0.283867	-0.195971	0.489342	-0.0395581
0.374692	-0.163253	-0.147015	-0.202979	-0.427211	0.670884	-0.0431849	-0.169803	0.355252	-0.247374
-0.198058	-0.0928859	0.0659801	0.000644383	-0.192007	0.915283	-0.410415	-0.0698638	0.09828	-0.116955
-0.0940811	-0.0283781	0.0309514	-0.00318756	-0.033448	0.244422	-0.230192	-0.0123892	0.160133	-0.0338302
-0.000424966	0.00447475	-0.00134979	-6.75768e-05	-0.00141632	0.0044868	-0.0125594	0.00267394	0.0068796	-0.00269704
-1.47015e-06	-3.31748e-08	-1.02032e-05	-5.84373e-05	-1.73262e-06	-1.31735e-05	-1.7249e-08	0.00164246	-1.98061e-05	-0.00153759
8.50883e-06	-0.000204748	-4.87288e-05	-0.00281664	-0.0373779	-0.013516	-0.000271786	0.0917855	-0.00107154	-0.0364866
-0.00478929	-0.00257753	-0.00183676	-0.00806552	-0.136131	-0.0187974	-0.001288	0.372518	-0.00793643	-0.191096
-0.0249533	-0.00341362	-0.137431	0.049028	-0.194612	-0.0789899	-0.0605816	0.53257	0.0744938	-0.156108
-0.12749	0.00231291	-0.231412	-0.0206605	-0.353078	0.0105581	-0.0811078	0.498042	0.0146314	0.288208
-0.023711	-0.0622126	-0.515953	-0.234607	-0.0523137	0.0167267	-0.0402213	0.272693	0.279394	0.360206
0.217305	-0.116398	-0.876943	-0.351039	0.18525	0.296215	0.164991	0.0414804	0.09491	0.34423
0.0207249	-0.157103	-1.02623	-0.344554	0.346202	0.087067	0.254096	0.382193	0.258482	0.179127
-0.058955	-0.187112	-0.547683	-0.379059	0.432619	-0.0295076	0.194807	0.423165	-0.021738	0.173461
-0.0414802	-0.128221	-0.546005	-0.15853	0.234626	-0.1199	0.273219	-0.0471138	0.146611	0.386794
0.0314602	-0.335799	-0.630359	0.160543	0.513009	0.279872	0.00377272	-0.11989	-0.167522	0.264914
0.0229338	-0.467041	-0.589508	-0.126969	0.536217	0.165225	0.295194	0.055681	-0.105391	0.213658
0.155041	0.0741113	-0.573355	-0.0339546	0.934335	0.149815	0.168917	-0.658948	0.0816026	-0.297566
0.0620931	0.209795	-0.382	0.0115284	-0.047681	0.28482	0.165967	-0.865702	0.505227	0.0559529
-0.573191	0.933883	-0.450773	0.480969	-0.547494	-0.117899	-0.287253	0.0209516	0.287847	0.252957
-0.858927	0.516086	-0.498422	0.186681	0.175477	-0.00532988	-0.355549	0.441844	0.0928225	0.305323
-0.672216	0.147804	-0.233673	0.115549	0.346145	-0.347777	-0.101387	0.509701	-0.0122749	0.248132
-0.0490885	0.136669	-0.310916	-0.0480554	0.0264264	-0.439268	-0.145018	0.440182	0.0687184	0.320354
-0.00616848	-0.0156847	-0.258898	0.107346	-0.0296019	-0.325135	-0.208396	0.370834	-0.0629082	0.428615
0.122917	-0.196639	0.225957	-0.0670294	0.136874	-0.36106	-0.344308	-0.105138	0.220146	0.36828
0.0880645	-0.153841	-0.0443496	-0.0118395	0.130256	-0.460993	-0.152991	0.0313657	0.208977	0.365352
0.135567	-0.0924752	0.0138939	-0.566329	0.27992	-0.851454	0.0874042	0.123497	0.427205	0.442765
0.302609	-0.0866903	-0.0931644	-0.446449	0.124425	-1.1488	0.344653	0.0915293	0.454915	0.456975
0.443242	-0.0544437	-0.35438	-0.259893	-0.19071	-1.06421	0.689601	-0.202927	0.698052	0.295675
0.590716	-0.0567464	0.126707	-0.115183	-0.116164	-0.922701	0.304233	-0.163608	0.628693	-0.275938
-0.0233363	-0.0388683	0.288924	0.0135631	-0.0552336	0.0257916	-0.242804	0.0165575	0.151592	-0.136185
-0.0558941	-0.0276416	0.183337	-0.000465563	-0.0218601	0.141926	-0.246381	0.0340997	0.0379734	-0.0450942
-0.000312029	0.00300455	0.0181683	-8.81341e-05	-0.00864872	-0.00374762	-0.0126944	0.0161883	-0.0103105	-0.00155975
-6.46296e-09	5.33605e-05	-6.32824e-06	-1.82156e-05	-1.83011e-07	-1.77915e-06	-1.3965e-06	-9.5813e-06	-5.51796e-06	-1.03524e-05
0.000634891	-3.45304e-05	-3.4056e-05	-0.00152209	-0.0263434	-0.00229182	-0.000307931	0.0497016	-0.000228893	-0.0195738
-0.00219437	-0.000839096	-0.00078912	-0.00524108	-0.0876157	-0.00504061	-0.000534969	0.227889	-0.00209141	-0.123543
-0.0085873	0.00968235	-0.171339	0.0163672	-0.155111	0.000447399	-0.0524092	0.421019	0.0449297	-0.104998
0.0102524	0.0282188	-0.519438	-0.201552	-0.151603	0.098354	-0.112516	0.285287	-0.0570407	0.620043
-0.00513999	-0.0462464	-0.815034	-0.259689	0.218427	0.188141	0.0788825	0.122829	0.0868201	0.431011
0.294477	-0.0950583	-1.04236	-0.309909	0.458042	-0.0602361	0.435753	0.184594	0.00104768	0.133647
0.291119	-0.147336	-0.800804	-0.35011	0.342622	0.175947	0.0792629	0.165331	-0.0190963	0.263064
0.101369	-0.00163422	-0.366412	-0.211466	0.383234	-0.0381579	0.056317	-0.027008	-0.114124	0.217882
0.0996197	-0.10155	-0.285396	-0.109121	0.388243	0.0170377	0.120107	-0.182985	0.0668117	-0.0127675
0.176899	-0.63385	-0.160646	-0.160148	0.432934	0.161835	0.242542	0.00984727	-0.179113	0.109701
0.0797127	-0.679757	0.092565	-0.193881	0.585824	0.289381	0.000538041	-0.249473	0.0894619	-0.0143752
0.133009	0.0107666	-0.0984891	0.109095	0.446042	0.436218	0.0974344	-1.06673	0.234423	-0.301771
-0.427464	0.261631	0.18469	0.377411	-0.279877	0.244361	0.0654916	-1.04372	0.528265	0.089208
-0.699714	0.612745	0.0540899	0.276554	-0.0833743	-0.114411	-0.206369	-0.0602075	-0.0354608	0.25615
-0.884822	0.401082	-0.277456	-0.204202	0.398158	-0.282562	0.0620025	0.0556569	0.425943	0.306204
-0.634324	0.153583	-0.286743	0.114557	0.210685	-0.46363	0.0424335	0.223028	0.155094	0.485317
-0.193561	0.338499	-0.106774	0.0784535	0.178174	-0.21751	-0.294377	0.0677682	-0.184117	0.333448
-0.0316222	-0.220927	-0.229512	0.221173	0.19114	-0.133748	-0.17533	0.0768803	0.0309488	0.270997
-0.0574126	-0.298657	-0.197979	0.000895752	0.0992488	0.0184298	0.083475	-0.137816	0.037176	0.452638
-0.300996	-0.183002	-0.183389	-0.505624	0.337942	-0.0118929	-0.0992543	0.299986	0.27964	0.366591
-0.0498036	-0.124465	0.0176723	-0.524102	0.357692	-0.311001	0.239331	0.141481	-0.116743	0.36994
0.237163	-0.128132	-0.0692764	-0.59187	0.300873	-0.391816	0.413333	-0.0633539	0.0720226	0.221058
0.445916	-0.118806	-0.104956	-0.26746	-0.0352418	-0.74374	0.805799	-0.0500728	0.28851	-0.21995
0.457748	-0.106822	0.479627	-0.0830916	-0.209361	-0.765129	0.386554	0.0299647	0.218805	-0.408285
0.0931975	-0.0676491	0.58774	-0.00175773	0.0183729	-0.201411	-0.291878	0.0372064	0.0369927	-0.210813
-0.0165073	-0.0339472	0.408103	-0.00134399	-0.0109751	-0.0128849	-0.242224	0.00129809	-0.0260899	-0.0654288
-0.00243402	-0.000626035	0.118543	-0.00340783	-0.0280364	-0.0331609	-0.0383606	-0.00807258	-0.00238134	-0.00206311
-4.05098e-05	-1.18223e-06	-2.4066e-05	-0.00194657	-0.000114405	0.00872764	-0.000122872	-6.07069e-05	-0.000260654	-0.00615668
-5.50437e-05	-1.01505e-05	-0.012353	0.0131319	-0.0137775	-0.00107551	-1.36098e-05	0.0251872	-0.000805732	-0.0102286
-0.000710798	0.00112973	-0.0082876	0.00665333	-0.0357061	-0.00175943	-5.55118e-05	0.122413	-0.00117145	-0.0825051
-0.0731396	0.0185829	-0.146801	0.0285194	-0.0176456	0.0258343	-0.0236402	0.210722	-0.0095461	-0.0128843
-0.0298953	0.0291478	-0.347113	-0.106303	0.335049	0.0688207	-0.263659	0.114987	-0.144441	0.343413
0.251348	-0.0634694	-0.61758	-0.329368	0.505454	-0.0311345	0.0391211	0.134173	0.00332582	0.108131
0.177684	-0.116768	-0.282249	-0.418591	0.336755	-0.0742296	0.268091	-0.0618144	-0.107334	0.278456
0.448442	-0.168574	0.0333682	-0.366414	0.420797	-0.0122074	0.0214653	-0.036245	-0.501529	0.160896
0.229492	-0.0150725	-0.111654	-0.184474	0.371069	0.0838498	0.147146	-0.161349	-0.363518	0.00450971
0.27337	-0.233456	-0.10813	-0.0953581	0.286373	0.130147	0.303872	-0.323131	-0.27265	0.0389608
0.00194034	-0.670831	0.0531513	-0.139938	0.285537	0.303016	0.28651	-0.15856	0.0150912	0.0240848
0.169604	-0.625428	0.0903846	-0.213225	0.370292	-0.00549124	0.451951	-0.516168	0.299243	-0.0211604
0.213724	0.0924493	-0.0756936	0.205769	0.289046	0.0356531	0.159758	-1.00201	0.223226	-0.141915
-0.284169	0.29537	0.279165	-0.00736122	-0.264822	0.0178296	-0.0654329	-0.580971	0.503129	0.107261
-0.764563	0.546314	0.0894722	0.130119	0.0230238	-0.0676962	-0.137577	-0.149847	0.286106	0.0446522
-0.737851	0.404939	-0.182416	0.038029	0.190109	-0.119949	0.081684	-0.0919133	0.217126	0.200246
-0.764037	0.26146	-0.0643673	0.019287	0.376599	-0.332286	0.195758	0.0162833	-0.0400215	0.331324
-0.159971	-0.176118	-0.306799	0.122959	0.554349	-0.348469	-0.349639	0.259135	0.0829046	0.32165
-0.0573913	-0.581117	0.121378	0.0395833	0.212784	-0.197749	-0.138512	0.471887	-0.0905445	0.219682
-0.157767	-0.454129	-0.0441536	-0.148775	0.388593	-0.287187	-0.0233811	0.699035	-0.000406904	0.0281698
0.0203674	-0.268439	0.0648648	-0.316093	0.222236	-0.0346764	-0.116972	0.402509	-0.192744	0.218947
0.183599	-0.181469	-0.139477	-0.0359017	0.0705345	-0.158763	0.129331	0.11592	-0.171301	0.187524
0.134469	-0.127908	-0.109101	-0.277089	0.151981	0.0496383	0.329833	0.298458	-0.390376	-0.0599047
0.405301	-0.0933688	0.148368	-0.173354	-0.0541439	-0.10401	0.429404	0.287241	-0.348265	-0.497173
0.49626	-0.0479793	0.38388	-0.0204422	-0.215325	-0.250714	0.259147	0.0359322	-0.194091	-0.446663
0.0673318	-0.0365105	0.563134	-0.0264097	-0.0759643	-0.255675	-0.0931334	-0.0597888	0.0448422	-0.127825
-0.00815673	-0.00549608	0.354224	-0.0148126	-0.0734505	-0.0354244	-0.184568	-0.00689642	-0.00935791	-0.0160615
-0.000240118	-2.86222e-05	0.0118445	-0.00247343	-0.00304618	-0.00152131	-0.00396335	-9.84231e-05	-0.000433138	-3.99827e-05
-1.55518e-05	-4.7897e-07	-7.92676e-06	-0.000639511	-4.71553e-05	0.00280105	-4.07749e-05	7.4325e-05	-8.98135e-05	-0.00203416
-5.78304e-05	-7.41235e-06	-0.0263242	0.0293009	-2.73322e-05	-0.00113671	-6.72733e-06	-5.78806e-05	-0.00164719	-3.56678e-05
-0.00150707	0.00719225	-0.01369	0.0320919	0.0180836	-0.00601904	-0.000278798	0.0295936	-0.00223684	-0.0632296
-0.0898506	0.0040411	0.0216297	0.0300833	0.0762589	-0.0257457	-0.0770358	0.0972486	-0.0160635	-0.0205652
0.116931	-0.00685272	0.0987011	0.053528	0.232104	-0.0484546	-0.403045	0.0035937	-0.145514	0.0990127
0.376195	-0.114503	0.261948	-0.0652916	0.203767	-0.268009	-0.0565773	-0.122393	-0.275403	0.0602686
-0.0369485	-0.203771	0.343397	-0.068666	0.223844	-0.149831	0.230379	-0.100051	-0.302726	0.0643724
0.364355	-0.163271	-0.031731	-0.264297	0.394797	-0.208926	0.272367	-0.167894	-0.278886	0.0834867
0.305659	-0.081767	-0.10722	-0.314092	0.333873	0.0270505	0.226075	-0.338764	-0.161581	0.110768
0.313758	-0.314247	0.0138454	-0.297196	0.401344	0.178283	0.146147	-0.35179	-0.0134951	-0.0766468
0.332371	-0.485058	0.0317032	-0.239686	0.344358	0.110012	0.247877	-0.218197	-0.138782	0.0154044
0.0782812	-0.178807	-0.111034	-0.077032	0.414513	0.0547925	0.412454	-0.542831	-0.0981854	0.0478473
-0.0774742	0.216996	-0.0878554	0.0448756	0.197036	0.138367	0.227437	-0.692334	0.138726	-0.105774
-0.611101	0.444716	0.227163	0.0562371	-0.222516	-0.0361312	0.130645	-0.267592	0.406238	-0.127658
-0.886366	0.659935	0.116565	0.209766	0.077347	-0.318414	0.250217	-0.358264	0.455026	-0.205811
-0.677826	0.0458583	0.00772484	0.214652	0.243958	-0.266567	0.0601114	0.107111	0.0849626	0.180019
-0.487058	0.307211	-0.0173294	-0.0284804	0.557689	-0.174101	-0.0533724	-0.227729	-0.111758	0.23493
-0.250257	-0.547411	-0.167907	-0.0498639	0.515505	-0.282268	-0.0466796	0.593812	-0.159602	0.394672
-0.0381066	-0.591704	-0.188433	-0.205204	0.128975	0.258927	-0.0811919	0.578756	0.013858	0.124127
-0.0359749	-0.509463	-0.0299413	0.09686	0.21963	-0.0312455	0.00131455	0.328467	-0.117585	0.0779381
0.230521	-0.355206	-0.304147	0.330669	-0.125301	-0.149423	0.12776	0.459615	-0.315233	0.100743
0.077401	-0.196774	-0.165514	0.227284	-0.0796077	-0.0312719	0.174423	0.389221	-0.300016	-0.0951448
0.181493	-0.155369	-0.324654	0.227158	0.196965	-0.11232	-0.0190303	0.431643	-0.197595	-0.22829
0.372029	-0.104372	-0.0554594	0.247731	-0.110191	0.0850435	0.151933	0.161265	-0.324158	-0.42382
0.371481	-0.0595451	0.571002	0.136311	-0.464123	0.0498198	0.174526	-0.0501034	-0.336577	-0.392783
0.00577577	-0.0296386	0.64217	-0.0596813	-0.1886	-0.154875	0.0570114	-0.147583	0.00750152	-0.132077
-0.0140788	-0.0101167	0.354251	-0.0202641	0.0254611	-0.0574419	-0.180123	-0.0227204	-0.0243736	-0.0505941
-0.0020476	-0.00117672	0.0546156	-0.000758997	-0.00616446	-0.0235541	-0.0132327	-0.000642689	-0.00324766	-0.00379068
-1.30713e-05	-5.24966e-07	-2.67032e-07	-1.22208e-05	-5.54022e-05	-0.000323857	-3.09924e-06	0.0005383	-2.55238e-05	-0.000104334
-4.83152e-05	2.22443e-05	-0.0130029	0.0167026	-1.7e-05	-0.000645107	-2.57808e-05	-0.00117566	-0.000859842	-0.000950242
-0.00469516	0.00597247	-0.000882064	0.0799875	-0.0101411	-0.0222955	-0.0015343	-0.003558	-0.00527241	-0.0375814
-0.0611576	-0.00373065	0.274993	0.144502	-0.0809814	-0.011352	-0.122107	-0.0637405	-0.014303	-0.0621212
0.17671	-0.0200725	0.393486	0.315228	-0.206542	-0.0615625	-0.413153	-0.0498344	-0.19331	0.0590545
0.464435	-0.149827	0.262415	0.16344	-0.130537	-0.149562	0.0516476	-0.182599	-0.34489	0.0154781
0.250422	-0.325803	0.410881	-0.105764	0.073157	-0.177672	0.322619	-0.0643694	-0.200937	-0.182531
0.201509	-0.307919	0.0670297	-0.276288	0.389591	-0.520971	0.40191	0.120423	0.0197049	-0.094989
0.364912	-0.23961	-0.181552	-0.461802	0.388836	-0.287988	0.271195	-0.125127	0.0592411	0.211895
0.299723	-0.088613	0.178973	-0.101946	0.233894	-0.394894	0.302929	-0.174438	0.00870734	-0.264336
0.240085	-0.102576	0.15559	-0.171219	-0.0368003	-0.0834286	0.358369	-0.487879	0.132389	-0.00452723
0.130244	-0.122914	0.180316	-0.0244425	-0.0497581	-0.145711	0.714855	-0.766619	0.00217546	0.0818528
-0.261965	-0.191635	0.267205	0.00864686	0.0972767	-0.0108305	-0.0432482	-0.209915	0.482981	-0.138515
-0.820897	0.433914	0.406115	0.33164	0.0107202	-0.0790775	-0.00208036	-0.140053	0.14249	-0.282772
-0.683491	0.693054	0.12434	0.0422605	0.359209	-0.307061	0.194928	-0.457108	0.0712727	-0.0374041
-0.39811	-0.0910085	-0.12838	-0.180117	0.558054	-0.120601	0.132631	0.159005	0.0678958	0.000632406
-0.282814	-0.00386591	0.190312	-0.413291	0.448526	-0.262086	-0.0176434	0.0378902	0.0919755	0.210999
-0.0119963	-0.846706	0.361259	-0.0840657	0.31176	-0.181928	-0.205791	0.35674	0.0452175	0.255511
0.0199916	-0.616976	0.021287	0.307673	0.193188	-0.18929	0.134739	0.141133	-0.169251	0.157506
0.0276155	-0.449478	-0.0205047	0.34306	0.0906736	0.057639	0.238282	0.320484	-0.446724	-0.161044
0.240682	-0.287089	-0.149029	0.172389	0.257824	0.115418	0.00522842	0.242262	-0.49422	-0.103465
0.154925	-0.181912	0.3612	0.0974924	0.152842	-0.0522657	0.0554913	0.284581	-0.53075	-0.341605
0.178698	-0.174069	0.242745	0.310133	-0.105859	0.168352	-0.103593	-0.0207395	-0.354271	-0.141395
0.184396	-0.147796	0.232084	0.460385	-0.229993	0.15562	-0.0266237	-0.119138	-0.0337838	-0.475149
0.0678631	-0.0526516	0.559722	0.328818	-0.312959	-0.0201774	0.130926	-0.116184	-0.212302	-0.373049
-0.090983	-0.068559	0.971221	-0.107957	-0.147621	-0.153228	-0.00906492	-0.142433	-0.124071	-0.127302
-0.0420251	-0.0342313	0.530491	-0.0219209	-0.0909915	-0.0923251	-0.145192	-0.0174399	-0.0540159	-0.0323485
-0.00151887	-0.000719977	0.0850744	-0.00122781	-0.00401041	-0.0423533	-0.0300531	-0.00159164	-0.00312252	-0.000476726
0.0	0.0	0.0	0.0	0.0	0.0	0.0	0.0	0.0	0.0
-6.11573e-05	0.000390495	-0.00502135	0.00626014	-1.25646e-05	-0.000500376	-2.44242e-05	-8.86476e-05	-0.000723286	-0.000218834
-0.0133505	-0.000194624	0.0489627	0.0725321	-0.00368896	-0.0347059	-0.00311603	-0.00261231	-0.00535618	-0.0584702
-0.05344	-0.00780175	0.280148	0.338399	-0.235276	0.0228707	-0.115549	-0.068407	-0.0388749	-0.122065
0.126679	-0.0398255	0.472879	0.394785	-0.156717	0.0717487	-0.453372	-0.0143414	-0.179888	-0.221944
0.36422	-0.280953	0.374411	0.0998139	-0.195963	0.22585	-0.0350313	-0.0596423	-0.266428	-0.226276
0.319823	-0.474376	0.264683	-0.0415158	-0.0502356	0.410283	0.123744	-0.223181	-0.108194	-0.22103
0.248648	-0.423127	0.151255	-0.0338784	0.191658	-0.290905	0.222775	-0.289067	0.14024	0.0824005
0.107494	-0.248474	0.111088	-0.250589	0.273466	-0.317794	0.307953	-0.195128	0.100643	0.111338
0.252726	-0.141841	0.196141	-0.580896	0.15898	-0.243506	0.330454	-0.216863	0.339177	-0.0943716
0.421505	0.0941852	0.380032	-0.595029	0.0525363	-0.35961	0.579991	-0.598322	-0.0217259	0.0464384
0.112033	-0.16025	0.286684	-0.445545	-0.0196088	-0.321978	0.546075	-0.263748	0.323745	-0.0574056
-0.127694	0.108281	0.345126	-0.309121	0.0333459	-0.522066	0.0619929	0.00675699	0.34293	0.0604471
-0.682204	0.472932	0.297418	-0.249096	0.23469	-0.477448	0.113729	0.0788378	0.240539	-0.029397
-0.629441	0.548177	0.0628636	-0.393296	0.574488	-0.283583	0.145072	0.060698	0.0628047	-0.147782
-0.33367	0.00379024	0.182072	-0.428538	0.384253	-0.0432346	0.0348915	0.0753898	-0.14495	0.269996
-0.0597709	-0.391535	0.0523562	0.00545713	0.338565	0.0217045	-0.10954	-0.094632	0.208468	0.0289297
0.152682	-0.706199	-0.197989	0.252604	0.279214	0.186058	0.0661772	0.0119268	-0.100672	0.056203
-0.0588715	-0.374586	0.0566301	0.0108287	0.328418	0.252936	0.18092	0.1067	-0.392698	-0.110278
0.0780368	-0.247945	0.0590194	0.31567	-0.158498	0.101079	0.17203	-0.06801	-0.0330241	-0.218359
0.177518	-0.183057	-0.0495311	0.0023907	0.0516536	0.064025	0.014923	0.11068	-0.0381074	-0.150495
-0.0382148	-0.112225	0.0969984	0.063168	0.141936	0.038093	0.0964784	0.0471524	-0.125711	-0.207676
0.195453	-0.0369014	0.129632	0.308628	-0.162769	-0.0566207	0.0894498	0.0419987	-0.196241	-0.312627
0.0736362	-0.0550965	-0.044799	0.425921	-0.191597	0.137272	0.0604589	-0.0803242	0.155037	-0.480506
0.0032581	-0.0237244	0.492845	-0.0720592	-0.271445	0.0420982	0.11472	0.0822558	0.011284	-0.379229
-0.0373752	-0.0957529	1.01995	-0.202133	-0.212515	-0.190741	0.00320455	0.0329704	-0.233939	-0.0836632
-0.0192599	-0.00817599	0.264498	-0.0192746	-0.0491285	-0.0383406	-0.0927965	0.0254699	-0.0469631	-0.0160288
0.0241989	-0.0010482	0.0274842	-0.000977138	-0.0258875	-0.00656085	-0.0110322	-0.0038971	-0.000761886	-0.00151822
-3.29222e-05	-1.54243e-05	-1.77606e-05	-0.000606935	-0.00582039	-0.000291537	-5.02067e-06	0.00589214	-0.000219114	0.00111696
-1.35226e-05	8.81047e-05	-0.000225755	0.00056148	-2.38462e-06	-0.000248682	-5.51317e-06	-1.69887e-06	-0.000106616	-4.5413e-05
-0.0115241	-0.000676289	-0.00218051	0.0704909	-0.0081264	-0.0223899	-0.00238213	0.0146882	-0.00479659	-0.0331031
-0.105824	-0.00926302	0.144615	0.519655	-0.154264	0.0149111	-0.0841331	-0.0239992	-0.120611	-0.181083
0.0407582	-0.0885141	0.520157	0.31068	-0.0671558	0.303038	-0.362091	-0.0984823	-0.279366	-0.279019
0.101671	-0.351333	0.607016	0.32775	-0.104071	0.252896	-0.281929	-0.121433	-0.0939309	-0.336635
0.120115	-0.638997	0.200529	0.19399	-0.0979088	0.519507	0.0556226	-0.38234	0.0995798	-0.0700964
0.0848569	-0.447993	0.437767	-0.184438	0.0576881	0.175642	0.238734	-0.337426	0.0266577	-0.051489
0.256811	-0.0926238	0.074582	-0.114807	0.125193	-0.00398166	0.142692	-0.287475	0.0550874	-0.15548
0.287699	-0.00116298	0.0124936	-0.378704	0.108386	-0.207244	0.296657	-0.312109	0.265473	-0.0714898
0.376369	-0.201958	0.29342	-0.444681	-0.265856	-0.176454	0.232668	-0.36366	0.26076	0.289394
0.0959471	-0.171763	0.131017	-0.426913	-0.0505466	-0.121993	0.145083	-0.112879	0.339171	0.172876
-0.297928	0.00535796	0.308489	-0.535538	0.218863	-0.154964	0.664641	-0.172069	0.280864	-0.317717
-0.623876	0.0870253	0.322967	-0.34	0.347643	-0.101624	0.378124	0.0920146	0.0619703	-0.224241
-0.476332	0.225988	0.155858	-0.234341	0.337053	0.0202808	-0.00771775	-0.0900472	-0.129399	0.198659
-0.151663	-0.26261	-0.0452665	0.217959	0.198598	-0.0239597	0.0622142	-0.118051	-0.0501924	0.172973
0.0119458	-0.469844	0.105129	0.426641	0.308672	-0.00013184	0.193222	-0.203521	-0.241389	-0.130722
0.00257033	-0.172922	0.295004	0.136583	-0.184805	0.146513	0.242089	-0.095202	-0.253295	-0.116535
-0.0219115	0.0293469	0.122395	0.0960157	-0.0403644	-0.132699	0.251857	-0.0944428	-0.0531899	-0.157008
-0.0723506	-0.0231864	0.133746	0.152595	-0.143016	0.102249	-0.0141528	-0.0164776	-0.0213673	-0.0980375
-0.199895	0.0591987	-0.0265274	0.0782685	-0.00396314	0.0753787	-0.0405478	-0.00799171	0.0654203	0.00065749
-0.0683797	0.00983615	0.166288	0.342808	0.0441722	0.0178949	0.0507696	-0.114035	-0.235961	-0.213392
0.249273	-0.0636601	0.131436	0.434409	-0.361654	0.0965291	0.0356117	-0.181569	-0.00415135	-0.336223
0.113036	-0.0749238	0.459561	0.179455	-0.234158	0.173723	0.0804129	-0.386722	0.148323	-0.458705
-0.0259417	0.0106887	0.821496	-0.245512	-0.237076	0.186221	0.0523911	-0.207053	-0.0468666	-0.308343
-0.0347334	0.031005	0.707892	-0.124477	-0.207957	-0.117476	0.0402633	-0.0155357	-0.202527	-0.0764538
-0.010533	0.0151517	0.0873918	-0.0153225	-0.0179559	-0.0292114	-0.0282151	0.0279721	-0.0254739	-0.00380383
-0.00688282	-9.15991e-06	0.0392228	-0.000236287	-3.5688e-05	-0.0154457	-0.0157903	-1.8482e-05	-0.000383148	-0.000421161
-1.98312e-09	6.1564e-05	-4.18532e-05	-3.86396e-06	-1.12129e-08	-1.05466e-07	-2.56675e-07	-5.6071e-07	-1.45908e-05	-3.19808e-07
0.00664571	0.000312085	-0.00233245	-9.68345e-05	-0.0100624	-0.00069618	-0.000684272	0.0213489	-0.000852147	-0.0135825
-0.00582925	-0.000956321	-0.00344342	0.0561932	-0.00408084	-0.019546	-0.00279806	0.013227	-0.00852032	-0.0242459
-0.0830605	-0.0116614	-0.0223432	0.533961	0.0195778	0.0258966	-0.0828318	-0.072607	-0.168008	-0.138922
-0.0264974	-0.14378	0.32218	0.345134	-0.0758168	0.351208	-0.219861	-0.0707634	-0.246025	-0.235774
0.086114	-0.492823	0.183049	0.473803	0.0496799	0.23602	-0.234477	-0.194581	0.113513	-0.220297
0.206421	-0.331475	0.0867212	0.108334	-0.0515684	0.331621	-0.000415699	-0.35008	0.124132	-0.12369
0.195963	-0.00505004	0.368321	-0.0956498	-0.0969752	0.0629394	0.164657	-0.472268	-0.0655653	-0.0563723
0.220182	-0.0419337	0.226383	-0.0626594	-0.269434	0.303962	0.00590484	-0.283581	0.060311	-0.159135
0.0936769	0.0584459	0.322439	-0.0132123	-0.425053	0.0580685	0.294389	-0.317148	0.259853	-0.33146
0.264509	-0.15029	0.42633	-0.0686598	-0.48416	0.0496261	0.425838	-0.517351	0.243043	-0.188887
0.344625	-0.103874	0.208202	-0.22542	-0.142814	0.028208	0.669357	-0.261197	-0.169938	-0.347145
0.224911	-0.110791	0.197982	-0.239202	-0.493031	0.0528637	0.578357	-0.112393	0.0387739	-0.137471
-0.143119	0.184861	0.424158	-0.102268	-0.204382	0.0769258	0.179469	-0.0850703	-0.1409	-0.189671
-0.249442	-0.133413	0.108119	0.0311696	0.23495	-0.0418854	0.30939	0.15205	-0.143761	-0.267175
-0.142308	0.0210589	0.244399	0.046467	0.0119275	0.0522035	0.240133	-0.174048	-0.0480052	-0.251825
-0.162926	0.20488	0.295986	0.157398	-0.0660616	-0.0848536	0.226229	-0.382894	-0.0156411	-0.172115
0.0315468	-0.0400378	0.314167	0.318529	-0.186026	-0.123296	0.194109	-0.341731	0.0737588	-0.24102
0.0025823	0.104259	0.148437	0.216073	-0.152851	0.0115536	0.0837551	-0.428264	0.153984	-0.139529
-0.131334	0.162713	-0.0597145	0.166791	-0.249832	0.00516422	0.146688	-0.0963228	0.0444207	0.0114273
-0.014527	0.0784172	0.130426	-0.00236137	-0.210153	0.217644	0.0267373	-0.275906	0.0386103	0.0111104
0.0944982	0.0245872	0.249606	0.293372	-0.0758684	0.124928	0.154304	-0.471335	-0.107067	-0.287025
0.276944	-0.0543411	0.37472	0.116726	-0.5076	0.126273	0.185199	-0.471572	0.26308	-0.309428
0.0407697	-0.0294261	0.349093	0.166208	-0.353701	0.232944	0.0769699	-0.442615	0.202811	-0.243046
0.0223267	0.0635858	0.415548	-0.137401	-0.232474	0.231566	-0.0226547	-0.11136	-0.0797789	-0.149351
-0.0509388	0.0805083	0.552463	-0.0682888	-0.106221	-0.0331215	-0.110338	-0.0345973	-0.179921	-0.0495425
-0.0113573	0.0149425	0.168978	-0.0106675	-0.00269209	-0.0516304	-0.0603371	-0.00302669	-0.0280766	-0.0161325
-0.00233534	5.52642e-05	0.0178195	-0.000117598	-1.95032e-07	-0.0049062	-0.0104015	-5.14549e-07	-0.000113152	-2.6632e-07
0.0	0.0	0.0	0.0	0.0	0.0	0.0	0.0	0.0	0.0
0.0167393	-4.90603e-05	-0.00525608	-0.000429187	-0.000106689	-0.000741493	-0.00171641	-0.000216842	-0.0018038	-0.00641975
-0.00759978	-0.00690145	0.0370926	0.0368718	0.00100447	-0.00846158	-0.00287658	-0.0111305	-0.0158531	-0.0221459
-0.0748005	-0.026492	0.109536	0.437618	-0.0255215	0.0513366	-0.0587941	-0.118077	-0.16875	-0.126054
0.0373989	-0.0880039	0.370837	0.466919	-0.100147	0.117718	-0.200318	-0.256477	-0.214126	-0.133797
0.232761	-0.357296	0.291251	0.261269	-0.201951	0.398197	-0.272659	-0.315298	-0.0444979	0.00822632
0.219225	-0.0526739	0.257289	0.396265	-0.245884	0.223068	-0.175608	-0.470136	0.0649323	-0.216479
0.173992	0.0265883	0.584486	0.191584	-0.456146	-0.133704	0.225619	-0.501077	0.332413	-0.443756
0.21492	0.216404	0.301234	0.183529	-0.570086	0.246278	-0.0249872	-0.30841	0.0224738	-0.281357
0.198088	0.116862	0.319801	0.31259	-0.419032	0.235577	0.276518	-0.405245	-0.138344	-0.496814
0.280365	0.201104	0.308975	-0.0370874	-0.429514	-0.0033101	0.520788	-0.332677	0.121726	-0.63037
0.408907	0.250003	0.409873	-0.158639	-0.171863	0.11627	0.366287	-0.314672	-0.215336	-0.690829
0.459233	0.122274	0.270021	-0.439562	-0.253645	0.0231638	0.520082	-0.116149	0.0182051	-0.603621
0.18744	-0.0914123	0.0773754	-0.0774049	-0.412809	0.0711748	0.244876	0.0214996	0.136826	-0.157565
0.00111191	-0.00428788	-0.033758	0.0974916	-0.0926363	-0.14325	0.667094	0.0737814	-0.266266	-0.299278
-0.00305059	-0.00466926	0.105626	-0.0962905	-0.0264192	0.0146008	0.360083	-0.239	0.138576	-0.249456
-0.113211	0.292348	0.084883	0.100715	0.0838611	0.132253	0.160381	-0.389634	-0.245896	-0.1057
0.0178397	0.309255	-0.110942	0.223924	0.0564052	0.19624	0.0595403	-0.536122	-0.0677801	-0.148359
-0.0767051	0.393907	0.141248	0.295113	-0.0874519	0.172067	0.282466	-0.762397	-0.0691159	-0.289131
-0.0952811	0.359632	0.276734	0.11882	-0.284274	0.153549	0.0595264	-0.460666	-0.0357357	-0.0923031
-0.0538839	0.192341	0.202262	0.278355	-0.168122	0.00261163	0.23057	-0.660192	0.168926	-0.192867
0.0908987	0.0311351	0.327118	0.114791	-0.0734459	0.143531	0.0745603	-0.63864	0.274104	-0.34405
0.149353	-0.0447676	0.307526	0.0105547	-0.311718	0.48456	-0.0864279	-0.553857	0.296328	-0.251549
-0.0593506	-0.0491286	0.305518	0.0913243	-0.296207	0.194085	0.0328519	-0.297205	0.158775	-0.0806594
-0.0296544	-0.0148575	0.475971	-0.0998067	-0.157785	0.109033	-0.0778114	-0.0581381	-0.176235	0.0292872
-0.0424768	0.0133906	0.25293	-0.0403296	-0.106692	0.0879802	-0.0488152	-0.0423725	-0.115801	0.0421871
-0.00168382	0.0162004	0.0473937	-0.00304364	-0.000737453	-0.00725611	-0.0117288	-0.00193697	-0.0255571	-0.0116503
-2.11596e-05	0.000215113	-0.0001738	-4.81253e-05	-3.70285e-05	0.000468567	-4.891e-06	-3.21278e-05	-0.000333519	-3.30293e-05
-2.22631e-08	0.000122736	-5.68869e-05	-2.03904e-05	-4.80259e-07	-7.19139e-07	-8.16686e-07	-7.9196e-06	-3.37039e-05	-1.79656e-06
-5.81143e-05	1.36593e-05	0.00017323	0.000843007	-3.18955e-06	-0.000319697	-3.30991e-05	-0.000241	-0.000123019	-0.000251779
-0.0233602	-0.0116479	0.0773249	0.0653836	-0.000567215	-0.019003	-0.00198121	-0.0521541	-0.0158791	-0.0181156
-0.0513316	-0.0121982	0.187706	0.289305	-0.0683114	0.0639156	-0.0404302	-0.15716	-0.113681	-0.0978114
-0.072786	0.0915966	0.218843	0.287328	-0.11513	0.250266	-0.181625	-0.279402	-0.0736089	-0.125477
0.137751	0.38774	0.157507	0.0390533	-0.124632	0.108104	-0.280296	-0.33998	-0.0460763	-0.0391692
0.168218	0.294291	0.161442	0.26415	-0.384835	0.162756	-0.3679	-0.432561	0.267795	-0.13336
0.141999	0.125134	0.162315	0.23932	-0.438677	0.301276	-0.0506455	-0.484975	0.282753	-0.2785
-0.0472286	0.217493	-0.0296049	0.210073	-0.0931066	0.145651	0.205724	-0.286256	-0.097096	-0.225652
0.0653278	0.0558276	0.26532	-0.261677	-0.148258	0.145609	0.236019	-0.395016	0.221311	-0.184464
0.242926	0.304318	0.11136	-0.12374	-0.224229	0.0518787	0.269366	-0.20281	-0.153342	-0.27573
0.339716	-0.0850924	0.0964621	-0.120642	-0.0552372	0.214217	0.344282	-0.239941	-0.0656815	-0.428083
0.323951	-0.130657	-0.054522	-0.0460869	-0.113697	0.091656	0.600703	-0.0987081	-0.212209	-0.360432
0.108749	-0.175567	0.135852	-0.0284806	-0.233084	0.0522206	0.576939	-0.211846	0.129715	-0.354497
-0.022424	0.181345	0.120288	-0.124195	-0.145639	0.105768	0.630645	-0.339011	-0.0430818	-0.363692
0.00392803	0.102574	-0.035919	0.0231763	0.101638	0.0708344	0.2913	-0.141007	-0.0730905	-0.343435
0.028031	-0.0251225	0.14824	0.135621	-0.150491	-0.0354731	0.272213	-0.0186066	-0.179859	-0.17455
-0.170741	0.0542476	0.305683	0.000830305	0.0373877	0.120991	0.386911	-0.377574	0.000558301	-0.358294
-0.189597	0.412179	0.314418	0.199814	-0.170478	-0.00466412	0.286287	-0.444373	-0.0527025	-0.350889
-0.252067	0.282601	0.426528	0.280956	-0.0129266	-0.0375714	0.12517	-0.460918	-0.0397652	-0.312008
-0.101838	0.371652	0.0346443	-0.00989645	-0.0171207	0.255679	0.0629663	-0.534078	0.15798	-0.219987
0.0223168	0.216895	0.169243	-0.11839	0.0119476	0.400148	-0.0466941	-0.600269	0.0526848	-0.10788
0.0397519	-0.170789	0.36728	-0.0559673	-0.110755	0.436638	0.0466304	-0.520372	0.178763	-0.211176
0.014211	-0.124744	0.513844	-0.170403	-0.0713495	0.238249	-0.031846	-0.305414	-0.0274183	-0.035125
-0.0560541	0.0202584	0.359086	-0.146839	-0.114424	0.147549	-0.0379595	-0.05461	-0.228594	0.11159
-0.0246368	0.00226384	0.149605	-0.0310317	-0.0953038	0.132321	-0.0429291	-0.0234604	-0.0766162	0.00978833
0.0216286	-0.000889271	0.0157892	-0.0044042	-0.00184916	0.00343384	-0.00365046	-0.00211086	-0.00804073	-0.019907
5.56705e-06	-4.48901e-11	-1.1751e-06	-3.23953e-07	-3.92607e-09	-1.55756e-06	-2.37693e-07	-7.71681e-09	-2.24411e-06	-1.70249e-08
-2.15674e-08	0.0001189	-5.51092e-05	-1.97532e-05	-4.65251e-07	-6.96666e-07	-7.91164e-07	-7.67212e-06	-3.26506e-05	-1.74041e-06
-9.13851e-07	3.49532e-05	-1.91627e-05	3.04519e-05	-1.91203e-07	-1.09229e-05	-2.58688e-07	-1.3733e-05	-1.22626e-05	-7.96036e-06
-0.00439533	-0.0112574	0.0564115	0.0740367	-0.000412071	-0.0127638	-0.000232321	-0.0693207	-0.0118014	-0.0202652
-0.0585667	-0.013334	0.147047	0.228108	-0.0703611	0.0324705	-0.0179796	-0.159694	-0.0411721	-0.0465167
-0.252624	0.145361	0.205945	0.197621	-0.107267	0.25832	-0.0867388	-0.212406	-0.045376	-0.102828
-0.0555591	0.752696	0.15989	0.0509706	-0.16788	-0.0545711	-0.18552	-0.116894	-0.096216	-0.286913
0.0454198	0.48468	0.321534	0.181635	-0.231898	-0.211575	-0.357907	-0.137309	0.102161	-0.196739
0.0756781	0.105927	0.286284	0.142196	-0.270041	-0.00824224	-0.26038	0.0307507	0.168921	-0.271096
0.194124	0.0778193	0.321679	-0.0333151	-0.208659	0.0543296	-0.13231	-0.0988666	-0.101857	-0.0729462
0.16993	0.137773	0.297019	0.0153143	-0.253272	0.00666053	0.0754942	-0.234574	-0.0674248	-0.14692
0.154607	-0.0725181	0.0597051	0.0266851	-0.173349	-0.110817	0.176775	-0.0942443	0.04739	-0.0142347
0.194598	-0.373835	0.142715	0.141589	-0.141592	0.0587144	0.0586501	-0.272733	0.196746	-0.00485255
0.174688	-0.54867	0.0925898	-0.0547218	-0.191095	0.114698	0.314133	-0.0547072	0.137288	0.0157967
0.50772	-0.370843	0.0151343	-0.120168	-0.100948	0.227014	0.286233	-0.418005	0.158869	-0.185008
0.118058	-0.105469	-0.0612827	-0.106442	-0.190187	0.124691	0.0514523	-0.129449	0.25956	0.0390699
0.128252	0.0307628	-0.126169	0.078317	-0.180285	0.0672766	0.269073	-0.0405674	0.0643648	-0.291024
0.0504801	0.0102842	-0.00790148	0.039629	-0.16085	0.159269	0.193871	-0.0339155	-0.0772961	-0.17357
0.0705796	0.233834	-0.0549902	0.13521	-0.0130867	-0.00145667	0.0527074	-0.260194	0.0952069	-0.25781
-0.10358	0.424187	0.11358	0.0467446	-0.0576619	0.147557	-0.0481204	-0.295361	0.0441169	-0.271462
-0.115442	0.263486	0.255003	0.167758	0.250243	0.146891	-0.037976	-0.296163	-0.130499	-0.5033
-0.177935	0.250287	0.296396	0.132212	0.0523151	0.126591	0.0825174	-0.505828	-0.0839794	-0.172575
-0.0694131	-0.0046102	0.249051	-0.0699967	0.295756	0.0585578	0.0664793	-0.574311	0.136218	-0.0877289
0.0560695	-0.172073	0.382581	0.0273908	0.00606296	0.192667	-0.107797	-0.405801	-0.00224701	0.0231511
0.0547503	-0.0900184	0.26855	-0.0948726	-0.112202	0.240203	-0.126475	-0.294333	0.00543068	0.148971
-0.0388558	-0.0123296	0.215809	-0.103392	-0.0985208	0.153534	-0.0578449	-0.050868	-0.0985557	0.0910256
-0.0170406	-0.0025046	0.0743607	-0.0274487	-0.0630131	0.0873582	-0.0155909	-0.0230092	-0.0310988	0.0179872
0.00229528	0.00473813	-0.0242139	-2.03476e-06	0.00407864	0.0244492	-0.000122363	-0.00111715	-0.00422785	-0.00587796
1.02776e-05	-8.2874e-11	-2.16941e-06	-5.98068e-07	-7.24812e-09	-2.8755e-06	-4.38818e-07	-1.42464e-08	-4.14297e-06	-3.14305e-08
0.0	0.0	0.0	0.0	0.0	0.0	0.0	0.0	0.0	0.0
0.0	0.0	0.0	0.0	0.0	0.0	0.0	0.0	0.0	0.0
-0.000333893	-0.000186262	0.00119105	0.0735792	-0.00016202	-0.000604845	-3.0453e-05	-0.0518798	-0.00255926	-0.0190137
-0.0278215	-0.0534652	-0.0340581	0.257527	-0.0141218	0.0425751	-0.00190511	-0.1227	-0.0343695	-0.0116602
-0.182455	-0.0152154	-0.00110152	0.346097	-0.0535321	0.181626	-0.0160973	-0.0218637	-0.0979059	-0.139552
-0.202528	0.418435	-0.0525801	0.315037	-0.106667	0.185413	-0.0557141	0.0892239	-0.363517	-0.227099
-0.0890879	0.378782	0.00252938	0.247758	-0.0708939	-0.0208515	-0.133307	0.252735	-0.330279	-0.237382
0.114677	0.0903522	0.0952276	0.226251	-0.0555497	-0.176435	-0.269228	0.333407	-0.151026	-0.207678
0.176212	-0.0483185	0.156409	-0.00890627	-0.0350141	0.134569	-0.29482	-0.310714	0.246185	-0.0156032
0.270618	0.0424127	0.19138	0.197062	-0.031015	0.0915926	-0.311513	-0.157048	0.0388518	-0.33234
0.337039	-0.078607	-0.00587785	0.1079	-0.0254705	0.277122	-0.394815	-0.124322	-0.0649726	-0.0279937
0.331576	-0.0832606	0.228373	0.216444	-0.0205149	0.0321551	-0.280524	-0.338071	0.058077	-0.144255
0.20835	0.192538	0.151993	-0.208058	-0.161227	0.108635	-0.0461271	-0.315461	0.144785	-0.0754277
0.261584	-0.0538081	-0.100432	0.148931	-0.0761558	-0.105287	-0.0354883	-0.321157	0.398559	-0.116745
0.277033	-0.225135	-0.0357854	-0.157893	-0.0124813	0.0920469	0.0581066	-0.154838	0.154385	0.00456126
0.224169	0.105096	-0.07956	-0.0318539	-0.0892079	-0.0151335	0.0137102	-0.0275849	0.125593	-0.225228
0.0246196	0.0574051	-0.0289186	-0.288588	0.120146	0.205322	-0.0793197	-0.179074	0.303336	-0.134929
0.0718415	0.267009	-0.075953	0.0377092	-0.0294481	-0.016552	-0.0519433	-0.148853	0.0602032	-0.114014
-0.33103	0.0158099	0.257125	0.293446	0.207761	-0.281879	0.0309878	-0.256317	0.193058	-0.128963
-0.364696	0.0321538	0.464917	-0.0239064	0.207896	-0.0802619	0.0590696	-0.418964	0.186898	-0.0631078
-0.34237	-0.0905761	0.397447	0.0274273	0.233603	0.0617764	0.0201624	-0.532563	0.210389	0.0147069
-0.165445	-0.160734	0.478796	-0.0681131	0.242391	-0.0265907	-0.0495334	-0.513342	0.056605	0.205971
-0.0599109	-0.126559	0.417905	-0.159505	-0.0929385	0.0548582	-0.0477898	-0.335362	0.0120904	0.337215
-0.0415619	-0.102508	0.260188	-0.0911811	-0.137935	0.148097	-0.0468106	-0.30146	0.0690751	0.244098
-0.0602127	-0.024582	0.202684	-0.0416428	-0.0933263	0.103082	-0.0320673	-0.0865498	-0.0677597	0.100375
-0.0114054	0.000762672	0.0748175	-0.0250048	-0.00234715	0.0357698	-0.00823679	-0.0267014	-0.0253239	-0.0123306
-1.70523e-05	0.0200007	-0.0170111	0.00829196	0.00417884	0.0143555	-0.0001441	-0.00092329	-0.0176648	-0.0110667
0.0	0.0	0.0	0.0	0.0	0.0	0.0	0.0	0.0	0.0
0.0	0.0	0.0	0.0	0.0	0.0	0.0	0.0	0.0	0.0
0.0	0.0	0.0	0.0	0.0	0.0	0.0	0.0	0.0	0.0
-0.00152381	-9.72819e-06	-0.00212011	0.0341051	-1.17748e-05	-0.000472433	-3.94351e-06	-0.0250927	-0.000137981	-0.00473265
-0.0025312	-0.0357275	-0.0792932	0.156707	-0.000333452	0.0422459	-0.000157006	-0.0102021	-0.0568352	-0.013873
-0.0158202	-0.0664052	-0.133228	0.289357	-0.0220734	-0.00521835	-0.00292875	0.118064	-0.194778	0.0330328
-0.0842265	0.04242	-0.255207	0.273076	-0.0228596	-0.0057656	-0.0203859	0.389293	-0.372576	0.0562362
-0.118684	0.0330756	-0.363709	0.494607	-0.0351555	-0.0353184	-0.0356027	0.418553	-0.398672	0.0409086
-0.167236	-0.086026	-0.336359	0.471962	-0.0360342	0.0734055	-0.0799819	0.260178	-0.24967	0.149762
-0.104982	-0.210356	-0.176901	0.161424	-0.0562054	0.16121	-0.155444	0.127633	0.188556	0.0650675
-0.0465435	-0.192717	-0.0526347	0.204538	0.0359807	0.407739	-0.230482	-0.00161581	0.0487315	-0.172996
-0.0249402	-0.265991	-0.170652	0.431844	0.01283	0.189453	-0.311033	0.0569654	0.0355309	0.0459923
-0.0247117	-0.294218	-0.115334	0.395552	0.14582	0.134755	-0.440354	-0.0328515	0.361221	-0.129879
0.251533	-0.270499	0.0908231	0.227365	-0.178103	0.229491	-0.38005	-0.0328772	0.281074	-0.218758
0.239134	-0.358069	0.0220674	0.335076	-0.187657	0.389388	-0.4056	0.127231	0.156945	-0.318515
0.142057	-0.354484	0.281181	0.32052	-0.098257	0.308706	-0.35542	-0.0458919	0.219235	-0.417644
-0.0276452	-0.272121	0.0643242	0.150148	-0.11271	0.29062	-0.291434	-0.05753	0.293355	-0.0370066
-0.103751	-0.497004	0.0231247	0.271817	0.0198468	0.102835	-0.146216	-0.099477	0.491349	-0.0625246
-0.154627	-0.141986	0.179107	0.171111	-0.160031	0.229509	-0.0928617	-0.0731187	-0.0587663	0.101664
-0.28556	-0.00721434	0.251996	-0.205218	-0.033305	0.217491	-0.0998582	-0.241494	0.331653	0.0715118
-0.324655	0.0179533	0.00895499	-0.159557	0.112781	0.0464318	-0.110877	-0.202256	0.509655	0.101569
-0.319511	-0.0325533	0.0190077	-0.0663296	0.0909826	0.0646799	-0.0622793	-0.231389	0.141014	0.39638
-0.222232	-0.0375075	0.213991	-0.0218197	0.0781566	0.000578174	-0.066656	-0.246712	-0.0522046	0.354409
-0.100397	-0.0752738	0.0883824	-0.0475219	0.027101	0.167017	-0.038989	-0.236362	-0.0574271	0.273472
-0.0393892	-0.030279	0.121811	-0.0322569	-0.0254702	0.122486	-0.0157683	-0.269936	-0.0408058	0.209609
-0.00610601	-0.0131817	0.245394	-0.0341916	-0.0550536	0.0732072	-0.00339719	-0.106273	-0.0615032	-0.0388949
-0.000493787	0.00679782	0.131958	-0.0067738	0.00973336	-0.0249095	-0.00037122	-0.0438758	-0.0298831	-0.0421818
-4.06229e-07	0.00154016	0.0196039	-1.60552e-05	-0.000118651	-0.00044405	-3.7371e-05	-1.71854e-06	-0.00419536	-0.0163305
0.0	0.0	0.0	0.0	0.0	0.0	0.0	0.0	0.0	0.0
0.0	0.0	0.0	0.0	0.0	0.0	0.0	0.0	0.0	0.0
0.0	0.0	0.0	0.0	0.0	0.0	0.0	0.0	0.0	0.0
-2.56638e-05	-2.62558e-07	-5.32756e-05	0.00327142	-8.00629e-05	-8.74955e-06	-3.59895e-07	-0.00478945	-0.00027387	0.00196027
-0.000127957	-0.00338588	-0.018309	-0.0318567	-7.30302e-05	0.0420583	-5.27657e-05	0.0230202	-0.00426036	-0.00701273
-0.00297296	-0.0500147	-0.0575438	-0.00263459	0.00256246	0.0467053	-0.000914742	0.12699	-0.106343	0.0441664
-0.0187053	-0.103301	-0.0870301	0.10895	-0.0482439	-0.016899	-0.00184305	0.0666558	-0.206864	0.307281
-0.0897746	-0.131265	-0.0817991	0.289921	-0.134486	-0.0198839	-0.00563533	-2.43657e-05	-0.149158	0.32211
-0.140346	-0.173897	-0.174788	0.494302	-0.213533	0.008856	-0.0105907	0.0538132	-0.145065	0.301253
-0.215062	-0.160278	-0.348974	0.733769	-0.39745	0.0169323	-0.0388721	0.304409	-0.239721	0.345257
-0.317014	-0.250474	-0.409467	0.723061	-0.292499	0.18429	-0.0553055	0.378409	-0.203146	0.242149
-0.44997	-0.526637	-0.342915	0.683725	-0.1359	0.203252	-0.0512708	0.219838	0.103423	0.296458
-0.461714	-0.434596	-0.344777	0.563102	-0.299808	0.328003	-0.0495701	0.453604	0.0900263	0.155731
-0.579317	-0.277045	-0.219411	0.699508	-0.455695	0.319198	-0.0453122	0.365265	-0.0787173	0.271527
-0.527279	-0.337531	-0.132343	0.571193	-0.233016	0.322739	-0.104256	0.27029	-0.0472237	0.217431
-0.494024	-0.363467	0.00400537	0.343822	-0.218475	0.113181	-0.101335	0.224519	0.162524	0.329254
-0.440434	-0.39698	0.0630507	0.173231	-0.253866	0.366071	-0.106159	0.22964	0.285618	0.0798287
-0.301438	-0.397701	0.0148845	0.241684	-0.398074	0.304031	-0.0877994	0.133274	0.280729	0.21041
-0.338725	-0.245795	-0.0515037	0.173073	-0.412073	0.292518	-0.0574911	0.0838393	0.304579	0.251582
-0.289874	-0.126543	-0.215224	0.0951558	-0.343173	0.189142	-0.0486779	0.249346	0.193404	0.296448
-0.167492	-0.100889	-0.264673	0.156268	-0.41757	0.180809	-0.0310824	0.0745899	0.115401	0.454642
-0.184521	-0.0385388	-0.183262	0.00339252	-0.238429	0.128563	-0.0170143	-0.0857866	0.0370023	0.578597
-0.140432	-0.00825955	-0.14897	-0.0908982	-0.164899	0.202113	-0.00998448	-0.0666639	-0.0296229	0.45762
-0.0585204	-0.00510991	-0.133591	-0.033323	-0.0732541	0.252571	-0.0068041	-0.0102619	-0.0398129	0.108107
-0.014671	-0.000931764	-0.06484	-0.00595091	-0.0658396	0.177174	-0.00299635	-0.0648047	-0.0121043	0.0549652
-0.00292535	-1.16637e-05	-0.0069822	-0.000246829	-0.0421489	0.0973734	-0.000588776	-0.00587364	-0.00615062	-0.0324454
-4.90681e-07	-8.43931e-06	0.0174072	-0.000259524	-0.000993198	-1.32524e-05	-2.38475e-05	-0.00104325	-0.00350016	-0.0115651
-3.60749e-07	-1.00808e-05	0.0208181	-3.7072e-06	-0.000125758	-9.62356e-06	-2.69972e-05	-1.3832e-06	-0.00331181	-0.0173284
0.0	0.0	0.0	0.0	0.0	0.0	0.0	0.0	0.0	0.0
0.0	0.0	0.0	0.0	0.0	0.0	0.0	0.0	0.0	0.0
0.0	0.0	0.0	0.0	0.0	0.0	0.0	0.0	0.0	0.0
0.0	0.0	0.0	0.0	0.0	0.0	0.0	0.0	0.0	0.0
0.0	0.0	0.0	0.0	0.0	0.0	0.0	0.0	0.0	0.0
-0.000200393	-0.000975798	-0.000769823	0.00141448	0.00401441	-0.00287402	-3.94905e-05	-0.0608794	-0.0119797	0.0722897
-0.00379649	-0.00352712	-0.00301782	0.0236658	0.00214753	-0.00839058	-0.000270865	-0.138496	-0.0398568	0.171542
-0.0189743	-0.00700347	-0.0104016	0.0406067	-0.0549137	-0.0331092	-0.00112708	-0.124959	-0.0656637	0.275546
-0.0419553	-0.0102094	-0.0245054	0.0523197	-0.142124	-0.110592	-0.00198254	0.00581117	-0.0255668	0.298806
-0.0588337	-0.0166641	-0.0306936	0.0265551	-0.240552	-0.143533	-0.00439491	0.105954	-0.0112537	0.373418
-0.110245	-0.0295946	-0.0315137	0.00868619	-0.379648	-0.0972296	-0.00639466	0.199418	-0.0732762	0.519799
-0.100666	-0.088421	-0.0288163	0.0399792	-0.382516	-0.027858	-0.0072272	0.205562	-0.147515	0.53748
-0.0746478	-0.0774448	-0.0741085	0.0452141	-0.454527	0.100559	-0.00906919	0.169516	-0.0898243	0.464335
-0.050582	-0.10093	-0.0391809	0.009853	-0.481601	0.0872866	-0.0107803	0.0599789	-0.0936208	0.619578
-0.096693	-0.160063	-0.0672709	0.0229958	-0.53546	0.00471757	-0.0142899	0.378652	-0.118509	0.585923
-0.134324	-0.12678	-0.0525931	-0.0108874	-0.671069	-0.0232128	-0.0120122	0.442146	-0.177531	0.766263
-0.102275	-0.0740276	-0.0699336	0.00683341	-0.578176	0.100643	-0.0101995	0.516547	-0.216001	0.426592
-0.0724056	-0.0570369	-0.0914919	0.102575	-0.519015	0.0146408	-0.00930018	0.303983	-0.145744	0.473798
-0.0993565	-0.0360806	-0.108589	0.0814865	-0.462177	-0.041518	-0.0088778	0.305117	-0.072501	0.442498
-0.0635104	-0.0466644	-0.068943	0.0414737	-0.471586	-0.0751168	-0.00804332	0.290356	-0.0544435	0.45648
-0.0107305	-0.0254551	-0.0244482	0.00576655	-0.378254	-0.00262503	-0.00488255	0.194217	-0.0727628	0.319176
-0.0483782	-0.00899489	-0.0260922	-0.0170137	-0.189483	0.0446634	-0.00333528	0.00567088	-0.0351473	0.27811
-0.0597468	-0.0045356	-0.0308431	-0.0107459	-0.0926911	0.0426251	-0.00228835	0.00600688	-0.0133502	0.165569
-0.0301507	-0.000752969	-0.0113272	0.000783301	-0.048353	0.0205567	-0.000416242	0.0668013	-0.0032168	0.00607563
-0.00165807	-1.01444e-05	-6.7306e-05	-0.000250537	-0.00197173	0.000310216	-7.91338e-05	-0.00286156	-0.000283958	0.00687222
-5.05003e-06	-1.62193e-09	-5.78056e-07	-1.49416e-06	-0.00133848	-2.68239e-05	-1.52424e-06	-0.000140123	-1.18702e-05	0.00152595
-2.14369e-07	-1.80691e-08	-1.4218e-06	-2.56415e-07	-7.18495e-08	-9.63955e-08	-8.64455e-10	2.19724e-05	-6.84781e-07	-1.92076e-05
0.0	0.0	0.0	0.0	0.0	0.0	0.0	0.0	0.0	0.0
0.0	0.0	0.0	0.0	0.0	0.0	0.0	0.0	0.0	0.0
0.0	0.0	0.0	0.0	0.0	0.0	0.0	0.0	0.0	0.0
0.0	0.0	0.0	0.0	0.0	0.0	0.0	0.0	0.0	0.0
0.0	0.0	0.0	0.0	0.0	0.0	0.0	0.0	0.0	0.0
0.0	0.0	0.0	0.0	0.0	0.0	0.0	0.0	0.0	0.0
-3.22407e-06	-4.15299e-06	-2.16066e-06	-6.46916e-07	-1.23823e-06	-9.68749e-07	-7.39578e-08	0.000157297	-4.16939e-05	-0.000103138
-5.94088e-05	-1.07678e-05	-8.02387e-06	-2.52367e-06	-5.65747e-06	-1.73126e-05	-8.24975e-07	0.00067314	-0.000117052	-0.000451572
-8.893e-05	-9.54465e-06	-3.17155e-05	-3.38175e-05	-0.00733776	-5.69808e-05	-2.57731e-06	-0.000650931	-0.000148608	0.00836086
-0.000173771	-2.25011e-05	-0.000113955	-9.12026e-05	-0.0419401	-0.000538805	-3.90172e-05	-0.00591149	-0.000240577	0.0490714
-0.000498652	-4.77931e-05	-0.000169822	-0.00019573	-0.0440919	-0.00117832	-7.13276e-05	0.00843532	-0.000397536	0.0382158
-0.00108981	-4.40936e-05	-0.000267048	-0.00132812	-0.021384	-0.000868002	-2.89271e-05	0.0105347	-0.000852239	0.0153276
-0.00107683	-0.00396342	-0.00513142	-0.00748061	-0.0480573	0.00300191	-6.43484e-05	0.0599274	-0.0135359	0.0163807
-0.0017466	-0.00130441	-0.00212935	-0.00422888	-0.0313031	0.00884797	-6.621e-05	0.0169524	-0.0037342	0.0187124
-0.00380243	-0.00406188	-0.000961897	-0.00441957	-0.0423625	0.00500858	-0.000403149	0.0282502	-0.00944631	0.0321991
-0.00653846	-0.00404656	-0.00116893	-0.00596316	-0.0341696	-0.00361791	-0.000417177	0.14268	-0.00785408	-0.078904
-0.00986834	-0.00200584	-0.000946884	-0.00821309	-0.107387	-0.011943	-0.000830622	0.125678	-0.00660953	0.022126
-0.00966835	-0.000507091	-0.00110091	-0.00668718	-0.054388	-0.00873333	-0.000774935	0.125109	-0.00616575	-0.0370833
-0.00555975	-0.000326414	-0.000949174	-0.00807549	-0.0336193	-0.00655951	-0.000548773	0.104708	-0.00324771	-0.0458217
-0.00432736	-0.00544671	-0.00128234	-0.00600253	-0.0301021	-0.00818935	-0.000519437	0.132131	-0.00325582	-0.0730047
-0.0044638	-0.0166264	-0.000792501	-0.00380791	-0.039144	-0.00610287	-0.000344676	0.162517	-0.00380443	-0.0874304
-0.00225418	-0.000283808	-0.000504616	-0.00271477	-0.0310394	-0.00669076	-0.000199685	0.119011	-0.00251815	-0.0728054
-0.00427224	-8.94148e-05	-0.00518564	-0.00139593	-0.00626738	-0.0152169	-0.000190081	0.044426	-0.00307017	-0.00873829
-0.0113498	-2.89544e-05	-0.00349606	-0.000428971	-0.00420353	-0.00652312	-8.17473e-05	0.0193156	-0.00156874	0.00836535
-0.0336139	-5.16835e-05	-0.0117387	-0.000275561	-0.00981522	-0.00549541	-0.000203345	0.0509906	-0.00141439	0.0116176
-0.00768084	-3.33209e-06	-0.000135063	-2.79485e-05	-0.00220698	-0.00123396	-1.96349e-05	0.0177378	-0.00029222	-0.00613782
0.0	0.0	0.0	0.0	0.0	0.0	0.0	0.0	0.0	0.0
0.0	0.0	0.0	0.0	0.0	0.0	0.0	0.0	0.0	0.0
0.0	0.0	0.0	0.0	0.0	0.0	0.0	0.0	0.0	0.0
0.0	0.0	0.0	0.0	0.0	0.0	0.0	0.0	0.0	0.0
