0.0	0.0	0.0	0.0	0.0	0.0	0.0	0.0	0.0	0.0
0.0	0.0	0.0	0.0	0.0	0.0	0.0	0.0	0.0	0.0
0.0	0.0	0.0	0.0	0.0	0.0	0.0	0.0	0.0	0.0
0.0	0.0	0.0	0.0	0.0	0.0	0.0	0.0	0.0	0.0
0.0	0.0	0.0	0.0	0.0	0.0	0.0	0.0	0.0	0.0
0.0	0.0	0.0	0.0	0.0	0.0	0.0	0.0	0.0	0.0
0.0	0.0	0.0	0.0	0.0	0.0	0.0	0.0	0.0	0.0
0.0	0.0	0.0	0.0	0.0	0.0	0.0	0.0	0.0	0.0
0.0	0.0	0.0	0.0	0.0	0.0	0.0	0.0	0.0	0.0
0.0	0.0	0.0	0.0	0.0	0.0	0.0	0.0	0.0	0.0
0.0	0.0	0.0	0.0	0.0	0.0	0.0	0.0	0.0	0.0
0.0	0.0	0.0	0.0	0.0	0.0	0.0	0.0	0.0	0.0
-3.01588e-06	-5.39172e-06	-0.000249653	-1.41702e-05	-0.000765914	-1.46794e-05	0.00129278	-5.72095e-06	-6.22467e-05	-0.000171984
-1.48462e-05	-1.29688e-05	-0.000259766	-3.93977e-05	-0.00178609	-3.25343e-05	0.00273044	-1.68844e-05	-0.000144571	-0.000423383
-9.17227e-06	-1.29393e-06	0.000319252	-9.31402e-06	-0.000121296	-4.35757e-07	-0.00011161	-4.84909e-06	-9.20492e-06	-5.20763e-05
-3.82178e-07	-5.39137e-08	1.33022e-05	-3.88084e-07	-5.054e-06	-1.81565e-08	-4.6504e-06	-2.02045e-07	-3.83538e-07	-2.16985e-06
0.0	0.0	0.0	0.0	0.0	0.0	0.0	0.0	0.0	0.0
0.0	0.0	0.0	0.0	0.0	0.0	0.0	0.0	0.0	0.0
0.0	0.0	0.0	0.0	0.0	0.0	0.0	0.0	0.0	0.0
0.0	0.0	0.0	0.0	0.0	0.0	0.0	0.0	0.0	0.0
0.0	0.0	0.0	0.0	0.0	0.0	0.0	0.0	0.0	0.0
0.0	0.0	0.0	0.0	0.0	0.0	0.0	0.0	0.0	0.0
0.0	0.0	0.0	0.0	0.0	0.0	0.0	0.0	0.0	0.0
0.0	0.0	0.0	0.0	0.0	0.0	0.0	0.0	0.0	0.0
0.0	0.0	0.0	0.0	0.0	0.0	0.0	0.0	0.0	0.0
0.0	0.0	0.0	0.0	0.0	0.0	0.0	0.0	0.0	0.0
0.0	0.0	0.0	0.0	0.0	0.0	0.0	0.0	0.0	0.0
0.0	0.0	0.0	0.0	0.0	0.0	0.0	0.0	0.0	0.0
0.0	0.0	0.0	0.0	0.0	0.0	0.0	0.0	0.0	0.0
0.0	0.0	0.0	0.0	0.0	0.0	0.0	0.0	0.0	0.0
0.0	0.0	0.0	0.0	0.0	0.0	0.0	0.0	0.0	0.0
0.0	0.0	0.0	0.0	0.0	0.0	0.0	0.0	0.0	0.0
-2.59666e-09	-1.12706e-08	-6.28373e-07	-1.64376e-09	-8.41482e-06	-1.25861e-08	9.51347e-06	-6.91128e-09	-1.05344e-07	-3.29961e-07
-9.3832e-08	-3.35394e-08	-3.62188e-06	-1.82141e-08	-7.23903e-05	-4.40943e-08	7.85399e-05	-3.64602e-07	-3.31177e-07	-1.64244e-06
-1.84914e-05	-1.06807e-07	-0.000118145	-3.94545e-06	-0.00369151	-6.24118e-06	0.00399018	-2.88862e-05	-4.20966e-06	-0.000118648
-3.58426e-05	-2.43375e-05	-0.000343503	-9.0277e-06	-0.0082149	-1.30394e-05	0.00902357	-8.15693e-05	-2.4825e-05	-0.000276527
-4.02012e-05	-0.00114616	-0.00179625	-5.78766e-05	-0.00743932	-4.02209e-05	0.011496	-0.000271101	-0.000305324	-0.000399567
-6.16619e-05	-0.000994202	-0.00213071	-9.32359e-05	-0.00427824	-3.4537e-05	0.0084844	-0.000296069	-0.00033468	-0.000261069
-0.000562268	-0.000707651	-0.000979453	-9.17587e-05	-0.00825172	-0.000106529	0.0117607	-0.000240121	-0.000325696	-0.000495483
0.00152561	-0.000515529	-0.00431414	-0.00014354	-0.0141776	-0.000229295	0.0211138	-0.000847423	-0.000555046	-0.00185687
0.0040815	-0.000403225	-0.00517376	-0.000222675	-0.0250638	-0.00122922	0.0333255	-0.00207936	-0.000590288	-0.00264466
0.00176664	-0.000228742	-0.00376129	-0.000163841	-0.0171788	-0.00129616	0.0238143	-0.000617441	-0.000716232	-0.00161837
-0.000232218	0.00341672	0.00162436	-0.000275507	-0.0121625	-0.000638606	0.010217	-0.000165542	-0.000898411	-0.000885247
0.00145193	0.00500299	0.00496938	-0.000362661	-0.0193233	-0.000675494	0.0121051	-0.00037564	-0.00102567	-0.00176665
0.00408927	-0.00194872	0.014403	-0.000349201	-0.0138801	-0.00071098	0.00374841	-0.0007867	-0.00108735	-0.00347767
0.00114597	-0.00109791	0.00191931	-0.000168052	-0.00521846	-0.00049924	0.00717909	-0.00036862	-0.000733342	-0.00215875
-0.000937852	-0.000114573	-0.00499545	-5.52106e-05	-0.00368312	-0.000484616	0.0116363	-5.98654e-05	-0.000550186	-0.000755395
-0.000426366	-6.86508e-05	-0.00295768	-4.35839e-05	-0.00259041	-0.000400466	0.00778855	-8.56248e-05	-0.0006041	-0.000611664
-0.000188739	-8.94155e-05	-0.00134939	-3.70803e-05	-0.00246156	-0.00022387	0.00508455	-4.8017e-05	-0.000317193	-0.000369284
-8.33209e-05	-0.000223367	-0.00171741	-4.77349e-05	-0.00506132	-6.47442e-05	0.00776556	-6.39457e-06	-0.000366008	-0.00019525
-8.7961e-06	-1.94017e-05	-0.000196575	-4.20024e-06	-0.00593616	-7.59123e-06	0.00632718	-1.06558e-05	-5.99997e-05	-8.3797e-05
-2.22081e-06	-1.43878e-06	-6.27416e-05	-6.60404e-07	-0.00164073	-7.37143e-06	0.0017954	-1.45651e-05	-2.9307e-05	-3.6358e-05
0.0	0.0	0.0	0.0	0.0	0.0	0.0	0.0	0.0	0.0
0.0	0.0	0.0	0.0	0.0	0.0	0.0	0.0	0.0	0.0
0.0	0.0	0.0	0.0	0.0	0.0	0.0	0.0	0.0	0.0
0.0	0.0	0.0	0.0	0.0	0.0	0.0	0.0	0.0	0.0
0.0	0.0	0.0	0.0	0.0	0.0	0.0	0.0	0.0	0.0
0.0	0.0	0.0	0.0	0.0	0.0	0.0	0.0	0.0	0.0
-1.57782e-08	-3.32962e-10	-8.98198e-08	-8.22831e-10	-1.17094e-06	-2.26423e-07	1.86624e-06	-6.9383e-12	-2.37409e-07	-1.2471e-07
0.00013314	-3.48951e-10	-2.43345e-06	-1.90246e-07	-0.000138435	-2.38473e-05	5.46068e-05	-1.1211e-05	-8.27573e-07	-1.08021e-05
6.00033e-05	-8.1588e-07	-0.00020829	-4.55668e-07	-0.000105494	-4.65949e-06	0.000287005	-4.94523e-06	-1.23626e-05	-9.98647e-06
-9.10936e-05	-8.82354e-07	-6.12606e-05	-3.07121e-06	-0.000204617	-5.00815e-07	0.00037636	-1.91347e-06	-7.67495e-06	-5.34565e-06
-0.00148316	-8.54219e-06	-0.000591956	-4.52941e-05	-0.00442469	-2.14851e-05	0.00697845	-0.000179139	-8.0028e-05	-0.00014415
-0.00180798	-0.000612329	-0.0010877	-0.000495585	-0.0152976	-0.000364023	0.0210805	-0.000513623	-0.00038489	-0.000516726
-0.0027715	-0.00358548	-0.000182246	-0.00175768	-0.0198262	-0.000748257	0.0320754	-0.00112416	-0.00109948	-0.00098035
-0.00789717	-0.00620992	0.00773178	-0.00371383	-0.0221206	-0.00243052	0.0422232	-0.00249501	-0.00344848	-0.00163951
-0.00890146	-0.00985115	0.00998216	-0.00315085	-0.0418037	-0.00547912	0.0731513	-0.00418169	-0.00568515	-0.00408039
-0.012491	-0.0109368	0.0213365	-0.000618986	-0.0569238	-0.0104224	0.0918616	-0.00606978	-0.00854601	-0.00718933
-0.0151775	0.00204922	0.0119568	-0.000916037	-0.0860958	-0.0169193	0.136856	-0.00666084	-0.0134012	-0.0116912
-0.0164584	0.0168148	-0.0014423	-0.000241278	-0.0830892	-0.0210217	0.139551	-0.00512777	-0.0158267	-0.0131587
-0.0218187	0.0195444	0.00405832	0.00262659	-0.0684746	-0.0195169	0.120518	-0.00717099	-0.0169041	-0.0128624
-0.0279556	0.0334983	0.010067	-0.0042494	-0.0715915	-0.0135184	0.115339	-0.00852345	-0.018601	-0.0144648
-0.0282804	0.0143402	0.0128237	-0.00786076	-0.065085	-0.00573157	0.122751	-0.00574184	-0.0198504	-0.0173649
-0.025942	-0.00358253	-0.0046265	-0.00877495	-0.0412597	0.00283667	0.117522	-0.00443038	-0.0176553	-0.0140873
-0.0203385	-0.00412551	-0.0138837	-0.0109486	-0.0277919	0.00588434	0.0966824	-0.00328182	-0.0115835	-0.0106132
-0.0171503	-0.00366867	-0.0229521	-0.00699032	-0.0140848	-0.00137793	0.0865369	-0.00186484	-0.0112225	-0.00722556
-0.00960356	-0.00752321	-0.0173025	-0.00276883	-0.00763127	-0.00766218	0.0606472	-0.000729667	-0.0054302	-0.00199575
-0.00468567	-0.00405444	-0.0181344	-0.00223497	-0.0055485	-0.0071741	0.0480071	-0.000373811	-0.00448056	-0.00132067
-0.0028433	-0.00153144	-0.0130027	-0.00154882	-0.00709143	-0.00419395	0.0341347	-0.000303627	-0.00271999	-0.000899489
-0.00128666	-0.000770419	-0.00276279	-0.00047613	-0.00454237	-0.00361406	0.0145344	-4.57644e-05	-0.000831253	-0.000204993
-0.000319523	-0.00028629	0.0060906	-5.96824e-05	-0.000774833	-0.00207968	-0.00209941	-1.96998e-05	-0.000424613	-2.68658e-05
-5.8164e-06	-1.72376e-05	0.00456114	-6.96721e-07	-0.000209306	-0.000337707	-0.00381874	-2.57782e-08	-0.000170699	-9.08265e-07
0.0	0.0	0.0	0.0	0.0	0.0	0.0	0.0	0.0	0.0
0.0	0.0	0.0	0.0	0.0	0.0	0.0	0.0	0.0	0.0
0.0	0.0	0.0	0.0	0.0	0.0	0.0	0.0	0.0	0.0
0.0	0.0	0.0	0.0	0.0	0.0	0.0	0.0	0.0	0.0
-3.5797e-08	6.72339e-05	-1.16986e-05	-1.21843e-06	-2.59542e-06	-8.2909e-07	-3.50682e-05	-5.18625e-09	-1.54694e-05	-3.13631e-07
3.45245e-05	1.58943e-05	-3.53431e-05	-3.9809e-06	-0.000447971	-0.000109563	0.000645352	-3.47428e-05	-1.72076e-05	-4.69625e-05
-0.00141958	-3.20955e-05	-0.000245822	-0.000166684	-0.000349799	0.000923641	0.00156757	-0.000155048	-7.42774e-05	-4.79106e-05
-0.00576452	-0.000536676	0.00348772	0.00732019	-0.00189186	-0.00332057	0.00356549	-0.00106573	-0.00122421	-0.000569832
-0.00859306	-0.00112368	0.00809957	0.00548416	-0.00822955	-0.00299147	0.0124297	-0.00169778	-0.00272183	-0.000656091
-0.0109935	-0.0049243	0.016539	0.0154341	-0.0209068	-0.00759598	0.0242176	-0.00387091	-0.00593618	-0.00196301
-0.0102499	-0.0146028	0.0363812	0.0190862	-0.0402656	-0.00966488	0.0397351	-0.00772379	-0.00874475	-0.00395079
-0.0258397	-0.0275326	0.0953304	0.0143911	-0.0586117	-0.019248	0.0602397	-0.0123097	-0.0185905	-0.00782905
-0.0284355	-0.0425233	0.117138	0.0337077	-0.074018	-0.0211482	0.0796642	-0.0211307	-0.0283826	-0.0148716
-0.0288106	-0.0587015	0.145251	0.0748559	-0.10529	-0.0387848	0.108989	-0.029805	-0.0444633	-0.0232403
-0.0438281	-0.0390628	0.168523	0.107503	-0.166304	-0.0437688	0.13527	-0.0283836	-0.0594624	-0.0304857
-0.0368018	-0.0232965	0.163695	0.114566	-0.190017	-0.0517065	0.164754	-0.0307606	-0.0694879	-0.0409449
-0.0463653	-0.0159318	0.0871579	0.166707	-0.171047	-0.0463957	0.179905	-0.0322272	-0.0726743	-0.0491277
-0.0479701	0.0132156	0.0429612	0.15978	-0.166297	-0.0242091	0.186733	-0.0351128	-0.0674559	-0.0616443
-0.0557794	0.00551472	0.0698086	0.116685	-0.142354	-0.0220833	0.191829	-0.0335607	-0.0696101	-0.0604496
-0.0752905	-0.0249277	0.0334605	0.0807598	-0.104861	0.0162507	0.215159	-0.0275053	-0.0666617	-0.0463845
-0.0918341	-0.0466304	-0.0334195	0.0579933	-0.0662901	0.0583343	0.220462	-0.0210424	-0.0496343	-0.0279391
-0.09203	-0.0387814	-0.057778	0.0382662	-0.0217551	0.0486101	0.210203	-0.013526	-0.0526553	-0.0205534
-0.0656395	-0.0365456	-0.0616517	0.0210341	-0.00151325	0.0362063	0.168658	-0.00946297	-0.0370192	-0.0140658
-0.0473545	-0.0226842	-0.0555437	-0.0118293	-0.00535031	0.0152409	0.160369	-0.00481727	-0.020947	-0.007084
-0.0307096	-0.0143394	-0.0482373	-0.0156886	-0.00505946	0.00612438	0.11808	-0.00190729	-0.00543195	-0.00283118
-0.0158662	-0.0102731	-0.0347269	-0.00737922	-0.00239811	-0.0124311	0.0820493	-0.000789003	0.00312234	-0.00130802
-0.00713959	-0.00765947	-0.00857351	-0.00297386	-0.00378267	-0.0094083	0.0420343	-0.000369628	-0.00178868	-0.000338607
-0.00210101	-0.00212448	0.00293059	-0.000171936	-0.000207515	0.00621005	-0.00337122	-3.8386e-06	-0.00113457	-2.60792e-05
-0.00043858	-0.00271693	-0.000269207	-1.95924e-05	-9.22254e-05	0.0012442	0.00332659	-1.6325e-07	-0.0010318	-2.30458e-06
0.0	0.0	0.0	0.0	0.0	0.0	0.0	0.0	0.0	0.0
0.0	0.0	0.0	0.0	0.0	0.0	0.0	0.0	0.0	0.0
-1.14524e-08	-1.20274e-08	-3.97553e-07	1.43878e-06	-8.54787e-08	-8.65608e-07	-1.92918e-08	-2.79459e-09	-4.10541e-08	-3.50102e-09
-1.09598e-05	0.000228476	-0.000139786	0.000210182	-1.86554e-06	-0.000141013	-0.000140158	-3.53947e-08	-4.32793e-06	-5.11853e-07
-0.00015786	-3.08613e-05	-0.000392519	0.0020347	-0.000107855	-0.00103656	-0.000138396	2.04713e-05	-0.000145875	-4.52483e-05
-0.00129978	0.00088474	-0.00463927	0.00985556	0.0029262	-0.00681045	0.00112183	-0.000511007	-0.00125528	-0.000272537
-0.0123396	0.00831897	0.0155868	0.0368325	0.00108146	-0.0284609	-0.00581101	-0.0058131	-0.00709458	-0.00230044
-0.0165283	0.00217751	0.0414335	0.0630913	-0.0103167	-0.0496468	-0.00656874	-0.00730258	-0.011281	-0.00505813
-0.01985	-0.0156754	0.0648756	0.106012	-0.0190555	-0.0706847	0.00156101	-0.015594	-0.021869	-0.00972029
-0.0303422	-0.0350893	0.102199	0.154513	-0.0499442	-0.0984031	0.0303774	-0.0256898	-0.0295595	-0.0180616
-0.0312826	-0.0517801	0.185143	0.188367	-0.0843242	-0.100002	0.0260516	-0.0450231	-0.0481505	-0.0389993
-0.0380374	-0.0410882	0.219218	0.224141	-0.127379	-0.0928935	0.0273577	-0.0669716	-0.0497128	-0.0546344
-0.0592954	-0.0314996	0.279903	0.245262	-0.153535	-0.0926623	0.00589163	-0.0884199	-0.0288184	-0.0768269
-0.0695955	0.0335986	0.294213	0.220691	-0.190484	-0.113176	0.0163266	-0.111056	0.0281427	-0.108659
-0.0468459	0.0991348	0.227202	0.22314	-0.193807	-0.145408	0.0339545	-0.127344	0.0558716	-0.125897
-0.0438088	0.118778	0.171738	0.189663	-0.199569	-0.0812903	0.0244261	-0.141694	0.126551	-0.164795
-0.00270884	0.0874592	0.110703	0.154968	-0.190808	0.0238396	0.0269905	-0.141326	0.121374	-0.190492
-0.0303929	0.05752	0.120918	0.112467	-0.1507	0.076397	0.0854756	-0.136155	0.0549874	-0.190518
-0.0218434	0.0315825	0.078696	0.0464595	-0.108743	0.0907939	0.161591	-0.114274	-0.0175123	-0.146751
-0.0580324	0.0204918	0.0151012	0.0370399	-0.0703163	0.102562	0.210887	-0.0893427	-0.0542394	-0.114151
-0.0589662	0.0971557	-0.0429677	-0.0183517	-0.00920665	0.0378423	0.20922	-0.0659614	-0.0572007	-0.0915643
-0.0541126	0.105134	-0.0762658	-0.06381	0.0333937	-0.0252676	0.22223	-0.04708	-0.0293922	-0.0648297
-0.0563312	0.0966768	-0.111892	-0.0809163	0.0265262	0.0630663	0.208835	-0.0286698	-0.0659549	-0.05134
-0.0459056	0.0542706	-0.108197	-0.0605762	0.0404944	0.0620388	0.171941	-0.0188891	-0.0625079	-0.0326699
-0.044535	0.0151963	-0.0876451	-0.0647018	0.0470834	0.0842054	0.1211	-0.00913182	-0.0475556	-0.0140159
-0.0364091	-0.0234601	-0.0390681	-0.0165555	0.0247489	0.0716701	0.0396862	-0.00344243	-0.0127051	-0.00446481
-0.010173	-0.014011	-0.00534423	-0.00254341	0.000458118	0.0219554	0.00635498	-0.000738862	0.00524701	-0.00120495
-0.000842405	-0.00133812	-0.00103202	-5.32916e-05	-0.000759199	0.00132971	0.000687635	-0.0001629	0.00251732	-0.000346728
-2.5986e-05	-0.000696455	-0.000761262	-1.30382e-05	-0.000240978	-0.000315757	0.00237613	-5.17291e-06	-0.000302497	-1.49852e-05
0.0	0.0	0.0	0.0	0.0	0.0	0.0	0.0	0.0	0.0
0.0	0.0	0.0	0.0	0.0	0.0	0.0	0.0	0.0	0.0
-5.60096e-05	2.22498e-05	6.75674e-05	0.00071685	-2.53253e-05	-0.000669451	1.3983e-05	-6.2923e-06	-6.1852e-05	-1.72079e-06
-0.00100357	0.000936915	-0.000885016	0.0147261	0.000177767	-0.00659089	-0.00329603	-0.000261466	-0.00296481	-0.000839006
-0.00593742	0.001538	0.00446634	0.0400321	0.0047449	-0.0241778	-0.00315876	-0.00336022	-0.00975192	-0.00439523
-0.0201942	0.0168963	0.0266081	0.0965925	0.0112142	-0.0610534	-0.0322497	0.00378337	-0.0261023	-0.0154949
-0.0286406	-0.00348484	0.0835656	0.138273	0.00474087	-0.0947158	-0.0263276	-0.0048101	-0.0347392	-0.0338614
-0.0481657	-0.0468915	0.164265	0.16199	0.00204374	-0.083925	-0.0314517	-0.0170085	-0.048754	-0.0521026
-0.0552635	-0.0984804	0.212416	0.179198	-0.00721164	-0.0780725	0.00694751	-0.033732	-0.0534724	-0.0723301
-0.0540373	-0.115872	0.253424	0.184587	-0.0210406	-0.0279814	-0.00781392	-0.0696718	-0.0363805	-0.105213
-0.0208127	-0.075809	0.247682	0.197882	-0.0640893	-0.00833862	-0.0151899	-0.102261	-0.0575327	-0.101531
-0.0178817	-0.0397634	0.253103	0.143279	-0.0955314	-0.00356991	-0.095465	-0.148328	0.0604116	-0.0562545
0.0127564	0.0159912	0.241053	0.0749447	-0.133634	-0.0377384	-0.0723848	-0.193979	0.129313	-0.0363218
0.109967	0.0756343	0.22542	0.0480608	-0.156169	-0.0480681	-0.12137	-0.25042	0.135533	-0.0185885
0.138998	0.105939	0.229834	0.00947599	-0.11227	-0.0637553	-0.0693567	-0.281558	0.15767	-0.114976
0.165662	0.0904264	0.256013	0.0653087	-0.0815169	-0.0743253	-0.0784013	-0.292678	0.134349	-0.184839
0.138412	-0.00565426	0.247593	0.125591	-0.0251617	-0.00876661	-0.0360901	-0.281971	0.136677	-0.290629
0.154697	-0.0365815	0.196402	0.00800638	-0.0170688	0.0789456	0.0327631	-0.257176	0.154472	-0.31446
0.101296	0.000765282	0.0926706	-0.0194502	0.0430639	0.11348	0.133936	-0.225726	0.0516433	-0.291679
0.00671547	0.0641097	-0.0191765	-0.015758	0.0989942	0.0674398	0.178892	-0.192566	0.059808	-0.24846
-0.022341	0.139075	-0.05545	-0.095856	0.0797405	0.134382	0.142712	-0.150405	0.0226911	-0.194549
-0.00989039	0.188273	-0.0659264	-0.160365	0.0951288	0.161615	0.0853246	-0.105723	-0.034072	-0.154364
-0.0265651	0.137076	-0.101574	-0.126277	0.147802	0.180146	0.071844	-0.0733787	-0.0815992	-0.127475
-0.0636078	0.0566123	-0.112956	-0.128511	0.165102	0.208684	0.0730873	-0.0427923	-0.07517	-0.0804491
-0.067592	0.00259507	-0.0670807	-0.0480739	0.068831	0.171355	0.0280916	-0.018125	-0.0333292	-0.0366722
-0.0256152	-0.0225211	-0.0150767	-0.010804	0.0111024	0.0741491	-0.00153793	-0.00536517	0.00745482	-0.0117863
-0.00616213	-0.00323968	-0.00389774	-0.000955065	-0.00231462	0.0146093	0.00537847	-0.00145527	-0.00032286	-0.00164036
-0.000536399	-0.00098772	-0.00112903	-5.37277e-05	-0.000102404	5.74678e-05	0.00351335	-5.10914e-05	-0.000687865	-2.25798e-05
0.0	0.0	0.0	0.0	0.0	0.0	0.0	0.0	0.0	0.0
-4.9101e-07	-3.47235e-07	-1.12558e-06	3.45381e-05	-1.59776e-07	-1.96042e-06	-5.41927e-08	-6.04406e-07	-2.06162e-06	-2.77339e-05
-0.00014417	-0.00210318	-0.00085162	0.00396843	-0.00151832	-0.000176575	-0.000331976	0.00340656	-0.00103808	-0.00121107
-0.00144155	-0.000465547	-0.000797519	0.0424344	-0.00464352	-0.0226705	-0.00782663	0.0113052	-0.00989265	-0.00600166
-0.0102877	-0.00134018	0.0182609	0.0864128	0.0121519	-0.0544247	-0.0108586	0.00846913	-0.0223362	-0.0260474
-0.0192198	-0.0115092	0.0523545	0.144381	0.037463	-0.0846796	-0.0367494	0.021064	-0.0360216	-0.0670828
-0.0383287	-0.0373085	0.123887	0.175665	0.031135	-0.0952488	-0.0542777	0.0476973	-0.0485963	-0.104625
-0.0598449	-0.0874238	0.189205	0.118414	0.0368991	-0.0590582	-0.0362837	0.0719622	-0.0241851	-0.149685
-0.0687962	-0.156834	0.187076	0.140911	0.00818168	-0.0166759	-0.0325023	0.09417	0.0102261	-0.165756
-0.0777659	-0.191295	0.201712	0.150674	-0.0132713	0.0246973	-0.0629646	0.0734496	0.0252586	-0.130494
-0.0216784	-0.15376	0.158283	0.145873	-0.0452545	0.0468821	-0.10918	0.0752397	-0.010438	-0.0859666
0.00540806	-0.0962855	0.0975655	0.0736799	-0.157167	0.0457478	-0.119102	0.0461454	0.0573781	0.0466289
0.0282353	-0.0782187	0.0758387	0.0851882	-0.182063	0.00801401	-0.109689	-0.0335987	0.0955957	0.110698
0.12765	-0.0803244	0.0965992	0.146433	-0.235657	-0.0157075	-0.167025	-0.118559	0.0323107	0.21428
0.145564	-0.0651341	0.115942	0.120578	-0.282949	0.0165621	-0.155155	-0.144683	0.0457234	0.203551
0.131113	-0.126442	0.104297	0.133412	-0.246961	-0.0363335	-0.118839	-0.132831	0.149484	0.143101
0.160132	-0.161938	0.0878968	0.160315	-0.206166	-0.0303021	-0.125697	-0.134018	0.11173	0.138048
0.203191	-0.152268	0.0479624	0.0950113	-0.160631	0.0523763	-0.102737	-0.149273	0.0514671	0.114901
0.197447	-0.0850456	0.0137471	0.0884284	-0.13068	0.107131	-0.0645908	-0.160469	-0.0363678	0.0704007
0.101248	-0.0162157	-0.0644117	-0.0202502	-0.0136189	0.128226	-0.00244598	-0.129761	0.0589119	-0.0416825
0.0584219	0.0789408	-0.0827124	0.00297415	0.0183526	0.116919	-0.025181	-0.123723	0.073617	-0.117608
0.0841222	0.102355	-0.0632063	-0.0721319	0.112462	0.1449	-0.0516523	-0.089775	0.0258409	-0.192913
0.0601481	0.0739843	-0.107855	-0.134807	0.225175	0.204335	-0.0531833	-0.0820781	0.0253612	-0.21108
-0.0390561	0.0121736	-0.141633	-0.155718	0.242614	0.300607	-0.0329472	-0.0682226	0.0506712	-0.16849
-0.103661	-0.0227225	-0.0696165	-0.0816964	0.0965327	0.33246	-0.026031	-0.0419241	0.00993729	-0.0932781
-0.0573464	-0.0252712	-0.0212381	-0.0222334	0.00435955	0.166813	-0.0179606	-0.0177411	0.0228111	-0.0321932
-0.0194888	-0.00226177	-0.00310301	-0.00242119	0.00183733	0.049825	-0.00789067	-0.00630145	-0.00250687	-0.00768863
-0.00203521	-0.000293651	-0.000343205	-0.000290707	-0.000436807	0.00612627	-0.000614389	-0.000496101	-0.00105138	-0.000564817
0.0	0.0	0.0	0.0	0.0	0.0	0.0	0.0	0.0	0.0
-8.55136e-05	-0.000138032	-0.000265631	0.00109658	-0.000198954	-0.000348994	-7.96087e-05	0.0015172	-0.000492604	-0.00100443
-0.000580494	-0.00178754	0.00193882	0.00246481	-0.00241783	-0.0051384	-0.00129397	0.0136375	-0.00243427	-0.00438857
-0.00408221	-0.00332186	0.00432912	0.0425709	-0.00384833	-0.0325546	-0.0108907	0.0418173	-0.0116619	-0.0223577
-0.0192808	-0.00912499	0.0415995	0.135072	0.0188023	-0.11019	-0.0179862	0.0389352	-0.0107527	-0.0670742
-0.023836	-0.0352382	0.0722799	0.191614	0.0543015	-0.123512	-0.049794	0.0688168	-0.014506	-0.140126
-0.045816	-0.0704458	0.164561	0.134828	0.038088	-0.095853	-0.0796078	0.12186	0.0166782	-0.184292
-0.0730653	-0.120951	0.141506	0.0803471	0.0330712	-0.0246254	-0.0378044	0.161261	0.0552706	-0.21501
-0.0770477	-0.20584	0.137041	0.0613366	-0.00449859	0.0470994	-0.0366602	0.160666	0.0757818	-0.157878
-0.012292	-0.2293	0.0877108	0.0729318	-0.0422132	0.0686486	-0.0747343	0.195136	0.0219413	-0.0878283
3.53415e-05	-0.209265	0.0421427	0.0315442	-0.131271	0.128353	-0.121726	0.224108	0.0214109	0.0146679
0.0392495	-0.196359	0.0445736	0.0448972	-0.219358	0.111133	-0.116407	0.219306	-0.0435549	0.116519
0.0558744	-0.129227	0.0196803	0.0973985	-0.289821	0.0408062	-0.157623	0.203465	-0.0418583	0.201304
0.0824468	-0.14134	0.0950329	0.11984	-0.308688	-0.00551146	-0.192985	0.120718	-0.0512988	0.281787
0.0775044	-0.120015	0.070004	0.175188	-0.39121	0.0330916	-0.162936	0.0117057	-0.102746	0.409414
0.0765573	-0.195357	0.0238332	0.172428	-0.42596	-0.0453385	-0.139914	0.00803493	0.0264925	0.499223
0.136426	-0.171544	-0.0128003	0.112219	-0.389187	0.031435	-0.210099	0.0766663	-0.0124962	0.439381
0.203641	-0.126946	-0.0729277	0.10709	-0.27007	0.111357	-0.229501	0.110994	-0.0928018	0.259165
0.199135	-0.129021	-0.048932	0.0622381	-0.214339	0.108394	-0.236692	0.117357	-0.0023567	0.144216
0.119256	-0.0513666	-0.03714	0.0656334	-0.110642	0.108988	-0.22206	0.0875244	-0.0304922	0.0702987
0.0493719	-0.00451819	-0.0510035	0.0675365	-0.0655243	0.0727745	-0.210526	0.0675825	0.0728793	0.00142773
0.0756588	-0.00620819	-0.0211479	0.00464845	0.0505255	0.104726	-0.204955	0.00974443	0.0976881	-0.11068
0.0942717	-0.0149818	-0.0379076	-0.0995347	0.184633	0.183508	-0.195164	-0.0254338	0.116734	-0.206124
0.0363821	-0.0590382	-0.15112	-0.166412	0.197935	0.344192	-0.127617	-0.0400018	0.162127	-0.196448
-0.0753886	-0.0897456	-0.0989479	-0.113284	0.0572159	0.446703	-0.0541675	-0.0461482	0.101605	-0.127842
-0.0765918	-0.0410173	-0.0254097	-0.0281997	-0.0143413	0.297945	-0.0380572	-0.0316035	0.00924555	-0.0519699
-0.0267749	-0.00258509	-0.00393776	-0.0022445	-0.000479817	0.070354	-0.00824274	-0.00722863	-0.00615651	-0.0127041
-0.00151405	-0.000572193	-0.000224854	-0.000103251	-0.000547751	0.0053228	-0.00169467	-0.000358946	0.000129015	-0.0004361
0.00102932	-9.92186e-08	-3.96902e-05	-1.05096e-07	-5.09961e-05	-7.28893e-07	-2.27434e-06	-0.000435606	-4.45941e-06	-0.000495363
-0.000179362	-0.000167207	0.000278351	-0.00169758	-0.00209573	-0.000757742	-0.000252774	0.00964941	-0.00084415	-0.00393321
-0.00163608	-0.000777395	0.000836406	-0.00238206	-0.00299098	-0.0063101	-0.0018236	0.0325545	-0.00376962	-0.013701
-0.00697344	-0.0015177	0.00905731	0.0280212	-0.00688541	-0.034423	-0.0119382	0.0748732	-0.00246818	-0.0477459
-0.0331584	-0.0118639	0.055422	0.138272	0.000588543	-0.133462	-0.0290718	0.0996574	0.013369	-0.0997525
-0.0440846	-0.0364552	0.0861572	0.1704	0.0456259	-0.153622	-0.0719851	0.110446	0.0403012	-0.146783
-0.0679583	-0.0848868	0.117039	0.131021	0.0166863	-0.113314	-0.0967557	0.125243	0.104118	-0.131193
-0.0795328	-0.135223	0.0900852	0.0652394	-0.00873877	-0.040233	-0.0641763	0.203779	0.130286	-0.161486
-0.0579564	-0.205666	0.0700389	0.0379155	-0.0647449	0.0537606	-0.0479968	0.182086	0.0905888	-0.0580256
-0.00205258	-0.247315	0.0763363	0.018189	-0.046735	0.0666922	-0.0757621	0.166582	0.0958966	-0.0518313
0.0227625	-0.242906	0.129251	-0.00339419	-0.134848	0.101183	-0.126978	0.183002	0.0590076	0.01292
0.0337017	-0.198835	0.133773	-0.0288432	-0.140346	0.136463	-0.13292	0.229995	0.00826198	-0.0412503
0.061372	-0.111246	0.0995676	0.0244895	-0.1983	0.0432069	-0.156507	0.239828	0.0458517	-0.0482617
0.0413352	-0.0726084	0.087276	0.0965843	-0.225616	-0.0269622	-0.200642	0.147954	0.0296984	0.122981
0.0717101	-0.037304	0.113537	0.1749	-0.411984	-0.0736812	-0.199738	0.156712	-0.0882865	0.294135
0.131816	-0.0174745	0.107871	0.157821	-0.430764	-0.156096	-0.221938	0.214527	-0.0729003	0.287138
0.224732	-0.0628389	0.00979548	0.122317	-0.31903	-0.096627	-0.285261	0.269096	-0.0389397	0.176756
0.211539	0.000537644	-0.0294647	0.111941	-0.183173	-0.0375262	-0.352327	0.258703	-0.0534091	0.0731813
0.156583	-0.0865673	-0.0267276	0.1385	-0.133447	-0.0249834	-0.402165	0.24793	0.0618627	0.0690143
0.131461	-0.0993092	0.0527366	0.0974583	-0.0745884	-0.0105026	-0.376022	0.163661	0.101325	0.0137807
0.0819516	-0.104237	0.00431421	0.15074	-0.0367327	0.0487965	-0.313545	0.120321	0.0766087	-0.0282179
0.0604094	-0.119308	-0.0143449	0.0924578	0.0115732	0.106596	-0.281769	0.0475078	0.121373	-0.0244961
0.140313	-0.142766	-0.0470739	-0.0101423	0.0610641	0.199465	-0.262929	0.0319117	0.175548	-0.14539
0.138822	-0.155725	-0.105253	-0.186924	0.0669191	0.447527	-0.199382	-0.0222341	0.186269	-0.170018
-0.0330627	-0.129353	-0.118862	-0.135365	-0.0211824	0.598817	-0.109955	-0.0632097	0.128588	-0.116416
-0.0823479	-0.0569552	-0.0388051	-0.0362004	-0.03095	0.387038	-0.0540923	-0.039542	0.00682326	-0.0549682
-0.0226434	-0.00448941	-0.00453974	-0.00246345	-0.0124197	0.0801952	-0.0176055	-0.00812284	0.00191317	-0.00982424
-0.00119965	-0.000416226	-0.000250057	-2.485e-05	-0.00039692	0.0037371	-0.00199422	-0.00139075	0.00242651	-0.000490943
-1.6934e-06	-2.06237e-06	-2.70804e-06	-5.36003e-05	-0.000197784	-2.22646e-05	-2.01015e-06	0.00079385	-1.2853e-05	-0.000498874
-0.000392914	-5.38268e-05	-0.000387406	-0.0017564	-0.00252505	-0.000735624	-0.00013492	0.0122531	-0.000692567	-0.00557442
-0.00115663	-0.000509468	0.00380488	0.000953377	-0.00478021	-0.00369046	-0.00160476	0.0331387	-0.00659233	-0.0195631
-0.0076584	-0.00162949	0.0103009	0.0298778	-0.0250683	-0.0338084	-0.018596	0.104701	-0.0026462	-0.055473
-0.0325195	-0.0146634	0.0372437	0.119558	-0.0369523	-0.112466	-0.0323797	0.154038	0.0408525	-0.12271
-0.050218	-0.0486012	0.089602	0.0905623	-0.0104913	-0.114361	-0.0848075	0.146827	0.0819903	-0.100502
-0.0661323	-0.0913699	0.0557624	0.0622284	-0.0371862	-0.0679919	-0.0866879	0.115348	0.133416	-0.0173871
-0.062509	-0.117338	-0.0120794	0.0169388	-0.0475942	0.0248525	-0.0271286	0.106473	0.141333	-0.0229484
-0.0396549	-0.166652	-0.0420805	-0.0613635	-0.0647364	0.125197	-0.0153532	0.0668199	0.170222	0.0276021
0.00295483	-0.215294	0.0145524	-0.114983	-0.0286591	0.142502	-0.0738027	0.0467498	0.172214	0.0537659
0.0510061	-0.21422	0.103289	-0.210319	-0.0547055	0.179057	-0.109359	0.0760667	0.137062	0.0421222
-0.00210425	-0.150719	0.0956942	-0.297085	-0.057824	0.26662	-0.0985641	0.142309	0.108908	-0.0072351
0.0218244	-0.0778443	0.0713566	-0.246307	-0.0579773	0.18014	-0.134743	0.170733	0.0480203	0.0247977
0.0799088	0.0292432	0.101405	-0.0800506	-0.163169	0.0427849	-0.166923	0.169254	-0.0384494	0.0259956
0.0557147	0.146759	0.145686	0.144711	-0.456687	-0.12052	-0.136292	0.253176	-0.159688	0.127141
0.039143	0.252795	0.164401	0.215319	-0.354859	-0.263235	-0.24312	0.336043	-0.262429	0.115943
0.121144	0.118734	0.105429	0.184113	-0.112571	-0.26732	-0.363663	0.387926	-0.174043	0.000250406
0.198607	-0.00175414	0.00970158	0.118468	-0.0221094	-0.186977	-0.453218	0.343968	-0.0289246	0.0222396
0.215338	-0.0922153	0.0572692	0.0863039	-0.0318839	-0.117971	-0.45686	0.240399	0.0504751	0.0491447
0.18649	-0.154433	0.0371874	0.107568	-0.0125812	-0.0679586	-0.399226	0.220013	0.102608	-0.0196686
0.108277	-0.180231	-0.00392142	0.194523	-0.0420728	0.0239118	-0.309396	0.151219	0.0601253	-0.00243434
0.0484069	-0.203472	-0.0383908	0.143368	-0.0478909	0.150843	-0.258458	0.128527	0.123237	-0.0461718
0.126071	-0.206657	-0.0291001	0.0104625	-0.0492501	0.25418	-0.244207	0.061125	0.183393	-0.106017
0.203101	-0.180678	-0.0989248	-0.126288	-0.0762318	0.465035	-0.180764	-0.0501266	0.188247	-0.143369
0.0370318	-0.114475	-0.110828	-0.104029	-0.11573	0.632376	-0.129219	-0.0679766	0.0822574	-0.109408
-0.0771618	-0.0465433	-0.0345688	-0.0245137	-0.0749554	0.424953	-0.0766253	-0.0290871	-0.0127726	-0.048725
-0.0223801	-0.0055311	-0.00440842	-0.00260092	-0.0212911	0.0940468	-0.0241477	-0.00468984	0.00342791	-0.0124256
-0.00053737	-0.000945819	-0.000469357	-0.000164917	-0.00181767	0.00674663	-0.00184914	0.00307018	-0.00274547	-0.00128707
-2.71342e-06	-2.42861e-06	-5.22717e-06	-8.30221e-05	-0.000231692	-2.77717e-05	-2.38713e-06	0.00111741	-1.71855e-05	-0.000744978
-0.000456817	-2.26617e-05	-9.66245e-05	-0.00161929	-0.00212332	-0.000592878	-4.51306e-05	0.0111987	-0.000385814	-0.00585612
0.000707755	-0.000330866	0.00287612	0.00247227	-0.00965786	-0.00329662	-0.00303204	0.0427897	-0.00614029	-0.0263882
-0.0127433	-0.00496539	0.00840553	0.0444724	-0.0342291	-0.0272724	-0.0169084	0.11297	-0.0102133	-0.0595164
-0.0308254	-0.0118524	-0.0192797	0.0465597	-0.0417716	-0.0547501	-0.0411676	0.179583	0.0689726	-0.0954681
-0.0494481	-0.0442223	-0.000125133	-0.0179601	-0.0455628	-0.0330259	-0.067627	0.16367	0.0943238	-2.2187e-05
-0.0537685	-0.0902753	-0.00576424	-0.0817091	-0.0511634	0.0235453	-0.0475907	0.0697545	0.159226	0.0777452
-0.046314	-0.111434	-0.12124	-0.153423	-0.0178745	0.105606	0.0228933	0.0397567	0.210585	0.0714448
-0.0261882	-0.137051	-0.150442	-0.252848	-0.0122408	0.197596	0.0298747	-0.0193455	0.233822	0.136823
0.0119747	-0.176624	-0.150669	-0.349901	0.0740874	0.249879	-0.0502065	0.0120263	0.241139	0.138294
-0.0106932	-0.152023	-0.117571	-0.411128	0.075997	0.225253	-0.0168661	0.0438625	0.209435	0.153734
0.021806	-0.108782	-0.120493	-0.436555	0.0687562	0.247563	-0.0434401	0.0319869	0.170585	0.168573
0.042037	-0.0244999	-0.172565	-0.333337	0.101246	0.252435	-0.0920724	0.0181884	0.120844	0.087725
0.0487466	0.126665	-0.207219	-0.0280124	-0.200869	0.157927	-0.0404101	0.136695	0.0630796	-0.0566023
-0.0107367	0.342501	-0.083408	0.19741	-0.459908	0.0243842	-0.148683	0.243661	-0.0763562	-0.0288619
-0.0859864	0.434042	-0.0275209	0.210161	-0.185511	-0.108043	-0.309101	0.366761	-0.236763	-0.0580394
-0.0440519	0.182284	0.010673	0.177036	0.0260527	-0.180521	-0.387877	0.464217	-0.270609	0.0227962
0.108068	0.00553403	0.00661532	0.131789	0.0822097	-0.230823	-0.402764	0.330461	-0.113731	0.0826423
0.169624	-0.140564	0.0638434	0.145881	-0.0232136	-0.211273	-0.367399	0.243919	0.0407528	0.07843
0.135137	-0.167237	0.0381416	0.162889	0.00354052	-0.182786	-0.320594	0.231529	0.0828738	0.0165062
0.126	-0.21041	-0.0189172	0.202449	-0.104702	-0.0919393	-0.235623	0.217564	0.0481207	0.0674581
0.0957497	-0.208486	-0.0398314	0.0897495	-0.113681	-0.0176991	-0.166329	0.174709	0.138782	0.0470368
0.184922	-0.182157	-0.0530096	-0.0370112	-0.128487	0.0609699	-0.111499	0.0720094	0.20091	-0.00664839
0.258571	-0.144697	-0.0844342	-0.0820664	-0.185978	0.265638	-0.0785929	-0.0695249	0.175137	-0.054053
0.109268	-0.0955465	-0.0803026	-0.0653469	-0.149359	0.459081	-0.0904008	-0.0606427	0.0669413	-0.093692
-0.0592201	-0.0322059	-0.0261291	-0.0129517	-0.0882949	0.367857	-0.0783103	-0.0224094	-0.0046187	-0.0437172
-0.0208636	-0.00678698	-0.000486905	-0.00202799	-0.0214112	0.0914579	-0.0238297	-0.00370572	0.00224465	-0.0145906
-0.000312512	-1.10927e-05	-0.000255754	-6.30182e-05	-0.000491471	0.00395639	-0.00287448	0.00058851	0.00183136	-0.00236793
-2.65503e-05	-2.24386e-06	-8.40513e-06	-6.11344e-05	-5.36036e-05	-4.10954e-05	-4.12629e-06	0.000642768	-2.56127e-05	-0.000419996
0.000441937	0.000161451	-0.000154088	-0.00109216	-0.00493173	-0.00193342	-7.72544e-05	0.0182539	-0.000504784	-0.0101639
-0.00414247	-0.000147442	-0.0014834	0.00236531	-0.0256061	-0.00502286	-0.000878944	0.0780383	-0.00503602	-0.0380863
-0.0143118	-0.00316893	-0.00974365	0.0360275	-0.0345929	-0.0252095	-0.0184097	0.136993	-0.00512313	-0.0624606
-0.0584544	-0.00718756	-0.0648463	0.00312015	-0.0454803	-0.0250802	-0.0370878	0.19695	0.0575669	-0.0195009
-0.0598237	-0.028508	-0.132988	-0.102515	-0.0429997	0.0214435	-0.0257532	0.144262	0.116061	0.110822
-0.0290122	-0.0731635	-0.215227	-0.203469	-0.00499719	0.108561	0.000918509	0.0677107	0.178388	0.170291
-0.00586828	-0.0999605	-0.304591	-0.305198	0.0379824	0.123844	0.0770359	0.0747332	0.249281	0.15274
0.0047171	-0.12942	-0.341042	-0.350874	0.078017	0.153985	0.053797	0.00421085	0.276905	0.249705
-0.0189187	-0.174645	-0.325936	-0.335572	0.15331	0.152923	0.0425132	0.0686961	0.266397	0.171234
0.00595884	-0.188632	-0.398429	-0.303207	0.245602	0.155114	0.0436184	0.0894645	0.150993	0.199518
0.0136114	-0.188727	-0.418884	-0.220102	0.246082	0.201135	0.00965051	0.0553113	0.11838	0.183544
0.00842461	-0.0853208	-0.499797	-0.0975496	0.209953	0.29823	0.0469721	-0.0179867	0.148033	-0.0109577
-0.0300913	0.174299	-0.520248	0.097791	-0.244429	0.336277	0.0424886	0.0276757	0.207525	-0.0912878
-0.208746	0.5045	-0.364904	0.189707	-0.375902	0.1194	-0.175976	0.136754	0.185759	-0.010593
-0.344127	0.515941	-0.242119	0.19222	-0.018741	-0.0728626	-0.342189	0.308844	-0.0882405	0.0912741
-0.302035	0.160289	-0.1468	0.106641	0.248281	-0.17393	-0.290316	0.387885	-0.167702	0.177687
-0.118646	-0.0360243	-0.137091	0.154597	0.173624	-0.227082	-0.238237	0.29318	-0.0983167	0.233997
-0.00617884	-0.110434	-0.0357048	0.168446	-0.00203537	-0.242814	-0.19616	0.254586	-0.0300443	0.200339
0.0856588	-0.170278	0.0686371	0.13353	-0.0404624	-0.336075	-0.173018	0.177907	0.0304747	0.223627
0.105006	-0.161101	-0.0176576	0.105523	-0.110176	-0.387189	-0.103629	0.186738	0.0794379	0.303047
0.143647	-0.130245	-0.0247896	-0.0591535	-0.106759	-0.352838	0.00827733	0.141394	0.176306	0.20416
0.227671	-0.0932722	-0.0865265	-0.0930601	-0.143324	-0.289554	0.0792514	0.0519241	0.223587	0.123303
0.277705	-0.070472	-0.0953007	-0.0865122	-0.157149	-0.101211	0.106642	-0.0497299	0.192497	-0.0164683
0.15958	-0.0496521	-0.0495896	-0.0465876	-0.113804	0.074485	0.00524486	-0.0401907	0.128994	-0.0684789
-0.0286178	-0.0227714	0.0025016	-0.00457007	-0.0483119	0.160183	-0.0409639	-0.0174563	0.0351141	-0.0351075
-0.0128755	-0.00527675	0.000506374	-0.00119737	-0.00775942	0.0459604	-0.0251082	-0.0050555	0.0239093	-0.0131033
-0.000160946	0.00104499	-5.37539e-05	-1.67802e-05	-0.00023775	0.00205069	-0.00137244	-0.000116586	0.000318467	-0.00145589
-8.81954e-07	-2.44643e-08	-2.16195e-06	-1.01289e-05	-1.32415e-06	-2.36647e-06	-1.56852e-08	0.000442425	-1.06088e-05	-0.000414912
-9.5198e-05	-2.49713e-05	-1.29207e-05	-0.00126552	-0.006903	-0.00197342	-0.000104248	0.019159	-0.000343175	-0.00843659
-0.0046888	-0.000406038	-0.00120564	-0.00494344	-0.0230396	-0.00418554	-0.000943476	0.075027	-0.00248963	-0.0331249
-0.0191641	0.000256735	-0.0219679	0.00163116	-0.0401866	-0.00912663	-0.0151454	0.138545	0.00550423	-0.0403467
-0.0640608	-0.00309684	-0.0864493	-0.0357278	-0.0590552	-0.00368213	-0.0413484	0.184027	0.0294731	0.0799206
-0.0272312	-0.0229674	-0.246438	-0.142233	-0.0162212	0.0497219	-0.014608	0.133624	0.0962995	0.190054
0.0545528	-0.0484155	-0.400791	-0.236914	0.0722653	0.115624	0.0723685	0.0446368	0.110503	0.216171
0.0557412	-0.0739301	-0.45634	-0.308936	0.144661	0.124031	0.118933	0.0937986	0.11799	0.184052
0.0303834	-0.115305	-0.400454	-0.302906	0.207381	0.110776	0.0902559	0.0786047	0.113026	0.188238
0.0143187	-0.158802	-0.386483	-0.172815	0.23314	0.0425231	0.0930815	0.00122623	0.131519	0.202293
0.0657719	-0.240888	-0.43041	-0.0618257	0.385094	0.170062	0.0485185	-0.0584697	-0.0282941	0.150443
0.0587722	-0.302793	-0.444578	-0.0610429	0.457274	0.310276	0.132068	-0.149791	-0.0324316	0.0322471
0.0509519	-0.135771	-0.45921	0.00915279	0.349226	0.351426	0.141816	-0.325686	0.146083	-0.127988
-0.10819	0.190317	-0.444454	0.135648	-0.0912403	0.284642	0.0418463	-0.379941	0.358168	0.0132017
-0.367337	0.649426	-0.386533	0.246926	-0.242769	0.0499268	-0.170304	-0.194326	0.240087	0.174901
-0.507563	0.485038	-0.315228	0.161128	0.0992952	-0.125666	-0.187307	0.137059	0.0405783	0.212667
-0.460686	0.112663	-0.227311	0.085413	0.321834	-0.287712	-0.0728292	0.290807	-0.0196433	0.257465
-0.223769	-0.0148328	-0.226787	0.0887234	0.190289	-0.286699	-0.0683507	0.233611	-0.00417559	0.31199
-0.0689722	-0.125307	-0.0847223	0.106113	0.042296	-0.228444	-0.112711	0.172412	-0.00596296	0.305298
0.0261848	-0.158235	0.0531793	-0.0170187	-0.00355147	-0.282498	-0.129604	0.0682619	0.0880783	0.355203
0.0267909	-0.115977	-0.00221496	-0.0869184	-0.0160406	-0.375763	-0.0284096	0.0738934	0.177951	0.346688
0.131343	-0.0738126	-0.026506	-0.193777	-0.00682341	-0.457857	0.116088	0.035671	0.219664	0.25601
0.274984	-0.0507816	-0.117413	-0.142907	-0.04919	-0.448795	0.211227	0.00949737	0.18017	0.133208
0.311175	-0.0324871	-0.148419	-0.0862519	-0.0875888	-0.348179	0.248997	-0.0296586	0.166632	0.00578009
0.182888	-0.0234722	-0.0186522	-0.0340928	-0.0473719	-0.201443	0.126936	-0.0292716	0.109043	-0.064563
-0.00560895	-0.00970047	0.0389647	-0.000499076	-0.0125571	-0.000452366	-0.008773	-0.000988871	0.0275365	-0.0279213
-0.00717148	-0.00361515	0.0224424	-0.000285847	-0.00511473	0.0122698	-0.0218718	0.00188707	0.00987227	-0.00841252
-3.40447e-05	0.00113809	0.00153762	-2.15571e-05	-0.00103635	-0.000312451	-0.00086551	0.00125545	-0.00120082	-0.000460423
-6.02605e-09	1.32617e-05	-1.54152e-06	-3.40562e-06	-1.0236e-07	-7.976e-07	-7.85819e-07	-1.94848e-06	-1.57247e-06	-3.10181e-06
0.000185848	-6.75758e-06	-9.39391e-06	-0.000726218	-0.00444909	-0.000503051	-0.000115485	0.00940434	-0.000114958	-0.00366523
-0.00210494	-0.000181567	-0.000456071	-0.00280014	-0.0119696	-0.00157909	-0.000478159	0.045053	-0.000926156	-0.0245573
-0.0113029	0.00148787	-0.026341	-0.00311974	-0.0266416	-0.00113698	-0.0122171	0.0896764	0.0031898	-0.0135948
-0.0400929	-0.00194443	-0.119951	-0.0496035	-0.0298761	0.00810936	-0.0386093	0.118735	0.000912324	0.152321
0.0292304	-0.0196363	-0.298707	-0.133588	0.0787718	0.0426789	0.0167757	0.0423023	0.00175541	0.240416
0.121081	-0.0417453	-0.432543	-0.217461	0.212709	0.0581049	0.130245	-0.00452047	-0.02952	0.203651
0.150002	-0.0721994	-0.431642	-0.266571	0.266924	0.115761	0.113568	0.0183165	-0.0683859	0.174227
0.0915929	-0.0910497	-0.331405	-0.18854	0.272647	0.086871	0.102333	-0.0357438	-0.0671047	0.1604
0.0690022	-0.168857	-0.248121	-0.0839304	0.281635	0.0926973	0.101343	-0.11917	-0.0212143	0.0966137
0.116484	-0.333371	-0.188783	-0.095699	0.436854	0.220813	0.105131	-0.214914	-0.120395	0.0738811
0.0989441	-0.397659	-0.133585	-0.0790128	0.514999	0.306759	0.14918	-0.432465	0.0120244	-0.0391857
0.00807707	-0.189934	-0.153635	0.0910643	0.289834	0.313974	0.122881	-0.60618	0.206456	-0.0825389
-0.274589	0.282518	-0.126814	0.199751	-0.0491137	0.17485	-0.022158	-0.594388	0.320925	0.0890188
-0.45426	0.626205	-0.135723	0.186915	-0.1045	-0.0216222	-0.0985841	-0.306256	0.119491	0.188336
-0.542015	0.416862	-0.220313	0.0399162	0.146736	-0.219075	0.0149194	-0.0125577	0.155923	0.219605
-0.471421	0.076624	-0.253579	0.0984891	0.274424	-0.315286	0.0497498	0.129673	0.057627	0.353698
-0.276137	-0.0687268	-0.144121	0.116927	0.264753	-0.246526	-0.0316041	0.101573	-0.0603892	0.344251
-0.120107	-0.212827	-0.0791838	0.100055	0.145766	-0.167297	-0.0790074	0.108729	0.0107543	0.293118
-0.0728361	-0.177566	-0.0374672	-0.0755503	0.106628	-0.113224	-0.0401376	0.0736135	0.0290101	0.30753
-0.0662644	-0.121232	-0.0184523	-0.209417	0.143756	-0.1303	0.00188626	0.0730345	0.0699565	0.257033
0.107595	-0.0782865	-0.0503938	-0.174531	0.0929576	-0.262781	0.136698	0.0516984	0.017886	0.159157
0.277543	-0.0578159	-0.12052	-0.155615	0.043083	-0.301377	0.244315	0.0190991	0.0187274	0.0325604
0.309969	-0.0441842	-0.112706	-0.08027	-0.0254943	-0.293727	0.305913	0.010668	0.0140249	-0.0841942
0.166116	-0.0286516	0.024913	-0.0304223	-0.0424058	-0.172375	0.172375	0.00362531	-2.25687e-05	-0.0931515
0.00154705	-0.0125372	0.0791644	-0.00399833	-0.00239157	-0.025666	-0.0069901	0.00828613	-0.00223339	-0.035181
-0.0021839	-0.00474068	0.0421795	-0.000473994	-0.000603304	-0.00107125	-0.0218119	0.00160771	-0.00387768	-0.00902445
-0.000249025	-0.000125198	0.0106668	-0.000873732	-0.00270121	-0.00234234	-0.00288042	-0.000513849	-0.000585097	-0.000395938
-2.48155e-05	-4.12303e-07	-5.206e-06	-0.000512549	-1.69891e-05	0.00149231	-3.67287e-05	-1.7233e-05	-7.79825e-05	-0.000800398
-3.3819e-05	-4.01322e-06	-0.00140493	0.00152745	-0.0018376	-0.000263853	-1.02867e-05	0.00357461	-0.000224251	-0.00132331
-0.000451552	0.000154287	-0.00100762	4.22062e-05	-0.00469416	-0.000665046	-4.7607e-05	0.0200347	-0.000460225	-0.012905
-0.0145552	0.00266051	-0.0218105	0.00367069	-0.00605283	-0.0010514	-0.00547216	0.037396	-0.00347195	0.00868678
-0.0265491	-0.00170083	-0.0938587	-0.0203128	0.0560752	-0.00316729	-0.0502996	0.0338844	-0.0232101	0.129139
0.118751	-0.0238539	-0.236893	-0.1068	0.175117	-0.0205731	0.00650779	-0.00559888	-0.0641367	0.15748
0.164946	-0.0497042	-0.253592	-0.19482	0.286748	-0.0248394	0.110305	-0.0619638	-0.137916	0.160837
0.210361	-0.0827427	-0.174426	-0.21142	0.344862	-0.0248775	0.108169	-0.0734345	-0.222739	0.126247
0.145259	-0.0992551	-0.0987803	-0.168981	0.310111	0.0708322	0.133424	-0.135366	-0.245398	0.0881537
0.137424	-0.193302	-0.00872771	-0.115512	0.287372	0.149308	0.127299	-0.229551	-0.188758	0.0344459
0.155486	-0.371449	0.0307134	-0.150342	0.354502	0.240846	0.153245	-0.354553	-0.0678711	0.00942304
0.105208	-0.398044	0.0692722	-0.0859469	0.342754	0.16765	0.249569	-0.518909	0.111748	-0.0433023
-0.0709331	-0.0948666	0.0692501	0.131602	0.206861	0.135199	0.124219	-0.620434	0.189267	-0.0701639
-0.35513	0.354942	0.131327	0.131496	-0.0327529	0.0689554	-0.0381	-0.532926	0.263864	0.00832545
-0.517136	0.545065	0.037216	0.103579	-0.0291797	-0.0568883	-0.0357054	-0.241335	0.191651	0.00273387
-0.52897	0.353277	-0.116028	0.0376117	0.154317	-0.163277	0.0654495	-0.0452064	0.136401	0.106427
-0.468602	0.00764623	-0.112345	0.00889576	0.345464	-0.219914	0.0929173	0.0629098	-0.0326845	0.315713
-0.214875	-0.255234	-0.133035	0.0503369	0.385732	-0.224807	-0.0373622	0.157857	-0.0453122	0.316698
-0.121774	-0.283256	-0.0508263	0.0538664	0.250072	-0.124388	-0.0731236	0.271053	-0.090543	0.168919
-0.0813822	-0.215864	-0.0726745	-0.00654218	0.253633	-0.120631	-0.0349748	0.283514	-0.130142	0.125064
-0.00521312	-0.144203	-0.0462659	-0.105955	0.198104	-0.0402325	0.0208218	0.169152	-0.143588	0.09738
0.131017	-0.0937632	-0.0939278	-0.0410152	0.0933783	-0.109326	0.131032	0.125437	-0.137709	-0.00512342
0.230701	-0.0659209	-0.113599	-0.0900622	0.0568396	-0.132123	0.230679	0.126763	-0.145832	-0.0974457
0.275342	-0.0427376	-0.0558748	-0.0629165	-0.000929349	-0.155692	0.255066	0.0651329	-0.120085	-0.157306
0.153075	-0.0200273	0.0452991	-0.0249781	-0.0419194	-0.091549	0.143556	0.0146793	-0.0701046	-0.108031
-0.00454438	-0.00888219	0.101242	-0.00967055	-0.0189499	-0.0298786	0.00369772	0.00209228	-0.0106177	-0.0244888
-0.00130254	-0.00178584	0.0574392	-0.00349141	-0.0107921	-0.00461634	-0.027299	-0.000626929	-0.00435478	-0.00317025
-4.53007e-05	-8.14091e-06	0.0018647	-0.000648472	-0.000290343	-0.000189393	-0.000529465	-6.48377e-06	-0.000137366	-9.73231e-06
-9.88549e-06	-2.19337e-07	-1.7487e-06	-0.000169217	-1.23795e-05	0.000475186	-1.25573e-05	2.82143e-05	-2.8025e-05	-0.000269368
-4.01174e-05	-6.72212e-06	-0.00298336	0.00381341	-2.41347e-05	-0.000243917	-6.20025e-06	-5.39372e-05	-0.000435647	-1.93799e-05
-0.000662364	0.00106136	-0.00103492	0.00565426	0.000266553	-0.00118056	-0.000104777	0.00536992	-0.000834834	-0.00853463
-0.0174752	0.000383434	0.0061605	0.0155592	0.00598592	-0.00777567	-0.014708	0.0118027	-0.00817601	0.00824318
0.011319	-0.00708493	-0.00194822	0.016197	0.0566798	-0.0300374	-0.079463	-0.0150909	-0.0352471	0.0846757
0.161589	-0.038563	-0.0189279	-0.0418887	0.145477	-0.0932486	-0.0233098	-0.0665521	-0.111044	0.0864676
0.168896	-0.0804005	-0.0167093	-0.11929	0.222178	-0.0899758	0.0974023	-0.0717361	-0.172649	0.0622842
0.20301	-0.102458	-0.0157456	-0.175506	0.300937	-0.113783	0.146652	-0.101659	-0.206345	0.0648966
0.15833	-0.123887	0.0146039	-0.193236	0.313619	-0.0272723	0.162359	-0.18705	-0.182628	0.0651605
0.192571	-0.222093	0.0561707	-0.192872	0.282973	0.0716349	0.14474	-0.24372	-0.0761873	-0.0132163
0.214374	-0.337836	0.0528453	-0.143461	0.199412	0.132855	0.252615	-0.316681	-0.0569461	0.00282223
0.0467233	-0.22773	0.041924	-0.0466534	0.191269	0.132727	0.2882	-0.434658	0.0168706	-0.0086731
-0.205473	0.023638	0.0867271	0.101472	0.113497	0.111813	0.117168	-0.479229	0.17468	-0.0442937
-0.475627	0.37252	0.159526	0.161126	-0.0252672	-0.0774566	0.0387349	-0.340861	0.305363	-0.118059
-0.55921	0.529543	0.0521353	0.113637	0.0641151	-0.238087	0.105117	-0.148038	0.24014	-0.159352
-0.530415	0.200685	-0.0234154	0.0447256	0.271808	-0.223702	0.0965128	0.0212728	0.0788964	0.0636323
-0.382834	-0.102659	-0.0232016	-0.035979	0.422244	-0.181701	0.0125551	0.0821064	-0.0385926	0.248061
-0.178985	-0.34701	-0.0603869	-0.0237459	0.394024	-0.159037	-0.04066	0.288963	-0.118821	0.245659
-0.0768215	-0.291371	-0.121279	0.0272978	0.247029	-0.013988	-0.0348405	0.356275	-0.155365	0.0630632
-0.0213223	-0.221676	-0.0765358	0.103847	0.187679	-0.0643124	0.00734364	0.303833	-0.236884	0.0180281
0.0600883	-0.155571	-0.11519	0.12356	0.087196	-0.0577845	0.0718171	0.250471	-0.25082	-0.013766
0.11362	-0.106031	-0.0843573	0.105659	0.0312642	-0.0507936	0.126841	0.205462	-0.213392	-0.128273
0.195615	-0.0766778	-0.0966481	0.0782751	0.0253031	-0.0706667	0.133182	0.162251	-0.159459	-0.191176
0.237901	-0.0462519	-0.00781422	-0.00197876	-0.0356118	-0.057849	0.163927	0.0510026	-0.134703	-0.168621
0.112205	-0.0253594	0.149082	-0.00725146	-0.0898396	-0.0367425	0.0939866	0.00520459	-0.0966157	-0.10467
-0.00717705	-0.00943692	0.173204	-0.0147949	-0.0477141	-0.0226323	-0.0145869	-0.00909091	-0.0198731	-0.0278974
-0.00246556	-0.00351127	0.0777256	-0.00394354	-0.00424192	-0.00899748	-0.0386432	-0.000809254	-0.00708172	-0.00803169
-0.000415203	-0.000335914	0.00877766	-0.000206341	-0.000346413	-0.00338419	-0.0026861	-0.00013658	-0.000780151	-0.000486773
-1.00575e-05	-4.81914e-07	-2.51911e-07	-7.94726e-06	-3.89527e-05	-7.68469e-05	-3.03494e-06	0.000193469	-1.42335e-05	-4.1662e-05
-3.73352e-05	-1.25701e-05	-0.00164313	0.00348748	-1.54042e-05	-0.000172151	-2.53879e-05	-0.000591607	-0.000253267	-0.000736623
-0.0018595	0.000831936	-0.000469831	0.0201901	-0.00410019	-0.00341913	-0.000816848	-0.000837202	-0.00184801	-0.00767131
-0.019646	-0.00257174	0.046324	0.0472718	-0.0158333	-0.00655674	-0.0272469	-0.00469115	-0.00946936	-0.00758063
0.0294835	-0.014982	0.0911634	0.0741122	0.000714694	-0.0241549	-0.104013	-0.0249364	-0.0569415	0.0295542
0.193153	-0.060918	0.113074	0.0191918	0.0611624	-0.0793084	-0.0635121	-0.0760478	-0.134718	0.0279233
0.212719	-0.127273	0.113419	-0.065868	0.139699	-0.128769	0.0860457	-0.0687283	-0.152208	-0.00903592
0.167826	-0.15665	0.066946	-0.141124	0.234276	-0.225785	0.179181	-0.0772133	-0.0802959	0.0328383
0.164162	-0.184034	0.0507666	-0.227619	0.307494	-0.278738	0.193109	-0.169584	0.0521695	0.0922749
0.190995	-0.201769	0.111855	-0.214001	0.214154	-0.216019	0.2073	-0.184852	0.0931053	-0.000770317
0.196441	-0.175782	0.123793	-0.230365	0.025441	-0.114458	0.336992	-0.256671	0.0364242	0.0581842
0.010429	-0.0948395	0.153179	-0.133998	0.012405	-0.0596437	0.333701	-0.303535	0.0607668	0.0215357
-0.270431	0.0233387	0.224101	-0.0261941	0.0474046	-0.0365007	0.0789534	-0.226744	0.255779	-0.0697061
-0.501751	0.380191	0.1982	0.0411997	0.0689069	-0.144389	0.0489917	-0.11686	0.211167	-0.185656
-0.537843	0.483539	0.0748579	-0.0521215	0.254306	-0.228677	0.128115	-0.0522912	0.069342	-0.139226
-0.445829	0.0659394	0.0257046	-0.136298	0.405651	-0.176038	0.0777006	0.0759336	0.0509586	0.0562764
-0.262727	-0.189731	0.087941	-0.131359	0.420582	-0.138535	-0.0667275	0.111642	-0.00832139	0.177237
-0.081109	-0.376286	0.0175644	0.000443942	0.293629	-0.06917	-0.0950909	0.224734	-0.0759417	0.161226
-0.0162655	-0.287238	-0.065298	0.105203	0.181056	-0.00598185	0.021851	0.226583	-0.199301	0.0393905
0.0224699	-0.204571	-0.0639816	0.157302	0.0917516	0.0249172	0.0859007	0.227154	-0.251938	-0.0890055
0.0788786	-0.151549	-0.0611569	0.165154	0.0554835	0.023014	0.0640021	0.176598	-0.256093	-0.0943315
0.128712	-0.106863	0.0421768	0.169913	0.0198482	-0.0136042	0.0525367	0.124358	-0.2229	-0.194178
0.153203	-0.0822272	0.0696601	0.173657	-0.0715935	-0.00212718	0.0590089	0.0400423	-0.168646	-0.170977
0.136218	-0.0589673	0.157089	0.0678811	-0.105958	0.00277681	0.07527	-0.0049863	-0.0892614	-0.180062
0.043188	-0.0416256	0.245347	0.00828868	-0.0807242	-0.0011284	0.0349899	-0.00744232	-0.0921721	-0.108721
-0.0162545	-0.0247876	0.258409	-0.0192523	-0.0461668	-0.0243749	-0.0442316	-0.0125482	-0.0405176	-0.0302756
-0.00661224	-0.00921641	0.104068	-0.00382598	-0.0148978	-0.0138695	-0.0371817	-0.00121225	-0.0105005	-0.00675148
-0.000741425	-0.000138756	0.014564	-0.000264368	-0.000591338	-0.00701637	-0.00506928	-6.84883e-05	-0.000561231	-0.000112734
0.0	0.0	0.0	0.0	0.0	0.0	0.0	0.0	0.0	0.0
-4.82828e-05	0.000204818	-0.000750122	0.00132444	-1.18038e-05	-0.000186983	-1.99677e-05	-6.07083e-05	-0.000341756	-0.000109632
-0.00297549	-0.000230524	0.00438746	0.0277174	-0.00545728	-0.00536993	-0.00171672	-0.00141915	-0.00206001	-0.0128758
-0.0278918	-0.00560973	0.078349	0.0957892	-0.0462346	-0.00297482	-0.0373417	-0.00967037	-0.016033	-0.0283821
0.0319043	-0.022109	0.175196	0.125447	-0.0366938	-0.00729912	-0.126747	-0.0225936	-0.0709842	-0.0461207
0.174668	-0.103406	0.198507	0.065162	-0.00906697	0.0371549	-0.0994596	-0.0676253	-0.130916	-0.065017
0.212204	-0.188874	0.14746	-0.0362209	0.0377544	0.100169	0.0115618	-0.11286	-0.117823	-0.0533724
0.164295	-0.205665	0.14988	-0.112725	0.120746	-0.128747	0.148019	-0.163021	0.0127133	0.0145059
0.14287	-0.191456	0.144242	-0.21492	0.158773	-0.271296	0.196826	-0.197434	0.161398	0.0709952
0.184381	-0.143858	0.183486	-0.359763	0.0936176	-0.292915	0.220964	-0.193708	0.239332	0.0684635
0.214864	-0.0441469	0.232322	-0.423206	-0.0133837	-0.296676	0.391859	-0.247185	0.0977851	0.0877678
0.00410259	-0.0433349	0.266163	-0.376688	-0.0322386	-0.248314	0.355334	-0.188113	0.217478	0.0456099
-0.242036	0.128561	0.288275	-0.283729	0.0759537	-0.271944	0.131105	-0.0915212	0.281726	-0.0163907
-0.463176	0.348936	0.222391	-0.227863	0.238723	-0.264574	0.0731458	0.0273254	0.152744	-0.107653
-0.481172	0.327014	0.109196	-0.23875	0.386417	-0.198712	0.0876156	0.0673849	-0.00306706	-0.0559263
-0.309489	-0.0188538	0.119172	-0.172647	0.384427	-0.115523	0.00512415	0.0472879	-0.0591405	0.119641
-0.113021	-0.222187	0.104024	-0.0119424	0.299474	-0.0490898	-0.0902343	-0.000193422	0.0114273	0.0717441
0.0202291	-0.324361	0.0234595	0.115654	0.137647	0.0310445	-0.00463861	0.0364687	-0.0799513	0.0444483
0.0109998	-0.259703	0.0202079	0.0940491	0.0985264	0.0927976	0.10698	0.0615742	-0.14807	-0.0773622
0.0335542	-0.185146	0.0240208	0.185428	-0.0312986	0.0481047	0.122008	0.034798	-0.115302	-0.116167
0.0577853	-0.131742	0.0426775	0.148577	-0.0449406	0.0747068	0.0647457	0.0225995	-0.118293	-0.116116
0.0791466	-0.0962595	0.0941026	0.200394	-0.0613501	0.0296961	0.0554705	-0.00951437	-0.122855	-0.16883
0.11365	-0.0749699	0.14873	0.198302	-0.128105	-0.00164455	0.0581788	-0.0231512	-0.102198	-0.188791
0.061188	-0.0627562	0.198532	0.0992022	-0.103867	0.0312789	0.0213388	-0.0232722	-0.0476183	-0.174026
0.012298	-0.0491137	0.312605	-0.035288	-0.0771824	0.037884	-0.03153	-0.00500892	-0.0610184	-0.103645
-0.0132789	-0.0348996	0.278691	-0.030595	-0.0450675	-0.0277192	-0.0552783	0.00040016	-0.0485866	-0.0236661
-0.00434123	-0.00711112	0.0680418	-0.00326924	-0.00782492	-0.00663062	-0.0286518	0.00275895	-0.00861214	-0.0043597
0.00163205	-0.000107838	0.00346686	-0.000105266	-0.00196449	-0.000606508	-0.00182927	-0.000163227	-0.000137525	-0.000184783
-4.73614e-06	-3.86549e-06	-4.10746e-06	-9.63053e-05	-0.000556803	-4.86664e-05	-2.13986e-06	0.000536946	-2.31395e-05	0.000202818
-1.07191e-05	3.27185e-05	-8.48129e-05	0.000208955	-2.19231e-06	-6.1703e-05	-4.36078e-06	-5.01193e-06	-5.51057e-05	-1.77682e-05
-0.00335255	-0.000533068	-0.00474983	0.0328199	-0.00603065	-0.00495675	-0.00167458	0.000578261	-0.00276275	-0.009338
-0.0453026	-0.00713562	0.0703328	0.159256	-0.0503377	-0.0027862	-0.0420258	-0.00501978	-0.0334101	-0.0435709
-0.00307197	-0.0335604	0.211827	0.193046	-0.0720456	0.0294949	-0.129859	-0.0303873	-0.0947991	-0.070644
0.122206	-0.12944	0.255461	0.160898	-0.0828107	0.107264	-0.154951	-0.083882	-0.0818811	-0.112866
0.164932	-0.234854	0.184482	0.0461813	-0.0806218	0.27977	-0.0598541	-0.165617	-0.0371293	-0.0972878
0.132425	-0.21981	0.217389	-0.0974024	-0.0298058	0.127038	0.0995542	-0.192254	0.0616132	-0.0987472
0.153849	-0.140694	0.168931	-0.170981	-0.0234852	-0.0329579	0.169574	-0.229348	0.165622	-0.0605096
0.203963	-0.0561237	0.186287	-0.318438	-0.0634197	-0.139735	0.22916	-0.241239	0.224218	-0.024673
0.241462	-0.0583221	0.271352	-0.408121	-0.162339	-0.184372	0.351071	-0.259783	0.20202	0.00703273
0.0517006	0.00400213	0.257988	-0.399894	-0.106104	-0.149456	0.361017	-0.18009	0.1929	-0.0320637
-0.222146	0.131526	0.298341	-0.403781	0.0459297	-0.147805	0.303851	-0.0899698	0.183961	-0.0999072
-0.360991	0.204732	0.274039	-0.336268	0.158062	-0.097636	0.155856	0.0722191	0.0303402	-0.100353
-0.325491	0.149349	0.154199	-0.264579	0.223959	-0.0306631	0.064499	0.066028	-0.0885149	0.0512143
-0.137923	-0.0991099	0.071587	-0.0511595	0.203566	-0.0249695	0.041276	-0.0243846	-0.0319871	0.0531057
-0.0124325	-0.176803	0.123225	0.133063	0.111673	0.00712062	0.08004	-0.126821	-0.0916176	-0.0474476
0.0289744	-0.179665	0.138417	0.15817	-0.0782718	0.063402	0.137832	-0.101412	-0.0875863	-0.0798595
0.0143803	-0.177223	0.104702	0.179443	-0.0648559	0.0407879	0.168019	-0.0920866	-0.0551482	-0.118019
0.0158679	-0.135309	0.0781544	0.20394	-0.125016	0.0669295	0.102043	-0.0920796	-0.0526233	-0.0619068
-0.00742769	-0.0885963	0.06483	0.172893	-0.114894	0.0711688	0.102437	-0.103465	-0.0455765	-0.0513698
0.0502108	-0.0654969	0.115393	0.234185	-0.121994	0.0314373	0.0826566	-0.128067	-0.064998	-0.133327
0.082306	-0.0724627	0.171698	0.193446	-0.161591	0.0430119	0.0324442	-0.105956	-0.0245996	-0.158296
0.0260262	-0.0659781	0.300408	0.063108	-0.0991151	0.0659389	-0.0229889	-0.0872724	-0.0344285	-0.145697
-0.00876658	-0.0372115	0.357264	-0.0584065	-0.058833	0.0636516	-0.0741592	-0.0499486	-0.05105	-0.0825403
-0.0113097	-0.0121736	0.201046	-0.0241651	-0.0371149	-0.014996	-0.0362138	-0.0057746	-0.0398425	-0.0194564
-0.00209275	-0.00161326	0.025791	-0.00329458	-0.00209627	-0.00405197	-0.0113445	0.00352109	-0.00383446	-0.000984284
-0.00106866	-3.81557e-06	0.00518002	-5.5496e-05	-1.51984e-05	-0.00113587	-0.00277582	-7.57098e-06	-6.17618e-05	-5.58253e-05
-1.52709e-09	1.40322e-05	-9.36252e-06	-7.82943e-07	-5.85465e-09	-4.41933e-08	-1.37561e-07	-1.91205e-07	-3.40318e-06	-1.0319e-07
0.00079414	6.52419e-05	-0.000374961	6.65974e-05	-0.000801355	-0.000142166	-6.75083e-05	0.0029902	-0.000209418	-0.00232077
-0.00284875	-0.000750057	-0.00382647	0.0341107	-0.00697733	-0.00507409	-0.0016475	-0.000844208	-0.00454213	-0.00760017
-0.0439271	-0.00680568	0.0400832	0.188628	-0.0318874	-0.00591432	-0.0426905	-0.0139481	-0.0470694	-0.0364686
-0.0312102	-0.0370521	0.179226	0.226722	-0.0819123	0.0497288	-0.110048	-0.0354171	-0.0937529	-0.0662848
0.0768184	-0.137684	0.200425	0.194674	-0.11328	0.162588	-0.160855	-0.103947	-0.0243269	-0.0944129
0.127919	-0.182365	0.208915	0.103971	-0.15463	0.291861	-0.127516	-0.175555	0.0333251	-0.125925
0.125871	-0.144432	0.241251	0.0445829	-0.186767	0.204252	0.0107085	-0.225756	0.0813845	-0.151094
0.13774	-0.0895634	0.194533	-0.0150027	-0.237371	0.186855	0.109882	-0.23145	0.130506	-0.186129
0.217229	-0.0251173	0.210831	-0.119364	-0.2894	0.0704665	0.22714	-0.251667	0.175269	-0.215388
0.27814	-0.0374504	0.256106	-0.196468	-0.304908	0.00232736	0.353641	-0.24376	0.122204	-0.229831
0.194298	-0.00303533	0.260053	-0.256685	-0.250496	0.0509828	0.436481	-0.18371	-0.0134585	-0.234429
0.0208275	0.0390438	0.248406	-0.297338	-0.199122	0.0797819	0.363964	-0.0423783	0.0289803	-0.242166
-0.108158	0.122354	0.226814	-0.250325	-0.0853975	0.0616238	0.206168	0.0487648	-0.0723482	-0.149496
-0.0997844	0.0207477	0.131427	-0.146005	0.0409784	0.0442289	0.153475	0.0835533	-0.119769	-0.108852
-0.0452054	-0.0579866	0.100043	-0.00650101	0.0155715	0.0349725	0.158344	-0.0749512	-0.0222505	-0.102036
-0.00326697	-0.0148512	0.0911925	0.122839	-0.0388536	0.0257433	0.175755	-0.203422	-0.0533958	-0.101741
0.0105637	-0.0398734	0.105222	0.204507	-0.101633	0.0150453	0.184408	-0.208814	-0.0355636	-0.133862
-0.0121855	-0.0710899	0.114643	0.19846	-0.0981678	0.036257	0.170034	-0.211596	0.00521469	-0.131569
-0.0290272	-0.0651237	0.0866515	0.189927	-0.129304	0.0282794	0.162244	-0.180004	-0.00405217	-0.0595915
-0.0015191	-0.0543501	0.082638	0.168842	-0.128351	0.0416999	0.123267	-0.222788	0.0201681	-0.0296068
0.036925	-0.0545105	0.148153	0.223635	-0.124762	0.0598181	0.0536362	-0.231575	0.00668399	-0.118004
0.0356517	-0.0647799	0.238535	0.119431	-0.15487	0.0823882	-0.0135425	-0.175841	0.0472224	-0.114195
-0.0150625	-0.052569	0.306435	0.00982626	-0.0919772	0.101502	-0.0606468	-0.107285	0.00970573	-0.099928
-0.0199326	-0.0224274	0.276881	-0.0541062	-0.0418394	0.0539833	-0.0662112	-0.0363086	-0.0412213	-0.0488167
-0.0105413	-0.00534246	0.144986	-0.0206749	-0.0153945	-0.00354539	-0.040623	-0.00591698	-0.0313959	-0.0115512
-0.00193138	-0.00123597	0.0308955	-0.00364996	-0.000601274	-0.00433224	-0.012583	-0.000970858	-0.00389872	-0.00169204
-0.000365551	5.25232e-06	0.00270217	-3.3127e-05	-8.50337e-08	-0.000552759	-0.00173548	-1.36021e-07	-2.0177e-05	-1.10799e-07
0.0	0.0	0.0	0.0	0.0	0.0	0.0	0.0	0.0	0.0
0.00199653	-2.35115e-05	-0.00078946	0.000247249	-2.91751e-05	-0.000168281	-0.000167349	-6.06833e-05	-0.00042948	-0.000575842
-0.00273997	-0.00173124	0.00165379	0.0276615	-0.00450578	-0.00286852	-0.00147179	-0.00363805	-0.00611362	-0.00624635
-0.0412306	-0.00993292	0.0509205	0.181045	-0.0315937	-0.00271331	-0.0312443	-0.0250049	-0.0553237	-0.0349226
-0.0280087	-0.0260709	0.172065	0.242978	-0.0782318	0.0172988	-0.0919146	-0.0594177	-0.091203	-0.0574954
0.0496636	-0.0711398	0.188029	0.176086	-0.122897	0.136158	-0.157204	-0.105475	-0.0285338	-0.0646871
0.101593	-0.0498312	0.197893	0.158034	-0.186684	0.228792	-0.183189	-0.184307	0.0577781	-0.14008
0.103263	-0.0302414	0.256243	0.131747	-0.267845	0.158112	-0.0672563	-0.224801	0.147738	-0.20696
0.12059	0.0297301	0.21386	0.119179	-0.335673	0.227917	0.00431913	-0.220704	0.0790326	-0.238251
0.206396	0.0314529	0.212457	0.0755206	-0.345296	0.183197	0.14482	-0.233309	0.0483482	-0.323587
0.288464	0.0320367	0.179601	-0.0417028	-0.31558	0.0832737	0.297876	-0.182144	0.0373271	-0.379153
0.293906	0.0230515	0.200441	-0.129597	-0.240844	0.132872	0.347606	-0.145785	-0.105511	-0.37614
0.182252	0.00886155	0.116747	-0.181606	-0.190814	0.0735629	0.392902	-0.0367917	-0.0285349	-0.336578
0.0604867	0.0210665	0.0409188	-0.0941838	-0.204449	0.0171042	0.348281	0.024934	-0.049247	-0.164911
0.00602102	-0.0068267	0.0378746	0.0101915	-0.102174	-0.038863	0.351797	0.0299302	-0.104934	-0.183017
0.006718	-0.0420274	0.0583876	0.0256085	-0.0726237	0.022503	0.266218	-0.113067	-0.018208	-0.133509
-0.0315217	0.0620092	0.0592497	0.0989333	-0.0359306	0.0610548	0.216241	-0.227586	-0.100142	-0.102307
-0.0215748	0.0907439	0.0615835	0.148663	-0.0475318	0.0645913	0.167298	-0.243424	-0.0708908	-0.149457
-0.076928	0.0459373	0.131619	0.184925	-0.0726264	0.0642759	0.189912	-0.28218	-0.0194495	-0.165485
-0.0569834	-0.00906189	0.189045	0.176087	-0.0888503	0.025288	0.110219	-0.254085	0.0114023	-0.103061
-0.0370042	-0.0248726	0.162535	0.196184	-0.094791	0.0340481	0.0536421	-0.27496	0.0446722	-0.0594543
-0.00746894	-0.0469981	0.243323	0.115655	-0.0886349	0.0924283	-0.0366585	-0.238097	0.0670181	-0.100567
-0.0180932	-0.0504127	0.275898	-0.000537655	-0.0965793	0.159212	-0.0893066	-0.177902	0.0847927	-0.0870717
-0.0463174	-0.036449	0.280138	-0.0370906	-0.067769	0.0997112	-0.0603157	-0.0918012	0.0145133	-0.0546195
-0.0241813	-0.0247852	0.220671	-0.0445855	-0.0261674	0.0235652	-0.0419929	-0.0235554	-0.0463465	-0.0126217
-0.00699301	-0.00757686	0.0740167	-0.0123663	-0.0113398	0.00623118	-0.0162427	-0.00509161	-0.0208479	0.000210354
-0.000657944	0.000273786	0.0108904	-0.00176609	-0.000276284	-0.000439292	-0.00224455	-0.000614718	-0.00385442	-0.00131091
-2.05702e-05	1.24625e-05	-1.52431e-05	-3.68201e-05	-1.52762e-05	0.000294947	-3.70436e-06	-3.05619e-05	-0.00015544	-2.97938e-05
-2.11868e-08	3.16054e-05	-1.62244e-05	-3.01196e-06	-3.83679e-07	-1.63125e-07	-4.93956e-07	-1.5849e-06	-9.22752e-06	-4.9461e-07
-4.17142e-05	2.05186e-06	-3.33387e-06	0.000354004	-2.3334e-06	-8.73892e-05	-2.9079e-05	-5.43008e-05	-4.78889e-05	-9.00163e-05
-0.00411783	-0.00167623	0.0042039	0.0234291	-0.000595228	-0.00422278	-0.000776562	-0.00585384	-0.00496943	-0.00542109
-0.0304531	-0.00496268	0.0533306	0.128731	-0.02046	-0.00442124	-0.019294	-0.0277954	-0.0460539	-0.0286214
-0.0377131	0.00772761	0.0980756	0.206581	-0.0450369	0.0124648	-0.0633571	-0.0540767	-0.0780342	-0.0466308
0.0208253	0.0729705	0.121263	0.178211	-0.0786161	0.0137563	-0.124222	-0.0830245	-0.0554446	-0.0657195
0.0655132	0.0997513	0.137138	0.162078	-0.158107	0.113869	-0.198817	-0.1313	0.0383077	-0.128434
0.0867925	0.0936877	0.174959	0.122884	-0.217293	0.144321	-0.163979	-0.166501	0.10555	-0.180422
0.0798799	0.112	0.17822	0.0731677	-0.21947	0.168145	-0.081086	-0.157356	0.0395566	-0.193057
0.112499	0.0664169	0.188015	-0.0219496	-0.23046	0.169515	0.0184517	-0.16626	0.0831284	-0.219357
0.212711	0.059931	0.104746	-0.0190061	-0.210291	0.0883445	0.167796	-0.145321	-0.010085	-0.248825
0.268458	-0.0793413	0.0974643	-0.0484327	-0.129928	0.0986816	0.273803	-0.112859	-0.0769429	-0.290904
0.195904	-0.119345	0.0695232	-0.062003	-0.139437	0.0674128	0.350877	-0.075642	-0.0450781	-0.242211
0.0995347	-0.113008	0.0504633	-0.016731	-0.17537	0.0208809	0.39057	-0.0480571	-0.00731269	-0.20097
0.045629	-0.0359005	0.026469	0.00656408	-0.120709	0.0255899	0.367671	-0.0823386	-0.0336576	-0.199317
0.00752239	0.0228484	-0.0307198	0.0534837	-0.0303114	0.0614456	0.252453	-0.121503	-0.053502	-0.161717
-0.00691782	0.0762321	0.0228144	0.0854685	-0.0564349	0.0452988	0.182115	-0.1479	-0.0861356	-0.11454
-0.0723826	0.110056	0.105114	0.091118	-0.0110857	0.0417461	0.172361	-0.207265	-0.0498877	-0.179775
-0.0869702	0.0826014	0.174828	0.150665	-0.0255149	0.00876743	0.115797	-0.226981	0.0017082	-0.194902
-0.0937886	0.0143124	0.233975	0.179356	0.0106533	0.0444809	0.0235631	-0.248847	0.00262351	-0.166329
-0.0659358	-0.00443919	0.166926	0.0975249	-0.0126691	0.110933	-0.0377203	-0.242832	0.0603657	-0.072152
-0.0562118	-0.0214498	0.233405	-0.0246212	-0.0268865	0.154594	-0.0651925	-0.202328	0.0512154	-0.0425237
-0.0474168	-0.0546653	0.24802	-0.0724269	-0.038477	0.149032	-0.0522011	-0.149595	0.0579368	-0.0402055
-0.0320116	-0.0349373	0.220093	-0.0605249	-0.0282585	0.0606389	-0.035321	-0.0712771	-0.00690461	-0.0114964
-0.014841	-0.00695129	0.134181	-0.038485	-0.0193891	0.0175474	-0.0192981	-0.0200508	-0.044341	0.0116278
-0.00318885	-0.00189952	0.0429208	-0.00816259	-0.0106372	0.00936235	-0.00814485	-0.00737611	-0.013378	0.000504013
0.00341927	-0.000621218	0.00444742	-0.00106126	-0.000377246	0.00010031	-0.000714567	-0.000653632	-0.00149358	-0.0030455
3.29746e-06	-4.46168e-11	-4.2542e-07	-2.10433e-07	-3.49959e-09	-1.2664e-06	-2.17304e-07	-7.42202e-09	-1.1555e-06	-1.13781e-08
-2.05247e-08	3.06177e-05	-1.57174e-05	-2.91784e-06	-3.71689e-07	-1.58027e-07	-4.7852e-07	-1.53537e-06	-8.93916e-06	-4.79154e-07
-7.18581e-07	9.40271e-06	-5.7551e-06	1.17981e-05	-1.55849e-07	-3.40561e-06	-1.57723e-07	-3.2514e-06	-4.20178e-06	-3.55477e-06
-0.0010992	-0.00134634	0.0027727	0.0180847	-0.000318218	-0.00349324	-0.000206867	-0.00638048	-0.00354604	-0.00446702
-0.0196737	-0.00128235	0.0357555	0.0748305	-0.0141569	-0.00887515	-0.0073664	-0.019156	-0.0251907	-0.0148849
-0.059784	0.0281795	0.0667515	0.142393	-0.0255485	0.015666	-0.0305393	-0.0299772	-0.0748565	-0.032285
-0.0291864	0.155378	0.0743619	0.157622	-0.0463377	-0.0303327	-0.0720272	-0.0197549	-0.114662	-0.0750612
0.031774	0.171637	0.0915175	0.175506	-0.0888573	-0.0524345	-0.13893	-0.0277004	-0.049524	-0.112989
0.0863249	0.133745	0.104744	0.1417	-0.124509	-0.019911	-0.179773	-0.0054777	0.0231446	-0.159988
0.104365	0.104141	0.158541	0.0197885	-0.140395	0.065523	-0.194823	-0.0308899	0.0289126	-0.115164
0.127784	0.0626033	0.173975	-0.022351	-0.143669	0.13585	-0.167455	-0.0835348	0.0200822	-0.103284
0.184024	-0.0585528	0.114262	0.0151137	-0.1052	0.0786887	-0.0907741	-0.0827014	0.0291135	-0.0839738
0.239416	-0.203034	0.103007	0.00741456	-0.0837037	0.10163	-0.0445077	-0.122596	0.0741026	-0.0717296
0.203675	-0.295067	0.0524008	-0.0398175	-0.11248	0.165028	0.0412081	-0.0913205	0.140109	-0.0637363
0.240362	-0.229784	-0.0485866	-0.0369782	-0.115683	0.16627	0.0656946	-0.104628	0.166631	-0.103298
0.157232	-0.0778096	-0.0991092	-0.0398057	-0.0894654	0.101484	0.010264	-0.0671054	0.17925	-0.0749344
0.10298	0.0638649	-0.0998036	-0.0226688	-0.0192725	0.0592202	0.0147794	-0.0481395	0.0942925	-0.145253
0.0368448	0.116458	-0.0367073	0.0147876	-0.0586834	0.0749485	-0.00481793	-0.0786327	0.045477	-0.109674
-0.0129136	0.151618	0.0539644	0.053359	0.0395948	0.0197237	-0.044993	-0.128233	0.0438129	-0.175933
-0.0758555	0.108805	0.150441	0.0977798	0.0695734	0.0530929	-0.0765454	-0.175777	0.0535649	-0.20508
-0.102507	0.0247724	0.19891	0.0943626	0.141403	0.0855565	-0.0789284	-0.187529	0.0271303	-0.203171
-0.117203	-0.0072991	0.193489	0.015392	0.0868757	0.0932076	-0.0641115	-0.210864	0.0506867	-0.0401727
-0.0873685	-0.0363657	0.198104	-0.0874787	0.0581709	0.0826021	-0.0496566	-0.175896	0.0689487	0.0289395
-0.039642	-0.0456985	0.179307	-0.0501323	0.00166209	0.0583285	-0.0522119	-0.106845	0.0207843	0.0344479
-0.0130288	-0.0251542	0.119759	-0.0348499	-0.0275839	0.0388308	-0.0312384	-0.054245	-0.00922853	0.0367393
-0.0052852	-0.00811653	0.0738916	-0.0233539	-0.0148921	0.0182374	-0.012567	-0.0201789	-0.0237524	0.016017
-0.00096631	-0.00104849	0.0233509	-0.00630064	-0.00567067	0.00928666	-0.00386964	-0.0105563	-0.00675149	0.00252595
0.000370652	0.000924776	-0.00186048	-0.000137589	0.000193952	0.00186493	-6.71737e-05	-8.14414e-05	-0.000664496	-0.000543129
6.08763e-06	-8.23694e-11	-7.85391e-07	-3.88492e-07	-6.46077e-09	-2.33797e-06	-4.01176e-07	-1.37022e-08	-2.13322e-06	-2.10057e-08
0.0	0.0	0.0	0.0	0.0	0.0	0.0	0.0	0.0	0.0
0.0	0.0	0.0	0.0	0.0	0.0	0.0	0.0	0.0	0.0
-0.000183531	-6.3314e-05	-0.000109203	0.00912845	-7.85177e-05	-0.000601959	-2.38761e-05	-0.00450126	-0.0012892	-0.0022776
-0.00560172	-0.00548814	-0.00290967	0.048492	-0.00274689	-0.000547337	-0.00159623	-0.00960706	-0.0139628	-0.00603214
-0.0344346	0.022445	0.00120372	0.10547	-0.009474	0.0138021	-0.00745079	0.0123017	-0.07738	-0.026483
-0.0380906	0.122831	-0.00638643	0.152023	-0.0257887	-0.00554283	-0.0217497	0.0455292	-0.174904	-0.0479198
-0.00963015	0.155242	-0.0308051	0.187106	-0.0392689	-0.0445406	-0.0543081	0.0989555	-0.196378	-0.066373
0.0523069	0.0987513	-0.0479583	0.189436	-0.0516917	-0.0649089	-0.10947	0.141584	-0.140299	-0.0677509
0.087116	0.0436657	-0.0111443	0.0657324	-0.0541148	0.0286223	-0.168008	0.0297466	-0.0199504	-0.00166509
0.127822	-0.00707636	0.0116799	0.0649105	-0.0521821	0.106633	-0.22583	0.00432673	0.00973877	-0.0400229
0.190814	-0.104705	-0.00574325	0.0577374	-0.0479064	0.147594	-0.274104	-0.00848517	0.0302609	0.0145366
0.264128	-0.18061	0.00132055	0.0507544	-0.0339264	0.147804	-0.279748	-0.0652055	0.112549	-0.0170654
0.26575	-0.172298	-0.0347979	-0.0336563	-0.0925366	0.153148	-0.229512	-0.0506324	0.213769	-0.019235
0.231393	-0.186009	-0.12026	0.00834091	-0.094448	0.0819006	-0.181032	-0.0393191	0.352994	-0.0535606
0.176477	-0.0943513	-0.14782	-0.0339717	-0.0450754	0.0580402	-0.153083	0.023374	0.31299	-0.0965788
0.0933554	0.0738759	-0.126094	-0.0472829	-0.00905582	0.0593264	-0.137305	0.0353064	0.209233	-0.151361
-0.0118049	0.128442	-0.0821023	-0.0671822	0.0199167	0.0697988	-0.144818	-0.000172808	0.184466	-0.0965432
-0.0464136	0.134953	-0.0409966	0.0300163	0.0781388	0.0162562	-0.122731	-0.0417033	0.105757	-0.113277
-0.133445	0.0422471	0.070385	0.0615335	0.160954	-0.00794206	-0.0865457	-0.0960993	0.117391	-0.128478
-0.140398	-0.00138127	0.120789	-0.0277766	0.176241	0.0326034	-0.0639534	-0.149659	0.116904	-0.0633687
-0.131271	-0.0275264	0.0912469	-0.051829	0.128293	0.0402825	-0.0493568	-0.168107	0.103849	0.0644185
-0.0738738	-0.0355349	0.0986064	-0.0522431	0.0672751	-0.00678323	-0.0449957	-0.14592	0.0520676	0.141402
-0.0338727	-0.0213549	0.0817895	-0.0385607	0.000572773	0.00255502	-0.0272103	-0.0853224	0.0170201	0.104384
-0.0119508	-0.0179404	0.0420584	-0.0192891	-0.0168008	0.0245409	-0.0158891	-0.0550094	0.0114256	0.0588549
-0.00419516	-0.00569545	0.0365264	-0.0123205	-0.0101492	0.0154004	-0.00833269	-0.0215099	-0.00866741	0.0189435
-0.000447169	-0.000276571	0.0182748	-0.00601313	-0.000781127	0.00524274	-0.00182507	-0.0113362	-0.00286587	2.75722e-05
-6.12382e-06	0.00310577	-0.00160171	0.0002706	0.000196057	0.000992419	-4.50809e-05	-2.57244e-05	-0.00255856	-0.00032765
0.0	0.0	0.0	0.0	0.0	0.0	0.0	0.0	0.0	0.0
0.0	0.0	0.0	0.0	0.0	0.0	0.0	0.0	0.0	0.0
0.0	0.0	0.0	0.0	0.0	0.0	0.0	0.0	0.0	0.0
-0.000441902	-6.40982e-06	-0.000880909	0.00317291	-6.19214e-06	-0.000151181	-2.82355e-06	-0.00095496	-5.21271e-05	-0.000676402
-0.000900181	-0.00411668	-0.0127979	0.0212354	-0.000178594	0.00180817	-0.000143086	0.00723805	-0.0086028	-0.0035424
-0.00641147	-0.00345117	-0.0289159	0.055863	-0.00449349	-0.00246388	-0.00121945	0.0489268	-0.0536173	-0.00421714
-0.0199073	0.0281254	-0.0574522	0.0848752	-0.00820175	-0.00848624	-0.00557533	0.109333	-0.122047	-0.00066435
-0.0291462	0.0293228	-0.104564	0.161941	-0.0138664	-0.0252312	-0.0150854	0.160509	-0.170509	0.00662954
-0.0485479	-0.0272508	-0.141896	0.202986	-0.0220014	-0.0205994	-0.0325487	0.191132	-0.168213	0.0669393
-0.0506722	-0.0829465	-0.147474	0.190206	-0.026361	0.00221429	-0.0628276	0.178487	-0.0921761	0.0915507
-0.05072	-0.12533	-0.154712	0.197652	-0.0299456	0.0951063	-0.0950552	0.138682	-0.0373623	0.0616852
-0.0326593	-0.185134	-0.170439	0.227157	-0.0333266	0.101415	-0.124078	0.138032	0.0232436	0.0557892
-0.00483106	-0.213053	-0.147986	0.211786	-0.0255791	0.13729	-0.152693	0.122911	0.0813726	-0.00921716
0.0361736	-0.211923	-0.0923772	0.180667	-0.108198	0.178457	-0.156206	0.123413	0.0915814	-0.041587
0.03709	-0.223032	-0.0729805	0.189674	-0.120077	0.212066	-0.171893	0.148925	0.0845505	-0.0843234
0.000353773	-0.185252	-0.0365049	0.12527	-0.079515	0.201572	-0.158593	0.140816	0.0987209	-0.106867
-0.0513763	-0.124145	-0.0562473	0.041098	-0.0533797	0.146812	-0.142031	0.133966	0.159333	-0.0540313
-0.0866778	-0.0988309	-0.0603796	0.050889	-0.031552	0.0651117	-0.114985	0.0975571	0.163339	0.0155287
-0.0955879	-0.0357904	-0.0363181	0.0198091	-0.0356901	0.0528781	-0.0812186	0.0579345	0.0570558	0.0969276
-0.106395	-0.00792123	-0.0150494	-0.0781894	0.0394715	0.0396187	-0.0597478	-0.0184924	0.112457	0.0942482
-0.0929363	-0.000683702	-0.0520589	-0.0721476	0.0790199	-0.00377428	-0.0467607	-0.0668184	0.131154	0.125006
-0.0751086	-0.0119555	-0.0477638	-0.0398735	0.0394577	-0.0181296	-0.0292615	-0.0928949	0.0490554	0.226475
-0.055326	-0.00453155	-0.0145793	-0.0217592	0.00718741	-0.0137882	-0.0216341	-0.0883177	0.00536394	0.207385
-0.0245421	-0.00529186	-0.0101389	-0.0139357	-0.000341051	0.0231222	-0.012039	-0.0630168	-0.00485897	0.111042
-0.0083373	-0.00401272	-0.0044313	-0.00409215	-0.00745806	0.0244318	-0.00541279	-0.0483208	-0.003473	0.0611064
-0.00106466	-0.00113721	0.0243766	-0.00385297	-0.00822783	0.0135129	-0.00175775	-0.0213739	-0.00563574	0.00516055
-1.79451e-05	0.000480615	0.0162097	-0.000899697	0.000288162	-0.00113657	-0.00018432	-0.0104519	-0.00170686	-0.00258124
-2.88099e-07	0.000110526	0.00162576	-4.72409e-06	-1.98718e-05	-1.1671e-05	-8.3291e-06	-1.35908e-06	-0.000225209	-0.00146483
0.0	0.0	0.0	0.0	0.0	0.0	0.0	0.0	0.0	0.0
0.0	0.0	0.0	0.0	0.0	0.0	0.0	0.0	0.0	0.0
0.0	0.0	0.0	0.0	0.0	0.0	0.0	0.0	0.0	0.0
-4.63382e-06	-1.02579e-07	-5.83675e-06	0.000281726	-6.78412e-06	-2.51731e-06	-1.60339e-07	-0.000541694	-3.22614e-05	0.000312264
-8.66497e-05	-0.000240373	-0.00353473	4.9273e-05	-5.80011e-05	0.00176684	-3.25955e-05	0.00547368	-0.0014059	-0.00193154
-0.0017512	-0.00540588	-0.0141612	0.00627702	-4.70354e-05	0.00248444	-0.000583582	0.0378889	-0.0226846	-0.00201693
-0.00592844	-0.0132693	-0.0285279	0.0252262	-0.00466851	-0.0127626	-0.0014458	0.0609249	-0.0510445	0.031496
-0.0209861	-0.0226856	-0.045942	0.0491878	-0.0275931	-0.0175927	-0.00431268	0.0967765	-0.0612258	0.0543737
-0.0378458	-0.0441857	-0.0735089	0.074737	-0.0643153	-0.0135715	-0.00794527	0.143508	-0.082417	0.105544
-0.0602038	-0.0620263	-0.111107	0.127132	-0.106258	-0.0115462	-0.0186738	0.217342	-0.119721	0.145061
-0.0848686	-0.0905366	-0.113856	0.159813	-0.115513	0.0275833	-0.028513	0.222166	-0.130837	0.154562
-0.107069	-0.125363	-0.109905	0.209319	-0.120254	0.0383084	-0.0332957	0.196881	-0.0930735	0.144453
-0.11286	-0.119737	-0.111209	0.243033	-0.175212	0.0731939	-0.0356278	0.228833	-0.0781969	0.0877838
-0.135452	-0.112209	-0.0953113	0.242296	-0.221419	0.0936832	-0.0427365	0.23171	-0.0909117	0.130351
-0.134661	-0.132725	-0.0707207	0.189429	-0.206956	0.110117	-0.0499875	0.229022	-0.0764851	0.142968
-0.121113	-0.131373	-0.0457834	0.116465	-0.198081	0.0685385	-0.043863	0.230378	0.000314982	0.124517
-0.119873	-0.112589	-0.0341127	0.0561897	-0.216862	0.0654466	-0.0406588	0.239111	0.0651338	0.0982145
-0.0973651	-0.0830258	-0.0399445	0.0341954	-0.232496	0.040181	-0.0371438	0.202344	0.0547558	0.158499
-0.084518	-0.0442254	-0.0368058	-0.00890252	-0.216651	0.0276095	-0.0282894	0.147714	0.0369995	0.207069
-0.06339	-0.0185864	-0.0523069	-0.0292608	-0.148415	0.00296285	-0.0232918	0.0779984	0.0178846	0.236404
-0.042108	-0.0134874	-0.066634	-0.0032726	-0.111502	-0.000322693	-0.0164334	-0.00791826	0.00333766	0.258341
-0.0359006	-0.00725159	-0.0435234	-0.0103298	-0.0667054	-0.00194492	-0.00950257	-0.048035	-0.00644218	0.229636
-0.0297197	-0.00263495	-0.0316593	-0.01973	-0.0437685	0.0178422	-0.00623484	-0.037666	-0.0134658	0.167037
-0.0124432	-0.0015891	-0.0197978	-0.00893615	-0.0182928	0.0294141	-0.00334481	-0.0210878	-0.00892716	0.0650048
-0.00331526	-0.000491773	-0.0142683	-0.00182364	-0.0122632	0.0225862	-0.00130217	-0.0136354	-0.00223755	0.0267511
-0.000571165	-9.72454e-06	-0.00253183	-0.000102191	-0.00639578	0.011638	-0.000353209	-0.000991649	-0.000746347	6.3894e-05
-2.93121e-07	-1.33372e-06	0.00144229	-9.69738e-05	-0.000331802	-1.83006e-06	-5.0341e-06	-0.000323869	-0.000348187	-0.000332965
-2.43722e-07	-1.58722e-06	0.00172701	-9.45858e-07	-2.0958e-05	-9.1477e-07	-4.6612e-06	-1.16196e-06	-0.000142854	-0.00155368
0.0	0.0	0.0	0.0	0.0	0.0	0.0	0.0	0.0	0.0
0.0	0.0	0.0	0.0	0.0	0.0	0.0	0.0	0.0	0.0
0.0	0.0	0.0	0.0	0.0	0.0	0.0	0.0	0.0	0.0
0.0	0.0	0.0	0.0	0.0	0.0	0.0	0.0	0.0	0.0
0.0	0.0	0.0	0.0	0.0	0.0	0.0	0.0	0.0	0.0
-0.000127752	-0.000337774	-0.000463866	-0.000142386	0.000798982	-0.00136444	-3.34825e-05	-0.00308844	-0.00461055	0.0093697
-0.00168503	-0.00159733	-0.00150608	0.00136095	0.00316439	-0.00323151	-0.000250276	-0.00388544	-0.0117801	0.0194105
-0.00621284	-0.00288338	-0.0040918	0.00172863	-0.00766059	-0.00633531	-0.00103899	0.0068353	-0.0176852	0.0373441
-0.0120429	-0.00408725	-0.00721896	0.00482115	-0.0257581	-0.0149121	-0.00185332	0.0346669	-0.0114709	0.0378555
-0.0192985	-0.00656667	-0.00994876	0.00289158	-0.0532367	-0.0217473	-0.00388213	0.0733188	-0.010965	0.0494347
-0.0279968	-0.0116065	-0.0104933	0.00423701	-0.0832002	-0.0225466	-0.00544217	0.0979791	-0.0246582	0.0837276
-0.0285117	-0.0163758	-0.0113077	0.0109161	-0.0906469	-0.0144875	-0.00608718	0.0884804	-0.0373735	0.105394
-0.0261455	-0.0159558	-0.0121028	0.0106307	-0.113266	0.0086491	-0.0066563	0.107268	-0.0353045	0.0828833
-0.0234803	-0.0211813	-0.0107342	-0.00777596	-0.13067	0.0168049	-0.00765528	0.0875288	-0.0397787	0.136942
-0.0339811	-0.0325043	-0.0135344	-0.0122039	-0.14064	0.00266704	-0.00846773	0.136082	-0.0497592	0.152341
-0.0432814	-0.0313289	-0.0113474	-0.0176574	-0.162242	-0.016141	-0.0074452	0.179116	-0.0476806	0.158009
-0.0375873	-0.0239635	-0.0111154	-0.0165518	-0.155179	-0.00578399	-0.00704117	0.185949	-0.0418187	0.113092
-0.0276852	-0.0122355	-0.0117328	-0.00673177	-0.138545	-0.0124042	-0.00650871	0.140833	-0.0321178	0.107128
-0.0234391	-0.00578186	-0.0129904	-0.00881123	-0.119634	-0.0144985	-0.00620226	0.119161	-0.0228815	0.0950785
-0.0162358	-0.00483467	-0.0115098	-0.00860012	-0.0982024	-0.0152394	-0.00539013	0.0910435	-0.0163833	0.085352
-0.00612503	-0.00254731	-0.00801795	-0.00575315	-0.0797296	-0.0056963	-0.00359371	0.0312767	-0.0138069	0.0939933
-0.00771803	-0.00137707	-0.00569064	-0.00687584	-0.0410529	0.00534425	-0.00242112	-0.00856218	-0.00774293	0.0760964
-0.0083413	-0.000674965	-0.00334221	-0.00409592	-0.0168442	0.00696688	-0.00156843	-0.00287222	-0.00409211	0.0348645
-0.00520332	-0.000134269	-0.000761242	-0.000219873	-0.00617419	0.00401544	-0.000317108	0.00527134	-0.000820131	0.00434335
-0.000513764	-6.20504e-06	-3.06247e-05	-7.63794e-05	-0.000493353	7.05889e-05	-4.67739e-05	-0.00139703	-7.9494e-05	0.00257303
-1.20335e-06	-1.38991e-09	-1.86902e-07	-1.19371e-06	-0.00012101	-2.95321e-06	-4.9556e-07	-7.03645e-06	-4.27383e-06	0.000138354
-1.22686e-07	-1.30852e-08	-5.90387e-07	-1.04865e-07	-4.26076e-08	-5.91752e-08	-8.38736e-10	3.74958e-06	-4.16969e-07	-2.39876e-06
0.0	0.0	0.0	0.0	0.0	0.0	0.0	0.0	0.0	0.0
0.0	0.0	0.0	0.0	0.0	0.0	0.0	0.0	0.0	0.0
0.0	0.0	0.0	0.0	0.0	0.0	0.0	0.0	0.0	0.0
0.0	0.0	0.0	0.0	0.0	0.0	0.0	0.0	0.0	0.0
0.0	0.0	0.0	0.0	0.0	0.0	0.0	0.0	0.0	0.0
0.0	0.0	0.0	0.0	0.0	0.0	0.0	0.0	0.0	0.0
-2.39691e-06	-3.15992e-06	-1.90414e-06	-3.70893e-07	-1.17483e-06	-6.46897e-07	-7.36663e-08	4.82217e-05	-2.4007e-05	-1.44875e-05
-4.2716e-05	-8.27377e-06	-5.5168e-06	-1.66817e-06	-4.86666e-06	-1.08573e-05	-8.19752e-07	0.000203449	-6.71494e-05	-6.15818e-05
-5.15356e-05	-7.31468e-06	-1.11739e-05	-7.26028e-06	-0.000682134	-1.58222e-05	-1.80085e-06	0.00023893	-7.2183e-05	0.000610295
-0.000120167	-2.1545e-05	-2.4684e-05	-2.86711e-05	-0.00404856	-0.000226301	-3.46016e-05	0.00103732	-0.000100855	0.00356807
-0.000353694	-4.49858e-05	-4.23847e-05	-6.74301e-05	-0.00541421	-0.00052015	-6.69803e-05	0.00501609	-0.00018223	0.00167597
-0.000658961	-2.2854e-05	-3.85046e-05	-0.00015455	-0.003824	-0.00030429	-2.52818e-05	0.00529302	-0.000260529	-4.05487e-06
-0.00056902	-0.000566887	-0.000143702	-0.000557048	-0.0051902	0.00181869	-4.01759e-05	0.00801073	-0.0015634	-0.00119899
-0.00100062	-0.000195684	-0.000159318	-0.000501187	-0.0052244	0.00445158	-5.32749e-05	0.00315651	-0.00106169	0.000588084
-0.00274756	-0.000358402	-0.000247622	-0.00111248	-0.0100598	0.00377677	-0.000357487	0.0101364	-0.00245821	0.00342842
-0.00393917	-0.000413542	-0.000300018	-0.00165914	-0.00811719	-0.000544825	-0.000358541	0.0285748	-0.00220359	-0.0110387
-0.00568762	-0.000509019	-0.000340762	-0.00252974	-0.0209427	-0.00481298	-0.000658682	0.0391059	-0.00322999	-0.000394383
-0.00573822	-0.000376011	-0.00061193	-0.00238586	-0.0139335	-0.00414657	-0.000733254	0.0441168	-0.00334	-0.0128515
-0.00339752	-0.00023862	-0.000491835	-0.00254875	-0.00977247	-0.00270487	-0.000530149	0.0367324	-0.00185558	-0.0151926
-0.00347702	-0.000456846	-0.000357154	-0.00236559	-0.00842609	-0.00266704	-0.000481107	0.0400363	-0.00162002	-0.0201854
-0.00348795	-0.00103209	-0.000341229	-0.00180027	-0.008066	-0.00234665	-0.000308083	0.0429338	-0.00153484	-0.0240167
-0.00168317	-7.57856e-05	-0.000317995	-0.00114841	-0.00419838	-0.00145998	-0.000190974	0.0232544	-0.000875039	-0.0133046
-0.00256012	-6.25043e-05	-0.000569584	-0.000501095	-0.00197723	-0.000669172	-0.000173714	0.00600894	-0.000540892	0.00104537
-0.00215521	-2.32452e-05	-0.00023362	-0.000216684	-0.000683381	-0.000252725	-6.58899e-05	0.00130207	-0.000253088	0.00258177
-0.00533109	-4.68053e-05	-0.000374653	-0.00014471	-0.000726561	-0.000424876	-0.000163977	0.00519461	-0.000229523	0.00224759
-0.00121406	-2.2916e-06	-1.01705e-05	-1.37036e-05	-0.000101701	-7.44673e-05	-1.062e-05	0.00159812	-3.50643e-05	-0.000136043
0.0	0.0	0.0	0.0	0.0	0.0	0.0	0.0	0.0	0.0
0.0	0.0	0.0	0.0	0.0	0.0	0.0	0.0	0.0	0.0
0.0	0.0	0.0	0.0	0.0	0.0	0.0	0.0	0.0	0.0
0.0	0.0	0.0	0.0	0.0	0.0	0.0	0.0	0.0	0.0
