0.0	0.0	0.0	0.0	0.0	0.0	0.0	0.0	0.0	0.0
0.0	0.0	0.0	0.0	0.0	0.0	0.0	0.0	0.0	0.0
0.0	0.0	0.0	0.0	0.0	0.0	0.0	0.0	0.0	0.0
0.0	0.0	0.0	0.0	0.0	0.0	0.0	0.0	0.0	0.0
0.0	0.0	0.0	0.0	0.0	0.0	0.0	0.0	0.0	0.0
0.0	0.0	0.0	0.0	0.0	0.0	0.0	0.0	0.0	0.0
0.0	0.0	0.0	0.0	0.0	0.0	0.0	0.0	0.0	0.0
0.0	0.0	0.0	0.0	0.0	0.0	0.0	0.0	0.0	0.0
0.0	0.0	0.0	0.0	0.0	0.0	0.0	0.0	0.0	0.0
0.0	0.0	0.0	0.0	0.0	0.0	0.0	0.0	0.0	0.0
0.0	0.0	0.0	0.0	0.0	0.0	0.0	0.0	0.0	0.0
0.0	0.0	0.0	0.0	0.0	0.0	0.0	0.0	0.0	0.0
-3.01588e-06	-5.39172e-06	-0.000249653	-1.41702e-05	-0.000765914	-1.46794e-05	0.00129278	-5.72095e-06	-6.22467e-05	-0.000171984
-1.48462e-05	-1.29688e-05	-0.000259766	-3.93977e-05	-0.00178609	-3.25343e-05	0.00273044	-1.68844e-05	-0.000144571	-0.000423383
-9.17227e-06	-1.29393e-06	0.000319252	-9.31402e-06	-0.000121296	-4.35757e-07	-0.00011161	-4.84909e-06	-9.20492e-06	-5.20763e-05
-3.82178e-07	-5.39137e-08	1.33022e-05	-3.88084e-07	-5.054e-06	-1.81565e-08	-4.6504e-06	-2.02045e-07	-3.83538e-07	-2.16985e-06
0.0	0.0	0.0	0.0	0.0	0.0	0.0	0.0	0.0	0.0
0.0	0.0	0.0	0.0	0.0	0.0	0.0	0.0	0.0	0.0
0.0	0.0	0.0	0.0	0.0	0.0	0.0	0.0	0.0	0.0
0.0	0.0	0.0	0.0	0.0	0.0	0.0	0.0	0.0	0.0
0.0	0.0	0.0	0.0	0.0	0.0	0.0	0.0	0.0	0.0
0.0	0.0	0.0	0.0	0.0	0.0	0.0	0.0	0.0	0.0
0.0	0.0	0.0	0.0	0.0	0.0	0.0	0.0	0.0	0.0
0.0	0.0	0.0	0.0	0.0	0.0	0.0	0.0	0.0	0.0
0.0	0.0	0.0	0.0	0.0	0.0	0.0	0.0	0.0	0.0
0.0	0.0	0.0	0.0	0.0	0.0	0.0	0.0	0.0	0.0
0.0	0.0	0.0	0.0	0.0	0.0	0.0	0.0	0.0	0.0
0.0	0.0	0.0	0.0	0.0	0.0	0.0	0.0	0.0	0.0
0.0	0.0	0.0	0.0	0.0	0.0	0.0	0.0	0.0	0.0
0.0	0.0	0.0	0.0	0.0	0.0	0.0	0.0	0.0	0.0
0.0	0.0	0.0	0.0	0.0	0.0	0.0	0.0	0.0	0.0
0.0	0.0	0.0	0.0	0.0	0.0	0.0	0.0	0.0	0.0
-2.59666e-09	-1.12706e-08	-6.28373e-07	-1.64376e-09	-8.41482e-06	-1.25861e-08	9.51347e-06	-6.91128e-09	-1.05344e-07	-3.29961e-07
-9.3832e-08	-3.35394e-08	-3.62188e-06	-1.82141e-08	-7.23903e-05	-4.40943e-08	7.85399e-05	-3.64602e-07	-3.31177e-07	-1.64244e-06
-1.84914e-05	-1.06807e-07	-0.000118145	-3.94545e-06	-0.00369151	-6.24118e-06	0.00399018	-2.88862e-05	-4.20966e-06	-0.000118648
-3.58426e-05	-2.43375e-05	-0.000343503	-9.0277e-06	-0.0082149	-1.30394e-05	0.00902357	-8.15693e-05	-2.4825e-05	-0.000276527
-4.02012e-05	-0.00114616	-0.00179625	-5.78766e-05	-0.00743932	-4.02209e-05	0.011496	-0.000271101	-0.000305324	-0.000399567
-6.16619e-05	-0.000994202	-0.00213071	-9.32359e-05	-0.00427824	-3.4537e-05	0.0084844	-0.000296069	-0.00033468	-0.000261069
-0.000562268	-0.000707651	-0.000979453	-9.17587e-05	-0.00825172	-0.000106529	0.0117607	-0.000240121	-0.000325696	-0.000495483
0.00152556	-0.000515543	-0.0043407	-0.000143626	-0.0141974	-0.000229356	0.0211624	-0.000847951	-0.000555364	-0.00185803
0.00408079	-0.000403311	-0.00525574	-0.000223232	-0.0252029	-0.00122968	0.0335618	-0.00208278	-0.000592247	-0.00265275
0.00176438	-0.000228742	-0.00381575	-0.000163842	-0.0173613	-0.00129651	0.0240592	-0.00061778	-0.000716689	-0.00162293
-0.000233433	0.00341672	0.00160822	-0.000275507	-0.0122579	-0.000638797	0.0103328	-0.000165717	-0.000898633	-0.000887678
0.00145193	0.00500299	0.00496938	-0.000362661	-0.0193233	-0.000675494	0.0121051	-0.00037564	-0.00102567	-0.00176665
0.00408927	-0.00194872	0.014403	-0.000349201	-0.0138801	-0.00071098	0.00374841	-0.0007867	-0.00108735	-0.00347767
0.00114597	-0.00109791	0.00191931	-0.000168052	-0.00521846	-0.00049924	0.00717909	-0.00036862	-0.000733342	-0.00215875
-0.000937852	-0.000114573	-0.00499545	-5.52106e-05	-0.00368312	-0.000484616	0.0116363	-5.98654e-05	-0.000550186	-0.000755395
-0.000426366	-6.86508e-05	-0.00295768	-4.35839e-05	-0.00259041	-0.000400466	0.00778855	-8.56248e-05	-0.0006041	-0.000611664
-0.000188739	-8.94155e-05	-0.00134939	-3.70803e-05	-0.00246156	-0.00022387	0.00508455	-4.8017e-05	-0.000317193	-0.000369284
-8.33209e-05	-0.000223367	-0.00171741	-4.77349e-05	-0.00506132	-6.47442e-05	0.00776556	-6.39457e-06	-0.000366008	-0.00019525
-8.7961e-06	-1.94017e-05	-0.000196575	-4.20024e-06	-0.00593616	-7.59123e-06	0.00632718	-1.06558e-05	-5.99997e-05	-8.3797e-05
-2.22081e-06	-1.43878e-06	-6.27416e-05	-6.60404e-07	-0.00164073	-7.37143e-06	0.0017954	-1.45651e-05	-2.9307e-05	-3.6358e-05
0.0	0.0	0.0	0.0	0.0	0.0	0.0	0.0	0.0	0.0
0.0	0.0	0.0	0.0	0.0	0.0	0.0	0.0	0.0	0.0
0.0	0.0	0.0	0.0	0.0	0.0	0.0	0.0	0.0	0.0
0.0	0.0	0.0	0.0	0.0	0.0	0.0	0.0	0.0	0.0
0.0	0.0	0.0	0.0	0.0	0.0	0.0	0.0	0.0	0.0
0.0	0.0	0.0	0.0	0.0	0.0	0.0	0.0	0.0	0.0
-1.57782e-08	-3.32962e-10	-8.98198e-08	-8.22831e-10	-1.17094e-06	-2.26423e-07	1.86624e-06	-6.9383e-12	-2.37409e-07	-1.2471e-07
0.00013314	-3.48951e-10	-2.43345e-06	-1.90246e-07	-0.000138435	-2.38473e-05	5.46068e-05	-1.1211e-05	-8.27573e-07	-1.08021e-05
6.00033e-05	-8.1588e-07	-0.00020829	-4.55668e-07	-0.000105494	-4.65949e-06	0.000287005	-4.94523e-06	-1.23626e-05	-9.98647e-06
-9.10936e-05	-8.82354e-07	-6.12606e-05	-3.07121e-06	-0.000204617	-5.00815e-07	0.00037636	-1.91347e-06	-7.67495e-06	-5.34565e-06
-0.00148316	-8.54219e-06	-0.000591956	-4.52941e-05	-0.00442469	-2.14851e-05	0.00697845	-0.000179139	-8.0028e-05	-0.00014415
-0.00180798	-0.000612329	-0.0010877	-0.000495585	-0.0152976	-0.000364023	0.0210805	-0.000513623	-0.00038489	-0.000516726
-0.0027715	-0.00358548	-0.000182246	-0.00175768	-0.0198262	-0.000748257	0.0320754	-0.00112416	-0.00109948	-0.00098035
-0.00789743	-0.00620992	0.00772326	-0.00371384	-0.0221563	-0.00243056	0.0422691	-0.00249529	-0.00344861	-0.00164032
-0.00890242	-0.00985116	0.00991942	-0.00315093	-0.0419339	-0.00547932	0.0733551	-0.00418499	-0.00568753	-0.00408434
-0.012492	-0.0109369	0.021218	-0.000619734	-0.0571054	-0.0104231	0.0921921	-0.00607954	-0.00855342	-0.00720005
-0.01518	0.00204839	0.0120413	-0.000920722	-0.0872697	-0.016924	0.138049	-0.00666833	-0.0134187	-0.0117573
-0.016463	0.0168136	-0.00103673	-0.000247508	-0.0842809	-0.0210291	0.140468	-0.00513177	-0.0158612	-0.0132311
-0.0218247	0.0195435	0.00750367	0.00257916	-0.0692317	-0.0195551	0.118012	-0.00717205	-0.0169564	-0.0128983
-0.0279848	0.0334941	0.0151822	-0.00433508	-0.0725517	-0.0136046	0.111474	-0.00852362	-0.0186758	-0.0144745
-0.0283183	0.014336	0.0154662	-0.00793239	-0.066088	-0.00584371	0.121411	-0.00574198	-0.0199184	-0.0173707
-0.0259678	-0.0035833	-0.00407486	-0.00881472	-0.0416444	0.00273918	0.117547	-0.00443044	-0.0176803	-0.0140898
-0.0203641	-0.00412608	-0.0138772	-0.0109675	-0.0278013	0.00582267	0.0968085	-0.00328186	-0.0115992	-0.0106139
-0.0171625	-0.00366908	-0.0228814	-0.00699363	-0.0140864	-0.00139567	0.0865114	-0.00186486	-0.0112321	-0.00722586
-0.00961111	-0.00752347	-0.0173442	-0.00277115	-0.00766203	-0.00769038	0.0607618	-0.000730016	-0.00543331	-0.00199607
-0.00469425	-0.00405455	-0.0182099	-0.00223668	-0.00559144	-0.00721359	0.0481792	-0.000374309	-0.00448236	-0.00132209
-0.00285267	-0.00154385	-0.0131289	-0.00154979	-0.00711873	-0.00422651	0.0343828	-0.000303942	-0.00275633	-0.000902114
-0.00129195	-0.000847104	-0.00310756	-0.000476645	-0.00455954	-0.00363656	0.0152159	-4.58345e-05	-0.00104367	-0.000207079
-0.000319642	-0.000321006	0.00595338	-5.98821e-05	-0.000780963	-0.00208506	-0.00182008	-1.97014e-05	-0.000520121	-2.69279e-05
-5.8164e-06	-1.72376e-05	0.00456114	-6.96721e-07	-0.000209306	-0.000337707	-0.00381874	-2.57782e-08	-0.000170699	-9.08265e-07
0.0	0.0	0.0	0.0	0.0	0.0	0.0	0.0	0.0	0.0
0.0	0.0	0.0	0.0	0.0	0.0	0.0	0.0	0.0	0.0
0.0	0.0	0.0	0.0	0.0	0.0	0.0	0.0	0.0	0.0
0.0	0.0	0.0	0.0	0.0	0.0	0.0	0.0	0.0	0.0
-3.5797e-08	6.72339e-05	-1.16986e-05	-1.21843e-06	-2.59542e-06	-8.2909e-07	-3.50682e-05	-5.18625e-09	-1.54694e-05	-3.13631e-07
3.45245e-05	1.58943e-05	-3.53431e-05	-3.9809e-06	-0.000447971	-0.000109563	0.000645352	-3.47428e-05	-1.72076e-05	-4.69625e-05
-0.00141958	-3.20955e-05	-0.000245822	-0.000166684	-0.000349799	0.000923641	0.00156757	-0.000155048	-7.42774e-05	-4.79106e-05
-0.00583145	-0.00053669	0.00316513	0.00730682	-0.0018929	-0.00332163	0.00410376	-0.00106581	-0.00135709	-0.000570148
-0.00879612	-0.00112379	0.00751035	0.00535925	-0.00958574	-0.00299914	0.0150465	-0.00170695	-0.00302417	-0.000680216
-0.0112707	-0.0049245	0.0165237	0.0150582	-0.0219245	-0.00761033	0.0261984	-0.00387792	-0.00619082	-0.00198165
-0.0104374	-0.0146119	0.0372267	0.0186556	-0.0402668	-0.00968304	0.0395696	-0.00772415	-0.00877679	-0.00395167
-0.0261311	-0.027582	0.0975612	0.013825	-0.0586964	-0.0192739	0.0590539	-0.0123119	-0.0186118	-0.00783302
-0.028314	-0.0403643	0.118445	0.0327064	-0.0757545	-0.0212269	0.079051	-0.0211801	-0.0284486	-0.0149136
-0.0232454	-0.0511126	0.144337	0.0718245	-0.107782	-0.0394782	0.103291	-0.0298809	-0.0446215	-0.0233325
-0.0355163	-0.0318068	0.168837	0.104237	-0.167652	-0.0445841	0.1254	-0.028513	-0.0597004	-0.0307015
-0.0326932	-0.0206478	0.169915	0.113555	-0.192018	-0.0527702	0.156506	-0.0308841	-0.0698231	-0.0411399
-0.0441817	-0.0142176	0.0971322	0.166959	-0.172908	-0.048935	0.170833	-0.0322992	-0.0731652	-0.049218
-0.0497251	0.0136441	0.0514361	0.160898	-0.168132	-0.0280123	0.185456	-0.0352421	-0.0685507	-0.061773
-0.0555548	0.00767618	0.0732361	0.11857	-0.144409	-0.0240751	0.189767	-0.0337169	-0.0707571	-0.0607365
-0.0757748	-0.0215814	0.0345943	0.0833082	-0.105832	0.0157382	0.21152	-0.0276473	-0.0675585	-0.0467663
-0.0935584	-0.0447335	-0.0345914	0.0616847	-0.0664228	0.0605383	0.216137	-0.0210758	-0.0499772	-0.0280006
-0.0933445	-0.0387852	-0.0595562	0.0409647	-0.0218589	0.0530044	0.20657	-0.0135301	-0.0529042	-0.0205604
-0.0664232	-0.0365616	-0.0622917	0.0215473	-0.00156848	0.0356689	0.168801	-0.0094663	-0.0356291	-0.014077
-0.0479248	-0.0227426	-0.05602	-0.011862	-0.00518129	0.0133095	0.160458	-0.00482663	-0.0181061	-0.00710439
-0.0309484	-0.0144366	-0.0488377	-0.015704	-0.00458667	0.00532335	0.119654	-0.00191566	-0.00571033	-0.00283789
-0.0158714	-0.0103543	-0.035122	-0.00738122	-0.00220384	-0.0124687	0.0826051	-0.000792053	0.00289899	-0.00131057
-0.00713966	-0.00767939	-0.00865226	-0.00297397	-0.00378619	-0.00941139	0.0421946	-0.000369629	-0.00184349	-0.000338642
-0.00210101	-0.00212448	0.00293059	-0.000171936	-0.000207515	0.00621005	-0.00337122	-3.8386e-06	-0.00113457	-2.60792e-05
-0.00043858	-0.00271693	-0.000269207	-1.95924e-05	-9.22254e-05	0.0012442	0.00332659	-1.6325e-07	-0.0010318	-2.30458e-06
0.0	0.0	0.0	0.0	0.0	0.0	0.0	0.0	0.0	0.0
0.0	0.0	0.0	0.0	0.0	0.0	0.0	0.0	0.0	0.0
-1.14524e-08	-1.20274e-08	-3.97553e-07	1.43878e-06	-8.54787e-08	-8.65608e-07	-1.92918e-08	-2.79459e-09	-4.10541e-08	-3.50102e-09
-1.63106e-05	0.000228109	-0.000155523	0.000317242	-1.94227e-06	-0.0002149	-0.000140794	-3.87189e-08	-1.51143e-05	-7.28022e-07
-0.000160588	-3.10485e-05	-0.000400542	0.00208928	-0.000107894	-0.00107423	-0.00013872	2.04696e-05	-0.000151374	-4.53585e-05
-0.00129978	0.00088474	-0.00463927	0.00985556	0.0029262	-0.00681045	0.00112183	-0.000511007	-0.00125528	-0.000272537
-0.0125544	0.0081245	0.0153549	0.0364861	0.00107652	-0.0284733	-0.00440781	-0.00581952	-0.0074834	-0.0023035
-0.016872	0.00179918	0.0424569	0.0619331	-0.0118762	-0.0496785	-0.00360933	-0.0073515	-0.0117063	-0.00509522
-0.0201736	-0.016181	0.0660404	0.105049	-0.0202782	-0.0708495	0.00416225	-0.0156611	-0.0223379	-0.00977058
-0.0305249	-0.0360397	0.106028	0.154058	-0.0500126	-0.0987336	0.0290834	-0.0257934	-0.0299384	-0.0181265
-0.0302515	-0.0528758	0.189752	0.188551	-0.0845227	-0.0985859	0.0223282	-0.0451537	-0.0500811	-0.039161
-0.0363858	-0.0405746	0.221886	0.223707	-0.13001	-0.0915009	0.0245594	-0.0671689	-0.0496587	-0.0548539
-0.054921	-0.0256357	0.274985	0.238586	-0.159256	-0.0903611	0.00133451	-0.0887323	-0.018834	-0.0771643
-0.0675384	0.0403119	0.287229	0.214407	-0.194516	-0.110834	0.0105452	-0.111605	0.0412863	-0.109286
-0.0465218	0.104575	0.218472	0.221322	-0.193324	-0.143866	0.0228731	-0.128198	0.0720542	-0.127387
-0.0428161	0.121424	0.159432	0.190672	-0.19553	-0.081869	0.0187766	-0.142391	0.139944	-0.167642
-0.00350006	0.0882115	0.103992	0.156553	-0.189021	0.0236423	0.0290763	-0.141882	0.126635	-0.193707
-0.0326526	0.059585	0.118476	0.120103	-0.155723	0.0758043	0.0884428	-0.136579	0.0545935	-0.19205
-0.0246494	0.034607	0.0812065	0.0589915	-0.115549	0.0869993	0.162779	-0.114666	-0.0216655	-0.148053
-0.0621225	0.0238315	0.0237093	0.0515191	-0.0779695	0.0976217	0.210444	-0.0895838	-0.0624956	-0.114954
-0.0613016	0.0968721	-0.0371945	-0.00139555	-0.0171627	0.0236555	0.216118	-0.0660548	-0.0617344	-0.091802
-0.0556824	0.104305	-0.0737685	-0.0482503	0.0257694	-0.0451579	0.235661	-0.0471096	-0.0307623	-0.0650039
-0.0586265	0.0979348	-0.109459	-0.0742252	0.021926	0.0461418	0.223442	-0.0286911	-0.0670279	-0.0514152
-0.0478215	0.0575113	-0.109849	-0.0614417	0.0402415	0.0538315	0.185645	-0.018919	-0.0665137	-0.0326843
-0.0450247	0.0167367	-0.0888986	-0.0647868	0.0473347	0.0812992	0.126822	-0.00913903	-0.0503216	-0.0140216
-0.0366122	-0.0235899	-0.0392005	-0.0165641	0.0247365	0.0709101	0.0414714	-0.00344264	-0.0132425	-0.00446603
-0.010173	-0.014011	-0.00534437	-0.00254344	0.000458118	0.021958	0.00635462	-0.000738862	0.00524495	-0.00120495
-0.000842405	-0.00133812	-0.00103202	-5.32916e-05	-0.000759199	0.00132971	0.000687635	-0.0001629	0.00251732	-0.000346728
-2.5986e-05	-0.000696455	-0.000761262	-1.30382e-05	-0.000240978	-0.000315757	0.00237613	-5.17291e-06	-0.000302497	-1.49852e-05
0.0	0.0	0.0	0.0	0.0	0.0	0.0	0.0	0.0	0.0
0.0	0.0	0.0	0.0	0.0	0.0	0.0	0.0	0.0	0.0
-5.77932e-05	2.21274e-05	6.23216e-05	0.000752537	-2.53509e-05	-0.00069408	1.37711e-05	-6.29341e-06	-6.54475e-05	-1.79285e-06
-0.00101025	0.000936596	-0.000901156	0.0148138	0.000177402	-0.00665528	-0.00328605	-0.000261472	-0.00297436	-0.00083927
-0.00593947	0.00153791	0.00447604	0.0400351	0.0047449	-0.0241831	-0.00315732	-0.00336036	-0.00975826	-0.00439541
-0.0213014	0.0164554	0.0262537	0.0977201	0.0111932	-0.0611589	-0.0308258	0.00371818	-0.0265499	-0.0155047
-0.0300489	-0.00442434	0.084719	0.13899	0.0032154	-0.0948962	-0.0233109	-0.00498602	-0.035312	-0.0339456
-0.0495151	-0.0479337	0.165595	0.161152	0.00100663	-0.0820885	-0.0288344	-0.0171958	-0.0499345	-0.0522516
-0.0545637	-0.0996075	0.216527	0.177536	-0.00718615	-0.0750397	0.00350339	-0.0342037	-0.0545108	-0.0724547
-0.0531794	-0.117502	0.257093	0.176887	-0.0219388	-0.0197474	-0.0125357	-0.0706654	-0.0324719	-0.105939
-0.0185652	-0.076916	0.243653	0.187653	-0.0683825	0.00181725	-0.0179198	-0.10343	-0.0452896	-0.10262
-0.0166108	-0.0368091	0.2424	0.137079	-0.101944	0.00567245	-0.0986328	-0.148748	0.0751165	-0.0575229
0.0116084	0.0194699	0.225781	0.0750795	-0.13759	-0.0308978	-0.0733799	-0.190921	0.140363	-0.0395123
0.109151	0.0792466	0.204618	0.0545834	-0.157423	-0.0418172	-0.125967	-0.247278	0.145536	-0.0206493
0.134637	0.107133	0.204772	0.0225079	-0.109031	-0.0627742	-0.0656656	-0.281483	0.164754	-0.114851
0.159133	0.0884681	0.236616	0.0725577	-0.0750323	-0.0729444	-0.0672244	-0.293308	0.142552	-0.190818
0.136619	-0.00856623	0.231896	0.130687	-0.0233328	-0.0107066	-0.0273833	-0.283106	0.149023	-0.29513
0.158954	-0.03581	0.185108	0.0136734	-0.0227327	0.0726799	0.035869	-0.259134	0.165271	-0.313878
0.107918	-0.00136453	0.0919812	-0.011317	0.0363948	0.0939286	0.144526	-0.226649	0.0570673	-0.292486
0.0111795	0.0605188	-0.0182981	-0.00388539	0.0952924	0.0359626	0.198802	-0.193084	0.0646499	-0.251138
-0.0184286	0.137874	-0.0562805	-0.076242	0.0758812	0.102215	0.160719	-0.15071	0.0235369	-0.198566
-0.00903546	0.189374	-0.0669701	-0.142446	0.0882108	0.136239	0.102121	-0.105932	-0.034641	-0.156921
-0.0300125	0.138982	-0.103433	-0.118367	0.146427	0.163847	0.0896766	-0.0736971	-0.0839644	-0.129457
-0.0656159	0.0582133	-0.114516	-0.127941	0.165323	0.200486	0.0837698	-0.0431287	-0.0751037	-0.0814874
-0.0686455	0.00213194	-0.0674636	-0.0484098	0.069515	0.168098	0.0330976	-0.0185241	-0.0328162	-0.0369833
-0.0268422	-0.0225284	-0.015337	-0.0108743	0.0113882	0.0757398	-0.0015648	-0.00563434	0.00762772	-0.0119746
-0.00744678	-0.00324648	-0.00390668	-0.000955605	-0.00231859	0.0164677	0.00536851	-0.00174676	-0.000556022	-0.00165931
-0.000536399	-0.00098772	-0.00112903	-5.37277e-05	-0.000102404	5.74678e-05	0.00351335	-5.10914e-05	-0.000687865	-2.25798e-05
0.0	0.0	0.0	0.0	0.0	0.0	0.0	0.0	0.0	0.0
-4.9101e-07	-3.47235e-07	-1.12558e-06	3.45381e-05	-1.59776e-07	-1.96042e-06	-5.41927e-08	-6.04406e-07	-2.06162e-06	-2.77339e-05
-0.00014417	-0.00210318	-0.00085162	0.00396843	-0.00151832	-0.000176575	-0.000331976	0.00340656	-0.00103808	-0.00121107
-0.00144155	-0.000465547	-0.000797519	0.0424344	-0.00464352	-0.0226705	-0.00782663	0.0113052	-0.00989265	-0.00600166
-0.010311	-0.00134102	0.0185513	0.086146	0.0121512	-0.0544326	-0.0108305	0.00846562	-0.0223482	-0.0260509
-0.0213351	-0.0115821	0.0561491	0.142961	0.0376501	-0.0846099	-0.0353307	0.0199827	-0.0365457	-0.0673398
-0.0412721	-0.0377889	0.129709	0.173715	0.0296771	-0.0944738	-0.0513076	0.0458252	-0.0491174	-0.104967
-0.0611606	-0.0880913	0.196956	0.11115	0.0360601	-0.0550361	-0.0357452	0.068734	-0.0222545	-0.150613
-0.0711403	-0.157957	0.195158	0.129519	0.00767022	-0.00772959	-0.036072	0.0934244	0.0161312	-0.169004
-0.0785839	-0.193242	0.207085	0.140141	-0.014496	0.0372708	-0.0673169	0.0719583	0.0330961	-0.135912
-0.0229062	-0.155584	0.160286	0.140476	-0.0499289	0.0630027	-0.113574	0.0719522	-0.0023147	-0.0914091
0.00121041	-0.0954093	0.0985635	0.0692926	-0.164911	0.058728	-0.118138	0.0471434	0.0579102	0.0456101
0.0262083	-0.0767953	0.069288	0.0838841	-0.191922	0.0236532	-0.106775	-0.0300747	0.0894699	0.113064
0.126559	-0.0780742	0.0830112	0.149029	-0.240727	-0.00697581	-0.160492	-0.115198	0.0279207	0.214946
0.14231	-0.0644955	0.0956066	0.12657	-0.280469	0.0252057	-0.145962	-0.130775	0.0417899	0.190219
0.124531	-0.12801	0.0841474	0.141368	-0.242985	-0.0337026	-0.111463	-0.118501	0.153587	0.131029
0.161853	-0.161898	0.0672407	0.159854	-0.207087	-0.0308858	-0.12262	-0.120964	0.124477	0.13003
0.207712	-0.148948	0.0230433	0.0904675	-0.155712	0.0415957	-0.0956561	-0.135455	0.0706647	0.102287
0.202022	-0.0853665	0.00466752	0.0850683	-0.126832	0.0897607	-0.0536747	-0.152765	-0.0247819	0.0619012
0.106398	-0.0200028	-0.0719223	-0.0156841	-0.012661	0.106166	0.00957122	-0.121039	0.0719568	-0.0527824
0.0581884	0.0779179	-0.090172	0.0165972	0.014692	0.0972721	-0.0136392	-0.112377	0.0805676	-0.129046
0.0845682	0.103259	-0.0660756	-0.0546823	0.107328	0.126353	-0.0452467	-0.0840988	0.0269717	-0.198376
0.0607734	0.0755453	-0.110631	-0.1248	0.224832	0.193002	-0.0446859	-0.082817	0.0229419	-0.21416
-0.0439227	0.0135313	-0.143809	-0.15468	0.243017	0.296254	-0.022318	-0.0687554	0.05101	-0.170327
-0.108377	-0.0232389	-0.0699423	-0.0822628	0.0966895	0.33405	-0.0201404	-0.0422156	0.00929431	-0.0938573
-0.0612982	-0.0253043	-0.0197384	-0.022296	0.00318812	0.170704	-0.0161134	-0.0178696	0.0210306	-0.0323027
-0.0218391	-0.00226446	-0.00311746	-0.00242259	0.0018373	0.0524174	-0.00790241	-0.00636739	-0.00264373	-0.00769763
-0.00203521	-0.000293651	-0.000343205	-0.000290707	-0.000436807	0.00612627	-0.000614389	-0.000496101	-0.00105138	-0.000564817
0.0	0.0	0.0	0.0	0.0	0.0	0.0	0.0	0.0	0.0
-8.55136e-05	-0.000138032	-0.000265631	0.00109658	-0.000198954	-0.000348994	-7.96087e-05	0.0015172	-0.000492604	-0.00100443
-0.000580659	-0.00178762	0.00193877	0.00246206	-0.00241828	-0.00513925	-0.00129401	0.0136611	-0.00243702	-0.00440505
-0.00408246	-0.00332197	0.00489242	0.0425589	-0.00364532	-0.0325558	-0.0108908	0.0412979	-0.0116716	-0.0225813
-0.0193013	-0.00912623	0.0456574	0.134731	0.0190043	-0.110208	-0.017982	0.035338	-0.0108174	-0.0672954
-0.0253565	-0.0353277	0.0829297	0.190266	0.0545032	-0.123877	-0.0485067	0.0615953	-0.015603	-0.140624
-0.0466968	-0.0706624	0.178452	0.126823	0.0363891	-0.0937184	-0.0778685	0.113514	0.0191978	-0.185429
-0.0738793	-0.121384	0.152021	0.0650363	0.0311598	-0.0134648	-0.0397566	0.154693	0.061488	-0.215913
-0.0789852	-0.206947	0.145932	0.0469948	-0.00686798	0.059804	-0.0405302	0.160356	0.0827878	-0.162544
-0.0134212	-0.230968	0.0967814	0.0686836	-0.0471695	0.0795285	-0.0808252	0.195791	0.0283331	-0.0967337
-0.00320208	-0.213387	0.0546839	0.0280164	-0.14165	0.147118	-0.123634	0.225898	0.0184674	0.00768909
0.0337199	-0.196979	0.0483215	0.0345231	-0.231603	0.129617	-0.11197	0.230908	-0.051395	0.114857
0.0452769	-0.12959	0.0193716	0.0832786	-0.296995	0.0571643	-0.148991	0.219864	-0.0483633	0.198985
0.0729414	-0.139726	0.0850763	0.112617	-0.310657	0.00174187	-0.182039	0.139043	-0.0501281	0.271131
0.0730817	-0.120034	0.0581228	0.180044	-0.388787	0.0354884	-0.156274	0.0244023	-0.098177	0.392134
0.0756846	-0.198311	0.0151004	0.181592	-0.417847	-0.048583	-0.138526	0.0167117	0.0323484	0.481831
0.136311	-0.169342	-0.0312649	0.112345	-0.385735	0.0251574	-0.206653	0.0934645	0.0016761	0.42404
0.203854	-0.122761	-0.10211	0.0968287	-0.269508	0.105035	-0.218121	0.125534	-0.076055	0.257302
0.201351	-0.129514	-0.0677272	0.0517491	-0.21242	0.0995027	-0.227248	0.132225	0.00813203	0.14395
0.118778	-0.0540982	-0.0449151	0.0676864	-0.112102	0.108667	-0.219732	0.102157	-0.0315275	0.0650865
0.0431686	-0.00592239	-0.0568933	0.0815625	-0.0731593	0.0706292	-0.213956	0.0784197	0.0775799	-0.00142855
0.0673785	-0.00531213	-0.0244754	0.0218062	0.0456589	0.103969	-0.207303	0.01726	0.0958547	-0.114837
0.0948462	-0.0136284	-0.0399241	-0.0899775	0.186005	0.178143	-0.195023	-0.0285575	0.114426	-0.20631
0.0359759	-0.0590946	-0.152732	-0.165287	0.199163	0.340873	-0.123983	-0.0425498	0.16399	-0.196355
-0.0779806	-0.0898507	-0.0959037	-0.113743	0.0547331	0.448191	-0.0507067	-0.0476155	0.0997843	-0.126909
-0.0776753	-0.0410849	-0.0241619	-0.0282517	-0.0159003	0.30401	-0.0390012	-0.0320718	0.00560978	-0.0514723
-0.0267799	-0.00258521	-0.00393989	-0.00226233	-0.000536505	0.0704381	-0.00824323	-0.00727345	-0.00611041	-0.0127071
-0.00151405	-0.000572193	-0.000224854	-0.000103251	-0.000547751	0.0053228	-0.00169467	-0.000358946	0.000129015	-0.0004361
0.00102932	-9.92186e-08	-3.96902e-05	-1.05096e-07	-5.09961e-05	-7.28893e-07	-2.27434e-06	-0.000435606	-4.45941e-06	-0.000495363
-0.000179362	-0.000167207	0.000278351	-0.00169758	-0.00209573	-0.000757742	-0.000252774	0.00964941	-0.00084415	-0.00393321
-0.00163664	-0.000777644	0.00250658	-0.00241292	-0.00299422	-0.00631375	-0.00182373	0.0310904	-0.00378397	-0.0138541
-0.00608824	-0.00151796	0.0112575	0.0279652	-0.00667831	-0.0344272	-0.0124494	0.0725783	-0.00249727	-0.0481426
-0.0323498	-0.011865	0.0621137	0.138241	0.00079193	-0.133678	-0.0295786	0.0933605	0.0131227	-0.100158
-0.043224	-0.0366256	0.0967586	0.170619	0.0454598	-0.154232	-0.0720829	0.100948	0.0395734	-0.147194
-0.0665079	-0.0850956	0.127481	0.122177	0.013636	-0.108796	-0.0981501	0.119038	0.10824	-0.132023
-0.0781024	-0.135774	0.101774	0.0480861	-0.00978078	-0.0269599	-0.0683008	0.19918	0.134988	-0.16511
-0.0554573	-0.206665	0.0766139	0.024584	-0.0654316	0.0666783	-0.0542014	0.185498	0.0986118	-0.0702302
0.00158383	-0.249141	0.0747653	0.00967066	-0.0507067	0.0736391	-0.0790573	0.172508	0.10642	-0.059681
0.0241103	-0.246364	0.128645	-0.0136347	-0.14565	0.109947	-0.123679	0.190003	0.0618885	0.0147354
0.030977	-0.19936	0.125741	-0.0427003	-0.149727	0.144401	-0.125254	0.24896	0.00771465	-0.0407515
0.0564837	-0.110886	0.0883316	0.00852919	-0.202292	0.0424462	-0.139345	0.26188	0.0508438	-0.05599
0.0414003	-0.0731098	0.073415	0.0828106	-0.221114	-0.0339256	-0.190728	0.162391	0.0499224	0.108938
0.0755738	-0.0358184	0.10478	0.169688	-0.408056	-0.080922	-0.193418	0.161264	-0.0779973	0.284906
0.136707	-0.0175111	0.110637	0.15836	-0.425781	-0.167948	-0.217115	0.213833	-0.0693268	0.278145
0.225943	-0.0586426	0.00888527	0.118226	-0.316638	-0.103426	-0.281078	0.272351	-0.0328008	0.16718
0.20954	0.00316546	-0.0485987	0.106122	-0.184461	-0.0394296	-0.345145	0.263602	-0.0424786	0.0776848
0.156579	-0.0870433	-0.0512593	0.139083	-0.130875	-0.0209406	-0.402113	0.2546	0.0695019	0.0724657
0.131945	-0.101369	0.036247	0.11445	-0.0768959	-0.00294291	-0.386	0.167575	0.103123	0.0138679
0.0780014	-0.105475	-0.00200435	0.168307	-0.0474719	0.0539838	-0.324562	0.126114	0.0748479	-0.0217404
0.0524868	-0.119167	-0.0225862	0.110639	0.00621759	0.10447	-0.283134	0.0555137	0.119406	-0.0238454
0.137996	-0.143718	-0.0493855	-0.00256073	0.059981	0.193595	-0.262459	0.0339486	0.177801	-0.145197
0.147247	-0.156463	-0.100531	-0.186453	0.0650176	0.442416	-0.20017	-0.0269333	0.185781	-0.169911
-0.0297681	-0.129572	-0.117757	-0.135617	-0.021662	0.597277	-0.110357	-0.0656032	0.12729	-0.114231
-0.0826036	-0.056979	-0.0389214	-0.0362441	-0.0312092	0.387842	-0.0541255	-0.0417829	0.00592739	-0.0519034
-0.0226455	-0.00448946	-0.00454076	-0.00246913	-0.012446	0.0802195	-0.0176056	-0.00814269	0.00194527	-0.00982548
-0.00119965	-0.000416226	-0.000250057	-2.485e-05	-0.00039692	0.0037371	-0.00199422	-0.00139075	0.00242651	-0.000490943
-1.6934e-06	-2.06237e-06	-2.70804e-06	-5.36003e-05	-0.000197784	-2.22646e-05	-2.01015e-06	0.00079385	-1.2853e-05	-0.000498874
-0.000392914	-5.38268e-05	-0.000387406	-0.0017564	-0.00252505	-0.000735624	-0.00013492	0.0122531	-0.000692567	-0.00557442
-0.00115691	-0.000509586	0.00632513	0.000917239	-0.00478334	-0.00369295	-0.00160483	0.0308356	-0.00660397	-0.0197263
-0.00472546	-0.00162972	0.0127691	0.02981	-0.0248646	-0.0338131	-0.0202885	0.101332	-0.00269059	-0.0558988
-0.0296698	-0.0146641	0.0434073	0.120635	-0.0368894	-0.113216	-0.0340629	0.146851	0.0409185	-0.123309
-0.0477362	-0.0486603	0.0964429	0.0874999	-0.0109711	-0.115866	-0.0860311	0.139892	0.0854691	-0.100039
-0.0635463	-0.0915384	0.0629585	0.0546755	-0.0388376	-0.0648749	-0.0902853	0.113946	0.136755	-0.0192522
-0.0599044	-0.118142	-0.00405702	0.00036452	-0.0475764	0.0349727	-0.03211	0.106647	0.149313	-0.0295067
-0.0354986	-0.168087	-0.0384154	-0.0736536	-0.06119	0.129696	-0.021222	0.078762	0.177629	0.0119788
0.00368587	-0.217626	0.0136649	-0.127097	-0.0279868	0.140392	-0.0702673	0.0541726	0.17682	0.0542419
0.052768	-0.21635	0.0987638	-0.224952	-0.0625046	0.185949	-0.103938	0.075601	0.136097	0.0585654
-0.00450132	-0.149503	0.0902489	-0.307074	-0.0700962	0.26954	-0.0864763	0.148015	0.104885	0.00496185
0.0282533	-0.0761034	0.0662584	-0.259058	-0.058438	0.165988	-0.120935	0.175501	0.0557166	0.0228179
0.0940683	0.0311374	0.090267	-0.0925851	-0.164149	0.0291707	-0.163187	0.169946	-0.0203276	0.025659
0.0638472	0.153355	0.132217	0.134349	-0.452504	-0.133568	-0.131965	0.252551	-0.146369	0.128086
0.0406595	0.259254	0.164577	0.212273	-0.35402	-0.275359	-0.237054	0.330096	-0.260285	0.119858
0.119491	0.123776	0.108052	0.181697	-0.108209	-0.276853	-0.360176	0.383242	-0.167201	-0.00381856
0.197221	-0.00210209	0.000602989	0.122679	-0.0180738	-0.186309	-0.45197	0.346083	-0.0216969	0.0135657
0.215389	-0.0936668	0.0447311	0.0953717	-0.0276865	-0.112864	-0.459085	0.241958	0.0498594	0.0459929
0.191154	-0.158591	0.0250056	0.123521	-0.0154502	-0.060441	-0.407348	0.217201	0.107493	-0.0225428
0.108521	-0.180949	-0.016174	0.209492	-0.0519695	0.0350322	-0.313691	0.148412	0.061211	0.000115482
0.0453944	-0.203889	-0.052846	0.156799	-0.0545184	0.163158	-0.25934	0.132603	0.121859	-0.0492203
0.12201	-0.208148	-0.0305363	0.0143985	-0.0564974	0.265389	-0.241605	0.0594431	0.182811	-0.107265
0.207787	-0.181926	-0.0963312	-0.126076	-0.0836263	0.473438	-0.179277	-0.0576999	0.185097	-0.141386
0.0436439	-0.114944	-0.111455	-0.104382	-0.124884	0.639727	-0.130268	-0.0704469	0.0798997	-0.106891
-0.0775578	-0.0466292	-0.0347743	-0.0245747	-0.0792672	0.431976	-0.0769733	-0.0309334	-0.0150324	-0.046234
-0.0223801	-0.0055311	-0.00440858	-0.00260093	-0.0212912	0.0940343	-0.0241477	-0.00468984	0.00344066	-0.0124256
-0.00053737	-0.000945819	-0.000469357	-0.000164917	-0.00181767	0.00674663	-0.00184914	0.00307018	-0.00274547	-0.00128707
-2.71342e-06	-2.42861e-06	-5.22717e-06	-8.30221e-05	-0.000231692	-2.77717e-05	-2.38713e-06	0.00111741	-1.71855e-05	-0.000744978
-0.000456817	-2.26617e-05	-9.66245e-05	-0.00161929	-0.00212332	-0.000592878	-4.51306e-05	0.0111987	-0.000385814	-0.00585612
0.000707697	-0.000332116	0.00424708	0.00244885	-0.00960052	-0.00329747	-0.00304003	0.0414963	-0.00614605	-0.0264837
-0.0116392	-0.00496662	0.0108716	0.0444144	-0.033962	-0.0272756	-0.0175534	0.110306	-0.0102415	-0.0599536
-0.0281473	-0.011853	-0.0170605	0.0464298	-0.0416091	-0.0580477	-0.0427326	0.178667	0.0721589	-0.0978053
-0.0446991	-0.0444126	0.000508385	-0.0202677	-0.0455052	-0.0358323	-0.070848	0.165389	0.0992496	-0.00358269
-0.0493828	-0.0906678	0.00252432	-0.0904508	-0.0526283	0.0263753	-0.0525765	0.0718125	0.161955	0.0730393
-0.0425087	-0.112306	-0.111614	-0.168613	-0.0191943	0.111279	0.0166089	0.0444404	0.217995	0.0639123
-0.0266697	-0.138607	-0.147464	-0.266149	-0.00660773	0.193986	0.0312345	-0.00717829	0.241363	0.126093
0.0150521	-0.178805	-0.153817	-0.36699	0.0759614	0.252019	-0.0431946	0.0203111	0.235125	0.144338
-0.00896519	-0.153879	-0.127616	-0.42565	0.0708244	0.238256	-0.00925922	0.0497843	0.199671	0.166833
0.0272118	-0.108926	-0.129796	-0.445336	0.0612814	0.247753	-0.0340775	0.035164	0.168536	0.17819
0.0528386	-0.0234715	-0.178429	-0.336662	0.0992028	0.239845	-0.0856032	0.017703	0.122368	0.092208
0.0566071	0.129842	-0.214914	-0.0303171	-0.1994	0.147769	-0.0374625	0.132489	0.0647015	-0.0493152
-0.0090216	0.352245	-0.0955246	0.19597	-0.455292	0.00938309	-0.141978	0.244794	-0.0686246	-0.0319503
-0.0865873	0.44404	-0.0366507	0.210794	-0.18537	-0.122409	-0.302328	0.369031	-0.233201	-0.0573186
-0.0434296	0.184816	0.00598856	0.176228	0.0295559	-0.188231	-0.388168	0.468562	-0.265351	0.0200304
0.111043	0.00364204	-0.00621845	0.135461	0.0844136	-0.223827	-0.406422	0.334681	-0.10797	0.0751983
0.171413	-0.143503	0.0588553	0.154594	-0.0262498	-0.203994	-0.367705	0.242591	0.0408621	0.0731367
0.141029	-0.169538	0.0348519	0.173277	-0.00173434	-0.171275	-0.324652	0.226116	0.0791705	0.0127547
0.131335	-0.210677	-0.0257423	0.206561	-0.12198	-0.0778577	-0.236799	0.215039	0.0554473	0.0646743
0.0923618	-0.209953	-0.0502248	0.0927403	-0.122737	-0.00286566	-0.162619	0.174239	0.145215	0.0438442
0.18079	-0.183457	-0.0568045	-0.0363608	-0.133814	0.0757458	-0.108887	0.0703659	0.20265	-0.0102292
0.261627	-0.145791	-0.081816	-0.0809798	-0.194311	0.276433	-0.0753099	-0.0758568	0.169857	-0.0538522
0.116123	-0.096321	-0.0783974	-0.0670248	-0.156765	0.465852	-0.0912393	-0.0633469	0.0625762	-0.0914563
-0.0593983	-0.0322669	-0.0262394	-0.0129881	-0.0933709	0.374738	-0.0785737	-0.0247337	-0.0065775	-0.0405895
-0.0208636	-0.00678698	-0.000486905	-0.00202799	-0.0214112	0.0914579	-0.0238297	-0.00370572	0.00224465	-0.0145906
-0.000312512	-1.10927e-05	-0.000255754	-6.30182e-05	-0.000491471	0.00395639	-0.00287448	0.00058851	0.00183136	-0.00236793
-2.65503e-05	-2.24386e-06	-8.40513e-06	-6.11344e-05	-5.36036e-05	-4.10954e-05	-4.12629e-06	0.000642768	-2.56127e-05	-0.000419996
0.000441937	0.000161451	-0.000154088	-0.00109216	-0.00493173	-0.00193342	-7.72544e-05	0.0182539	-0.000504784	-0.0101639
-0.00414253	-0.000149692	-0.00148857	0.00235263	-0.0255005	-0.00502337	-0.000893346	0.0780315	-0.00504004	-0.0381461
-0.0143119	-0.00316965	-0.00974597	0.0360177	-0.0343482	-0.0252102	-0.0184144	0.137045	-0.00513318	-0.0627291
-0.0580843	-0.00718843	-0.0649216	0.00303501	-0.0453632	-0.0288289	-0.0374291	0.200297	0.0613296	-0.0228455
-0.0560972	-0.028823	-0.134002	-0.10412	-0.0416553	0.0185892	-0.0292261	0.149227	0.122011	0.104096
-0.0246772	-0.0735589	-0.212433	-0.21069	-0.00418327	0.114138	-0.00463662	0.0713735	0.180723	0.163944
-0.00365493	-0.100435	-0.30335	-0.316016	0.0384319	0.124537	0.0748108	0.0799292	0.256979	0.148768
0.0044243	-0.130633	-0.340517	-0.36028	0.0813398	0.149035	0.0580646	0.0106745	0.279856	0.248037
-0.0172583	-0.176514	-0.331286	-0.347326	0.157862	0.15817	0.0470703	0.0770941	0.2599	0.172291
0.00470266	-0.191454	-0.406925	-0.312869	0.243483	0.165543	0.0485385	0.0956017	0.144598	0.20878
0.0190418	-0.191078	-0.422346	-0.223122	0.23476	0.19698	0.0146263	0.0562345	0.123611	0.191294
0.0148976	-0.0823125	-0.503925	-0.0975392	0.205521	0.288442	0.0519479	-0.0242208	0.147841	-0.000652228
-0.0314449	0.178219	-0.527072	0.0970764	-0.244096	0.331669	0.0520259	0.0205109	0.206655	-0.0835432
-0.213235	0.509659	-0.381411	0.196252	-0.382705	0.113533	-0.160476	0.138468	0.190453	-0.0105387
-0.35491	0.524183	-0.25773	0.201171	-0.0259139	-0.0798475	-0.332819	0.318168	-0.085491	0.0931878
-0.30922	0.163216	-0.155263	0.114816	0.247212	-0.175566	-0.286172	0.395575	-0.171903	0.177304
-0.119492	-0.0389593	-0.150737	0.164411	0.171348	-0.218226	-0.234428	0.298086	-0.104176	0.232174
-0.0073716	-0.112802	-0.0385988	0.16917	-0.00771841	-0.22975	-0.197075	0.255924	-0.0280716	0.196294
0.0849224	-0.16983	0.0672235	0.132258	-0.0495533	-0.321969	-0.174226	0.173318	0.0335776	0.224279
0.107552	-0.162202	-0.0189856	0.10824	-0.128868	-0.37836	-0.0995095	0.181839	0.086676	0.303618
0.140857	-0.131351	-0.0373682	-0.0579812	-0.112887	-0.34559	0.0146793	0.137273	0.187952	0.204416
0.223438	-0.0939592	-0.0918099	-0.0890611	-0.147766	-0.284206	0.0860433	0.0478711	0.22424	0.12521
0.279412	-0.0710523	-0.0945949	-0.0854876	-0.161666	-0.0992148	0.112	-0.0509454	0.18831	-0.0167605
0.166919	-0.0498999	-0.0471986	-0.0482193	-0.118187	0.0739946	0.00458697	-0.041384	0.127867	-0.0684785
-0.0274726	-0.0227714	0.00249927	-0.00458458	-0.0513394	0.162603	-0.0410323	-0.0175825	0.03469	-0.0350093
-0.0128755	-0.00527675	0.000506374	-0.00119737	-0.00775942	0.0459604	-0.0251082	-0.0050555	0.0239093	-0.0131033
-0.000160946	0.00104499	-5.37539e-05	-1.67802e-05	-0.00023775	0.00205069	-0.00137244	-0.000116586	0.000318467	-0.00145589
-8.81954e-07	-2.44643e-08	-2.16195e-06	-1.01289e-05	-1.32415e-06	-2.36647e-06	-1.56852e-08	0.000442425	-1.06088e-05	-0.000414912
-9.5198e-05	-2.49713e-05	-1.29207e-05	-0.00126552	-0.006903	-0.00197342	-0.000104248	0.019159	-0.000343175	-0.00843659
-0.00468885	-0.00040767	-0.00120939	-0.00495264	-0.022963	-0.00418591	-0.000953919	0.0750222	-0.00249254	-0.0331682
-0.0191646	0.000256734	-0.021968	0.00162867	-0.0399883	-0.00912685	-0.0151455	0.139147	0.00549545	-0.041135
-0.0635968	-0.00309727	-0.0864923	-0.0357611	-0.058886	-0.00576099	-0.0417706	0.186646	0.031629	0.07709
-0.0224652	-0.0233517	-0.246191	-0.142925	-0.0135536	0.0479571	-0.019996	0.13817	0.101172	0.181183
0.0565553	-0.0488057	-0.403261	-0.241231	0.0730477	0.120054	0.0681406	0.0482993	0.113643	0.213558
0.0563293	-0.0743698	-0.461626	-0.315831	0.142719	0.122467	0.121502	0.0958157	0.126432	0.186562
0.0284609	-0.116538	-0.396901	-0.307627	0.212025	0.108116	0.0913856	0.0842963	0.115351	0.181432
0.00987207	-0.160649	-0.38569	-0.176313	0.23363	0.045327	0.0943295	0.00705855	0.128212	0.204223
0.0627864	-0.244641	-0.430335	-0.069725	0.376185	0.184329	0.0500588	-0.0566733	-0.0308978	0.158912
0.0639345	-0.307525	-0.437461	-0.0682069	0.441631	0.312184	0.143179	-0.15157	-0.0316246	0.0354592
0.0493965	-0.134692	-0.455937	0.00390451	0.338964	0.354523	0.15483	-0.331364	0.143831	-0.123455
-0.11787	0.191788	-0.443723	0.140138	-0.100981	0.284749	0.056555	-0.384314	0.351431	0.0222269
-0.38537	0.649488	-0.401596	0.254338	-0.249957	0.045471	-0.151599	-0.192469	0.250908	0.180784
-0.524585	0.491149	-0.334678	0.164117	0.0977412	-0.129904	-0.173939	0.143764	0.0510995	0.215236
-0.469582	0.11688	-0.237448	0.0972425	0.319082	-0.296132	-0.0637077	0.301216	-0.0221705	0.254621
-0.225456	-0.0158851	-0.236066	0.100783	0.193491	-0.293655	-0.0645656	0.247348	-0.0104868	0.304493
-0.0672565	-0.124861	-0.0901087	0.106091	0.0384774	-0.22658	-0.116173	0.182828	-0.00596366	0.303546
0.0285546	-0.158968	0.047897	-0.019344	-0.014304	-0.277624	-0.134129	0.065398	0.105196	0.357323
0.0244712	-0.116309	-0.0105196	-0.0860858	-0.0205278	-0.371641	-0.0262997	0.0686723	0.194011	0.344228
0.124977	-0.0739767	-0.0382406	-0.187962	-0.00478521	-0.457884	0.12166	0.0312757	0.229827	0.255109
0.271762	-0.0508844	-0.120376	-0.140727	-0.0501281	-0.450824	0.21748	0.00878633	0.178521	0.136389
0.309638	-0.0325623	-0.147274	-0.0869179	-0.088198	-0.349931	0.254829	-0.0294874	0.165177	0.00472666
0.190398	-0.0234863	-0.0177798	-0.0341708	-0.0505311	-0.206339	0.126996	-0.0294429	0.109358	-0.0650016
-0.00222758	-0.00970103	0.0389625	-0.000499464	-0.0125406	-0.00268772	-0.00887408	-0.00107626	0.0273633	-0.028719
-0.00717173	-0.00361552	0.022441	-0.000285941	-0.00442956	0.0122697	-0.0219243	0.00182891	0.00981553	-0.00892812
-3.40447e-05	0.00113809	0.00153762	-2.15571e-05	-0.00103635	-0.000312451	-0.00086551	0.00125545	-0.00120082	-0.000460423
-6.02605e-09	1.32617e-05	-1.54152e-06	-3.40562e-06	-1.0236e-07	-7.976e-07	-7.85819e-07	-1.94848e-06	-1.57247e-06	-3.10181e-06
0.000185848	-6.75758e-06	-9.39391e-06	-0.000726218	-0.00444909	-0.000503051	-0.000115485	0.00940434	-0.000114958	-0.00366523
-0.00210494	-0.000181567	-0.000456071	-0.00280014	-0.0119696	-0.00157909	-0.000478159	0.045053	-0.000926156	-0.0245573
-0.0113057	0.00148787	-0.0263412	-0.00312249	-0.0264488	-0.00113727	-0.0122174	0.0905027	0.00317746	-0.014595
-0.0394578	-0.00194447	-0.120013	-0.0496643	-0.0287745	0.00840299	-0.0392054	0.119749	0.00103887	0.149869
0.0316725	-0.019821	-0.299902	-0.134864	0.0827277	0.0458127	0.0114284	0.0450309	0.00376029	0.234154
0.122872	-0.0421405	-0.431239	-0.221793	0.210091	0.0595414	0.128728	-0.000899173	-0.0285083	0.203349
0.149658	-0.0725775	-0.427309	-0.271922	0.257519	0.118974	0.113758	0.0210615	-0.0646713	0.175509
0.0877353	-0.0918948	-0.33041	-0.192807	0.272725	0.0874373	0.10697	-0.0333967	-0.0591709	0.152812
0.0665895	-0.171499	-0.250564	-0.0883954	0.276897	0.101175	0.104027	-0.11496	-0.0177134	0.0944436
0.118888	-0.337636	-0.190033	-0.100398	0.430572	0.236485	0.111426	-0.216586	-0.128488	0.0757694
0.097023	-0.399985	-0.133189	-0.0849475	0.512608	0.317022	0.165429	-0.437381	0.00918167	-0.0457613
-0.00148935	-0.189893	-0.150382	0.0885066	0.283838	0.320823	0.142774	-0.612243	0.204555	-0.086489
-0.285139	0.280984	-0.124491	0.202203	-0.0547894	0.176077	-0.00763467	-0.596615	0.321521	0.0878846
-0.465693	0.625101	-0.148669	0.193209	-0.104948	-0.0229769	-0.0851329	-0.302186	0.130273	0.181023
-0.548602	0.42336	-0.240292	0.0417031	0.145198	-0.222892	0.0265655	-0.00651111	0.169629	0.211841
-0.474516	0.0801893	-0.26703	0.0987995	0.275105	-0.325069	0.0583119	0.141879	0.0614882	0.350842
-0.272413	-0.0676808	-0.154952	0.113715	0.268829	-0.252064	-0.0328327	0.122049	-0.0617777	0.337128
-0.115962	-0.213666	-0.0815757	0.0941364	0.148884	-0.169824	-0.0846223	0.117273	0.0140268	0.291331
-0.0671349	-0.178256	-0.047494	-0.0792597	0.106821	-0.112907	-0.046479	0.0758966	0.0436054	0.305209
-0.0696231	-0.121659	-0.0328346	-0.210797	0.149941	-0.124786	0.00178227	0.0743616	0.0871063	0.246509
0.100466	-0.0786304	-0.0617537	-0.171569	0.101016	-0.258033	0.141078	0.0551281	0.0221776	0.15012
0.273513	-0.057981	-0.122653	-0.155794	0.0488553	-0.29883	0.25103	0.0215245	0.0165068	0.0238281
0.309778	-0.0442317	-0.111731	-0.0805759	-0.0188373	-0.297977	0.312662	0.0105198	0.0126632	-0.0922697
0.171458	-0.0286568	0.0250381	-0.0304364	-0.0367185	-0.180247	0.174758	0.00320581	-0.000409502	-0.0979909
0.0064366	-0.0125396	0.0791505	-0.00399894	0.00200798	-0.030556	-0.00730814	0.00791268	-0.00261339	-0.0384917
-0.0021848	-0.004742	0.0421744	-0.000474332	0.00186693	-0.00107147	-0.0220011	0.00139803	-0.00408225	-0.0108833
-0.000249025	-0.000125198	0.0106668	-0.000873732	-0.00270121	-0.00234234	-0.00288042	-0.000513849	-0.000585097	-0.000395938
-2.48155e-05	-4.12303e-07	-5.206e-06	-0.000512549	-1.69891e-05	0.00149231	-3.67287e-05	-1.7233e-05	-7.79825e-05	-0.000800398
-3.3819e-05	-4.01322e-06	-0.00140493	0.00152745	-0.0018376	-0.000263853	-1.02867e-05	0.00357461	-0.000224251	-0.00132331
-0.000451552	0.000154287	-0.00100762	4.22062e-05	-0.00469416	-0.000665046	-4.7607e-05	0.0200347	-0.000460225	-0.012905
-0.0145734	0.00272231	-0.02183	0.00365474	-0.0059919	-0.00105555	-0.00547435	0.0374732	-0.00352927	0.00860424
-0.0254057	-0.00170084	-0.0940426	-0.0202951	0.0566471	-0.00226779	-0.0514395	0.0354485	-0.0232693	0.126325
0.120827	-0.0238567	-0.237727	-0.105897	0.178855	-0.0182259	0.00212712	0.0014792	-0.0647989	0.147216
0.16716	-0.0497275	-0.247274	-0.195858	0.279005	-0.0195418	0.107841	-0.0581004	-0.141536	0.158031
0.207892	-0.0828626	-0.165033	-0.215464	0.334301	-0.0130294	0.108379	-0.0726585	-0.227268	0.125745
0.140377	-0.100004	-0.0987694	-0.174104	0.302525	0.0780411	0.144315	-0.136097	-0.245147	0.0888635
0.140368	-0.195869	-0.0130706	-0.121851	0.281704	0.162072	0.135625	-0.230541	-0.189249	0.0308118
0.156713	-0.372937	0.0233848	-0.152613	0.353784	0.24494	0.17188	-0.354304	-0.0686843	-0.00216255
0.101452	-0.396593	0.0635264	-0.0850758	0.346162	0.162353	0.277528	-0.521474	0.112765	-0.0606459
-0.0786076	-0.0959155	0.0676133	0.140057	0.19821	0.127577	0.149271	-0.62113	0.195425	-0.0824984
-0.362438	0.352085	0.133655	0.140323	-0.041352	0.063156	-0.0221046	-0.531157	0.276722	-0.00888958
-0.525247	0.543984	0.0271145	0.111973	-0.0357657	-0.0590339	-0.0197964	-0.2379	0.205068	-0.0103979
-0.534321	0.358063	-0.125725	0.0321588	0.14078	-0.160927	0.070453	-0.0343014	0.143729	0.110092
-0.469104	0.0112673	-0.120979	-0.0033242	0.33624	-0.226052	0.0947242	0.0742644	-0.0209532	0.323918
-0.211787	-0.259249	-0.135007	0.0451808	0.383233	-0.23456	-0.0367134	0.175631	-0.0387371	0.312009
-0.116461	-0.288273	-0.0534519	0.0458304	0.260628	-0.127085	-0.0738091	0.271415	-0.0839948	0.165202
-0.0753905	-0.217316	-0.0819435	-0.0163239	0.260867	-0.115092	-0.0392444	0.281921	-0.11508	0.117601
-0.00375172	-0.14459	-0.0615507	-0.110848	0.204939	-0.0324203	0.0201292	0.170685	-0.131303	0.0887101
0.124986	-0.0940118	-0.102123	-0.0414973	0.101291	-0.0977862	0.131932	0.130011	-0.136771	-0.016029
0.227287	-0.0660157	-0.115532	-0.0896477	0.0622863	-0.126967	0.235699	0.127241	-0.148011	-0.10634
0.275205	-0.0427672	-0.0552131	-0.0627775	0.00378525	-0.158626	0.261062	0.064572	-0.121959	-0.163282
0.157092	-0.0200287	0.0452073	-0.0249829	-0.0383498	-0.0986453	0.146678	0.0143702	-0.0703691	-0.110972
-0.000378625	-0.00888312	0.101227	-0.00967081	-0.0172189	-0.0340533	0.00358915	0.00194535	-0.0107656	-0.0257914
-0.00130262	-0.00178595	0.0574387	-0.00349144	-0.0105758	-0.00461636	-0.0273155	-0.000645295	-0.0043727	-0.00333307
-4.53007e-05	-8.14091e-06	0.0018647	-0.000648472	-0.000290343	-0.000189393	-0.000529465	-6.48377e-06	-0.000137366	-9.73231e-06
-9.88549e-06	-2.19337e-07	-1.7487e-06	-0.000169217	-1.23795e-05	0.000475186	-1.25573e-05	2.82143e-05	-2.8025e-05	-0.000269368
-4.01174e-05	-6.72212e-06	-0.00298336	0.00381341	-2.41347e-05	-0.000243917	-6.20025e-06	-5.39372e-05	-0.000435647	-1.93799e-05
-0.000662364	0.00106136	-0.00103492	0.00565426	0.000266553	-0.00118056	-0.000104777	0.00536992	-0.000834834	-0.00853463
-0.0175533	0.000404572	0.00606982	0.0156887	0.00596112	-0.00777742	-0.0147106	0.0116665	-0.00822146	0.008472
0.0105366	-0.00708529	-0.00104696	0.0167304	0.055245	-0.0288437	-0.0792144	-0.0103748	-0.0354353	0.0794885
0.163134	-0.0385946	-0.0135992	-0.0394482	0.141508	-0.0930144	-0.0266651	-0.0604738	-0.112036	0.0791885
0.172473	-0.0804651	-0.00645785	-0.116962	0.208996	-0.0848066	0.0926651	-0.0676659	-0.178332	0.0605551
0.201168	-0.102581	-0.00895175	-0.174369	0.29368	-0.102004	0.142058	-0.100131	-0.212241	0.0633713
0.150225	-0.124567	0.0192516	-0.19393	0.304304	-0.0179398	0.174761	-0.19004	-0.187283	0.0652192
0.196083	-0.224525	0.0562153	-0.195861	0.269966	0.0847498	0.161116	-0.25026	-0.0849967	-0.0124883
0.226284	-0.33663	0.0466816	-0.144039	0.192829	0.134847	0.265843	-0.330687	-0.057066	0.00193576
0.0480314	-0.226027	0.0358884	-0.0415571	0.183639	0.130853	0.303306	-0.443414	0.0259118	-0.0166321
-0.20963	0.020757	0.086841	0.107789	0.0973229	0.114684	0.127586	-0.485444	0.193733	-0.053639
-0.482467	0.369852	0.161794	0.163029	-0.0433073	-0.0728017	0.0469119	-0.344548	0.328891	-0.127353
-0.566232	0.529193	0.0550096	0.111245	0.0478499	-0.235562	0.108231	-0.147524	0.256334	-0.158545
-0.533728	0.206205	-0.0205589	0.0352466	0.249316	-0.22296	0.0920867	0.0321614	0.086878	0.0753531
-0.383311	-0.0995559	-0.0265027	-0.0456024	0.405189	-0.185114	0.0137312	0.0925593	-0.0293766	0.257983
-0.178087	-0.351077	-0.0617717	-0.0267935	0.387502	-0.169916	-0.0359527	0.2961	-0.107044	0.247041
-0.0715163	-0.296997	-0.116299	0.0224952	0.243309	-0.0164428	-0.030981	0.350725	-0.153543	0.0692495
-0.0153074	-0.226365	-0.0832694	0.0954921	0.189247	-0.0545171	0.00927971	0.299536	-0.227647	0.013551
0.0636436	-0.157198	-0.122727	0.119141	0.0890141	-0.0478892	0.071769	0.248542	-0.243937	-0.020358
0.112027	-0.106172	-0.0916673	0.108121	0.0328357	-0.0384121	0.127173	0.205639	-0.213866	-0.135679
0.196199	-0.0767363	-0.096598	0.0757211	0.0239758	-0.0622697	0.132481	0.161113	-0.159579	-0.194306
0.235782	-0.0462608	-0.00666992	-0.00184166	-0.0388145	-0.0581317	0.169905	0.0506675	-0.135396	-0.16924
0.114367	-0.0253607	0.150397	-0.00716021	-0.0907598	-0.0426903	0.0976406	0.00496707	-0.0966524	-0.104749
-0.00537745	-0.00943798	0.173343	-0.0147959	-0.0475821	-0.0244558	-0.0146284	-0.00925946	-0.019869	-0.0279373
-0.00246561	-0.00351127	0.0777647	-0.00394355	-0.00427721	-0.008999	-0.0386453	-0.000809269	-0.00708175	-0.00803182
-0.000415203	-0.000335914	0.00877766	-0.000206341	-0.000346413	-0.00338419	-0.0026861	-0.00013658	-0.000780151	-0.000486773
-1.00575e-05	-4.81914e-07	-2.51911e-07	-7.94726e-06	-3.89527e-05	-7.68469e-05	-3.03494e-06	0.000193469	-1.42335e-05	-4.1662e-05
-3.73352e-05	-1.25701e-05	-0.00164313	0.00348748	-1.54042e-05	-0.000172151	-2.53879e-05	-0.000591607	-0.000253267	-0.000736623
-0.0018595	0.000831936	-0.000469831	0.0201901	-0.00410019	-0.00341913	-0.000816848	-0.000837202	-0.00184801	-0.00767131
-0.019968	-0.00257179	0.0482152	0.0480317	-0.0181394	-0.0065578	-0.0272653	-0.00498881	-0.00951532	-0.00724045
0.0271254	-0.0149838	0.0924635	0.0772754	-0.00427944	-0.0244719	-0.101793	-0.023083	-0.0574566	0.0292036
0.193476	-0.061289	0.119014	0.0221971	0.0550118	-0.0810225	-0.065205	-0.0697032	-0.13711	0.0246308
0.218168	-0.12785	0.120149	-0.0627765	0.125233	-0.124492	0.0793531	-0.0648538	-0.155538	-0.0073932
0.16501	-0.156881	0.0733295	-0.138128	0.228942	-0.218111	0.174515	-0.0770608	-0.0833456	0.0317309
0.156868	-0.184676	0.0568236	-0.222224	0.301413	-0.272114	0.204073	-0.176573	0.0471654	0.0892432
0.195884	-0.203953	0.116264	-0.209382	0.203835	-0.211493	0.224273	-0.197516	0.0859953	-0.00390705
0.208655	-0.175571	0.120017	-0.22267	0.0113706	-0.116304	0.350841	-0.274305	0.0352208	0.0627461
0.0181148	-0.0957672	0.141981	-0.123951	0.00683957	-0.0653213	0.336883	-0.317946	0.0760659	0.0231009
-0.273119	0.0189215	0.216474	-0.0139827	0.043341	-0.0357096	0.0744	-0.232115	0.275709	-0.0739189
-0.507711	0.377569	0.190565	0.0465508	0.0619281	-0.141439	0.0477251	-0.118432	0.233143	-0.189898
-0.542768	0.48236	0.0708834	-0.0525738	0.245959	-0.223456	0.125056	-0.0549496	0.0863105	-0.136821
-0.446352	0.0676698	0.0268634	-0.141157	0.395812	-0.174749	0.0754604	0.0749188	0.0555648	0.0659692
-0.260346	-0.185519	0.0881821	-0.142155	0.416179	-0.144955	-0.065505	0.10563	-0.00408747	0.192575
-0.079702	-0.375691	0.023541	-0.0023375	0.286401	-0.0777516	-0.0918093	0.221185	-0.0725092	0.168673
-0.0158584	-0.289351	-0.0587033	0.102902	0.170509	-0.0173478	0.0279903	0.229633	-0.196459	0.0466853
0.0285283	-0.207939	-0.0649117	0.150349	0.0869031	0.0323609	0.0883398	0.22899	-0.246645	-0.0959745
0.0831603	-0.153056	-0.0684783	0.163862	0.0548292	0.0297453	0.0635837	0.17729	-0.249884	-0.101053
0.130902	-0.107186	0.0402442	0.171413	0.0196366	-0.00604906	0.0489531	0.122326	-0.221475	-0.198765
0.151476	-0.0824361	0.0705796	0.16984	-0.0728325	0.0077353	0.0579381	0.0387168	-0.167016	-0.174001
0.133939	-0.0591668	0.159771	0.0678217	-0.107091	0.000295164	0.0803818	-0.00531302	-0.0898173	-0.18082
0.043839	-0.0416754	0.250641	0.00898641	-0.0836612	-0.00761824	0.0387779	-0.00762042	-0.0925686	-0.1091
-0.0162765	-0.0247919	0.262868	-0.019305	-0.0495762	-0.0248329	-0.0445884	-0.012613	-0.0405762	-0.0303076
-0.00661574	-0.00921647	0.106651	-0.00382662	-0.017227	-0.0139696	-0.0373188	-0.00121319	-0.0105028	-0.00676044
-0.000741425	-0.000138756	0.014564	-0.000264368	-0.000591338	-0.00701637	-0.00506928	-6.84883e-05	-0.000561231	-0.000112734
0.0	0.0	0.0	0.0	0.0	0.0	0.0	0.0	0.0	0.0
-4.82828e-05	0.000204818	-0.000750122	0.00132444	-1.18038e-05	-0.000186983	-1.99677e-05	-6.07083e-05	-0.000341756	-0.000109632
-0.00297555	-0.000230524	0.00438745	0.0277176	-0.00545728	-0.00537004	-0.00171672	-0.00141916	-0.00206002	-0.0128758
-0.0282954	-0.0056098	0.0805177	0.0967822	-0.0489301	-0.00297851	-0.0373621	-0.00968605	-0.0160669	-0.028371
0.029837	-0.0221155	0.175223	0.129944	-0.0408882	-0.00791594	-0.12343	-0.0233679	-0.0716938	-0.0455934
0.173292	-0.10435	0.198887	0.0698969	-0.0117924	0.0401821	-0.100911	-0.0610605	-0.135513	-0.0686303
0.218413	-0.189767	0.152059	-0.0321897	0.0327015	0.100485	0.00242921	-0.111793	-0.119864	-0.0524725
0.163019	-0.205981	0.157638	-0.104619	0.117655	-0.13257	0.143952	-0.166952	0.0123327	0.0155241
0.138931	-0.192946	0.146951	-0.203038	0.15677	-0.275768	0.212567	-0.203749	0.155035	0.0652464
0.190177	-0.145817	0.182278	-0.351089	0.0896008	-0.295479	0.235313	-0.202343	0.232086	0.0652733
0.227808	-0.0435307	0.223763	-0.42486	-0.0182034	-0.301776	0.398933	-0.260113	0.103884	0.094096
0.0132288	-0.0473551	0.257667	-0.376035	-0.0335182	-0.250535	0.352348	-0.194576	0.228319	0.0504551
-0.238366	0.125228	0.286255	-0.284063	0.075636	-0.270472	0.118838	-0.089636	0.294902	-0.0183229
-0.46499	0.347273	0.219906	-0.231448	0.237407	-0.263751	0.0700612	0.0318534	0.165342	-0.111654
-0.481175	0.324069	0.115749	-0.242155	0.383502	-0.190721	0.0844528	0.0645134	0.00143545	-0.0596711
-0.30654	-0.0176434	0.12083	-0.173244	0.381779	-0.115255	-0.000416813	0.0394453	-0.0501628	0.121207
-0.107869	-0.21812	0.107929	-0.0141845	0.29798	-0.0548747	-0.088563	-0.00525974	0.00738794	0.0755746
0.0203672	-0.324003	0.0318256	0.116536	0.128448	0.018168	0.00536487	0.0409351	-0.0820883	0.0444465
0.0116813	-0.261579	0.0327015	0.0977141	0.086889	0.0784815	0.11557	0.0665248	-0.151437	-0.0765461
0.0403289	-0.186539	0.019359	0.185451	-0.0325437	0.0465502	0.123846	0.0364666	-0.109535	-0.123384
0.0637333	-0.132851	0.0315701	0.146248	-0.0444409	0.0799098	0.0618919	0.0219834	-0.108769	-0.119275
0.0791146	-0.0966706	0.091595	0.198138	-0.0592087	0.0393119	0.0529777	-0.012058	-0.120699	-0.172501
0.108577	-0.075359	0.14995	0.194207	-0.124904	0.00814655	0.0580125	-0.0243789	-0.101102	-0.19315
0.0583649	-0.0631475	0.199941	0.0990205	-0.100497	0.0261161	0.0245826	-0.0235619	-0.0453484	-0.17547
0.0121119	-0.0494621	0.319482	-0.0347705	-0.0762762	0.0303966	-0.0307113	-0.00519085	-0.0595382	-0.106041
-0.0132836	-0.0349127	0.281396	-0.0306598	-0.0456336	-0.0292477	-0.0557003	0.000441397	-0.0487293	-0.0236698
-0.00434123	-0.00711117	0.0680424	-0.00326967	-0.00782492	-0.00663062	-0.0286518	0.00275895	-0.00861224	-0.0043597
0.00163205	-0.000107838	0.00346686	-0.000105266	-0.00196449	-0.000606508	-0.00182927	-0.000163227	-0.000137525	-0.000184783
-4.73614e-06	-3.86549e-06	-4.10746e-06	-9.63053e-05	-0.000556803	-4.86664e-05	-2.13986e-06	0.000536946	-2.31395e-05	0.000202818
-1.07191e-05	3.27185e-05	-8.48129e-05	0.000208955	-2.19231e-06	-6.1703e-05	-4.36078e-06	-5.01193e-06	-5.51057e-05	-1.77682e-05
-0.00335354	-0.000533087	-0.00475295	0.0328284	-0.00603065	-0.0049595	-0.0016746	0.000577831	-0.00276307	-0.00933881
-0.0454814	-0.00713795	0.0728927	0.159905	-0.0530504	-0.00302894	-0.042048	-0.00502645	-0.0334473	-0.0435776
-0.00579761	-0.0335918	0.211153	0.201027	-0.0761783	0.0270702	-0.125558	-0.0310798	-0.0961914	-0.0708522
0.118078	-0.130138	0.251354	0.17319	-0.0810958	0.103477	-0.152358	-0.0832022	-0.0833335	-0.115971
0.171177	-0.235918	0.188095	0.0542685	-0.0820921	0.271222	-0.065101	-0.166818	-0.036703	-0.0981308
0.135322	-0.220851	0.223033	-0.0846473	-0.0341618	0.111343	0.0990358	-0.195443	0.0642426	-0.0978729
0.152855	-0.142547	0.166025	-0.156154	-0.0221703	-0.0463594	0.180508	-0.233034	0.16409	-0.0632132
0.207282	-0.0580249	0.172678	-0.31113	-0.0616591	-0.141065	0.240916	-0.246184	0.220963	-0.0237751
0.252845	-0.0620483	0.255464	-0.411838	-0.166635	-0.178583	0.348713	-0.263064	0.210424	0.0147224
0.0574497	0.000487413	0.251275	-0.402919	-0.111136	-0.143267	0.357902	-0.179905	0.198765	-0.0286509
-0.22097	0.13189	0.292212	-0.406817	0.0477676	-0.142776	0.298789	-0.0847236	0.192711	-0.108083
-0.357418	0.202757	0.270882	-0.340155	0.15677	-0.0935112	0.153715	0.0775215	0.0351134	-0.105675
-0.314428	0.148221	0.148363	-0.267575	0.222099	-0.0226668	0.0614007	0.0623643	-0.0852214	0.047444
-0.127325	-0.0945082	0.0680673	-0.0531049	0.20789	-0.0301316	0.0393312	-0.0263354	-0.0307211	0.0468375
-0.00627917	-0.174404	0.127228	0.134055	0.108288	-0.00444909	0.0856921	-0.123268	-0.101063	-0.0457997
0.0299591	-0.179962	0.146926	0.166724	-0.0866649	0.043398	0.150163	-0.0949843	-0.0947983	-0.0807592
0.0186296	-0.177294	0.113611	0.185002	-0.0753542	0.0223406	0.174148	-0.0907797	-0.055814	-0.114489
0.0263242	-0.135757	0.0790733	0.204473	-0.128796	0.0606151	0.0983802	-0.0895353	-0.048878	-0.0658985
-0.00416737	-0.0885451	0.0638794	0.166182	-0.118172	0.0794944	0.0955317	-0.105055	-0.0372627	-0.051885
0.0470509	-0.0636988	0.118634	0.22792	-0.120787	0.0429654	0.0777033	-0.129209	-0.0646413	-0.135938
0.0778929	-0.0727271	0.175226	0.187954	-0.159639	0.0511733	0.0335623	-0.106326	-0.0236555	-0.163461
0.0213734	-0.0664071	0.307979	0.0620691	-0.0995155	0.0635822	-0.0206034	-0.0874699	-0.032226	-0.148781
-0.0103165	-0.0375684	0.364345	-0.0581798	-0.0605245	0.0591926	-0.07475	-0.04998	-0.0478108	-0.0844072
-0.0113174	-0.0121888	0.204579	-0.024309	-0.0378032	-0.017062	-0.0367115	-0.00573331	-0.039993	-0.0194604
-0.0020928	-0.00161626	0.0258284	-0.00332152	-0.00209627	-0.00405211	-0.0113454	0.00352107	-0.0038408	-0.000984287
-0.00106866	-3.81557e-06	0.00518002	-5.5496e-05	-1.51984e-05	-0.00113587	-0.00277582	-7.57098e-06	-6.17618e-05	-5.58253e-05
-1.52709e-09	1.40322e-05	-9.36252e-06	-7.82943e-07	-5.85465e-09	-4.41933e-08	-1.37561e-07	-1.91205e-07	-3.40318e-06	-1.0319e-07
0.00079414	6.52419e-05	-0.000374961	6.65974e-05	-0.000801355	-0.000142166	-6.75083e-05	0.0029902	-0.000209418	-0.00232077
-0.00292969	-0.000757809	-0.00401352	0.0352585	-0.00697754	-0.00589124	-0.00165443	-0.000862104	-0.00455279	-0.00761934
-0.0440481	-0.00681783	0.0419926	0.190089	-0.0337605	-0.00716955	-0.0427164	-0.013976	-0.0471129	-0.0364805
-0.033611	-0.0371495	0.176663	0.238526	-0.0848489	0.0456216	-0.105902	-0.0366576	-0.0961508	-0.0664909
0.0713802	-0.138029	0.194203	0.21126	-0.113931	0.155241	-0.157399	-0.104745	-0.022664	-0.0953164
0.13152	-0.183397	0.204143	0.117487	-0.15567	0.277674	-0.126686	-0.175871	0.0351867	-0.124388
0.128242	-0.146203	0.236036	0.0589837	-0.191973	0.185213	0.0216105	-0.226092	0.0841146	-0.14993
0.138623	-0.0901495	0.176627	-0.00239811	-0.241432	0.172346	0.120036	-0.2313	0.14121	-0.18356
0.221162	-0.0269163	0.186578	-0.110381	-0.290403	0.0643245	0.237909	-0.24815	0.179348	-0.213471
0.287839	-0.0409054	0.244194	-0.19382	-0.310669	0.00218009	0.357564	-0.239466	0.124395	-0.231312
0.198168	-0.00454854	0.25903	-0.252555	-0.253709	0.0482529	0.441351	-0.178808	-0.012221	-0.24496
0.0242729	0.0375512	0.252976	-0.292413	-0.208034	0.0760653	0.36365	-0.0347581	0.0315757	-0.250885
-0.105202	0.124725	0.220623	-0.242083	-0.0961312	0.0599387	0.199746	0.048938	-0.0583351	-0.15222
-0.09266	0.0239396	0.1174	-0.135563	0.0397566	0.0408412	0.14854	0.0785213	-0.111114	-0.109662
-0.0395213	-0.0512154	0.0951328	0.00292739	0.0183758	0.0244993	0.160361	-0.0753878	-0.0283087	-0.106863
0.000935019	-0.00907994	0.0872534	0.125053	-0.0387851	0.0111946	0.189741	-0.199756	-0.0626348	-0.103921
0.0113343	-0.0338519	0.107313	0.209818	-0.108743	-0.00268667	0.196421	-0.201353	-0.0442015	-0.134049
-0.0098133	-0.064124	0.116461	0.200059	-0.11032	0.023263	0.170017	-0.211914	0.00985336	-0.123483
-0.0261695	-0.0580971	0.0912184	0.183169	-0.140005	0.0311666	0.153963	-0.179896	0.00489662	-0.060247
-0.00449574	-0.0496533	0.0950739	0.156624	-0.135632	0.0496339	0.114095	-0.223467	0.0294496	-0.0316296
0.0296371	-0.0488829	0.163139	0.21174	-0.128463	0.0699171	0.0497665	-0.231996	0.00771015	-0.122569
0.0328364	-0.0644059	0.251125	0.111919	-0.157377	0.0876702	-0.0128895	-0.175656	0.0472521	-0.120475
-0.0178583	-0.0530965	0.317588	0.00550421	-0.0945556	0.101218	-0.0609737	-0.107691	0.0127331	-0.102868
-0.020461	-0.0226726	0.281385	-0.0559957	-0.0430843	0.0502802	-0.0670392	-0.036184	-0.0371052	-0.0491225
-0.0105704	-0.00535247	0.1487	-0.0207946	-0.0160192	-0.00585721	-0.0411348	-0.00587566	-0.0315407	-0.0115546
-0.00193141	-0.00123787	0.0309193	-0.00366707	-0.000601274	-0.00433234	-0.0125837	-0.000970876	-0.00390276	-0.00169204
-0.000365551	5.25232e-06	0.00270217	-3.3127e-05	-8.50337e-08	-0.000552759	-0.00173548	-1.36021e-07	-2.0177e-05	-1.10799e-07
0.0	0.0	0.0	0.0	0.0	0.0	0.0	0.0	0.0	0.0
0.00199653	-2.35115e-05	-0.00078946	0.000247249	-2.91751e-05	-0.000168281	-0.000167349	-6.06833e-05	-0.00042948	-0.000575842
-0.00286874	-0.00174434	0.00163393	0.0292261	-0.00450598	-0.004225	-0.00148175	-0.00366724	-0.0061171	-0.00624986
-0.0413617	-0.0099467	0.050861	0.182814	-0.0315956	-0.00407947	-0.0312662	-0.0250346	-0.0554322	-0.0349582
-0.0292332	-0.0262069	0.168465	0.25281	-0.0784128	0.0145642	-0.0895349	-0.0605124	-0.0942128	-0.0577261
0.0432905	-0.0712889	0.183414	0.193804	-0.123204	0.128901	-0.154298	-0.106879	-0.028384	-0.0653546
0.104379	-0.0498762	0.188796	0.177337	-0.187073	0.210847	-0.179306	-0.185305	0.0611813	-0.14098
0.106142	-0.030879	0.242209	0.1525	-0.272074	0.133106	-0.0545696	-0.222971	0.155616	-0.209081
0.123998	0.0295075	0.189161	0.134807	-0.341848	0.208023	0.0182823	-0.215991	0.093516	-0.239455
0.2104	0.0339606	0.189673	0.0834612	-0.352238	0.174856	0.156821	-0.230724	0.0568808	-0.32309
0.294642	0.0363981	0.173587	-0.0364544	-0.323027	0.0843294	0.301407	-0.178438	0.0336107	-0.386055
0.299362	0.0333739	0.196968	-0.127746	-0.246862	0.136743	0.35075	-0.140139	-0.111097	-0.391353
0.188752	0.0187502	0.109731	-0.178835	-0.198504	0.0770152	0.392498	-0.0309585	-0.0329946	-0.345454
0.0658425	0.0282302	0.0305798	-0.0908747	-0.214652	0.0149192	0.349172	0.0225285	-0.0404346	-0.165311
0.0046564	0.000450879	0.0259815	0.0177236	-0.0999604	-0.0423231	0.358766	0.0287724	-0.102711	-0.191356
0.00730611	-0.0336264	0.0478686	0.0334061	-0.0715938	0.0154503	0.2781	-0.11049	-0.0273979	-0.139022
-0.0313759	0.0719265	0.0562123	0.101931	-0.0363569	0.0490166	0.226977	-0.220077	-0.110495	-0.107759
-0.022829	0.100623	0.0611893	0.148355	-0.0557421	0.0558985	0.173484	-0.240707	-0.0777386	-0.142532
-0.0756199	0.0565257	0.130548	0.174002	-0.0815492	0.0661021	0.185561	-0.289096	-0.0132907	-0.153183
-0.0567843	-7.90274e-05	0.189748	0.16047	-0.0976937	0.0404165	0.102685	-0.253663	0.0215504	-0.106651
-0.0412454	-0.0199875	0.167766	0.181723	-0.0999614	0.0455318	0.0527562	-0.276797	0.0525129	-0.0622989
-0.0114122	-0.0426503	0.245743	0.103785	-0.0914474	0.101037	-0.0335581	-0.240218	0.0741204	-0.105398
-0.0217964	-0.0500641	0.279065	-0.00583466	-0.0988612	0.164923	-0.0894376	-0.178097	0.0918776	-0.0917758
-0.0477543	-0.0369724	0.281618	-0.038397	-0.0691305	0.0977373	-0.0613197	-0.0917899	0.021746	-0.0557374
-0.0243068	-0.0252319	0.219005	-0.0443299	-0.0265671	0.0221052	-0.0422762	-0.023239	-0.0424163	-0.0127433
-0.00702186	-0.00758035	0.0743496	-0.0124033	-0.0113692	0.0060261	-0.0162934	-0.00505009	-0.0208672	0.000209706
-0.000657945	0.000273786	0.0108905	-0.00176609	-0.000276285	-0.000439293	-0.0022446	-0.000614728	-0.00385443	-0.00131091
-2.05702e-05	1.24625e-05	-1.52431e-05	-3.68201e-05	-1.52762e-05	0.000294947	-3.70436e-06	-3.05619e-05	-0.00015544	-2.97938e-05
-2.11868e-08	3.16054e-05	-1.62244e-05	-3.01196e-06	-3.83679e-07	-1.63125e-07	-4.93956e-07	-1.5849e-06	-9.22752e-06	-4.9461e-07
-4.17142e-05	2.05186e-06	-3.33387e-06	0.000354004	-2.3334e-06	-8.73892e-05	-2.9079e-05	-5.43008e-05	-4.78889e-05	-9.00163e-05
-0.00416201	-0.00168075	0.00420076	0.0239641	-0.000595292	-0.00469157	-0.000779994	-0.00586348	-0.0049704	-0.00542138
-0.0305606	-0.00497451	0.053352	0.130171	-0.020463	-0.00554334	-0.0193195	-0.0278196	-0.0461848	-0.028658
-0.0386548	0.00762343	0.0969119	0.213123	-0.0451734	0.0109029	-0.0637018	-0.0543649	-0.0797587	-0.0469071
0.0157635	0.0730869	0.120612	0.188995	-0.0789218	0.0102176	-0.124741	-0.0832158	-0.0554079	-0.0663886
0.0620704	0.101032	0.126869	0.180631	-0.159966	0.10064	-0.194655	-0.129913	0.0433859	-0.130095
0.0876777	0.0935856	0.155043	0.143132	-0.22073	0.121259	-0.151172	-0.161868	0.116808	-0.183735
0.0765714	0.117589	0.153137	0.0896383	-0.223016	0.144919	-0.0594763	-0.153449	0.0499163	-0.195831
0.112942	0.0721896	0.173422	-0.0203379	-0.233844	0.150972	0.0344275	-0.165639	0.0915416	-0.215674
0.21726	0.0700887	0.0932541	-0.0259772	-0.215414	0.079252	0.176394	-0.143633	0.000103989	-0.251329
0.274978	-0.0675529	0.0834397	-0.0526198	-0.133392	0.102634	0.27407	-0.108096	-0.0709521	-0.30251
0.201249	-0.111969	0.0537614	-0.0619989	-0.145162	0.0674887	0.361752	-0.0719082	-0.0456963	-0.247517
0.102915	-0.10544	0.0351151	-0.0153245	-0.177219	0.0169167	0.402587	-0.0499999	-0.00490602	-0.204645
0.0449822	-0.0267577	0.0124564	0.00929007	-0.120152	0.0207885	0.381559	-0.078826	-0.0311591	-0.212181
0.00327531	0.0304495	-0.0387192	0.0584898	-0.0325715	0.0544401	0.267289	-0.115336	-0.0605745	-0.166743
-0.0120101	0.0804112	0.0228604	0.0864953	-0.0597681	0.0427593	0.190418	-0.144604	-0.0925872	-0.113975
-0.0736374	0.114874	0.102111	0.0832621	-0.0178315	0.0469547	0.174242	-0.208652	-0.0485306	-0.172793
-0.0837684	0.0887347	0.168379	0.134807	-0.034359	0.0235216	0.112225	-0.230624	0.00926037	-0.188176
-0.0955843	0.0182196	0.228155	0.16442	0.00212567	0.0598127	0.0257848	-0.248507	0.0135373	-0.167963
-0.0685163	-0.000923525	0.166462	0.0837555	-0.0158256	0.125358	-0.0340925	-0.245339	0.0642352	-0.0751131
-0.0594762	-0.0183386	0.234325	-0.0339453	-0.028793	0.163708	-0.0643895	-0.206718	0.0592211	-0.0455935
-0.0517895	-0.0547341	0.247508	-0.0749373	-0.0396479	0.153672	-0.0525345	-0.150033	0.0660763	-0.0435798
-0.0336264	-0.0354226	0.220433	-0.0602894	-0.0284452	0.0568923	-0.0357636	-0.0712229	-0.000644383	-0.011911
-0.0151333	-0.00704762	0.134391	-0.0385789	-0.0193922	0.0175253	-0.0193076	-0.0197954	-0.0442055	0.0115439
-0.00319021	-0.00190077	0.0429251	-0.00816491	-0.0106372	0.00935934	-0.0081462	-0.00736101	-0.0133879	0.000503791
0.00341926	-0.000621218	0.00444744	-0.00106126	-0.000377246	0.00010031	-0.000714577	-0.000653634	-0.00149358	-0.00304551
3.29746e-06	-4.46168e-11	-4.2542e-07	-2.10433e-07	-3.49959e-09	-1.2664e-06	-2.17304e-07	-7.42202e-09	-1.1555e-06	-1.13781e-08
-2.05247e-08	3.06177e-05	-1.57174e-05	-2.91784e-06	-3.71689e-07	-1.58027e-07	-4.7852e-07	-1.53537e-06	-8.93916e-06	-4.79154e-07
-7.18581e-07	9.40271e-06	-5.7551e-06	1.17981e-05	-1.55849e-07	-3.40561e-06	-1.57723e-07	-3.2514e-06	-4.20178e-06	-3.55477e-06
-0.0010992	-0.00134634	0.0027727	0.0180847	-0.000318218	-0.00349324	-0.000206867	-0.00638048	-0.00354604	-0.00446702
-0.0196792	-0.00128314	0.0357276	0.0750446	-0.0141583	-0.00893298	-0.00737446	-0.0191592	-0.0252753	-0.0149097
-0.0598445	0.0281677	0.0666713	0.145377	-0.0256479	0.014696	-0.0308306	-0.0298031	-0.0755247	-0.033261
-0.0302092	0.155619	0.0706094	0.160747	-0.0463489	-0.0321682	-0.0731918	-0.0176912	-0.110707	-0.0766592
0.0263171	0.172754	0.0814526	0.186557	-0.088857	-0.0564594	-0.139319	-0.0217889	-0.0449719	-0.115684
0.0832925	0.134523	0.097022	0.15467	-0.128053	-0.0277129	-0.173597	0.00033365	0.0235553	-0.164033
0.0992059	0.109314	0.150977	0.0283663	-0.1455	0.0610799	-0.1834	-0.0265299	0.0261738	-0.119687
0.1217	0.0671168	0.16019	-0.0229074	-0.149509	0.125555	-0.146989	-0.0792385	0.0248662	-0.100783
0.178442	-0.0561209	0.0948519	0.0149224	-0.106004	0.0673173	-0.0700564	-0.0817292	0.0444044	-0.0860276
0.233396	-0.200853	0.0823797	0.0116937	-0.082227	0.0915721	-0.0263066	-0.121031	0.0871546	-0.0757791
0.198431	-0.291333	0.0324492	-0.035003	-0.113782	0.164526	0.0541862	-0.0953921	0.146819	-0.0609008
0.235304	-0.230168	-0.0621003	-0.0328877	-0.114627	0.167074	0.080694	-0.107469	0.172912	-0.108733
0.151379	-0.0764958	-0.10288	-0.0365459	-0.0931011	0.10214	0.0243117	-0.0644519	0.179906	-0.0842611
0.097357	0.0624834	-0.102964	-0.0226896	-0.025655	0.0591567	0.0253232	-0.0424169	0.0946506	-0.145246
0.0318949	0.114131	-0.0361349	0.00954777	-0.0613163	0.0873827	-0.00519088	-0.0823884	0.0471763	-0.105103
-0.0141447	0.149122	0.0518766	0.0402979	0.0312442	0.0412212	-0.0463794	-0.132307	0.0491368	-0.170067
-0.0748753	0.106884	0.148063	0.0872143	0.0587462	0.0682239	-0.0777362	-0.175001	0.0619708	-0.203491
-0.101723	0.0236952	0.200895	0.0859362	0.138588	0.0949939	-0.0779564	-0.18822	0.0298899	-0.206098
-0.119194	-0.00831702	0.199458	0.00667262	0.0860829	0.105042	-0.0644203	-0.213051	0.0514758	-0.043749
-0.0894972	-0.0372729	0.203686	-0.0926286	0.0581171	0.0887705	-0.0507081	-0.180014	0.0735477	0.0259995
-0.0405093	-0.0464767	0.179285	-0.050217	0.0014087	0.0557896	-0.0527407	-0.106946	0.0263194	0.034087
-0.0139636	-0.0257009	0.12139	-0.0349016	-0.0276345	0.035142	-0.0312874	-0.0541913	-0.0057043	0.0368515
-0.00571802	-0.00817758	0.074235	-0.0237867	-0.0148934	0.0192146	-0.0125693	-0.0200676	-0.0242507	0.0160137
-0.000965414	-0.00104849	0.0233515	-0.00630076	-0.00567067	0.00928626	-0.00386999	-0.0105563	-0.00675206	0.00252591
0.000370652	0.000924776	-0.00186048	-0.000137589	0.000193952	0.00186493	-6.71737e-05	-8.14414e-05	-0.000664496	-0.000543129
6.08763e-06	-8.23694e-11	-7.85391e-07	-3.88492e-07	-6.46077e-09	-2.33797e-06	-4.01176e-07	-1.37022e-08	-2.13322e-06	-2.10057e-08
0.0	0.0	0.0	0.0	0.0	0.0	0.0	0.0	0.0	0.0
0.0	0.0	0.0	0.0	0.0	0.0	0.0	0.0	0.0	0.0
-0.000183531	-6.3314e-05	-0.000109203	0.00912845	-7.85177e-05	-0.000601959	-2.38761e-05	-0.00450126	-0.0012892	-0.0022776
-0.00560198	-0.00548931	-0.00323101	0.0484893	-0.00274691	-0.000549067	-0.00159637	-0.00962445	-0.0136159	-0.00603427
-0.0344589	0.0224254	-0.00418933	0.107705	-0.00955536	0.0133373	-0.00745412	0.0141592	-0.0745246	-0.027445
-0.0380803	0.122239	-0.0147588	0.153709	-0.0250061	-0.00819611	-0.0217797	0.0513067	-0.169676	-0.0497572
-0.00980311	0.155997	-0.0368211	0.185688	-0.0386226	-0.0465484	-0.0543888	0.106192	-0.192643	-0.0690507
0.0505135	0.100591	-0.0463768	0.191761	-0.0543059	-0.0669799	-0.108024	0.146446	-0.141986	-0.071638
0.0835906	0.0436512	-0.0113517	0.0777266	-0.0595731	0.024524	-0.161567	0.0316257	-0.0216738	-0.00695275
0.12413	-0.0100346	0.00828284	0.0802115	-0.0574983	0.0992573	-0.214873	0.00149128	0.0145212	-0.0454884
0.187321	-0.107698	-0.0166934	0.0673802	-0.0484467	0.136105	-0.257055	-0.0124975	0.0380668	0.0135173
0.257954	-0.184108	-0.00892828	0.0580663	-0.0308738	0.137385	-0.262057	-0.0699519	0.120621	-0.0181058
0.257783	-0.1767	-0.0428245	-0.0296742	-0.0855189	0.147426	-0.21491	-0.0550119	0.218774	-0.0193431
0.225079	-0.187356	-0.125751	0.0105317	-0.0868129	0.0784656	-0.171259	-0.0345	0.354067	-0.0624645
0.168559	-0.0945876	-0.147074	-0.0377283	-0.0452649	0.060744	-0.148381	0.0368052	0.308411	-0.101483
0.0911894	0.0722783	-0.123329	-0.0585485	-0.0181567	0.0656175	-0.136978	0.0417955	0.206814	-0.140683
-0.0112899	0.125657	-0.0800896	-0.0825779	0.0215038	0.0847131	-0.146195	-0.00134784	0.18416	-0.0945322
-0.0449512	0.132915	-0.0372521	0.0203982	0.07943	0.0254045	-0.122926	-0.0411046	0.103333	-0.115246
-0.133558	0.0420004	0.0779829	0.0551975	0.156385	0.00196248	-0.0852546	-0.0946817	0.110273	-0.130307
-0.142685	-0.00171553	0.13085	-0.0337306	0.173276	0.0432913	-0.0619535	-0.151839	0.108875	-0.0643695
-0.132188	-0.0278732	0.0986066	-0.0569926	0.127206	0.048451	-0.0493298	-0.169119	0.0981543	0.0630846
-0.0742648	-0.0361401	0.10209	-0.0540079	0.0672968	-0.00775965	-0.0451592	-0.147314	0.0540945	0.141164
-0.0339114	-0.0219578	0.082501	-0.0386441	0.000460199	-0.00113694	-0.0272562	-0.0853815	0.0205445	0.104782
-0.0121503	-0.0185456	0.042579	-0.019365	-0.0168767	0.0226767	-0.0159005	-0.0549838	0.0135366	0.0590297
-0.00419445	-0.00594523	0.0367454	-0.0123242	-0.0101492	0.0153996	-0.0083347	-0.0214671	-0.00867307	0.0189429
-0.000447169	-0.000276571	0.0182748	-0.00601313	-0.000781127	0.00524274	-0.00182507	-0.0113362	-0.00286587	2.75722e-05
-6.12382e-06	0.00310577	-0.00160171	0.0002706	0.000196057	0.000992419	-4.50809e-05	-2.57244e-05	-0.00255856	-0.00032765
0.0	0.0	0.0	0.0	0.0	0.0	0.0	0.0	0.0	0.0
0.0	0.0	0.0	0.0	0.0	0.0	0.0	0.0	0.0	0.0
0.0	0.0	0.0	0.0	0.0	0.0	0.0	0.0	0.0	0.0
-0.000441902	-6.40982e-06	-0.000880909	0.00317291	-6.19214e-06	-0.000151181	-2.82355e-06	-0.00095496	-5.21271e-05	-0.000676402
-0.000900181	-0.00411668	-0.0127979	0.0212354	-0.000178594	0.00180817	-0.000143086	0.00723805	-0.0086028	-0.0035424
-0.00643393	-0.00345199	-0.0299369	0.0560526	-0.00450106	-0.00258089	-0.00122006	0.0499484	-0.0537593	-0.00411691
-0.0200196	0.0276607	-0.061918	0.0848269	-0.00783863	-0.0101025	-0.00559033	0.116211	-0.121833	-0.00139697
-0.029439	0.0280972	-0.109203	0.162121	-0.0135768	-0.0283843	-0.0151252	0.168882	-0.16729	0.00391822
-0.0490919	-0.028534	-0.143532	0.206765	-0.0230925	-0.0244327	-0.0326633	0.193877	-0.163157	0.0638605
-0.0499051	-0.082802	-0.146855	0.195449	-0.0270873	0.00027869	-0.0629863	0.172947	-0.0873234	0.0882851
-0.0482522	-0.124676	-0.153955	0.203867	-0.0316353	0.0945316	-0.0952834	0.129583	-0.032798	0.0586174
-0.0290502	-0.186277	-0.169477	0.231456	-0.0334452	0.0965095	-0.124713	0.12941	0.0278809	0.0577066
-0.00502096	-0.214522	-0.145896	0.208956	-0.0222254	0.135395	-0.153531	0.119456	0.0854721	-0.00808445
0.0347077	-0.213123	-0.087364	0.172251	-0.101002	0.181145	-0.157216	0.123421	0.08776	-0.0405799
0.0356414	-0.226012	-0.0673038	0.1797	-0.111843	0.212936	-0.173258	0.16487	0.0790217	-0.0937528
0.00286271	-0.187403	-0.0314934	0.111324	-0.0802965	0.200436	-0.160699	0.158315	0.0953315	-0.108377
-0.0449676	-0.127349	-0.0502382	0.0303603	-0.0563946	0.146292	-0.144232	0.141797	0.153731	-0.0489992
-0.0817882	-0.101918	-0.0577553	0.0466556	-0.0257748	0.0694074	-0.116112	0.101293	0.157282	0.00871116
-0.093232	-0.0364846	-0.0330249	0.0176912	-0.0342294	0.061878	-0.0819846	0.062114	0.0478283	0.0894441
-0.105994	-0.0079951	-0.0116063	-0.0798229	0.0358345	0.046797	-0.0599726	-0.0160989	0.108414	0.0904442
-0.0926696	-0.000707502	-0.0485497	-0.0736592	0.0756757	0.0012105	-0.0468413	-0.0676536	0.126746	0.126449
-0.0751813	-0.0119565	-0.0456588	-0.0423903	0.0377108	-0.0157679	-0.0293397	-0.0939273	0.0471646	0.229346
-0.0553975	-0.00453192	-0.015067	-0.0233498	0.00664997	-0.0147039	-0.0217069	-0.0869851	0.00591326	0.209179
-0.0245534	-0.00529203	-0.0101477	-0.0141202	-0.000669514	0.0221297	-0.0120823	-0.0629556	-0.00411642	0.111807
-0.0083389	-0.00401272	-0.00458233	-0.00409255	-0.00760305	0.0241841	-0.0054162	-0.0483296	-0.00325806	0.0614492
-0.00106466	-0.00113721	0.0243766	-0.00385297	-0.00822783	0.0135129	-0.00175775	-0.0213739	-0.00563574	0.00516055
-1.79451e-05	0.000480615	0.0162097	-0.000899697	0.000288162	-0.00113657	-0.00018432	-0.0104519	-0.00170686	-0.00258124
-2.88099e-07	0.000110526	0.00162576	-4.72409e-06	-1.98718e-05	-1.1671e-05	-8.3291e-06	-1.35908e-06	-0.000225209	-0.00146483
0.0	0.0	0.0	0.0	0.0	0.0	0.0	0.0	0.0	0.0
0.0	0.0	0.0	0.0	0.0	0.0	0.0	0.0	0.0	0.0
0.0	0.0	0.0	0.0	0.0	0.0	0.0	0.0	0.0	0.0
-4.63382e-06	-1.02579e-07	-5.83675e-06	0.000281726	-6.78412e-06	-2.51731e-06	-1.60339e-07	-0.000541694	-3.22614e-05	0.000312264
-8.66497e-05	-0.000240373	-0.00353473	4.9273e-05	-5.80011e-05	0.00176684	-3.25955e-05	0.00547368	-0.0014059	-0.00193154
-0.00177275	-0.00540588	-0.0141802	0.00626746	-5.65529e-05	0.00231221	-0.000584088	0.0378714	-0.0227218	-0.00172981
-0.00600075	-0.0132849	-0.0290256	0.0251827	-0.00479315	-0.0133375	-0.00144841	0.0623483	-0.0513639	0.0317232
-0.0211085	-0.0227022	-0.0460157	0.049098	-0.0279065	-0.0184513	-0.00432835	0.0999208	-0.0616242	0.053118
-0.0379992	-0.0442101	-0.0707751	0.0745519	-0.0645625	-0.0147679	-0.00798864	0.140981	-0.0826462	0.107417
-0.0603832	-0.0610436	-0.108477	0.126739	-0.106346	-0.00991452	-0.0187368	0.210377	-0.120403	0.148188
-0.085077	-0.0879037	-0.11152	0.162033	-0.11807	0.0308562	-0.028578	0.210342	-0.132176	0.160093
-0.107148	-0.125268	-0.107523	0.208364	-0.124048	0.0422116	-0.0333862	0.190776	-0.0947564	0.150778
-0.114049	-0.120359	-0.109132	0.239342	-0.178995	0.0762018	-0.0358575	0.227175	-0.079676	0.0953494
-0.140427	-0.114171	-0.0959073	0.239045	-0.22385	0.0950812	-0.0428182	0.245359	-0.0912265	0.128915
-0.137161	-0.135169	-0.0718756	0.186298	-0.204747	0.110351	-0.0501257	0.248665	-0.0782506	0.132016
-0.121308	-0.132433	-0.0471323	0.113476	-0.199147	0.0705609	-0.0440159	0.24375	-0.00191785	0.118168
-0.12019	-0.113745	-0.0358311	0.0546174	-0.218891	0.0695168	-0.0409025	0.247103	0.0652053	0.0931173
-0.0978796	-0.0844583	-0.0419727	0.0340522	-0.234386	0.0442273	-0.03746	0.208439	0.0559147	0.153523
-0.0848799	-0.0449124	-0.0390516	-0.00668099	-0.22039	0.0292534	-0.0284864	0.154798	0.0375742	0.202776
-0.06349	-0.0185982	-0.0531551	-0.0274245	-0.153552	0.00249683	-0.0233621	0.0840329	0.0173543	0.235697
-0.0421277	-0.0134901	-0.0655887	-0.00149471	-0.115223	-0.000734073	-0.0164667	-0.0109998	0.00277258	0.263352
-0.0359692	-0.00725198	-0.0416659	-0.0116026	-0.0687473	-0.00199342	-0.00953133	-0.0505265	-0.00658697	0.233875
-0.0297637	-0.00263526	-0.0314968	-0.021288	-0.0447421	0.0177938	-0.00627327	-0.0369891	-0.0136037	0.168998
-0.0124466	-0.00158922	-0.0200646	-0.00930497	-0.0187313	0.0293983	-0.0033626	-0.0207008	-0.00900865	0.0658104
-0.0033163	-0.000491774	-0.0143665	-0.0018239	-0.0123574	0.0225861	-0.00130406	-0.0136411	-0.00225916	0.0269741
-0.000571165	-9.72454e-06	-0.00253183	-0.000102191	-0.00639578	0.011638	-0.000353209	-0.000991649	-0.000746347	6.3894e-05
-2.93121e-07	-1.33372e-06	0.00144229	-9.69738e-05	-0.000331802	-1.83006e-06	-5.0341e-06	-0.000323869	-0.000348187	-0.000332965
-2.43722e-07	-1.58722e-06	0.00172701	-9.45858e-07	-2.0958e-05	-9.1477e-07	-4.6612e-06	-1.16196e-06	-0.000142854	-0.00155368
0.0	0.0	0.0	0.0	0.0	0.0	0.0	0.0	0.0	0.0
0.0	0.0	0.0	0.0	0.0	0.0	0.0	0.0	0.0	0.0
0.0	0.0	0.0	0.0	0.0	0.0	0.0	0.0	0.0	0.0
0.0	0.0	0.0	0.0	0.0	0.0	0.0	0.0	0.0	0.0
0.0	0.0	0.0	0.0	0.0	0.0	0.0	0.0	0.0	0.0
-0.000127752	-0.000337774	-0.000463866	-0.000142386	0.000798982	-0.00136444	-3.34825e-05	-0.00308844	-0.00461055	0.0093697
-0.00169256	-0.0015983	-0.00150843	0.00135742	0.00315032	-0.00326679	-0.000251055	-0.0032411	-0.01181	0.0188605
-0.0062458	-0.00288949	-0.00413443	0.00171312	-0.00780131	-0.00662807	-0.00104268	0.00803125	-0.0178556	0.0368531
-0.0120638	-0.00411343	-0.00749497	0.00477887	-0.0262413	-0.0153299	-0.00185923	0.0335134	-0.0116977	0.040508
-0.0193527	-0.00659386	-0.0102337	0.00267966	-0.0537415	-0.0211217	-0.00389303	0.0707936	-0.0112204	0.0526837
-0.0280925	-0.0116403	-0.0107432	0.00362643	-0.0835757	-0.0195863	-0.00545737	0.0935803	-0.024957	0.0868456
-0.0285765	-0.0163963	-0.0113301	0.0102348	-0.0924692	-0.0119575	-0.00610659	0.0838345	-0.0377836	0.110551
-0.0261707	-0.015974	-0.0121344	0.00987792	-0.11646	0.00961714	-0.00668655	0.104341	-0.0357897	0.0893792
-0.0234922	-0.0212096	-0.0107964	-0.00806328	-0.131982	0.0166626	-0.00767005	0.0867988	-0.0400991	0.139852
-0.0339917	-0.032612	-0.0137415	-0.0124769	-0.140925	0.00239867	-0.00847853	0.138543	-0.0502436	0.151528
-0.0432948	-0.0316025	-0.011434	-0.0179819	-0.163864	-0.0168498	-0.00745567	0.18141	-0.0486317	0.159705
-0.037614	-0.0243486	-0.0112605	-0.0169331	-0.156756	-0.00698693	-0.00705964	0.186403	-0.0430184	0.117574
-0.0276962	-0.0133211	-0.0127193	-0.00523524	-0.140104	-0.0137215	-0.00653863	0.139969	-0.0329368	0.112304
-0.0234862	-0.00618921	-0.0141629	-0.00654824	-0.121126	-0.0151702	-0.00621901	0.117815	-0.0233975	0.0984839
-0.0163103	-0.00484213	-0.0127154	-0.00634737	-0.100484	-0.0154549	-0.00541246	0.0937887	-0.0167682	0.0845456
-0.00614117	-0.00254878	-0.00884832	-0.00438469	-0.0812979	-0.00573783	-0.00361136	0.0320876	-0.0140642	0.0945467
-0.00771915	-0.00137716	-0.00574957	-0.00703736	-0.0419389	0.00532732	-0.00243052	-0.0089457	-0.00778071	0.0776518
-0.00834158	-0.000674969	-0.00334629	-0.00410289	-0.0168869	0.00696616	-0.00156914	-0.00290514	-0.0040968	0.0349575
-0.00520332	-0.000134269	-0.000761242	-0.000219873	-0.00617419	0.00401544	-0.000317108	0.00527134	-0.000820131	0.00434335
-0.000513764	-6.20504e-06	-3.06247e-05	-7.63794e-05	-0.000493353	7.05889e-05	-4.67739e-05	-0.00139703	-7.9494e-05	0.00257303
-1.20335e-06	-1.38991e-09	-1.86902e-07	-1.19371e-06	-0.00012101	-2.95321e-06	-4.9556e-07	-7.03645e-06	-4.27383e-06	0.000138354
-1.22686e-07	-1.30852e-08	-5.90387e-07	-1.04865e-07	-4.26076e-08	-5.91752e-08	-8.38736e-10	3.74958e-06	-4.16969e-07	-2.39876e-06
0.0	0.0	0.0	0.0	0.0	0.0	0.0	0.0	0.0	0.0
0.0	0.0	0.0	0.0	0.0	0.0	0.0	0.0	0.0	0.0
0.0	0.0	0.0	0.0	0.0	0.0	0.0	0.0	0.0	0.0
0.0	0.0	0.0	0.0	0.0	0.0	0.0	0.0	0.0	0.0
0.0	0.0	0.0	0.0	0.0	0.0	0.0	0.0	0.0	0.0
0.0	0.0	0.0	0.0	0.0	0.0	0.0	0.0	0.0	0.0
-2.39691e-06	-3.15992e-06	-1.90414e-06	-3.70893e-07	-1.17483e-06	-6.46897e-07	-7.36663e-08	4.82217e-05	-2.4007e-05	-1.44875e-05
-4.2716e-05	-8.27377e-06	-5.5168e-06	-1.66817e-06	-4.86666e-06	-1.08573e-05	-8.19752e-07	0.000203449	-6.71494e-05	-6.15818e-05
-5.15356e-05	-7.31468e-06	-1.11739e-05	-7.26028e-06	-0.000682134	-1.58222e-05	-1.80085e-06	0.00023893	-7.2183e-05	0.000610295
-0.000120167	-2.1545e-05	-2.4684e-05	-2.86717e-05	-0.00404856	-0.000226301	-3.46016e-05	0.00103797	-0.00010086	0.00356742
-0.000353695	-4.49858e-05	-4.23847e-05	-6.74308e-05	-0.00541421	-0.000520151	-6.69803e-05	0.00501707	-0.000182238	0.001675
-0.000658961	-2.2854e-05	-3.85047e-05	-0.000154551	-0.003824	-0.000304291	-2.52818e-05	0.00529401	-0.000260537	-5.02941e-06
-0.00056902	-0.000566887	-0.000143702	-0.000557048	-0.0051902	0.00181869	-4.01759e-05	0.00801108	-0.0015634	-0.00119933
-0.00100062	-0.000195684	-0.000159318	-0.000501187	-0.0052244	0.00445158	-5.32749e-05	0.00315651	-0.00106169	0.000588084
-0.00274975	-0.00035863	-0.000257577	-0.00119354	-0.0100606	0.00377141	-0.000357719	0.0102446	-0.00245923	0.00342104
-0.00394088	-0.000413709	-0.000307235	-0.00171831	-0.00811775	-0.00055003	-0.00035871	0.0286608	-0.00220452	-0.0110496
-0.00568772	-0.000509024	-0.000343938	-0.00253327	-0.0209437	-0.00481403	-0.000658691	0.0391225	-0.00323064	-0.000401463
-0.00573825	-0.000376046	-0.000623901	-0.00239817	-0.0139374	-0.00414753	-0.000733298	0.0441766	-0.00334215	-0.0128799
-0.00339774	-0.000238916	-0.000507001	-0.00256816	-0.00978099	-0.00271374	-0.000530327	0.0370205	-0.00186085	-0.0154228
-0.00347719	-0.00045701	-0.000358626	-0.00236951	-0.00843103	-0.00267106	-0.00048117	0.0402352	-0.00162225	-0.0203674
-0.00348798	-0.00103211	-0.000341238	-0.00180058	-0.00806721	-0.00234686	-0.000308085	0.0429747	-0.00153519	-0.0240555
-0.00168317	-7.57856e-05	-0.000317995	-0.00114841	-0.00419838	-0.00145998	-0.000190974	0.0232544	-0.000875039	-0.0133046
-0.00256012	-6.25043e-05	-0.000569584	-0.000501095	-0.00197723	-0.000669172	-0.000173714	0.00600894	-0.000540892	0.00104537
-0.00215521	-2.32452e-05	-0.00023362	-0.000216684	-0.000683381	-0.000252725	-6.58899e-05	0.00130207	-0.000253088	0.00258177
-0.00533109	-4.68053e-05	-0.000374653	-0.00014471	-0.000726561	-0.000424876	-0.000163977	0.00519461	-0.000229523	0.00224759
-0.00121406	-2.2916e-06	-1.01705e-05	-1.37036e-05	-0.000101701	-7.44673e-05	-1.062e-05	0.00159812	-3.50643e-05	-0.000136043
0.0	0.0	0.0	0.0	0.0	0.0	0.0	0.0	0.0	0.0
0.0	0.0	0.0	0.0	0.0	0.0	0.0	0.0	0.0	0.0
0.0	0.0	0.0	0.0	0.0	0.0	0.0	0.0	0.0	0.0
0.0	0.0	0.0	0.0	0.0	0.0	0.0	0.0	0.0	0.0
