0.0	0.0	0.0	0.0	0.0	0.0	0.0	0.0	0.0	0.0
0.0	0.0	0.0	0.0	0.0	0.0	0.0	0.0	0.0	0.0
0.0	0.0	0.0	0.0	0.0	0.0	0.0	0.0	0.0	0.0
0.0	0.0	0.0	0.0	0.0	0.0	0.0	0.0	0.0	0.0
0.0	0.0	0.0	0.0	0.0	0.0	0.0	0.0	0.0	0.0
0.0	0.0	0.0	0.0	0.0	0.0	0.0	0.0	0.0	0.0
0.0	0.0	0.0	0.0	0.0	0.0	0.0	0.0	0.0	0.0
0.0	0.0	0.0	0.0	0.0	0.0	0.0	0.0	0.0	0.0
0.0	0.0	0.0	0.0	0.0	0.0	0.0	0.0	0.0	0.0
0.0	0.0	0.0	0.0	0.0	0.0	0.0	0.0	0.0	0.0
0.0	0.0	0.0	0.0	0.0	0.0	0.0	0.0	0.0	0.0
0.0	0.0	0.0	0.0	0.0	0.0	0.0	0.0	0.0	0.0
-3.73874e-06	-6.44506e-06	-0.000677448	-6.47391e-05	-0.004591	-9.61549e-05	0.00631239	-6.85317e-06	-0.00015657	-0.000709448
-2.28191e-05	-1.52791e-05	-0.00110967	-0.000157195	-0.010194	-0.000211328	0.0136842	-1.9617e-05	-0.000352561	-0.0016017
-1.62832e-05	-1.29828e-06	0.00041586	-1.718e-05	-0.000157284	-8.70594e-07	-0.000153293	-5.13105e-06	-1.08247e-05	-5.36942e-05
-6.78468e-07	-5.40951e-08	1.73275e-05	-7.15832e-07	-6.55348e-06	-3.62747e-08	-6.38721e-06	-2.13794e-07	-4.51031e-07	-2.23726e-06
0.0	0.0	0.0	0.0	0.0	0.0	0.0	0.0	0.0	0.0
0.0	0.0	0.0	0.0	0.0	0.0	0.0	0.0	0.0	0.0
0.0	0.0	0.0	0.0	0.0	0.0	0.0	0.0	0.0	0.0
0.0	0.0	0.0	0.0	0.0	0.0	0.0	0.0	0.0	0.0
0.0	0.0	0.0	0.0	0.0	0.0	0.0	0.0	0.0	0.0
0.0	0.0	0.0	0.0	0.0	0.0	0.0	0.0	0.0	0.0
0.0	0.0	0.0	0.0	0.0	0.0	0.0	0.0	0.0	0.0
0.0	0.0	0.0	0.0	0.0	0.0	0.0	0.0	0.0	0.0
0.0	0.0	0.0	0.0	0.0	0.0	0.0	0.0	0.0	0.0
0.0	0.0	0.0	0.0	0.0	0.0	0.0	0.0	0.0	0.0
0.0	0.0	0.0	0.0	0.0	0.0	0.0	0.0	0.0	0.0
0.0	0.0	0.0	0.0	0.0	0.0	0.0	0.0	0.0	0.0
0.0	0.0	0.0	0.0	0.0	0.0	0.0	0.0	0.0	0.0
0.0	0.0	0.0	0.0	0.0	0.0	0.0	0.0	0.0	0.0
0.0	0.0	0.0	0.0	0.0	0.0	0.0	0.0	0.0	0.0
0.0	0.0	0.0	0.0	0.0	0.0	0.0	0.0	0.0	0.0
-5.17848e-09	-3.36625e-08	-1.13497e-05	-9.64847e-09	-5.06739e-05	-1.05934e-07	6.44408e-05	-8.09471e-08	-7.14434e-07	-1.46742e-06
-1.12215e-07	-9.93157e-08	-3.57534e-05	-4.25431e-08	-0.000437592	-3.18977e-07	0.000481884	-7.91296e-07	-2.12327e-06	-5.05054e-06
-1.97529e-05	-1.07681e-07	-0.000436828	-7.50562e-06	-0.0422846	-1.81902e-05	0.0429913	-6.02792e-05	-5.2369e-06	-0.000158841
-4.07505e-05	-6.88951e-05	-0.00105691	-1.77845e-05	-0.0945001	-3.3827e-05	0.0966429	-0.000475816	-5.93264e-05	-0.000389511
-6.10613e-05	-0.0033111	-0.00252732	-0.000181052	-0.0955803	-0.000103684	0.106153	-0.00270864	-0.000842203	-0.000838008
-0.000198544	-0.00271185	-0.004663	-0.000192748	-0.0393707	-0.000186805	0.0502967	-0.00145073	-0.000890866	-0.00063138
-0.00254384	-0.00164848	-0.00771474	-0.000204637	-0.0499043	-0.000794601	0.0670254	-0.000931741	-0.000879678	-0.00240338
0.0269712	-0.000743287	-0.0269933	-0.000376103	-0.0879304	-0.000931816	0.109963	-0.00758966	-0.00149515	-0.0108748
0.0574669	-0.000696822	-0.0295281	-0.00140956	-0.168236	-0.00698978	0.191666	-0.0212436	-0.00152185	-0.0195065
0.0240698	-0.000510301	-0.0185478	-0.000879371	-0.0824361	-0.00648646	0.100752	-0.00567691	-0.00188623	-0.00839889
-0.00109926	0.0206752	0.00521385	-0.00659518	-0.0247507	-0.00289712	0.015834	-0.000371455	-0.00342186	-0.00258746
0.0215095	0.0311119	0.0318053	-0.00859387	-0.106508	-0.00358326	0.0490235	-0.000951309	-0.00273428	-0.0110794
0.061672	-0.00821276	0.0762563	-0.00251792	-0.114506	-0.00383825	0.0228507	-0.00197675	-0.00351877	-0.0262085
0.0289249	-0.0043979	0.0112445	-0.000852159	-0.0452628	-0.00236569	0.0316852	-0.000904512	-0.00309891	-0.0149726
-0.00139088	-0.000282737	-0.0227092	-0.000205406	-0.0172321	-0.00329374	0.0490619	-0.00015391	-0.00171928	-0.00207466
-0.000722001	-7.33225e-05	-0.0164998	-0.00013061	-0.0327397	-0.00314939	0.0564067	-0.000210786	-0.00130246	-0.00157863
-0.000326229	-9.60578e-05	-0.00677273	-0.000129878	-0.0263611	-0.00161911	0.0376	-0.000103723	-0.000786567	-0.00140465
-0.000134351	-0.000227599	-0.0035921	-6.73188e-05	-0.0262199	-0.000327057	0.0319737	-8.97945e-06	-0.000934789	-0.000461626
-1.77111e-05	-1.97091e-05	-0.000389376	-5.36629e-06	-0.0357132	-1.411e-05	0.0365663	-2.29531e-05	-0.000130486	-0.0002534
-2.30179e-06	-1.46632e-06	-0.000174693	-6.92523e-07	-0.0126788	-1.30554e-05	0.0130883	-3.17109e-05	-5.3167e-05	-0.000132419
0.0	0.0	0.0	0.0	0.0	0.0	0.0	0.0	0.0	0.0
0.0	0.0	0.0	0.0	0.0	0.0	0.0	0.0	0.0	0.0
0.0	0.0	0.0	0.0	0.0	0.0	0.0	0.0	0.0	0.0
0.0	0.0	0.0	0.0	0.0	0.0	0.0	0.0	0.0	0.0
0.0	0.0	0.0	0.0	0.0	0.0	0.0	0.0	0.0	0.0
0.0	0.0	0.0	0.0	0.0	0.0	0.0	0.0	0.0	0.0
-3.87467e-08	-6.05793e-10	-5.695e-07	-2.50077e-09	-5.56651e-06	-8.8998e-07	8.72469e-06	-8.42481e-12	-1.25243e-06	-4.046e-07
0.00342017	-4.57775e-10	-2.54449e-05	-9.54219e-07	-0.00320939	-0.000113702	0.000366053	-0.00020724	-8.68688e-06	-0.0002208
0.00128882	-2.00865e-06	-0.000750527	-1.19566e-06	-0.00148522	-1.46416e-05	0.00115757	-7.28523e-05	-3.40315e-05	-8.59109e-05
-0.00038586	-9.31927e-06	6.8152e-05	-0.000299776	-0.00120177	-6.19309e-06	0.00187029	-3.07916e-06	-2.30733e-05	-9.37397e-06
-0.0213987	-5.24163e-05	-0.00113215	-0.00164946	-0.0430344	-5.32547e-05	0.0681146	-0.000441224	-0.00017158	-0.000181464
-0.0254582	-0.00189225	-0.00640248	-0.00316567	-0.139391	-0.000918378	0.180868	-0.00187601	-0.000889459	-0.000874676
-0.0209606	-0.0311127	0.0245482	-0.0117108	-0.176931	-0.00381275	0.229156	-0.00456851	-0.00287651	-0.00173139
-0.0247751	-0.0611697	0.115555	-0.0199553	-0.145754	-0.0147222	0.171321	-0.00619241	-0.0104962	-0.0038103
-0.0231212	-0.0443287	0.0751462	-0.00700416	-0.253175	-0.0473127	0.349521	-0.0142546	-0.021589	-0.0138801
-0.0379543	-0.054735	0.123908	0.034515	-0.273831	-0.0937594	0.398995	-0.0334997	-0.0397345	-0.0239032
-0.0381918	0.0113334	0.0668643	0.0497531	-0.369115	-0.0986228	0.495505	-0.0340232	-0.0458147	-0.0376858
-0.0669574	0.148353	0.00386864	0.00435329	-0.262899	-0.106499	0.392827	-0.0156712	-0.0622363	-0.0351361
-0.120031	0.140046	0.0507625	-0.0067096	-0.159262	-0.11752	0.32452	-0.0196081	-0.060961	-0.0312338
-0.13632	0.277344	0.132	-0.0605864	-0.231292	-0.0735976	0.220398	-0.0242371	-0.0685498	-0.0351546
-0.105453	0.178444	0.130879	-0.0478391	-0.279145	0.00325104	0.252414	-0.012244	-0.0760334	-0.0442701
-0.0936701	0.0473916	0.00997897	-0.0489974	-0.132979	0.0731585	0.237563	-0.00784374	-0.055322	-0.0292786
-0.0599315	-0.00894974	-0.0241378	-0.0704989	-0.108119	0.0708771	0.234696	-0.00403694	-0.00992086	-0.0199773
-0.0430708	0.0264038	-0.0895167	-0.0340861	-0.0749642	0.0104729	0.265442	-0.00220575	-0.0440308	-0.0144428
-0.0302853	-0.00745233	-0.0323383	-0.0111358	-0.0596034	-0.0567619	0.221206	-0.00114524	-0.0164257	-0.00605751
-0.0155693	-0.00943399	-0.0324333	-0.0117076	-0.0531633	-0.0633497	0.210595	-0.000920591	-0.0156578	-0.00835905
-0.00792564	-0.00353075	-0.0366949	-0.00843733	-0.0538897	-0.0338826	0.159627	-0.000644134	-0.0107295	-0.00389246
-0.00395769	-0.0018457	-0.00799449	-0.00214903	-0.0335029	-0.0275539	0.081544	-7.71993e-05	-0.00409142	-0.000371628
-0.000617283	-0.000563201	0.0366634	-0.000192637	-0.00358112	-0.0104704	-0.0190987	-3.16487e-05	-0.00207238	-3.59716e-05
-9.07262e-06	-2.51327e-05	0.0258079	-1.00467e-06	-0.000453269	-0.000968553	-0.0235858	-2.68537e-08	-0.000763456	-1.57864e-06
0.0	0.0	0.0	0.0	0.0	0.0	0.0	0.0	0.0	0.0
0.0	0.0	0.0	0.0	0.0	0.0	0.0	0.0	0.0	0.0
0.0	0.0	0.0	0.0	0.0	0.0	0.0	0.0	0.0	0.0
0.0	0.0	0.0	0.0	0.0	0.0	0.0	0.0	0.0	0.0
-8.67015e-08	0.000772547	-0.000105967	-3.8389e-05	-1.2284e-05	-8.05047e-06	-0.000423565	-1.0316e-08	-0.000183178	-1.01752e-06
0.00795243	0.000183818	-0.000209598	-3.29319e-05	-0.0103522	7.08593e-05	0.00420841	-0.00060675	-0.000460595	-0.00075343
-0.00756747	-7.82014e-05	-0.00393913	-0.0038539	-0.00444729	0.01347	0.0079684	-0.00103095	-0.000234869	-0.000286554
-0.0658956	-0.00364772	-0.00398439	0.107384	-0.00626945	-0.0467001	0.0259956	-0.00187279	-0.00409133	-0.000917846
-0.0908006	-0.00283033	-0.00199637	0.0831752	-0.0767213	-0.0307104	0.132167	-0.002816	-0.00801516	-0.00145184
-0.100912	-0.0237861	0.0485756	0.123033	-0.138425	-0.0463943	0.180512	-0.0141825	-0.024907	-0.00351267
-0.0248283	-0.0710489	0.154417	0.148056	-0.271589	-0.0586638	0.211134	-0.0440337	-0.0321231	-0.0113184
-0.0622322	-0.106116	0.417493	0.0693834	-0.360266	-0.0834836	0.232358	-0.0531964	-0.0261604	-0.027777
-0.0387108	-0.173462	0.365419	0.171018	-0.356787	-0.0560093	0.278667	-0.0975514	-0.0421857	-0.050392
0.0276291	-0.281208	0.432613	0.390245	-0.427445	-0.133977	0.320447	-0.149804	-0.101618	-0.076878
0.00395993	-0.135487	0.387381	0.469392	-0.621229	-0.0497569	0.272523	-0.114673	-0.107951	-0.104155
0.128759	-0.0680707	0.494175	0.270893	-0.731211	-0.0767766	0.326812	-0.109597	-0.0876184	-0.147362
0.124041	-0.113854	0.293336	0.506189	-0.533115	-0.0569896	0.275459	-0.112748	-0.202655	-0.179666
0.0694815	0.0481246	0.218548	0.391294	-0.512593	0.065371	0.223639	-0.103579	-0.190215	-0.210071
0.0886055	0.124051	0.326542	0.276052	-0.442818	-0.0447948	0.0562182	-0.0787957	-0.130309	-0.17475
-0.014417	-0.0681687	0.204212	0.247945	-0.287903	0.066761	0.0393393	-0.0545084	-0.0222942	-0.110967
-0.163707	-0.204849	-0.107956	0.316103	-0.215834	0.218088	0.179813	-0.046252	0.0603051	-0.0357101
-0.188658	-0.144268	-0.136375	0.275092	-0.0450277	0.213669	0.216937	-0.0257016	-0.120397	-0.0452688
-0.114684	-0.173426	-0.219282	0.303383	0.015944	0.277111	0.0483412	-0.0237801	-0.0746874	-0.0389166
-0.133275	-0.148711	-0.163639	-0.0577782	0.0175406	0.260049	0.215766	-0.0131823	0.0449627	-0.0217307
-0.0995152	-0.114274	-0.157306	-0.138564	0.0271418	0.124326	0.28303	-0.00372138	0.0851049	-0.00621981
-0.0477229	-0.0793937	-0.128076	-0.0790725	0.0224347	-0.0505593	0.281431	-0.00119176	0.0846156	-0.0024638
-0.018223	-0.0656473	-0.0131823	-0.0240094	-0.0106727	-0.0285423	0.14696	-0.00046323	0.0143783	-0.000598061
-0.0027948	-0.0196604	0.0205522	-0.000369029	-0.000530014	0.0510216	-0.051709	-5.60649e-06	0.00353367	-3.86097e-05
-0.00132019	-0.0260319	-0.000435035	-2.10957e-05	-0.000207714	0.00929924	0.0215219	-1.66891e-07	-0.00280214	-2.90919e-06
0.0	0.0	0.0	0.0	0.0	0.0	0.0	0.0	0.0	0.0
0.0	0.0	0.0	0.0	0.0	0.0	0.0	0.0	0.0	0.0
-2.44284e-08	-1.91744e-08	-1.80098e-05	2.88887e-05	-1.55365e-07	-9.61572e-06	-2.48828e-08	-1.40129e-08	-1.01181e-06	-1.36948e-08
-3.34262e-05	0.00264446	-0.00099301	0.00128905	-4.383e-06	-0.00120992	-0.0015408	-6.12539e-08	-0.000149777	-2.12887e-06
-0.000390615	0.000270892	-0.00755905	0.0201217	-0.00131144	-0.00718247	-0.00335363	0.000535719	-0.000921191	-0.000209934
-0.00984488	0.00638043	-0.0473402	0.0655014	0.0171646	-0.0431771	0.0202879	-0.00275207	-0.00560922	-0.000610765
-0.0964769	0.0453964	0.0101828	0.269829	0.020378	-0.190488	0.0144169	-0.0296216	-0.0363013	-0.00731408
-0.101445	0.0331131	0.149328	0.289231	-0.0593508	-0.208636	0.00955821	-0.0361577	-0.0657888	-0.0098487
-0.0290986	-0.03042	0.111369	0.317973	-0.0797022	-0.151703	0.0273473	-0.0700473	-0.0659266	-0.0297892
0.00709878	-0.0426258	0.207459	0.446374	-0.240521	-0.334759	0.128727	-0.11263	0.0119746	-0.071093
0.090969	-0.0700792	0.394414	0.376872	-0.325368	-0.265896	0.0202575	-0.200449	0.12635	-0.147066
0.0881888	-0.112979	0.34425	0.465923	-0.461225	-0.0467896	0.0384201	-0.295284	0.16145	-0.181951
0.172659	-0.283679	0.409014	0.53228	-0.451438	0.11978	-0.0864156	-0.332027	0.191816	-0.271988
-0.0242127	-0.126978	0.367542	0.43338	-0.355168	0.045001	-0.091692	-0.295247	0.399558	-0.352182
0.0295709	0.20059	0.189491	0.470024	-0.176959	-0.215286	-0.0207941	-0.304086	0.152552	-0.325106
-0.0640771	0.182939	0.329631	0.32938	-0.344767	0.00366199	-0.0405481	-0.361175	0.387813	-0.422861
0.080516	-0.00413534	0.15923	0.338704	-0.437277	0.371812	-0.110242	-0.339504	0.389753	-0.448856
-0.0742131	0.0614685	0.146204	0.403523	-0.189513	0.0975175	0.0624859	-0.323535	0.296755	-0.480692
0.0816017	-0.0454093	0.0919164	0.149553	-0.0992185	0.132267	0.139706	-0.28103	0.156001	-0.325387
-0.0468691	-0.19636	0.023061	0.322889	-0.0987327	0.347921	0.0188668	-0.227166	0.107487	-0.251098
-0.114156	0.116129	-0.155396	0.120434	0.175506	0.133942	0.0400976	-0.149221	0.0983323	-0.265668
-0.102899	0.0761594	-0.140293	0.0297339	0.285901	-0.203936	0.102247	-0.109659	0.23684	-0.174093
-0.124803	0.0097364	-0.316741	-0.115102	0.272193	0.230707	0.194708	-0.035937	0.0679428	-0.182703
-0.0988333	-0.0821558	-0.393644	-0.0921759	0.309444	0.135795	0.300805	-0.0453852	0.0676	-0.101445
-0.164763	-0.11431	-0.32935	-0.247797	0.306029	0.346316	0.270391	-0.0215322	-0.00974366	-0.0352355
-0.181075	-0.247396	-0.162589	-0.0399246	0.193942	0.405359	-0.0580618	-0.00592699	0.105305	-0.00962849
-0.0505708	-0.124423	-0.00868955	-0.00407526	0.00775896	0.148913	-0.0552969	-0.00129981	0.0904274	-0.00274398
-0.00580409	-0.0152271	-0.00521912	-0.0001072	-0.020793	0.0226667	-0.00697373	-0.000326242	0.0330261	-0.00124229
-0.000104007	-0.00827857	-0.00464434	-2.56453e-05	-0.00347799	-0.00364415	0.0165048	-1.98152e-05	0.00383736	-0.000147671
0.0	0.0	0.0	0.0	0.0	0.0	0.0	0.0	0.0	0.0
0.0	0.0	0.0	0.0	0.0	0.0	0.0	0.0	0.0	0.0
-0.00031171	0.0002923	0.000417133	0.00220547	-8.77321e-05	-0.00231318	9.54099e-05	-6.86889e-06	-0.000288246	-2.58181e-06
-0.00394949	0.00752531	-0.00518288	0.0955629	0.00143402	-0.0430668	-0.0358682	-0.0013602	-0.0113326	-0.00376215
-0.0284638	0.0175055	0.007658	0.209882	0.0126056	-0.176676	0.0282527	-0.0184236	-0.0399445	-0.0123943
-0.131158	0.119962	0.00773076	0.42466	0.0451748	-0.251575	-0.152345	0.10339	-0.126267	-0.0395687
-0.0312395	0.0547618	0.0343762	0.41135	-0.0112899	-0.297837	-0.0902858	0.128744	-0.108041	-0.0905357
-0.0300691	-0.134369	0.11587	0.29648	-0.0410499	-0.0949746	-0.103833	0.132473	-0.00622186	-0.134304
0.0294775	-0.322993	0.228383	0.144184	-0.0509414	-0.135152	0.102957	0.181485	-0.00721376	-0.170185
0.046454	-0.35914	0.101532	0.167479	-0.000466171	0.104841	-0.00606869	0.0995855	0.0878899	-0.242108
0.229288	-0.243906	0.184341	0.14196	-0.195068	0.185111	0.0553775	-0.120883	-0.123599	-0.112622
0.12816	-0.329703	0.278606	0.146334	-0.153197	0.104998	-0.44364	-0.188854	0.263786	0.193507
-0.0449347	-0.235304	0.184148	0.0949406	-0.0900552	0.0183773	-0.266885	-0.084349	0.29458	0.129481
0.177911	-0.0274031	0.127884	0.0968963	-0.311701	-0.0181367	-0.310964	-0.124831	0.174769	0.215573
0.220517	0.0211688	0.111122	0.0265294	-0.0478013	-0.128261	-0.00131156	-0.310574	0.267637	-0.159026
0.154357	0.18626	0.170322	0.191692	-0.0440588	-0.132706	-0.211287	-0.396482	0.128865	-0.0469618
0.112736	-0.13714	0.333868	0.375644	0.0467304	0.0572193	-0.183676	-0.32411	0.159866	-0.441137
0.336796	-0.213255	0.178523	-0.0428443	-0.0883884	0.162926	-0.0186786	-0.382904	0.404073	-0.336244
0.348549	0.00266724	0.134035	0.0131242	0.0716743	0.148494	0.115426	-0.408232	-0.148188	-0.277552
0.0600901	0.0323952	-0.0150577	0.161757	0.166013	0.0200312	0.183074	-0.519903	0.143323	-0.231724
-0.127632	0.123059	0.0388628	0.0414309	0.0639774	0.274151	0.083315	-0.507973	0.233679	-0.222871
-0.0125634	0.30119	0.0273282	-0.0997224	0.0676909	0.114173	0.103945	-0.30849	0.0732734	-0.266825
-0.000563839	0.257051	-0.137808	-0.0859034	0.245218	0.290935	0.0128295	-0.211787	-0.0337279	-0.336241
-0.23345	0.11754	-0.282723	-0.245589	0.444944	0.382708	0.281925	-0.107624	-0.145091	-0.212638
-0.279478	-0.0137514	-0.247117	-0.0883116	0.116964	0.46194	0.094819	-0.031938	0.07464	-0.0877653
-0.116311	-0.157459	-0.0569856	-0.0223214	-0.0505461	0.301941	-0.0601266	-0.010163	0.200976	-0.0290015
-0.033441	-0.0320063	-0.0189492	-0.00192036	-0.0317036	0.071665	0.0358574	-0.00423644	0.0187552	-0.00402049
-0.0120865	-0.0108161	-0.006824	-0.000101395	-0.000366641	0.00819605	0.0246436	-0.000146907	-0.00246295	-3.51122e-05
0.0	0.0	0.0	0.0	0.0	0.0	0.0	0.0	0.0	0.0
-4.55441e-06	-1.44558e-06	-4.78843e-05	0.000590341	-1.46518e-06	-4.9366e-05	-2.52564e-07	-1.09285e-05	-4.98531e-05	-0.000424591
-0.00119	-0.0204853	-0.00824016	0.0061893	-0.00275166	0.00394871	-0.00140955	0.0317138	-0.00406484	-0.00371022
-0.00340042	0.00199682	0.00796893	0.13163	-0.0365068	-0.137012	-0.038874	0.139532	-0.0376533	-0.0276806
-0.0441411	0.0145683	0.10642	0.179623	0.0188941	-0.218779	0.0263774	0.0978079	-0.0928899	-0.0878784
-0.0300807	-0.0261812	0.0791985	0.231434	0.167725	-0.167475	-0.109505	0.209157	-0.101861	-0.252409
0.0142143	-0.100339	0.158476	0.249294	0.117043	-0.0914569	-0.240154	0.328957	-0.161266	-0.274765
0.035601	-0.247609	0.126292	0.0689113	0.0831003	0.0534539	-0.0490199	0.324333	-0.0759303	-0.319131
-0.0273721	-0.371761	0.088196	0.191886	-0.020336	0.00810708	-0.0370224	0.354116	0.0205738	-0.206388
-0.247429	-0.464538	0.249647	0.329863	0.0943497	-0.0649875	-0.158515	0.20104	0.0751634	-0.014592
0.00206663	-0.200768	0.222954	0.370793	-0.158087	-0.0496992	-0.355844	0.285389	-0.0779013	-0.038902
-0.0392013	-0.061371	-0.0304836	0.181034	-0.300724	-0.091494	-0.30154	0.401929	0.047982	0.193868
-0.203935	-0.228338	0.0657523	0.0120933	-0.213989	0.0127552	-0.169671	0.256467	0.350638	0.118228
0.247057	-0.284422	0.0492245	0.34396	-0.370241	-0.0215209	-0.381736	-0.0452271	0.094637	0.368271
0.184845	-0.215008	0.00829062	0.137049	-0.420031	0.181347	-0.252784	-0.0333278	0.0864394	0.323181
-0.0350551	-0.278939	0.0818843	0.134765	-0.454367	-0.0524031	-0.103084	0.0888818	0.401073	0.217245
0.0761827	-0.242304	0.178038	0.243592	-0.371305	-0.141196	-0.250564	0.0551095	0.096971	0.355475
0.196242	-0.356306	-0.000692779	-0.000422591	-0.20386	-0.00777839	-0.213295	0.130203	0.172667	0.283243
0.33557	-0.0859801	-0.0172753	0.321966	-0.392157	0.100726	-0.397693	0.022811	-0.184808	0.29684
0.0683655	-0.213693	-0.113453	-0.106263	-0.0532912	0.292248	-0.19804	-0.0658193	0.368794	0.0211525
0.0923823	0.0418236	-0.17441	0.105995	-0.176305	0.157158	-0.0919295	-0.101894	0.0713581	0.0758222
0.309679	0.0835772	-0.0916484	0.113695	-0.0913791	-0.081645	-0.100678	-0.0245792	-0.0456388	-0.0713823
0.356717	0.0897529	-0.178122	-0.0768714	0.232689	0.162921	-0.0735741	-0.151141	-0.0830129	-0.279358
-0.0336424	0.0997883	-0.442904	-0.164033	0.483851	0.290008	0.0486792	-0.217124	0.231249	-0.295875
-0.404657	-0.00417682	-0.259325	-0.0727601	0.129935	0.759983	0.0322837	-0.0958537	0.108647	-0.194076
-0.281175	-0.121039	-0.0680153	-0.0488453	-0.0222202	0.442629	-0.0469549	-0.0422382	0.251469	-0.0636078
-0.126576	-0.0161319	-0.0110972	-0.00529214	0.052019	0.158173	-0.0454418	-0.0128582	0.0306026	-0.0233968
-0.0337457	-0.000317891	-0.000536124	-0.000391263	-0.00173339	0.0469096	-0.00253923	-0.000700987	-0.0062022	-0.000742819
0.0	0.0	0.0	0.0	0.0	0.0	0.0	0.0	0.0	0.0
-0.00030299	-0.00158214	-0.00168606	0.0164637	-0.00086329	-0.00182511	-8.41881e-05	0.00564716	-0.00408942	-0.0116776
-0.000665454	-0.0307958	0.0235522	-0.0215033	-0.00414305	-0.017102	-0.00605529	0.0791196	-0.00734433	-0.0150624
-0.00550991	-0.0152008	0.0526485	0.0649339	-0.015204	-0.153798	-0.0478313	0.24837	-0.0407342	-0.087672
-0.0782824	-0.00241974	0.271852	0.339158	0.0866844	-0.47479	0.0182518	0.126351	-0.0502598	-0.236541
-0.0188179	-0.132394	0.175714	0.458542	0.276768	-0.300968	-0.082283	0.0787539	-0.0222264	-0.433083
0.0583274	-0.242082	0.32216	0.196824	0.128804	-0.0448375	-0.297567	0.291295	-0.0980005	-0.314921
-0.0205768	-0.277368	-0.0524792	0.0891216	0.148908	0.167808	0.00708792	0.283691	-0.0187562	-0.327436
-0.209301	-0.513417	0.183273	0.111077	0.0187274	0.237669	-0.0556429	0.115884	0.185839	-0.0741066
0.0119029	-0.335718	-0.021661	0.11851	0.0429179	0.0379594	-0.157418	0.228961	0.0228838	0.0516627
0.00971176	-0.121487	-0.138266	0.00556768	-0.207987	0.242049	-0.255425	0.328875	0.13742	-0.000456927
0.0793712	-0.224147	0.0472578	-0.00994865	-0.159221	0.151885	-0.0798078	0.255898	-0.156912	0.095625
-0.0101275	-0.0578398	-0.0831303	0.152147	-0.488523	0.0639003	-0.139703	0.22662	-0.0849371	0.421595
0.145395	-0.23741	0.270721	0.0149711	-0.322095	-0.198248	-0.306958	0.154793	-0.0133131	0.492149
0.0488578	-0.125604	0.0773709	0.325734	-0.41156	0.19325	-0.103767	-0.082133	-0.360606	0.43846
-0.0639121	-0.430374	-0.080898	0.283272	-0.344081	-0.210862	-0.116876	0.140423	0.299619	0.523691
-0.00873315	-0.234187	0.0490828	0.0395614	-0.389	0.110584	-0.364297	0.231533	0.0479734	0.517482
0.292268	-0.216739	-0.256254	0.191298	-0.11743	0.0654817	-0.260043	0.276812	-0.248844	0.273452
0.314316	-0.30662	-0.0429801	-0.114058	-0.285017	0.0849157	-0.351445	0.359493	0.159274	0.182119
0.180298	-0.0818901	-0.088722	0.08768	-0.0494042	0.0796524	-0.33372	0.178651	-0.0840333	0.111488
-0.00460341	0.0693563	-0.202772	0.0451791	-0.0855277	0.0710119	-0.306837	0.312775	-0.0639411	0.165359
0.0195355	-0.0595934	-0.00457752	-0.196206	-0.082994	0.153832	-0.219725	0.172009	0.170377	0.0473419
0.0983105	-0.0740681	0.153254	-0.208991	0.171595	0.191364	-0.3036	0.128759	-0.00128846	-0.155335
0.206458	-0.114398	-0.518189	-0.260064	0.380696	0.352109	-0.193422	0.00999998	0.357697	-0.220887
-0.165374	-0.331012	-0.393286	-0.195287	0.158276	0.717603	0.0517683	-0.0645528	0.448545	-0.226677
-0.319059	-0.196016	-0.0881429	-0.0629443	0.00700092	0.773339	-0.109067	-0.0656273	0.160176	-0.0996577
-0.147221	-0.00778749	-0.016008	-0.00442137	0.0699426	0.154915	-0.0418122	-0.0126752	0.0453813	-0.0403127
-0.0107047	-0.0037547	-0.00116636	-0.00031989	-0.00234608	0.0229234	-0.0093363	-0.000490037	0.00626479	-0.00107007
0.0134017	-2.7323e-07	-0.000234804	-7.55072e-07	-0.000462738	-5.31044e-06	-7.47626e-06	-0.00845485	-2.1056e-05	-0.00421446
-0.000339198	-0.00133884	0.00126355	-0.00700977	-0.0135482	-0.00149162	-0.000257054	0.0643877	-0.00438098	-0.0372855
0.00189565	-0.0186738	0.00844219	-0.0189269	0.0135183	-0.0206511	-0.00572629	0.123408	-0.0109121	-0.072374
0.00840564	-0.00390134	0.0355814	0.0851811	-0.00129365	-0.162084	-0.042057	0.336052	-0.0132774	-0.242604
-0.109207	-0.0274438	0.305241	0.380116	0.0490625	-0.616101	0.0178251	0.301934	0.0252156	-0.326633
-0.0637041	-0.0880736	0.0965	0.218761	0.2184	-0.326505	-0.132915	0.260039	0.122447	-0.304945
-0.0409516	-0.22513	0.0444607	0.0689897	0.0595921	-0.0674817	-0.251266	0.243167	0.201305	-0.0326844
-0.0853655	-0.206587	0.0249256	0.0987614	0.0883685	-0.161653	-0.158037	0.489361	0.21182	-0.301596
-0.0304135	-0.458844	0.0655711	-0.01459	-0.119873	0.136774	-0.163484	0.271387	0.0477008	0.265771
0.202823	-0.486822	-0.0798715	-0.0412971	0.117921	0.0724571	-0.132672	0.169103	0.219192	-0.0408321
-0.0182767	-0.256158	0.225769	0.0881776	-0.183217	0.136247	-0.203157	0.0892165	0.140014	-0.0186148
-0.0401741	-0.285964	0.0622161	0.0561732	-0.0431171	0.128916	-0.135281	0.360897	-0.0194863	-0.0841783
0.19176	-0.0742919	-0.120957	0.122287	-0.261301	-0.0306766	-0.179403	0.385887	0.267466	-0.300767
-0.0155651	0.0362694	-0.10364	0.108487	-0.307178	-0.0894489	-0.220658	0.0310222	0.345179	0.215534
0.202201	-0.0222205	-0.0143905	0.243769	-0.42201	-0.0771758	-0.402407	0.238685	-0.191954	0.445505
0.273735	-0.00699459	-0.0466838	0.19591	-0.260049	-0.205194	-0.475409	0.328583	-0.058749	0.254854
0.570778	-0.302109	-0.0963988	0.0895551	-0.472422	-0.0137082	-0.462721	0.300909	0.178804	0.207315
0.30234	0.110198	-0.0452715	0.114258	-0.242256	0.00604414	-0.3811	0.196741	-0.0636425	0.0026895
0.142051	-0.204882	-0.218702	0.319223	-0.0309641	-0.0593662	-0.645026	0.443278	0.120438	0.13395
0.0545434	-0.0953601	0.189386	0.0932073	-0.0927944	0.118439	-0.535725	0.108851	0.165978	-0.0065253
0.217809	-0.239279	0.0392754	0.104033	-0.0581001	0.278109	-0.391157	0.224655	0.0375913	-0.212936
0.0784995	-0.267687	-0.116101	0.0770165	-0.0390416	0.172812	-0.289985	-0.0298872	0.186212	0.22816
0.213163	-0.265703	-0.0441865	0.308283	-0.159389	0.0563545	-0.450395	0.233558	0.0937847	0.0145275
0.444711	-0.460357	-0.048347	-0.498182	0.118331	0.652401	-0.472148	0.119326	0.31655	-0.172285
0.0667083	-0.489551	-0.443289	-0.401032	0.0704675	1.13787	-0.303002	-0.114737	0.640346	-0.163776
-0.331873	-0.217782	-0.158985	-0.0871034	0.0851417	0.877761	-0.213743	-0.109337	0.270654	-0.114727
-0.125436	-0.0169043	-0.0229198	-0.00608623	-0.0525222	0.244837	-0.117721	-0.0180433	0.153293	-0.0384975
-0.00768232	-0.00281031	-0.00241776	-9.71771e-05	-0.00213329	0.00881322	-0.0109262	-0.00423585	0.023232	-0.00174239
-3.90144e-06	-2.45328e-05	-1.08117e-05	-0.000151252	-0.000645088	-7.26377e-05	-3.15104e-06	0.00240376	-2.43503e-05	-0.00146803
-0.000479201	-8.12623e-05	-0.00109322	-0.0059821	-0.013776	-0.00152547	-0.000136208	0.0758843	-0.00322464	-0.0495862
0.00696476	-0.0121648	-0.025517	0.0371654	0.00493956	-0.0097167	-0.00963648	0.138177	-0.0264431	-0.103769
0.0310748	-0.00898271	0.061062	0.177034	-0.125781	-0.179586	-0.0522595	0.383651	-0.0402089	-0.246
-0.0644873	-0.0850406	0.209173	0.523538	-0.1987	-0.483892	0.0438556	0.403731	0.0324381	-0.38061
-0.0431526	-0.235174	0.375129	0.180232	-0.0359174	-0.313287	-0.22264	0.242593	0.101642	-0.0494219
-0.107583	-0.24965	-0.0317547	0.138043	-0.0902508	-0.0753282	-0.241212	0.193955	0.220179	0.243603
-0.142403	-0.161243	-0.0802527	0.238523	-0.0622871	0.000903698	-0.0554549	0.138778	0.134309	-0.0108741
-0.122229	-0.280599	-0.0756135	0.17043	-0.0231956	0.134197	-0.156739	0.107802	0.177346	0.0686003
0.0444952	-0.425635	0.100292	0.077376	-0.00973225	-0.0452734	-0.203406	0.235057	0.228251	-0.0014239
0.149157	-0.235502	0.229956	-0.0791166	-0.269654	0.18844	-0.317201	-0.0194738	0.0725749	0.280819
-0.0712514	-0.132318	-0.0162956	-0.322163	-0.0827512	0.370053	-0.113264	0.183231	0.0805034	0.104256
0.00535956	-0.141995	0.0269017	-0.246834	-0.155507	0.247033	-0.202781	0.476731	-0.0708506	0.0619451
0.2833	0.0631008	0.023489	-0.136872	-0.161785	-0.0742703	-0.416753	0.264262	0.0587152	0.0968144
-0.00334192	0.177737	0.0884332	0.273192	-0.659606	-0.232536	-0.212221	0.568859	-0.217771	0.217259
-0.212609	0.510476	0.204643	0.447797	-0.347633	-0.411225	-0.434491	0.38909	-0.47879	0.332749
0.189351	0.153015	0.25352	0.293425	-0.0365569	-0.378251	-0.598165	0.279148	-0.111228	-0.0442553
0.358386	0.0063867	-0.0359195	0.148268	-0.15261	-0.146166	-0.734976	0.524902	0.0491994	-0.0174674
0.273457	-0.128487	0.0482896	0.081325	0.069897	-0.0186265	-0.640513	0.277081	-0.056631	0.0942098
0.327178	-0.244919	-0.036365	0.240097	-0.059475	-0.0480627	-0.587744	0.31075	0.0154859	0.0830567
0.265443	-0.375904	-0.0602862	0.290809	0.0817408	0.0289002	-0.380319	0.0102436	0.0528487	0.0865257
-0.130329	-0.321028	-0.161729	0.188547	0.0484242	0.353848	-0.200798	0.288204	0.145899	-0.211037
-0.0550432	-0.407653	0.0493241	0.402751	-0.0331834	0.257988	-0.501808	0.218482	0.0938887	-0.0247471
0.517908	-0.477463	-0.109657	-0.203727	-0.00968895	0.616334	-0.374719	-0.0364329	0.329119	-0.251673
0.308965	-0.321927	-0.443778	-0.391708	-0.267359	1.40012	-0.355612	-0.0758042	0.371538	-0.224424
-0.313208	-0.159839	-0.119683	-0.0598882	-0.1976	1.1439	-0.34483	-0.0365619	0.233131	-0.145417
-0.115009	-0.0201456	-0.00820612	-0.0117812	-0.0763743	0.263874	-0.15136	0.0146652	0.161672	-0.0573335
-0.00142861	-0.00273075	-0.00133136	-0.000464578	-0.00693561	0.015302	-0.00716406	0.0538012	-0.0452798	-0.00376845
-5.75442e-06	-2.85886e-05	-2.2301e-05	-0.000251576	-0.000752767	-9.18898e-05	-3.7174e-06	0.00323355	-3.36146e-05	-0.00204334
-0.000507389	-3.83054e-05	-0.000393107	-0.0038865	-0.0130895	-0.00137737	-4.87208e-05	0.0716635	-0.00172934	-0.0505933
0.0358111	-0.00626231	-0.0223398	0.0156998	-0.0316817	-0.0118366	-0.0326714	0.207176	-0.0198346	-0.13406
0.01387	-0.0555233	0.0923496	0.292369	-0.126672	-0.154795	-0.0665937	0.315413	-0.106909	-0.203504
-0.0372376	-0.109944	-0.047753	0.288014	-0.180168	-0.195032	-0.0494003	0.381327	0.176374	-0.226177
0.0348027	-0.249554	0.362666	0.00804689	-0.180193	-0.161854	-0.203292	0.230746	0.0401886	0.118447
-0.093984	-0.386298	0.405088	0.009675	-0.181202	-0.0524647	-0.171766	0.0817016	0.122798	0.266452
-0.13395	-0.284163	0.005411	-0.0197649	-0.0597873	0.200532	0.00726051	0.0523972	0.227772	0.00429119
-0.0764035	-0.222613	-0.00151462	-0.23986	-0.0121476	0.347156	0.0241856	-0.159767	0.181813	0.159152
0.0678266	-0.32034	-0.178965	-0.502728	0.168297	0.382959	-0.200525	0.12608	0.294282	0.163112
-0.115349	-0.0628359	0.0272127	-0.4505	0.0153337	0.241286	-0.101162	-0.04047	0.291502	0.194981
0.0899102	0.0887376	0.0679214	-0.519074	0.000143344	0.256416	-0.118513	-0.221203	0.254829	0.100836
-0.0565062	-0.0431629	0.0180064	-0.554855	0.261261	0.381669	-0.290008	-0.274928	0.346761	0.211767
0.134452	0.336464	-0.1931	0.0588132	-0.298475	0.108454	-0.10601	0.209743	0.0312637	-0.281603
0.062401	0.548155	0.0123885	0.19815	-0.896581	0.0384599	-0.323015	0.42823	-0.0277445	-0.040438
-0.173062	0.817455	-0.185084	0.117289	-0.0163071	-0.119517	-0.543758	0.511511	-0.301444	-0.107081
0.0423421	0.262027	0.0324816	0.233815	-0.170886	-0.244359	-0.492329	0.682041	-0.354576	0.00944343
0.354626	0.114414	0.247374	0.233082	0.0272348	-0.480203	-0.468025	0.230176	-0.225765	-0.032911
0.268354	-0.213828	0.0886353	0.229288	-0.0123298	-0.488474	-0.4813	0.331613	0.225683	0.052361
0.0235146	-0.186192	-0.0575135	0.234757	0.153136	-0.395305	-0.491194	0.432416	0.273611	0.0127689
0.208636	-0.403044	-0.0948787	0.33018	-0.131928	-0.23444	-0.264336	0.411074	0.151352	0.0273868
0.121239	-0.309017	-0.109623	0.126552	-0.0203341	-0.0482559	-0.26222	0.412776	0.173145	-0.0842624
0.231845	-0.377897	-0.0669845	0.209588	-0.0910819	0.0140008	-0.376455	0.258534	0.227245	-0.0287941
0.508904	-0.370345	-0.169118	-0.0549665	-0.487051	0.712604	-0.123653	-0.192765	0.301673	-0.125276
0.3433	-0.289421	-0.359666	-0.276271	-0.36844	1.66969	-0.262101	-0.137339	-0.00626915	-0.31348
-0.326633	-0.108635	-0.0665407	-0.027071	-0.247629	1.45189	-0.441747	-0.0197109	-0.102554	-0.111364
-0.142905	-0.028496	0.0222156	-0.00680823	-0.09608	0.403155	-0.15001	0.0101206	0.0429372	-0.0541284
-0.000617642	0.00123295	-0.000737115	-0.000156324	-0.00200137	0.00612754	-0.0203287	0.0133792	0.0102157	-0.00711419
-2.9439e-05	-5.70864e-06	-2.224e-05	-0.000163186	-0.0001112	-8.56176e-05	-4.2907e-06	0.00134733	-3.97029e-05	-0.000885941
0.00813447	0.000494926	-0.000707318	-0.00271144	-0.0279003	-0.0103995	-0.000204904	0.0986293	-0.00208929	-0.0632458
-0.00427246	-0.000144378	-0.0109518	0.0176148	-0.123225	-0.0214716	-0.00131764	0.378565	-0.0121588	-0.222638
-0.00105959	-0.0377905	-0.0404316	0.287495	-0.102113	-0.196399	-0.070515	0.38437	-0.0239076	-0.199645
-0.180597	-0.0677589	-0.153428	0.252631	-0.254985	-0.0859874	-0.0305492	0.44452	0.064599	0.0115609
-0.144738	-0.133692	0.0158886	-0.13448	-0.102352	-0.0413075	-0.0243469	0.121364	0.209053	0.234614
-0.0089479	-0.338935	-0.0202605	-0.278088	0.103739	0.264826	-0.0812827	-0.0363202	0.150389	0.244881
0.0106232	-0.315804	-0.240942	-0.525256	0.059759	0.153281	0.166217	0.0851794	0.491362	0.11558
-0.0195106	-0.2681	-0.389719	-0.437977	0.157922	0.161808	0.0345685	-0.208491	0.354714	0.614787
-0.223084	-0.307996	-0.440677	-0.511906	0.40085	0.153867	0.163416	0.170189	0.431001	0.164334
-0.0630991	-0.168731	-0.777639	-0.390111	0.534357	0.0984706	0.0350319	0.290031	0.236535	0.205154
-0.0712322	-0.128814	-0.642697	-0.209949	0.135892	0.10512	-0.0637642	0.268716	0.229149	0.377577
-0.28738	-0.119303	-0.777492	-0.0220573	0.578052	0.195908	0.144819	-0.0584247	0.163406	0.182475
-0.0252579	0.357233	-0.913927	0.294554	-0.760423	0.527876	0.180224	0.115478	0.205441	0.0188033
-0.398543	0.722636	-0.582959	0.110849	-0.809817	0.0766445	-0.275278	0.468416	0.658159	0.0298942
-0.67992	0.766339	-0.515146	0.222272	0.382556	-0.232906	-0.640282	0.439355	0.016977	0.240754
-0.620841	0.214645	-0.172558	0.00646066	0.468009	-0.254599	-0.231496	0.417641	-0.132175	0.304915
-0.0478912	-0.0712559	-0.333016	0.368132	0.142111	-0.21439	-0.389185	0.283558	-0.204097	0.466036
-0.221998	-0.0238853	-0.0761396	0.14911	-0.0117193	-0.0884367	-0.299773	0.466697	-0.222797	0.328943
0.029891	-0.189778	0.244215	0.11083	-0.0168298	-0.358755	-0.206885	0.215315	-0.0235495	0.195546
0.188467	-0.200621	-0.109784	0.369345	-0.205721	-0.676845	-0.147284	0.300601	-0.0672925	0.549137
0.345356	-0.226667	0.0203703	-0.0411837	-0.216097	-0.501414	-0.0553043	0.308717	0.0205696	0.345653
0.237967	-0.213635	-0.0591298	-0.00615673	-0.256178	-0.533061	-0.0698961	0.271393	0.312562	0.316134
0.321931	-0.185758	-0.141207	-0.194411	-0.474011	0.141688	0.288976	-0.196024	0.486917	-0.0480989
0.37227	-0.170793	-0.153083	-0.213234	-0.437972	0.713443	-0.0527727	-0.167749	0.358445	-0.248548
-0.219917	-0.0975032	0.0645226	0.00275411	-0.194171	0.962672	-0.428879	-0.0732755	0.102447	-0.118647
-0.099489	-0.0291216	0.0304056	-0.00321691	-0.0337028	0.260253	-0.239205	-0.0124017	0.161471	-0.0349934
-0.000428926	0.00481184	-0.00158388	-7.16905e-05	-0.00143355	0.00450216	-0.0124308	0.00300866	0.00633596	-0.00270979
-1.47999e-06	-3.32002e-08	-1.07858e-05	-6.57967e-05	-1.74797e-06	-1.34933e-05	-1.72535e-08	0.00166669	-2.01782e-05	-0.00155316
1.47746e-05	-0.000217029	-5.14901e-05	-0.002894	-0.0385087	-0.0144034	-0.000280849	0.0949986	-0.00114033	-0.0375176
-0.00479177	-0.00319704	-0.00186627	-0.00817586	-0.142867	-0.0198477	-0.00130299	0.388093	-0.00852115	-0.197523
-0.0282457	-0.00374506	-0.142497	0.0574691	-0.20281	-0.0814526	-0.0608227	0.542797	0.07194	-0.15263
-0.142694	0.00173455	-0.247753	-0.0102039	-0.372079	0.0204093	-0.0659336	0.506628	0.000448946	0.309448
-0.0347579	-0.0643166	-0.524805	-0.217217	-0.0604729	0.0228683	-0.0403389	0.27257	0.283801	0.36267
0.218769	-0.118813	-0.885527	-0.319481	0.191459	0.305051	0.139006	0.0128222	0.0756311	0.381083
0.0141876	-0.161794	-1.0375	-0.324894	0.332671	0.103695	0.246201	0.371974	0.25852	0.196942
-0.0753236	-0.191132	-0.543247	-0.356815	0.418114	-0.00132893	0.18009	0.429293	-0.042198	0.182546
-0.0648803	-0.126809	-0.573291	-0.128	0.238107	-0.0789056	0.261269	-0.0553437	0.122281	0.40557
0.0165017	-0.35182	-0.639047	0.181522	0.560892	0.29462	0.00726437	-0.142847	-0.193976	0.266891
0.0162384	-0.503577	-0.588559	-0.119495	0.531938	0.171897	0.311978	0.0576146	-0.0926777	0.214642
0.159235	0.0588536	-0.574299	-0.00838521	0.969589	0.16138	0.192903	-0.700606	0.064316	-0.322987
0.0683922	0.21065	-0.393182	0.0226121	-0.0254173	0.304013	0.200994	-0.922801	0.47874	0.0559985
-0.566407	0.952263	-0.499652	0.516271	-0.51616	-0.117932	-0.278199	-0.00588013	0.225955	0.289741
-0.860314	0.46171	-0.53743	0.215196	0.228548	0.012787	-0.366156	0.430161	0.0783561	0.337146
-0.686246	0.146307	-0.238221	0.145379	0.368728	-0.350826	-0.103579	0.495074	-0.0029898	0.226377
-0.0573138	0.153498	-0.291528	-0.022848	0.016084	-0.449938	-0.138717	0.40622	0.0915049	0.293042
-0.0243367	-0.0148567	-0.243143	0.153906	-0.0208729	-0.341475	-0.201984	0.34455	-0.0663269	0.414543
0.095995	-0.198108	0.242798	-0.0635418	0.152364	-0.349004	-0.354953	-0.129826	0.225085	0.379192
0.0640195	-0.148329	-0.0564219	0.00366746	0.13504	-0.443339	-0.168069	0.00875302	0.224565	0.380115
0.10927	-0.0835556	0.0101635	-0.550938	0.278731	-0.859978	0.0845472	0.133603	0.421004	0.457149
0.292243	-0.0813984	-0.0685878	-0.444043	0.105364	-1.17573	0.375074	0.0956987	0.427459	0.47392
0.444569	-0.0528926	-0.356338	-0.266387	-0.204696	-1.08342	0.715928	-0.211197	0.706433	0.308006
0.596458	-0.0591054	0.127337	-0.11903	-0.119108	-0.946194	0.304049	-0.163051	0.668979	-0.290324
-0.0262904	-0.0408809	0.294598	0.0155669	-0.060145	0.0351002	-0.255262	0.0179339	0.161567	-0.142186
-0.058008	-0.0290806	0.189241	-0.000477024	-0.0236374	0.158661	-0.260814	0.0371207	0.0340983	-0.0471043
-0.000316542	0.00324776	0.0190265	-9.31155e-05	-0.00930714	-0.00376103	-0.0133273	0.0175018	-0.011364	-0.00160697
-6.46296e-09	5.33605e-05	-6.32824e-06	-1.82156e-05	-1.83011e-07	-1.77915e-06	-1.3965e-06	-9.5813e-06	-5.51796e-06	-1.03524e-05
0.000661954	-3.67149e-05	-3.61041e-05	-0.00153934	-0.0275122	-0.00241153	-0.000315129	0.0516037	-0.000237479	-0.0201771
-0.00219486	-0.00104409	-0.000812171	-0.00537503	-0.0923106	-0.00528398	-0.000539339	0.238115	-0.00219442	-0.12836
-0.013385	0.0096766	-0.179456	0.0228832	-0.162923	0.000918602	-0.0528171	0.436578	0.043825	-0.105299
-0.00223198	0.0298708	-0.551267	-0.195637	-0.165469	0.105231	-0.103372	0.307486	-0.0687576	0.644153
-0.0260358	-0.0473953	-0.840141	-0.246346	0.227232	0.19684	0.0829054	0.137524	0.0851697	0.430247
0.291424	-0.0950619	-1.07387	-0.294887	0.461042	-0.0656737	0.427989	0.188971	0.00507351	0.154997
0.296923	-0.149209	-0.814187	-0.335364	0.30303	0.177716	0.0624981	0.173069	0.00380922	0.281714
0.0910866	0.0146144	-0.363751	-0.197248	0.340065	-0.0122923	0.0283326	0.00253564	-0.113565	0.210223
0.0747244	-0.0870134	-0.273183	-0.103226	0.366091	0.0719248	0.0921444	-0.17361	0.047859	-0.0157115
0.159311	-0.658276	-0.159707	-0.161771	0.451122	0.201042	0.251148	-0.00562843	-0.209625	0.132387
0.0467462	-0.71817	0.100181	-0.206938	0.574352	0.319768	-0.00865636	-0.266214	0.116298	0.0426301
0.109148	0.00631422	-0.110244	0.116455	0.44738	0.481584	0.116659	-1.12689	0.226939	-0.26735
-0.441564	0.285553	0.154977	0.39355	-0.285805	0.282167	0.0975417	-1.1017	0.485735	0.12955
-0.692105	0.619709	0.0363206	0.298859	-0.0685344	-0.098108	-0.222202	-0.0780037	-0.0886099	0.292678
-0.882842	0.374188	-0.292342	-0.175445	0.428704	-0.260538	0.0361292	0.0432013	0.42906	0.299891
-0.637645	0.148423	-0.25619	0.123454	0.202189	-0.434357	0.0452641	0.217907	0.135399	0.455556
-0.194771	0.347857	-0.0579935	0.104064	0.157907	-0.204831	-0.31181	0.0182373	-0.148151	0.289494
-0.0367977	-0.227329	-0.215386	0.252035	0.197325	-0.151646	-0.190244	0.0361617	0.0868709	0.249011
-0.0653649	-0.306573	-0.211946	-0.0028658	0.0938998	0.0343722	0.075119	-0.182406	0.0905517	0.475212
-0.338121	-0.186338	-0.210329	-0.502594	0.341869	0.0444467	-0.0994185	0.270408	0.300067	0.380009
-0.0842903	-0.124753	0.0262805	-0.512344	0.361286	-0.285066	0.256745	0.122955	-0.123495	0.36268
0.209176	-0.132188	-0.0362053	-0.605742	0.293577	-0.382153	0.426605	-0.0749387	0.0727377	0.229132
0.436941	-0.12275	-0.103468	-0.285167	-0.0440632	-0.72878	0.825171	-0.065342	0.306581	-0.219123
0.460279	-0.110799	0.491751	-0.0866155	-0.214985	-0.783244	0.394804	0.0317807	0.243458	-0.426418
0.098158	-0.0702849	0.61577	-0.00108958	0.0119607	-0.207783	-0.313927	0.0395812	0.0483522	-0.220737
-0.0167559	-0.0355651	0.429316	-0.00136178	-0.0166652	-0.0111816	-0.256065	0.00282015	-0.0255099	-0.0690317
-0.00243624	-0.000626097	0.123208	-0.00340783	-0.0305262	-0.0331674	-0.0403644	-0.00807264	-0.00253476	-0.00207192
-4.08619e-05	-1.2272e-06	-2.54747e-05	-0.00204609	-0.000122985	0.00913542	-0.000128607	-6.48551e-05	-0.000270227	-0.0064351
-5.51667e-05	-1.07662e-05	-0.012353	0.0131253	-0.0145878	-0.00109034	-1.36774e-05	0.0264003	-0.000807381	-0.0106075
-0.000711798	0.00112891	-0.0082931	0.00662496	-0.0377708	-0.00179942	-5.5694e-05	0.127847	-0.00119191	-0.0857784
-0.0792964	0.0185819	-0.157599	0.0324313	-0.0168545	0.0291224	-0.0246068	0.219921	-0.00998271	-0.0117157
-0.0467919	0.0331746	-0.372407	-0.0965856	0.352284	0.0733744	-0.2697	0.129379	-0.155889	0.353169
0.238328	-0.0656488	-0.636788	-0.329136	0.543144	-0.0342439	0.0339228	0.153457	0.00370695	0.0932603
0.171698	-0.120125	-0.28111	-0.417885	0.323655	-0.0790177	0.267696	-0.0629111	-0.0958675	0.293867
0.472508	-0.169606	0.0590158	-0.367382	0.370391	-0.0428272	0.00332339	-0.0268092	-0.468753	0.170139
0.206268	-0.00301887	-0.0788347	-0.194152	0.329376	0.102095	0.112758	-0.13289	-0.338427	-0.00317467
0.2542	-0.226487	-0.0925526	-0.113931	0.240184	0.162459	0.293431	-0.318757	-0.273621	0.0750705
-0.0395558	-0.688808	0.065008	-0.149493	0.264671	0.339811	0.307797	-0.16319	0.0018799	0.0618844
0.134214	-0.646098	0.0891584	-0.20798	0.35795	0.0191533	0.475602	-0.546746	0.30217	0.0225778
0.223333	0.0899612	-0.112038	0.233659	0.299577	0.0558498	0.163985	-1.0445	0.213474	-0.123292
-0.261562	0.300873	0.253099	0.0153781	-0.285634	0.0228217	-0.071805	-0.606147	0.486144	0.146831
-0.766323	0.564885	0.0941375	0.144691	0.0141687	-0.079045	-0.155094	-0.160729	0.265222	0.0780893
-0.734164	0.408663	-0.174183	0.0405448	0.185836	-0.122561	0.0805259	-0.0910335	0.191982	0.214392
-0.786391	0.250746	-0.0212768	0.00900308	0.38089	-0.308552	0.204901	0.00919836	-0.0692427	0.330724
-0.168751	-0.196283	-0.267484	0.103902	0.556948	-0.31249	-0.361508	0.256359	0.0957386	0.293571
-0.0648766	-0.600403	0.144932	0.0295878	0.226771	-0.19423	-0.148018	0.45281	-0.0591004	0.212527
-0.170071	-0.467289	-0.060061	-0.136754	0.426597	-0.314807	-0.0178597	0.66648	0.0440462	0.0297165
0.0129271	-0.274303	0.0752972	-0.302408	0.226228	0.00580841	-0.126085	0.345233	-0.196138	0.233439
0.174846	-0.183381	-0.129655	-0.00800697	0.0640406	-0.127581	0.129748	0.0594565	-0.151935	0.172466
0.100297	-0.132031	-0.0993035	-0.27701	0.155077	0.0820017	0.339779	0.28354	-0.399916	-0.0524336
0.383153	-0.0967975	0.15325	-0.184613	-0.0527475	-0.0636108	0.429698	0.300433	-0.357428	-0.511334
0.500951	-0.050679	0.387835	-0.0244462	-0.225247	-0.234891	0.275069	0.0303003	-0.192688	-0.4662
0.0721608	-0.0381821	0.594747	-0.0273116	-0.0868084	-0.26497	-0.105719	-0.0633948	0.0531375	-0.133656
-0.00844184	-0.0056596	0.371009	-0.0149763	-0.079712	-0.036644	-0.192655	-0.00702314	-0.00928172	-0.0166155
-0.000240237	-2.86595e-05	0.0123736	-0.00247519	-0.00332284	-0.00152191	-0.00419456	-9.84303e-05	-0.00045105	-4.07299e-05
-1.56742e-05	-4.93751e-07	-8.38806e-06	-0.000672112	-5.00474e-05	0.00293383	-4.26525e-05	7.41042e-05	-9.29985e-05	-0.00212557
-5.78304e-05	-7.41235e-06	-0.0263242	0.0293009	-2.73322e-05	-0.00113671	-6.72733e-06	-5.78806e-05	-0.00164719	-3.56678e-05
-0.0015402	0.00721071	-0.0136027	0.0329016	0.0181762	-0.00630676	-0.000281867	0.0311888	-0.00225292	-0.065493
-0.0960359	0.00417277	0.0154014	0.0305793	0.0857737	-0.028919	-0.0806112	0.102029	-0.0139934	-0.0183959
0.110178	-0.00648837	0.0839965	0.0703218	0.251097	-0.0583394	-0.413681	0.0119247	-0.153207	0.1042
0.369031	-0.117744	0.280446	-0.0504137	0.227655	-0.289226	-0.0698943	-0.108147	-0.283784	0.0420802
-0.0565138	-0.210416	0.371373	-0.05456	0.2017	-0.140673	0.211767	-0.0949684	-0.278797	0.0510887
0.368639	-0.1642	-0.0186786	-0.276955	0.368266	-0.217259	0.258613	-0.163674	-0.218828	0.0640746
0.285863	-0.0749191	-0.124517	-0.35106	0.33008	0.0671837	0.214962	-0.336093	-0.120846	0.109348
0.303344	-0.312151	0.001111	-0.341557	0.384038	0.201207	0.142122	-0.353775	0.00931835	-0.0336557
0.320367	-0.505233	0.0246277	-0.26349	0.317038	0.121521	0.277237	-0.208534	-0.123336	0.039805
0.0332888	-0.180699	-0.135042	-0.0714801	0.396831	0.0866438	0.449412	-0.549171	-0.097265	0.0674789
-0.0816033	0.209479	-0.124322	0.071308	0.182246	0.159928	0.231501	-0.716637	0.149871	-0.0817708
-0.604168	0.444307	0.221775	0.0602175	-0.252878	-0.0209991	0.12604	-0.288961	0.398797	-0.0841305
-0.892453	0.673892	0.120377	0.214614	0.0601028	-0.336221	0.245766	-0.353395	0.447268	-0.179949
-0.6869	0.0370662	0.0428417	0.220831	0.242465	-0.29754	0.051565	0.132056	0.0624583	0.195161
-0.485314	0.299114	-0.00495257	-0.0454365	0.552834	-0.184191	-0.0511209	-0.217153	-0.101832	0.238056
-0.258245	-0.566243	-0.146181	-0.0582866	0.513801	-0.241443	-0.0534119	0.611018	-0.191322	0.390312
-0.0484502	-0.608298	-0.156183	-0.203142	0.167047	0.263053	-0.0922555	0.564345	0.0143826	0.0995033
-0.047014	-0.529084	-0.0136093	0.136771	0.265642	-0.0475707	0.00577763	0.254005	-0.116453	0.0915344
0.239269	-0.369068	-0.312915	0.380467	-0.12634	-0.144956	0.144634	0.395655	-0.314825	0.108075
0.0626115	-0.19852	-0.198653	0.240051	-0.0787372	0.00167988	0.190036	0.347253	-0.277853	-0.0878673
0.157352	-0.158232	-0.359087	0.241609	0.216055	-0.0981462	-0.00708923	0.427774	-0.194617	-0.225619
0.363326	-0.106366	-0.0554614	0.268012	-0.0993456	0.111814	0.136752	0.149575	-0.339718	-0.428588
0.374142	-0.0613707	0.593643	0.14363	-0.485611	0.0752333	0.186214	-0.0701866	-0.344859	-0.410827
0.00967845	-0.0307852	0.661189	-0.0615152	-0.198261	-0.159096	0.067122	-0.159907	0.00954516	-0.137966
-0.0148671	-0.0104428	0.368923	-0.0207041	0.0288157	-0.060863	-0.185971	-0.026253	-0.0252077	-0.0534293
-0.00212545	-0.00118865	0.0564549	-0.000782074	-0.00616548	-0.0249384	-0.0135132	-0.000643718	-0.00330518	-0.00379267
-1.31124e-05	-5.25282e-07	-2.6732e-07	-1.23104e-05	-5.58745e-05	-0.000328059	-3.09951e-06	0.0005448	-2.58119e-05	-0.00010574
-4.86164e-05	2.39305e-05	-0.013043	0.0168293	-1.70072e-05	-0.00065145	-2.57833e-05	-0.00123608	-0.000862158	-0.000969132
-0.00494414	0.00603638	0.000114084	0.081879	-0.0105753	-0.0234573	-0.00155478	-0.00317843	-0.00530927	-0.0390103
-0.0663152	-0.0037521	0.270713	0.153328	-0.0764822	-0.0172151	-0.127207	-0.06319	-0.00803932	-0.0618389
0.173178	-0.0201853	0.372529	0.35644	-0.212752	-0.0823979	-0.418499	-0.0375006	-0.194787	0.0639787
0.460637	-0.15381	0.256447	0.185804	-0.115475	-0.153054	0.0515856	-0.17428	-0.350704	-0.0071511
0.235909	-0.336431	0.442892	-0.110073	0.0575676	-0.145563	0.296406	-0.0579783	-0.180099	-0.202627
0.18719	-0.315801	0.0746425	-0.28873	0.368592	-0.501949	0.385251	0.122828	0.0751695	-0.107192
0.351995	-0.236538	-0.194429	-0.490101	0.374129	-0.242615	0.274827	-0.153783	0.0839039	0.23261
0.309953	-0.0768691	0.169579	-0.109542	0.194162	-0.380215	0.322132	-0.18256	0.00746744	-0.25411
0.238199	-0.110577	0.140751	-0.163863	-0.097411	-0.0886047	0.407004	-0.495248	0.149331	0.0204208
0.113343	-0.118088	0.1558	-0.0141034	-0.106506	-0.13281	0.764287	-0.763129	0.00521962	0.0959853
-0.277657	-0.214306	0.216386	0.0321352	0.0659304	0.00320074	-0.0331999	-0.204526	0.5341	-0.122064
-0.830307	0.438225	0.394586	0.347163	-0.043829	-0.0731761	0.00221836	-0.127361	0.157262	-0.26478
-0.66795	0.704226	0.132276	0.0250686	0.334803	-0.337053	0.1852	-0.452766	0.0937988	-0.0176031
-0.391843	-0.119145	-0.123838	-0.172435	0.563569	-0.153263	0.114026	0.191161	0.102139	-0.0103683
-0.278942	-0.0144535	0.194967	-0.405615	0.428921	-0.284688	-0.00487812	0.0744356	0.0982153	0.19204
-0.0136154	-0.86007	0.371592	-0.0776517	0.280334	-0.150209	-0.204538	0.369487	0.0235619	0.261111
0.0181074	-0.630499	0.037658	0.338255	0.186589	-0.183661	0.144035	0.111991	-0.180622	0.158148
0.034623	-0.459061	-0.0129715	0.415459	0.0989572	0.0284923	0.260783	0.28009	-0.497692	-0.148678
0.252512	-0.288434	-0.149276	0.197544	0.259762	0.101824	0.0328412	0.207655	-0.52586	-0.0885677
0.143652	-0.180006	0.343435	0.0753367	0.165666	-0.0406812	0.0757409	0.264542	-0.51304	-0.334647
0.181121	-0.176824	0.229355	0.291714	-0.102724	0.194427	-0.106848	-0.0370959	-0.340139	-0.132985
0.176739	-0.152354	0.227794	0.487252	-0.233314	0.179339	-0.0383199	-0.13844	-0.0271775	-0.481517
0.0503083	-0.0511735	0.577168	0.352413	-0.320578	0.00116058	0.135108	-0.140048	-0.215301	-0.389053
-0.0928766	-0.0716171	1.00345	-0.112548	-0.156122	-0.157837	0.00119351	-0.153475	-0.126862	-0.133302
-0.0438597	-0.0365209	0.563195	-0.022435	-0.0986791	-0.0975457	-0.150959	-0.0214249	-0.0567192	-0.0350515
-0.00172108	-0.000744203	0.0892518	-0.00126722	-0.00401294	-0.0453812	-0.030812	-0.0015944	-0.00323776	-0.000480911
0.0	0.0	0.0	0.0	0.0	0.0	0.0	0.0	0.0	0.0
-6.16031e-05	0.000416124	-0.00504246	0.0062891	-1.25739e-05	-0.000503458	-2.45207e-05	-9.20688e-05	-0.000743103	-0.000225433
-0.0143994	-0.000184231	0.0512957	0.0741916	-0.00202355	-0.0365784	-0.00315101	-0.00251551	-0.00537767	-0.0612575
-0.0582531	-0.00782509	0.273406	0.352994	-0.234879	0.0202377	-0.118033	-0.0705831	-0.0381933	-0.118867
0.117259	-0.040267	0.445489	0.432241	-0.150287	0.0622738	-0.460674	-0.00904092	-0.176143	-0.220847
0.358408	-0.2866	0.365163	0.100089	-0.178092	0.235022	-0.0362619	-0.0462173	-0.261464	-0.250045
0.314218	-0.483895	0.294344	-0.0516682	-0.0530533	0.426871	0.0903501	-0.212129	-0.0785246	-0.24651
0.253274	-0.428823	0.172631	-0.0198425	0.173315	-0.288763	0.176176	-0.28171	0.163399	0.0803424
0.103119	-0.24069	0.117921	-0.244242	0.262357	-0.307073	0.309172	-0.218705	0.0866155	0.131523
0.290801	-0.127311	0.156026	-0.586532	0.141794	-0.230164	0.36673	-0.250631	0.319307	-0.0800203
0.431566	0.0967242	0.380873	-0.596433	0.0247005	-0.365017	0.633369	-0.6324	-0.0491173	0.0757369
0.106519	-0.167001	0.28424	-0.423571	-0.0530963	-0.299196	0.571961	-0.272472	0.305202	-0.0525846
-0.125547	0.0910631	0.341238	-0.286303	-0.0146281	-0.513919	0.066838	-0.00816898	0.360084	0.0893416
-0.668605	0.473892	0.289989	-0.220297	0.168208	-0.490818	0.112578	0.0737046	0.268495	-0.00714741
-0.607141	0.56211	0.0573535	-0.395121	0.541615	-0.305638	0.139896	0.0672567	0.103981	-0.164309
-0.322326	-0.0179549	0.180718	-0.429435	0.362451	-0.0581468	0.0528372	0.0950216	-0.109959	0.246795
-0.0709811	-0.395391	0.0184647	0.0519896	0.30947	-0.00508238	-0.0714664	-0.0874263	0.234589	0.0158366
0.142365	-0.703011	-0.250686	0.283264	0.243334	0.206194	0.0900597	0.0105238	-0.0869374	0.0648984
-0.0697138	-0.373834	0.00679549	0.0344299	0.307611	0.279021	0.216419	0.111143	-0.425745	-0.0861268
0.0805169	-0.246138	0.0241006	0.375656	-0.173962	0.0645367	0.202881	-0.0860677	-0.063215	-0.178309
0.179974	-0.178636	-0.048938	0.0240101	0.0372128	0.0220907	0.041821	0.107521	-0.0667119	-0.118344
-0.0515328	-0.109114	0.0953994	0.0342894	0.143675	0.0191703	0.11455	0.0378418	-0.100222	-0.184058
0.203491	-0.032803	0.128997	0.288264	-0.174115	-0.0503415	0.0833806	0.0318082	-0.175423	-0.303255
0.0505629	-0.0550064	-0.0513971	0.445453	-0.205771	0.171094	0.0495678	-0.0936647	0.180453	-0.491289
-0.0196862	-0.019395	0.489021	-0.0762414	-0.282794	0.0739491	0.12143	0.0845971	0.0283166	-0.399193
-0.0358795	-0.102306	1.06179	-0.213212	-0.229817	-0.199427	0.0128331	0.0358574	-0.243217	-0.0866172
-0.0200583	-0.00815467	0.280287	-0.0200233	-0.0537207	-0.039932	-0.0982043	0.0264476	-0.0492424	-0.0173987
0.0241862	-0.00104972	0.0277752	-0.00099659	-0.0258875	-0.00668558	-0.0111585	-0.00389711	-0.000768132	-0.00151839
-3.41135e-05	-1.51063e-05	-1.86766e-05	-0.000633942	-0.00640926	-0.00030337	-5.09444e-06	0.00638118	-0.000232248	0.00127063
-1.36362e-05	9.59108e-05	-0.000234015	0.00058051	-2.39179e-06	-0.000259529	-5.54335e-06	-1.79383e-06	-0.000112496	-4.70153e-05
-0.0120655	-0.000680032	-0.00466483	0.0744539	-0.00777824	-0.0233368	-0.00239251	0.0160017	-0.00482981	-0.0347078
-0.112018	-0.00929567	0.139414	0.538995	-0.145884	0.00845508	-0.0823588	-0.0268556	-0.126093	-0.184353
0.0453733	-0.0907948	0.513251	0.329146	-0.0542431	0.288629	-0.369787	-0.0998764	-0.279037	-0.282655
0.0822487	-0.355131	0.618983	0.327283	-0.091703	0.238589	-0.286379	-0.11099	-0.0728698	-0.35003
0.113021	-0.654051	0.215186	0.199986	-0.0913563	0.532796	0.0311348	-0.389937	0.120018	-0.0767951
0.0758059	-0.455745	0.467183	-0.150249	0.0696105	0.174629	0.197662	-0.345518	0.0074203	-0.0407993
0.285738	-0.0784551	0.0437022	-0.0964796	0.140477	-0.0151931	0.12453	-0.293918	0.0301386	-0.140542
0.338146	0.00414731	-0.033518	-0.381212	0.131151	-0.212347	0.33281	-0.328456	0.218849	-0.0695709
0.399458	-0.210436	0.245806	-0.448095	-0.265912	-0.158179	0.279043	-0.384555	0.248218	0.294652
0.0995224	-0.175037	0.118734	-0.40369	-0.0683607	-0.0936353	0.158166	-0.147534	0.312318	0.199517
-0.310794	-0.0202434	0.310024	-0.530128	0.205693	-0.125919	0.69125	-0.215702	0.299417	-0.303599
-0.631522	0.0885948	0.324796	-0.33311	0.340929	-0.10291	0.398729	0.085485	0.0733883	-0.244376
-0.471887	0.225235	0.142737	-0.228	0.362842	0.0284749	0.000989229	-0.111624	-0.126789	0.178024
-0.160486	-0.301302	-0.072057	0.226533	0.206347	-0.0167527	0.0781518	-0.10874	-0.00834925	0.156657
-0.0132002	-0.500148	0.0568185	0.448017	0.336874	-0.0157883	0.233049	-0.196215	-0.199868	-0.149537
-0.0179069	-0.165089	0.240953	0.150293	-0.192919	0.144322	0.278587	-0.0973537	-0.220347	-0.120537
-0.0208577	0.0381588	0.0647408	0.120617	-0.057946	-0.134253	0.271934	-0.0986396	-0.0611228	-0.122632
-0.0856357	-0.0264604	0.128863	0.163956	-0.165335	0.113158	0.0258965	-0.032943	-0.0540393	-0.0674587
-0.209515	0.0557205	-0.0246392	0.100787	-0.0125347	0.0422642	-0.0109248	-0.025474	0.0504007	0.0339137
-0.0748443	0.000857245	0.155283	0.34371	0.0451157	-0.00143019	0.0614679	-0.116752	-0.231525	-0.181881
0.253029	-0.0714929	0.11412	0.447872	-0.377199	0.106031	0.0226629	-0.182598	0.0152973	-0.327721
0.0942785	-0.0754409	0.465656	0.186909	-0.254684	0.210602	0.0855939	-0.407729	0.171862	-0.477046
-0.0416682	0.0172497	0.83013	-0.259193	-0.250404	0.214125	0.0637733	-0.217697	-0.0319751	-0.324336
-0.0345321	0.0366909	0.718893	-0.12971	-0.219098	-0.121793	0.0515238	-0.0153068	-0.209851	-0.0768152
-0.0106688	0.0168873	0.0875851	-0.015941	-0.0182679	-0.0297071	-0.0291811	0.0302186	-0.026995	-0.00393002
-0.00698925	-9.16926e-06	0.0398194	-0.000240368	-3.5688e-05	-0.01575	-0.0159698	-1.8482e-05	-0.000385427	-0.000421161
-2.00929e-09	6.78853e-05	-4.48473e-05	-4.29487e-06	-1.21025e-08	-1.12529e-07	-2.69658e-07	-6.25013e-07	-1.73702e-05	-3.51513e-07
0.0066457	0.000346502	-0.00234907	-7.83994e-05	-0.011096	-0.000719682	-0.000684366	0.023094	-0.000869716	-0.0142889
-0.00584352	-0.000956338	-0.00481157	0.0581231	-0.00530069	-0.0195212	-0.00279915	0.0147306	-0.0086152	-0.0250059
-0.0844314	-0.0117853	-0.0308889	0.559189	0.0300367	0.022287	-0.0830108	-0.0765308	-0.179181	-0.145682
-0.0133403	-0.147566	0.296594	0.364448	-0.0675398	0.348833	-0.226571	-0.0677267	-0.242242	-0.244886
0.0895951	-0.503812	0.171301	0.479775	0.0531685	0.218916	-0.23464	-0.18245	0.12653	-0.218383
0.201265	-0.326732	0.118744	0.109085	-0.0637559	0.333285	-0.012965	-0.351028	0.101694	-0.109593
0.161595	0.0246549	0.392568	-0.0598878	-0.0858249	0.0477704	0.136053	-0.485365	-0.094318	-0.0372469
0.222776	-0.0159644	0.202178	-0.0543459	-0.263519	0.302046	-0.0314561	-0.282406	0.064907	-0.144214
0.123599	0.078025	0.291805	-0.00868472	-0.436285	0.0421077	0.314104	-0.306108	0.258025	-0.356589
0.284944	-0.140103	0.381555	-0.0678963	-0.505241	0.0819037	0.453272	-0.537892	0.246292	-0.196835
0.351106	-0.114155	0.194716	-0.228134	-0.145133	0.0512469	0.695953	-0.301345	-0.177559	-0.32669
0.222136	-0.127961	0.182876	-0.247816	-0.526826	0.0806477	0.599837	-0.126982	0.0621789	-0.118092
-0.161386	0.190888	0.44283	-0.105167	-0.211519	0.0837605	0.193321	-0.0847012	-0.135512	-0.212512
-0.258947	-0.154617	0.081043	0.0198415	0.268694	-0.020155	0.340662	0.167851	-0.157387	-0.286984
-0.17118	-0.00549762	0.196361	0.0447053	0.0229456	0.0717227	0.267231	-0.166105	-0.0248568	-0.235325
-0.191573	0.188269	0.241967	0.166559	-0.0186818	-0.0946988	0.25259	-0.402406	0.0299803	-0.172005
0.0270318	-0.0416574	0.257692	0.338533	-0.168073	-0.135969	0.209162	-0.358916	0.112215	-0.240017
-0.0103855	0.102202	0.134926	0.238188	-0.176532	0.0278987	0.104274	-0.448911	0.152969	-0.124627
-0.139359	0.154449	-0.0359809	0.176301	-0.280308	0.0115119	0.188978	-0.10711	0.0320184	-0.000500214
-0.0153243	0.0598799	0.163496	0.00434304	-0.231721	0.224875	0.040672	-0.296418	0.0266785	0.0235172
0.0860744	0.00421472	0.264602	0.306784	-0.0755248	0.142348	0.156847	-0.504424	-0.123477	-0.257443
0.269194	-0.0656432	0.392305	0.131001	-0.533845	0.134537	0.18491	-0.495286	0.293026	-0.310196
0.0258207	-0.0240786	0.348273	0.161039	-0.379717	0.271411	0.0864434	-0.469084	0.23455	-0.25465
0.0215022	0.0731047	0.408979	-0.13689	-0.245949	0.240924	-0.00999991	-0.123024	-0.0707781	-0.157863
-0.0532973	0.0873903	0.567584	-0.0703973	-0.115123	-0.0316764	-0.106812	-0.0372442	-0.190814	-0.0496079
-0.011789	0.0167658	0.176716	-0.011056	-0.00275879	-0.0552234	-0.0627961	-0.00304734	-0.0298373	-0.0169732
-0.00244131	5.52553e-05	0.0184128	-0.000119509	-1.95042e-07	-0.00521005	-0.0105808	-5.14549e-07	-0.000115417	-2.66332e-07
0.0	0.0	0.0	0.0	0.0	0.0	0.0	0.0	0.0	0.0
0.0167393	-4.93071e-05	-0.00525863	-0.000411134	-0.0001067	-0.000747415	-0.00171642	-0.000220355	-0.00180505	-0.00642426
-0.00763212	-0.00704149	0.0370056	0.0382023	0.00082915	-0.00770986	-0.00287825	-0.011728	-0.016152	-0.0228953
-0.0721878	-0.0269377	0.105738	0.460655	-0.0239912	0.0501512	-0.0593544	-0.121743	-0.179525	-0.132804
0.0598123	-0.0846797	0.346761	0.499636	-0.099135	0.117604	-0.207447	-0.261696	-0.226072	-0.144778
0.253427	-0.374355	0.307871	0.269145	-0.2156	0.406595	-0.274575	-0.317598	-0.0741109	0.0192032
0.213533	-0.0499834	0.293455	0.406088	-0.269254	0.233047	-0.189616	-0.475569	0.0437798	-0.205482
0.151095	0.0433413	0.600132	0.212585	-0.4707	-0.14014	0.197276	-0.50885	0.366018	-0.450757
0.194459	0.253535	0.289979	0.183835	-0.574629	0.258764	-0.0764272	-0.295523	0.0448947	-0.278889
0.206661	0.132234	0.289885	0.344924	-0.427966	0.237685	0.262596	-0.403858	-0.129233	-0.512928
0.299494	0.197753	0.302487	-0.0114037	-0.452366	0.0152987	0.508092	-0.366463	0.127571	-0.620463
0.415877	0.241742	0.407853	-0.147394	-0.173166	0.145026	0.358356	-0.360812	-0.21911	-0.66837
0.456011	0.115887	0.250206	-0.455647	-0.264925	0.0592447	0.525794	-0.111413	0.0566547	-0.631809
0.179028	-0.122415	0.0860397	-0.0861968	-0.419383	0.104599	0.236333	0.0378645	0.164239	-0.180107
-0.00346437	-0.023852	-0.03793	0.110934	-0.0751541	-0.121748	0.681336	0.0729271	-0.284056	-0.318991
-0.0109749	-0.0258004	0.052445	-0.0628182	-0.0037582	0.00790935	0.355959	-0.243424	0.177237	-0.246775
-0.126557	0.285841	0.0334291	0.10762	0.151422	0.138251	0.139591	-0.430448	-0.205816	-0.0933323
0.0093899	0.315349	-0.155162	0.211202	0.0800024	0.204975	0.0631434	-0.564735	-0.0327195	-0.131443
-0.0948069	0.409849	0.149861	0.31329	-0.0861747	0.17501	0.302584	-0.784302	-0.0855314	-0.299777
-0.0942438	0.366257	0.302703	0.151298	-0.300423	0.168318	0.0651357	-0.475002	-0.0591613	-0.124882
-0.0605703	0.186245	0.23114	0.30215	-0.188118	0.00690194	0.230318	-0.691617	0.184178	-0.200628
0.066634	0.0147855	0.353655	0.140986	-0.0824138	0.140662	0.0687413	-0.672046	0.291676	-0.32268
0.136709	-0.0564336	0.309059	0.0175656	-0.334155	0.515407	-0.0929403	-0.575636	0.341858	-0.261431
-0.0734545	-0.0518844	0.308139	0.0969574	-0.321435	0.201887	0.0492323	-0.31018	0.190113	-0.0893696
-0.0291916	-0.0135727	0.489023	-0.0974733	-0.170639	0.102628	-0.0659789	-0.0632	-0.181622	0.0300298
-0.0446168	0.0159677	0.261521	-0.0415113	-0.118422	0.0967593	-0.0479454	-0.0468245	-0.121842	0.0469144
-0.00170176	0.0178902	0.0484509	-0.00321484	-0.000759376	-0.00750873	-0.0120963	-0.0019497	-0.0268376	-0.0122728
-2.11596e-05	0.000215113	-0.0001738	-4.81253e-05	-3.70285e-05	0.000468567	-4.891e-06	-3.21278e-05	-0.000333519	-3.30293e-05
-2.22905e-08	0.000126539	-5.82925e-05	-2.1499e-05	-4.82923e-07	-7.30319e-07	-8.25392e-07	-8.23162e-06	-3.45981e-05	-1.85675e-06
-5.81677e-05	1.43891e-05	0.000165245	0.000886946	-3.40924e-06	-0.000336358	-3.33076e-05	-0.00024829	-0.000126131	-0.000260918
-0.0232368	-0.011959	0.0792035	0.073273	-0.000601571	-0.0203696	-0.00206319	-0.0590462	-0.0161756	-0.0190242
-0.0486855	-0.0119619	0.184974	0.307524	-0.0699089	0.0662051	-0.0404581	-0.166765	-0.117609	-0.103311
-0.0593102	0.0952597	0.209454	0.297994	-0.117378	0.261029	-0.187085	-0.288861	-0.0774314	-0.133664
0.159255	0.391019	0.184396	0.0259206	-0.125812	0.10835	-0.286898	-0.342926	-0.0817945	-0.0315092
0.161165	0.299162	0.189378	0.268479	-0.397888	0.164008	-0.373351	-0.441686	0.259543	-0.128814
0.1391	0.116321	0.172739	0.240056	-0.450508	0.293245	-0.059692	-0.488964	0.327507	-0.289806
-0.0704834	0.225449	-0.0383407	0.211602	-0.0908251	0.145356	0.183404	-0.274119	-0.0596987	-0.232347
0.0527914	0.0446623	0.271619	-0.259736	-0.151998	0.148176	0.227345	-0.392487	0.242822	-0.183196
0.24728	0.278757	0.17366	-0.108406	-0.222289	0.0214728	0.244819	-0.230155	-0.162804	-0.242334
0.352472	-0.120662	0.148865	-0.115692	-0.043812	0.202715	0.321592	-0.256879	-0.0620038	-0.426594
0.327857	-0.16753	-0.0195832	-0.050409	-0.121323	0.108269	0.589487	-0.0882618	-0.178388	-0.400119
0.108234	-0.214651	0.179544	-0.0107754	-0.222703	0.0982042	0.553873	-0.217447	0.117731	-0.392009
-0.0385561	0.162522	0.159378	-0.070431	-0.128942	0.134946	0.612759	-0.341585	-0.0948114	-0.395275
-0.018178	0.0784231	-0.020569	0.0627446	0.129038	0.0732751	0.252606	-0.16396	-0.061722	-0.331658
0.00393962	-0.0572077	0.170656	0.131879	-0.092442	-0.0360125	0.243915	-0.0543545	-0.145605	-0.164766
-0.198508	0.0475435	0.32402	-0.024471	0.0663808	0.13527	0.3815	-0.394199	0.0292007	-0.366736
-0.20411	0.421382	0.353279	0.210193	-0.170414	0.0242001	0.283291	-0.435806	-0.10052	-0.381499
-0.272647	0.275066	0.444568	0.332062	-0.0234221	-0.00455629	0.117517	-0.45421	-0.0736503	-0.340729
-0.127897	0.371175	0.0320889	0.019778	-0.0381839	0.269712	0.0737842	-0.543506	0.169314	-0.226263
0.00779846	0.207686	0.17481	-0.115304	-0.00282861	0.410824	-0.0357346	-0.627028	0.0682499	-0.0884699
0.0315213	-0.186408	0.366427	-0.0524624	-0.126428	0.441588	0.068997	-0.541175	0.219265	-0.221319
0.0119795	-0.130076	0.52371	-0.167293	-0.0832996	0.231816	-0.0203239	-0.317302	-0.0123033	-0.0369019
-0.0571627	0.0236292	0.369242	-0.148978	-0.12314	0.152205	-0.0332978	-0.0564072	-0.240005	0.113916
-0.0254468	0.00275319	0.157799	-0.0321159	-0.106274	0.141368	-0.0426618	-0.0257695	-0.0804268	0.0107754
0.023518	-0.000777639	0.0162115	-0.00460526	-0.00209184	0.00349215	-0.00366542	-0.00229648	-0.00837172	-0.0214133
5.64581e-06	-4.48931e-11	-1.20563e-06	-3.24656e-07	-3.93749e-09	-1.56314e-06	-2.38268e-07	-7.72394e-09	-2.28523e-06	-1.72587e-08
-2.15939e-08	0.000122585	-5.64709e-05	-2.08272e-05	-4.67832e-07	-7.07497e-07	-7.99598e-07	-7.97438e-06	-3.3517e-05	-1.79873e-06
-9.15697e-07	3.614e-05	-1.9605e-05	3.06351e-05	-1.92074e-07	-1.1128e-05	-2.6141e-07	-1.41226e-05	-1.2543e-05	-8.00734e-06
-0.00444521	-0.0115776	0.0594814	0.084133	-0.000414908	-0.0139571	-0.000232943	-0.0798974	-0.0120446	-0.0210446
-0.0601561	-0.0131968	0.150666	0.242326	-0.0712313	0.03805	-0.0179912	-0.172337	-0.0439296	-0.0521982
-0.258287	0.149561	0.208447	0.211694	-0.109964	0.268645	-0.088776	-0.223828	-0.0472559	-0.11023
-0.0454807	0.775781	0.184346	0.0402901	-0.176472	-0.0567408	-0.191656	-0.125228	-0.113937	-0.2909
0.0418721	0.49687	0.346057	0.183467	-0.243746	-0.219991	-0.365719	-0.137145	0.0901458	-0.19181
0.0792001	0.10261	0.305626	0.146726	-0.2826	-0.0326032	-0.268465	0.0475569	0.169932	-0.267985
0.195445	0.0747574	0.361898	-0.0604278	-0.230052	0.0721794	-0.141672	-0.0907645	-0.112266	-0.0690995
0.16779	0.12407	0.310887	0.0113622	-0.285823	0.0530085	0.0703287	-0.244168	-0.0656698	-0.141785
0.146764	-0.118895	0.113328	0.029502	-0.17636	-0.0679782	0.163225	-0.110276	0.00764904	0.0130389
0.176944	-0.413753	0.209377	0.182842	-0.142125	0.0638081	0.0360208	-0.291717	0.170994	0.00760993
0.152851	-0.588883	0.126616	-0.0316311	-0.185332	0.116954	0.318606	-0.0431841	0.13014	0.00386446
0.49858	-0.40913	0.0418492	-0.0981296	-0.0899565	0.246821	0.291244	-0.401797	0.136555	-0.216037
0.0816088	-0.126691	-0.0511286	-0.0890443	-0.184635	0.155894	0.038932	-0.106295	0.244594	0.0367674
0.0917395	0.0162095	-0.111657	0.0887887	-0.1793	0.0716193	0.262058	-0.0548684	0.0847271	-0.269316
0.034946	-0.0192996	0.0241823	0.0323265	-0.112752	0.168256	0.176988	-0.0688538	-0.0377585	-0.198035
0.0628857	0.23857	-0.0479735	0.134044	0.0203209	0.001363	0.0543199	-0.282417	0.101555	-0.282666
-0.109195	0.433427	0.140682	0.0555158	-0.0304328	0.157809	-0.0625209	-0.291274	-0.0034479	-0.290562
-0.123075	0.263998	0.261844	0.185483	0.257162	0.155953	-0.0409659	-0.272922	-0.155448	-0.532029
-0.189417	0.263411	0.285129	0.169889	0.0307394	0.120639	0.104404	-0.516433	-0.0860957	-0.182265
-0.0745768	-0.000795374	0.239129	-0.0589305	0.285138	0.0438329	0.0920931	-0.60284	0.154836	-0.0778855
0.055177	-0.177743	0.373019	0.0457211	0.000119614	0.195763	-0.105733	-0.421819	0.0127269	0.0227732
0.0564162	-0.0919226	0.270439	-0.0852667	-0.119781	0.247061	-0.129212	-0.305213	0.00530624	0.152177
-0.0397841	-0.0125415	0.225279	-0.104665	-0.106601	0.162206	-0.0594737	-0.0528333	-0.105842	0.094259
-0.0177446	-0.00264941	0.0806729	-0.0277876	-0.07015	0.0911543	-0.0162814	-0.0239691	-0.0324552	0.0192103
0.00249037	0.00521515	-0.0242705	-2.33982e-05	0.00405416	0.0244553	-0.000121738	-0.00113612	-0.00463432	-0.00602888
1.0423e-05	-8.28796e-11	-2.22577e-06	-5.99365e-07	-7.26921e-09	-2.8858e-06	-4.39879e-07	-1.42596e-08	-4.21889e-06	-3.18623e-08
0.0	0.0	0.0	0.0	0.0	0.0	0.0	0.0	0.0	0.0
0.0	0.0	0.0	0.0	0.0	0.0	0.0	0.0	0.0	0.0
-0.000339548	-0.000198544	0.00132768	0.0806373	-0.000166635	-0.000471059	-3.05785e-05	-0.0587277	-0.00261564	-0.0194151
-0.0294402	-0.0537468	-0.0347161	0.269643	-0.0145415	0.0486938	-0.00191148	-0.133658	-0.0351692	-0.0151528
-0.188601	-0.0163151	-0.00465838	0.368725	-0.0565434	0.194595	-0.0163985	-0.033845	-0.0932314	-0.153726
-0.20104	0.432658	-0.0509384	0.332162	-0.112889	0.195694	-0.0576994	0.0837715	-0.379579	-0.242136
-0.0887093	0.390958	0.00356798	0.270062	-0.075202	-0.0178823	-0.137069	0.259409	-0.358419	-0.246713
0.123619	0.0879015	0.100701	0.256169	-0.062479	-0.190464	-0.277622	0.352456	-0.171859	-0.218423
0.187691	-0.0382704	0.158439	0.0242242	-0.0473707	0.134345	-0.302197	-0.322896	0.225086	-0.0190517
0.281957	0.037281	0.186588	0.210784	-0.042676	0.107223	-0.322765	-0.174048	0.0354459	-0.319791
0.332681	-0.0969771	-0.0177716	0.126428	-0.0217012	0.318939	-0.409869	-0.139571	-0.0862098	-0.00594748
0.32129	-0.0791441	0.207926	0.248697	-0.0135076	0.0671224	-0.298169	-0.34347	0.022711	-0.133457
0.176334	0.203367	0.121673	-0.191287	-0.144618	0.117351	-0.0535124	-0.321207	0.160568	-0.0686681
0.227337	-0.0629374	-0.131765	0.184054	-0.0692657	-0.0936111	-0.0354477	-0.306407	0.42873	-0.140687
0.252385	-0.24976	-0.0630894	-0.14308	-0.00273896	0.102399	0.0629656	-0.162469	0.190467	0.0129205
0.211969	0.102643	-0.0998947	-0.0473789	-0.0808067	-0.0573254	0.0191102	-0.0132497	0.172796	-0.207862
0.0328289	0.0481043	-0.0157481	-0.306497	0.156308	0.161801	-0.0655463	-0.192907	0.350414	-0.168758
0.076692	0.265435	-0.0698931	0.0394198	-0.0035534	-0.0547237	-0.0330317	-0.148133	0.079414	-0.151626
-0.348505	0.00908587	0.276493	0.297554	0.242475	-0.310565	0.0497721	-0.249604	0.174519	-0.141226
-0.380891	0.0400952	0.479244	-0.0164203	0.212374	-0.0877453	0.0780832	-0.411575	0.180107	-0.0932737
-0.352976	-0.0779192	0.397416	0.0469132	0.221245	0.0526793	0.0360141	-0.550015	0.221723	0.00492122
-0.172768	-0.158442	0.484129	-0.0626633	0.236748	-0.0264915	-0.0442969	-0.542027	0.0652918	0.220528
-0.0645201	-0.12878	0.416153	-0.157864	-0.100133	0.061502	-0.0506405	-0.350095	0.0185761	0.355806
-0.0452836	-0.105831	0.27595	-0.0891621	-0.142988	0.153828	-0.0492945	-0.314714	0.0666369	0.250861
-0.0616414	-0.0257094	0.217068	-0.042455	-0.0979817	0.101644	-0.0332834	-0.0893312	-0.0709557	0.102647
-0.0118334	0.000799829	0.0809037	-0.0251163	-0.00291243	0.0339817	-0.008648	-0.027714	-0.0260583	-0.0134028
-1.7105e-05	0.0217832	-0.0171569	0.00828115	0.00417884	0.0143489	-0.000147788	-0.000923303	-0.0192797	-0.0110672
0.0	0.0	0.0	0.0	0.0	0.0	0.0	0.0	0.0	0.0
0.0	0.0	0.0	0.0	0.0	0.0	0.0	0.0	0.0	0.0
0.0	0.0	0.0	0.0	0.0	0.0	0.0	0.0	0.0	0.0
-0.0015393	-9.74227e-06	-0.00212544	0.0378678	-1.17991e-05	-0.000478307	-3.94624e-06	-0.0285446	-0.000138874	-0.00501583
-0.00256095	-0.0358341	-0.0823614	0.161977	-0.000337555	0.0456864	-0.000157199	-0.0149445	-0.0568962	-0.0145713
-0.0145679	-0.0695657	-0.138205	0.302653	-0.0227823	-0.00390364	-0.00301965	0.111571	-0.196409	0.03423
-0.0868247	0.0420713	-0.261075	0.282377	-0.0262478	0.00279819	-0.021822	0.395885	-0.375378	0.0482198
-0.117204	0.0337922	-0.378093	0.527108	-0.040103	-0.036831	-0.0371227	0.421132	-0.400766	0.0280908
-0.166707	-0.0880517	-0.351325	0.494093	-0.0428124	0.0791796	-0.0829018	0.262249	-0.233503	0.12978
-0.100387	-0.20565	-0.181806	0.169975	-0.0696926	0.159332	-0.159877	0.114622	0.195529	0.0779562
-0.032624	-0.198983	-0.0501544	0.19686	0.0395898	0.404042	-0.235938	-0.010012	0.0479178	-0.160698
-0.0117623	-0.268434	-0.173062	0.41493	0.0133492	0.173191	-0.318028	0.069645	0.0369651	0.0632055
-0.0270386	-0.296619	-0.119856	0.365963	0.157393	0.14571	-0.454767	-0.0170102	0.355172	-0.108946
0.250314	-0.280071	0.0875727	0.216828	-0.173281	0.217813	-0.395219	-0.0389924	0.305088	-0.190052
0.242794	-0.367086	0.0107432	0.343995	-0.188349	0.372086	-0.42208	0.139357	0.178464	-0.309926
0.141414	-0.375841	0.278608	0.332359	-0.094132	0.28627	-0.358028	-0.0372392	0.221163	-0.394571
-0.0302704	-0.280033	0.0465971	0.159129	-0.107683	0.270963	-0.283639	-0.0409094	0.311645	-0.0457975
-0.0990898	-0.515281	0.0149313	0.27921	0.0461066	0.080949	-0.136655	-0.101735	0.512867	-0.0813024
-0.158586	-0.151911	0.181169	0.177141	-0.138057	0.23646	-0.0833917	-0.0550071	-0.0753108	0.067495
-0.296986	-0.0185538	0.26215	-0.20396	-0.0164002	0.245676	-0.098757	-0.239043	0.314417	0.0514575
-0.334584	0.0186093	0.0280942	-0.151203	0.120464	0.0411914	-0.113966	-0.195107	0.52023	0.0662718
-0.327562	-0.0319919	0.0337587	-0.0623144	0.0808833	0.0573565	-0.0628717	-0.240747	0.153695	0.399797
-0.228551	-0.0357702	0.219047	-0.0211653	0.072606	0.00493306	-0.0683545	-0.262313	-0.0437144	0.363285
-0.103795	-0.0755402	0.0784845	-0.0497032	0.0237139	0.184182	-0.040273	-0.249436	-0.0593883	0.291757
-0.0405587	-0.0315382	0.126414	-0.0316274	-0.0274945	0.13057	-0.0162044	-0.280921	-0.047954	0.219314
-0.00630175	-0.014228	0.2626	-0.0347112	-0.0566963	0.0739049	-0.00345786	-0.11093	-0.0657108	-0.0444683
-0.000493829	0.00726158	0.141042	-0.00686276	0.010695	-0.0290944	-0.00038007	-0.0448787	-0.0315843	-0.0457042
-4.10607e-07	0.00164963	0.020841	-1.6896e-05	-0.000141475	-0.000484844	-3.85337e-05	-1.73104e-06	-0.00452283	-0.0172839
0.0	0.0	0.0	0.0	0.0	0.0	0.0	0.0	0.0	0.0
0.0	0.0	0.0	0.0	0.0	0.0	0.0	0.0	0.0	0.0
0.0	0.0	0.0	0.0	0.0	0.0	0.0	0.0	0.0	0.0
-2.56665e-05	-2.62558e-07	-5.32761e-05	0.00356034	-8.0063e-05	-8.84626e-06	-3.59895e-07	-0.00505779	-0.000273871	0.00193979
-0.000128637	-0.00343914	-0.018453	-0.0327675	-7.34524e-05	0.0451641	-5.34182e-05	0.02151	-0.0043031	-0.00745598
-0.00303175	-0.0524606	-0.0590602	0.00137907	0.00209581	0.0536611	-0.00092773	0.127038	-0.110094	0.0413999
-0.0192365	-0.106544	-0.0887338	0.12116	-0.0541824	-0.0138435	-0.00185191	0.0638223	-0.212608	0.312018
-0.0921591	-0.133297	-0.0797013	0.318743	-0.145179	-0.0188635	-0.00564684	-0.0129038	-0.150598	0.31961
-0.143659	-0.176794	-0.176341	0.535417	-0.22826	0.00597139	-0.0106227	0.0365626	-0.15082	0.308551
-0.220499	-0.163704	-0.35526	0.755649	-0.413618	0.0154828	-0.0394881	0.306085	-0.253721	0.369082
-0.322211	-0.263066	-0.418198	0.736359	-0.288031	0.178726	-0.0562057	0.383021	-0.211761	0.261371
-0.457841	-0.549915	-0.355046	0.689193	-0.113248	0.185958	-0.0518672	0.229085	0.111759	0.311925
-0.468748	-0.45361	-0.359989	0.565653	-0.285121	0.317625	-0.0494923	0.451683	0.0913772	0.190624
-0.594867	-0.282344	-0.224241	0.698683	-0.457029	0.316231	-0.0435938	0.370948	-0.0736815	0.289896
-0.540081	-0.346318	-0.135654	0.550003	-0.22456	0.324451	-0.106343	0.275517	-0.0234499	0.226439
-0.5128	-0.378918	0.00526394	0.332824	-0.211769	0.100049	-0.102762	0.226635	0.184731	0.35675
-0.460346	-0.407348	0.0666471	0.173856	-0.242357	0.361921	-0.107304	0.233848	0.302123	0.0789615
-0.313495	-0.414989	0.0156003	0.248045	-0.399021	0.305395	-0.0886313	0.146136	0.278802	0.222159
-0.358983	-0.260396	-0.0556407	0.187825	-0.414456	0.304295	-0.0588442	0.100865	0.299736	0.255605
-0.308249	-0.13336	-0.228764	0.109642	-0.337326	0.193031	-0.0504557	0.270921	0.192921	0.291645
-0.173395	-0.105778	-0.273359	0.172349	-0.412506	0.176616	-0.0318654	0.0891884	0.123482	0.435272
-0.186679	-0.0401633	-0.192028	0.00683124	-0.239552	0.133393	-0.0172511	-0.0955723	0.0467413	0.584284
-0.141899	-0.00832458	-0.157354	-0.0942491	-0.173303	0.220781	-0.0101131	-0.0730304	-0.0260841	0.463579
-0.0595215	-0.00514808	-0.141618	-0.0352508	-0.0787284	0.268245	-0.00697121	-0.010005	-0.0410218	0.110021
-0.0148916	-0.000946769	-0.0668816	-0.00622027	-0.0671999	0.185654	-0.00305136	-0.0650412	-0.0127331	0.0513119
-0.00302795	-1.18709e-05	-0.00697248	-0.000251804	-0.0427277	0.101381	-0.000594817	-0.00600238	-0.00629239	-0.0354996
-4.94232e-07	-9.37816e-06	0.0185063	-0.000259622	-0.00101346	-1.37892e-05	-2.46655e-05	-0.00104326	-0.00373013	-0.0124115
-3.64995e-07	-1.12031e-05	0.0221319	-3.82345e-06	-0.000149978	-1.02653e-05	-2.79751e-05	-1.38613e-06	-0.00358673	-0.0183402
0.0	0.0	0.0	0.0	0.0	0.0	0.0	0.0	0.0	0.0
0.0	0.0	0.0	0.0	0.0	0.0	0.0	0.0	0.0	0.0
0.0	0.0	0.0	0.0	0.0	0.0	0.0	0.0	0.0	0.0
0.0	0.0	0.0	0.0	0.0	0.0	0.0	0.0	0.0	0.0
0.0	0.0	0.0	0.0	0.0	0.0	0.0	0.0	0.0	0.0
-0.000200531	-0.00098384	-0.000775418	0.00154544	0.00375365	-0.00287548	-3.94935e-05	-0.0629198	-0.012049	0.0745445
-0.00390961	-0.00354808	-0.00305447	0.0254014	-0.00116178	-0.00850099	-0.000271226	-0.144163	-0.0400833	0.179291
-0.0193533	-0.00721636	-0.0106534	0.0436784	-0.0592863	-0.0349035	-0.00112961	-0.130274	-0.066704	0.285843
-0.0424252	-0.0107227	-0.0247852	0.0559186	-0.147077	-0.113705	-0.00198597	0.000120202	-0.0279162	0.312579
-0.0603314	-0.0173595	-0.0312334	0.0250417	-0.246256	-0.14619	-0.0044124	0.110257	-0.0153957	0.385881
-0.114579	-0.0305245	-0.0318361	0.0041011	-0.392662	-0.0956247	-0.00641938	0.216101	-0.0762428	0.527688
-0.103837	-0.0928503	-0.0297619	0.0370584	-0.40104	-0.0282019	-0.00728105	0.229365	-0.151644	0.548195
-0.0760122	-0.0809007	-0.0781888	0.0439226	-0.474871	0.105253	-0.00915647	0.175246	-0.0963459	0.491055
-0.0510831	-0.103251	-0.0403589	0.00790801	-0.494848	0.0937062	-0.0108706	0.0559973	-0.100505	0.643306
-0.0985593	-0.16615	-0.0719642	0.0252166	-0.554692	0.00624225	-0.0148107	0.378749	-0.129788	0.62576
-0.13708	-0.13499	-0.0563531	-0.0063891	-0.6936	-0.0268047	-0.0124017	0.445942	-0.193173	0.814852
-0.10389	-0.0756751	-0.0743811	0.00559901	-0.599953	0.100858	-0.0103106	0.546444	-0.226794	0.438104
-0.0731974	-0.0582061	-0.0974976	0.108084	-0.535149	0.0157054	-0.00938476	0.326106	-0.152443	0.475986
-0.103805	-0.0385662	-0.115804	0.0928821	-0.478047	-0.0453641	-0.00896409	0.322141	-0.0775985	0.453128
-0.0652899	-0.0485064	-0.073061	0.0494426	-0.487356	-0.0895489	-0.00818649	0.313695	-0.05971	0.468523
-0.010781	-0.0268319	-0.0248521	0.0127736	-0.387982	-0.0104133	-0.0049357	0.207772	-0.0773348	0.322586
-0.0484483	-0.00951888	-0.0269069	-0.0159475	-0.196984	0.0493968	-0.00336904	-0.0041565	-0.0367226	0.292657
-0.0598341	-0.00457026	-0.0312076	-0.0118636	-0.0977668	0.0506203	-0.00231348	0.00116662	-0.0136778	0.169447
-0.0301928	-0.000753495	-0.0113611	0.000753732	-0.052862	0.022916	-0.000418625	0.0685465	-0.00325006	0.00662184
-0.0016689	-1.01737e-05	-6.75792e-05	-0.000251004	-0.00350007	0.000342501	-7.96755e-05	-0.00259954	-0.00029183	0.00812627
-5.05003e-06	-1.62193e-09	-5.78056e-07	-1.49416e-06	-0.00133848	-2.68239e-05	-1.52424e-06	-0.000140123	-1.18702e-05	0.00152595
-2.14369e-07	-1.80691e-08	-1.4218e-06	-2.56415e-07	-7.18495e-08	-9.63955e-08	-8.64455e-10	2.19724e-05	-6.84781e-07	-1.92076e-05
0.0	0.0	0.0	0.0	0.0	0.0	0.0	0.0	0.0	0.0
0.0	0.0	0.0	0.0	0.0	0.0	0.0	0.0	0.0	0.0
0.0	0.0	0.0	0.0	0.0	0.0	0.0	0.0	0.0	0.0
0.0	0.0	0.0	0.0	0.0	0.0	0.0	0.0	0.0	0.0
0.0	0.0	0.0	0.0	0.0	0.0	0.0	0.0	0.0	0.0
0.0	0.0	0.0	0.0	0.0	0.0	0.0	0.0	0.0	0.0
-3.2242e-06	-4.15299e-06	-2.16079e-06	-6.46998e-07	-1.23834e-06	-9.68772e-07	-7.39578e-08	0.000157743	-4.16945e-05	-0.000103583
-5.94818e-05	-1.07678e-05	-8.14967e-06	-2.53397e-06	-5.66801e-06	-1.73255e-05	-8.24977e-07	0.000683666	-0.000117114	-0.000461803
-8.9344e-05	-9.5449e-06	-3.21505e-05	-3.40807e-05	-0.00733788	-5.86592e-05	-2.57733e-06	-0.000584634	-0.000150319	0.00829919
-0.000175018	-2.25246e-05	-0.000117323	-9.33781e-05	-0.0419435	-0.000557346	-3.90179e-05	-0.00545763	-0.000246783	0.0486525
-0.000501872	-4.79299e-05	-0.000175446	-0.000200678	-0.0441338	-0.00120947	-7.13318e-05	0.00943184	-0.000407874	0.0373166
-0.00110309	-4.5383e-05	-0.000269504	-0.00136203	-0.02176	-0.000883995	-2.89676e-05	0.0101198	-0.000898233	0.0162314
-0.00110713	-0.00437235	-0.00514023	-0.00758389	-0.0500051	0.00347837	-6.49162e-05	0.0625849	-0.0152804	0.0174908
-0.00181233	-0.00143623	-0.00222051	-0.00430778	-0.0319579	0.00989446	-6.63718e-05	0.0192919	-0.00399108	0.0166059
-0.00386637	-0.00419287	-0.000975136	-0.00453038	-0.0437522	0.00606109	-0.000403829	0.0306367	-0.00967735	0.0307005
-0.00656628	-0.00417083	-0.00119642	-0.00613668	-0.0348444	-0.00330491	-0.000418076	0.146637	-0.00801995	-0.0819794
-0.00988314	-0.00202847	-0.000973157	-0.00860383	-0.108577	-0.0121449	-0.000832128	0.127351	-0.00665306	0.0223461
-0.009751	-0.000509214	-0.00112044	-0.00693035	-0.0545478	-0.00885996	-0.000774968	0.12542	-0.00619357	-0.0367321
-0.00563871	-0.000328094	-0.000965944	-0.0082889	-0.0339057	-0.00674352	-0.00054911	0.105554	-0.00328769	-0.0458466
-0.00439235	-0.00545471	-0.00131655	-0.00614091	-0.0305189	-0.0084865	-0.000521193	0.137807	-0.00330275	-0.0776727
-0.00454337	-0.0166289	-0.000809868	-0.0038826	-0.040924	-0.00626141	-0.000346572	0.168962	-0.00384029	-0.0917245
-0.00225422	-0.000284903	-0.000510262	-0.0028247	-0.0337583	-0.00670676	-0.000199707	0.1205	-0.00254156	-0.0714193
-0.0042767	-9.00803e-05	-0.00554325	-0.00144601	-0.00634548	-0.015775	-0.000190093	0.0394505	-0.00315023	-0.00263366
-0.0113596	-2.90758e-05	-0.00368548	-0.000435259	-0.00425444	-0.00689654	-8.17647e-05	0.0180862	-0.00161558	0.0102715
-0.0336527	-5.16938e-05	-0.0117391	-0.000276704	-0.00999824	-0.00551334	-0.000203423	0.0529837	-0.00142177	0.00987323
-0.0076907	-3.33448e-06	-0.000135171	-2.81096e-05	-0.00225346	-0.00123849	-1.96548e-05	0.0182357	-0.000294056	-0.00657276
0.0	0.0	0.0	0.0	0.0	0.0	0.0	0.0	0.0	0.0
0.0	0.0	0.0	0.0	0.0	0.0	0.0	0.0	0.0	0.0
0.0	0.0	0.0	0.0	0.0	0.0	0.0	0.0	0.0	0.0
0.0	0.0	0.0	0.0	0.0	0.0	0.0	0.0	0.0	0.0
