0.0	0.0	0.0	0.0	0.0	0.0	0.0	0.0	0.0	0.0
0.0	0.0	0.0	0.0	0.0	0.0	0.0	0.0	0.0	0.0
0.0	0.0	0.0	0.0	0.0	0.0	0.0	0.0	0.0	0.0
0.0	0.0	0.0	0.0	0.0	0.0	0.0	0.0	0.0	0.0
0.0	0.0	0.0	0.0	0.0	0.0	0.0	0.0	0.0	0.0
0.0	0.0	0.0	0.0	0.0	0.0	0.0	0.0	0.0	0.0
0.0	0.0	0.0	0.0	0.0	0.0	0.0	0.0	0.0	0.0
0.0	0.0	0.0	0.0	0.0	0.0	0.0	0.0	0.0	0.0
0.0	0.0	0.0	0.0	0.0	0.0	0.0	0.0	0.0	0.0
0.0	0.0	0.0	0.0	0.0	0.0	0.0	0.0	0.0	0.0
0.0	0.0	0.0	0.0	0.0	0.0	0.0	0.0	0.0	0.0
0.0	0.0	0.0	0.0	0.0	0.0	0.0	0.0	0.0	0.0
-3.73874e-06	-6.44506e-06	-0.000677448	-6.47391e-05	-0.004591	-9.61549e-05	0.00631239	-6.85317e-06	-0.00015657	-0.000709448
-2.28191e-05	-1.52791e-05	-0.00110967	-0.000157195	-0.010194	-0.000211328	0.0136842	-1.9617e-05	-0.000352561	-0.0016017
-1.62832e-05	-1.29828e-06	0.00041586	-1.718e-05	-0.000157284	-8.70594e-07	-0.000153293	-5.13105e-06	-1.08247e-05	-5.36942e-05
-6.78468e-07	-5.40951e-08	1.73275e-05	-7.15832e-07	-6.55348e-06	-3.62747e-08	-6.38721e-06	-2.13794e-07	-4.51031e-07	-2.23726e-06
0.0	0.0	0.0	0.0	0.0	0.0	0.0	0.0	0.0	0.0
0.0	0.0	0.0	0.0	0.0	0.0	0.0	0.0	0.0	0.0
0.0	0.0	0.0	0.0	0.0	0.0	0.0	0.0	0.0	0.0
0.0	0.0	0.0	0.0	0.0	0.0	0.0	0.0	0.0	0.0
0.0	0.0	0.0	0.0	0.0	0.0	0.0	0.0	0.0	0.0
0.0	0.0	0.0	0.0	0.0	0.0	0.0	0.0	0.0	0.0
0.0	0.0	0.0	0.0	0.0	0.0	0.0	0.0	0.0	0.0
0.0	0.0	0.0	0.0	0.0	0.0	0.0	0.0	0.0	0.0
0.0	0.0	0.0	0.0	0.0	0.0	0.0	0.0	0.0	0.0
0.0	0.0	0.0	0.0	0.0	0.0	0.0	0.0	0.0	0.0
0.0	0.0	0.0	0.0	0.0	0.0	0.0	0.0	0.0	0.0
0.0	0.0	0.0	0.0	0.0	0.0	0.0	0.0	0.0	0.0
0.0	0.0	0.0	0.0	0.0	0.0	0.0	0.0	0.0	0.0
0.0	0.0	0.0	0.0	0.0	0.0	0.0	0.0	0.0	0.0
0.0	0.0	0.0	0.0	0.0	0.0	0.0	0.0	0.0	0.0
0.0	0.0	0.0	0.0	0.0	0.0	0.0	0.0	0.0	0.0
-5.17848e-09	-3.36625e-08	-1.13497e-05	-9.64847e-09	-5.06739e-05	-1.05934e-07	6.44408e-05	-8.09471e-08	-7.14434e-07	-1.46742e-06
-1.12215e-07	-9.93157e-08	-3.57534e-05	-4.25431e-08	-0.000437592	-3.18977e-07	0.000481884	-7.91296e-07	-2.12327e-06	-5.05054e-06
-1.97529e-05	-1.07681e-07	-0.000436828	-7.50562e-06	-0.0422846	-1.81902e-05	0.0429913	-6.02792e-05	-5.2369e-06	-0.000158841
-4.07505e-05	-6.88951e-05	-0.00105691	-1.77845e-05	-0.0945001	-3.3827e-05	0.0966429	-0.000475816	-5.93264e-05	-0.000389511
-6.10613e-05	-0.0033111	-0.00252732	-0.000181052	-0.0955803	-0.000103684	0.106153	-0.00270864	-0.000842203	-0.000838008
-0.000198544	-0.00271185	-0.004663	-0.000192748	-0.0393707	-0.000186805	0.0502967	-0.00145073	-0.000890866	-0.00063138
-0.00254385	-0.00164848	-0.00771489	-0.000204638	-0.0499068	-0.000794601	0.0670281	-0.000931779	-0.000879685	-0.00240339
0.0269712	-0.000743287	-0.0269946	-0.000376105	-0.0879523	-0.000931816	0.109987	-0.00758999	-0.00149521	-0.0108749
0.0574668	-0.000696822	-0.0295292	-0.00140957	-0.168255	-0.00698978	0.191686	-0.0212439	-0.0015219	-0.0195067
0.0240698	-0.000510301	-0.0184584	-0.000879379	-0.0824389	-0.0064865	0.100666	-0.00567691	-0.00188663	-0.00839898
-0.00109929	0.0206752	0.00546429	-0.0065952	-0.0247589	-0.00289725	0.0155933	-0.000371463	-0.003423	-0.00258774
0.0215095	0.0311119	0.031872	-0.00859388	-0.10651	-0.00358332	0.0489597	-0.000951312	-0.0027346	-0.0110795
0.061672	-0.00821276	0.0762486	-0.00251792	-0.114512	-0.00383865	0.0228659	-0.0019768	-0.00351909	-0.0262089
0.0289247	-0.0043979	0.0112328	-0.000852163	-0.0452721	-0.00236629	0.0317081	-0.000904587	-0.0030994	-0.0149732
-0.00139088	-0.000282737	-0.0227092	-0.000205406	-0.0172321	-0.00329374	0.0490619	-0.00015391	-0.00171928	-0.00207466
-0.000722001	-7.33225e-05	-0.0164998	-0.00013061	-0.0327397	-0.00314939	0.0564067	-0.000210786	-0.00130246	-0.00157863
-0.000326229	-9.60578e-05	-0.00677273	-0.000129878	-0.0263611	-0.00161911	0.0376	-0.000103723	-0.000786567	-0.00140465
-0.000134351	-0.000227599	-0.0035921	-6.73188e-05	-0.0262199	-0.000327057	0.0319737	-8.97945e-06	-0.000934789	-0.000461626
-1.77111e-05	-1.97091e-05	-0.000389376	-5.36629e-06	-0.0357132	-1.411e-05	0.0365663	-2.29531e-05	-0.000130486	-0.0002534
-2.30179e-06	-1.46632e-06	-0.000174693	-6.92523e-07	-0.0126788	-1.30554e-05	0.0130883	-3.17109e-05	-5.3167e-05	-0.000132419
0.0	0.0	0.0	0.0	0.0	0.0	0.0	0.0	0.0	0.0
0.0	0.0	0.0	0.0	0.0	0.0	0.0	0.0	0.0	0.0
0.0	0.0	0.0	0.0	0.0	0.0	0.0	0.0	0.0	0.0
0.0	0.0	0.0	0.0	0.0	0.0	0.0	0.0	0.0	0.0
0.0	0.0	0.0	0.0	0.0	0.0	0.0	0.0	0.0	0.0
0.0	0.0	0.0	0.0	0.0	0.0	0.0	0.0	0.0	0.0
-3.87467e-08	-6.05793e-10	-5.695e-07	-2.50077e-09	-5.56651e-06	-8.8998e-07	8.72469e-06	-8.42481e-12	-1.25243e-06	-4.046e-07
0.00342017	-4.57775e-10	-2.54449e-05	-9.54219e-07	-0.00320939	-0.000113702	0.000366053	-0.00020724	-8.68688e-06	-0.0002208
0.00128882	-2.00865e-06	-0.000750527	-1.19566e-06	-0.00148522	-1.46416e-05	0.00115757	-7.28523e-05	-3.40315e-05	-8.59109e-05
-0.00038586	-9.31927e-06	6.8152e-05	-0.000299776	-0.00120177	-6.19309e-06	0.00187029	-3.07916e-06	-2.30733e-05	-9.37397e-06
-0.0213987	-5.24163e-05	-0.00113215	-0.00164946	-0.0430344	-5.32547e-05	0.0681146	-0.000441224	-0.00017158	-0.000181464
-0.0254582	-0.00190446	-0.00644402	-0.00316674	-0.139497	-0.000918472	0.181037	-0.00187667	-0.00089505	-0.000876549
-0.0209607	-0.0311361	0.024468	-0.0117129	-0.177257	-0.00381293	0.229604	-0.00457002	-0.00288761	-0.00173527
-0.0247799	-0.0611719	0.114957	-0.0199853	-0.145826	-0.0147238	0.172051	-0.00619264	-0.0105172	-0.00381072
-0.0231385	-0.0443288	0.0758135	-0.00711622	-0.253201	-0.0473155	0.349046	-0.0142549	-0.0216228	-0.0138803
-0.0379694	-0.0547351	0.126458	0.0344104	-0.273858	-0.0937614	0.396603	-0.0335001	-0.039742	-0.0239034
-0.0381987	0.0113159	0.0687011	0.0497017	-0.369157	-0.0986374	0.493891	-0.0340325	-0.0458878	-0.0376941
-0.0670049	0.148348	0.00744585	0.00432557	-0.263248	-0.106528	0.389795	-0.0156847	-0.0622928	-0.0351536
-0.120399	0.140045	0.0555912	-0.00672087	-0.159573	-0.117549	0.320562	-0.0196847	-0.060991	-0.0312778
-0.136602	0.277343	0.135589	-0.0605929	-0.231454	-0.073699	0.217472	-0.0242957	-0.0685716	-0.035185
-0.105475	0.178443	0.130755	-0.0478507	-0.279269	0.00287616	0.253109	-0.0122442	-0.0760681	-0.044273
-0.0936943	0.0473912	0.00975034	-0.0490097	-0.133018	0.0727998	0.238246	-0.00784384	-0.0553395	-0.0292804
-0.059964	-0.00895011	-0.0244012	-0.0705138	-0.108155	0.0702188	0.235719	-0.00403704	-0.0099373	-0.019979
-0.0432458	0.0264032	-0.089679	-0.0341798	-0.0750192	0.0105028	0.265918	-0.00220593	-0.0440474	-0.0144453
-0.0307149	-0.00745271	-0.032347	-0.0111476	-0.0596312	-0.0568166	0.221742	-0.00114532	-0.0164282	-0.00605812
-0.0158032	-0.00943494	-0.0325008	-0.0117325	-0.0531784	-0.0637908	0.211406	-0.000920663	-0.015686	-0.00835917
-0.00794333	-0.00353291	-0.0368523	-0.00849862	-0.0539149	-0.0348859	0.160965	-0.000645026	-0.0107993	-0.00389309
-0.00395857	-0.00185172	-0.00803294	-0.00215906	-0.0335078	-0.027711	0.0817976	-7.72553e-05	-0.00412747	-0.000371683
-0.000617288	-0.000565858	0.036657	-0.000192648	-0.00358202	-0.010471	-0.0190767	-3.16487e-05	-0.00208385	-3.5973e-05
-9.07262e-06	-2.51327e-05	0.0258079	-1.00467e-06	-0.000453269	-0.000968553	-0.0235858	-2.68537e-08	-0.000763456	-1.57864e-06
0.0	0.0	0.0	0.0	0.0	0.0	0.0	0.0	0.0	0.0
0.0	0.0	0.0	0.0	0.0	0.0	0.0	0.0	0.0	0.0
0.0	0.0	0.0	0.0	0.0	0.0	0.0	0.0	0.0	0.0
0.0	0.0	0.0	0.0	0.0	0.0	0.0	0.0	0.0	0.0
-8.67015e-08	0.000772547	-0.000105967	-3.8389e-05	-1.2284e-05	-8.05047e-06	-0.000423565	-1.0316e-08	-0.000183178	-1.01752e-06
0.00795243	0.000183818	-0.000209598	-3.29319e-05	-0.0103522	7.08593e-05	0.00420841	-0.00060675	-0.000460595	-0.00075343
-0.00756747	-7.82014e-05	-0.00393913	-0.0038539	-0.00444729	0.01347	0.0079684	-0.00103095	-0.000234869	-0.000286554
-0.0658956	-0.00364772	-0.0039844	0.107384	-0.00626959	-0.0467002	0.0259958	-0.00187279	-0.00409133	-0.000917847
-0.0908006	-0.00283033	-0.00199638	0.0831752	-0.0767213	-0.0307104	0.132167	-0.002816	-0.00801516	-0.00145184
-0.100912	-0.0238012	0.0485334	0.12303	-0.138555	-0.0463944	0.180714	-0.0141834	-0.0249144	-0.0035155
-0.0248287	-0.0710739	0.154004	0.148086	-0.272009	-0.0586699	0.211993	-0.0440357	-0.0321398	-0.0113233
-0.0600906	-0.106127	0.413817	0.0695293	-0.360494	-0.0835298	0.234107	-0.0532003	-0.0262283	-0.0277787
-0.0325081	-0.173498	0.362066	0.172451	-0.357162	-0.0563131	0.275236	-0.0975754	-0.0422946	-0.0503955
0.0339216	-0.281636	0.437178	0.387785	-0.427652	-0.134638	0.313492	-0.149831	-0.10173	-0.076885
0.00617445	-0.137572	0.401559	0.464679	-0.621326	-0.0504917	0.264355	-0.11496	-0.108212	-0.104202
0.129805	-0.0712611	0.512495	0.26594	-0.731667	-0.0774214	0.318217	-0.110227	-0.0883975	-0.147481
0.123142	-0.117215	0.305782	0.504276	-0.533493	-0.0547217	0.266728	-0.112873	-0.201876	-0.179751
0.0688439	0.0468472	0.222207	0.391793	-0.512288	0.0685229	0.215967	-0.103719	-0.187866	-0.210308
0.0884814	0.126922	0.32104	0.276777	-0.442371	-0.0387738	0.0509571	-0.0788587	-0.129232	-0.17494
-0.0123374	-0.0678897	0.200303	0.248892	-0.288035	0.0737105	0.0332304	-0.0545242	-0.0223754	-0.110974
-0.163454	-0.205748	-0.112912	0.317559	-0.215973	0.222546	0.179958	-0.0462557	0.0600042	-0.035723
-0.189499	-0.142267	-0.140575	0.275516	-0.0449284	0.212854	0.220701	-0.0257021	-0.120807	-0.0452904
-0.115501	-0.169533	-0.221846	0.30231	0.0160329	0.273783	0.0525369	-0.0237807	-0.0750676	-0.038931
-0.13401	-0.145905	-0.165331	-0.0586872	0.0175241	0.259705	0.21717	-0.0131837	0.0444582	-0.021737
-0.0996725	-0.114282	-0.157255	-0.138737	0.0271151	0.123931	0.284	-0.00372228	0.0848463	-0.00622229
-0.0477286	-0.0794001	-0.128108	-0.0790793	0.0224032	-0.0502722	0.281268	-0.00119178	0.0845736	-0.00246389
-0.018225	-0.0656491	-0.0131865	-0.0240095	-0.0106967	-0.0281878	0.146652	-0.00046323	0.014364	-0.000598068
-0.0027948	-0.0196604	0.0205522	-0.000369029	-0.000530014	0.0510216	-0.051709	-5.60649e-06	0.00353367	-3.86097e-05
-0.00132019	-0.0260319	-0.000435035	-2.10957e-05	-0.000207714	0.00929924	0.0215219	-1.66891e-07	-0.00280214	-2.90919e-06
0.0	0.0	0.0	0.0	0.0	0.0	0.0	0.0	0.0	0.0
0.0	0.0	0.0	0.0	0.0	0.0	0.0	0.0	0.0	0.0
-2.44284e-08	-1.91744e-08	-1.80098e-05	2.88887e-05	-1.55365e-07	-9.61572e-06	-2.48828e-08	-1.40129e-08	-1.01181e-06	-1.36948e-08
-3.34262e-05	0.00264446	-0.00099301	0.00128905	-4.383e-06	-0.00120992	-0.0015408	-6.12539e-08	-0.000149777	-2.12887e-06
-0.000390615	0.000270892	-0.00755905	0.0201217	-0.00131144	-0.00718247	-0.00335363	0.000535719	-0.000921191	-0.000209934
-0.00984489	0.00704634	-0.0473473	0.0652339	0.0171487	-0.0434342	0.0202869	-0.00275258	-0.00572586	-0.000610885
-0.0964771	0.0503715	0.0101097	0.268634	0.0202013	-0.193076	0.0143977	-0.0296238	-0.0372184	-0.00731783
-0.101446	0.0380877	0.149351	0.291976	-0.0597826	-0.214697	0.00947192	-0.0361604	-0.0669296	-0.00986756
-0.0291031	-0.0254716	0.111035	0.320626	-0.0802564	-0.157978	0.028159	-0.0700526	-0.0671437	-0.0298119
0.00777723	-0.0412999	0.206551	0.451212	-0.241285	-0.340818	0.13094	-0.112647	0.0106981	-0.0711242
0.098124	-0.0708969	0.395772	0.380574	-0.325839	-0.270231	0.015249	-0.200496	0.124852	-0.147104
0.094988	-0.110705	0.34475	0.46728	-0.460723	-0.0477855	0.0290519	-0.295402	0.160672	-0.182124
0.175922	-0.279583	0.40601	0.531634	-0.447915	0.125626	-0.0974053	-0.332354	0.190632	-0.272566
-0.0228175	-0.125603	0.37664	0.430029	-0.350607	0.0538862	-0.106651	-0.296094	0.394865	-0.353646
0.0297018	0.202776	0.201477	0.469731	-0.175092	-0.209014	-0.0318409	-0.305148	0.144236	-0.32683
-0.0679448	0.185219	0.340656	0.327753	-0.344737	0.00672597	-0.0427287	-0.362785	0.382062	-0.424223
0.0765552	-0.00171617	0.165968	0.328666	-0.437573	0.380996	-0.109073	-0.341246	0.386881	-0.449459
-0.0782802	0.0670636	0.143925	0.384842	-0.18907	0.114832	0.0703777	-0.324827	0.292588	-0.481451
0.0788888	-0.040935	0.0826597	0.134009	-0.0966803	0.15535	0.142038	-0.281656	0.152851	-0.326525
-0.0482851	-0.192591	0.0125118	0.316092	-0.097189	0.366725	0.0164703	-0.227783	0.10598	-0.251932
-0.1215	0.122295	-0.158518	0.109415	0.180032	0.147965	0.0353254	-0.149317	0.100548	-0.266247
-0.109386	0.0829148	-0.144177	0.0190839	0.291029	-0.194333	0.099164	-0.109701	0.239857	-0.174451
-0.127099	0.0134782	-0.318745	-0.124138	0.273396	0.244242	0.190272	-0.0363928	0.0679042	-0.182916
-0.0996122	-0.0833081	-0.393466	-0.0949875	0.309913	0.142761	0.298184	-0.0458014	0.0678727	-0.10155
-0.164806	-0.115741	-0.329374	-0.24789	0.306292	0.346986	0.26967	-0.0215344	-0.00835401	-0.0352459
-0.181079	-0.247242	-0.162602	-0.0399318	0.193923	0.405799	-0.0584462	-0.005927	0.105137	-0.00962892
-0.0505722	-0.124423	-0.00869072	-0.00407569	0.00774602	0.149108	-0.0554889	-0.00129982	0.0904406	-0.00274406
-0.00580409	-0.0152272	-0.00521954	-0.000107256	-0.020793	0.0226575	-0.00697404	-0.000326242	0.0330363	-0.0012423
-0.000104007	-0.00827857	-0.00464434	-2.56453e-05	-0.00347799	-0.00364415	0.0165048	-1.98152e-05	0.00383736	-0.000147671
0.0	0.0	0.0	0.0	0.0	0.0	0.0	0.0	0.0	0.0
0.0	0.0	0.0	0.0	0.0	0.0	0.0	0.0	0.0	0.0
-0.00031171	0.0002923	0.000417133	0.00220547	-8.77321e-05	-0.00231318	9.54099e-05	-6.86889e-06	-0.000288246	-2.58181e-06
-0.00394949	0.00752531	-0.00518289	0.0955629	0.00143413	-0.0430668	-0.0358683	-0.0013602	-0.0113326	-0.00376216
-0.0284638	0.0181711	0.00761738	0.209688	0.0125917	-0.176969	0.0282506	-0.0184243	-0.0400642	-0.0123959
-0.13116	0.124896	0.0079068	0.425587	0.0448717	-0.256248	-0.152406	0.103383	-0.127239	-0.0395863
-0.0310879	0.0596901	0.035336	0.413541	-0.0117178	-0.304655	-0.0904736	0.12885	-0.108917	-0.090563
-0.0260214	-0.130702	0.116006	0.29714	-0.0415008	-0.104803	-0.102937	0.13296	-0.00572103	-0.13442
0.0380536	-0.322338	0.229692	0.147109	-0.0497087	-0.146438	0.1002	0.182076	-0.00785225	-0.170792
0.0584539	-0.358376	0.10462	0.16276	0.00291253	0.0995016	-0.0152513	0.0999321	0.0890182	-0.243572
0.242849	-0.24026	0.188035	0.135289	-0.189789	0.185952	0.0408508	-0.120717	-0.127311	-0.114899
0.138898	-0.324135	0.274954	0.149453	-0.147822	0.104764	-0.452117	-0.187515	0.253188	0.19033
-0.0337916	-0.227801	0.179712	0.0992288	-0.0878441	0.019068	-0.271961	-0.0808748	0.277169	0.127095
0.186922	-0.0223916	0.126376	0.0978271	-0.312451	-0.0198826	-0.308157	-0.121316	0.163914	0.209156
0.227375	0.0234927	0.113241	0.0251924	-0.048675	-0.12934	-0.00113239	-0.30543	0.257285	-0.162009
0.159853	0.191667	0.17066	0.191296	-0.0479588	-0.132688	-0.207888	-0.392352	0.111058	-0.0436467
0.119364	-0.133818	0.329389	0.356288	0.0502983	0.0647183	-0.171948	-0.320649	0.146972	-0.440613
0.344568	-0.206915	0.171403	-0.0699591	-0.0857891	0.17345	-0.0081321	-0.380438	0.403358	-0.341542
0.35986	0.00625765	0.127837	-0.00841215	0.0777397	0.158088	0.117774	-0.408464	-0.149108	-0.281573
0.062334	0.0420228	-0.0161203	0.139147	0.174531	0.0189616	0.185654	-0.523293	0.148226	-0.231465
-0.129337	0.13322	0.0376373	0.0235063	0.0712834	0.277427	0.0832862	-0.508873	0.236595	-0.224745
-0.00933256	0.306749	0.0316144	-0.113835	0.0675474	0.123302	0.0990746	-0.309012	0.0720538	-0.268162
-0.000186098	0.259411	-0.134245	-0.0922411	0.241818	0.301994	0.00807405	-0.212227	-0.0355218	-0.336874
-0.233281	0.118573	-0.281786	-0.24555	0.444586	0.382998	0.279447	-0.107872	-0.143824	-0.213289
-0.279515	-0.0126892	-0.24734	-0.0884881	0.119779	0.462611	0.0933476	-0.0319593	0.0721002	-0.0878443
-0.116322	-0.157457	-0.0570351	-0.0223512	-0.0491067	0.302105	-0.0604069	-0.0101631	0.199743	-0.0290049
-0.033441	-0.0320063	-0.0189492	-0.00192037	-0.0317037	0.0716638	0.0358573	-0.00423644	0.0187565	-0.00402049
-0.0120865	-0.0108161	-0.006824	-0.000101395	-0.000366641	0.00819605	0.0246436	-0.000146907	-0.00246295	-3.51122e-05
0.0	0.0	0.0	0.0	0.0	0.0	0.0	0.0	0.0	0.0
-4.55441e-06	-1.44558e-06	-4.78843e-05	0.000590341	-1.46518e-06	-4.9366e-05	-2.52564e-07	-1.09285e-05	-4.98531e-05	-0.000424591
-0.00119	-0.0204853	-0.00824016	0.0061893	-0.00275166	0.00394871	-0.00140955	0.0317138	-0.00406484	-0.00371022
-0.00340042	0.00199682	0.00796917	0.13163	-0.0365068	-0.137012	-0.038874	0.139532	-0.0376534	-0.0276806
-0.0441412	0.0149795	0.106308	0.1783	0.0188853	-0.219038	0.0263756	0.0977794	-0.0915642	-0.0878821
-0.0300833	-0.0235238	0.0792734	0.22889	0.167565	-0.170762	-0.109542	0.209057	-0.0984387	-0.252431
0.0150268	-0.0947269	0.15662	0.249037	0.116725	-0.0979948	-0.240114	0.328025	-0.157754	-0.274841
0.0407443	-0.240736	0.122472	0.0685036	0.083958	0.044269	-0.0464713	0.322445	-0.0758244	-0.31936
-0.0195532	-0.365067	0.0824659	0.192176	-0.0168644	0.00283189	-0.0429436	0.355399	0.0193919	-0.207836
-0.232533	-0.457703	0.252912	0.328992	0.100821	-0.0721655	-0.171529	0.205317	0.0663655	-0.0204773
0.0144811	-0.194406	0.224427	0.366668	-0.151677	-0.0576554	-0.361735	0.295969	-0.0975721	-0.0384972
-0.0234417	-0.0536446	-0.0361383	0.182738	-0.302064	-0.0990114	-0.299688	0.414141	0.0222459	0.194862
-0.189753	-0.219292	0.0581135	0.0177749	-0.208113	0.016453	-0.165368	0.271576	0.314607	0.104003
0.262106	-0.28056	0.0503688	0.356353	-0.363622	-0.0170264	-0.380206	-0.0358664	0.0576767	0.350778
0.198458	-0.212192	0.0197653	0.14564	-0.420878	0.184757	-0.253905	-0.0277233	0.0532747	0.312804
-0.023689	-0.268271	0.0937283	0.138914	-0.459233	-0.0407457	-0.105887	0.085866	0.36868	0.210638
0.0843983	-0.235203	0.17671	0.243161	-0.375392	-0.124064	-0.250661	0.0469269	0.0773588	0.356763
0.205181	-0.347167	-0.012482	-0.0069714	-0.205754	0.00909354	-0.208615	0.126068	0.155364	0.285282
0.346693	-0.0813594	-0.0243315	0.30377	-0.39382	0.105398	-0.387231	0.0205803	-0.192189	0.30249
0.0716914	-0.201168	-0.109313	-0.12895	-0.0515212	0.283913	-0.186535	-0.0694473	0.368683	0.022648
0.0949309	0.0515927	-0.167896	0.0897528	-0.179869	0.14733	-0.0827979	-0.106867	0.0816031	0.0722212
0.314778	0.0860745	-0.0837873	0.108947	-0.0951525	-0.0809199	-0.0984802	-0.0287336	-0.0477166	-0.0750083
0.364589	0.0942195	-0.173263	-0.0800134	0.233283	0.162841	-0.0759884	-0.15523	-0.0861532	-0.284283
-0.0293932	0.103859	-0.442082	-0.162914	0.48822	0.284405	0.0454729	-0.218114	0.229799	-0.299256
-0.405294	-0.00293947	-0.259754	-0.071819	0.135962	0.755906	0.0311377	-0.096048	0.107842	-0.194992
-0.281312	-0.121046	-0.0680621	-0.0488833	-0.0215922	0.439845	-0.04718	-0.0422399	0.254112	-0.0636385
-0.126563	-0.0161319	-0.0110973	-0.0052922	0.0520144	0.155777	-0.0454471	-0.0128611	0.0329997	-0.0233973
-0.0337461	-0.000317891	-0.000536124	-0.000391264	-0.00173339	0.046911	-0.00253923	-0.000700998	-0.00620315	-0.000742826
0.0	0.0	0.0	0.0	0.0	0.0	0.0	0.0	0.0	0.0
-0.000303011	-0.00178218	-0.0016863	0.0164618	-0.000930143	-0.00182561	-8.41974e-05	0.00607213	-0.0041939	-0.0117286
-0.000665455	-0.0307958	0.0235522	-0.0215038	-0.00414306	-0.0171021	-0.00605529	0.0791207	-0.00734441	-0.0150629
-0.00550991	-0.0152008	0.0526491	0.0649405	-0.0152041	-0.153804	-0.0478313	0.248374	-0.0407381	-0.0876735
-0.0783006	-0.00341161	0.272693	0.336586	0.0866565	-0.475587	0.018234	0.12759	-0.0474001	-0.237055
-0.0188373	-0.132612	0.177938	0.454019	0.276473	-0.305722	-0.0828436	0.0848714	-0.0182881	-0.434992
0.0606095	-0.236645	0.317692	0.19667	0.129046	-0.0536129	-0.29646	0.295824	-0.0971797	-0.315941
-0.0182842	-0.271292	-0.0587245	0.0943411	0.15196	0.154835	0.00895256	0.287756	-0.0203794	-0.329165
-0.200486	-0.50773	0.177913	0.116509	0.0209847	0.230361	-0.0624051	0.128723	0.174096	-0.0779642
0.028279	-0.329569	-0.024232	0.118031	0.0454982	0.0310892	-0.165733	0.246356	-0.00145373	0.0517337
0.0238077	-0.113716	-0.136603	0.00105862	-0.20291	0.22919	-0.254501	0.345054	0.112244	-0.00362379
0.097284	-0.215878	0.0588975	-0.00632391	-0.153586	0.13399	-0.078288	0.263886	-0.184147	0.0841655
0.00541887	-0.0541366	-0.0774976	0.160831	-0.480064	0.0664807	-0.138951	0.231725	-0.119724	0.405918
0.161496	-0.235511	0.281676	0.0263005	-0.322673	-0.19318	-0.313467	0.160202	-0.0430971	0.478259
0.0652199	-0.115696	0.0913249	0.325324	-0.41401	0.209209	-0.114616	-0.0831617	-0.387594	0.424002
-0.0512131	-0.412045	-0.0742693	0.27446	-0.350543	-0.183919	-0.122227	0.134805	0.263629	0.521324
-0.00532627	-0.223683	0.0472278	0.0403485	-0.392752	0.140198	-0.364802	0.225273	0.0105889	0.522926
0.300281	-0.212323	-0.264649	0.194796	-0.118872	0.0818619	-0.253549	0.272472	-0.277755	0.277741
0.328661	-0.298773	-0.0516462	-0.110968	-0.289687	0.0821463	-0.340086	0.356246	0.131636	0.19247
0.184998	-0.0680614	-0.0894379	0.0876775	-0.0561785	0.0693338	-0.319736	0.173484	-0.0944553	0.112375
-0.00223048	0.0768131	-0.202265	0.0300551	-0.0952886	0.0684331	-0.292352	0.31007	-0.0552577	0.162022
0.0205778	-0.0568652	0.00275774	-0.206999	-0.0917976	0.160832	-0.210782	0.169767	0.169244	0.0432656
0.101777	-0.0705393	0.159741	-0.209436	0.176742	0.190981	-0.304532	0.124026	-0.00552438	-0.163236
0.214233	-0.11075	-0.518895	-0.257956	0.392171	0.339279	-0.196221	0.00926398	0.355276	-0.226401
-0.161046	-0.329796	-0.393836	-0.194335	0.166148	0.708678	0.050809	-0.0646555	0.445878	-0.227839
-0.319082	-0.196033	-0.0881857	-0.0629866	0.00866983	0.770819	-0.109157	-0.0656308	0.161298	-0.0997096
-0.147227	-0.00778749	-0.0160081	-0.00442147	0.0699413	0.151324	-0.0418122	-0.0126753	0.0489823	-0.0403163
-0.0107048	-0.0037547	-0.00116636	-0.00031989	-0.00234608	0.0229235	-0.0093363	-0.000490038	0.00626469	-0.00107007
0.0134017	-2.7323e-07	-0.000234804	-7.55072e-07	-0.000462738	-5.31044e-06	-7.47626e-06	-0.00845485	-2.1056e-05	-0.00421446
-0.000339215	-0.00150251	0.00126336	-0.0070113	-0.0136029	-0.00149203	-0.000257062	0.0647354	-0.00446645	-0.0373272
0.00189555	-0.0186738	0.00844208	-0.0189507	0.0135179	-0.0206547	-0.00572629	0.12345	-0.010915	-0.0723843
0.00840555	-0.00390345	0.035572	0.0852888	-0.00129522	-0.162154	-0.0420904	0.336078	-0.0132875	-0.242611
-0.109279	-0.0297609	0.306792	0.38273	0.048826	-0.621299	0.0173341	0.303835	0.0282986	-0.327468
-0.0637629	-0.0891297	0.0965612	0.220183	0.217163	-0.333478	-0.134444	0.270572	0.122147	-0.305806
-0.0384412	-0.222767	0.0406015	0.075108	0.05775	-0.0780716	-0.251255	0.252991	0.199453	-0.0353684
-0.0825087	-0.20086	0.0179451	0.104557	0.0873661	-0.172813	-0.158906	0.503194	0.205736	-0.303711
-0.0229807	-0.45265	0.0632026	-0.0117853	-0.123576	0.137288	-0.171907	0.28983	0.0271928	0.265386
0.223205	-0.480649	-0.0774143	-0.0440337	0.116216	0.0636364	-0.136444	0.186573	0.195138	-0.0462255
-5.96078e-05	-0.25327	0.238911	0.0962401	-0.180855	0.121351	-0.20397	0.0998352	0.109926	-0.0281075
-0.0283091	-0.281712	0.0763192	0.0630357	-0.0384953	0.115966	-0.135953	0.371728	-0.0444791	-0.0980999
0.204988	-0.074123	-0.105889	0.124116	-0.262759	-0.0362449	-0.185522	0.39861	0.254156	-0.317328
-0.00322421	0.0364541	-0.0935027	0.108474	-0.31605	-0.0875481	-0.229743	0.0407756	0.338846	0.205519
0.216231	-0.0125395	-0.00763839	0.232747	-0.432786	-0.0638308	-0.41492	0.246426	-0.205812	0.442125
0.282278	0.00894624	-0.0414578	0.182638	-0.271023	-0.183862	-0.491397	0.340274	-0.0876693	0.261275
0.576656	-0.295701	-0.101002	0.083067	-0.484708	0.00116106	-0.467511	0.312096	0.158186	0.217757
0.304029	0.113844	-0.0509071	0.121938	-0.253489	0.0128439	-0.382783	0.204014	-0.0791544	0.00966583
0.148825	-0.199995	-0.23507	0.3319	-0.0446409	-0.057858	-0.638876	0.44456	0.10432	0.146836
0.0591128	-0.0877429	0.183371	0.0892616	-0.105527	0.121905	-0.525373	0.113059	0.160644	-0.00871161
0.221062	-0.236928	0.0347537	0.0941752	-0.0645289	0.27596	-0.37366	0.230027	0.0445095	-0.22537
0.0793002	-0.265679	-0.112113	0.0701724	-0.0394757	0.168034	-0.277912	-0.0251921	0.186305	0.216557
0.214046	-0.263725	-0.0388652	0.307976	-0.146625	0.0506664	-0.451904	0.231574	0.0915447	0.00530882
0.449711	-0.458979	-0.0496814	-0.497172	0.13159	0.642162	-0.474803	0.119247	0.315567	-0.17764
0.0724204	-0.490252	-0.443713	-0.401633	0.0771506	1.12841	-0.304017	-0.114745	0.640854	-0.164473
-0.329137	-0.219111	-0.158929	-0.0873463	0.085511	0.870313	-0.213756	-0.109344	0.276564	-0.114759
-0.125443	-0.0169055	-0.0229212	-0.0061117	-0.0525428	0.240764	-0.117726	-0.0180455	0.157432	-0.0385003
-0.00768232	-0.00281031	-0.00241776	-9.71771e-05	-0.00213329	0.00881322	-0.0109262	-0.00423585	0.023232	-0.00174239
-3.90144e-06	-2.45328e-05	-1.08117e-05	-0.000151252	-0.000645088	-7.26377e-05	-3.15104e-06	0.00240376	-2.43503e-05	-0.00146803
-0.000479201	-8.12623e-05	-0.00109322	-0.0059821	-0.013776	-0.00152547	-0.000136208	0.0758843	-0.00322464	-0.0495862
0.00696463	-0.0121648	-0.0255171	0.0371348	0.00493908	-0.0097215	-0.00963648	0.13823	-0.0264468	-0.103781
0.0310744	-0.00899257	0.0610122	0.177386	-0.125788	-0.179879	-0.0524153	0.383884	-0.040219	-0.246059
-0.0644892	-0.0869932	0.210321	0.526688	-0.200751	-0.489565	0.0431784	0.405158	0.0357871	-0.379329
-0.0433629	-0.238088	0.377412	0.183307	-0.0411376	-0.322243	-0.224151	0.252247	0.104512	-0.048493
-0.105003	-0.24777	-0.036374	0.146345	-0.0951125	-0.091517	-0.240211	0.203365	0.225039	0.241239
-0.140439	-0.155284	-0.0853766	0.239244	-0.0658725	-0.0104073	-0.053946	0.152775	0.131054	-0.011749
-0.113487	-0.270174	-0.0780359	0.162963	-0.0217901	0.132108	-0.159523	0.118507	0.16435	0.0650817
0.0635388	-0.41564	0.103564	0.0820498	-0.0158399	-0.0495762	-0.202434	0.240582	0.199915	-0.00615995
0.160153	-0.228604	0.23541	-0.0631012	-0.272546	0.183259	-0.31265	-0.0166882	0.0493342	0.265433
-0.0601148	-0.128208	-0.00795356	-0.30943	-0.0861869	0.368542	-0.114219	0.188057	0.0563304	0.0931826
0.018242	-0.138413	0.0309372	-0.241682	-0.158637	0.251116	-0.211691	0.489457	-0.0875631	0.0482363
0.301085	0.0688509	0.0311028	-0.152987	-0.166711	-0.0661439	-0.429152	0.280219	0.0506156	0.0831213
0.0103044	0.187676	0.0980027	0.240937	-0.660664	-0.223124	-0.222775	0.591352	-0.227083	0.205377
-0.20393	0.517956	0.218901	0.418261	-0.355291	-0.406672	-0.4457	0.410463	-0.486571	0.332589
0.192735	0.151919	0.260372	0.284687	-0.0504214	-0.381237	-0.602015	0.293762	-0.113853	-0.0359466
0.355576	0.0118189	-0.0457306	0.15388	-0.172682	-0.149918	-0.736296	0.533189	0.0559641	-0.00579698
0.270161	-0.122387	0.0324493	0.0885129	0.0515274	-0.012218	-0.637519	0.286541	-0.0581014	0.101036
0.325971	-0.24112	-0.0464706	0.240073	-0.0723363	-0.0447879	-0.58088	0.318001	0.013553	0.087999
0.266385	-0.375552	-0.0611577	0.286697	0.0819862	0.0203437	-0.366411	0.0236666	0.0530372	0.071006
-0.131454	-0.319044	-0.158959	0.185539	0.0638454	0.341233	-0.188235	0.295794	0.139579	-0.228299
-0.0592183	-0.405987	0.044226	0.401061	-0.0210863	0.252869	-0.496624	0.226097	0.0921137	-0.0334505
0.521653	-0.475837	-0.113825	-0.203912	-0.00323671	0.608179	-0.373177	-0.0362921	0.332057	-0.25561
0.314835	-0.321854	-0.44428	-0.392031	-0.266218	1.39104	-0.355653	-0.075983	0.375091	-0.224934
-0.306998	-0.160291	-0.119705	-0.0599193	-0.197616	1.13499	-0.344831	-0.0367173	0.236512	-0.145423
-0.11501	-0.0201457	-0.00820624	-0.0117832	-0.0763761	0.263168	-0.151361	0.014665	0.162383	-0.0573335
-0.00142861	-0.00273075	-0.00133136	-0.000464578	-0.00693561	0.015302	-0.00716406	0.0538012	-0.0452798	-0.00376845
-5.75442e-06	-2.85886e-05	-2.2301e-05	-0.000251576	-0.000752767	-9.18898e-05	-3.7174e-06	0.00323355	-3.36146e-05	-0.00204334
-0.000507389	-3.83054e-05	-0.000393107	-0.0038865	-0.0130895	-0.00137737	-4.87208e-05	0.0716635	-0.00172934	-0.0505933
0.0358111	-0.00626231	-0.0223399	0.0156921	-0.0316818	-0.0118379	-0.0326714	0.20719	-0.0198355	-0.134064
0.0138698	-0.0555246	0.0923415	0.292254	-0.126674	-0.154984	-0.0666182	0.315674	-0.106741	-0.203595
-0.0372404	-0.109953	-0.0479454	0.287576	-0.184762	-0.199847	-0.0497483	0.385187	0.182237	-0.2255
0.034318	-0.250455	0.360709	0.00765547	-0.187028	-0.165805	-0.204774	0.23964	0.0454765	0.120267
-0.0924543	-0.388247	0.402939	0.0101949	-0.185284	-0.062399	-0.17054	0.0918995	0.128734	0.265157
-0.131504	-0.282107	0.00578689	-0.0200102	-0.0591984	0.190047	0.0102373	0.060011	0.225164	0.00157349
-0.065351	-0.218466	-0.00272595	-0.239687	-0.0122443	0.342982	0.0238991	-0.155218	0.168192	0.15862
0.083249	-0.313434	-0.181484	-0.494646	0.156795	0.388101	-0.196369	0.128492	0.273321	0.155974
-0.105469	-0.0560143	0.0271747	-0.439898	0.00425174	0.25331	-0.102002	-0.0361441	0.275647	0.179142
0.106528	0.0956065	0.0720736	-0.515359	-0.00671101	0.258573	-0.131096	-0.213425	0.240956	0.0928567
-0.042226	-0.0371171	0.0274533	-0.562025	0.253167	0.381434	-0.294688	-0.262021	0.336937	0.19909
0.147658	0.342811	-0.178907	0.0284967	-0.305879	0.114815	-0.108137	0.23001	0.0262414	-0.297107
0.0697651	0.556247	0.032201	0.158656	-0.903133	0.0406265	-0.32673	0.455357	-0.0284629	-0.0545213
-0.165123	0.819019	-0.174969	0.0927117	-0.022755	-0.123885	-0.551229	0.534242	-0.291828	-0.116182
0.0513981	0.264273	0.033685	0.225037	-0.189365	-0.248899	-0.495634	0.696591	-0.346834	0.00974851
0.364386	0.120227	0.236739	0.237261	0.00474834	-0.485637	-0.472465	0.23674	-0.213735	-0.0282635
0.268955	-0.206137	0.0840145	0.231799	-0.0248557	-0.499505	-0.485218	0.340936	0.233116	0.0568985
0.0221852	-0.183365	-0.0599178	0.238628	0.149671	-0.402758	-0.492743	0.441636	0.26893	0.0177326
0.210678	-0.401696	-0.0924516	0.32615	-0.127402	-0.239902	-0.259968	0.425656	0.140311	0.0186249
0.12119	-0.307037	-0.104801	0.122561	-0.00926943	-0.0518798	-0.257384	0.428415	0.159032	-0.100828
0.229229	-0.378153	-0.0738326	0.2091	-0.0870657	0.00802263	-0.370418	0.272576	0.228333	-0.0377917
0.51277	-0.370487	-0.173706	-0.0550814	-0.484894	0.706905	-0.116853	-0.192755	0.302302	-0.128196
0.350653	-0.289531	-0.361998	-0.276422	-0.369365	1.66243	-0.259383	-0.137305	-0.00495085	-0.314122
-0.31842	-0.108635	-0.0651755	-0.0271078	-0.247629	1.4426	-0.443017	-0.0197119	-0.1014	-0.111502
-0.142907	-0.028496	0.0222155	-0.00680825	-0.0960802	0.403157	-0.15001	0.0101205	0.0429371	-0.0541284
-0.000617642	0.00123295	-0.000737115	-0.000156324	-0.00200137	0.00612754	-0.0203287	0.0133792	0.0102157	-0.00711419
-2.9439e-05	-5.70864e-06	-2.224e-05	-0.000163186	-0.0001112	-8.56176e-05	-4.2907e-06	0.00134733	-3.97029e-05	-0.000885941
0.00813447	0.000494926	-0.000707318	-0.00271144	-0.0279003	-0.0103995	-0.000204904	0.0986293	-0.00208929	-0.0632458
-0.00427246	-0.000144378	-0.0109518	0.0176148	-0.123225	-0.0214716	-0.00131764	0.378571	-0.0121589	-0.222643
-0.00105975	-0.0377906	-0.0404345	0.287333	-0.102124	-0.198868	-0.0705832	0.384384	-0.0209949	-0.199859
-0.180708	-0.0677592	-0.15089	0.252229	-0.256447	-0.0921936	-0.0312009	0.442345	0.0729545	0.0116766
-0.147426	-0.133696	0.018663	-0.134985	-0.104552	-0.0478007	-0.0275532	0.121479	0.21658	0.239293
-0.00757324	-0.340255	-0.0171322	-0.276784	0.098892	0.257171	-0.0796905	-0.0323239	0.149974	0.247723
0.0139843	-0.317581	-0.234664	-0.521198	0.0556472	0.143253	0.170376	0.0912231	0.486047	0.112911
-0.00886996	-0.2694	-0.392562	-0.438793	0.156533	0.160252	0.0375887	-0.198925	0.345234	0.608944
-0.208679	-0.308793	-0.44682	-0.509149	0.387297	0.158236	0.167361	0.177846	0.429927	0.152767
-0.0468723	-0.165059	-0.778796	-0.394664	0.521296	0.111145	0.0254861	0.296244	0.23674	0.19448
-0.0512844	-0.126202	-0.638432	-0.221426	0.131532	0.106614	-0.0775642	0.278646	0.23894	0.359174
-0.272634	-0.11496	-0.771421	-0.041348	0.570689	0.190044	0.141742	-0.0445952	0.177362	0.165123
-0.0191922	0.362331	-0.908252	0.266858	-0.766084	0.527342	0.179133	0.136331	0.214606	0.00692791
-0.393997	0.731475	-0.570172	0.0758831	-0.811393	0.0736318	-0.284242	0.494134	0.664994	0.0196861
-0.671234	0.771792	-0.514638	0.198031	0.384299	-0.235896	-0.650717	0.463088	0.0281348	0.227138
-0.613658	0.222134	-0.186217	-0.000541681	0.455657	-0.257711	-0.235058	0.432342	-0.122746	0.305799
-0.0402723	-0.0639699	-0.35168	0.370482	0.133222	-0.218842	-0.393972	0.296613	-0.198846	0.467266
-0.219053	-0.0181198	-0.0823957	0.15761	-0.0180915	-0.102343	-0.303302	0.478893	-0.225987	0.332791
0.0274541	-0.188657	0.242665	0.113587	-0.0127377	-0.372774	-0.207571	0.226372	-0.0299126	0.201576
0.18999	-0.19973	-0.108646	0.361347	-0.194858	-0.683839	-0.143795	0.311469	-0.0758695	0.543933
0.345819	-0.226725	0.0301416	-0.0520754	-0.209758	-0.507854	-0.0550886	0.323393	0.0186895	0.333458
0.237571	-0.2139	-0.0557678	-0.00784719	-0.256055	-0.537415	-0.0689298	0.282949	0.308181	0.311214
0.324921	-0.185773	-0.144395	-0.194417	-0.47471	0.135813	0.297185	-0.196473	0.485728	-0.0478777
0.378115	-0.170797	-0.154895	-0.213278	-0.437802	0.704662	-0.0479482	-0.16775	0.358444	-0.248742
-0.211698	-0.0975034	0.0683558	0.00273634	-0.194135	0.954144	-0.432407	-0.0732758	0.102519	-0.118733
-0.0994893	-0.0291216	0.0304056	-0.00321691	-0.0336563	0.260254	-0.239209	-0.0124019	0.161469	-0.035033
-0.000428926	0.00481184	-0.00158388	-7.16905e-05	-0.00143355	0.00450216	-0.0124308	0.00300866	0.00633596	-0.00270979
-1.47999e-06	-3.32002e-08	-1.07858e-05	-6.57967e-05	-1.74797e-06	-1.34933e-05	-1.72535e-08	0.00166669	-2.01782e-05	-0.00155316
1.47746e-05	-0.000217029	-5.14901e-05	-0.002894	-0.0385087	-0.0144034	-0.000280849	0.0949986	-0.00114033	-0.0375176
-0.00479177	-0.00319704	-0.00186627	-0.0081759	-0.142867	-0.0198477	-0.00130299	0.388102	-0.00852118	-0.197532
-0.028246	-0.00374521	-0.142502	0.0571929	-0.202828	-0.0855947	-0.0609372	0.542814	0.0768273	-0.152978
-0.142853	0.0017343	-0.246481	-0.0105526	-0.372696	0.015134	-0.0663568	0.503759	0.00790694	0.31041
-0.0386506	-0.0643229	-0.520187	-0.218735	-0.0641102	0.0160927	-0.0421867	0.269468	0.291287	0.371345
0.21851	-0.118929	-0.882277	-0.320079	0.182124	0.298917	0.146019	0.0126702	0.0743059	0.388738
0.019143	-0.162141	-1.03567	-0.326033	0.330888	0.0973551	0.252779	0.375729	0.252861	0.195086
-0.0641312	-0.193033	-0.546624	-0.360603	0.414715	-0.00147515	0.187387	0.432144	-0.0453684	0.176988
-0.0440775	-0.130324	-0.578612	-0.137178	0.233238	-0.0784418	0.262956	-0.055892	0.132215	0.396115
0.0362543	-0.350471	-0.639016	0.16519	0.563496	0.297477	-0.00210243	-0.145056	-0.182751	0.256982
0.0322579	-0.502946	-0.581903	-0.139797	0.541671	0.1591	0.302038	0.0606732	-0.0713692	0.200273
0.167077	0.0615163	-0.568899	-0.0334278	0.975379	0.146486	0.190431	-0.693531	0.0921377	-0.33717
0.0713982	0.214542	-0.381177	-0.0037529	-0.0257496	0.293319	0.197516	-0.906632	0.496397	0.0441382
-0.563876	0.960001	-0.490156	0.494485	-0.515059	-0.12807	-0.284876	0.0175292	0.236846	0.273174
-0.858782	0.477632	-0.548646	0.2027	0.226347	0.00500436	-0.372089	0.455247	0.0856659	0.326925
-0.680111	0.157117	-0.257259	0.141143	0.361527	-0.347316	-0.11699	0.505787	0.00643142	0.229674
-0.0508375	0.164503	-0.308912	-0.0203513	0.00887392	-0.438815	-0.15137	0.418034	0.0821015	0.296777
-0.0151689	-0.0131914	-0.250555	0.154044	-0.0256458	-0.328453	-0.216773	0.359926	-0.0851678	0.420989
0.102786	-0.197611	0.230634	-0.063266	0.154771	-0.346429	-0.365099	-0.116173	0.215002	0.385387
0.0678159	-0.148758	-0.0609739	-0.0111427	0.143122	-0.440143	-0.172171	0.024156	0.226272	0.371823
0.1103	-0.0838232	0.0142982	-0.563348	0.283303	-0.859162	0.0782179	0.146097	0.427051	0.447061
0.293032	-0.0814435	-0.061831	-0.446538	0.102792	-1.17815	0.371228	0.105669	0.426781	0.468463
0.448501	-0.0528932	-0.35237	-0.26656	-0.206652	-1.08858	0.715027	-0.210396	0.706528	0.3074
0.600556	-0.0591059	0.127655	-0.119044	-0.119065	-0.954503	0.30605	-0.162748	0.670843	-0.29063
-0.0186142	-0.040881	0.294189	0.0155644	-0.0601216	0.0273675	-0.255931	0.0179337	0.162811	-0.142317
-0.058008	-0.0290806	0.189241	-0.000477024	-0.0236286	0.158661	-0.260815	0.0371207	0.0340979	-0.0471118
-0.000316542	0.00324776	0.0190265	-9.31155e-05	-0.00930714	-0.00376103	-0.0133273	0.0175018	-0.011364	-0.00160697
-6.46296e-09	5.33605e-05	-6.32824e-06	-1.82156e-05	-1.83011e-07	-1.77915e-06	-1.3965e-06	-9.5813e-06	-5.51796e-06	-1.03524e-05
0.000661954	-3.67149e-05	-3.61041e-05	-0.00153934	-0.0275122	-0.00241153	-0.000315129	0.0516037	-0.000237479	-0.0201771
-0.00219486	-0.00104409	-0.000812171	-0.00537503	-0.0923106	-0.00528398	-0.000539339	0.238115	-0.00219442	-0.128361
-0.0138052	0.00967649	-0.178754	0.022678	-0.162939	-0.00221639	-0.0531895	0.436579	0.0475236	-0.105552
-0.00423696	0.0298706	-0.547142	-0.19778	-0.166883	0.100988	-0.104682	0.305716	-0.063162	0.647318
-0.0326674	-0.0473978	-0.835286	-0.250504	0.223137	0.191697	0.0824713	0.136317	0.0913296	0.440902
0.291971	-0.0950688	-1.07522	-0.296436	0.455618	-0.0779503	0.435125	0.186471	0.00691433	0.168574
0.304163	-0.149231	-0.821386	-0.335761	0.305203	0.168402	0.0713984	0.172466	-0.00218194	0.286925
0.103018	0.0150238	-0.365474	-0.198157	0.335652	-0.0112735	0.0364844	0.00376079	-0.12817	0.209136
0.096889	-0.0881205	-0.274639	-0.111894	0.360156	0.0692148	0.0908051	-0.169387	0.0485658	-0.0215924
0.17544	-0.661107	-0.155881	-0.179245	0.455501	0.193741	0.247986	0.00128737	-0.200178	0.122457
0.0535235	-0.718304	0.111776	-0.229754	0.585355	0.306198	-0.0114167	-0.257024	0.131793	0.0278495
0.112856	0.00478146	-0.0928844	0.0855549	0.45859	0.470388	0.114587	-1.11386	0.24218	-0.282193
-0.440744	0.290967	0.174764	0.367491	-0.282202	0.264049	0.093698	-1.08321	0.498904	0.116289
-0.691815	0.629574	0.0372775	0.281263	-0.0604663	-0.124301	-0.216042	-0.0524382	-0.0800981	0.277048
-0.885103	0.393994	-0.302796	-0.189202	0.428982	-0.277602	0.0410621	0.0614857	0.434078	0.295109
-0.632467	0.160469	-0.26938	0.121979	0.200268	-0.434495	0.0351697	0.229989	0.129058	0.45941
-0.186677	0.355999	-0.0691559	0.111551	0.156498	-0.189827	-0.33078	0.0284692	-0.171668	0.295593
-0.0263212	-0.227314	-0.222357	0.248045	0.195009	-0.129493	-0.208628	0.0545488	0.0622649	0.254245
-0.0539867	-0.305794	-0.229284	-0.00873759	0.101306	0.0447976	0.0631784	-0.170183	0.0785719	0.480131
-0.331916	-0.186491	-0.218954	-0.512961	0.347649	0.0488397	-0.106937	0.284073	0.29737	0.379326
-0.083106	-0.124843	0.028588	-0.520562	0.364892	-0.280436	0.250251	0.132726	-0.121909	0.354398
0.212773	-0.132199	-0.032668	-0.606587	0.291395	-0.38337	0.421812	-0.0658221	0.0685624	0.226106
0.44134	-0.122751	-0.096944	-0.28512	-0.0489528	-0.730881	0.820231	-0.0631849	0.307272	-0.221008
0.465544	-0.1108	0.489665	-0.0866334	-0.217209	-0.787583	0.395759	0.0320579	0.24617	-0.42696
0.10554	-0.0702851	0.613256	-0.00109466	0.0119424	-0.215079	-0.312756	0.0395812	0.0497364	-0.22084
-0.0167564	-0.0355651	0.429334	-0.00136477	-0.0166652	-0.011182	-0.256079	0.00282015	-0.02551	-0.0690317
-0.00243624	-0.000626097	0.123208	-0.00340783	-0.0305262	-0.0331674	-0.0403644	-0.00807264	-0.00253476	-0.00207192
-4.08619e-05	-1.2272e-06	-2.54747e-05	-0.00204609	-0.000122985	0.00913542	-0.000128607	-6.48551e-05	-0.000270227	-0.0064351
-5.51667e-05	-1.07662e-05	-0.012353	0.0131253	-0.0145878	-0.00109034	-1.36774e-05	0.0264003	-0.000807381	-0.0106075
-0.000711798	0.00112891	-0.0082931	0.00662496	-0.0377708	-0.00179942	-5.5694e-05	0.127847	-0.00119191	-0.0857784
-0.0805568	0.0185818	-0.155233	0.0321592	-0.0168814	0.0286768	-0.0254763	0.219966	-0.00946611	-0.011769
-0.0487572	0.0331744	-0.365607	-0.100895	0.349122	0.0699287	-0.271004	0.129934	-0.15213	0.35624
0.231828	-0.0657302	-0.633899	-0.333261	0.5384	-0.0338978	0.0327392	0.156052	0.0073511	0.10042
0.170071	-0.120152	-0.285609	-0.423321	0.320839	-0.0810212	0.271094	-0.0639589	-0.0935777	0.305635
0.476807	-0.169623	0.049146	-0.371956	0.36619	-0.0420799	0.0110401	-0.0214185	-0.477318	0.179213
0.220487	0.000642014	-0.0866927	-0.196316	0.320253	0.101779	0.12211	-0.124842	-0.351993	-0.0054268
0.272376	-0.22597	-0.094835	-0.113035	0.231863	0.149398	0.295275	-0.308681	-0.27967	0.0732761
-0.0269411	-0.68919	0.0754884	-0.155185	0.259594	0.322589	0.303252	-0.150625	-0.000872516	0.0618938
0.137519	-0.646444	0.1089	-0.221219	0.360078	-0.00599776	0.47793	-0.540377	0.307809	0.0218026
0.230281	0.0936715	-0.0925739	0.214922	0.302312	0.0256062	0.166471	-1.03452	0.221492	-0.127657
-0.258711	0.306492	0.263814	-0.00539967	-0.274743	-0.000719695	-0.0661865	-0.585271	0.482609	0.138114
-0.771704	0.575548	0.095855	0.127588	0.029162	-0.0991262	-0.144685	-0.138306	0.262037	0.0636341
-0.734296	0.42735	-0.176956	0.0269812	0.193824	-0.137778	0.0850541	-0.0760876	0.187902	0.204009
-0.782787	0.26756	-0.0231278	0.0062633	0.38816	-0.314668	0.197305	0.0131168	-0.0801389	0.328317
-0.161487	-0.192187	-0.268551	0.100928	0.560424	-0.30217	-0.37957	0.267614	0.0784696	0.296533
-0.0497	-0.604244	0.138675	0.0139879	0.232639	-0.181753	-0.164599	0.466286	-0.0641688	0.212877
-0.153212	-0.467726	-0.0749312	-0.145831	0.425737	-0.311083	-0.0300905	0.679931	0.0411624	0.0360403
0.0268612	-0.274396	0.0697478	-0.306897	0.223531	0.00726723	-0.137527	0.355435	-0.202135	0.238111
0.177125	-0.183456	-0.126295	-0.0117181	0.0654075	-0.128683	0.124716	0.0716432	-0.157188	0.168446
0.100766	-0.132035	-0.0922796	-0.27709	0.152455	0.078798	0.33475	0.296045	-0.408591	-0.0528165
0.387203	-0.0968036	0.153933	-0.185063	-0.0535908	-0.0662253	0.426451	0.30555	-0.361133	-0.51032
0.505477	-0.0507418	0.383628	-0.0249336	-0.228141	-0.236435	0.278768	0.0346328	-0.195806	-0.466445
0.0781067	-0.0381824	0.590565	-0.0273265	-0.0867136	-0.270907	-0.101551	-0.0634368	0.0531658	-0.133717
-0.00844443	-0.00565961	0.371121	-0.0149946	-0.079712	-0.0366463	-0.192743	-0.00702315	-0.00928235	-0.0166157
-0.000240237	-2.86595e-05	0.0123736	-0.00247519	-0.00332284	-0.00152191	-0.00419456	-9.84303e-05	-0.00045105	-4.07299e-05
-1.56742e-05	-4.93751e-07	-8.38806e-06	-0.000672112	-5.00474e-05	0.00293383	-4.26525e-05	7.41042e-05	-9.29985e-05	-0.00212557
-5.78304e-05	-7.41235e-06	-0.0263242	0.0293009	-2.73322e-05	-0.00113671	-6.72733e-06	-5.78806e-05	-0.00164719	-3.56678e-05
-0.0015402	0.00721071	-0.0136027	0.0329016	0.0181762	-0.00630676	-0.000281867	0.0311888	-0.00225292	-0.065493
-0.0980841	0.00417252	0.0203329	0.0289527	0.0859311	-0.0289835	-0.081801	0.102046	-0.0139952	-0.0185712
0.108864	-0.0064893	0.0905698	0.0674359	0.245479	-0.0584468	-0.415057	0.015281	-0.153176	0.105543
0.362288	-0.117872	0.283556	-0.0553057	0.224182	-0.281571	-0.0722132	-0.100769	-0.286335	0.0440436
-0.0601207	-0.210546	0.366684	-0.0622763	0.201258	-0.136186	0.215555	-0.0889132	-0.282751	0.0572963
0.373345	-0.163078	-0.0298597	-0.27978	0.366547	-0.216557	0.267522	-0.153861	-0.232678	0.0683985
0.297148	-0.0703107	-0.129498	-0.348068	0.323476	0.0615684	0.220308	-0.32655	-0.141314	0.113242
0.319243	-0.310969	0.00732563	-0.328632	0.374158	0.173701	0.138814	-0.342344	-0.00333322	-0.0279603
0.329632	-0.506607	0.0384751	-0.251573	0.310131	0.0891796	0.277917	-0.202295	-0.129463	0.0446064
0.0445142	-0.185443	-0.12194	-0.0645897	0.389474	0.0515742	0.452352	-0.548034	-0.0935024	0.0755926
-0.0730575	0.20882	-0.112707	0.0744789	0.17577	0.133918	0.237158	-0.710942	0.14307	-0.0765084
-0.59905	0.44775	0.228842	0.0636156	-0.245238	-0.0395495	0.131825	-0.273919	0.377048	-0.0913217
-0.896949	0.688304	0.124716	0.219899	0.0714896	-0.35911	0.251426	-0.339319	0.433232	-0.193684
-0.688553	0.0567173	0.0462443	0.211962	0.248279	-0.313073	0.0509886	0.140944	0.0557126	0.190783
-0.483236	0.315578	0.000246643	-0.0595545	0.554387	-0.188125	-0.0613025	-0.21582	-0.0996262	0.237457
-0.248519	-0.56185	-0.143908	-0.0696519	0.515139	-0.231246	-0.0737941	0.618554	-0.188527	0.383803
-0.0273651	-0.611597	-0.157747	-0.225693	0.170627	0.276618	-0.11094	0.568915	0.0184102	0.0987745
-0.0260723	-0.529425	-0.0125012	0.124515	0.260364	-0.0464514	-0.0113248	0.261311	-0.116695	0.0962806
0.250393	-0.369191	-0.31235	0.380677	-0.12788	-0.149724	0.129908	0.404258	-0.317162	0.111068
0.0609539	-0.198608	-0.189178	0.24057	-0.0769073	-0.00703958	0.184431	0.35891	-0.281073	-0.0920588
0.154255	-0.158382	-0.347254	0.242331	0.214649	-0.106246	-0.00910489	0.439606	-0.203537	-0.226317
0.36367	-0.106801	-0.0509668	0.267907	-0.103354	0.109294	0.138239	0.157683	-0.347612	-0.42806
0.380452	-0.0615831	0.590226	0.141866	-0.487098	0.0754792	0.188194	-0.0656005	-0.350503	-0.411424
0.0123546	-0.0307857	0.659254	-0.0615391	-0.198375	-0.161768	0.0694804	-0.160109	0.00950038	-0.138009
-0.0148688	-0.0104428	0.369023	-0.0206985	0.0288068	-0.0608648	-0.186029	-0.0262852	-0.0252084	-0.0534327
-0.00212545	-0.00118865	0.0564549	-0.000782074	-0.00616548	-0.0249384	-0.0135132	-0.000643718	-0.00330518	-0.00379267
-1.31124e-05	-5.25282e-07	-2.6732e-07	-1.23104e-05	-5.58745e-05	-0.000328059	-3.09951e-06	0.0005448	-2.58119e-05	-0.00010574
-4.86164e-05	2.39305e-05	-0.013043	0.0168293	-1.70072e-05	-0.00065145	-2.57833e-05	-0.00123608	-0.000862158	-0.000969132
-0.00494414	0.00603638	0.00011408	0.0818836	-0.0105753	-0.0234618	-0.00155478	-0.00317843	-0.00530928	-0.0390103
-0.067966	-0.00375298	0.277403	0.149261	-0.0761363	-0.0173877	-0.128088	-0.0631892	-0.0080437	-0.0620985
0.171462	-0.0201865	0.380568	0.352115	-0.217085	-0.0824019	-0.419798	-0.0336805	-0.194857	0.0638699
0.452947	-0.153866	0.262026	0.175884	-0.121343	-0.14211	0.0504286	-0.165781	-0.352421	-0.00576359
0.233931	-0.33655	0.441709	-0.116757	0.0556378	-0.136745	0.294921	-0.0474475	-0.189853	-0.198844
0.190515	-0.315666	0.0672444	-0.288663	0.373064	-0.503207	0.39213	0.137495	0.0552833	-0.108195
0.35185	-0.23461	-0.203041	-0.479559	0.380937	-0.244242	0.278519	-0.142998	0.064064	0.229079
0.315703	-0.0754402	0.165127	-0.0910497	0.200657	-0.394321	0.32267	-0.183179	-0.00990927	-0.250258
0.241431	-0.113239	0.149279	-0.147134	-0.0962619	-0.10816	0.403537	-0.501608	0.1436	0.0285584
0.122376	-0.123661	0.171886	-0.0128061	-0.108368	-0.156655	0.769622	-0.766907	0.0064175	0.0980954
-0.269027	-0.214762	0.231355	0.0385083	0.0666502	-0.0077041	-0.0329891	-0.200528	0.515752	-0.127255
-0.823653	0.442244	0.401189	0.35133	-0.0321238	-0.0812231	0.00120187	-0.117793	0.136813	-0.277984
-0.667365	0.721438	0.136079	0.0232899	0.348996	-0.345772	0.1822	-0.448052	0.0773212	-0.0281322
-0.39463	-0.100185	-0.119792	-0.183212	0.564869	-0.161334	0.110214	0.190824	0.0941552	-0.000907583
-0.274081	0.00259097	0.196474	-0.42006	0.422114	-0.290642	-0.0147904	0.0717082	0.109858	0.196829
-0.00400643	-0.85609	0.371736	-0.0908203	0.278629	-0.13815	-0.221369	0.372204	0.0355846	0.252281
0.0348031	-0.628674	0.0382578	0.315915	0.185125	-0.167072	0.122076	0.115282	-0.172924	0.157212
0.0530988	-0.459222	-0.00985306	0.396653	0.0976022	0.0364972	0.239403	0.287034	-0.491107	-0.150104
0.259278	-0.288573	-0.151519	0.199313	0.257731	0.102847	0.0215101	0.214694	-0.530771	-0.0845102
0.143286	-0.180179	0.350243	0.0799368	0.161276	-0.0492929	0.0713003	0.275643	-0.515891	-0.336325
0.178422	-0.177121	0.238523	0.296072	-0.107576	0.179503	-0.100085	-0.0284497	-0.345254	-0.134033
0.176102	-0.152535	0.231526	0.489657	-0.23476	0.171118	-0.0341166	-0.130869	-0.0335641	-0.482556
0.0561494	-0.0511786	0.573503	0.352818	-0.320105	-0.00187142	0.13759	-0.136721	-0.220512	-0.389666
-0.0922405	-0.0716214	1.00417	-0.112633	-0.156442	-0.158741	0.00186351	-0.154044	-0.126885	-0.133422
-0.0441312	-0.036521	0.564454	-0.022456	-0.0988795	-0.0976544	-0.15118	-0.0217854	-0.0567208	-0.0351261
-0.00172108	-0.000744203	0.0892518	-0.00126722	-0.00401294	-0.0453812	-0.030812	-0.0015944	-0.00323776	-0.000480911
0.0	0.0	0.0	0.0	0.0	0.0	0.0	0.0	0.0	0.0
-6.16031e-05	0.000416124	-0.00504246	0.0062891	-1.25739e-05	-0.000503458	-2.45207e-05	-9.20688e-05	-0.000743103	-0.000225433
-0.0143994	-0.000184232	0.0512956	0.0742773	-0.00202355	-0.036664	-0.00315101	-0.00251551	-0.00537771	-0.0612575
-0.059388	-0.00782563	0.277619	0.351068	-0.239338	0.0199713	-0.118353	-0.0654432	-0.0381989	-0.120107
0.115499	-0.0402679	0.455641	0.42567	-0.15758	0.0629919	-0.462077	-0.000467585	-0.176203	-0.223202
0.352661	-0.28661	0.373616	0.0883098	-0.183819	0.243457	-0.036195	-0.0375988	-0.262405	-0.251415
0.310009	-0.48393	0.290608	-0.0569852	-0.0512968	0.434513	0.0895763	-0.205714	-0.0847839	-0.241995
0.258461	-0.428421	0.159412	-0.0161873	0.182005	-0.29409	0.182494	-0.280945	0.150573	0.0866962
0.10108	-0.239153	0.10726	-0.237864	0.2705	-0.306734	0.31609	-0.21444	0.0731628	0.130095
0.295486	-0.12566	0.154544	-0.572641	0.147297	-0.234842	0.364701	-0.254374	0.306474	-0.0809851
0.433174	0.0911453	0.39607	-0.588902	0.0274589	-0.367973	0.624213	-0.641144	-0.0541681	0.0801272
0.108225	-0.170584	0.305147	-0.426232	-0.0497026	-0.305021	0.566032	-0.274699	0.294069	-0.047234
-0.125094	0.0913927	0.352728	-0.289682	-0.00737125	-0.513617	0.05941	-0.000720903	0.34071	0.0922443
-0.671058	0.479071	0.289853	-0.226402	0.183859	-0.488008	0.10765	0.0799319	0.255926	-0.0108234
-0.610749	0.578305	0.0584334	-0.397713	0.552382	-0.308684	0.130177	0.0652308	0.0917516	-0.159131
-0.326759	-0.00066934	0.185611	-0.439453	0.364239	-0.0607551	0.0430517	0.0888731	-0.114359	0.260221
-0.0649728	-0.382271	0.0175518	0.0406019	0.301445	-0.00796559	-0.0820315	-0.0901155	0.241601	0.0261593
0.152411	-0.697699	-0.251149	0.26424	0.237388	0.220467	0.077596	0.0163075	-0.0832492	0.0636933
-0.0568527	-0.372732	0.00746601	0.0130466	0.308407	0.298692	0.194452	0.113285	-0.412085	-0.0936789
0.0945949	-0.246651	0.0317161	0.354815	-0.177183	0.0879712	0.174945	-0.0837147	-0.050302	-0.186191
0.186146	-0.179143	-0.0487159	0.0219086	0.0301153	0.0325354	0.0264875	0.116446	-0.0669244	-0.118855
-0.0504439	-0.109405	0.0946579	0.0405161	0.138605	0.00464362	0.119846	0.0515829	-0.106068	-0.183936
0.20236	-0.0325876	0.126027	0.294765	-0.172826	-0.074114	0.0983028	0.0425111	-0.178804	-0.305632
0.0536176	-0.0549555	-0.0543968	0.450234	-0.20054	0.158638	0.0549669	-0.0902626	0.175409	-0.492707
-0.0157154	-0.0194064	0.488713	-0.0760313	-0.283457	0.0730425	0.12351	0.0833044	0.0259263	-0.399882
-0.036286	-0.102314	1.06376	-0.213328	-0.230085	-0.199704	0.0126818	0.0353827	-0.243305	-0.0867961
-0.0203749	-0.00815498	0.281351	-0.020053	-0.0538286	-0.0400586	-0.0984462	0.02625	-0.0492446	-0.0174401
0.0241862	-0.00104972	0.0277752	-0.00099659	-0.0258875	-0.00668558	-0.0111585	-0.00389711	-0.000768132	-0.00151839
-3.41135e-05	-1.51063e-05	-1.86766e-05	-0.000633942	-0.00640926	-0.00030337	-5.09444e-06	0.00638118	-0.000232248	0.00127063
-1.36362e-05	9.59108e-05	-0.000234015	0.00058051	-2.39179e-06	-0.000259529	-5.54335e-06	-1.79383e-06	-0.000112496	-4.70153e-05
-0.0120655	-0.000680057	-0.00466491	0.0745204	-0.00777824	-0.0234031	-0.00239251	0.0160017	-0.00482989	-0.0347078
-0.112316	-0.00929573	0.143476	0.536598	-0.150852	0.00821889	-0.0823716	-0.0219039	-0.126101	-0.185448
0.0456928	-0.0907948	0.523218	0.32212	-0.0601714	0.287978	-0.370618	-0.0943936	-0.279116	-0.283909
0.0771113	-0.355166	0.625539	0.321006	-0.0917128	0.244128	-0.287377	-0.107392	-0.0741602	-0.351976
0.109323	-0.653445	0.213409	0.193294	-0.0858964	0.538655	0.0296343	-0.391479	0.120548	-0.074041
0.0812739	-0.452975	0.452111	-0.155683	0.0780298	0.17466	0.202318	-0.346959	0.000759773	-0.0335367
0.290136	-0.0781406	0.0347537	-0.0905158	0.144639	-0.023762	0.132939	-0.296898	0.0263808	-0.139535
0.340739	0.00215538	-0.0217608	-0.378801	0.132655	-0.215969	0.329074	-0.331143	0.211773	-0.0687243
0.400363	-0.215978	0.266574	-0.44931	-0.260345	-0.156295	0.261974	-0.384272	0.242677	0.294614
0.100691	-0.17763	0.131104	-0.405999	-0.0517881	-0.100308	0.142995	-0.13539	0.297647	0.198678
-0.310945	-0.0167445	0.309493	-0.526737	0.225868	-0.131722	0.675421	-0.202311	0.283479	-0.305804
-0.635785	0.0934594	0.31759	-0.337631	0.360808	-0.101027	0.388007	0.0951888	0.0663692	-0.246976
-0.475774	0.239062	0.14616	-0.238329	0.367354	0.0284417	-0.0151141	-0.106558	-0.133842	0.188601
-0.158016	-0.287947	-0.0745033	0.221491	0.202311	-0.0213698	0.0668837	-0.1078	-0.0080252	0.166979
-0.00534084	-0.486916	0.0610832	0.433172	0.321281	-0.0219098	0.225641	-0.189815	-0.199791	-0.137402
-0.00580022	-0.160772	0.250789	0.128831	-0.200829	0.163855	0.260097	-0.0875011	-0.227013	-0.121653
-0.00922514	0.0382325	0.0742795	0.100566	-0.0619579	-0.109632	0.244661	-0.0929451	-0.0517072	-0.132272
-0.07474	-0.0266985	0.142192	0.146911	-0.16993	0.131308	-0.00162758	-0.030979	-0.0437509	-0.0726842
-0.203586	0.0536405	-0.0187943	0.0933842	-0.0188458	0.0472636	-0.0149141	-0.0168127	0.0485873	0.0300766
-0.0728873	0.00145692	0.159666	0.344196	0.0448788	-0.0156845	0.0712795	-0.106743	-0.240211	-0.185951
0.253847	-0.0685206	0.119081	0.452574	-0.371619	0.0786857	0.0342002	-0.175238	0.00858908	-0.331598
0.096659	-0.0768735	0.465291	0.195032	-0.246289	0.196623	0.0877172	-0.406158	0.1675	-0.4795
-0.0406005	0.0154304	0.833635	-0.259512	-0.247557	0.21308	0.0625646	-0.218211	-0.0338133	-0.325011
-0.0345303	0.036032	0.720894	-0.129758	-0.219112	-0.121799	0.0511906	-0.0154337	-0.210295	-0.0771874
-0.0106688	0.0168871	0.0875958	-0.0159413	-0.018268	-0.0297071	-0.0291853	0.0302141	-0.0269956	-0.00393093
-0.00698925	-9.16926e-06	0.0398194	-0.000240368	-3.5688e-05	-0.01575	-0.0159698	-1.8482e-05	-0.000385427	-0.000421161
-2.00929e-09	6.78853e-05	-4.48473e-05	-4.29487e-06	-1.21025e-08	-1.12529e-07	-2.69658e-07	-6.25013e-07	-1.73702e-05	-3.51513e-07
0.0066457	0.000346502	-0.00234921	-7.6772e-05	-0.011096	-0.000719685	-0.000684366	0.0230935	-0.000869761	-0.0142899
-0.00584353	-0.00095638	-0.00481194	0.0581361	-0.0053007	-0.0195333	-0.00279915	0.0147305	-0.00861531	-0.0250063
-0.0844413	-0.0117854	-0.0293184	0.557835	0.027298	0.0221661	-0.0830119	-0.0731992	-0.179203	-0.146338
-0.012168	-0.147585	0.305474	0.35825	-0.0713932	0.346217	-0.226233	-0.064378	-0.242515	-0.245664
0.0873279	-0.503969	0.171276	0.477851	0.0578313	0.220643	-0.235318	-0.183043	0.12701	-0.219609
0.201895	-0.32538	0.109087	0.104094	-0.0577088	0.338318	-0.014922	-0.349211	0.105351	-0.111523
0.169543	0.0255109	0.379139	-0.0659733	-0.0795865	0.0539457	0.133067	-0.483593	-0.096189	-0.0358639
0.231596	-0.0169009	0.198856	-0.0562656	-0.258337	0.294113	-0.0235751	-0.281779	0.0579799	-0.145686
0.125699	0.0776046	0.303905	-0.0168038	-0.430951	0.0355899	0.321816	-0.304838	0.248455	-0.360478
0.289764	-0.141431	0.395005	-0.0768622	-0.496568	0.0702537	0.447378	-0.527128	0.241626	-0.202039
0.358218	-0.11323	0.201045	-0.227093	-0.131	0.0412329	0.679735	-0.28362	-0.190821	-0.334463
0.226312	-0.121552	0.185844	-0.244985	-0.507631	0.0762674	0.573876	-0.108328	0.0509662	-0.13077
-0.164938	0.198621	0.448404	-0.109613	-0.200616	0.0877278	0.170578	-0.0727049	-0.134638	-0.222819
-0.262828	-0.148444	0.0921024	0.0119222	0.266935	-0.0209855	0.320146	0.176652	-0.155243	-0.280256
-0.164792	0.00667809	0.212501	0.035409	0.00709948	0.0745844	0.245168	-0.163113	-0.0240574	-0.229475
-0.17712	0.202863	0.25715	0.148391	-0.0467243	-0.0839405	0.232807	-0.394492	0.0293825	-0.168315
0.0423956	-0.0357022	0.27037	0.320278	-0.180404	-0.108198	0.187657	-0.350055	0.0998049	-0.246145
0.0028999	0.104745	0.141094	0.220847	-0.180667	0.0479769	0.0868604	-0.443005	0.153631	-0.134382
-0.126007	0.158374	-0.0350432	0.165852	-0.288209	0.0229733	0.17314	-0.102054	0.0314469	-0.000472516
-0.00737912	0.0616261	0.169948	-0.00719099	-0.239147	0.228163	0.0424515	-0.285583	0.0143979	0.0227114
0.0951389	0.00534524	0.271869	0.302414	-0.0779112	0.120473	0.171967	-0.492244	-0.134178	-0.262873
0.270201	-0.063899	0.399712	0.132623	-0.530358	0.106174	0.197653	-0.488892	0.290704	-0.313915
0.0252633	-0.0253445	0.352581	0.16779	-0.373016	0.258674	0.0873623	-0.467443	0.231745	-0.257605
0.0189074	0.0724324	0.411905	-0.137082	-0.242173	0.241048	-0.0119372	-0.123095	-0.0715753	-0.158425
-0.0532969	0.0873577	0.568102	-0.0704577	-0.115124	-0.0316801	-0.107066	-0.0372446	-0.190945	-0.049643
-0.011789	0.0167657	0.176724	-0.0110564	-0.00275881	-0.0552234	-0.062803	-0.00304749	-0.0298376	-0.0169739
-0.00244131	5.52553e-05	0.0184128	-0.000119509	-1.95042e-07	-0.00521005	-0.0105808	-5.14549e-07	-0.000115417	-2.66332e-07
0.0	0.0	0.0	0.0	0.0	0.0	0.0	0.0	0.0	0.0
0.0167393	-4.93297e-05	-0.00525895	-0.000399136	-0.000106703	-0.000754319	-0.00171642	-0.000221308	-0.00180682	-0.00642628
-0.00763214	-0.00704159	0.037079	0.0382103	0.000829142	-0.00772583	-0.00287825	-0.011729	-0.0162078	-0.0229038
-0.0722021	-0.0269379	0.108006	0.456016	-0.0239937	0.0528323	-0.0593559	-0.121744	-0.179786	-0.132833
0.0617215	-0.0844061	0.351318	0.493387	-0.0991593	0.11759	-0.207361	-0.261731	-0.226467	-0.144886
0.255376	-0.371268	0.304854	0.263609	-0.213886	0.403935	-0.274111	-0.316481	-0.0703607	0.0183355
0.218293	-0.0477395	0.289026	0.398264	-0.266267	0.232757	-0.191652	-0.471166	0.0471056	-0.208623
0.159027	0.0458576	0.593352	0.199394	-0.468076	-0.132457	0.194665	-0.503233	0.360425	-0.448954
0.201189	0.258507	0.289634	0.171356	-0.573665	0.258442	-0.0742672	-0.290445	0.0342524	-0.275005
0.208773	0.136922	0.294043	0.317317	-0.421546	0.245722	0.26946	-0.394465	-0.143201	-0.513024
0.300049	0.203164	0.307258	-0.0332595	-0.441041	0.0158818	0.511996	-0.350421	0.11521	-0.628839
0.423805	0.243932	0.413023	-0.15592	-0.164927	0.132839	0.353455	-0.34363	-0.226556	-0.676019
0.458212	0.120374	0.261134	-0.462082	-0.249774	0.0541353	0.513716	-0.0961423	0.0469753	-0.646544
0.178886	-0.116042	0.106231	-0.0928889	-0.420177	0.108433	0.211757	0.0480931	0.163237	-0.187528
0.000871514	-0.0212738	-0.0189256	0.103246	-0.0878469	-0.111232	0.6537	0.0757226	-0.283978	-0.310281
0.00561065	-0.0175342	0.0722609	-0.0761492	-0.0310016	0.0187995	0.330663	-0.235874	0.17599	-0.242765
-0.107609	0.298413	0.0542612	0.0921806	0.128687	0.153623	0.116522	-0.4237	-0.211628	-0.100748
0.0232973	0.322106	-0.139298	0.202764	0.0714782	0.224373	0.0414764	-0.558757	-0.0457898	-0.141648
-0.0802554	0.411979	0.155663	0.308067	-0.0893533	0.188905	0.28555	-0.784617	-0.0874703	-0.308467
-0.0825064	0.3736	0.300619	0.152008	-0.307231	0.173225	0.0575798	-0.472613	-0.0704857	-0.124195
-0.0479984	0.192702	0.232498	0.302195	-0.193021	0.0020039	0.234234	-0.682438	0.162766	-0.20294
0.0761545	0.0192018	0.359479	0.135962	-0.0872705	0.120917	0.0778653	-0.660582	0.284278	-0.326003
0.135292	-0.0525476	0.314162	0.014123	-0.331048	0.490992	-0.0796606	-0.570381	0.344436	-0.265366
-0.0763531	-0.0515807	0.30974	0.102344	-0.314583	0.190268	0.0515181	-0.309185	0.189468	-0.0916319
-0.0312825	-0.0135923	0.490005	-0.0976033	-0.167624	0.102509	-0.0672492	-0.0635877	-0.181868	0.0302979
-0.044617	0.0159649	0.261721	-0.0415795	-0.118422	0.0967565	-0.0479651	-0.0468246	-0.121944	0.0469114
-0.00170177	0.0178893	0.0484814	-0.00322017	-0.000760028	-0.00750579	-0.0121057	-0.00194976	-0.0268533	-0.0122743
-2.11746e-05	0.000215112	-0.000173801	-4.81601e-05	-3.88284e-05	0.000477811	-4.89121e-06	-3.21284e-05	-0.000340805	-3.31354e-05
-2.22905e-08	0.000126539	-5.82925e-05	-2.1499e-05	-4.82923e-07	-7.30319e-07	-8.25392e-07	-8.23162e-06	-3.45981e-05	-1.85675e-06
-5.8171e-05	1.4377e-05	0.000165056	0.000893613	-3.41118e-06	-0.000340071	-3.33076e-05	-0.000248863	-0.000127087	-0.000262135
-0.0231107	-0.0119592	0.0795763	0.0731966	-0.000610066	-0.0203941	-0.00211923	-0.0590575	-0.0164558	-0.0190661
-0.0487088	-0.0119621	0.186418	0.301887	-0.0699109	0.0708118	-0.0404594	-0.166766	-0.117957	-0.103349
-0.0572615	0.0979887	0.209601	0.291099	-0.117389	0.262946	-0.187271	-0.28888	-0.0768646	-0.133962
0.161562	0.397703	0.177544	0.0189645	-0.12586	0.107355	-0.286766	-0.337946	-0.0789161	-0.0336398
0.167421	0.303627	0.184701	0.262802	-0.398167	0.161131	-0.374298	-0.43532	0.259241	-0.13114
0.149741	0.121121	0.166069	0.232864	-0.451061	0.295072	-0.0605716	-0.48271	0.318629	-0.289154
-0.0620706	0.234391	-0.0455763	0.202657	-0.0881493	0.146178	0.182223	-0.26744	-0.0712482	-0.230968
0.0536125	0.056032	0.262028	-0.279127	-0.140608	0.154036	0.232813	-0.379859	0.228354	-0.187283
0.242847	0.288933	0.168137	-0.135562	-0.209845	0.036112	0.242689	-0.216896	-0.16932	-0.247096
0.355373	-0.117292	0.15516	-0.130813	-0.0354555	0.206075	0.319917	-0.24816	-0.0695994	-0.435204
0.33341	-0.160402	-0.0109576	-0.067966	-0.109958	0.115654	0.584848	-0.0836625	-0.189315	-0.411651
0.11967	-0.206533	0.189528	-0.0296454	-0.228102	0.108265	0.549173	-0.214101	0.111535	-0.399789
-0.0192113	0.170464	0.163414	-0.087053	-0.146604	0.139199	0.603742	-0.335625	-0.0962358	-0.392085
0.00468283	0.0916027	-0.0227013	0.0554778	0.100623	0.0724217	0.239903	-0.156033	-0.0538104	-0.332166
0.0234855	-0.0455216	0.182298	0.124066	-0.107856	-0.03345	0.225699	-0.0480065	-0.148664	-0.172048
-0.185032	0.0525786	0.336583	-0.028289	0.0589309	0.142394	0.369984	-0.385686	0.0193265	-0.380789
-0.190861	0.428565	0.355789	0.204765	-0.174126	0.0281857	0.279692	-0.439651	-0.104733	-0.38763
-0.258653	0.28517	0.438341	0.340116	-0.0290921	-0.0131587	0.120829	-0.455861	-0.0897208	-0.337972
-0.117099	0.38192	0.0258693	0.0232914	-0.0427823	0.260134	0.0851615	-0.537862	0.150477	-0.229106
0.010221	0.217679	0.178192	-0.118275	-0.00613447	0.395073	-0.0222056	-0.621171	0.0582366	-0.0916128
0.0300514	-0.182759	0.373716	-0.0550678	-0.121939	0.425146	0.0783883	-0.539142	0.217042	-0.225431
0.00875254	-0.132149	0.527081	-0.165415	-0.0762942	0.225079	-0.017695	-0.318039	-0.0126023	-0.0387134
-0.0577907	0.0235745	0.369503	-0.149067	-0.122238	0.152281	-0.033692	-0.0569861	-0.240104	0.114521
-0.025447	0.00275188	0.157859	-0.0321377	-0.106274	0.141368	-0.0426724	-0.0257695	-0.0804503	0.0107736
0.023518	-0.000778879	0.016252	-0.00461303	-0.00209189	0.00349184	-0.00367505	-0.00229648	-0.00839135	-0.0214151
5.64581e-06	-4.48931e-11	-1.20563e-06	-3.24656e-07	-3.93749e-09	-1.56314e-06	-2.38268e-07	-7.72394e-09	-2.28523e-06	-1.72587e-08
-2.15939e-08	0.000122585	-5.64709e-05	-2.08272e-05	-4.67832e-07	-7.07497e-07	-7.99598e-07	-7.97438e-06	-3.3517e-05	-1.79873e-06
-9.15699e-07	3.614e-05	-1.96116e-05	3.07108e-05	-1.92145e-07	-1.11281e-05	-2.6141e-07	-1.41441e-05	-1.25451e-05	-8.0528e-06
-0.00444524	-0.0115777	0.0597558	0.0841813	-0.000414948	-0.0139615	-0.000232946	-0.0799006	-0.0122407	-0.0211635
-0.0601869	-0.0132288	0.151563	0.239776	-0.0712318	0.0401973	-0.017992	-0.172345	-0.0441289	-0.0524223
-0.257302	0.150833	0.209812	0.203702	-0.109972	0.271334	-0.0889435	-0.223928	-0.044612	-0.110918
-0.0441578	0.782713	0.182719	0.0321821	-0.176505	-0.0564314	-0.191971	-0.120829	-0.113602	-0.294116
0.0489846	0.50239	0.337359	0.178477	-0.243733	-0.220815	-0.366409	-0.130806	0.0889268	-0.194372
0.0912556	0.10945	0.29207	0.144172	-0.281608	-0.0346774	-0.268853	0.0532041	0.164824	-0.26984
0.210079	0.0864369	0.352445	-0.0714658	-0.223369	0.0752992	-0.144642	-0.0843878	-0.125233	-0.0751644
0.176253	0.140931	0.302417	-0.00737621	-0.272218	0.057878	0.0684291	-0.233388	-0.0821918	-0.150735
0.151101	-0.104748	0.105607	0.00798671	-0.165811	-0.0620731	0.166942	-0.104732	-0.00088146	0.00660886
0.185803	-0.406599	0.209302	0.162258	-0.131116	0.0732995	0.0368384	-0.289098	0.158678	0.000633475
0.166387	-0.577839	0.130761	-0.0534853	-0.177676	0.118917	0.321762	-0.0411159	0.112441	-0.000151668
0.516079	-0.397621	0.0436046	-0.117703	-0.0999933	0.244803	0.296538	-0.398756	0.135704	-0.222655
0.106716	-0.114042	-0.0585539	-0.101022	-0.213158	0.149795	0.0428169	-0.100223	0.249799	0.0378728
0.109229	0.0360333	-0.11727	0.0790215	-0.207724	0.0644233	0.270936	-0.0521813	0.086378	-0.268844
0.0487835	0.00142178	0.0271823	0.0232137	-0.125606	0.165472	0.182361	-0.0645676	-0.0485978	-0.209662
0.076933	0.253095	-0.0471948	0.13037	0.0131455	0.00333346	0.0605124	-0.276201	0.0855117	-0.299504
-0.101438	0.445715	0.133947	0.0602732	-0.0331454	0.150735	-0.0524189	-0.295126	-0.0136001	-0.294942
-0.117732	0.277078	0.252154	0.195932	0.250668	0.138323	-0.0246422	-0.274638	-0.171752	-0.525391
-0.189203	0.274678	0.284863	0.174278	0.0234073	0.113287	0.120565	-0.510633	-0.106915	-0.184326
-0.0742168	0.00365422	0.245697	-0.0615193	0.282411	0.0330658	0.10137	-0.597789	0.146306	-0.0789772
0.0549664	-0.175211	0.38137	0.0415473	0.00180251	0.185957	-0.100724	-0.419717	0.00995257	0.0200598
0.0560855	-0.0946125	0.274852	-0.0859329	-0.116912	0.243198	-0.126587	-0.305776	0.00583949	0.14985
-0.0397842	-0.0130124	0.226623	-0.104746	-0.106549	0.162161	-0.0594795	-0.053051	-0.106087	0.093927
-0.0177446	-0.00292015	0.0814268	-0.0278208	-0.070157	0.0911314	-0.0162838	-0.0240767	-0.0325927	0.0190376
0.00249037	0.00521511	-0.0242702	-2.3469e-05	0.00405416	0.0244553	-0.00012175	-0.00113612	-0.00463453	-0.00602888
1.0423e-05	-8.28796e-11	-2.22577e-06	-5.99365e-07	-7.26921e-09	-2.8858e-06	-4.39879e-07	-1.42596e-08	-4.21889e-06	-3.18623e-08
0.0	0.0	0.0	0.0	0.0	0.0	0.0	0.0	0.0	0.0
0.0	0.0	0.0	0.0	0.0	0.0	0.0	0.0	0.0	0.0
-0.000339566	-0.000198546	0.00133091	0.0806995	-0.000166667	-0.000473578	-3.05787e-05	-0.0587299	-0.00261987	-0.0194717
-0.0294639	-0.0537863	-0.0345994	0.269845	-0.0145416	0.0485775	-0.00191227	-0.133644	-0.0352045	-0.0152701
-0.188406	-0.0172257	-0.00291832	0.367311	-0.0565454	0.195179	-0.0164029	-0.0333481	-0.0932855	-0.154357
-0.200455	0.435583	-0.0476554	0.32897	-0.112852	0.196416	-0.0577096	0.0834645	-0.379867	-0.245892
-0.0868118	0.394753	0.00433406	0.268968	-0.07426	-0.0153688	-0.137103	0.260469	-0.362801	-0.252177
0.129076	0.0962382	0.0992287	0.255716	-0.0595277	-0.186775	-0.277727	0.348841	-0.178423	-0.226647
0.198748	-0.0289734	0.153708	0.0209404	-0.0421104	0.136979	-0.303571	-0.322604	0.21045	-0.0235664
0.297532	0.046689	0.190137	0.201751	-0.034247	0.109862	-0.328801	-0.168998	0.0131947	-0.32712
0.348627	-0.0871476	-0.0142747	0.117049	-0.0192694	0.319317	-0.416353	-0.139624	-0.0993027	-0.00902089
0.336254	-0.0754196	0.209205	0.244619	-0.00475791	0.0607477	-0.303153	-0.342664	0.0170307	-0.141862
0.193909	0.207544	0.127076	-0.189764	-0.139177	0.108417	-0.0544773	-0.326807	0.149115	-0.0758364
0.246003	-0.0569084	-0.127603	0.181158	-0.0837828	-0.105518	-0.0307155	-0.304531	0.425944	-0.144046
0.267066	-0.241744	-0.0590251	-0.155051	-0.029999	0.0917074	0.0774501	-0.15662	0.186586	0.0196301
0.219416	0.116858	-0.0976147	-0.0590613	-0.107635	-0.0620256	0.036216	-0.00945665	0.169013	-0.20571
0.0401284	0.063963	-0.0191255	-0.306888	0.144205	0.161563	-0.0526192	-0.190367	0.341877	-0.182737
0.0858719	0.275554	-0.0771558	0.0446674	-0.00607737	-0.0575165	-0.021626	-0.148028	0.0721527	-0.167844
-0.343746	0.0151953	0.268707	0.308514	0.237343	-0.318868	0.0604757	-0.249138	0.160471	-0.138956
-0.378252	0.0432044	0.471957	-0.00630877	0.200502	-0.0919803	0.0862196	-0.411204	0.167433	-0.0815728
-0.353033	-0.0766608	0.398055	0.0528778	0.209127	0.050349	0.0414761	-0.543944	0.212883	0.00887269
-0.17272	-0.156345	0.485922	-0.0626067	0.233057	-0.0326972	-0.0413621	-0.540241	0.0630427	0.223956
-0.0647438	-0.126846	0.419908	-0.161037	-0.0982297	0.0569105	-0.0488295	-0.350723	0.0172455	0.35635
-0.0452884	-0.106646	0.278254	-0.0899069	-0.139553	0.152306	-0.0493093	-0.314976	0.0668867	0.248236
-0.0616415	-0.0260313	0.217904	-0.0410352	-0.0979602	0.101452	-0.0332877	-0.0904881	-0.0711527	0.102241
-0.0118334	0.000486365	0.0817726	-0.0250788	-0.00292058	0.0339469	-0.0086508	-0.0278918	-0.0262189	-0.0136116
-1.7105e-05	0.0217832	-0.0171569	0.00828115	0.00417884	0.0143489	-0.000147788	-0.000923303	-0.0192797	-0.0110672
0.0	0.0	0.0	0.0	0.0	0.0	0.0	0.0	0.0	0.0
0.0	0.0	0.0	0.0	0.0	0.0	0.0	0.0	0.0	0.0
0.0	0.0	0.0	0.0	0.0	0.0	0.0	0.0	0.0	0.0
-0.0015393	-9.74239e-06	-0.00212544	0.0378683	-1.18013e-05	-0.000478519	-3.94625e-06	-0.0285447	-0.000138881	-0.0050159
-0.00256126	-0.0360292	-0.0827223	0.161552	-0.000337632	0.0456835	-0.000157199	-0.0138775	-0.0569497	-0.0146009
-0.0146876	-0.0698777	-0.138345	0.302947	-0.0228092	-0.00405324	-0.00302047	0.112685	-0.196869	0.0340316
-0.0874203	0.0432898	-0.259846	0.284899	-0.0254474	0.00266574	-0.0218291	0.394979	-0.377806	0.0465198
-0.118676	0.0369113	-0.377374	0.532345	-0.0375243	-0.0351476	-0.0371338	0.418854	-0.405629	0.0233771
-0.168614	-0.0831203	-0.35497	0.501467	-0.0372346	0.0838853	-0.0829282	0.260268	-0.240046	0.121294
-0.0984108	-0.20095	-0.188392	0.181429	-0.062697	0.160163	-0.159982	0.11602	0.181298	0.0715237
-0.0219476	-0.196573	-0.0544822	0.210676	0.0395047	0.39894	-0.236302	-0.0087894	0.0347704	-0.165796
-0.00187981	-0.266657	-0.172391	0.432132	0.011288	0.165626	-0.31839	0.0678363	0.0288732	0.0535636
-0.0229411	-0.298094	-0.11734	0.379908	0.164003	0.136064	-0.455018	-0.0187907	0.354002	-0.121794
0.256683	-0.285311	0.0937219	0.225505	-0.170189	0.20795	-0.393593	-0.0425995	0.301535	-0.193703
0.24844	-0.368732	0.0184974	0.341536	-0.201213	0.365352	-0.418758	0.138011	0.180283	-0.303417
0.148823	-0.374646	0.282102	0.325851	-0.114506	0.286717	-0.358122	-0.0360231	0.229256	-0.38945
-0.0191328	-0.278293	0.0442549	0.159367	-0.122064	0.27556	-0.28666	-0.0346047	0.310273	-0.0486994
-0.0914702	-0.512735	0.0115299	0.28617	0.0406215	0.0858218	-0.137734	-0.100603	0.515094	-0.0966938
-0.151816	-0.149916	0.179942	0.192062	-0.135474	0.236281	-0.084046	-0.0559961	-0.0857496	0.0547137
-0.292608	-0.0185419	0.260277	-0.190693	-0.0224496	0.245828	-0.0989078	-0.235844	0.298633	0.0543077
-0.332412	0.0186144	0.0232385	-0.142533	0.111924	0.0447111	-0.114031	-0.191565	0.510018	0.0720366
-0.327612	-0.0331133	0.0347839	-0.0592503	0.0735439	0.0608913	-0.0628941	-0.236377	0.148789	0.401243
-0.228705	-0.038234	0.222282	-0.0218766	0.0739018	0.00451443	-0.0683662	-0.263003	-0.0452366	0.364726
-0.103815	-0.0781707	0.0827967	-0.0502698	0.0272612	0.183652	-0.0402796	-0.25005	-0.061151	0.290029
-0.0405626	-0.0320961	0.127312	-0.0317658	-0.024305	0.130427	-0.0162064	-0.281436	-0.04883	0.217464
-0.00630175	-0.014228	0.2626	-0.0347112	-0.0566963	0.0739049	-0.00345786	-0.11093	-0.0657108	-0.0444683
-0.000493829	0.00726158	0.141042	-0.00686276	0.010695	-0.0290944	-0.00038007	-0.0448787	-0.0315843	-0.0457042
-4.10607e-07	0.00164963	0.020841	-1.6896e-05	-0.000141475	-0.000484844	-3.85337e-05	-1.73104e-06	-0.00452283	-0.0172839
0.0	0.0	0.0	0.0	0.0	0.0	0.0	0.0	0.0	0.0
0.0	0.0	0.0	0.0	0.0	0.0	0.0	0.0	0.0	0.0
0.0	0.0	0.0	0.0	0.0	0.0	0.0	0.0	0.0	0.0
-2.56665e-05	-2.62558e-07	-5.32761e-05	0.00356034	-8.0063e-05	-8.84626e-06	-3.59895e-07	-0.00505779	-0.000273871	0.00193979
-0.000128959	-0.0036513	-0.0188457	-0.0332409	-7.34879e-05	0.0451641	-5.34186e-05	0.022681	-0.00436107	-0.00749025
-0.00303203	-0.0526	-0.0593207	0.00106286	0.00197238	0.0536609	-0.000928122	0.127757	-0.110133	0.0415617
-0.0192368	-0.106547	-0.0887516	0.121081	-0.0544406	-0.0138768	-0.00185485	0.063226	-0.212589	0.31299
-0.0929166	-0.133297	-0.0798336	0.318585	-0.141378	-0.0180513	-0.00565328	-0.0135236	-0.151281	0.317353
-0.146226	-0.17685	-0.177136	0.536565	-0.22302	0.00971278	-0.0106282	0.0382218	-0.151984	0.30135
-0.22095	-0.164089	-0.356043	0.765161	-0.414426	0.0171052	-0.0394912	0.306391	-0.258728	0.365078
-0.322541	-0.263763	-0.418827	0.74389	-0.291038	0.18195	-0.0562076	0.384046	-0.216903	0.259397
-0.458375	-0.550359	-0.355128	0.692402	-0.112912	0.189099	-0.0518691	0.232208	0.106725	0.308211
-0.469201	-0.45476	-0.360087	0.564813	-0.280239	0.321695	-0.0494995	0.455011	0.0886139	0.183654
-0.595152	-0.283903	-0.224103	0.69552	-0.456782	0.321932	-0.0436085	0.368376	-0.0745013	0.292224
-0.53997	-0.347374	-0.132258	0.544828	-0.232694	0.330334	-0.106365	0.276496	-0.0261709	0.233177
-0.512353	-0.379833	0.00947452	0.328403	-0.220982	0.108902	-0.102786	0.22787	0.179957	0.361352
-0.459875	-0.407726	0.070763	0.174077	-0.248645	0.372931	-0.107328	0.234232	0.293289	0.0782843
-0.31333	-0.415196	0.0198622	0.254058	-0.396597	0.313622	-0.0886498	0.14305	0.267362	0.215821
-0.359026	-0.260455	-0.0515697	0.191465	-0.408838	0.311448	-0.0588618	0.100806	0.286557	0.248479
-0.308351	-0.133367	-0.22476	0.113067	-0.335152	0.198672	-0.0504791	0.270603	0.181422	0.28835
-0.173493	-0.105786	-0.27401	0.174991	-0.413497	0.180932	-0.0318791	0.0888425	0.119571	0.434333
-0.186693	-0.0401655	-0.192092	0.00682269	-0.240791	0.133594	-0.0172569	-0.0955616	0.046423	0.585724
-0.1419	-0.00832469	-0.157359	-0.0943078	-0.172119	0.220679	-0.0101133	-0.073187	-0.0261624	0.462796
-0.0595219	-0.00514824	-0.141632	-0.035282	-0.0767044	0.268224	-0.00697124	-0.0102107	-0.0412859	0.108533
-0.0148917	-0.000946769	-0.0668847	-0.00623967	-0.0660861	0.185648	-0.00305138	-0.0654314	-0.0130641	0.050948
-0.00302795	-1.18709e-05	-0.00697248	-0.000251804	-0.0427277	0.101381	-0.000594817	-0.00600238	-0.00629239	-0.0354996
-4.94232e-07	-9.37816e-06	0.0185063	-0.000259622	-0.00101346	-1.37892e-05	-2.46655e-05	-0.00104326	-0.00373013	-0.0124115
-3.64995e-07	-1.12031e-05	0.0221319	-3.82345e-06	-0.000149978	-1.02653e-05	-2.79751e-05	-1.38613e-06	-0.00358673	-0.0183402
0.0	0.0	0.0	0.0	0.0	0.0	0.0	0.0	0.0	0.0
0.0	0.0	0.0	0.0	0.0	0.0	0.0	0.0	0.0	0.0
0.0	0.0	0.0	0.0	0.0	0.0	0.0	0.0	0.0	0.0
0.0	0.0	0.0	0.0	0.0	0.0	0.0	0.0	0.0	0.0
0.0	0.0	0.0	0.0	0.0	0.0	0.0	0.0	0.0	0.0
-0.000200531	-0.00098384	-0.000775418	0.00154544	0.00375365	-0.00287548	-3.94935e-05	-0.0629198	-0.012049	0.0745445
-0.00390961	-0.00354808	-0.00305447	0.0253983	-0.00116261	-0.00850104	-0.000271226	-0.144375	-0.0400834	0.179507
-0.0193554	-0.00721637	-0.0106541	0.0436668	-0.05957	-0.0349178	-0.00112961	-0.130462	-0.0667047	0.286343
-0.0424303	-0.0107227	-0.024795	0.0559004	-0.147552	-0.113734	-0.00198597	0.00103544	-0.0279202	0.312207
-0.0603497	-0.017361	-0.0312474	0.0250089	-0.246549	-0.146223	-0.00441242	0.112619	-0.0154556	0.383972
-0.114615	-0.0305295	-0.0318455	0.00398343	-0.393417	-0.0957176	-0.00641962	0.21832	-0.0763387	0.526581
-0.103873	-0.0935048	-0.0297674	0.0379684	-0.401788	-0.0283645	-0.00728141	0.232466	-0.151762	0.54591
-0.0760276	-0.0818912	-0.0782028	0.044989	-0.475804	0.104924	-0.00915695	0.177217	-0.0965161	0.490471
-0.0510946	-0.103526	-0.0403786	0.00720341	-0.496377	0.0927497	-0.0108731	0.0616745	-0.100705	0.641329
-0.0985684	-0.166307	-0.071975	0.0244375	-0.556028	0.00613159	-0.0148155	0.381063	-0.130123	0.626189
-0.137086	-0.135001	-0.056365	-0.00655423	-0.694347	-0.0265182	-0.0124027	0.444018	-0.193433	0.817691
-0.103892	-0.0757046	-0.074386	0.00495379	-0.600556	0.101062	-0.0103119	0.544774	-0.227086	0.441151
-0.0732	-0.0582195	-0.09751	0.105686	-0.534006	0.015488	-0.00938744	0.328158	-0.152561	0.475555
-0.10382	-0.038568	-0.115817	0.0908469	-0.475539	-0.0454054	-0.00896653	0.325147	-0.0776565	0.449781
-0.0653366	-0.0485075	-0.0730818	0.0490463	-0.487838	-0.0895118	-0.0081952	0.31234	-0.0597717	0.470858
-0.0108272	-0.0268335	-0.0248582	0.0126084	-0.388283	-0.010375	-0.00493655	0.206091	-0.0773497	0.324765
-0.048455	-0.00951947	-0.0269114	-0.0160753	-0.197138	0.0493097	-0.00336932	-0.00426392	-0.0367276	0.293151
-0.0598341	-0.0045703	-0.0312089	-0.0118833	-0.0977921	0.0505112	-0.00231352	0.0014617	-0.0136804	0.16931
-0.0301931	-0.000753621	-0.0113724	0.00074633	-0.0528888	0.0228985	-0.000418642	0.0687841	-0.00330124	0.00649894
-0.0016689	-1.01737e-05	-6.76586e-05	-0.000251501	-0.00350217	0.000342493	-7.96756e-05	-0.00260942	-0.000291843	0.00813885
-5.05003e-06	-1.62193e-09	-5.78056e-07	-1.49416e-06	-0.00133848	-2.68239e-05	-1.52424e-06	-0.000140123	-1.18702e-05	0.00152595
-2.14369e-07	-1.80691e-08	-1.4218e-06	-2.56415e-07	-7.18495e-08	-9.63955e-08	-8.64455e-10	2.19724e-05	-6.84781e-07	-1.92076e-05
0.0	0.0	0.0	0.0	0.0	0.0	0.0	0.0	0.0	0.0
0.0	0.0	0.0	0.0	0.0	0.0	0.0	0.0	0.0	0.0
0.0	0.0	0.0	0.0	0.0	0.0	0.0	0.0	0.0	0.0
0.0	0.0	0.0	0.0	0.0	0.0	0.0	0.0	0.0	0.0
0.0	0.0	0.0	0.0	0.0	0.0	0.0	0.0	0.0	0.0
0.0	0.0	0.0	0.0	0.0	0.0	0.0	0.0	0.0	0.0
-3.2242e-06	-4.15299e-06	-2.16079e-06	-6.46998e-07	-1.23834e-06	-9.68772e-07	-7.39578e-08	0.000157743	-4.16945e-05	-0.000103583
-5.94818e-05	-1.07678e-05	-8.14967e-06	-2.53397e-06	-5.66801e-06	-1.73255e-05	-8.24977e-07	0.000683666	-0.000117114	-0.000461803
-8.9344e-05	-9.5449e-06	-3.21505e-05	-3.40807e-05	-0.00733788	-5.86592e-05	-2.57733e-06	-0.000584634	-0.000150319	0.00829919
-0.000175018	-2.25246e-05	-0.000117323	-9.33781e-05	-0.0419435	-0.000557346	-3.90179e-05	-0.00545763	-0.000246783	0.0486525
-0.000501872	-4.79299e-05	-0.000175446	-0.000200678	-0.0441338	-0.00120947	-7.13318e-05	0.00943184	-0.000407874	0.0373166
-0.00110309	-4.53831e-05	-0.000269542	-0.00136222	-0.02176	-0.000884051	-2.89676e-05	0.0101304	-0.000898364	0.0162212
-0.00110714	-0.00437235	-0.00514039	-0.00758456	-0.0500052	0.00347824	-6.49162e-05	0.0626168	-0.0152807	0.0174604
-0.00181236	-0.00143642	-0.00222078	-0.00431223	-0.031958	0.00989437	-6.63718e-05	0.0193197	-0.0039913	0.0165835
-0.00386784	-0.00419322	-0.000977741	-0.00463283	-0.0437564	0.00599467	-0.000403831	0.0312949	-0.00968186	0.0302243
-0.00656782	-0.00417088	-0.00119872	-0.00623275	-0.034849	-0.00337738	-0.000418078	0.147344	-0.00802481	-0.0825043
-0.00988358	-0.00202898	-0.000973215	-0.00860972	-0.108622	-0.0121752	-0.00083216	0.12602	-0.00665908	0.0237649
-0.009751	-0.000509341	-0.00112045	-0.00693054	-0.0545585	-0.00886026	-0.000774976	0.125035	-0.00619461	-0.0363348
-0.00563873	-0.000328094	-0.000966479	-0.00829565	-0.0339058	-0.00674405	-0.00054911	0.105565	-0.00328809	-0.0458486
-0.00439237	-0.00545471	-0.00131912	-0.00615899	-0.0305189	-0.00848663	-0.000521193	0.13783	-0.00330288	-0.0776749
-0.00454338	-0.0166289	-0.000811114	-0.00389135	-0.040924	-0.00626148	-0.000346572	0.168973	-0.00384035	-0.0917256
-0.00225422	-0.000284903	-0.000510262	-0.0028247	-0.0337583	-0.00670676	-0.000199707	0.1205	-0.00254156	-0.0714193
-0.0042767	-9.00803e-05	-0.00554325	-0.00144601	-0.00634548	-0.015775	-0.000190093	0.0394505	-0.00315023	-0.00263366
-0.0113596	-2.90758e-05	-0.00368548	-0.000435259	-0.00425444	-0.00689654	-8.17647e-05	0.0180862	-0.00161558	0.0102715
-0.0336527	-5.16938e-05	-0.0117391	-0.000276704	-0.00999824	-0.00551334	-0.000203423	0.0529837	-0.00142177	0.00987323
-0.0076907	-3.33448e-06	-0.000135171	-2.81096e-05	-0.00225346	-0.00123849	-1.96548e-05	0.0182357	-0.000294056	-0.00657276
0.0	0.0	0.0	0.0	0.0	0.0	0.0	0.0	0.0	0.0
0.0	0.0	0.0	0.0	0.0	0.0	0.0	0.0	0.0	0.0
0.0	0.0	0.0	0.0	0.0	0.0	0.0	0.0	0.0	0.0
0.0	0.0	0.0	0.0	0.0	0.0	0.0	0.0	0.0	0.0
