0.0	0.0	0.0	0.0	0.0	0.0	0.0	0.0	0.0	0.0
0.0	0.0	0.0	0.0	0.0	0.0	0.0	0.0	0.0	0.0
0.0	0.0	0.0	0.0	0.0	0.0	0.0	0.0	0.0	0.0
0.0	0.0	0.0	0.0	0.0	0.0	0.0	0.0	0.0	0.0
0.0	0.0	0.0	0.0	0.0	0.0	0.0	0.0	0.0	0.0
0.0	0.0	0.0	0.0	0.0	0.0	0.0	0.0	0.0	0.0
0.0	0.0	0.0	0.0	0.0	0.0	0.0	0.0	0.0	0.0
0.0	0.0	0.0	0.0	0.0	0.0	0.0	0.0	0.0	0.0
0.0	0.0	0.0	0.0	0.0	0.0	0.0	0.0	0.0	0.0
0.0	0.0	0.0	0.0	0.0	0.0	0.0	0.0	0.0	0.0
0.0	0.0	0.0	0.0	0.0	0.0	0.0	0.0	0.0	0.0
0.0	0.0	0.0	0.0	0.0	0.0	0.0	0.0	0.0	0.0
-3.79928e-06	-6.47452e-06	-0.000693196	-6.65262e-05	-0.00477548	-9.99787e-05	0.00653542	-6.88247e-06	-0.00016184	-0.000721244
-2.3803e-05	-1.53437e-05	-0.00113603	-0.000161711	-0.0105993	-0.000219735	0.0141674	-1.96863e-05	-0.000364188	-0.00162757
-1.72306e-05	-1.29831e-06	0.000424899	-1.78514e-05	-0.000158764	-9.08435e-07	-0.000159046	-5.13683e-06	-1.0922e-05	-5.37402e-05
-7.17942e-07	-5.40963e-08	1.77041e-05	-7.43809e-07	-6.61517e-06	-3.78514e-08	-6.62694e-06	-2.14035e-07	-4.55082e-07	-2.23918e-06
0.0	0.0	0.0	0.0	0.0	0.0	0.0	0.0	0.0	0.0
0.0	0.0	0.0	0.0	0.0	0.0	0.0	0.0	0.0	0.0
0.0	0.0	0.0	0.0	0.0	0.0	0.0	0.0	0.0	0.0
0.0	0.0	0.0	0.0	0.0	0.0	0.0	0.0	0.0	0.0
0.0	0.0	0.0	0.0	0.0	0.0	0.0	0.0	0.0	0.0
0.0	0.0	0.0	0.0	0.0	0.0	0.0	0.0	0.0	0.0
0.0	0.0	0.0	0.0	0.0	0.0	0.0	0.0	0.0	0.0
0.0	0.0	0.0	0.0	0.0	0.0	0.0	0.0	0.0	0.0
0.0	0.0	0.0	0.0	0.0	0.0	0.0	0.0	0.0	0.0
0.0	0.0	0.0	0.0	0.0	0.0	0.0	0.0	0.0	0.0
0.0	0.0	0.0	0.0	0.0	0.0	0.0	0.0	0.0	0.0
0.0	0.0	0.0	0.0	0.0	0.0	0.0	0.0	0.0	0.0
0.0	0.0	0.0	0.0	0.0	0.0	0.0	0.0	0.0	0.0
0.0	0.0	0.0	0.0	0.0	0.0	0.0	0.0	0.0	0.0
0.0	0.0	0.0	0.0	0.0	0.0	0.0	0.0	0.0	0.0
0.0	0.0	0.0	0.0	0.0	0.0	0.0	0.0	0.0	0.0
-5.20213e-09	-3.40002e-08	-1.1535e-05	-9.86137e-09	-5.15896e-05	-1.07034e-07	6.55823e-05	-8.16852e-08	-7.21607e-07	-1.49834e-06
-1.12442e-07	-1.00308e-07	-3.63124e-05	-4.31933e-08	-0.000476087	-3.22239e-07	0.000521074	-8.0827e-07	-2.14439e-06	-5.14355e-06
-1.97698e-05	-1.07683e-07	-0.000451914	-7.62036e-06	-0.0456559	-1.85315e-05	0.0463808	-6.1598e-05	-5.26097e-06	-0.000160069
-4.07836e-05	-7.53512e-05	-0.00109139	-1.81671e-05	-0.101391	-3.4511e-05	0.103584	-0.000478827	-6.1639e-05	-0.000391944
-6.11474e-05	-0.00362527	-0.00220672	-0.000192329	-0.101341	-0.000106488	0.111984	-0.00271918	-0.000881577	-0.000850355
-0.000204762	-0.00295663	-0.00453625	-0.000201121	-0.0420057	-0.000193186	0.0531639	-0.00148797	-0.0009276	-0.000650712
-0.00265538	-0.00177012	-0.00787951	-0.000211779	-0.0514943	-0.000822305	0.0691642	-0.000965352	-0.00089785	-0.00246752
0.0283213	-0.000748777	-0.028716	-0.000386945	-0.0924763	-0.000959511	0.115835	-0.00802039	-0.00152722	-0.0113212
0.0605574	-0.000709267	-0.0319867	-0.0015153	-0.178799	-0.00751496	0.204618	-0.0224389	-0.00157507	-0.0206358
0.0253952	-0.000531679	-0.0197639	-0.000937062	-0.0853106	-0.00686669	0.104707	-0.00600853	-0.00196358	-0.00872054
-0.00122564	0.0214088	0.00543073	-0.00682049	-0.0217874	-0.00312619	0.012874	-0.00038106	-0.00361393	-0.00275873
0.0230501	0.0320257	0.0348767	-0.00887835	-0.112702	-0.00391758	0.0513443	-0.000992188	-0.00285515	-0.0119519
0.066103	-0.00978802	0.085042	-0.00262339	-0.121098	-0.00414325	0.0207263	-0.00205657	-0.00375298	-0.0284094
0.0310338	-0.00504325	0.0142746	-0.000928021	-0.0479555	-0.00253246	0.0315501	-0.000941952	-0.00333039	-0.016127
-0.00143137	-0.000326098	-0.024175	-0.000221134	-0.0184054	-0.00350331	0.0521506	-0.000158409	-0.0017992	-0.00213072
-0.000734696	-7.34626e-05	-0.0174254	-0.000135819	-0.0335284	-0.00329631	0.0583502	-0.00021293	-0.00134962	-0.00159361
-0.000332044	-9.62211e-05	-0.00698642	-0.00013579	-0.0271284	-0.00168117	0.0387152	-0.000103943	-0.000806493	-0.00144467
-0.000137657	-0.000227626	-0.003634	-6.80065e-05	-0.0282985	-0.000341179	0.0341405	-9.04722e-06	-0.000950038	-0.000474532
-1.83305e-05	-1.97116e-05	-0.000401475	-5.40284e-06	-0.0397863	-1.44718e-05	0.0406725	-2.37491e-05	-0.000133269	-0.000269844
-2.3061e-06	-1.46813e-06	-0.000189093	-6.95097e-07	-0.0152733	-1.34999e-05	0.0157151	-3.28222e-05	-5.51912e-05	-0.000146726
0.0	0.0	0.0	0.0	0.0	0.0	0.0	0.0	0.0	0.0
0.0	0.0	0.0	0.0	0.0	0.0	0.0	0.0	0.0	0.0
0.0	0.0	0.0	0.0	0.0	0.0	0.0	0.0	0.0	0.0
0.0	0.0	0.0	0.0	0.0	0.0	0.0	0.0	0.0	0.0
0.0	0.0	0.0	0.0	0.0	0.0	0.0	0.0	0.0	0.0
0.0	0.0	0.0	0.0	0.0	0.0	0.0	0.0	0.0	0.0
-4.16804e-08	-6.14837e-10	-5.91651e-07	-2.66426e-09	-5.8677e-06	-9.0646e-07	9.30748e-06	-8.443e-12	-1.4859e-06	-4.10791e-07
0.00409787	-4.587e-10	-2.73614e-05	-9.86597e-07	-0.00382303	-0.000122434	0.000399078	-0.000240704	-8.94922e-06	-0.000273486
0.00153203	-2.14575e-06	-0.000799349	-1.24097e-06	-0.00171978	-1.50635e-05	0.00122994	-8.43876e-05	-3.5878e-05	-0.000104128
-0.000412204	-9.80344e-06	7.53217e-05	-0.000319601	-0.001335	-6.41329e-06	0.00204428	-3.136e-06	-2.3962e-05	-9.47759e-06
-0.0256204	-5.48117e-05	-0.00117699	-0.00175372	-0.0465423	-5.40608e-05	0.0760106	-0.000450362	-0.000175147	-0.000182794
-0.0303715	-0.00205232	-0.00667361	-0.00332524	-0.150579	-0.000932984	0.197647	-0.00190795	-0.000914165	-0.000890116
-0.0232111	-0.0354354	0.0291421	-0.0127705	-0.188551	-0.00411245	0.244295	-0.0046154	-0.00297989	-0.00176114
-0.0258706	-0.0699285	0.129224	-0.0217834	-0.155283	-0.0159529	0.180758	-0.00630908	-0.0109212	-0.00393214
-0.024225	-0.049505	0.0796513	-0.00735712	-0.270682	-0.0534326	0.378003	-0.0149528	-0.0230242	-0.0144734
-0.0430006	-0.0619443	0.142805	0.0390292	-0.288186	-0.106019	0.42135	-0.0355192	-0.0434882	-0.025024
-0.0466077	0.0112517	0.0785115	0.0552757	-0.385304	-0.107272	0.5175	-0.0357496	-0.0483483	-0.0392543
-0.0747575	0.167744	0.0084095	0.00539044	-0.267948	-0.112646	0.393169	-0.0166037	-0.0660073	-0.0367473
-0.129209	0.151276	0.0608046	-0.00279466	-0.160281	-0.126725	0.324305	-0.0205297	-0.0639776	-0.0328655
-0.149234	0.301005	0.1453	-0.0574643	-0.234498	-0.082487	0.211409	-0.025301	-0.0720948	-0.036631
-0.115644	0.197221	0.130161	-0.0437586	-0.28747	0.000159392	0.259433	-0.0128686	-0.081126	-0.0461047
-0.0994791	0.0564851	0.00462304	-0.0454511	-0.140502	0.073785	0.246999	-0.00806804	-0.0583123	-0.0300768
-0.0634727	-0.00781364	-0.0264915	-0.0723219	-0.118094	0.0734558	0.2467	-0.0040706	-0.00741881	-0.020471
-0.045583	0.0341323	-0.0985395	-0.0350222	-0.0808466	0.0110795	0.279394	-0.00221941	-0.0475295	-0.0148643
-0.0322039	-0.00621071	-0.0340308	-0.0112703	-0.0645315	-0.0598516	0.233192	-0.00116739	-0.0175558	-0.00636972
-0.0163598	-0.0098558	-0.0330148	-0.0120973	-0.0585167	-0.0705709	0.227386	-0.00096204	-0.0170647	-0.00894424
-0.00830631	-0.00358814	-0.0379078	-0.00877041	-0.0604125	-0.0405385	0.175805	-0.000667134	-0.0114744	-0.00413971
-0.00418288	-0.0018757	-0.00814425	-0.0022252	-0.0377205	-0.0320232	0.0909512	-7.84795e-05	-0.00431376	-0.00038717
-0.000631727	-0.000573114	0.0394647	-0.000197884	-0.00403686	-0.0113036	-0.0204867	-3.19172e-05	-0.00216657	-3.63282e-05
-9.1748e-06	-2.58514e-05	0.0276973	-1.01564e-06	-0.000473229	-0.000985777	-0.0254014	-2.68663e-08	-0.000799233	-1.60261e-06
0.0	0.0	0.0	0.0	0.0	0.0	0.0	0.0	0.0	0.0
0.0	0.0	0.0	0.0	0.0	0.0	0.0	0.0	0.0	0.0
0.0	0.0	0.0	0.0	0.0	0.0	0.0	0.0	0.0	0.0
0.0	0.0	0.0	0.0	0.0	0.0	0.0	0.0	0.0	0.0
-9.31826e-08	0.000990301	-0.000133289	-4.57347e-05	-1.29479e-05	-9.19617e-06	-0.00052163	-1.0531e-08	-0.000266362	-1.03703e-06
0.00976366	0.000235664	-0.00022855	-3.61186e-05	-0.0121785	0.000157906	0.00438842	-0.000703852	-0.000487357	-0.00091129
-0.00773374	-8.10021e-05	-0.00457951	-0.00479847	-0.00526622	0.0156404	0.00852553	-0.00111865	-0.000249305	-0.000339045
-0.070322	-0.00431485	-0.0035214	0.116321	-0.00692378	-0.0533016	0.0293142	-0.0019483	-0.00435056	-0.000952812
-0.099537	-0.00293157	0.00102164	0.0880622	-0.085289	-0.0338761	0.145447	-0.00290805	-0.00847931	-0.00150953
-0.10994	-0.0252437	0.055135	0.131185	-0.145917	-0.0474684	0.187162	-0.0149741	-0.0263561	-0.00358042
-0.0222665	-0.076855	0.157641	0.16553	-0.285793	-0.0600814	0.213005	-0.0474484	-0.0320231	-0.0117058
-0.0603297	-0.115571	0.438496	0.0721365	-0.385507	-0.0875012	0.247932	-0.0571739	-0.023415	-0.0290614
-0.0328996	-0.190748	0.37686	0.182273	-0.375235	-0.0590592	0.299348	-0.10673	-0.0407178	-0.0530852
0.0351085	-0.311831	0.446821	0.423755	-0.445984	-0.142754	0.342586	-0.16363	-0.103029	-0.081039
0.0162471	-0.14479	0.388462	0.504056	-0.651144	-0.0486886	0.274976	-0.121514	-0.108418	-0.109183
0.163159	-0.0706066	0.515615	0.286055	-0.767389	-0.0768182	0.306691	-0.115212	-0.0863809	-0.155111
0.152409	-0.12878	0.297973	0.531271	-0.557507	-0.0445632	0.259005	-0.115477	-0.205148	-0.189183
0.0869734	0.0534475	0.212609	0.415025	-0.534216	0.0859178	0.205847	-0.109621	-0.194599	-0.221383
0.103814	0.144185	0.309215	0.298444	-0.461922	-0.0348633	0.0330344	-0.0844686	-0.124218	-0.183218
-0.00419464	-0.0741777	0.188408	0.251634	-0.299329	0.0969281	0.0139584	-0.0559869	-0.00217948	-0.115061
-0.163372	-0.219236	-0.13586	0.324123	-0.238684	0.237886	0.185632	-0.0470632	0.0895625	-0.032988
-0.194533	-0.139428	-0.157003	0.282572	-0.0565776	0.217743	0.241943	-0.0263587	-0.121663	-0.0466913
-0.120937	-0.17527	-0.241333	0.324567	0.00995922	0.278408	0.0704317	-0.0252144	-0.0797109	-0.0408952
-0.143574	-0.16014	-0.173738	-0.0609476	0.011283	0.268871	0.244057	-0.0141159	0.0512544	-0.0229464
-0.106136	-0.122816	-0.159816	-0.1516	0.0267299	0.11934	0.312557	-0.00382523	0.09202	-0.00645284
-0.0508593	-0.0855127	-0.1343	-0.0889025	0.0243912	-0.0624045	0.310532	-0.00120781	0.0907999	-0.00253569
-0.0187525	-0.0707307	-0.0130959	-0.0273407	-0.0118503	-0.0315794	0.159676	-0.0004663	0.0147537	-0.00061341
-0.00249754	-0.0210897	0.0222726	-0.000374111	-0.000557116	0.0554128	-0.0570212	-5.72655e-06	0.00389925	-3.93229e-05
-0.00134543	-0.0277742	-0.000446307	-2.11323e-05	-0.000216265	0.0108274	0.0219325	-1.66973e-07	-0.00295341	-2.93998e-06
0.0	0.0	0.0	0.0	0.0	0.0	0.0	0.0	0.0	0.0
0.0	0.0	0.0	0.0	0.0	0.0	0.0	0.0	0.0	0.0
-2.55421e-08	-1.92884e-08	-2.13679e-05	3.40068e-05	-1.6345e-07	-1.12647e-05	-2.4937e-08	-1.41645e-08	-1.11215e-06	-1.48187e-08
-3.46715e-05	0.00339099	-0.0011035	0.00152245	-4.62732e-06	-0.0014314	-0.0018817	-6.23073e-08	-0.000455201	-2.27289e-06
-0.000397978	0.000405281	-0.00808073	0.0216342	-0.00137745	-0.00756053	-0.00392291	0.000535454	-0.00101653	-0.000218822
-0.0105849	0.00718233	-0.0515987	0.0680843	0.0193493	-0.0461964	0.023365	-0.00302695	-0.00594641	-0.000627432
-0.102591	0.0515344	0.014794	0.282836	0.0237104	-0.206368	0.0162544	-0.0333101	-0.0393306	-0.00752779
-0.110209	0.0403206	0.173752	0.305016	-0.0634554	-0.226808	0.00110452	-0.0398249	-0.0697406	-0.0101506
-0.0260573	-0.0279486	0.11792	0.333892	-0.0815271	-0.157585	0.0121523	-0.0754724	-0.0643823	-0.0309878
0.0177472	-0.0379973	0.207143	0.464075	-0.255652	-0.348706	0.123392	-0.119575	0.0236956	-0.0741163
0.119996	-0.0718058	0.401794	0.386119	-0.350691	-0.276294	0.00902793	-0.21775	0.154358	-0.154749
0.0995914	-0.110705	0.309159	0.499229	-0.482554	-0.0391934	0.0425118	-0.322755	0.19578	-0.19106
0.201002	-0.294137	0.37821	0.558627	-0.448704	0.151198	-0.0962863	-0.364932	0.195217	-0.280196
-0.00236178	-0.141617	0.34764	0.430573	-0.332025	0.0661481	-0.110406	-0.31645	0.416989	-0.35849
0.0590039	0.203458	0.183733	0.475717	-0.164852	-0.231726	-0.0475529	-0.32052	0.163958	-0.321221
-0.0529851	0.186314	0.347676	0.330473	-0.358974	-0.0119213	-0.0696183	-0.376112	0.425608	-0.420463
0.0864434	-0.00707811	0.188346	0.358989	-0.450412	0.366447	-0.140592	-0.354531	0.402877	-0.450489
-0.0860541	0.0756753	0.15347	0.43906	-0.189678	0.0947478	0.0321846	-0.340318	0.314296	-0.493383
0.0877594	-0.0422943	0.0923811	0.158796	-0.107099	0.149771	0.116491	-0.295286	0.171631	-0.33215
-0.0309101	-0.211499	0.0205865	0.319777	-0.107721	0.389268	-0.00512977	-0.23722	0.12446	-0.261613
-0.108279	0.129941	-0.162541	0.104472	0.182817	0.16736	0.0379097	-0.153585	0.0838074	-0.281903
-0.0989841	0.0828011	-0.147334	0.0240943	0.300701	-0.217981	0.11727	-0.112708	0.235083	-0.182942
-0.130123	0.0010858	-0.335694	-0.119338	0.289932	0.249635	0.206302	-0.0323348	0.064255	-0.193718
-0.100896	-0.0978215	-0.410616	-0.0839198	0.32854	0.117488	0.324129	-0.0466893	0.0771338	-0.107343
-0.171053	-0.136732	-0.346827	-0.266149	0.325797	0.352166	0.295983	-0.0219669	0.00556167	-0.0367741
-0.192624	-0.273042	-0.175578	-0.0414795	0.205664	0.432058	-0.0651183	-0.00608094	0.126244	-0.0100385
-0.0528037	-0.135041	-0.00865937	-0.00417538	0.00445917	0.160283	-0.0637775	-0.00134129	0.103924	-0.00286749
-0.00601521	-0.0161119	-0.00525316	-0.000109837	-0.0234555	0.0253323	-0.0103531	-0.000337632	0.0376349	-0.0013308
-0.000104054	-0.00841822	-0.00464873	-2.60306e-05	-0.00375443	-0.00386805	0.0164676	-2.08562e-05	0.00453605	-0.000163236
0.0	0.0	0.0	0.0	0.0	0.0	0.0	0.0	0.0	0.0
0.0	0.0	0.0	0.0	0.0	0.0	0.0	0.0	0.0	0.0
-0.000332712	0.000383723	0.000419423	0.00244166	-9.26602e-05	-0.00254939	7.63348e-05	-6.87033e-06	-0.000336884	-2.6321e-06
-0.00413099	0.00867018	-0.00574149	0.101769	0.00173536	-0.0446098	-0.0400283	-0.00181317	-0.0118129	-0.0040375
-0.0300737	0.0203606	0.00347571	0.222145	0.0146996	-0.187807	0.0336004	-0.021474	-0.0420218	-0.0129039
-0.141786	0.137852	0.0097435	0.443222	0.0490576	-0.258442	-0.165752	0.108563	-0.141378	-0.0410762
-0.0260139	0.0701386	0.0317769	0.439571	-0.0137446	-0.317642	-0.110126	0.137374	-0.117063	-0.094267
-0.0216261	-0.133905	0.115034	0.324318	-0.0492555	-0.0994357	-0.132426	0.134605	0.00148179	-0.138788
0.0503847	-0.328105	0.219724	0.150239	-0.0657606	-0.144526	0.0932115	0.195175	0.00538544	-0.175727
0.0660455	-0.367443	0.0580002	0.180409	-0.0145896	0.0940779	-0.011944	0.11453	0.125561	-0.244647
0.251311	-0.238292	0.120862	0.153955	-0.200739	0.193858	0.0741417	-0.124071	-0.121465	-0.109562
0.149644	-0.333737	0.204649	0.148044	-0.117356	0.117839	-0.466852	-0.19638	0.275562	0.218586
-0.0437597	-0.232377	0.121877	0.0921117	-0.0426784	0.0411254	-0.286747	-0.0687729	0.267002	0.15222
0.17612	-0.0275649	0.0954476	0.115083	-0.318591	-0.0206707	-0.34	-0.0907067	0.159814	0.251068
0.212861	0.0112231	0.0880617	0.0309632	-0.0507309	-0.118023	-0.0132062	-0.290169	0.266268	-0.137247
0.140906	0.206155	0.164193	0.195288	-0.0553533	-0.145196	-0.236915	-0.389235	0.117619	0.00253833
0.0960374	-0.137756	0.335401	0.372273	0.0359195	0.0925672	-0.201328	-0.325267	0.153368	-0.421215
0.32616	-0.231514	0.182567	-0.0579594	-0.100542	0.175232	-0.0117642	-0.396254	0.423579	-0.309503
0.356008	-0.0147476	0.122283	0.019166	0.0840212	0.149484	0.130922	-0.420443	-0.16639	-0.260305
0.0577572	0.0232807	-0.00661539	0.1578	0.180127	0.0157341	0.191207	-0.54532	0.136833	-0.210806
-0.122707	0.128246	0.0522929	0.0236392	0.0651014	0.302732	0.0875006	-0.529876	0.215729	-0.222659
-0.00351519	0.310867	0.0415648	-0.114961	0.0666281	0.122154	0.114304	-0.317737	0.0598836	-0.279189
0.00363515	0.271193	-0.127997	-0.0836928	0.243334	0.299841	0.00551919	-0.220154	-0.0394829	-0.352192
-0.245048	0.118865	-0.289308	-0.258235	0.459018	0.388442	0.306213	-0.11261	-0.145025	-0.22231
-0.298321	-0.0164977	-0.26316	-0.0923682	0.114009	0.487874	0.100864	-0.0327535	0.0913408	-0.090986
-0.122913	-0.169482	-0.0585662	-0.0231202	-0.0629269	0.327164	-0.0692938	-0.0103716	0.219622	-0.0301107
-0.0353855	-0.0329939	-0.0191493	-0.00198178	-0.0339711	0.0759555	0.0341106	-0.00432816	0.0218727	-0.00412879
-0.0130136	-0.0108163	-0.00682671	-0.000102705	-0.000380108	0.00907779	0.0246399	-0.000146998	-0.00239583	-3.54616e-05
0.0	0.0	0.0	0.0	0.0	0.0	0.0	0.0	0.0	0.0
-4.7567e-06	-1.51782e-06	-5.40844e-05	0.000643821	-1.67269e-06	-5.27032e-05	-2.61789e-07	-1.20559e-05	-5.82958e-05	-0.000458473
-0.00129245	-0.0230636	-0.00814912	0.00712608	-0.00283448	0.00341223	-0.00151789	0.0344035	-0.00422308	-0.00386119
-0.00345273	0.00367385	0.00290646	0.14646	-0.0385895	-0.147753	-0.0414225	0.14758	-0.0405088	-0.028893
-0.0466544	0.0167061	0.105287	0.192031	0.0237688	-0.227076	0.0332998	0.0972097	-0.100651	-0.0939185
-0.0280632	-0.0206343	0.0759463	0.248278	0.184935	-0.166199	-0.119027	0.214878	-0.119665	-0.270444
0.0194707	-0.0940653	0.169007	0.279735	0.126074	-0.0980603	-0.271912	0.324626	-0.170177	-0.284695
0.0385756	-0.246348	0.134701	0.0822553	0.0757999	0.0408998	-0.0617905	0.313781	-0.0628809	-0.314993
-0.0129896	-0.369547	0.0536364	0.219928	-0.0398608	-0.0151782	-0.0483626	0.351786	0.037889	-0.177301
-0.254478	-0.47029	0.23677	0.343735	0.0891332	-0.0879474	-0.159691	0.199099	0.0732894	0.0303793
0.000197152	-0.203635	0.228086	0.374203	-0.173339	-0.0528869	-0.348805	0.282062	-0.0978213	-0.00805853
-0.0392876	-0.0534125	-0.0536501	0.171725	-0.283781	-0.0708289	-0.314194	0.408238	0.00927352	0.225917
-0.219775	-0.222094	0.0510968	0.00134132	-0.168842	0.0133407	-0.187305	0.278484	0.325541	0.128214
0.266573	-0.277554	0.0182723	0.382982	-0.369476	-0.0552384	-0.408294	-0.0290298	0.0644042	0.407363
0.196005	-0.195756	-0.0250085	0.135615	-0.43049	0.188636	-0.277641	-0.00548749	0.0440767	0.370051
-0.0382571	-0.274976	0.0730541	0.136281	-0.504182	-0.0277917	-0.100265	0.104819	0.380257	0.251063
0.0589768	-0.238331	0.156987	0.259333	-0.419178	-0.0883206	-0.243387	0.0539882	0.0718809	0.388051
0.168878	-0.391555	-0.0230919	0.00681092	-0.214027	0.0242118	-0.196638	0.125783	0.182352	0.317275
0.335147	-0.10106	-0.0536966	0.325833	-0.402561	0.0932173	-0.395976	0.0417361	-0.16845	0.32581
0.0493668	-0.228057	-0.110868	-0.146314	-0.0700652	0.286055	-0.212164	-0.0484444	0.416592	0.0638978
0.0914293	0.0351901	-0.181478	0.0834129	-0.183798	0.172141	-0.0774474	-0.0862861	0.0647664	0.0820703
0.328222	0.0689483	-0.0987658	0.087118	-0.089088	-0.0635984	-0.0889883	-0.0104709	-0.0488645	-0.0845115
0.389668	0.0972781	-0.183195	-0.103403	0.22753	0.193254	-0.0798318	-0.151904	-0.0949587	-0.294437
-0.0115465	0.105195	-0.460147	-0.174136	0.49082	0.289852	0.0557068	-0.227023	0.235469	-0.304193
-0.416623	0.000338572	-0.275833	-0.0736328	0.115475	0.799834	0.0458708	-0.0991475	0.103631	-0.199913
-0.296721	-0.127964	-0.0688545	-0.0507876	-0.0385937	0.471673	-0.0445359	-0.0442806	0.264925	-0.0648578
-0.13664	-0.0186691	-0.0118079	-0.00540511	0.0522883	0.167176	-0.0482133	-0.0131779	0.0381879	-0.0237379
-0.0359928	-0.0003183	-0.000543899	-0.000393879	-0.00184627	0.0501261	-0.00277161	-0.000706316	-0.00680627	-0.000746761
0.0	0.0	0.0	0.0	0.0	0.0	0.0	0.0	0.0	0.0
-0.000315383	-0.00198003	-0.00184959	0.0178716	-0.000998163	-0.0019288	-8.4407e-05	0.00634652	-0.00442046	-0.0126413
-0.000672019	-0.0369928	0.0287375	-0.0218181	-0.00430017	-0.0197	-0.00653513	0.0846798	-0.00769129	-0.0157077
-0.00558562	-0.0163681	0.0556038	0.0668851	-0.0155828	-0.164436	-0.0495104	0.263479	-0.0432324	-0.0912502
-0.0832077	-0.00610422	0.293757	0.336324	0.096956	-0.491347	0.0281554	0.129521	-0.052081	-0.251968
-0.016686	-0.144591	0.181547	0.470058	0.308293	-0.293771	-0.0817743	0.0678034	-0.0325728	-0.458301
0.0678009	-0.243381	0.341483	0.188931	0.134394	-0.0364607	-0.328921	0.271265	-0.0887721	-0.306337
-0.00663378	-0.273809	-0.0775035	0.0868949	0.148273	0.149981	0.006259	0.271934	0.00898617	-0.314381
-0.200198	-0.520236	0.162987	0.1257	0.00403258	0.234679	-0.0596318	0.118886	0.178419	-0.0446361
0.049777	-0.326473	-0.0208538	0.0804416	0.0297137	0.048119	-0.139678	0.24695	-0.0266448	0.0586493
0.0394829	-0.104539	-0.138599	-0.026949	-0.224287	0.259211	-0.236854	0.337067	0.120678	-0.0252092
0.104309	-0.234202	0.0981061	-0.0261926	-0.107347	0.151125	-0.092209	0.236905	-0.192378	0.0618853
-0.000218326	-0.0365293	-0.0547789	0.149307	-0.453991	0.0696719	-0.168424	0.224307	-0.131437	0.402094
0.161826	-0.229497	0.322561	-0.0181237	-0.307712	-0.225353	-0.3249	0.17518	-0.0534746	0.499499
0.0678997	-0.106398	0.0992743	0.303042	-0.416315	0.198728	-0.0977047	-0.0714758	-0.396737	0.41969
-0.0624046	-0.424017	-0.0688506	0.273555	-0.355849	-0.236817	-0.112111	0.15397	0.316637	0.515891
-0.0273519	-0.234014	0.034075	0.0445636	-0.437117	0.120748	-0.357313	0.238556	0.0630137	0.554839
0.274497	-0.247498	-0.29516	0.216083	-0.106418	0.0657878	-0.252772	0.286568	-0.213924	0.27284
0.297664	-0.313864	-0.0639855	-0.111094	-0.285304	0.0722313	-0.344449	0.378678	0.202213	0.167909
0.164349	-0.0891237	-0.0984116	0.115582	-0.0647878	0.060484	-0.340335	0.195236	-0.0733822	0.130388
-0.0243663	0.0457508	-0.217172	0.0275557	-0.0701212	0.079859	-0.326415	0.348911	-0.0421505	0.178147
0.0143288	-0.0722889	-0.0234265	-0.240212	-0.0588744	0.190909	-0.220387	0.202515	0.173664	0.0337715
0.0964502	-0.0750305	0.15589	-0.238283	0.187826	0.220837	-0.319858	0.14341	0.00580771	-0.17705
0.229557	-0.121834	-0.548768	-0.281804	0.39963	0.358747	-0.195096	0.0122961	0.362469	-0.215197
-0.148603	-0.346933	-0.41353	-0.199913	0.164102	0.729478	0.0703702	-0.061086	0.431954	-0.225834
-0.339172	-0.206158	-0.0875049	-0.0650041	0.0054154	0.805934	-0.105974	-0.0668372	0.161817	-0.102515
-0.159423	-0.00823458	-0.0167127	-0.00450771	0.0780475	0.156935	-0.0435037	-0.0128714	0.0522684	-0.0419974
-0.0111376	-0.0041022	-0.00127941	-0.000326876	-0.00255861	0.0241578	-0.010072	-0.00049556	0.00690959	-0.00109509
0.0154646	-2.79895e-07	-0.000253715	-7.80141e-07	-0.000530519	-5.59391e-06	-7.62628e-06	-0.00969262	-2.26321e-05	-0.00495083
-0.000351806	-0.00166352	0.00146282	-0.00833987	-0.0140262	-0.00150555	-0.000257278	0.0682893	-0.00458578	-0.0390221
0.00221423	-0.0231118	0.0110514	-0.0191161	0.0155963	-0.0223924	-0.00611515	0.128304	-0.0114244	-0.0750054
0.00976213	-0.00401759	0.0378159	0.0822447	-0.0010242	-0.172142	-0.0431485	0.353651	-0.00723121	-0.255908
-0.115433	-0.0338387	0.338398	0.372957	0.0585298	-0.640312	0.0284932	0.29956	0.0318894	-0.340232
-0.0652738	-0.0990528	0.0960826	0.203665	0.242042	-0.323698	-0.137823	0.2607	0.128255	-0.304892
-0.0354786	-0.235438	0.026269	0.0479278	0.0678336	-0.0554318	-0.27176	0.250778	0.237634	-0.0323329
-0.0608034	-0.193587	-0.00786411	0.0758777	0.0954528	-0.192434	-0.167339	0.536708	0.223976	-0.309989
0.00109918	-0.457873	0.0579332	-0.0445727	-0.132231	0.13682	-0.168836	0.295427	0.00656082	0.305672
0.251969	-0.479538	-0.0861244	-0.0735595	0.124341	0.0683795	-0.114145	0.166376	0.204363	-0.0620598
0.00398134	-0.229128	0.286167	0.0733835	-0.180548	0.116769	-0.204868	0.0435689	0.139987	-0.0493114
-0.02844	-0.283817	0.11503	0.0243015	0.0216294	0.126216	-0.171285	0.332004	-0.0118761	-0.123762
0.216477	-0.0607056	-0.0628361	0.0981636	-0.229477	-0.0419989	-0.204009	0.379152	0.255354	-0.350116
0.00623953	0.0215009	-0.0404649	0.0735827	-0.2915	-0.0875455	-0.211386	0.00847918	0.33739	0.183705
0.241311	-0.0274872	0.0552611	0.181704	-0.410683	-0.0944117	-0.422383	0.257922	-0.193959	0.412726
0.28033	0.00879728	0.0189993	0.166932	-0.268776	-0.215895	-0.500023	0.331522	-0.0466376	0.224754
0.565851	-0.308121	-0.0893809	0.10232	-0.519623	-0.0219884	-0.448956	0.271524	0.201687	0.246689
0.269151	0.117172	-0.0327644	0.107784	-0.225634	-0.00159894	-0.373527	0.19214	-0.0719815	0.0192592
0.114494	-0.21454	-0.262276	0.355638	-0.00317736	-0.0854294	-0.649814	0.457862	0.147884	0.139357
0.0403693	-0.112563	0.204528	0.121403	-0.14422	0.0969884	-0.552787	0.130056	0.185307	0.030919
0.212195	-0.271769	0.041934	0.107754	-0.0835301	0.269291	-0.405141	0.255778	0.0708459	-0.197358
0.0784989	-0.267882	-0.134947	0.0688953	-0.0284175	0.163046	-0.295699	-0.0267435	0.176924	0.266324
0.20981	-0.262758	-0.0696534	0.325685	-0.156254	0.0381313	-0.469781	0.255901	0.121496	0.00742104
0.464571	-0.478477	-0.0466166	-0.535565	0.160615	0.670611	-0.502866	0.131379	0.321862	-0.18551
0.0939995	-0.511817	-0.465746	-0.421344	0.100125	1.14165	-0.31538	-0.121422	0.655369	-0.155429
-0.349223	-0.23118	-0.165913	-0.0901693	0.107425	0.887549	-0.220493	-0.11635	0.296411	-0.11805
-0.135949	-0.0179112	-0.0239737	-0.00629342	-0.0555652	0.250025	-0.12388	-0.0186117	0.172145	-0.0399858
-0.00797316	-0.00306879	-0.00261627	-0.000100219	-0.00227081	0.00828032	-0.0116966	-0.00442887	0.0256643	-0.00178987
-4.08182e-06	-2.88889e-05	-1.13091e-05	-0.000157299	-0.000691504	-7.97818e-05	-3.23606e-06	0.00256972	-2.53897e-05	-0.00156823
-0.000479595	-8.53908e-05	-0.0011135	-0.00709716	-0.0140247	-0.00153565	-0.000136283	0.0794075	-0.00323458	-0.0517005
0.00760944	-0.0150473	-0.0276091	0.0431263	0.00686329	-0.0102562	-0.010329	0.141841	-0.0281428	-0.108055
0.0346424	-0.00935553	0.062418	0.189387	-0.13627	-0.190515	-0.0553999	0.396944	-0.0362628	-0.255584
-0.0673029	-0.0943881	0.229523	0.537953	-0.205062	-0.506124	0.0551857	0.401452	0.0416498	-0.392878
-0.0422569	-0.253782	0.40004	0.152652	-0.0247665	-0.310177	-0.238153	0.255812	0.116236	-0.0556001
-0.098185	-0.260348	-0.0628771	0.111237	-0.0796645	-0.072705	-0.2528	0.232392	0.244553	0.238399
-0.128806	-0.14182	-0.105597	0.208399	-0.0635768	-0.0186592	-0.0495713	0.178753	0.117254	0.00362372
-0.114332	-0.246255	-0.0906841	0.148427	-0.0392737	0.132869	-0.16103	0.130291	0.144974	0.0950144
0.077347	-0.39719	0.121412	0.062131	-0.00971533	-0.0830447	-0.200956	0.221892	0.22916	-0.0210346
0.185594	-0.19629	0.262689	-0.114588	-0.265151	0.165532	-0.344506	-0.0365914	0.0978396	0.245472
-0.0681286	-0.104566	-0.0214017	-0.348831	-0.0575292	0.348606	-0.143563	0.184346	0.119003	0.0920649
0.00801825	-0.145079	0.0526128	-0.219957	-0.134127	0.218157	-0.220094	0.487536	-0.0968498	0.0497846
0.324373	0.0463924	0.04646	-0.155088	-0.12286	-0.0678154	-0.446836	0.246617	0.0449018	0.0838553
-0.0142641	0.162188	0.146199	0.263279	-0.627096	-0.215456	-0.21957	0.574054	-0.24465	0.175318
-0.258139	0.529448	0.266358	0.476352	-0.362604	-0.439613	-0.442134	0.369132	-0.502373	0.363579
0.15716	0.173739	0.2743	0.337404	-0.0433125	-0.418945	-0.588767	0.271842	-0.136643	-0.0267766
0.320408	0.0193024	-0.0522857	0.12115	-0.128723	-0.158764	-0.745863	0.554766	0.0446088	0.0254023
0.261511	-0.126717	0.0257618	0.0308904	0.0963024	-0.0132309	-0.630935	0.297382	-0.0735322	0.13257
0.339452	-0.266989	-0.041162	0.209562	-0.111376	-0.0528011	-0.592993	0.351554	0.0323199	0.132436
0.261214	-0.390891	-0.0594074	0.295479	0.0494302	0.0217241	-0.373263	0.0220508	0.0512092	0.122456
-0.167599	-0.309609	-0.160087	0.169664	0.0435394	0.360121	-0.177637	0.285718	0.14379	-0.187898
-0.0981043	-0.40381	0.0279844	0.417072	-0.00493193	0.244442	-0.516508	0.228264	0.114104	-0.00851302
0.519337	-0.492152	-0.109105	-0.219742	0.0457345	0.592902	-0.39568	-0.0224167	0.34618	-0.265056
0.352854	-0.334307	-0.471479	-0.412981	-0.257333	1.38417	-0.370509	-0.0744038	0.411058	-0.227056
-0.323492	-0.168093	-0.127142	-0.0608152	-0.201843	1.1547	-0.364593	-0.0373956	0.282732	-0.154051
-0.124032	-0.0212941	-0.00699969	-0.0127348	-0.0807458	0.269221	-0.162723	0.0158635	0.184454	-0.061009
-0.00151158	-0.00292929	-0.0013907	-0.00049256	-0.00755622	0.0158726	-0.00755125	0.0576792	-0.0481163	-0.00400393
-5.96703e-06	-3.36552e-05	-2.3225e-05	-0.000260487	-0.000806753	-0.000100389	-3.81628e-06	0.00343218	-3.49353e-05	-0.00216295
-0.000507645	-3.96845e-05	-0.000397323	-0.0045241	-0.0133009	-0.00139971	-4.88952e-05	0.0746489	-0.00173814	-0.0526925
0.0385211	-0.00772045	-0.022038	0.0158969	-0.0338915	-0.0123221	-0.0350944	0.218634	-0.0204865	-0.141498
0.0165252	-0.0564345	0.101146	0.310163	-0.131176	-0.168153	-0.0707991	0.313583	-0.107986	-0.206863
-0.0369982	-0.119796	-0.055855	0.301487	-0.175398	-0.204458	-0.0487134	0.375282	0.206346	-0.241893
0.052597	-0.265507	0.392997	-0.0130584	-0.181624	-0.164597	-0.215755	0.242538	0.0530186	0.0993957
-0.0751099	-0.405067	0.421323	-0.00697633	-0.190243	-0.0711633	-0.182344	0.131713	0.133613	0.244255
-0.132345	-0.277643	-0.0166317	-0.0222772	-0.0893196	0.193318	0.0153177	0.107775	0.199111	0.022694
-0.0774743	-0.193883	-0.0102604	-0.250849	-0.0391418	0.3592	0.0346911	-0.127356	0.134199	0.170876
0.095684	-0.297555	-0.17727	-0.520688	0.163368	0.374598	-0.221618	0.163443	0.282933	0.137105
-0.106014	-0.0201399	0.0428042	-0.44212	0.0021603	0.215216	-0.130431	-0.0154288	0.281889	0.172063
0.112177	0.12524	0.0813032	-0.486638	-0.00153731	0.206497	-0.159945	-0.189982	0.229381	0.0835087
-0.046154	-0.0659238	0.0529428	-0.532108	0.282859	0.359088	-0.312918	-0.247355	0.326761	0.182812
0.149865	0.330972	-0.187775	0.109793	-0.282762	0.128442	-0.113932	0.223913	-0.0295218	-0.328993
0.0440232	0.54162	0.051556	0.237007	-0.912305	0.0483019	-0.319217	0.41527	-0.0562728	-0.049978
-0.196893	0.841801	-0.138137	0.148005	-0.0469385	-0.123579	-0.539658	0.482714	-0.342119	-0.0851938
0.0551386	0.26433	0.0535631	0.248329	-0.224771	-0.232593	-0.482582	0.686071	-0.39362	0.0261364
0.373531	0.126194	0.242573	0.179489	0.0409512	-0.44867	-0.462822	0.248858	-0.246165	-0.0539385
0.284038	-0.229762	0.0702075	0.16864	-0.0200846	-0.463256	-0.480045	0.376997	0.220044	0.0732236
0.0133062	-0.204611	-0.0588812	0.204904	0.118211	-0.382247	-0.495985	0.47019	0.28124	0.0538713
0.182405	-0.416734	-0.0923813	0.324917	-0.166285	-0.197801	-0.250348	0.437835	0.140873	0.037523
0.0916105	-0.308332	-0.115185	0.113158	-0.0321947	-0.0224717	-0.249196	0.411574	0.191324	-0.0802874
0.216589	-0.384376	-0.100645	0.219661	-0.052242	0.000384972	-0.401113	0.261346	0.251797	-0.0113992
0.508179	-0.38351	-0.176988	-0.0491017	-0.475556	0.710411	-0.123575	-0.2041	0.319758	-0.125513
0.378892	-0.302362	-0.393048	-0.292083	-0.372907	1.71225	-0.263125	-0.145476	-9.29333e-05	-0.322035
-0.332704	-0.11474	-0.0722291	-0.0252327	-0.252594	1.49194	-0.466246	-0.0191612	-0.0980503	-0.110981
-0.152879	-0.0313827	0.02699	-0.00720095	-0.102215	0.421589	-0.161279	0.0109162	0.0531016	-0.0576385
-0.00062506	0.00125024	-0.000768279	-0.000161289	-0.0021777	0.00580413	-0.0218867	0.0144493	0.0117122	-0.00759679
-2.95424e-05	-6.26303e-06	-2.35003e-05	-0.000170309	-0.00011703	-8.89993e-05	-4.30147e-06	0.00139106	-4.04133e-05	-0.0009107
0.00942595	0.000505644	-0.000724899	-0.00310753	-0.0289763	-0.0108223	-0.000211472	0.10269	-0.00213551	-0.0666433
-0.00428389	-0.000145872	-0.0115459	0.0172802	-0.130886	-0.0223096	-0.00136519	0.402616	-0.0125518	-0.236807
0.00537078	-0.0385376	-0.0413865	0.305967	-0.102374	-0.21699	-0.0749278	0.395529	-0.0170017	-0.215646
-0.182049	-0.0745192	-0.15435	0.27583	-0.261845	-0.0982575	-0.029182	0.456096	0.0802204	-0.0119378
-0.128135	-0.144521	0.021689	-0.141311	-0.101002	-0.0514392	-0.0199393	0.123667	0.224313	0.21668
0.00863123	-0.36554	-0.0259317	-0.282798	0.0972931	0.267693	-0.0851902	0.00775384	0.160852	0.21724
0.0144576	-0.327305	-0.253444	-0.539422	0.019584	0.146877	0.174617	0.136582	0.498677	0.129375
-0.0127347	-0.263678	-0.428642	-0.436131	0.13677	0.174024	0.0312659	-0.169245	0.331472	0.636901
-0.224925	-0.309342	-0.43809	-0.489231	0.385353	0.152132	0.16062	0.19984	0.415598	0.148041
-0.0538136	-0.159326	-0.808563	-0.366269	0.514174	0.092195	0.01714	0.320952	0.221569	0.221942
-0.051518	-0.127174	-0.653012	-0.172665	0.119141	0.110876	-0.0979919	0.312994	0.184246	0.375102
-0.323689	-0.153105	-0.777782	-0.00608566	0.592763	0.216798	0.145377	-0.0487073	0.159054	0.195378
-0.061665	0.343857	-0.932805	0.327959	-0.790255	0.580975	0.193556	0.125656	0.19186	0.0208612
-0.451556	0.708043	-0.556769	0.130379	-0.846162	0.0778468	-0.265515	0.490721	0.682054	0.030959
-0.701888	0.764158	-0.479549	0.239888	0.37569	-0.219093	-0.651262	0.404507	0.02074	0.246808
-0.621532	0.215425	-0.152041	-0.0318476	0.458077	-0.224875	-0.21234	0.4096	-0.153447	0.312982
-0.0243697	-0.110666	-0.36504	0.322996	0.168244	-0.176596	-0.395366	0.330272	-0.204798	0.455326
-0.232364	-0.0628828	-0.0879018	0.108428	-0.00710879	-0.0644209	-0.297653	0.519348	-0.223201	0.347758
0.0348198	-0.211589	0.275845	0.0891167	-0.0457816	-0.354411	-0.198762	0.2449	-0.0328824	0.198746
0.169734	-0.203358	-0.115677	0.373381	-0.235794	-0.638821	-0.139367	0.314637	-0.0977949	0.573062
0.328535	-0.232259	0.0225875	-0.0686252	-0.222107	-0.452069	-0.0531062	0.305474	0.025231	0.346339
0.223684	-0.222695	-0.0754918	-0.00669673	-0.231972	-0.497044	-0.107976	0.276961	0.304048	0.337181
0.299989	-0.195256	-0.151138	-0.198198	-0.480597	0.189444	0.307368	-0.204416	0.484249	-0.0514428
0.389815	-0.18242	-0.158875	-0.226456	-0.460589	0.753666	-0.037862	-0.179656	0.355884	-0.253497
-0.222736	-0.106426	0.0664022	0.00783783	-0.203819	1.01295	-0.446523	-0.0786497	0.0946008	-0.123639
-0.106199	-0.0333691	0.0353514	-0.00335569	-0.0367952	0.27414	-0.256572	-0.0130306	0.17667	-0.0368392
-0.000429267	0.00575269	-0.00159001	-7.6691e-05	-0.00152372	0.00450572	-0.0136365	0.00335499	0.00641689	-0.00277411
-1.49566e-06	-3.32343e-08	-1.18117e-05	-6.93765e-05	-1.76457e-06	-1.40966e-05	-1.72585e-08	0.00173485	-2.06482e-05	-0.0016156
2.00342e-05	-0.000230514	-5.23766e-05	-0.00303994	-0.0405974	-0.0150714	-0.000290039	0.100486	-0.00118804	-0.0400362
-0.00479615	-0.00343144	-0.00192215	-0.00886277	-0.150411	-0.0206709	-0.00133811	0.409192	-0.00887313	-0.208887
-0.0238032	-0.0035575	-0.152679	0.0585788	-0.210672	-0.0882892	-0.0646001	0.56861	0.0848478	-0.168433
-0.130766	-0.000771002	-0.24556	-0.00947431	-0.386188	0.0129415	-0.0676393	0.514332	0.00705907	0.306071
-0.0146301	-0.0684938	-0.538579	-0.226931	-0.069019	0.0189909	-0.0430144	0.281369	0.295411	0.364896
0.243275	-0.130371	-0.925153	-0.325811	0.176112	0.321004	0.148249	0.0299383	0.0768971	0.38586
0.0164821	-0.175118	-1.08879	-0.313467	0.322701	0.0714412	0.25614	0.417161	0.277724	0.215724
-0.0853066	-0.20093	-0.55161	-0.385763	0.410029	-0.00463058	0.195258	0.494737	-0.0390653	0.16728
-0.0668695	-0.135985	-0.544282	-0.129939	0.192359	-0.0834201	0.249563	-0.0570997	0.166159	0.409513
0.025703	-0.364615	-0.641523	0.212751	0.537095	0.300582	-0.0264755	-0.148788	-0.162008	0.26728
0.0231245	-0.515084	-0.595887	-0.121152	0.543274	0.1557	0.306936	0.0915159	-0.126625	0.238195
0.143996	0.0459671	-0.563872	0.00121197	0.992582	0.158221	0.169476	-0.691925	0.0590439	-0.314701
0.0403854	0.174808	-0.389398	0.0466834	-0.0119895	0.327956	0.19001	-0.937439	0.496762	0.0622221
-0.603791	0.941747	-0.499038	0.554137	-0.563925	-0.0946751	-0.280006	-0.00749146	0.255225	0.297814
-0.86969	0.474194	-0.516837	0.205708	0.191882	0.0215329	-0.372351	0.427577	0.0908776	0.347111
-0.666599	0.145194	-0.214239	0.132585	0.363353	-0.357389	-0.10851	0.494074	-0.0361611	0.247696
-0.0381116	0.121413	-0.327327	-0.0768776	0.0322392	-0.462914	-0.134094	0.465615	0.11601	0.304051
-0.0374427	-0.0424159	-0.276323	0.106286	0.00196379	-0.339364	-0.196662	0.412397	-0.0639279	0.435493
0.096224	-0.208762	0.247633	-0.064336	0.141235	-0.375829	-0.33601	-0.119014	0.222257	0.396602
0.0835152	-0.147819	-0.0665621	0.0121328	0.13374	-0.452503	-0.149	0.000500774	0.215216	0.370779
0.10021	-0.0847518	0.00397047	-0.586902	0.321	-0.867052	0.0976281	0.128982	0.43998	0.44693
0.288556	-0.0846205	-0.0778039	-0.469242	0.147267	-1.20733	0.362105	0.101323	0.44778	0.49197
0.426672	-0.0535791	-0.371734	-0.277205	-0.191628	-1.12882	0.740864	-0.221513	0.735211	0.341743
0.629371	-0.0619863	0.151627	-0.12543	-0.116819	-1.02614	0.331794	-0.177012	0.696396	-0.301795
-0.0264712	-0.0440015	0.313223	0.0199176	-0.0585587	0.025771	-0.257789	0.0178284	0.15992	-0.149838
-0.0643662	-0.0321227	0.209089	-0.000486995	-0.026233	0.173068	-0.27921	0.0399158	0.0300598	-0.0497133
-0.000357423	0.00428427	0.0221618	-0.000103778	-0.0105024	-0.00429562	-0.0150574	0.0186406	-0.0130841	-0.00168582
-6.4679e-09	5.84934e-05	-7.10136e-06	-1.98683e-05	-1.8871e-07	-1.90118e-06	-1.43522e-06	-1.09641e-05	-5.90006e-06	-1.11281e-05
0.000683255	-3.98629e-05	-3.71772e-05	-0.00158307	-0.0298329	-0.00251114	-0.000320962	0.05655	-0.000245528	-0.0226626
-0.00219632	-0.00111553	-0.000840743	-0.00554349	-0.0979968	-0.00549124	-0.000542462	0.252017	-0.00231879	-0.135972
-0.00702448	0.0113267	-0.191719	0.0221646	-0.168914	0.00125506	-0.0560551	0.455833	0.051316	-0.118181
0.0255856	0.030868	-0.576187	-0.217861	-0.168152	0.104991	-0.105383	0.297962	-0.0700714	0.678256
-0.0114676	-0.0493752	-0.87758	-0.255074	0.221872	0.212692	0.0846423	0.12731	0.0826426	0.464337
0.312229	-0.102755	-1.11527	-0.289752	0.464828	-0.0900849	0.447544	0.201831	0.0054857	0.165948
0.305594	-0.165456	-0.841834	-0.32914	0.30482	0.156967	0.0567014	0.184887	0.0261934	0.301266
0.0713225	-6.35154e-05	-0.345672	-0.199588	0.323483	-0.0115626	0.0308154	0.00124755	-0.0860889	0.216106
0.0771824	-0.103811	-0.267356	-0.100856	0.375479	0.0665778	0.100282	-0.174502	0.0992259	-0.0722219
0.180067	-0.691552	-0.180954	-0.145426	0.46402	0.17986	0.244	0.029685	-0.180297	0.100598
0.0513435	-0.724278	0.104181	-0.187914	0.593411	0.305635	-0.0367448	-0.221776	0.105356	0.0107832
0.107188	0.0134082	-0.108076	0.14104	0.448053	0.482937	0.0877866	-1.1117	0.239682	-0.300322
-0.479886	0.256108	0.178243	0.429114	-0.317781	0.293565	0.0949264	-1.09117	0.530409	0.106473
-0.717217	0.595672	0.0521374	0.309418	-0.0729112	-0.0847253	-0.212388	-0.0654246	-0.0978824	0.293324
-0.891397	0.389064	-0.28628	-0.20737	0.428575	-0.265916	0.0539266	0.0396685	0.408719	0.331017
-0.623449	0.153899	-0.263331	0.119372	0.225847	-0.473497	0.0483879	0.214838	0.109461	0.488472
-0.189864	0.372366	-0.0910135	0.055952	0.17716	-0.210861	-0.303738	0.0561963	-0.173028	0.306834
-0.0520804	-0.227591	-0.26089	0.232596	0.223357	-0.136795	-0.157824	0.0838066	0.0303054	0.265116
-0.0655403	-0.309078	-0.234925	0.00726704	0.101583	0.0237978	0.124043	-0.181232	0.0598581	0.474226
-0.314808	-0.188339	-0.223206	-0.520415	0.332006	0.00278975	-0.0821021	0.298526	0.306016	0.389533
-0.0679963	-0.127477	0.0350365	-0.536972	0.382996	-0.321549	0.260019	0.155356	-0.143799	0.364387
0.221947	-0.137377	-0.0328541	-0.646194	0.330205	-0.385403	0.415679	-0.0739096	0.072558	0.235351
0.435531	-0.127716	-0.090793	-0.290762	-0.0352509	-0.775793	0.853126	-0.0653857	0.329202	-0.232161
0.476729	-0.117633	0.54335	-0.0881017	-0.237953	-0.848336	0.418654	0.0446587	0.258661	-0.450018
0.108942	-0.0760563	0.650109	0.00190751	0.0206359	-0.239389	-0.322929	0.0451969	0.0471014	-0.235517
-0.0188845	-0.0386646	0.468205	-0.00147774	-0.0178648	-0.0134704	-0.273628	0.00341634	-0.0341656	-0.073466
-0.00282875	-0.000674889	0.141335	-0.00384965	-0.0353184	-0.0379942	-0.0458681	-0.00966851	-0.00282972	-0.00230294
-4.08619e-05	-1.2272e-06	-2.54747e-05	-0.00204609	-0.000122985	0.00913542	-0.000128607	-6.48551e-05	-0.000270227	-0.0064351
-5.61666e-05	-1.20262e-05	-0.0138393	0.0146816	-0.0160636	-0.00115758	-1.39351e-05	0.0295104	-0.000845567	-0.0122038
-0.00073802	0.00132589	-0.00930134	0.00762005	-0.040745	-0.0018798	-5.62869e-05	0.136207	-0.00125351	-0.0911788
-0.0832707	0.0216881	-0.162842	0.0262063	-0.0140224	0.0303991	-0.0259787	0.226432	-0.00887801	-0.00973325
-0.0299631	0.0332289	-0.38546	-0.123178	0.375366	0.0746168	-0.283638	0.132274	-0.162865	0.369627
0.272851	-0.0684013	-0.658304	-0.352356	0.530255	-0.0310245	0.0399786	0.158863	-0.00265736	0.110798
0.183711	-0.124667	-0.283829	-0.430618	0.316925	-0.0905906	0.263625	-0.0695897	-0.0985735	0.333607
0.484174	-0.18204	0.0589599	-0.353115	0.387033	-0.035397	-0.00165768	-0.0245508	-0.501428	0.16802
0.201812	-0.0144094	-0.0981509	-0.170843	0.313947	0.108865	0.144728	-0.127312	-0.332602	-0.0260346
0.263637	-0.250774	-0.100148	-0.0848982	0.256041	0.135953	0.343338	-0.322319	-0.268067	0.0272342
-0.0353098	-0.709859	0.0705965	-0.121186	0.27835	0.31761	0.305246	-0.147833	0.0121034	0.0302851
0.137569	-0.653032	0.0966267	-0.213173	0.376875	0.0101246	0.460444	-0.530855	0.311223	0.00419972
0.224028	0.0897534	-0.103738	0.231527	0.304975	0.0665688	0.143821	-1.04916	0.238521	-0.146291
-0.278788	0.273751	0.24831	0.0366374	-0.294919	0.0266148	-0.0726373	-0.597196	0.524306	0.133921
-0.787554	0.555959	0.080302	0.199607	0.0427459	-0.056822	-0.160378	-0.160317	0.231117	0.0553435
-0.731625	0.413143	-0.195356	0.0634836	0.204947	-0.114373	0.0815881	-0.103149	0.176746	0.204599
-0.793582	0.25456	-0.0453968	0.00965967	0.399175	-0.335657	0.239193	0.0161477	-0.0773172	0.333218
-0.150003	-0.173796	-0.31863	0.115238	0.5756	-0.357381	-0.354661	0.286532	0.0705932	0.306509
-0.0663468	-0.611532	0.133091	0.0272233	0.222665	-0.200319	-0.129896	0.495268	-0.100908	0.230755
-0.169424	-0.475661	-0.0498125	-0.184919	0.421198	-0.297382	-0.0110961	0.71365	0.0376276	0.0158183
0.0497248	-0.278397	0.100182	-0.333127	0.207859	-0.0152335	-0.14076	0.377156	-0.19663	0.229226
0.205631	-0.18882	-0.105704	-0.00841059	0.059373	-0.161632	0.115718	0.0602836	-0.16277	0.186328
0.112592	-0.134283	-0.0698923	-0.283039	0.160785	0.0653791	0.331089	0.293012	-0.426456	-0.0491868
0.38742	-0.0984252	0.193227	-0.185223	-0.0631417	-0.073669	0.43009	0.322441	-0.377779	-0.53494
0.528716	-0.0509391	0.400518	-0.017246	-0.244985	-0.248951	0.290209	0.0407907	-0.207073	-0.491034
0.0812644	-0.040038	0.607977	-0.027134	-0.0848959	-0.295138	-0.0927808	-0.0709453	0.0636661	-0.141973
-0.00922405	-0.00590175	0.391523	-0.016299	-0.085998	-0.0401233	-0.199237	-0.00798792	-0.00956212	-0.0171901
-0.000261516	-3.06429e-05	0.0139905	-0.0027752	-0.00384527	-0.00167886	-0.00474512	-0.000117829	-0.000491398	-4.46755e-05
-1.56857e-05	-4.93809e-07	-8.38813e-06	-0.000672144	-5.00981e-05	0.00293138	-4.26526e-05	7.70121e-05	-9.30589e-05	-0.00212587
-5.87354e-05	-7.41838e-06	-0.029583	0.0327369	-2.74323e-05	-0.00123268	-6.74545e-06	-5.79161e-05	-0.00172677	-3.6254e-05
-0.00164495	0.00836579	-0.015479	0.0363222	0.020622	-0.00683151	-0.000292306	0.0318242	-0.00233501	-0.0705513
-0.101444	0.0046821	0.0249472	0.0242093	0.0873636	-0.0296058	-0.0833193	0.103809	-0.0146752	-0.0159661
0.130568	-0.00647774	0.1049	0.0523661	0.255704	-0.0490889	-0.438642	-4.98439e-05	-0.162582	0.113308
0.406581	-0.123628	0.295311	-0.0684753	0.202059	-0.286347	-0.0774379	-0.113446	-0.303883	0.0692689
-0.0678348	-0.216377	0.350059	-0.0321386	0.197051	-0.133141	0.216164	-0.0842938	-0.308488	0.0790003
0.382702	-0.162603	-0.0740209	-0.247128	0.365996	-0.212644	0.283508	-0.164866	-0.248942	0.0779944
0.288548	-0.074044	-0.132205	-0.308488	0.292279	0.069504	0.236169	-0.331967	-0.13991	0.100115
0.299051	-0.328253	0.0187623	-0.286294	0.380165	0.210598	0.136918	-0.363951	-0.00472503	-0.0622686
0.344411	-0.511048	0.042997	-0.216103	0.332539	0.102651	0.224293	-0.220039	-0.156057	0.0563598
0.0518754	-0.1852	-0.105683	-0.0558243	0.435088	0.0630189	0.404984	-0.576564	-0.119525	0.0878273
-0.0816245	0.216632	-0.117579	0.079354	0.1851	0.161854	0.239645	-0.743441	0.139671	-0.07961
-0.630567	0.440754	0.194452	0.0757595	-0.260589	0.000335666	0.152081	-0.276862	0.403958	-0.0993205
-0.917253	0.683718	0.108637	0.246105	0.0873531	-0.312165	0.256061	-0.382592	0.473191	-0.243053
-0.678343	0.0183023	0.0360073	0.216353	0.246274	-0.246804	0.0343896	0.145148	0.075967	0.15271
-0.491744	0.323962	-1.45585e-05	-0.0211229	0.555545	-0.143084	-0.0651311	-0.253956	-0.116259	0.211808
-0.267882	-0.57222	-0.182626	0.00900977	0.52755	-0.273232	-0.0438061	0.612108	-0.206841	0.39794
-0.0409929	-0.613172	-0.172886	-0.195245	0.14228	0.304661	-0.099657	0.566913	-0.01417	0.122271
-0.036986	-0.541753	0.00616753	0.0897214	0.239975	-0.0124612	0.0127198	0.271529	-0.116387	0.0874751
0.266048	-0.379486	-0.303949	0.362054	-0.149966	-0.133654	0.137134	0.394524	-0.309139	0.11643
0.0663291	-0.202912	-0.162483	0.247899	-0.0900081	-0.0239527	0.179332	0.341704	-0.275651	-0.0802567
0.165523	-0.163357	-0.346048	0.259633	0.228435	-0.14574	-0.0350821	0.450729	-0.193826	-0.220265
0.369724	-0.109625	-0.059476	0.284721	-0.109367	0.0975729	0.131973	0.178941	-0.345907	-0.438556
0.415172	-0.062483	0.607259	0.155443	-0.525646	0.0830711	0.197544	-0.0670775	-0.37198	-0.431294
0.0159479	-0.0319797	0.670909	-0.0664411	-0.206986	-0.174618	0.100087	-0.177457	0.0176987	-0.147157
-0.0162088	-0.0109088	0.388513	-0.0216283	0.0313224	-0.0649958	-0.191098	-0.032265	-0.0259865	-0.0567445
-0.00225984	-0.00125375	0.0609514	-0.00081618	-0.00671991	-0.0267188	-0.0149056	-0.000692806	-0.0034752	-0.00410928
-1.3178e-05	-5.25618e-07	-2.67712e-07	-1.2491e-05	-5.6164e-05	-0.000342058	-3.09995e-06	0.000561416	-2.61573e-05	-0.000107475
-4.92282e-05	2.62029e-05	-0.0146142	0.0185171	-1.70591e-05	-0.000698224	-2.57981e-05	-0.00126211	-0.000901116	-0.000975506
-0.00535938	0.00679403	0.00114028	0.0893882	-0.0111843	-0.0268757	-0.00160636	-0.00528496	-0.00552552	-0.0414863
-0.0667721	-0.00376052	0.303793	0.152654	-0.085291	-0.0144572	-0.132145	-0.0816051	-0.00914663	-0.0632671
0.191875	-0.0203152	0.399189	0.355558	-0.228568	-0.0690975	-0.443487	-0.0599602	-0.206997	0.0818098
0.493176	-0.157821	0.232244	0.184128	-0.151526	-0.139668	0.0614212	-0.188713	-0.370395	0.0371551
0.255544	-0.340343	0.40759	-0.0924703	0.0315541	-0.149134	0.31808	-0.0576365	-0.203366	-0.169815
0.176294	-0.311939	0.0648687	-0.266158	0.35412	-0.529208	0.408199	0.154843	0.0487409	-0.0997602
0.354315	-0.233494	-0.181045	-0.47445	0.323045	-0.250352	0.293874	-0.126112	0.0600277	0.234192
0.299965	-0.0668819	0.206875	-0.0677348	0.170233	-0.414807	0.310952	-0.180239	0.0199127	-0.278276
0.235095	-0.117437	0.191799	-0.148283	-0.0999936	-0.0944808	0.362796	-0.533607	0.169092	0.035022
0.128098	-0.134129	0.215584	-0.00699779	-0.0863063	-0.164001	0.771704	-0.845694	0.00135632	0.120385
-0.272209	-0.24073	0.246418	0.0545932	0.0938416	-0.0225153	-0.0204699	-0.243895	0.510575	-0.105607
-0.862737	0.424384	0.433348	0.37968	-0.00922243	-0.0865507	0.0277122	-0.167212	0.138391	-0.277792
-0.679947	0.713249	0.174522	0.0220777	0.372858	-0.333377	0.188312	-0.517396	0.100315	-0.040613
-0.378404	-0.137034	-0.081051	-0.209019	0.564562	-0.121452	0.107316	0.163354	0.106558	-0.0148299
-0.286456	0.0114491	0.235268	-0.420007	0.409208	-0.271438	-0.0328839	0.0114025	0.138786	0.204674
-0.0106419	-0.890022	0.417094	-0.0237173	0.287199	-0.158634	-0.252691	0.324751	0.0612968	0.245366
0.0127806	-0.634673	0.0478503	0.385633	0.178434	-0.168712	0.124385	0.104795	-0.19258	0.142088
0.0352671	-0.465981	0.00658287	0.38771	0.0798379	0.0679666	0.259738	0.286738	-0.487917	-0.169941
0.26413	-0.290905	-0.159613	0.187632	0.274784	0.136427	0.0041907	0.183081	-0.519424	-0.0803041
0.145814	-0.18024	0.39157	0.07981	0.170734	-0.064767	0.0831693	0.262393	-0.545916	-0.34257
0.190295	-0.18121	0.250532	0.296485	-0.116163	0.185967	-0.103347	-0.0504614	-0.360136	-0.111962
0.195546	-0.160333	0.244811	0.507037	-0.256782	0.172809	-0.051376	-0.146426	-0.0162627	-0.489023
0.0753658	-0.0513097	0.586541	0.377485	-0.34688	-0.00798489	0.154097	-0.148038	-0.232894	-0.406376
-0.0979477	-0.0765959	1.049	-0.121193	-0.160194	-0.170867	0.0215779	-0.171341	-0.13058	-0.141854
-0.0474178	-0.0395678	0.604255	-0.0232832	-0.109575	-0.104914	-0.158744	-0.0254813	-0.0588306	-0.0364407
-0.00152074	-0.000819524	0.0965985	-0.00132091	-0.00449	-0.0482106	-0.0345797	-0.00170305	-0.00345146	-0.000502566
0.0	0.0	0.0	0.0	0.0	0.0	0.0	0.0	0.0	0.0
-6.27561e-05	0.000421788	-0.00561145	0.00691304	-1.26086e-05	-0.000532515	-2.4815e-05	-9.35718e-05	-0.000763168	-0.000233933
-0.016233	-0.000183523	0.0602205	0.0771423	-0.00221789	-0.0417024	-0.00325056	-0.00325663	-0.00563029	-0.0648886
-0.0566973	-0.00787494	0.291704	0.374609	-0.253572	0.0243471	-0.121318	-0.0834552	-0.0396496	-0.128087
0.124755	-0.0414862	0.463071	0.438144	-0.15413	0.0709905	-0.48324	-0.0133148	-0.17841	-0.226374
0.38165	-0.296461	0.345423	0.088524	-0.208434	0.254742	-0.0257809	-0.0458813	-0.272806	-0.220974
0.330268	-0.492028	0.263175	-0.035415	-0.0832658	0.454754	0.107479	-0.220142	-0.115855	-0.208967
0.244235	-0.430112	0.170036	-0.00174294	0.150236	-0.312028	0.212773	-0.291402	0.136799	0.121206
0.0780574	-0.238551	0.152514	-0.238519	0.213962	-0.32356	0.344545	-0.20978	0.0787011	0.142627
0.276406	-0.133062	0.204702	-0.575908	0.0975494	-0.242926	0.37159	-0.247683	0.356097	-0.106765
0.439714	0.104139	0.434183	-0.595638	-0.00201633	-0.384611	0.621217	-0.673102	-0.0229705	0.0790862
0.117237	-0.182919	0.334392	-0.427114	-0.0707089	-0.317307	0.577	-0.286366	0.311481	-0.0556948
-0.106516	0.0873312	0.384761	-0.273098	-0.0292903	-0.539578	0.0762403	-0.0390207	0.340939	0.0982309
-0.692554	0.462705	0.343954	-0.209332	0.174332	-0.492905	0.147684	0.0252787	0.244742	-0.00390436
-0.623291	0.565836	0.0844029	-0.392264	0.533833	-0.294742	0.151952	0.0253706	0.0971896	-0.148283
-0.330911	-0.00972495	0.220142	-0.457596	0.343007	-0.0199491	0.0260069	0.0597338	-0.133736	0.303027
-0.0564844	-0.397197	0.049153	0.0471741	0.295514	0.0378906	-0.116653	-0.13661	0.254565	0.0226527
0.161263	-0.731429	-0.26383	0.333822	0.254025	0.23098	0.0665274	-0.0154374	-0.0769653	0.041049
-0.0808577	-0.365356	0.0379685	0.0662678	0.312589	0.30947	0.169486	0.102664	-0.446459	-0.105774
0.0845301	-0.229379	0.0622722	0.355458	-0.203198	0.0994458	0.174803	-0.133881	-0.0175661	-0.192487
0.188748	-0.168862	-0.0702218	0.0193801	0.0367842	0.0404924	0.0201222	0.0795223	-0.0206202	-0.125346
-0.0605048	-0.102166	0.0781263	0.0629898	0.151142	0.0163948	0.124911	0.017962	-0.0981713	-0.190685
0.224146	-0.021238	0.130854	0.291379	-0.183082	-0.068786	0.0944056	0.0252404	-0.192558	-0.300359
0.0785247	-0.0496684	-0.0775366	0.46183	-0.224028	0.167415	0.055832	-0.109403	0.196453	-0.499415
-0.00141188	-0.0134028	0.48094	-0.0833432	-0.310284	0.0675518	0.149558	0.087332	0.0344604	-0.411396
-0.0369691	-0.108436	1.11287	-0.227723	-0.245014	-0.213808	0.0294037	0.0364645	-0.255752	-0.0910321
-0.0209877	-0.00888598	0.298239	-0.0206762	-0.0597222	-0.042751	-0.103618	0.0272564	-0.0508819	-0.0179723
0.0280226	-0.00116277	0.030275	-0.00101318	-0.0297876	-0.00748351	-0.0122447	-0.00415664	-0.000806978	-0.00164212
-3.63528e-05	-1.55635e-05	-2.04067e-05	-0.000661554	-0.00679374	-0.000317616	-5.19609e-06	0.00674547	-0.000238031	0.00134299
-1.38906e-05	0.000102769	-0.000248196	0.000609829	-2.40109e-06	-0.000274852	-5.62799e-06	-1.79143e-06	-0.000116613	-4.92272e-05
-0.0133237	-0.000686632	0.00082381	0.0729813	-0.00722641	-0.0258235	-0.00244155	0.017077	-0.00498813	-0.0363921
-0.113545	-0.00936313	0.144003	0.572763	-0.16004	0.00722613	-0.083805	-0.0301249	-0.131674	-0.195434
0.0434627	-0.0937512	0.523695	0.31728	-0.0383757	0.306388	-0.373905	-0.10301	-0.287731	-0.294045
0.0645168	-0.368766	0.625766	0.325421	-0.0780087	0.255382	-0.290972	-0.102153	-0.0828064	-0.348379
0.103504	-0.678801	0.188021	0.204954	-0.0888564	0.547201	0.0537016	-0.394129	0.106272	-0.0418622
0.0608102	-0.465413	0.4552	-0.16504	0.0579443	0.182031	0.234062	-0.342587	0.00675775	-0.0237664
0.279934	-0.0762553	0.0678809	-0.092661	0.104668	-0.00955694	0.130899	-0.286952	0.0384019	-0.15636
0.322795	0.00723058	-0.00270256	-0.385974	0.0981328	-0.222021	0.337229	-0.329469	0.257894	-0.0831144
0.38904	-0.213438	0.282922	-0.424116	-0.303978	-0.153639	0.250321	-0.384683	0.251262	0.306311
0.101929	-0.205577	0.159172	-0.40621	-0.0825278	-0.1091	0.132982	-0.128188	0.33989	0.197629
-0.303497	-0.032876	0.352256	-0.541264	0.18132	-0.134243	0.733074	-0.225507	0.27855	-0.307813
-0.645663	0.058193	0.345761	-0.310017	0.331461	-0.105321	0.444789	0.0696283	0.060864	-0.249692
-0.47297	0.239389	0.154026	-0.234198	0.318427	0.0292343	0.00899562	-0.144121	-0.112574	0.213794
-0.149142	-0.311069	-0.0512056	0.232226	0.172386	0.0153072	0.0694062	-0.126608	-0.0315998	0.180303
0.00536795	-0.518616	0.0933066	0.430419	0.313013	0.039909	0.21663	-0.201339	-0.22369	-0.154998
-0.00989431	-0.159737	0.253395	0.164407	-0.20364	0.169169	0.263439	-0.0958351	-0.245927	-0.135375
-0.0337045	0.0586739	0.0758722	0.146733	-0.0598936	-0.159857	0.247105	-0.0949908	-0.0351957	-0.144743
-0.104612	0.000340613	0.152333	0.167739	-0.156368	0.100412	-0.0377696	-0.0331625	-0.0171988	-0.0717121
-0.236096	0.0868049	-0.0197045	0.101192	-0.00696548	0.0346982	-0.0507191	-0.0172991	0.0822007	0.0258872
-0.0877846	0.0266945	0.164624	0.362429	0.0466105	-0.0023789	0.0471276	-0.117021	-0.243933	-0.196367
0.286457	-0.0568257	0.125983	0.455289	-0.398024	0.10273	0.0151583	-0.192584	-0.00541342	-0.33277
0.133993	-0.0643185	0.476618	0.180254	-0.263029	0.213287	0.0752321	-0.442827	0.177923	-0.487128
-0.0254546	0.0324261	0.845666	-0.280445	-0.267797	0.226679	0.0755608	-0.23149	-0.0385586	-0.33658
-0.0353676	0.0421731	0.757952	-0.138228	-0.23443	-0.127519	0.0574645	-0.0157119	-0.223676	-0.0826547
-0.011547	0.017873	0.0927878	-0.0165908	-0.0189017	-0.032441	-0.0316024	0.0325632	-0.0279125	-0.00422846
-0.00758206	-9.681e-06	0.0430708	-0.000249551	-3.7029e-05	-0.0173804	-0.0169019	-2.00507e-05	-0.00041279	-0.000477286
-2.03485e-09	7.60232e-05	-5.05879e-05	-4.68998e-06	-1.28997e-08	-1.20366e-07	-2.85264e-07	-7.28248e-07	-1.92168e-05	-3.79623e-07
0.00736333	0.000390281	-0.00259804	-0.00013432	-0.0121621	-0.000763869	-0.000746379	0.024717	-0.000994595	-0.0150714
-0.00612617	-0.000908007	-0.00131492	0.0556104	-0.00435211	-0.0215883	-0.00291921	0.0172506	-0.00909911	-0.0265532
-0.0862518	-0.0119848	-0.0392099	0.582623	0.0376812	0.0155943	-0.0843675	-0.0811913	-0.182226	-0.150665
-0.0226825	-0.154807	0.30173	0.361358	-0.0630551	0.356552	-0.214482	-0.0633069	-0.249722	-0.251581
0.0567861	-0.534848	0.143758	0.493603	0.0941341	0.239426	-0.217892	-0.174377	0.122855	-0.223443
0.209182	-0.334781	0.0555625	0.0823705	-0.0196866	0.357427	0.00498654	-0.336009	0.0900478	-0.109099
0.184132	0.0354887	0.350865	-0.0933308	-0.0591403	0.0659442	0.145861	-0.47862	-0.110185	-0.0410149
0.219137	-0.0180809	0.200724	-0.0584613	-0.256181	0.310662	-0.0426227	-0.265484	0.0662256	-0.155917
0.0871082	0.0936508	0.307512	-0.0104813	-0.427759	0.0471993	0.299661	-0.302001	0.26363	-0.358522
0.265537	-0.137816	0.375613	-0.0649007	-0.494878	0.092602	0.431056	-0.559429	0.275283	-0.183067
0.363182	-0.138452	0.173666	-0.223697	-0.118545	0.0343199	0.68499	-0.280186	-0.142018	-0.353258
0.249857	-0.128441	0.17584	-0.230848	-0.539096	0.0460913	0.603102	-0.12148	0.0689	-0.123925
-0.152852	0.217482	0.460917	-0.109308	-0.2156	0.0961581	0.19507	-0.113057	-0.153298	-0.22551
-0.262242	-0.155361	0.111827	-0.0100623	0.261769	-0.0113391	0.354942	0.149751	-0.145235	-0.294048
-0.158489	0.0155694	0.254682	0.00158852	-0.00939285	0.112201	0.269518	-0.187269	-0.0536913	-0.244715
-0.174562	0.214729	0.278773	0.136665	-0.0809043	-0.0622917	0.256376	-0.406158	0.0133027	-0.175926
0.0285476	-0.050241	0.267011	0.345119	-0.205051	-0.120508	0.230725	-0.34118	0.103148	-0.257568
-0.0223235	0.10318	0.0969247	0.272036	-0.174859	0.0158509	0.101643	-0.437239	0.188855	-0.144066
-0.166047	0.181541	-0.0678203	0.204325	-0.280206	-0.0355949	0.146766	-0.0835574	0.0658302	0.0347636
-0.0123551	0.0885757	0.153309	-0.00263463	-0.253621	0.222034	0.0160502	-0.270862	0.0352416	0.0242611
0.0971742	0.0259333	0.247142	0.309731	-0.0789797	0.132082	0.164931	-0.484805	-0.126994	-0.286214
0.318436	-0.0491548	0.387813	0.11978	-0.557713	0.117279	0.200211	-0.501766	0.287269	-0.322152
0.0582396	-0.0225236	0.353584	0.172076	-0.393532	0.273475	0.0793095	-0.499786	0.23277	-0.253606
0.03552	0.0785912	0.404076	-0.148364	-0.26271	0.266221	-0.0110212	-0.122218	-0.0806181	-0.15947
-0.0558477	0.0935526	0.607897	-0.0739476	-0.123371	-0.0316177	-0.118856	-0.0398242	-0.204443	-0.0535409
-0.012215	0.0175211	0.190699	-0.0116855	-0.00291925	-0.0605641	-0.067856	-0.00317874	-0.0317261	-0.0180752
-0.00251451	6.1936e-05	0.0189518	-0.0001231	-2.06718e-07	-0.00534393	-0.0109098	-5.60015e-07	-0.000121361	-2.8155e-07
0.0	0.0	0.0	0.0	0.0	0.0	0.0	0.0	0.0	0.0
0.0185474	-5.05587e-05	-0.00580478	-0.000581086	-0.000115192	-0.000791151	-0.00187231	-0.000223253	-0.00207866	-0.00703036
-0.00834493	-0.00724788	0.0436558	0.0352525	0.00232413	-0.0089182	-0.00300564	-0.0120403	-0.0171335	-0.024542
-0.0762415	-0.0277804	0.121927	0.460228	-0.0185698	0.0528365	-0.0607862	-0.129988	-0.181421	-0.140203
0.0537106	-0.0937944	0.362375	0.497974	-0.0937514	0.109336	-0.204311	-0.276572	-0.213617	-0.141345
0.24417	-0.403931	0.291203	0.260625	-0.210263	0.431142	-0.261754	-0.318461	-0.0734246	0.0406957
0.217346	-0.055981	0.24708	0.425491	-0.239081	0.259118	-0.17983	-0.47817	0.014545	-0.21052
0.161367	0.0453406	0.586804	0.208014	-0.463374	-0.14144	0.228697	-0.50776	0.353728	-0.471375
0.208554	0.259461	0.277675	0.209494	-0.580387	0.248603	-0.103223	-0.285825	0.0389126	-0.273268
0.193807	0.140512	0.275247	0.333776	-0.387166	0.246804	0.250052	-0.407732	-0.139506	-0.505795
0.280569	0.216761	0.280947	-0.0551169	-0.413524	0.0289959	0.497426	-0.367352	0.161781	-0.630487
0.414098	0.243233	0.410356	-0.173244	-0.148939	0.155784	0.326588	-0.357873	-0.175524	-0.694476
0.481608	0.140936	0.257385	-0.498478	-0.236265	0.0640003	0.524968	-0.123875	0.0555384	-0.665816
0.186403	-0.0941301	0.0768821	-0.108195	-0.398583	0.122558	0.224409	0.0220378	0.147875	-0.179256
0.00482823	-0.0168634	-0.0569735	0.0799154	-0.0736973	-0.106054	0.701678	0.0602224	-0.299575	-0.293477
0.0171123	-0.0235831	0.0703375	-0.109957	-0.0286632	0.0319143	0.364298	-0.266136	0.20025	-0.255572
-0.113405	0.300232	0.0483284	0.0895263	0.102779	0.174076	0.154659	-0.425679	-0.231435	-0.0990797
0.0109414	0.305335	-0.168416	0.218531	0.0625971	0.221585	0.0758301	-0.546986	-0.0347334	-0.144681
-0.0862248	0.404654	0.0992716	0.348819	-0.0700224	0.160603	0.297756	-0.801042	-0.0465696	-0.307242
-0.0918864	0.381707	0.269602	0.132963	-0.305087	0.147303	0.0282172	-0.47702	-0.00694866	-0.0788483
-0.0487874	0.214047	0.205048	0.299457	-0.206276	-0.0179719	0.242322	-0.691174	0.209878	-0.206543
0.0940534	0.0389447	0.322567	0.132152	-0.0858252	0.137876	0.0687027	-0.66485	0.320501	-0.364119
0.181289	-0.0476736	0.292056	0.0214672	-0.339081	0.52481	-0.10284	-0.59091	0.329496	-0.268609
-0.059841	-0.0531869	0.294735	0.111858	-0.324445	0.212633	0.0426206	-0.327264	0.181109	-0.0782127
-0.0257936	-0.0191081	0.506228	-0.104395	-0.17845	0.11285	-0.0778831	-0.0649483	-0.190628	0.0421315
-0.0475505	0.0141733	0.277107	-0.0433561	-0.126161	0.106548	-0.0530189	-0.0518968	-0.128657	0.0528129
-0.00177886	0.0188044	0.0518424	-0.00301855	-0.000803186	-0.00845438	-0.0132775	-0.00203255	-0.0282437	-0.0130381
-2.11838e-05	0.000241713	-0.000195808	-4.90952e-05	-4.05202e-05	0.000488937	-4.96866e-06	-3.23076e-05	-0.000353474	-3.3293e-05
-2.23149e-08	0.000135005	-6.21131e-05	-2.32583e-05	-4.90018e-07	-7.57173e-07	-8.38875e-07	-8.568e-06	-3.70144e-05	-1.94304e-06
-5.89061e-05	1.59911e-05	0.000203693	0.00088516	-3.50388e-06	-0.000354173	-3.35801e-05	-0.000256587	-0.000130125	-0.000267968
-0.0260389	-0.0122631	0.0899794	0.0731965	-0.000563197	-0.022072	-0.00216684	-0.0625076	-0.0174488	-0.0201151
-0.0535732	-0.0121427	0.209418	0.307256	-0.0745202	0.0744819	-0.0431317	-0.177507	-0.121012	-0.109266
-0.0726018	0.0983573	0.212065	0.294637	-0.121526	0.283732	-0.19347	-0.303052	-0.0591695	-0.138965
0.147702	0.42431	0.16186	0.00675637	-0.121591	0.119728	-0.292886	-0.34951	-0.0744	-0.0219669
0.157997	0.314857	0.167202	0.26506	-0.406783	0.191305	-0.380921	-0.444432	0.251219	-0.115507
0.143558	0.122488	0.154642	0.240467	-0.450301	0.314509	-0.0500758	-0.499489	0.307915	-0.283716
-0.0711043	0.219111	-0.0585166	0.217058	-0.0480519	0.119153	0.182082	-0.272967	-0.0715185	-0.215249
0.0459934	0.0436366	0.287801	-0.286917	-0.117944	0.133384	0.204536	-0.408355	0.251178	-0.153314
0.244524	0.298107	0.139417	-0.136153	-0.214722	0.0557521	0.215597	-0.203001	-0.162944	-0.236578
0.355308	-0.127688	0.105524	-0.143768	-0.0395599	0.244568	0.308752	-0.258496	-0.0146575	-0.429982
0.339831	-0.13967	-0.0568419	-0.0629824	-0.0956258	0.114713	0.608025	-0.103784	-0.209389	-0.394276
0.104684	-0.179974	0.156478	-0.0346312	-0.216607	0.0858801	0.589125	-0.236469	0.110391	-0.378876
-0.0359966	0.193317	0.147389	-0.130152	-0.146229	0.144965	0.649858	-0.364395	-0.0714641	-0.387287
0.00024635	0.0944555	-0.0471177	0.0461797	0.111229	0.0817273	0.277351	-0.175163	-0.0390144	-0.349893
0.0246937	-0.0663698	0.165351	0.130925	-0.165686	-0.0490264	0.281452	-0.0147659	-0.150841	-0.15573
-0.18911	0.0116313	0.336787	-0.0165627	0.0465068	0.126742	0.404868	-0.366028	0.0385479	-0.393382
-0.198923	0.405211	0.338143	0.205057	-0.166308	0.0139136	0.282233	-0.429727	-0.0618262	-0.387778
-0.280716	0.267618	0.453929	0.307898	-0.00519212	-0.0334353	0.116096	-0.460453	-0.0526193	-0.313127
-0.123441	0.404329	0.0147285	-0.0142856	-0.0321609	0.272206	0.0724197	-0.539993	0.170979	-0.22478
0.0264792	0.246877	0.148519	-0.128262	0.000823672	0.434785	-0.0389023	-0.630203	0.0498993	-0.110012
0.0542716	-0.194659	0.369458	-0.0460968	-0.120589	0.473861	0.0707123	-0.562689	0.199309	-0.243572
0.0223829	-0.139024	0.551346	-0.171244	-0.0744378	0.254893	-0.0362878	-0.337768	-0.0290146	-0.0408412
-0.0578945	0.0283686	0.385833	-0.160597	-0.12663	0.163931	-0.0439959	-0.0574298	-0.256221	0.124638
-0.0278294	0.00342413	0.167231	-0.0333522	-0.113152	0.154321	-0.0494118	-0.0267391	-0.0853943	0.0109025
0.0272651	-0.000740731	0.0168114	-0.0046531	-0.00243542	0.00408091	-0.0041985	-0.00258868	-0.00889959	-0.0246413
5.71688e-06	-4.48962e-11	-1.22177e-06	-3.27469e-07	-3.96251e-09	-1.57259e-06	-2.38988e-07	-7.72621e-09	-2.32695e-06	-1.74632e-08
-2.16176e-08	0.000130786	-6.0172e-05	-2.25315e-05	-4.74705e-07	-7.33512e-07	-8.1266e-07	-8.30026e-06	-3.58577e-05	-1.88232e-06
-9.20078e-07	3.8572e-05	-2.08515e-05	3.13679e-05	-1.94715e-07	-1.16233e-05	-2.65625e-07	-1.45817e-05	-1.33234e-05	-8.17968e-06
-0.00486142	-0.0118719	0.0661769	0.0858764	-0.000416757	-0.0147382	-0.000233432	-0.0851043	-0.0129496	-0.0218776
-0.0653723	-0.0147411	0.164723	0.256699	-0.0785158	0.0386395	-0.0197029	-0.187405	-0.0410528	-0.0532691
-0.280157	0.153957	0.216714	0.2095	-0.119411	0.286294	-0.0922927	-0.232462	-0.0295062	-0.11263
-0.0537194	0.823579	0.18526	0.0297732	-0.186454	-0.071187	-0.19677	-0.115727	-0.108093	-0.306659
0.0326649	0.50874	0.368364	0.185902	-0.24749	-0.224955	-0.380522	-0.131616	0.0749218	-0.186008
0.0760439	0.0863397	0.311569	0.14125	-0.280629	-0.0151949	-0.263638	0.0604007	0.149366	-0.265509
0.194888	0.0691314	0.354962	-0.0817741	-0.215296	0.0666834	-0.140805	-0.0902193	-0.12227	-0.0353001
0.15743	0.133107	0.326585	0.00681964	-0.28855	0.0272249	0.082334	-0.249663	-0.0694836	-0.125804
0.145743	-0.110806	0.0973005	0.019863	-0.203268	-0.0795933	0.171411	-0.0983666	0.0275984	0.0301165
0.175821	-0.413507	0.173038	0.160939	-0.164197	0.0913896	0.0510899	-0.302384	0.222163	0.00564762
0.149331	-0.580992	0.140686	-0.0781903	-0.194701	0.129106	0.350376	-0.0465029	0.104138	0.0267487
0.526275	-0.392179	0.040778	-0.135601	-0.0897842	0.243856	0.310539	-0.439468	0.135943	-0.200359
0.0949056	-0.121922	-0.0728144	-0.115671	-0.197725	0.161887	0.0316	-0.10933	0.283405	0.045666
0.112678	0.0259135	-0.133601	0.0945833	-0.207008	0.0652284	0.281743	-0.0757125	0.104855	-0.268678
0.0437116	-0.00724996	0.0214769	0.049195	-0.166527	0.134988	0.189089	-0.0351137	-0.0517914	-0.177778
0.083138	0.235507	-0.0482826	0.15621	0.00499668	-0.0198417	0.0347893	-0.251842	0.0935453	-0.288219
-0.112362	0.44013	0.12261	0.0431494	-0.0392959	0.175024	-0.0610902	-0.293358	0.0150772	-0.289885
-0.124235	0.278008	0.261473	0.173688	0.270724	0.171376	-0.0369314	-0.280187	-0.187288	-0.526628
-0.188997	0.294824	0.288864	0.158969	0.0173134	0.150126	0.122655	-0.526438	-0.141313	-0.176003
-0.0690052	0.0130154	0.231253	-0.0474475	0.30532	0.0635936	0.106475	-0.619632	0.129417	-0.112986
0.0716735	-0.187655	0.38874	0.063107	0.00832081	0.211162	-0.119427	-0.443061	-0.00356194	0.0107057
0.0670593	-0.0978518	0.280086	-0.0885835	-0.118423	0.260952	-0.145966	-0.327383	0.00965361	0.160464
-0.0440675	-0.0128214	0.238285	-0.113533	-0.109715	0.17227	-0.066135	-0.0548695	-0.112638	0.103228
-0.0198012	-0.00283159	0.0868643	-0.0298066	-0.0746443	0.0969561	-0.0171491	-0.0250294	-0.0356465	0.0210885
0.00288084	0.00599233	-0.0280646	0.000100943	0.00452735	0.028219	-0.000117736	-0.00130747	-0.00537425	-0.00685638
1.05542e-05	-8.28853e-11	-2.25558e-06	-6.04559e-07	-7.31539e-09	-2.90324e-06	-4.41208e-07	-1.42638e-08	-4.29591e-06	-3.22397e-08
0.0	0.0	0.0	0.0	0.0	0.0	0.0	0.0	0.0	0.0
0.0	0.0	0.0	0.0	0.0	0.0	0.0	0.0	0.0	0.0
-0.000347947	-0.000204662	0.00174433	0.0876904	-0.000176895	-0.00036786	-3.06922e-05	-0.063573	-0.00271901	-0.0220146
-0.0313041	-0.0611926	-0.0376262	0.292892	-0.0153856	0.0512035	-0.00192081	-0.147512	-0.0362767	-0.0128763
-0.202458	-0.0273946	-0.00642477	0.381216	-0.0602345	0.208299	-0.0167219	-0.0319147	-0.086279	-0.158085
-0.214109	0.444162	-0.0594762	0.335076	-0.119601	0.209487	-0.0592316	0.0901618	-0.379664	-0.246802
-0.0924604	0.3871	0.0144192	0.264124	-0.0666595	-0.0129517	-0.141428	0.270608	-0.377186	-0.245564
0.134472	0.0792442	0.121319	0.25586	-0.0436414	-0.210893	-0.284121	0.370469	-0.214283	-0.208425
0.197066	-0.0431346	0.168793	-0.00842355	-0.0301564	0.141871	-0.304389	-0.361401	0.216444	0.0233287
0.285166	0.061982	0.199203	0.189107	-0.0336077	0.0907872	-0.327061	-0.178813	0.0402298	-0.326994
0.336146	-0.0822194	-0.00715891	0.091882	-0.0215098	0.320554	-0.417516	-0.144742	-0.0709178	-0.00451496
0.315662	-0.0708084	0.220672	0.237251	-0.00972084	0.0358969	-0.290612	-0.357922	0.0593849	-0.139805
0.154808	0.237178	0.13801	-0.223208	-0.141128	0.0973386	-0.0320994	-0.323578	0.154575	-0.0618966
0.214745	-0.0416643	-0.125097	0.18124	-0.0817861	-0.103918	-0.0327044	-0.331484	0.422693	-0.102023
0.246222	-0.234312	-0.0629092	-0.161446	-0.00211396	0.0981606	0.0754905	-0.194838	0.181204	0.0545427
0.209012	0.131051	-0.111311	-0.027664	-0.0906044	-0.0588454	0.0242962	-0.0327725	0.151707	-0.194868
0.0128333	0.0571027	-0.0103113	-0.304214	0.142571	0.180542	-0.065158	-0.189325	0.319668	-0.143709
0.0821224	0.274191	-0.0820424	0.0619082	-0.0185983	-0.0325863	-0.0462605	-0.124524	0.0478405	-0.162052
-0.362596	-0.00889268	0.260604	0.329554	0.24515	-0.304981	0.0586263	-0.26159	0.174305	-0.130183
-0.39293	0.0397972	0.468435	-0.0146196	0.212043	-0.0619978	0.0890796	-0.444707	0.161775	-0.0568764
-0.376231	-0.0847671	0.395598	0.0852232	0.221234	0.0818858	0.0429624	-0.570342	0.193454	0.0109861
-0.177689	-0.168557	0.502232	-0.0386994	0.252893	-0.0224431	-0.044061	-0.564315	0.055338	0.205309
-0.0612953	-0.133681	0.442559	-0.161847	-0.110037	0.0621453	-0.0514595	-0.362805	0.0172193	0.359206
-0.0477184	-0.11105	0.291063	-0.0978849	-0.152884	0.159696	-0.0528864	-0.333863	0.078962	0.26657
-0.0701203	-0.0284216	0.236688	-0.0452872	-0.10442	0.107553	-0.0368011	-0.0969515	-0.0758512	0.113613
-0.0132618	7.28103e-05	0.0884448	-0.026948	-0.00265012	0.0350267	-0.00906772	-0.029166	-0.0278951	-0.0145556
-1.81114e-05	0.0241596	-0.0195993	0.0104015	0.00467992	0.0165948	-0.000158186	-0.00106651	-0.0215378	-0.0134559
0.0	0.0	0.0	0.0	0.0	0.0	0.0	0.0	0.0	0.0
0.0	0.0	0.0	0.0	0.0	0.0	0.0	0.0	0.0	0.0
0.0	0.0	0.0	0.0	0.0	0.0	0.0	0.0	0.0	0.0
-0.00155127	-9.88211e-06	-0.00217807	0.0423417	-1.2463e-05	-0.000492258	-3.9498e-06	-0.0323858	-0.000148423	-0.00555958
-0.0025818	-0.0402914	-0.0884497	0.178943	-0.000344859	0.0498438	-0.000157649	-0.0173928	-0.0640936	-0.0154748
-0.0154414	-0.0754186	-0.145575	0.319506	-0.0239843	-0.0032923	-0.00304348	0.117299	-0.209138	0.0390899
-0.0935292	0.0418047	-0.273265	0.281786	-0.0243246	0.00319772	-0.0223517	0.417283	-0.393504	0.0629086
-0.127501	0.0284441	-0.387632	0.517432	-0.0268144	-0.0285323	-0.0380451	0.447266	-0.422218	0.0376039
-0.182589	-0.0890679	-0.358217	0.490669	-0.0222046	0.0853652	-0.0854922	0.271106	-0.269394	0.159824
-0.110377	-0.20044	-0.184347	0.166498	-0.0500163	0.164869	-0.165173	0.116523	0.172556	0.0899089
-0.0404559	-0.177762	-0.0435189	0.199616	0.0492102	0.41087	-0.244719	-0.0120053	0.0339804	-0.175215
-0.0235244	-0.267804	-0.171189	0.43189	0.0263077	0.159419	-0.33258	0.0576098	0.0568039	0.0630663
-0.0375728	-0.312885	-0.122998	0.381691	0.185226	0.12087	-0.476781	-0.0342822	0.423328	-0.126596
0.266447	-0.291434	0.0890694	0.215518	-0.162253	0.196975	-0.407959	-0.0287558	0.334701	-0.212309
0.24478	-0.364885	0.00356832	0.349429	-0.206646	0.36786	-0.429173	0.143922	0.184122	-0.292979
0.151738	-0.367204	0.27837	0.353413	-0.108385	0.266952	-0.370838	-0.0550183	0.253827	-0.402852
-0.0216677	-0.284385	0.0228326	0.18552	-0.121822	0.262635	-0.292314	-0.0440572	0.31206	-0.0188015
-0.0989821	-0.545073	0.00290532	0.3129	0.0205532	0.0860321	-0.132929	-0.0957368	0.529737	-0.0794062
-0.162561	-0.155502	0.179108	0.207652	-0.165948	0.255326	-0.0897616	-0.0283244	-0.105216	0.0652275
-0.310499	-0.0069328	0.260793	-0.20273	-0.0183214	0.260499	-0.105763	-0.251851	0.324452	0.0503533
-0.361117	0.0200454	0.00147956	-0.135174	0.119584	0.0592768	-0.120642	-0.210202	0.546316	0.0804345
-0.349745	-0.0362119	0.0149336	-0.0353577	0.0818679	0.0707511	-0.0663609	-0.236876	0.156693	0.400311
-0.239461	-0.0373903	0.230181	-0.0035931	0.0781237	0.00248607	-0.0717804	-0.260666	-0.0479535	0.350056
-0.108805	-0.0831601	0.0876083	-0.0477445	0.0272654	0.194177	-0.0419425	-0.253956	-0.0558706	0.28243
-0.0440253	-0.03342	0.140684	-0.0353564	-0.0301902	0.133654	-0.016939	-0.300351	-0.0433755	0.22932
-0.00682108	-0.0156239	0.292805	-0.0389081	-0.0614326	0.0755317	-0.00363809	-0.120378	-0.0702939	-0.0512407
-0.000543554	0.00771371	0.159603	-0.00749084	0.0115558	-0.0339711	-0.00039347	-0.0492528	-0.0344661	-0.0527548
-4.1991e-07	0.00176692	0.0239555	-1.76324e-05	-0.000149788	-0.000531768	-4.04638e-05	-1.74455e-06	-0.00508647	-0.0198941
0.0	0.0	0.0	0.0	0.0	0.0	0.0	0.0	0.0	0.0
0.0	0.0	0.0	0.0	0.0	0.0	0.0	0.0	0.0	0.0
0.0	0.0	0.0	0.0	0.0	0.0	0.0	0.0	0.0	0.0
-2.71032e-05	-2.74269e-07	-5.66402e-05	0.00407864	-8.43211e-05	-9.42408e-06	-3.69252e-07	-0.00568986	-0.00030315	0.0020925
-0.000129737	-0.00398817	-0.019704	-0.0368579	-7.4068e-05	0.0492213	-5.40348e-05	0.0239204	-0.00446294	-0.00787085
-0.00304235	-0.0557023	-0.0609019	-0.00515237	0.00373789	0.0586614	-0.000932139	0.13137	-0.114264	0.0462266
-0.0206153	-0.116387	-0.0928525	0.121414	-0.051792	-0.0134027	-0.00186469	0.0594957	-0.222795	0.338801
-0.100163	-0.145079	-0.0821344	0.328971	-0.147351	-0.0181012	-0.00570425	-0.0161593	-0.152586	0.338312
-0.152997	-0.189989	-0.181606	0.559761	-0.232376	0.00761432	-0.010756	0.0304471	-0.152542	0.322449
-0.23196	-0.170458	-0.370585	0.809396	-0.429929	0.00618821	-0.0405173	0.319448	-0.254138	0.362564
-0.337784	-0.272414	-0.443693	0.77397	-0.29631	0.192723	-0.0576257	0.406129	-0.211936	0.246944
-0.480519	-0.580078	-0.370004	0.70268	-0.113571	0.219261	-0.052716	0.228237	0.128771	0.317945
-0.48723	-0.481394	-0.372798	0.570703	-0.2867	0.348974	-0.0498425	0.475761	0.117985	0.164542
-0.627899	-0.304548	-0.234311	0.734131	-0.468252	0.330426	-0.0429085	0.378511	-0.0589973	0.293851
-0.575507	-0.356602	-0.143227	0.599976	-0.232464	0.334513	-0.10985	0.256372	-0.0229552	0.249749
-0.546506	-0.400081	0.00257906	0.366999	-0.228696	0.10041	-0.106762	0.218452	0.191119	0.40249
-0.484068	-0.439408	0.077622	0.189984	-0.252882	0.388966	-0.113221	0.244442	0.303272	0.0852961
-0.328632	-0.44373	0.0254469	0.276444	-0.414154	0.323081	-0.0936333	0.149325	0.275203	0.230649
-0.381763	-0.277135	-0.0497984	0.20672	-0.421058	0.319705	-0.0610277	0.123604	0.309218	0.231541
-0.333385	-0.14706	-0.240714	0.133322	-0.332291	0.217822	-0.0523698	0.285893	0.195337	0.273451
-0.187363	-0.121147	-0.296824	0.211987	-0.431503	0.208264	-0.0331676	0.0868452	0.124383	0.43853
-0.201807	-0.0456777	-0.200613	0.0202009	-0.251811	0.151562	-0.0179319	-0.0933011	0.0440578	0.595326
-0.151567	-0.00947722	-0.162743	-0.0977457	-0.181076	0.23829	-0.0103543	-0.0734438	-0.0297092	0.477829
-0.064227	-0.00578995	-0.147613	-0.0364992	-0.0805214	0.290673	-0.00716213	-0.00305238	-0.0445348	0.0987285
-0.0163453	-0.000956216	-0.0716704	-0.00655086	-0.073299	0.200467	-0.00317475	-0.0690238	-0.013492	0.0540455
-0.00317217	-1.21559e-05	-0.00698869	-0.000257913	-0.0468283	0.110258	-0.000605243	-0.00626461	-0.00671541	-0.0394138
-5.09595e-07	-1.06662e-05	0.0212718	-0.00026995	-0.00108561	-1.5046e-05	-2.6044e-05	-0.00112637	-0.00419419	-0.0145434
-3.74597e-07	-1.27428e-05	0.0254383	-3.92818e-06	-0.000158799	-1.14073e-05	-2.96207e-05	-1.38863e-06	-0.00410994	-0.0211101
0.0	0.0	0.0	0.0	0.0	0.0	0.0	0.0	0.0	0.0
0.0	0.0	0.0	0.0	0.0	0.0	0.0	0.0	0.0	0.0
0.0	0.0	0.0	0.0	0.0	0.0	0.0	0.0	0.0	0.0
0.0	0.0	0.0	0.0	0.0	0.0	0.0	0.0	0.0	0.0
0.0	0.0	0.0	0.0	0.0	0.0	0.0	0.0	0.0	0.0
-0.000201925	-0.00103081	-0.000791132	0.00157614	0.00534538	-0.00292179	-3.9601e-05	-0.0698134	-0.012412	0.0802891
-0.00399321	-0.00370473	-0.00314879	0.0268795	0.00390827	-0.00888325	-0.000271789	-0.158529	-0.0429152	0.190658
-0.0202595	-0.00748327	-0.0111131	0.0457809	-0.059272	-0.0400454	-0.00113287	-0.139351	-0.0730932	0.30597
-0.0447377	-0.0110754	-0.0263934	0.0560813	-0.15696	-0.126442	-0.00198947	0.00512344	-0.0295881	0.335983
-0.0631631	-0.0178725	-0.0335211	0.0238825	-0.261431	-0.163244	-0.00442845	0.118869	-0.0137294	0.41464
-0.120166	-0.0316483	-0.0351325	0.000827604	-0.415687	-0.111162	-0.00646213	0.221712	-0.0764757	0.574197
-0.108685	-0.0994254	-0.0313763	0.0412381	-0.422191	-0.0320376	-0.00733851	0.235463	-0.161223	0.58558
-0.0792193	-0.0868938	-0.0833837	0.0527951	-0.497827	0.114993	-0.00930016	0.188704	-0.0978328	0.497967
-0.0525808	-0.112625	-0.0440756	0.0143523	-0.519166	0.099808	-0.0110218	0.0665636	-0.101161	0.659908
-0.103598	-0.177186	-0.0782181	0.0371558	-0.585115	0.00160023	-0.0151221	0.400573	-0.122453	0.642368
-0.144744	-0.143297	-0.0601491	0.000831464	-0.730245	-0.0309241	-0.0126379	0.462311	-0.187503	0.846361
-0.109923	-0.0858565	-0.0782778	0.0162368	-0.629297	0.109561	-0.0104674	0.561666	-0.236424	0.462784
-0.0773767	-0.064938	-0.102007	0.12449	-0.563134	0.0171773	-0.00950661	0.340587	-0.16102	0.495731
-0.110834	-0.0414053	-0.12111	0.102926	-0.506835	-0.0458051	-0.00910118	0.34573	-0.078806	0.465243
-0.0710614	-0.0561906	-0.0765484	0.0558865	-0.518552	-0.087164	-0.00836177	0.324868	-0.060023	0.49715
-0.0111276	-0.0315794	-0.0264585	0.0175684	-0.415732	-0.00223582	-0.00503079	0.215896	-0.082168	0.34087
-0.0542747	-0.0110701	-0.0293716	-0.0141955	-0.21138	0.056712	-0.00343913	0.000371392	-0.0385971	0.305245
-0.0667857	-0.00555361	-0.0348787	-0.0103316	-0.106283	0.055012	-0.00238318	0.00129233	-0.0142148	0.184126
-0.0340618	-0.000916241	-0.01287	0.0011276	-0.0584245	0.0253594	-0.000424098	0.0760924	-0.00347764	0.00759486
-0.0018345	-1.05227e-05	-7.31343e-05	-0.000294816	-0.00381496	0.000401226	-8.13216e-05	-0.00215234	-0.000304165	0.00816453
-5.3791e-06	-1.62453e-09	-6.16983e-07	-1.5021e-06	-0.00147711	-3.28893e-05	-1.5981e-06	-0.000152922	-1.24803e-05	0.0016845
-2.23222e-07	-1.82807e-08	-1.49703e-06	-2.75733e-07	-7.36261e-08	-9.96365e-08	-8.64649e-10	2.38058e-05	-7.01683e-07	-2.09154e-05
0.0	0.0	0.0	0.0	0.0	0.0	0.0	0.0	0.0	0.0
0.0	0.0	0.0	0.0	0.0	0.0	0.0	0.0	0.0	0.0
0.0	0.0	0.0	0.0	0.0	0.0	0.0	0.0	0.0	0.0
0.0	0.0	0.0	0.0	0.0	0.0	0.0	0.0	0.0	0.0
0.0	0.0	0.0	0.0	0.0	0.0	0.0	0.0	0.0	0.0
0.0	0.0	0.0	0.0	0.0	0.0	0.0	0.0	0.0	0.0
-3.3275e-06	-4.23197e-06	-2.17112e-06	-6.84896e-07	-1.24289e-06	-9.85463e-07	-7.39611e-08	0.00018748	-4.33738e-05	-0.000131389
-6.14985e-05	-1.09661e-05	-8.2976e-06	-2.64004e-06	-5.70418e-06	-1.76502e-05	-8.25033e-07	0.000784991	-0.000121852	-0.000555559
-9.2839e-05	-9.71662e-06	-3.30493e-05	-3.75077e-05	-0.00859985	-6.25035e-05	-2.6023e-06	-0.000636001	-0.00015678	0.00963085
-0.000178901	-2.25523e-05	-0.000120063	-0.000100358	-0.0491163	-0.000589378	-3.91599e-05	-0.00623422	-0.000260345	0.0566613
-0.000509579	-4.80436e-05	-0.000179178	-0.000212532	-0.0509837	-0.00126028	-7.1465e-05	0.00944992	-0.000427632	0.0442425
-0.00112709	-4.64778e-05	-0.000283214	-0.00148875	-0.0237191	-0.000915242	-2.90332e-05	0.0105977	-0.000937733	0.017949
-0.00114921	-0.00453431	-0.00597415	-0.00863027	-0.0542983	0.00370512	-6.55921e-05	0.0693851	-0.0164059	0.0179677
-0.00188295	-0.00154218	-0.0025209	-0.00482103	-0.0344112	0.0106505	-6.66722e-05	0.0194735	-0.00423438	0.0193554
-0.00394803	-0.00442736	-0.00105624	-0.00486605	-0.0459257	0.00655563	-0.00040535	0.0299259	-0.0101222	0.0342695
-0.00667594	-0.00439045	-0.0012967	-0.00654439	-0.0363633	-0.00330348	-0.000420068	0.158706	-0.00835429	-0.0913577
-0.0100564	-0.00214505	-0.00100854	-0.00900327	-0.117721	-0.0126155	-0.000839206	0.133978	-0.00688529	0.0262959
-0.010053	-0.000517092	-0.00114636	-0.00720922	-0.0600364	-0.009165	-0.000776604	0.133569	-0.00641294	-0.038252
-0.00586561	-0.000330973	-0.000989826	-0.00871798	-0.0360175	-0.00715468	-0.000549811	0.112028	-0.00346233	-0.0489396
-0.00445075	-0.0066904	-0.00134245	-0.00637203	-0.0325702	-0.00894989	-0.000523206	0.144442	-0.00348303	-0.0800601
-0.00460743	-0.0206474	-0.000837106	-0.00400616	-0.0430738	-0.00649734	-0.000348828	0.177378	-0.00398871	-0.0933711
-0.00228711	-0.000328694	-0.00052244	-0.0029114	-0.0349559	-0.00741001	-0.000199905	0.130469	-0.00266327	-0.0791902
-0.00438227	-9.18989e-05	-0.00609589	-0.00151444	-0.00668873	-0.0183771	-0.000190521	0.0466982	-0.00340315	-0.00595427
-0.0127578	-2.9566e-05	-0.00413762	-0.000454558	-0.00493701	-0.00798038	-8.27627e-05	0.0201184	-0.00173276	0.011994
-0.0380724	-5.18339e-05	-0.0133786	-0.000290078	-0.0120058	-0.00610684	-0.00020632	0.0594179	-0.00152001	0.012214
-0.00870058	-3.36529e-06	-0.000161945	-2.85776e-05	-0.00271839	-0.00137437	-2.03181e-05	0.0207299	-0.000316092	-0.00740622
0.0	0.0	0.0	0.0	0.0	0.0	0.0	0.0	0.0	0.0
0.0	0.0	0.0	0.0	0.0	0.0	0.0	0.0	0.0	0.0
0.0	0.0	0.0	0.0	0.0	0.0	0.0	0.0	0.0	0.0
0.0	0.0	0.0	0.0	0.0	0.0	0.0	0.0	0.0	0.0
