0.0	0.0	0.0	0.0	0.0	0.0	0.0	0.0	0.0	0.0
0.0	0.0	0.0	0.0	0.0	0.0	0.0	0.0	0.0	0.0
0.0	0.0	0.0	0.0	0.0	0.0	0.0	0.0	0.0	0.0
0.0	0.0	0.0	0.0	0.0	0.0	0.0	0.0	0.0	0.0
0.0	0.0	0.0	0.0	0.0	0.0	0.0	0.0	0.0	0.0
0.0	0.0	0.0	0.0	0.0	0.0	0.0	0.0	0.0	0.0
0.0	0.0	0.0	0.0	0.0	0.0	0.0	0.0	0.0	0.0
0.0	0.0	0.0	0.0	0.0	0.0	0.0	0.0	0.0	0.0
0.0	0.0	0.0	0.0	0.0	0.0	0.0	0.0	0.0	0.0
0.0	0.0	0.0	0.0	0.0	0.0	0.0	0.0	0.0	0.0
0.0	0.0	0.0	0.0	0.0	0.0	0.0	0.0	0.0	0.0
0.0	0.0	0.0	0.0	0.0	0.0	0.0	0.0	0.0	0.0
-3.01588e-06	-5.39172e-06	-0.000249653	-1.41702e-05	-0.000765914	-1.46794e-05	0.00129278	-5.72095e-06	-6.22467e-05	-0.000171984
-1.48462e-05	-1.29688e-05	-0.000259766	-3.93977e-05	-0.00178609	-3.25343e-05	0.00273044	-1.68844e-05	-0.000144571	-0.000423383
-9.17227e-06	-1.29393e-06	0.000319252	-9.31402e-06	-0.000121296	-4.35757e-07	-0.00011161	-4.84909e-06	-9.20492e-06	-5.20763e-05
-3.82178e-07	-5.39137e-08	1.33022e-05	-3.88084e-07	-5.054e-06	-1.81565e-08	-4.6504e-06	-2.02045e-07	-3.83538e-07	-2.16985e-06
0.0	0.0	0.0	0.0	0.0	0.0	0.0	0.0	0.0	0.0
0.0	0.0	0.0	0.0	0.0	0.0	0.0	0.0	0.0	0.0
0.0	0.0	0.0	0.0	0.0	0.0	0.0	0.0	0.0	0.0
0.0	0.0	0.0	0.0	0.0	0.0	0.0	0.0	0.0	0.0
0.0	0.0	0.0	0.0	0.0	0.0	0.0	0.0	0.0	0.0
0.0	0.0	0.0	0.0	0.0	0.0	0.0	0.0	0.0	0.0
0.0	0.0	0.0	0.0	0.0	0.0	0.0	0.0	0.0	0.0
0.0	0.0	0.0	0.0	0.0	0.0	0.0	0.0	0.0	0.0
0.0	0.0	0.0	0.0	0.0	0.0	0.0	0.0	0.0	0.0
0.0	0.0	0.0	0.0	0.0	0.0	0.0	0.0	0.0	0.0
0.0	0.0	0.0	0.0	0.0	0.0	0.0	0.0	0.0	0.0
0.0	0.0	0.0	0.0	0.0	0.0	0.0	0.0	0.0	0.0
0.0	0.0	0.0	0.0	0.0	0.0	0.0	0.0	0.0	0.0
0.0	0.0	0.0	0.0	0.0	0.0	0.0	0.0	0.0	0.0
0.0	0.0	0.0	0.0	0.0	0.0	0.0	0.0	0.0	0.0
0.0	0.0	0.0	0.0	0.0	0.0	0.0	0.0	0.0	0.0
-2.59666e-09	-1.12706e-08	-6.28373e-07	-1.64376e-09	-8.41482e-06	-1.25861e-08	9.51347e-06	-6.91128e-09	-1.05344e-07	-3.29961e-07
-9.3832e-08	-3.35394e-08	-3.62188e-06	-1.82141e-08	-7.23903e-05	-4.40943e-08	7.85399e-05	-3.64602e-07	-3.31177e-07	-1.64244e-06
-1.90264e-05	-1.06982e-07	-0.000189849	-4.5219e-06	-0.00445018	-8.64222e-06	0.0048255	-2.94169e-05	-4.4226e-06	-0.000119334
-3.74873e-05	-2.434e-05	-0.000463921	-1.03497e-05	-0.0102802	-1.70814e-05	0.0112297	-8.96367e-05	-2.52891e-05	-0.000281427
-4.55709e-05	-0.00114618	-0.00183027	-6.06181e-05	-0.00942768	-4.0972e-05	0.0136012	-0.000319659	-0.000306124	-0.000424167
-6.29519e-05	-0.000994213	-0.00215564	-9.3894e-05	-0.00482822	-3.46128e-05	0.00908048	-0.0003081	-0.000335092	-0.000267749
-0.000562345	-0.000711434	-0.0013366	-9.53217e-05	-0.0118343	-0.000107978	0.0159726	-0.000264918	-0.000353339	-0.00070638
0.0015141	-0.000521815	-0.00491134	-0.000149591	-0.0165728	-0.000231428	0.0246121	-0.000890273	-0.00060337	-0.00224551
0.00406085	-0.000405944	-0.00543506	-0.000223988	-0.0272061	-0.0012344	0.0358692	-0.00208941	-0.000602476	-0.00273273
0.00176325	-0.000247339	-0.00399062	-0.000169267	-0.0182047	-0.00132734	0.0252052	-0.000620108	-0.000748322	-0.00166077
-0.000236299	0.00433762	0.0008779	-0.000329827	-0.0131477	-0.000675964	0.0111989	-0.000168112	-0.000934429	-0.000922109
0.00321522	0.00731947	0.00285827	-0.000493435	-0.020403	-0.000684744	0.012235	-0.000402864	-0.00108082	-0.00256308
0.00887598	-0.00165834	0.0147116	-0.000384631	-0.0167289	-0.000728209	0.00354505	-0.000862592	-0.00112974	-0.0056402
0.00341044	-0.00110545	0.00245632	-0.00018352	-0.00672975	-0.000532252	0.00703987	-0.000407131	-0.000756956	-0.00319158
-0.000981326	-0.000114703	-0.00528001	-5.59954e-05	-0.00433231	-0.000701054	0.0128856	-7.36487e-05	-0.000560462	-0.000786117
-0.000454901	-6.87066e-05	-0.00311636	-4.46257e-05	-0.00303673	-0.000549606	0.00860277	-9.45854e-05	-0.000608937	-0.000628318
-0.000191527	-8.94803e-05	-0.00135254	-3.82495e-05	-0.0025569	-0.000236693	0.00520234	-4.80173e-05	-0.000319048	-0.000369886
-8.37779e-05	-0.000223378	-0.00171802	-4.79269e-05	-0.00509588	-6.6867e-05	0.00780429	-6.39463e-06	-0.000366594	-0.000195446
-8.7961e-06	-1.94017e-05	-0.000196575	-4.20024e-06	-0.00593616	-7.59123e-06	0.00632718	-1.06558e-05	-5.99997e-05	-8.3797e-05
-2.22081e-06	-1.43878e-06	-6.27416e-05	-6.60404e-07	-0.00164073	-7.37143e-06	0.0017954	-1.45651e-05	-2.9307e-05	-3.6358e-05
0.0	0.0	0.0	0.0	0.0	0.0	0.0	0.0	0.0	0.0
0.0	0.0	0.0	0.0	0.0	0.0	0.0	0.0	0.0	0.0
0.0	0.0	0.0	0.0	0.0	0.0	0.0	0.0	0.0	0.0
0.0	0.0	0.0	0.0	0.0	0.0	0.0	0.0	0.0	0.0
0.0	0.0	0.0	0.0	0.0	0.0	0.0	0.0	0.0	0.0
0.0	0.0	0.0	0.0	0.0	0.0	0.0	0.0	0.0	0.0
-1.57782e-08	-3.32962e-10	-8.98198e-08	-8.22831e-10	-1.17094e-06	-2.26423e-07	1.86624e-06	-6.9383e-12	-2.37409e-07	-1.2471e-07
0.000320981	-3.63631e-10	-4.96779e-06	-1.92931e-07	-0.000268818	-2.59608e-05	4.74253e-05	-2.84077e-05	-2.58766e-06	-3.74716e-05
0.000124753	-8.16854e-07	-0.000210482	-4.72446e-07	-0.000158411	-5.424e-06	0.000294022	-1.08754e-05	-1.30883e-05	-1.9205e-05
-9.10936e-05	-8.82354e-07	-6.12606e-05	-3.07121e-06	-0.000204617	-5.00815e-07	0.00037636	-1.91347e-06	-7.67495e-06	-5.34565e-06
-0.00247709	-8.63787e-06	-0.00085608	-4.74141e-05	-0.0048323	-2.72644e-05	0.00867973	-0.000196826	-8.8632e-05	-0.000145484
-0.00293543	-0.000613026	-0.00145069	-0.000498927	-0.0170967	-0.000369575	0.0244296	-0.000541173	-0.000401454	-0.000522638
-0.00316821	-0.0044149	0.000837485	-0.00202582	-0.0222581	-0.000756207	0.0351085	-0.00118683	-0.0011281	-0.00100779
-0.0079668	-0.00737008	0.00950124	-0.00413991	-0.0260599	-0.00247185	0.0463517	-0.002543	-0.00352662	-0.00177472
-0.00905564	-0.0109237	0.0117139	-0.0036797	-0.0529615	-0.00562121	0.085692	-0.00435289	-0.00596731	-0.00484389
-0.0128856	-0.0111881	0.020563	9.87241e-05	-0.064045	-0.0106576	0.102381	-0.0070599	-0.00950367	-0.00770242
-0.0157205	0.00193812	0.00653862	0.00326962	-0.0903309	-0.01765	0.146302	-0.00699813	-0.0152337	-0.0121147
-0.0187932	0.0166381	-0.00409369	0.00152367	-0.0857382	-0.0220883	0.1492	-0.005243	-0.017793	-0.0136122
-0.0247148	0.022655	0.00345124	0.0024615	-0.0737603	-0.0205391	0.129028	-0.00731302	-0.0178427	-0.0134257
-0.0303468	0.0423087	0.00653174	-0.00399974	-0.0751672	-0.0147644	0.118162	-0.00861811	-0.0192599	-0.0148467
-0.0292788	0.0194461	0.0152161	-0.00442053	-0.0680974	-0.00727726	0.11874	-0.00582222	-0.0205222	-0.0179831
-0.0267598	-0.00172628	0.000893277	-0.00551446	-0.0434331	0.0011804	0.112442	-0.00449317	-0.0182556	-0.0143331
-0.0211768	-0.00504829	-0.00684279	-0.01055	-0.0299344	0.0042176	0.0958907	-0.00331526	-0.012455	-0.0107857
-0.0179161	-0.00378343	-0.0189063	-0.00717861	-0.0148224	-0.00258075	0.0860653	-0.00187347	-0.0116984	-0.00730592
-0.010202	-0.00758888	-0.0172093	-0.00282803	-0.00791043	-0.00840138	0.0624865	-0.000736323	-0.00557377	-0.00203642
-0.00517245	-0.00409585	-0.0190991	-0.00239589	-0.00576205	-0.00859684	0.0515006	-0.000395989	-0.00464528	-0.0013371
-0.00322581	-0.00159117	-0.0144854	-0.00183109	-0.007294	-0.00626979	0.0388546	-0.000317261	-0.00292773	-0.000912336
-0.00155123	-0.000865384	-0.0036367	-0.000595694	-0.00481498	-0.00552252	0.0183595	-4.77519e-05	-0.00111029	-0.000214945
-0.000374197	-0.000326874	0.00575387	-9.49688e-05	-0.000954822	-0.00279409	-0.000617476	-2.14206e-05	-0.000540356	-2.96751e-05
-5.8164e-06	-1.72376e-05	0.00456114	-6.96721e-07	-0.000209306	-0.000337707	-0.00381874	-2.57782e-08	-0.000170699	-9.08265e-07
0.0	0.0	0.0	0.0	0.0	0.0	0.0	0.0	0.0	0.0
0.0	0.0	0.0	0.0	0.0	0.0	0.0	0.0	0.0	0.0
0.0	0.0	0.0	0.0	0.0	0.0	0.0	0.0	0.0	0.0
0.0	0.0	0.0	0.0	0.0	0.0	0.0	0.0	0.0	0.0
-3.59038e-08	9.46917e-05	-1.4973e-05	-2.28098e-06	-2.59581e-06	-9.91027e-07	-5.49283e-05	-6.23249e-09	-1.85532e-05	-3.27239e-07
0.000558074	2.24247e-05	-4.96301e-05	-6.75187e-06	-0.000828931	-5.0894e-05	0.000589331	-8.56766e-05	-2.31446e-05	-0.000124802
-0.0014691	-3.21965e-05	-0.000327801	-0.000202844	-0.000499336	0.00204192	0.00083609	-0.000187893	-7.71279e-05	-8.17112e-05
-0.00583154	-0.000642142	0.00311012	0.00734888	-0.00189316	-0.00334843	0.00426514	-0.00106581	-0.0013725	-0.000570554
-0.00979771	-0.00112716	0.00719073	0.00547113	-0.0100827	-0.00308708	0.0169236	-0.00172697	-0.00305533	-0.000708511
-0.0124089	-0.00493774	0.0158707	0.0152841	-0.0236429	-0.00765905	0.0297129	-0.00392573	-0.00624663	-0.0020468
-0.0103323	-0.0157696	0.0384514	0.0211206	-0.044255	-0.00982592	0.0415692	-0.00784669	-0.00899187	-0.00411977
-0.0251771	-0.0299302	0.0971324	0.0222978	-0.067672	-0.0185085	0.0620418	-0.0127342	-0.0187962	-0.00865377
-0.0294135	-0.0463233	0.10907	0.0505203	-0.0930343	-0.0188472	0.0935575	-0.0224467	-0.0261843	-0.0168985
-0.0225385	-0.0575256	0.131237	0.0980907	-0.119492	-0.042241	0.112195	-0.0317042	-0.0432528	-0.0247677
-0.0351996	-0.0366505	0.159086	0.135766	-0.174859	-0.0514806	0.119862	-0.0294155	-0.054746	-0.0323626
-0.0286471	-0.0195495	0.162863	0.134812	-0.204999	-0.0641562	0.155872	-0.0317901	-0.0600853	-0.0443207
-0.0401891	-0.0111051	0.0983923	0.1844	-0.179467	-0.05251	0.156547	-0.0331209	-0.0706508	-0.0522969
-0.0447364	0.0190698	0.0620608	0.174319	-0.176232	-0.0237986	0.165585	-0.0358424	-0.0761296	-0.0642955
-0.0456822	0.0163818	0.0869566	0.12042	-0.149861	-0.0205923	0.168787	-0.0341437	-0.0801528	-0.0621138
-0.0676094	-0.0164566	0.0390945	0.0903273	-0.111283	0.0193112	0.198627	-0.0280274	-0.0760718	-0.0479112
-0.0934545	-0.0428482	-0.0371551	0.0777187	-0.0729679	0.0688802	0.205788	-0.0215134	-0.0557296	-0.0287177
-0.0957279	-0.0405758	-0.0622076	0.0537489	-0.0271099	0.0593481	0.203257	-0.0140997	-0.0553145	-0.0213187
-0.065403	-0.040564	-0.064874	0.022918	-0.00367255	0.0476245	0.166922	-0.00991763	-0.0383021	-0.014731
-0.0490699	-0.0262974	-0.0573002	-0.016284	-0.00598728	0.0245943	0.159778	-0.00500311	-0.0169405	-0.00748967
-0.0313879	-0.0169415	-0.0524082	-0.0175156	-0.00499597	0.00594171	0.123485	-0.00193886	-0.00128148	-0.00295692
-0.016115	-0.0126561	-0.0375344	-0.00812	-0.00261874	-0.0140586	0.085918	-0.000799461	0.00732809	-0.00134381
-0.00721236	-0.00936279	-0.00990989	-0.00306166	-0.00394767	-0.009592	0.0421427	-0.000372972	0.00166718	-0.000350537
-0.00210206	-0.00245033	0.00279074	-0.000180856	-0.000207713	0.006184	-0.00362071	-3.98747e-06	-0.000382551	-2.65248e-05
-0.00043858	-0.00271693	-0.000269207	-1.95924e-05	-9.22254e-05	0.0012442	0.00332659	-1.6325e-07	-0.0010318	-2.30458e-06
0.0	0.0	0.0	0.0	0.0	0.0	0.0	0.0	0.0	0.0
0.0	0.0	0.0	0.0	0.0	0.0	0.0	0.0	0.0	0.0
-1.14524e-08	-1.20274e-08	-3.97553e-07	1.43878e-06	-8.54787e-08	-8.65608e-07	-1.92918e-08	-2.79459e-09	-4.10541e-08	-3.50102e-09
-1.6311e-05	0.00032225	-0.000166749	0.000313599	-1.94363e-06	-0.000215456	-0.000208885	-4.23059e-08	-2.56874e-05	-7.74677e-07
-0.00019405	-1.47421e-05	-0.00041304	0.00235847	-0.000113813	-0.00117505	-0.000227964	1.82089e-05	-0.000191523	-4.64972e-05
-0.00134186	0.000853113	-0.00449965	0.0121987	0.00239638	-0.00897002	0.0017108	-0.00058664	-0.00146493	-0.000295882
-0.0127348	0.00718129	0.0157267	0.0379317	0.00100287	-0.0297204	-0.00323029	-0.00583461	-0.0080067	-0.00231578
-0.017902	0.00133155	0.0468297	0.0583376	-0.0125901	-0.0469561	-0.00299977	-0.00740793	-0.0134767	-0.00516623
-0.0175143	-0.0171716	0.065724	0.107237	-0.0236167	-0.0681909	0.00457159	-0.0158767	-0.0250928	-0.0100692
-0.0277691	-0.0395423	0.10299	0.166175	-0.0572585	-0.102843	0.0262665	-0.0270455	-0.0217681	-0.0192046
-0.0265871	-0.0595539	0.183238	0.218734	-0.0975067	-0.106979	0.0144363	-0.0474331	-0.0365325	-0.041816
-0.0351831	-0.0476821	0.217924	0.261965	-0.157534	-0.104461	0.0259671	-0.0711238	-0.031241	-0.0586322
-0.0506122	-0.0366273	0.271428	0.274098	-0.180588	-0.10593	-0.0127624	-0.0928603	0.0141956	-0.0803415
-0.065176	0.0335882	0.285313	0.248093	-0.213237	-0.131975	-0.0110859	-0.115844	0.0849753	-0.114651
-0.0388177	0.111572	0.215399	0.249048	-0.208223	-0.173877	0.00868577	-0.135286	0.108584	-0.137085
-0.0351282	0.13571	0.173401	0.228448	-0.213133	-0.108568	-0.00453928	-0.151985	0.157944	-0.18215
-0.00519645	0.102019	0.118458	0.201909	-0.199441	0.010826	-0.0072968	-0.149898	0.133472	-0.204852
-0.0323683	0.0593095	0.143748	0.156957	-0.158209	0.0843757	0.0571801	-0.142486	0.0314925	-0.2
-0.0268528	0.0353139	0.10492	0.0751271	-0.113158	0.109914	0.138705	-0.118024	-0.0499705	-0.155974
-0.0642721	0.0306699	0.0281957	0.0712587	-0.0809723	0.127249	0.179114	-0.0919614	-0.0776822	-0.121599
-0.0674732	0.101831	-0.0399588	0.0112258	-0.0183497	0.0387291	0.201916	-0.0682236	-0.0619725	-0.0977236
-0.0639537	0.106522	-0.0738706	-0.0448967	0.0251929	-0.0215518	0.219975	-0.0486699	-0.0294322	-0.0693141
-0.0632659	0.106172	-0.113501	-0.0918162	0.0238532	0.0881257	0.210403	-0.0296821	-0.0759068	-0.0543812
-0.0450001	0.0640081	-0.113304	-0.0767119	0.0383025	0.0709287	0.189685	-0.0197294	-0.0735329	-0.0346458
-0.0413621	0.0184775	-0.0938131	-0.0729545	0.0431427	0.0909238	0.134565	-0.00984012	-0.0542514	-0.0148877
-0.0360953	-0.0274027	-0.0416434	-0.0168435	0.0230206	0.077393	0.0430683	-0.00345504	-0.0135138	-0.0045281
-0.0106964	-0.014983	-0.00556119	-0.00259829	8.64579e-05	0.0259393	0.00429041	-0.000740321	0.00550551	-0.00124247
-0.00153324	-0.00134178	-0.00104091	-5.74162e-05	-0.000978453	0.00361157	-0.000440014	-0.000163408	0.0023115	-0.000367849
-2.5986e-05	-0.000696455	-0.000761262	-1.30382e-05	-0.000240978	-0.000315757	0.00237613	-5.17291e-06	-0.000302497	-1.49852e-05
0.0	0.0	0.0	0.0	0.0	0.0	0.0	0.0	0.0	0.0
0.0	0.0	0.0	0.0	0.0	0.0	0.0	0.0	0.0	0.0
-5.95547e-05	2.47873e-05	5.99411e-05	0.00118724	-2.82515e-05	-0.00105369	4.6478e-06	-6.7675e-06	-0.000126347	-2.01235e-06
-0.00117086	0.000909491	-0.00139154	0.0162445	0.000608158	-0.0068454	-0.00404334	-0.00028937	-0.00316	-0.000861612
-0.00619856	0.00151275	0.00389725	0.0472202	0.00336178	-0.0302128	-0.00124998	-0.0037256	-0.0100318	-0.00457316
-0.0232047	0.0156481	0.0272245	0.103938	0.0106639	-0.0625693	-0.0319819	0.00420789	-0.027908	-0.0160184
-0.0307932	-0.00599828	0.0854891	0.148152	0.00285243	-0.0979315	-0.0268906	-0.00397433	-0.0348027	-0.0361031
-0.0494059	-0.049915	0.149429	0.179397	-0.00393243	-0.0773055	-0.0325766	-0.0176292	-0.0428627	-0.0551989
-0.054515	-0.102924	0.20186	0.194	-0.0174086	-0.0665827	0.000413178	-0.0324378	-0.0472323	-0.0751724
-0.0501237	-0.126109	0.24919	0.202555	-0.0349896	-0.00988698	-0.0169632	-0.0695104	-0.0340367	-0.110125
-0.0116376	-0.0855883	0.240745	0.19745	-0.0942615	0.0278336	-0.0214628	-0.103353	-0.0558632	-0.0938631
-0.0163724	-0.0425053	0.244614	0.1454	-0.11952	0.03266	-0.116377	-0.152149	0.0705496	-0.0463
0.0118309	0.0277688	0.229855	0.0904891	-0.147448	-0.0109943	-0.0950003	-0.198653	0.139542	-0.0473904
0.116701	0.0909406	0.221939	0.0715895	-0.167635	-0.0405115	-0.150364	-0.266591	0.159132	-0.0352008
0.136061	0.115529	0.222976	0.0371704	-0.115889	-0.0669344	-0.0917935	-0.298763	0.188166	-0.126523
0.155232	0.0886179	0.254638	0.0958291	-0.0932271	-0.0739213	-0.0933674	-0.30867	0.167209	-0.192341
0.146523	-0.024158	0.263609	0.147983	-0.0294276	9.73735e-05	-0.0562455	-0.297783	0.150347	-0.300945
0.166895	-0.0599746	0.232781	-0.00432288	-0.0114598	0.077609	0.0125159	-0.273117	0.176588	-0.317515
0.109555	-0.0110618	0.12972	-0.0254664	0.0549161	0.0998028	0.115595	-0.237158	0.0545806	-0.290483
0.0165536	0.0603086	-0.00609398	-0.00927301	0.0948248	0.0449741	0.170248	-0.201482	0.0744419	-0.244502
-0.0122349	0.144241	-0.0409632	-0.0865783	0.0636906	0.0985502	0.146447	-0.157348	0.0414294	-0.197233
0.00490023	0.208314	-0.0535408	-0.160314	0.0810234	0.120411	0.106641	-0.109007	-0.033834	-0.164594
-0.0192458	0.15183	-0.0914212	-0.149752	0.134767	0.168099	0.10497	-0.0766907	-0.0857215	-0.136834
-0.0664431	0.069358	-0.119171	-0.140074	0.159404	0.198496	0.104823	-0.045525	-0.0764159	-0.0844521
-0.0711858	0.0102008	-0.0711595	-0.0487601	0.0684163	0.166721	0.0406708	-0.0189417	-0.0377812	-0.0381807
-0.0286905	-0.02286	-0.0160851	-0.0111688	0.0123917	0.0835486	-0.00523162	-0.00610098	0.00656086	-0.0123642
-0.00783161	-0.003483	-0.00402665	-0.00102414	-0.00260333	0.0188437	0.00467438	-0.00201747	-0.000746038	-0.00178585
-0.000536399	-0.00098772	-0.00112903	-5.37277e-05	-0.000102404	5.74678e-05	0.00351335	-5.10914e-05	-0.000687865	-2.25798e-05
0.0	0.0	0.0	0.0	0.0	0.0	0.0	0.0	0.0	0.0
-4.9101e-07	-3.47235e-07	-1.12558e-06	3.45381e-05	-1.59776e-07	-1.96042e-06	-5.41927e-08	-6.04406e-07	-2.06162e-06	-2.77339e-05
-0.000144854	-0.00210433	-0.000852171	0.00323647	-0.00151867	0.000668027	-0.000331412	0.00340354	-0.00113673	-0.00121987
-0.00153267	-0.000438554	-0.00136674	0.0454422	-0.00361615	-0.0245167	-0.00877312	0.0108803	-0.0100279	-0.00605064
-0.0108024	-0.00165546	0.0158104	0.100027	0.0113468	-0.0651996	-0.00872879	0.00789988	-0.0217199	-0.0269782
-0.0241618	-0.0128557	0.0559802	0.154507	0.037271	-0.0903805	-0.0398359	0.024224	-0.0339233	-0.0708246
-0.0406769	-0.0403119	0.129151	0.186257	0.0315985	-0.100356	-0.0586703	0.0486846	-0.0457871	-0.109888
-0.0586709	-0.0929545	0.193825	0.134198	0.0366752	-0.0520753	-0.0381103	0.0628321	-0.0281271	-0.157592
-0.0722042	-0.161474	0.19166	0.169137	0.00292975	-0.00163728	-0.0485662	0.0804458	0.00332621	-0.163617
-0.0853388	-0.195909	0.202976	0.169941	-0.0295152	0.0534725	-0.0748902	0.0659413	0.00490212	-0.111581
-0.0300512	-0.157879	0.157076	0.145306	-0.0580492	0.0816292	-0.116222	0.0777852	-0.0149638	-0.084631
-0.00923642	-0.0885214	0.106614	0.0710097	-0.170766	0.0790739	-0.120945	0.0561726	0.0614558	0.0151428
0.0321161	-0.0606128	0.0964146	0.0958972	-0.20041	0.033989	-0.113162	-0.0516947	0.0842973	0.0831648
0.141753	-0.0760281	0.10505	0.174772	-0.247287	0.00354614	-0.181935	-0.150497	0.035349	0.195277
0.143655	-0.0739536	0.103206	0.146389	-0.292548	0.0477111	-0.1636	-0.15541	0.0592487	0.185303
0.124878	-0.151066	0.0868448	0.15754	-0.260605	-0.0231078	-0.12891	-0.125652	0.175546	0.144531
0.167703	-0.197403	0.0896532	0.166857	-0.215633	-0.0357913	-0.12483	-0.120873	0.137725	0.132592
0.203975	-0.180421	0.0533567	0.0919428	-0.130403	0.0203578	-0.106366	-0.132326	0.0922856	0.087598
0.202846	-0.0998065	0.0302631	0.099036	-0.0949589	0.0408616	-0.0878818	-0.146713	-0.00728991	0.0636442
0.107407	-0.0156831	-0.0479291	-0.0237912	-0.0114305	0.0709732	-0.00412562	-0.124227	0.0873212	-0.0385152
0.0660109	0.088169	-0.0719099	0.00249623	0.00040811	0.0785117	-0.018562	-0.116811	0.0800588	-0.108371
0.105511	0.121388	-0.0563269	-0.0602605	0.0891667	0.103257	-0.0382331	-0.0856157	0.00361425	-0.182501
0.0910976	0.0885808	-0.0941042	-0.153379	0.213181	0.186071	-0.032612	-0.091304	0.00871667	-0.216248
-0.0320598	0.025513	-0.153191	-0.168699	0.243435	0.29459	-0.016549	-0.0775629	0.0603631	-0.17584
-0.11928	-0.0181553	-0.0766707	-0.0794019	0.103279	0.330943	-0.0191119	-0.0450062	0.0223398	-0.0989358
-0.0681701	-0.0267639	-0.021845	-0.0232317	0.00592424	0.184874	-0.020818	-0.0199778	0.0253239	-0.0353159
-0.0243663	-0.00305781	-0.00365305	-0.00283257	0.00137455	0.0577705	-0.00870748	-0.00734166	-0.000433409	-0.00875277
-0.00204668	-0.000293657	-0.000344637	-0.000290912	-0.000438725	0.00619331	-0.000614528	-0.000497679	-0.00110097	-0.000565526
0.0	0.0	0.0	0.0	0.0	0.0	0.0	0.0	0.0	0.0
-8.6123e-05	-0.000201748	-0.000268896	0.0010441	-0.000243857	-0.000352539	-7.96963e-05	0.00185526	-0.000600986	-0.00106552
-0.000582486	-0.00178779	0.00192641	0.00153955	-0.00242337	-0.00455843	-0.00129403	0.0141329	-0.00249954	-0.00445326
-0.00414952	-0.00329173	0.0052405	0.0475993	-0.00251443	-0.0359908	-0.013088	0.0410527	-0.011987	-0.0228711
-0.0199614	-0.00947401	0.0496392	0.153588	0.0200133	-0.126898	-0.016779	0.0353037	-0.0138565	-0.0715745
-0.0268997	-0.037391	0.0848347	0.210082	0.0555283	-0.134109	-0.0549867	0.0674552	-0.0155952	-0.148918
-0.0469084	-0.0764773	0.177503	0.15663	0.037875	-0.105276	-0.0859776	0.128825	0.00856864	-0.194762
-0.0746707	-0.13133	0.158873	0.10203	0.0337088	-0.0279277	-0.0433209	0.156391	0.0450997	-0.218852
-0.0938153	-0.216993	0.141555	0.0981494	-0.0176189	0.0705127	-0.0527896	0.150582	0.0544446	-0.134027
-0.0314803	-0.231721	0.0871923	0.104906	-0.0598741	0.0993342	-0.0905923	0.194931	0.00722008	-0.0799156
-0.0144119	-0.21198	0.0516593	0.0406129	-0.134658	0.162161	-0.126863	0.224051	0.0399479	-0.0305187
0.0319652	-0.178361	0.0604079	0.0625275	-0.227491	0.124743	-0.112538	0.205478	-0.041709	0.0749772
0.0510037	-0.0925946	0.0361543	0.106081	-0.307915	0.0372792	-0.148009	0.178254	-0.0598287	0.199575
0.0830513	-0.136514	0.0867353	0.144178	-0.326995	-0.0140024	-0.177567	0.0944634	-0.0595299	0.30618
0.0853478	-0.133095	0.0368974	0.216522	-0.413218	0.020512	-0.147131	0.002755	-0.084586	0.415996
0.0878629	-0.210293	-0.0105583	0.212116	-0.404922	-0.0819177	-0.133392	0.0230594	0.0615293	0.456517
0.147597	-0.195275	-0.0316757	0.113841	-0.369208	0.00492165	-0.200653	0.113716	0.0408801	0.375855
0.221547	-0.147142	-0.109737	0.102537	-0.231912	0.078006	-0.215961	0.164108	-0.0620368	0.20059
0.221643	-0.13244	-0.0780207	0.0691705	-0.179368	0.0666159	-0.241764	0.169255	0.00587898	0.0990307
0.131462	-0.0427219	-0.0483152	0.0512592	-0.106743	0.0950284	-0.227952	0.115519	-0.0333598	0.0658234
0.0402516	0.0105749	-0.0429869	0.0515726	-0.0854372	0.0893721	-0.214317	0.0784883	0.0553778	0.0171038
0.0739986	0.00906002	-0.00300289	0.00636152	0.0201241	0.115733	-0.212584	0.0184784	0.0660685	-0.0942373
0.10622	-0.00391226	-0.0199131	-0.0899917	0.169778	0.173671	-0.206234	-0.0274813	0.0927379	-0.194874
0.0453179	-0.0561834	-0.162142	-0.166787	0.207442	0.342597	-0.132509	-0.0437395	0.175243	-0.209239
-0.0783163	-0.091574	-0.107294	-0.11744	0.072261	0.452909	-0.0556453	-0.0473317	0.11567	-0.143238
-0.0873232	-0.0435663	-0.0284827	-0.030881	-0.00593012	0.319056	-0.0421918	-0.0319815	0.00839914	-0.0570983
-0.0316077	-0.00303714	-0.00455715	-0.00238729	0.00109022	0.076244	-0.0103308	-0.0078118	-0.00411788	-0.0134844
-0.00242919	-0.000573751	-0.000233815	-0.000117309	-0.000573805	0.00641696	-0.00169892	-0.000371829	4.33438e-05	-0.000461682
0.00205622	-1.49212e-07	-6.52375e-05	-2.07695e-07	-8.4933e-05	-1.74344e-06	-4.3686e-06	-0.00117157	-6.2124e-06	-0.000721799
-0.000179991	-0.000219361	0.000274666	-0.0018318	-0.00329359	-0.000764447	-0.000252866	0.0135362	-0.000935637	-0.00633316
-0.00164701	-0.00077894	0.00203434	-0.00240646	-0.00382517	-0.00635608	-0.00182542	0.0346358	-0.00384895	-0.015982
-0.00614568	-0.00153662	0.00830353	0.0358072	-0.0063393	-0.0372519	-0.0140221	0.0757259	-0.00424766	-0.0502933
-0.0340643	-0.0120387	0.0634425	0.16405	0.00375643	-0.154554	-0.0281493	0.100128	0.00662922	-0.109199
-0.0474041	-0.0390529	0.0995217	0.187329	0.0492774	-0.163143	-0.0767049	0.107137	0.036471	-0.153431
-0.0632271	-0.0901972	0.135829	0.13517	0.0125618	-0.112384	-0.106269	0.122412	0.101003	-0.1349
-0.0799493	-0.142199	0.121518	0.0739693	-0.011533	-0.0312459	-0.0768327	0.197833	0.10787	-0.15943
-0.0619351	-0.213878	0.0860663	0.0487744	-0.0841914	0.0793088	-0.0636685	0.1772	0.0642912	-0.0319681
-0.00700453	-0.257614	0.0793851	0.0470738	-0.0574657	0.0883938	-0.0899694	0.161836	0.105112	-0.0697463
0.00552938	-0.250496	0.157586	0.015189	-0.144121	0.125278	-0.14088	0.1684	0.0978063	-0.034292
0.0168323	-0.183634	0.139754	-0.0241868	-0.16301	0.141551	-0.133807	0.224764	0.0332223	-0.0514846
0.068234	-0.083103	0.0778687	0.00701783	-0.221761	0.00981374	-0.15087	0.239203	0.0887034	-0.0351064
0.0660383	-0.0605776	0.0531327	0.0827573	-0.244833	-0.0700771	-0.190006	0.153592	0.0806276	0.129347
0.098511	-0.0270327	0.0783607	0.195599	-0.424604	-0.113869	-0.198328	0.144069	-0.0471874	0.294483
0.145563	0.00208731	0.0781719	0.173067	-0.413584	-0.189521	-0.223575	0.205712	-0.0450854	0.267164
0.245666	-0.0753486	0.00620655	0.12419	-0.318765	-0.124853	-0.279134	0.277705	-0.0187625	0.163095
0.226472	-0.00222822	-0.0444351	0.122657	-0.16967	-0.0646292	-0.338798	0.292217	-0.0607872	0.0392018
0.17164	-0.0746228	-0.0537786	0.153256	-0.1075	-0.0242925	-0.422795	0.291426	0.0341359	0.03253
0.137473	-0.094909	0.0357835	0.0973149	-0.0840427	0.0207127	-0.403182	0.200597	0.0914838	-0.00123022
0.0766397	-0.0891765	0.00728914	0.148027	-0.0702773	0.0843305	-0.327659	0.131971	0.0573777	-0.0185224
0.0491583	-0.11253	-0.00859875	0.114089	-0.0125308	0.122282	-0.289843	0.0536993	0.0965205	-0.0122476
0.141191	-0.146601	-0.0341217	0.0223354	0.0571436	0.188191	-0.280931	0.0416381	0.150953	-0.139798
0.15692	-0.166009	-0.101436	-0.179818	0.0797894	0.431766	-0.209789	-0.0219178	0.194372	-0.183879
-0.021661	-0.136148	-0.1298	-0.144395	-0.00105104	0.600603	-0.116997	-0.0643634	0.146878	-0.133066
-0.0876688	-0.0588446	-0.0434559	-0.0387965	-0.0234227	0.404637	-0.0595256	-0.0428533	0.0100728	-0.0601421
-0.026016	-0.00485245	-0.00532083	-0.00269601	-0.0115365	0.0877297	-0.0220637	-0.00856569	0.00456018	-0.0112387
-0.00121101	-0.000416573	-0.000253959	-2.82483e-05	-0.000404683	0.00358257	-0.00199598	-0.00139527	0.00263467	-0.000511511
-1.80771e-06	-2.06665e-06	-2.99427e-06	-5.65344e-05	-0.000198283	-2.33377e-05	-2.01177e-06	0.000826509	-1.36004e-05	-0.000525874
-0.000394194	-5.41368e-05	-0.000388096	-0.00190304	-0.00416368	-0.00075211	-0.000135001	0.0175275	-0.000700158	-0.00903708
-0.00116732	-0.000513433	0.00320216	0.00372742	-0.00655779	-0.00379537	-0.00161156	0.0376904	-0.00681853	-0.024156
-0.00496438	-0.00166224	0.00712509	0.0419737	-0.0286289	-0.0386924	-0.0218704	0.11525	-0.00521462	-0.0633155
-0.0321279	-0.0147534	0.0469169	0.141732	-0.0375657	-0.131209	-0.0314563	0.16187	0.0297286	-0.133135
-0.0519032	-0.0512195	0.109426	0.0985556	-0.00974013	-0.127638	-0.0870517	0.145381	0.0786127	-0.104422
-0.0648754	-0.0889228	0.075563	0.047232	-0.0511726	-0.0635457	-0.0958008	0.115198	0.138116	-0.0117926
-0.0598613	-0.120319	0.010922	-0.00181219	-0.06406	0.0340756	-0.0338205	0.10897	0.135567	-0.00966133
-0.0366024	-0.177631	-0.0337764	-0.0619531	-0.0752222	0.147892	-0.0309391	0.0704751	0.16652	0.0312374
-0.00527114	-0.229567	0.0189611	-0.101705	-0.0165644	0.150951	-0.0872543	0.0491452	0.205933	0.0153716
0.0251194	-0.218091	0.105353	-0.208852	-0.0646249	0.202809	-0.117926	0.0599565	0.179889	0.0363653
-0.0186284	-0.139651	0.0683178	-0.309453	-0.0827977	0.285029	-0.0988921	0.151737	0.138342	0.00599675
0.0411159	-0.0603351	0.0231394	-0.265945	-0.069642	0.173028	-0.135746	0.197701	0.076243	0.0204412
0.111855	0.0480653	0.0359444	-0.0844721	-0.173519	0.0400796	-0.179096	0.179795	0.00144529	0.0199034
0.0595549	0.185938	0.091439	0.14411	-0.476908	-0.119327	-0.146659	0.266568	-0.142489	0.137774
0.0248823	0.292628	0.120528	0.23783	-0.373363	-0.288727	-0.243394	0.34782	-0.257342	0.139138
0.104984	0.122033	0.115207	0.216768	-0.110854	-0.281529	-0.367439	0.388488	-0.179298	-0.00835891
0.204695	0.00460307	0.0229036	0.171269	-0.00457126	-0.195599	-0.467909	0.345143	-0.0750536	-0.00547962
0.221968	-0.0874949	0.0611099	0.123786	-0.0242473	-0.126284	-0.487506	0.268473	0.0233163	0.0268788
0.197992	-0.150345	0.0394728	0.127103	-0.031267	-0.0595359	-0.428446	0.253606	0.0808259	-0.0294064
0.107496	-0.171668	-0.00863742	0.222027	-0.0713605	0.0345389	-0.322126	0.156271	0.0426366	0.0108223
0.0279997	-0.204006	-0.0454942	0.183283	-0.0522903	0.175832	-0.263134	0.142863	0.0847351	-0.0497892
0.105848	-0.219778	-0.0191807	0.0433814	-0.036463	0.271937	-0.261224	0.0677032	0.164654	-0.116878
0.218363	-0.194799	-0.099811	-0.128115	-0.0708393	0.482897	-0.18774	-0.0559602	0.196164	-0.160157
0.0483599	-0.124547	-0.122195	-0.115724	-0.121594	0.674854	-0.137207	-0.0720574	0.0886891	-0.118579
-0.0816125	-0.0510184	-0.0392729	-0.0258175	-0.0815278	0.463824	-0.0877187	-0.0325486	-0.0124792	-0.0518281
-0.0255297	-0.00648209	-0.00477068	-0.00272377	-0.0221695	0.104398	-0.0286519	-0.00556211	0.00508488	-0.013593
-0.000687732	-0.000952328	-0.000498368	-0.000175771	-0.0018842	0.00718899	-0.00219382	0.00291037	-0.00234751	-0.00135964
-2.98805e-06	-2.43888e-06	-5.91487e-06	-9.00716e-05	-0.000232889	-3.03498e-05	-2.39103e-06	0.00119587	-1.89813e-05	-0.000809847
-0.000458131	-2.30225e-05	-9.83618e-05	-0.00182369	-0.0037848	-0.000623343	-4.54562e-05	0.016614	-0.000395311	-0.00936189
0.000688422	-0.000336941	0.00343167	0.00202285	-0.0118122	-0.00383869	-0.00304707	0.04992	-0.0063329	-0.0306952
-0.0118879	-0.00499845	0.00808029	0.0454993	-0.0369666	-0.0292834	-0.0180235	0.127994	-0.0121866	-0.0682273
-0.030938	-0.0120227	-0.018446	0.0526781	-0.0408146	-0.0614863	-0.0401679	0.196503	0.0638892	-0.109194
-0.0476633	-0.0472014	0.0142113	-0.0233954	-0.0560451	-0.048313	-0.0613679	0.172936	0.101824	-0.00498501
-0.0519976	-0.0902955	0.00980747	-0.105755	-0.0694244	0.0247889	-0.0483786	0.068073	0.165903	0.0972788
-0.0411939	-0.112325	-0.129578	-0.192202	-0.0291256	0.129675	0.01829	0.0498709	0.212105	0.0944837
-0.034184	-0.143622	-0.160564	-0.274288	0.00323586	0.210433	0.0251611	-0.0077858	0.24697	0.134645
-0.00712186	-0.187835	-0.17727	-0.361205	0.11087	0.27678	-0.0631646	0.0228477	0.277815	0.108283
-0.0449779	-0.158437	-0.146731	-0.417187	0.0727102	0.267937	-0.0218764	0.0490246	0.235087	0.164451
0.0113562	-0.0959633	-0.168847	-0.435201	0.0525289	0.272096	-0.0406947	0.0539242	0.171964	0.178838
0.0511078	-0.00443916	-0.230152	-0.333793	0.112663	0.28008	-0.102425	0.0446219	0.11305	0.0692865
0.0508561	0.161385	-0.261143	-0.00666086	-0.20608	0.164206	-0.0536999	0.172245	0.0628226	-0.0839311
-0.0260455	0.395217	-0.142983	0.213076	-0.484215	0.0347481	-0.163971	0.282006	-0.0693214	-0.0385093
-0.113268	0.477688	-0.0852501	0.243063	-0.183595	-0.100697	-0.325089	0.403261	-0.235967	-0.0801462
-0.0708464	0.199826	0.00877286	0.217505	0.0374345	-0.172186	-0.400617	0.469613	-0.283912	-0.00559105
0.103151	0.00258667	0.026794	0.16556	0.0864996	-0.226522	-0.420708	0.333484	-0.136413	0.0655694
0.167818	-0.144802	0.0726236	0.168474	-0.0519251	-0.200761	-0.386414	0.261834	0.0269852	0.0861677
0.147062	-0.166365	0.0323698	0.179814	-0.0147891	-0.153364	-0.351901	0.242665	0.0540232	0.0304845
0.132024	-0.209771	-0.0334434	0.227909	-0.129754	-0.0537189	-0.258035	0.213542	0.024452	0.0867962
0.0734525	-0.218997	-0.0555158	0.112419	-0.111932	0.0232006	-0.173246	0.182659	0.120093	0.0478669
0.173645	-0.193689	-0.0487369	-0.0260368	-0.131356	0.1001	-0.126808	0.0753932	0.192386	-0.0148982
0.263007	-0.154391	-0.0761663	-0.0826502	-0.204821	0.303416	-0.0772707	-0.0791939	0.177606	-0.0695349
0.10995	-0.101266	-0.0841444	-0.0718781	-0.163725	0.519828	-0.100447	-0.0679201	0.0647385	-0.105135
-0.0681693	-0.0356037	-0.0290679	-0.0138369	-0.0983761	0.425351	-0.0884503	-0.0273132	-0.0187178	-0.0458159
-0.028261	-0.00865824	-0.001031	-0.00222771	-0.022599	0.112352	-0.0260049	-0.00454032	-0.00374985	-0.0152796
-0.000329467	-1.66049e-05	-0.000279246	-6.5782e-05	-0.000497077	0.00389003	-0.00327735	0.000588306	0.00242828	-0.00244109
-2.66319e-05	-2.24692e-06	-8.60957e-06	-6.32302e-05	-5.39596e-05	-4.18619e-05	-4.12744e-06	0.000666096	-2.61466e-05	-0.000439282
0.000441239	0.000157011	-0.000155096	-0.00128335	-0.00689175	-0.00254882	-8.80575e-05	0.0234898	-0.000552485	-0.0125685
-0.00416113	-0.000158959	-0.00162722	0.00196428	-0.029431	-0.00646624	-0.000915322	0.0890574	-0.00517574	-0.0430861
-0.014555	-0.00318235	-0.0113239	0.0335789	-0.0369785	-0.0270861	-0.0185009	0.154234	-0.00526128	-0.0709246
-0.0636247	-0.00731026	-0.0651114	0.00436418	-0.0461076	-0.0265473	-0.0344363	0.211732	0.0573807	-0.0303387
-0.0697785	-0.029863	-0.136944	-0.115219	-0.0478382	0.0205516	-0.0121962	0.145796	0.130856	0.114635
-0.0293023	-0.0784484	-0.224858	-0.228287	-0.00907789	0.125291	0.00638422	0.0655197	0.18421	0.18857
-0.00861914	-0.107245	-0.333394	-0.33411	0.039274	0.136246	0.0756402	0.0841076	0.264514	0.183586
-0.00232709	-0.13814	-0.374794	-0.359991	0.116097	0.140358	0.0462989	0.0270222	0.296873	0.248602
-0.0476951	-0.182279	-0.381564	-0.326522	0.200746	0.182171	0.0210592	0.100881	0.292457	0.140746
-0.0275319	-0.193094	-0.460901	-0.278653	0.237142	0.18245	0.0340972	0.125664	0.165506	0.215322
-0.00729591	-0.184228	-0.480303	-0.191264	0.21883	0.208134	0.00765662	0.0955436	0.126717	0.20621
0.000803686	-0.0596143	-0.55445	-0.0791458	0.214792	0.280455	0.0412051	0.00802429	0.158354	-0.0104234
-0.0224591	0.211968	-0.568409	0.122704	-0.273697	0.32226	0.0307954	0.0456024	0.226986	-0.0957512
-0.220508	0.554419	-0.425515	0.193865	-0.406957	0.118045	-0.191315	0.164331	0.238834	-0.0251987
-0.371878	0.54709	-0.278148	0.210101	-0.0228643	-0.0576903	-0.370574	0.317656	-0.0505164	0.0768233
-0.331006	0.159485	-0.135934	0.10071	0.25976	-0.147981	-0.310509	0.393294	-0.160439	0.17262
-0.137031	-0.0536152	-0.133272	0.142142	0.154762	-0.182854	-0.25804	0.305607	-0.101793	0.264095
-0.0190351	-0.117345	-0.0448142	0.157118	-0.0356311	-0.198035	-0.204152	0.263015	-0.0435256	0.242405
0.0920319	-0.170166	0.0324153	0.143441	-0.0548166	-0.304239	-0.187919	0.178753	0.0320219	0.238476
0.112795	-0.163167	-0.0353579	0.124406	-0.127918	-0.386694	-0.107417	0.177179	0.0726264	0.333547
0.126957	-0.133947	-0.0398506	-0.0465913	-0.101879	-0.350896	0.00604029	0.144871	0.173735	0.221561
0.211844	-0.0975017	-0.0869716	-0.0838946	-0.144292	-0.293488	0.0892496	0.0559143	0.22492	0.12422
0.267575	-0.0740469	-0.0829518	-0.0870376	-0.163227	-0.100225	0.123925	-0.0582623	0.205925	-0.0316741
0.157573	-0.0505647	-0.0458112	-0.0514754	-0.120254	0.0946068	0.00233983	-0.0449498	0.136909	-0.0783735
-0.0358294	-0.0236986	0.00484346	-0.00519162	-0.0557101	0.192103	-0.0483731	-0.0193144	0.0298504	-0.0386792
-0.0153619	-0.00602816	0.000312169	-0.00131179	-0.00772236	0.0584886	-0.0255844	-0.00547153	0.0161848	-0.0135055
-0.000160956	0.000972849	-5.39214e-05	-1.69e-05	-0.000298586	0.00204961	-0.00149262	0.000236204	0.000240455	-0.00147613
-9.90051e-07	-2.56688e-08	-2.18985e-06	-1.0759e-05	-1.35131e-06	-3.3045e-06	-1.63169e-08	0.00053517	-1.10999e-05	-0.000505433
-9.57825e-05	-3.2555e-05	-1.30775e-05	-0.00137222	-0.00886972	-0.0030219	-0.000122785	0.0234233	-0.000419038	-0.00947626
-0.00469701	-0.000416459	-0.00121111	-0.00519771	-0.0265431	-0.00540846	-0.000975326	0.0843643	-0.00258969	-0.0373254
-0.0194395	0.000247325	-0.0250847	-0.00320419	-0.0416149	-0.0102142	-0.0152202	0.152575	0.00518595	-0.0432305
-0.0730185	-0.00352194	-0.0875024	-0.0373245	-0.0579055	-0.00355931	-0.0394639	0.192407	0.0344121	0.0754765
-0.0366357	-0.0246719	-0.281025	-0.152609	-0.00999989	0.0599957	-0.00227096	0.13396	0.115639	0.197618
0.0518747	-0.0510246	-0.447751	-0.25497	0.0821674	0.128636	0.0808753	0.0420928	0.130146	0.237953
0.0471754	-0.0793574	-0.518166	-0.316325	0.165153	0.130288	0.121863	0.106484	0.133376	0.209509
0.011545	-0.124881	-0.42577	-0.288101	0.255412	0.104611	0.0786647	0.120349	0.10136	0.16681
-0.00294293	-0.166124	-0.421024	-0.145805	0.26467	0.0553383	0.0694284	0.0368794	0.114267	0.195313
0.0525437	-0.251518	-0.459547	-0.0481114	0.363194	0.175716	0.0506905	-0.0407096	-0.0315133	0.189255
0.0612537	-0.308877	-0.462084	-0.0571673	0.445606	0.26465	0.145937	-0.13925	-0.0139521	0.0638845
0.0658485	-0.107143	-0.472355	0.0136368	0.35936	0.312777	0.152322	-0.33906	0.144468	-0.129854
-0.089411	0.222517	-0.454383	0.135991	-0.0936162	0.271585	0.0484309	-0.421048	0.373515	0.00641799
-0.37968	0.694486	-0.396438	0.252415	-0.264721	0.0391758	-0.183509	-0.201328	0.276944	0.162655
-0.518946	0.499823	-0.310246	0.150102	0.0900571	-0.104502	-0.219574	0.129385	0.0642243	0.219677
-0.475184	0.103991	-0.2129	0.066621	0.314811	-0.270355	-0.0973618	0.301424	-0.00343162	0.272387
-0.225471	-0.0232825	-0.228248	0.0607789	0.162825	-0.259532	-0.0970354	0.242952	0.00660909	0.360404
-0.0649667	-0.118312	-0.119431	0.0826417	0.0287852	-0.201789	-0.141822	0.194058	0.007466	0.333371
0.0165634	-0.156847	0.019506	-0.0182872	0.0135993	-0.273618	-0.148935	0.0611559	0.115437	0.371426
0.0320399	-0.109205	-0.0256235	-0.0762113	0.00701633	-0.383634	-0.03924	0.0617556	0.170698	0.362404
0.122989	-0.0713526	-0.0318489	-0.203146	0.0272314	-0.484825	0.107975	0.0277383	0.234249	0.27099
0.276709	-0.0527858	-0.110182	-0.15423	-0.0344963	-0.496807	0.224947	0.0125245	0.195473	0.138847
0.309737	-0.0343226	-0.138832	-0.093458	-0.0891576	-0.38406	0.277856	-0.0293145	0.180869	0.000683113
0.196639	-0.024365	-0.0128742	-0.0366405	-0.0440086	-0.222909	0.128807	-0.0289003	0.119571	-0.0753195
-0.00214864	-0.0105126	0.0447999	-0.000565634	-0.0111722	-0.000102406	-0.017453	0.00146101	0.0274451	-0.0317516
-0.00732305	-0.00469028	0.0256662	-0.00031539	-0.00465695	0.0168413	-0.0249488	0.00425962	0.00590965	-0.0107422
-3.40808e-05	0.000869577	0.00153699	-2.2003e-05	-0.0012628	-0.000316492	-0.00131285	0.00256861	-0.00149119	-0.000535772
-6.02605e-09	1.32617e-05	-1.54152e-06	-3.40562e-06	-1.0236e-07	-7.976e-07	-7.85819e-07	-1.94848e-06	-1.57247e-06	-3.10181e-06
0.000185727	-7.61985e-06	-9.41233e-06	-0.000736206	-0.00466102	-0.000622505	-0.000117592	0.00987503	-0.000123791	-0.00378261
-0.00210828	-0.000183261	-0.000457236	-0.0028386	-0.01259	-0.0018183	-0.000482219	0.0469759	-0.000947062	-0.025551
-0.0115426	0.00148622	-0.0299906	-0.00529629	-0.025828	-0.00141542	-0.0122753	0.0954199	0.00296666	-0.0135246
-0.0420485	-0.00319	-0.126385	-0.0523264	-0.0205091	0.00826817	-0.0382513	0.123127	-0.0018454	0.15316
0.0138162	-0.0211804	-0.333143	-0.138914	0.102616	0.0614198	0.0274987	0.0434481	0.00174102	0.242698
0.117612	-0.0440207	-0.4826	-0.223013	0.227161	0.0679698	0.139456	0.000330334	-0.0159889	0.213094
0.144902	-0.0740753	-0.469666	-0.26924	0.275799	0.127489	0.103189	0.0436674	-0.0640083	0.181943
0.090948	-0.0908548	-0.3353	-0.183203	0.306685	0.0832246	0.0958949	0.000301018	-0.0917746	0.124079
0.0792079	-0.173475	-0.253465	-0.0668853	0.288169	0.103137	0.0985441	-0.0864215	-0.0736705	0.0848586
0.125931	-0.346078	-0.199591	-0.0921906	0.415564	0.22248	0.130517	-0.195831	-0.148414	0.0876127
0.10949	-0.408936	-0.131286	-0.0850103	0.505363	0.276209	0.15192	-0.443924	0.0375251	-0.011352
0.0268799	-0.161808	-0.145125	0.0997973	0.289347	0.282824	0.12074	-0.653105	0.212751	-0.072301
-0.268043	0.300551	-0.104262	0.228058	-0.0691434	0.15896	-0.0313651	-0.653485	0.333502	0.105227
-0.460874	0.658602	-0.111845	0.195887	-0.122959	-0.0484865	-0.116633	-0.321052	0.1161	0.211261
-0.548684	0.428575	-0.201392	0.0252949	0.133181	-0.252981	0.0113851	-0.0241474	0.191012	0.237757
-0.475092	0.0710481	-0.225719	0.0798404	0.260325	-0.333375	0.0390608	0.123766	0.0857588	0.374387
-0.257259	-0.0717914	-0.154889	0.102128	0.239964	-0.227796	-0.0766687	0.120988	-0.0517461	0.377071
-0.101657	-0.211614	-0.111098	0.073859	0.141078	-0.138381	-0.137486	0.132693	0.0451677	0.307439
-0.0720825	-0.174916	-0.0739434	-0.089735	0.111053	-0.0886874	-0.0723276	0.083809	0.0599749	0.316856
-0.08561	-0.115988	-0.0401596	-0.222967	0.163663	-0.112928	-0.0242193	0.0909895	0.0751857	0.272034
0.097184	-0.0767983	-0.043013	-0.194546	0.112153	-0.263009	0.125499	0.0571505	0.0168587	0.168522
0.275883	-0.0587867	-0.099892	-0.177499	0.0499645	-0.318914	0.262327	0.017813	0.0197081	0.0293966
0.320427	-0.0452058	-0.0992178	-0.0937236	-0.0185001	-0.326345	0.340483	0.00414852	0.0155621	-0.0976284
0.171575	-0.0293192	0.0353387	-0.0357433	-0.038545	-0.195892	0.185354	0.00370834	0.0054261	-0.101903
0.00702349	-0.0131022	0.0961029	-0.00417208	0.000940466	-0.0354236	-0.021043	0.0076229	0.0029677	-0.0409165
-0.00222167	-0.00529146	0.0535272	-0.000492229	-0.000432634	-0.00105829	-0.0301338	0.00113741	-0.00353293	-0.0115016
-0.000249025	-0.000125198	0.0106668	-0.000873732	-0.00270121	-0.00234234	-0.00288042	-0.000513849	-0.000585097	-0.000395938
-2.48155e-05	-4.12303e-07	-5.206e-06	-0.000512549	-1.69891e-05	0.00149231	-3.67287e-05	-1.7233e-05	-7.79825e-05	-0.000800398
-3.38216e-05	-4.01325e-06	-0.00140493	0.00152745	-0.0018376	-0.000263867	-1.02867e-05	0.00357527	-0.000224262	-0.00132394
-0.000452954	0.000154272	-0.00100809	9.63335e-06	-0.00469765	-0.000669197	-4.76111e-05	0.0211145	-0.000462187	-0.0139407
-0.0154009	0.00272193	-0.0257585	0.00333399	-0.00334384	-0.00134391	-0.00555151	0.0421039	-0.00374482	0.00698362
-0.0269722	-0.00178224	-0.104621	-0.0144992	0.072982	-0.00606135	-0.0550325	0.0379893	-0.0298688	0.127866
0.09816	-0.0245796	-0.268045	-0.100952	0.214534	-0.0133687	0.0174339	0.0028236	-0.0693143	0.143308
0.148393	-0.0510062	-0.27689	-0.196616	0.30027	-0.012932	0.116102	-0.0538486	-0.134447	0.160975
0.205536	-0.0795928	-0.178681	-0.226107	0.353578	-0.00748997	0.0900698	-0.0586108	-0.219298	0.120596
0.156128	-0.0960888	-0.091626	-0.178271	0.314488	0.0857579	0.12228	-0.109938	-0.258475	0.0557447
0.164304	-0.19673	0.000930642	-0.116479	0.271229	0.181319	0.134074	-0.193327	-0.23722	-0.00810145
0.167354	-0.383373	0.0262203	-0.143595	0.328661	0.259587	0.1795	-0.33432	-0.101944	0.0019095
0.128377	-0.405859	0.0593991	-0.102491	0.33388	0.152928	0.262099	-0.528123	0.135931	-0.03614
-0.0507194	-0.0786037	0.0671127	0.124046	0.185462	0.10098	0.125581	-0.655455	0.235409	-0.0538133
-0.352176	0.375753	0.155515	0.112231	-0.0696318	0.0447933	-0.0493734	-0.568169	0.316007	0.0350519
-0.526388	0.580702	0.0627916	0.0906034	-0.0588552	-0.0931177	-0.0493592	-0.252781	0.206526	0.0398785
-0.536844	0.371525	-0.0903892	0.020691	0.126847	-0.202819	0.0632239	-0.0647253	0.151066	0.161425
-0.461681	0.0123114	-0.0797622	0.00128189	0.327465	-0.259225	0.0837445	0.0420459	-0.0142657	0.348084
-0.196846	-0.268739	-0.131978	0.0301153	0.378764	-0.229929	-0.0822492	0.195017	-0.000951894	0.306796
-0.0920651	-0.30002	-0.0863518	0.047902	0.236787	-0.11556	-0.123488	0.305294	-0.038284	0.165787
-0.0671705	-0.221004	-0.106716	-0.0107683	0.255014	-0.108178	-0.0794286	0.290178	-0.0897986	0.137871
-0.0131975	-0.14162	-0.0540024	-0.127027	0.2054	-0.0256407	-0.00790566	0.181972	-0.132447	0.114468
0.125461	-0.0950939	-0.0771831	-0.05046	0.101459	-0.105234	0.125425	0.129657	-0.147082	-0.00694909
0.221387	-0.0656926	-0.0841073	-0.112617	0.056634	-0.128402	0.24103	0.134754	-0.158926	-0.104061
0.273561	-0.0415028	-0.042973	-0.0793331	0.00586583	-0.150453	0.270358	0.0660605	-0.134201	-0.167382
0.159386	-0.0186426	0.0594505	-0.0298448	-0.0396118	-0.108265	0.14865	0.0186881	-0.0729163	-0.116894
0.000194228	-0.00983322	0.117899	-0.0100531	-0.01877	-0.039336	-0.00790008	0.0035257	-0.00556769	-0.0301587
-0.0013113	-0.00204703	0.065438	-0.00353003	-0.0119126	-0.00465963	-0.0331912	-0.00076256	-0.00453156	-0.00349211
-4.53027e-05	-8.66895e-06	0.00187986	-0.000652943	-0.000290473	-0.000189626	-0.000536142	-6.48437e-06	-0.000140137	-1.00781e-05
-1.00485e-05	-2.21512e-07	-1.74937e-06	-0.000169345	-1.29854e-05	0.000470732	-1.25621e-05	3.5919e-05	-2.84345e-05	-0.000271304
-4.01174e-05	-6.72212e-06	-0.00298336	0.00381341	-2.41347e-05	-0.000243917	-6.20025e-06	-5.39372e-05	-0.000435647	-1.93799e-05
-0.000708758	0.00106131	-0.00159994	0.00638613	0.00089356	-0.00128558	-0.000105308	0.00624464	-0.000910247	-0.00997582
-0.0196453	0.000314237	0.00640552	0.0166432	0.00845047	-0.0082772	-0.0158231	0.0177185	-0.00859873	0.00281243
0.00387701	-0.00726572	-0.00620811	0.0259266	0.0663004	-0.0276491	-0.0852758	-0.00546177	-0.0400455	0.0758021
0.141559	-0.0388914	-0.0204132	-0.0319405	0.161748	-0.0956067	-0.0118545	-0.0640268	-0.113508	0.0729333
0.155607	-0.0816914	-0.000671915	-0.11511	0.230252	-0.0949197	0.0984799	-0.0627555	-0.177198	0.048008
0.208185	-0.102856	-0.00665252	-0.18347	0.301922	-0.109972	0.138435	-0.0903586	-0.206421	0.0511885
0.17995	-0.124794	0.0270896	-0.188666	0.294778	-0.0241742	0.165069	-0.177321	-0.192407	0.0404768
0.231648	-0.229123	0.0600762	-0.195965	0.254797	0.099587	0.163567	-0.237967	-0.108336	-0.0382842
0.262074	-0.335751	0.037649	-0.143713	0.190857	0.164126	0.260898	-0.332839	-0.0986813	-0.00461938
0.0694807	-0.211664	0.00768641	-0.0576177	0.179321	0.12741	0.305583	-0.458019	0.0294513	0.0083694
-0.202577	0.040607	0.079671	0.0733354	0.0769354	0.0946487	0.13635	-0.516347	0.232315	-0.0149387
-0.491075	0.392036	0.184076	0.12768	-0.0567939	-0.0824198	0.0283652	-0.368509	0.355119	-0.0884775
-0.572407	0.564774	0.0907597	0.0862253	0.0395602	-0.245795	0.0901703	-0.172163	0.234922	-0.116046
-0.524138	0.223883	0.0264646	0.00935388	0.245744	-0.231366	0.0965898	-0.00440093	0.0528987	0.104971
-0.361165	-0.0924576	0.00688475	-0.0758533	0.414118	-0.194237	0.00331086	0.0612385	-0.0204607	0.258622
-0.153029	-0.36907	-0.0623225	-0.0353325	0.36865	-0.168263	-0.0640358	0.319038	-0.072549	0.236916
-0.0469697	-0.306854	-0.136942	0.0211938	0.228219	-0.0104395	-0.0846789	0.377357	-0.114765	0.0738796
-0.00872871	-0.229278	-0.105269	0.106379	0.184854	-0.045262	-0.0333147	0.305516	-0.213065	0.0381678
0.0722665	-0.157842	-0.140705	0.129176	0.0865353	-0.0572914	0.0477056	0.268296	-0.245713	-0.00242735
0.11909	-0.109138	-0.0908245	0.10747	0.0230231	-0.0447907	0.125945	0.21942	-0.219878	-0.130317
0.18939	-0.0784057	-0.0955821	0.086778	0.0106775	-0.0690277	0.134084	0.179364	-0.167029	-0.190248
0.226792	-0.0478282	-0.00516228	0.00122074	-0.0436293	-0.0421434	0.169859	0.0589846	-0.145674	-0.172418
0.117122	-0.0259571	0.164939	-0.0109171	-0.0966655	-0.0402644	0.0984311	0.00653527	-0.104031	-0.109192
-0.00262097	-0.00983901	0.182785	-0.0151502	-0.0496874	-0.0289356	-0.0189763	-0.00930249	-0.0186452	-0.0296275
-0.00247045	-0.00362849	0.079302	-0.00387858	-0.00429217	-0.00901704	-0.0398351	-0.000916296	-0.00718478	-0.00807915
-0.00041521	-0.000337881	0.00883414	-0.000223	-0.000346897	-0.00338506	-0.00271097	-0.000136582	-0.000790477	-0.000488061
-1.09893e-05	-4.94345e-07	-2.55735e-07	-8.68106e-06	-4.24147e-05	-0.000102297	-3.06202e-06	0.000237495	-1.6574e-05	-5.27268e-05
-3.73352e-05	-1.25701e-05	-0.00164313	0.00348748	-1.54042e-05	-0.000172151	-2.53879e-05	-0.000591607	-0.000253267	-0.000736623
-0.00207554	0.000831612	-0.0015101	0.021513	-0.00332218	-0.0036112	-0.000819763	-0.00078175	-0.0019836	-0.00824049
-0.0229229	-0.00272705	0.0544597	0.0541853	-0.0222034	-0.00741715	-0.0299519	-0.00358477	-0.0101978	-0.00964007
0.0200058	-0.0152199	0.0926794	0.0883469	-0.00899539	-0.0235566	-0.105733	-0.0178564	-0.0615997	0.0319288
0.175316	-0.0621402	0.120091	0.0330805	0.058823	-0.0887591	-0.0495669	-0.0705156	-0.139749	0.0234208
0.209376	-0.131549	0.13095	-0.0589244	0.150481	-0.143167	0.0817712	-0.0598391	-0.150543	-0.0285549
0.168685	-0.161924	0.0695954	-0.131256	0.262876	-0.255049	0.182063	-0.0686293	-0.0824065	0.0160454
0.189041	-0.183688	0.0464563	-0.219696	0.30954	-0.289766	0.195898	-0.169404	0.0365487	0.0850696
0.235347	-0.198628	0.101651	-0.209078	0.199345	-0.191073	0.221436	-0.196992	0.0694482	-0.0314566
0.237317	-0.157105	0.0958719	-0.224482	0.0152938	-0.0900973	0.348316	-0.293758	0.0150543	0.0535901
0.0462414	-0.0806459	0.120301	-0.123693	0.0070213	-0.0814198	0.33844	-0.352017	0.0732236	0.0525478
-0.27248	0.0099253	0.223403	-0.00276049	0.0589279	-0.0516301	0.0636079	-0.264749	0.298812	-0.0630565
-0.519503	0.387576	0.232425	0.0698401	0.0668896	-0.147199	0.03334	-0.15592	0.229626	-0.197076
-0.54155	0.517334	0.113327	-0.0560124	0.261381	-0.231613	0.111351	-0.10487	0.0627277	-0.132075
-0.4238	0.0785554	0.0665281	-0.167183	0.408933	-0.184177	0.0717703	0.0465384	0.013825	0.0890108
-0.233271	-0.173754	0.109783	-0.169375	0.414818	-0.150851	-0.0634583	0.093321	-0.020519	0.193305
-0.0549145	-0.389833	0.045417	-0.0106929	0.269995	-0.0618626	-0.104521	0.243232	-0.0614233	0.124602
-0.00611291	-0.299054	-0.0540812	0.113009	0.170865	-0.0232773	0.00924696	0.226498	-0.17588	0.0387863
0.034699	-0.210989	-0.0790826	0.154801	0.0888472	0.0169827	0.0770849	0.231778	-0.22947	-0.0846502
0.093679	-0.15648	-0.0766694	0.154161	0.0648324	0.0220285	0.0520687	0.193727	-0.250559	-0.0967883
0.135503	-0.110221	0.0332426	0.16667	0.0191409	-0.0126598	0.0489697	0.140013	-0.229308	-0.19135
0.156155	-0.0843482	0.0586344	0.180355	-0.0887378	0.0114177	0.0527826	0.0557873	-0.16957	-0.172476
0.128102	-0.059885	0.153113	0.0786403	-0.118225	0.018059	0.0724541	0.000783803	-0.0904845	-0.182558
0.0443629	-0.0390271	0.263027	0.0100511	-0.0919031	-0.00284835	0.0269172	-0.00465983	-0.0942758	-0.111644
-0.0171271	-0.02414	0.287193	-0.0203557	-0.0553904	-0.0292592	-0.0552026	-0.0123242	-0.0419578	-0.0314365
-0.00794036	-0.00929172	0.117001	-0.00422507	-0.0225978	-0.0151928	-0.0387484	-0.00127925	-0.0105791	-0.00714632
-0.000741503	-0.000146218	0.0148553	-0.000292986	-0.000591993	-0.00701779	-0.00531936	-6.85197e-05	-0.000562816	-0.00011412
0.0	0.0	0.0	0.0	0.0	0.0	0.0	0.0	0.0	0.0
-4.82828e-05	0.000204818	-0.000750122	0.00132444	-1.18038e-05	-0.000186983	-1.99677e-05	-6.07083e-05	-0.000341756	-0.000109632
-0.00336277	-0.000232391	0.00355852	0.0286444	-0.00388304	-0.00552792	-0.00172272	-0.00142672	-0.00215589	-0.0138915
-0.031685	-0.00580691	0.0892555	0.107783	-0.0566104	-0.00205932	-0.041249	-0.0108389	-0.0171628	-0.031626
0.0212489	-0.023556	0.177215	0.136986	-0.0390441	0.00139099	-0.124646	-0.0205149	-0.0789029	-0.0501773
0.157898	-0.108291	0.206818	0.0807765	-0.00965614	0.0469296	-0.0970989	-0.058449	-0.144984	-0.0739427
0.221183	-0.197098	0.166678	-0.0074139	0.0391413	0.0942161	-0.00594769	-0.113902	-0.129192	-0.0676638
0.176156	-0.211387	0.169463	-0.0851013	0.1337	-0.160052	0.140345	-0.17164	0.00427546	0.00424157
0.153455	-0.188282	0.122293	-0.191252	0.188048	-0.27619	0.20107	-0.213579	0.146285	0.0581538
0.198978	-0.128612	0.142557	-0.363255	0.121691	-0.258956	0.224374	-0.220113	0.232973	0.0503639
0.248231	-0.0203138	0.168038	-0.416049	0.0101421	-0.280419	0.395331	-0.296354	0.101936	0.0894591
0.0307431	-0.0552269	0.215816	-0.359805	-0.0117321	-0.238689	0.35172	-0.219188	0.239393	0.0469685
-0.234772	0.104621	0.26555	-0.255109	0.0855113	-0.266102	0.127137	-0.114744	0.301107	-0.0131995
-0.457411	0.353785	0.199861	-0.1816	0.230767	-0.274654	0.0681027	-0.00344208	0.165821	-0.10123
-0.47286	0.348589	0.0972462	-0.228809	0.406425	-0.207012	0.0776488	0.029736	-0.00440006	-0.0465646
-0.291885	-0.00425166	0.114287	-0.181782	0.40327	-0.123608	0.00390684	0.0156184	-0.0778178	0.142263
-0.0975089	-0.208964	0.100765	-0.00894567	0.305229	-0.0396575	-0.081297	-0.0043569	-0.0119691	0.0467049
0.027719	-0.32482	0.0268973	0.141809	0.129965	0.0370205	0.00692416	0.0569398	-0.0868196	-0.0156349
0.00853627	-0.262537	0.0295575	0.0957031	0.0931846	0.0735665	0.119913	0.066157	-0.136371	-0.0877098
0.0289929	-0.190173	0.010653	0.177315	-0.0364621	0.0320836	0.144042	0.0387414	-0.0819015	-0.123291
0.0610863	-0.134248	0.0247873	0.106927	-0.0419661	0.0883312	0.0670301	0.035974	-0.0880795	-0.119843
0.0782512	-0.0963535	0.0771133	0.200696	-0.0456129	0.0375513	0.0532534	-0.0163614	-0.123222	-0.165316
0.124712	-0.0728263	0.129706	0.214417	-0.128388	0.00398294	0.0534581	-0.029365	-0.0998192	-0.195878
0.0625883	-0.0613016	0.198748	0.113047	-0.108071	0.0301446	0.0162456	-0.0314391	-0.0351476	-0.184814
0.012341	-0.0454149	0.329991	-0.0340974	-0.0866148	0.0433436	-0.0459368	-0.00794114	-0.0549028	-0.110768
-0.0152983	-0.0330774	0.311884	-0.0335063	-0.0559627	-0.0321657	-0.0632846	0.000144445	-0.0539799	-0.0247539
-0.00468358	-0.00716347	0.0754272	-0.00352018	-0.0114582	-0.00740047	-0.0306248	0.00274227	-0.0086718	-0.00464704
0.00144985	-0.000118821	0.00470491	-0.000147471	-0.00196738	-0.000912832	-0.00248203	-0.000163899	-0.000153887	-0.000208433
-4.73614e-06	-3.86549e-06	-4.10746e-06	-9.63053e-05	-0.000556803	-4.86664e-05	-2.13986e-06	0.000536946	-2.31395e-05	0.000202818
-1.08566e-05	3.26528e-05	-8.48215e-05	0.000222888	-2.2125e-06	-7.27332e-05	-4.36081e-06	-5.04248e-06	-5.76235e-05	-1.78905e-05
-0.00358494	-0.000555242	-0.00587867	0.0343934	-0.00525227	-0.00527235	-0.00167926	0.000554294	-0.00285049	-0.00987447
-0.048815	-0.00729071	0.073162	0.1734	-0.0526697	-0.00131572	-0.0448102	-0.00562765	-0.0357257	-0.0503074
-0.0124405	-0.0371431	0.221504	0.199905	-0.0725999	0.0506666	-0.129425	-0.0317383	-0.108993	-0.0797345
0.112798	-0.135799	0.269591	0.186175	-0.0933568	0.115988	-0.160987	-0.0841212	-0.0917755	-0.118514
0.176851	-0.242261	0.211126	0.0728762	-0.0963548	0.280451	-0.0814961	-0.172769	-0.0447903	-0.103633
0.148208	-0.224743	0.238729	-0.0722009	-0.0415749	0.1144	0.0972097	-0.209066	0.0539627	-0.104925
0.156404	-0.127652	0.150812	-0.142797	-0.014959	-0.0360473	0.167885	-0.255705	0.164255	-0.0621956
0.20555	-0.0289863	0.127173	-0.297306	-0.0436078	-0.11897	0.214415	-0.263031	0.225069	-0.0203064
0.267134	-0.0576698	0.203855	-0.381298	-0.149396	-0.173584	0.321104	-0.27467	0.225227	0.019297
0.0659116	-0.0206673	0.202446	-0.375995	-0.107745	-0.136766	0.343261	-0.18865	0.234971	-0.0167656
-0.217049	0.111326	0.266115	-0.375188	0.0370188	-0.127655	0.311134	-0.109874	0.202141	-0.0979686
-0.362441	0.201767	0.251935	-0.300175	0.142394	-0.070657	0.159948	0.0490186	0.0103099	-0.0820992
-0.325158	0.15653	0.127656	-0.237103	0.238842	-0.0166193	0.061469	0.046058	-0.112126	0.0604516
-0.135362	-0.0844774	0.0399366	-0.0196433	0.231571	-0.0427309	0.0461213	-0.0348939	-0.0450927	0.0445713
-0.0197754	-0.163982	0.0985841	0.176771	0.123087	0.018063	0.0885618	-0.108884	-0.115132	-0.0972933
0.0232729	-0.168001	0.118311	0.210646	-0.073594	0.0646336	0.16134	-0.10038	-0.11701	-0.119219
0.00126229	-0.161941	0.102163	0.215314	-0.0717467	0.00609156	0.204153	-0.107387	-0.0661596	-0.121749
0.00050884	-0.134261	0.0767637	0.206818	-0.121156	0.0439884	0.0997442	-0.0797169	-0.0335774	-0.0591109
-0.0127024	-0.0842105	0.0455344	0.123545	-0.0997644	0.0942792	0.0859497	-0.0999565	-0.0080175	-0.0446568
0.0499372	-0.0633064	0.100964	0.229378	-0.103244	0.059349	0.072514	-0.14262	-0.0761224	-0.126849
0.0952638	-0.0742749	0.149001	0.216117	-0.159038	0.0419414	0.0367251	-0.120257	-0.0204708	-0.165008
0.0274959	-0.0657342	0.306115	0.0715475	-0.104681	0.0643393	-0.0227083	-0.0984114	-0.0211152	-0.156847
-0.0130273	-0.0318703	0.373174	-0.0669162	-0.0633002	0.0735332	-0.0799313	-0.0586853	-0.0433293	-0.0896472
-0.0139646	-0.00586497	0.223143	-0.0278082	-0.0418608	-0.0201563	-0.0389054	-0.00831806	-0.045591	-0.0206731
-0.00275805	-0.00163667	0.0302813	-0.00346341	-0.00211005	-0.00515167	-0.0136678	0.00351896	-0.00395022	-0.00106234
-0.00147302	-4.54221e-06	0.00700177	-6.01792e-05	-1.95974e-05	-0.00181169	-0.00342475	-8.96121e-06	-9.49175e-05	-0.00010412
-1.52709e-09	1.40322e-05	-9.36252e-06	-7.82943e-07	-5.85465e-09	-4.41933e-08	-1.37561e-07	-1.91205e-07	-3.40318e-06	-1.0319e-07
0.000793824	6.5091e-05	-0.000374981	9.85913e-05	-0.000801402	-0.000167495	-6.75084e-05	0.00299013	-0.000215199	-0.00232105
-0.00299963	-0.000789801	-0.00524464	0.0372307	-0.00697868	-0.00632217	-0.00165665	-0.000901688	-0.00463134	-0.00770615
-0.0449153	-0.00700606	0.0389688	0.200042	-0.02875	-0.0099473	-0.0438274	-0.0137642	-0.0504181	-0.0403824
-0.0358424	-0.0392717	0.186229	0.245315	-0.0826951	0.0543341	-0.111522	-0.0339669	-0.106579	-0.076002
0.0745575	-0.145451	0.212113	0.230873	-0.123368	0.15702	-0.169899	-0.109579	-0.0253166	-0.100951
0.140048	-0.18142	0.213999	0.136609	-0.169638	0.274744	-0.136576	-0.187641	0.0399992	-0.130124
0.134077	-0.126057	0.25712	0.0640953	-0.203351	0.1968	0.0103123	-0.241595	0.0635669	-0.154968
0.129976	-0.0645082	0.193695	0.00218337	-0.266206	0.182975	0.107665	-0.243298	0.138951	-0.181431
0.209993	0.000635991	0.19028	-0.0761165	-0.319782	0.0770241	0.209058	-0.256411	0.17046	-0.205141
0.296132	-0.0406481	0.253209	-0.158756	-0.345315	0.0100999	0.326264	-0.251543	0.12719	-0.216632
0.208358	-0.0141147	0.265834	-0.228463	-0.291119	0.0496883	0.428572	-0.191448	-0.00249316	-0.224813
0.0225006	0.024038	0.272607	-0.262157	-0.243975	0.0823276	0.383568	-0.0687657	0.0282798	-0.238422
-0.125561	0.135151	0.229039	-0.215426	-0.0951007	0.0805556	0.222907	0.0164104	-0.0983615	-0.149614
-0.118408	0.0281342	0.101292	-0.113751	0.0570855	0.0412186	0.167294	0.0734222	-0.120023	-0.116264
-0.0513588	-0.0344245	0.0667067	0.020515	0.0221734	0.013782	0.171435	-0.0685545	-0.0133584	-0.126916
-0.0121067	0.00593458	0.0627084	0.170444	-0.0492753	0.0145057	0.186516	-0.196665	-0.0460346	-0.136026
0.000728088	-0.0284251	0.0982218	0.255205	-0.115825	0.0165658	0.187882	-0.224741	-0.0394588	-0.150152
-0.0232194	-0.0486954	0.112402	0.244258	-0.121703	0.014907	0.164435	-0.227586	0.00917047	-0.123969
-0.0376034	-0.0502695	0.0827509	0.193026	-0.145821	0.0214514	0.133523	-0.177843	0.0167275	-0.0359419
-0.00195316	-0.0499569	0.0761644	0.126698	-0.138968	0.0810851	0.100526	-0.229484	0.0478338	-0.0119449
0.0399651	-0.0491394	0.141822	0.214041	-0.127383	0.0908361	0.0497769	-0.247779	-0.00107639	-0.111063
0.0440299	-0.0611909	0.217943	0.134817	-0.163207	0.0819473	0.000616459	-0.184674	0.0490532	-0.119335
-0.0188721	-0.0472052	0.295243	0.0210332	-0.0982028	0.100997	-0.0572339	-0.113375	0.0215491	-0.103933
-0.0249842	-0.0112064	0.276671	-0.0577741	-0.0485618	0.0595502	-0.0670441	-0.0406187	-0.0344696	-0.0515617
-0.0126726	0.00398611	0.153408	-0.022787	-0.0165455	-0.00699625	-0.0428487	-0.00784512	-0.0355129	-0.012186
-0.00215791	-0.00124853	0.0342001	-0.00385409	-0.000612473	-0.0048795	-0.0146415	-0.000971913	-0.00412842	-0.0017057
-0.000365551	5.25232e-06	0.00270217	-3.3127e-05	-8.50337e-08	-0.000552759	-0.00173548	-1.36021e-07	-2.0177e-05	-1.10799e-07
0.0	0.0	0.0	0.0	0.0	0.0	0.0	0.0	0.0	0.0
0.00199646	-2.35573e-05	-0.000789487	0.00025272	-2.9181e-05	-0.000171465	-0.000167349	-6.06845e-05	-0.000431609	-0.00057585
-0.00293116	-0.00176325	0.00105367	0.0304099	-0.00450706	-0.00442762	-0.00148248	-0.00385563	-0.00616425	-0.0063321
-0.0408413	-0.0102286	0.0531579	0.186904	-0.0316814	-0.00548241	-0.0316948	-0.025005	-0.0589988	-0.0361298
-0.0285468	-0.0283206	0.173409	0.262438	-0.0832342	0.0276592	-0.0945982	-0.0600116	-0.106358	-0.0624375
0.0577101	-0.0781585	0.207448	0.193019	-0.14282	0.131731	-0.167869	-0.112501	-0.019752	-0.0688072
0.124571	-0.0323309	0.20643	0.179905	-0.214427	0.191977	-0.194583	-0.19839	0.0851828	-0.148336
0.125401	-0.00408666	0.277521	0.150477	-0.302677	0.130569	-0.068764	-0.236706	0.152575	-0.224309
0.124668	0.061124	0.211832	0.144787	-0.382434	0.227889	-0.00290379	-0.220225	0.0812135	-0.245951
0.198297	0.058646	0.224248	0.116727	-0.393906	0.196963	0.128788	-0.235085	0.0291583	-0.323835
0.289481	0.0512377	0.217418	-0.0146494	-0.365819	0.107724	0.255759	-0.193252	0.026554	-0.374455
0.303535	0.0424538	0.249902	-0.125365	-0.284999	0.152679	0.319663	-0.163827	-0.117689	-0.376352
0.184208	0.011912	0.140392	-0.18977	-0.211291	0.0928896	0.373498	-0.0537841	-0.00627165	-0.341782
0.056138	0.0141297	0.0382948	-0.0935237	-0.208988	0.0447149	0.354052	-0.00297141	-0.047654	-0.154192
0.00492319	-0.00433424	0.00443109	0.0311354	-0.101022	-0.0382916	0.369999	0.0362836	-0.104069	-0.199056
0.0153369	-0.0179775	0.0120177	0.0327191	-0.0827725	0.00860043	0.26339	-0.0864774	0.012257	-0.157094
-0.0331316	0.0914977	0.0249182	0.128827	-0.046543	0.052079	0.196332	-0.215693	-0.0760757	-0.12221
-0.0271887	0.125517	0.0608551	0.16745	-0.0700278	0.0811978	0.149603	-0.264609	-0.0608586	-0.161938
-0.082638	0.0753566	0.134323	0.213092	-0.096355	0.0700852	0.169255	-0.307621	-0.0215424	-0.153955
-0.0604246	0.0168928	0.170023	0.167052	-0.112712	0.0590901	0.0894485	-0.262665	0.00921644	-0.0759217
-0.0374758	-0.0109798	0.147277	0.175025	-0.114769	0.0626219	0.0590196	-0.292169	0.0521487	-0.0406993
-0.000231499	-0.0428596	0.212903	0.122642	-0.0955943	0.113912	-0.0253938	-0.258121	0.0752245	-0.102482
-0.0163781	-0.0443043	0.237325	0.0153708	-0.100964	0.177577	-0.0769339	-0.190141	0.0899268	-0.0914782
-0.0498106	-0.0300274	0.255014	-0.0236748	-0.0703468	0.0977936	-0.0533537	-0.0968488	0.0245099	-0.0532558
-0.0256797	-0.0165184	0.2068	-0.0440502	-0.0279571	0.0218433	-0.0367108	-0.0234622	-0.0439279	-0.0103374
-0.00834039	-0.0029578	0.0753078	-0.0133871	-0.0119864	0.00466298	-0.014424	-0.00509819	-0.0240007	0.000223937
-0.000788375	0.000273269	0.0119731	-0.00182164	-0.000284864	-0.000772833	-0.00252504	-0.000614916	-0.00411779	-0.00132091
-2.05702e-05	1.24625e-05	-1.52431e-05	-3.68201e-05	-1.52762e-05	0.000294947	-3.70436e-06	-3.05619e-05	-0.00015544	-2.97938e-05
-2.11868e-08	3.16054e-05	-1.62244e-05	-3.01196e-06	-3.83679e-07	-1.63125e-07	-4.93956e-07	-1.5849e-06	-9.22752e-06	-4.9461e-07
-4.17516e-05	2.02722e-06	-3.34881e-06	0.000356947	-2.33659e-06	-8.91019e-05	-2.9079e-05	-5.43015e-05	-4.9034e-05	-9.00205e-05
-0.0043476	-0.00171307	0.00386018	0.0285655	-0.000597165	-0.0050143	-0.000781244	-0.00925239	-0.00501804	-0.00570189
-0.0318575	-0.00535865	0.0531775	0.133934	-0.0210114	0.00117618	-0.019514	-0.0314002	-0.0491819	-0.0299644
-0.0386829	0.0104743	0.10005	0.20708	-0.0489163	0.0356912	-0.0702363	-0.0555795	-0.0901298	-0.0497507
0.0279402	0.0802303	0.127146	0.168588	-0.0843645	0.0215949	-0.134114	-0.0878384	-0.0513176	-0.0678665
0.0825312	0.120709	0.140591	0.151837	-0.176351	0.0900309	-0.21068	-0.136687	0.0746432	-0.136626
0.100728	0.117481	0.16873	0.105268	-0.240971	0.135668	-0.16479	-0.165787	0.137832	-0.194159
0.0723279	0.140421	0.167802	0.0902755	-0.238255	0.184668	-0.0850505	-0.155064	0.0349887	-0.212114
0.101503	0.0955866	0.195013	0.00259496	-0.255278	0.159014	0.00643026	-0.166529	0.07234	-0.210675
0.21042	0.0935972	0.14784	-0.0265443	-0.240823	0.0828907	0.128928	-0.153508	-0.00521771	-0.237584
0.273187	-0.0510772	0.129879	-0.0886609	-0.151984	0.125938	0.245808	-0.118958	-0.0612595	-0.302874
0.18514	-0.109819	0.0617156	-0.101977	-0.136434	0.105755	0.344112	-0.08639	-0.0149444	-0.247158
0.0935901	-0.123566	0.0474666	-0.0508318	-0.162408	0.0450392	0.399456	-0.0667593	0.0147557	-0.196743
0.0510413	-0.0364257	0.00277371	-0.0230877	-0.125526	0.0316384	0.393122	-0.0668483	-0.0219312	-0.204756
0.00181376	0.0330345	-0.0573829	0.0425	-0.0417004	0.0655778	0.271006	-0.0886974	-0.0428173	-0.183334
-0.0229013	0.0876699	0.0146102	0.108627	-0.0653083	0.0576957	0.184938	-0.144188	-0.0852474	-0.135897
-0.0880389	0.139627	0.108497	0.112567	-0.0225541	0.0656628	0.176451	-0.226562	-0.0565516	-0.209097
-0.088023	0.10924	0.163108	0.18681	-0.0443946	0.0338295	0.115349	-0.255016	-0.0271246	-0.19378
-0.0970994	0.0315448	0.208501	0.197297	-1.31203e-05	0.0488607	0.0243941	-0.268156	-0.00588363	-0.139445
-0.0644227	0.0108824	0.141785	0.089429	-0.0249724	0.123279	-0.025438	-0.260301	0.0621932	-0.0524336
-0.0534729	-0.0115996	0.20931	-0.0175404	-0.0317614	0.173293	-0.0549762	-0.221212	0.0561876	-0.0482289
-0.0507932	-0.0547679	0.237276	-0.0588489	-0.0431933	0.153109	-0.0418696	-0.158452	0.0605187	-0.0429798
-0.0333517	-0.034221	0.210009	-0.0544154	-0.0297808	0.0562922	-0.0283109	-0.0771859	-0.0066821	-0.0023532
-0.0167569	-0.00264214	0.133984	-0.0414096	-0.0205513	0.016451	-0.0148643	-0.0201468	-0.0512635	0.0171993
-0.00344814	-0.00190356	0.0495567	-0.00920307	-0.011485	0.0083866	-0.00759682	-0.00739791	-0.0173355	0.000426634
0.00341023	-0.000962028	0.00532011	-0.00112534	-0.00038473	0.000108007	-0.000744001	-0.000655908	-0.00188004	-0.0030863
3.29746e-06	-4.46168e-11	-4.2542e-07	-2.10433e-07	-3.49959e-09	-1.2664e-06	-2.17304e-07	-7.42202e-09	-1.1555e-06	-1.13781e-08
-2.05247e-08	3.06177e-05	-1.57174e-05	-2.91784e-06	-3.71689e-07	-1.58027e-07	-4.7852e-07	-1.53537e-06	-8.93916e-06	-4.79154e-07
-7.18581e-07	9.40271e-06	-5.7551e-06	1.17981e-05	-1.55849e-07	-3.40561e-06	-1.57723e-07	-3.2514e-06	-4.20178e-06	-3.55477e-06
-0.00123649	-0.00138832	0.00272298	0.0220733	-0.000319289	-0.00375179	-0.000209567	-0.00957736	-0.00361648	-0.00469697
-0.0207236	-0.00150541	0.036159	0.0791531	-0.0142221	-0.00587677	-0.00743613	-0.0222425	-0.0274783	-0.0158272
-0.0644746	0.0290454	0.0724314	0.137294	-0.027058	0.0357922	-0.0327797	-0.0326614	-0.0849461	-0.032643
-0.0207766	0.168906	0.0769731	0.138083	-0.0540971	-0.0191497	-0.079282	-0.0157367	-0.117158	-0.0777617
0.0451298	0.191444	0.0956842	0.144369	-0.100396	-0.056374	-0.152071	-0.0209363	-0.0340493	-0.1128
0.100021	0.150038	0.107718	0.101055	-0.138634	-0.0133859	-0.191744	0.00446971	0.0508438	-0.170382
0.112125	0.125321	0.173039	-0.00228991	-0.156014	0.074945	-0.202379	-0.0225601	0.0307176	-0.132905
0.119276	0.081347	0.175968	-0.0225912	-0.159331	0.116019	-0.167653	-0.0739658	0.0365086	-0.105577
0.176353	-0.0364112	0.125858	0.0255034	-0.115276	0.0320977	-0.100726	-0.087517	0.0711066	-0.0909896
0.244842	-0.20142	0.134596	-0.0133631	-0.0763946	0.0762049	-0.056087	-0.132488	0.112128	-0.0880178
0.204626	-0.304955	0.0744402	-0.0787913	-0.0838774	0.152194	0.0500417	-0.104323	0.164245	-0.0735998
0.249626	-0.249812	-0.041295	-0.0570091	-0.0863583	0.160633	0.0823191	-0.109807	0.172144	-0.12044
0.151071	-0.0936077	-0.0920737	-0.0319563	-0.0971429	0.0928451	0.0342191	-0.0501163	0.171993	-0.0852314
0.0987795	0.0476209	-0.102831	0.0147648	-0.0359205	0.0479889	0.0351964	-0.027563	0.0952871	-0.173324
0.0313299	0.108571	-0.0377258	0.056145	-0.0558424	0.0817246	0.0090433	-0.0928595	0.0384986	-0.138885
-0.0080455	0.172211	0.0425807	0.090393	0.0310786	0.0396688	-0.0516973	-0.152553	0.037477	-0.201113
-0.0694378	0.125184	0.15079	0.130603	0.0605973	0.0706623	-0.0912928	-0.201848	0.0331888	-0.208446
-0.104319	0.0337318	0.201184	0.112616	0.134789	0.0868919	-0.0820722	-0.203106	-0.00125436	-0.17846
-0.122305	-0.00110626	0.202832	0.0138896	0.0780671	0.0935615	-0.0492646	-0.221138	0.0328587	-0.0273957
-0.0886117	-0.0377864	0.206065	-0.073907	0.0606512	0.0764229	-0.037333	-0.184064	0.0596721	0.0188912
-0.0401885	-0.0524236	0.189738	-0.0392173	-0.00163818	0.0582161	-0.0485906	-0.109702	0.00864448	0.0351619
-0.0125653	-0.027309	0.122021	-0.0320092	-0.0295657	0.0386708	-0.0323049	-0.0588538	-0.0142219	0.046138
-0.00613444	-0.00836475	0.0771093	-0.0246518	-0.0151237	0.0190778	-0.0130544	-0.0203889	-0.0279183	0.0194493
-0.000997434	-0.00126928	0.0243413	-0.0064817	-0.00567147	0.00918826	-0.00390419	-0.0105594	-0.00715205	0.00250595
0.000368639	0.000924755	-0.00172457	-0.000122401	0.00019305	0.00186275	-6.99593e-05	-8.19661e-05	-0.000782616	-0.000567674
6.08763e-06	-8.23694e-11	-7.85391e-07	-3.88492e-07	-6.46077e-09	-2.33797e-06	-4.01176e-07	-1.37022e-08	-2.13322e-06	-2.10057e-08
0.0	0.0	0.0	0.0	0.0	0.0	0.0	0.0	0.0	0.0
0.0	0.0	0.0	0.0	0.0	0.0	0.0	0.0	0.0	0.0
-0.000195747	-7.26505e-05	-4.71425e-05	0.0125823	-7.87076e-05	-0.000641781	-2.43764e-05	-0.00775908	-0.00130344	-0.00245934
-0.00606822	-0.00558086	-0.0021609	0.0534693	-0.00278955	-0.000467642	-0.00163913	-0.0141181	-0.0142028	-0.0064421
-0.0379723	0.0232703	-0.000821183	0.108236	-0.0116665	0.0230708	-0.00754322	0.0138847	-0.0850547	-0.0254036
-0.040915	0.127487	-0.0115886	0.146562	-0.0302912	0.00626884	-0.0221321	0.055655	-0.18666	-0.0443862
-0.00621915	0.169298	-0.0397385	0.165172	-0.0456794	-0.0368485	-0.0561654	0.115935	-0.201319	-0.0644345
0.0676923	0.114387	-0.0507467	0.149503	-0.0614406	-0.0509472	-0.113135	0.159247	-0.134221	-0.0803401
0.0957735	0.059225	-0.0137628	0.0272452	-0.0626102	0.044689	-0.17335	0.0383551	0.0080417	-0.0236061
0.129541	-0.0027742	0.0123484	0.0545849	-0.0556173	0.121795	-0.232514	0.0039189	0.0251251	-0.0564077
0.187338	-0.103161	-0.00524611	0.0750756	-0.0461927	0.15058	-0.270016	-0.0217434	0.0358259	-0.0024615
0.261182	-0.188421	0.0176199	0.0743255	-0.0192055	0.122994	-0.265702	-0.0811102	0.12548	-0.0471627
0.259561	-0.183075	-0.0255035	-0.0190681	-0.0630473	0.120145	-0.212901	-0.0570805	0.226341	-0.0453706
0.224347	-0.203705	-0.105086	0.0171922	-0.064297	0.0331106	-0.154755	-0.0279739	0.367526	-0.0863591
0.175564	-0.120692	-0.118132	-0.037199	-0.0468078	0.0327279	-0.123242	0.0339297	0.316097	-0.112246
0.0958522	0.0479086	-0.100778	-0.0384567	-0.0159554	0.0414285	-0.117194	0.0286164	0.228897	-0.170318
-0.00650665	0.110499	-0.0587971	-0.0651766	0.0324031	0.0676497	-0.136907	-0.0166489	0.205039	-0.131553
-0.0502638	0.145903	-0.0248298	0.0560888	0.0786751	0.010298	-0.118785	-0.0543195	0.10932	-0.152087
-0.14907	0.0462724	0.0821041	0.0844388	0.16535	-0.00951428	-0.0829683	-0.111755	0.112003	-0.136861
-0.159959	-0.000739886	0.14028	-0.0267283	0.175234	0.0242156	-0.0604607	-0.158564	0.101009	-0.0342869
-0.142589	-0.0260739	0.10704	-0.0522918	0.133943	0.0388345	-0.0479407	-0.17506	0.0934966	0.0706412
-0.0783357	-0.0395426	0.111428	-0.0485945	0.078115	-0.00915358	-0.0465753	-0.149476	0.05103	0.131105
-0.0336059	-0.0274449	0.0921508	-0.0389553	0.00169429	0.00294253	-0.0279825	-0.0860009	0.0114171	0.105785
-0.0126954	-0.0196805	0.0450762	-0.0214459	-0.0199248	0.0248187	-0.0162853	-0.0581775	0.00864661	0.069668
-0.00440259	-0.00612359	0.0377933	-0.0126495	-0.010146	0.0168844	-0.00865178	-0.0216998	-0.01002	0.0190157
-0.000454344	-0.000277827	0.0182671	-0.00601372	-0.000635686	0.00518093	-0.00190437	-0.0113369	-0.00279989	-2.53265e-05
-7.1264e-06	0.00310556	-0.00161009	0.000521424	0.000190109	0.000979516	-4.52537e-05	-2.67167e-05	-0.00259505	-0.000512374
0.0	0.0	0.0	0.0	0.0	0.0	0.0	0.0	0.0	0.0
0.0	0.0	0.0	0.0	0.0	0.0	0.0	0.0	0.0	0.0
0.0	0.0	0.0	0.0	0.0	0.0	0.0	0.0	0.0	0.0
-0.000445953	-7.03323e-06	-0.000950622	0.00694846	-6.36231e-06	-0.000165983	-2.8807e-06	-0.00446518	-5.61511e-05	-0.0008483
-0.00091775	-0.00413657	-0.0132047	0.0270712	-0.000184449	0.00172975	-0.00014327	0.00237938	-0.00864837	-0.00394525
-0.00651812	-0.00509449	-0.0318909	0.0624611	-0.0064386	-0.00349724	-0.00123186	0.048768	-0.0622178	0.00565993
-0.0210495	0.0272383	-0.0657415	0.0979528	-0.0120417	-0.0130284	-0.00567197	0.121394	-0.140618	0.0115661
-0.02914	0.0306623	-0.118304	0.17515	-0.0206838	-0.0281971	-0.0154303	0.181913	-0.187207	0.0112362
-0.0479268	-0.0242534	-0.16138	0.213516	-0.0304008	-0.00940396	-0.0338065	0.207763	-0.16886	0.0547516
-0.0481294	-0.0896058	-0.162046	0.190993	-0.0272825	0.0137087	-0.0671711	0.185921	-0.0734577	0.0770699
-0.0467889	-0.135373	-0.152906	0.205311	-0.0254101	0.111731	-0.102727	0.124706	-0.0312674	0.052725
-0.0345938	-0.1907	-0.160633	0.249216	-0.0262791	0.115203	-0.13245	0.117737	0.0204551	0.0420446
-0.0178482	-0.224914	-0.133365	0.229776	-0.00856865	0.132164	-0.161671	0.111962	0.0990075	-0.0265418
0.040685	-0.232888	-0.0761592	0.190556	-0.0785634	0.16515	-0.164888	0.125432	0.103838	-0.0731622
0.0438686	-0.247877	-0.0450583	0.20043	-0.109999	0.19336	-0.177635	0.160984	0.0897032	-0.107775
0.00765769	-0.204955	-0.00478064	0.137421	-0.0850428	0.172846	-0.162584	0.138741	0.122417	-0.121719
-0.0447806	-0.149867	-0.0403126	0.0630493	-0.0555903	0.120548	-0.144174	0.123906	0.184318	-0.0570965
-0.0931348	-0.115446	-0.0479157	0.0724359	-0.0169888	0.055222	-0.117892	0.0886004	0.191198	-0.0160786
-0.108217	-0.0350518	-0.0229396	0.0318763	-0.0250628	0.0535723	-0.0863606	0.0568331	0.0696795	0.065671
-0.117602	-0.00441894	-0.00870089	-0.0746694	0.044565	0.0360697	-0.0646475	-0.0172831	0.115925	0.0907615
-0.103215	0.0013534	-0.0539872	-0.0750671	0.0749156	-0.00727634	-0.0491425	-0.0689455	0.129358	0.152007
-0.0878838	-0.00809565	-0.0469631	-0.0454169	0.0383087	-0.0156458	-0.0306378	-0.0982181	0.0457245	0.248828
-0.0606332	-0.00427424	-0.00611137	-0.0262398	0.014998	-0.0140195	-0.0226319	-0.0889876	0.000105043	0.207795
-0.025255	-0.0074815	-0.00441695	-0.0176378	0.00245388	0.0267855	-0.0125395	-0.0624333	-0.0121397	0.112664
-0.0090125	-0.00441029	-0.0070036	-0.00684306	-0.00800776	0.0262998	-0.00557456	-0.0510832	-0.00623784	0.071873
-0.00137915	-0.00117346	0.025479	-0.00589765	-0.0082517	0.0166906	-0.00180237	-0.021659	-0.00633656	0.0043303
-1.7946e-05	0.000480614	0.0162097	-0.000899698	0.00104282	-0.00116777	-0.000184666	-0.0104554	-0.00216012	-0.00284755
-2.88099e-07	0.000110526	0.00162576	-4.72409e-06	-1.98718e-05	-1.1671e-05	-8.3291e-06	-1.35908e-06	-0.000225209	-0.00146483
0.0	0.0	0.0	0.0	0.0	0.0	0.0	0.0	0.0	0.0
0.0	0.0	0.0	0.0	0.0	0.0	0.0	0.0	0.0	0.0
0.0	0.0	0.0	0.0	0.0	0.0	0.0	0.0	0.0	0.0
-4.9174e-06	-1.62614e-07	-1.71176e-05	0.000611825	-6.80093e-06	-3.66341e-06	-1.68806e-07	-0.000845695	-3.26749e-05	0.000299376
-8.94517e-05	-0.000261126	-0.00396995	0.00187919	-5.83622e-05	0.00176038	-3.26338e-05	0.00434117	-0.00145411	-0.0021151
-0.00178691	-0.00738717	-0.0160792	0.00771591	-0.000953638	0.00219776	-0.000592649	0.0417702	-0.030293	0.00540875
-0.00605928	-0.016033	-0.0321376	0.029545	-0.0113062	-0.0136417	-0.00148041	0.0691952	-0.0619562	0.0438741
-0.0218292	-0.0272105	-0.0506946	0.0572521	-0.035467	-0.0173697	-0.00443049	0.112857	-0.0729557	0.0598477
-0.03982	-0.0480916	-0.0767762	0.0932418	-0.0696566	-0.0117023	-0.00817346	0.154577	-0.0904219	0.0968238
-0.0631518	-0.0610205	-0.117896	0.150677	-0.105955	-0.00386683	-0.0212135	0.225703	-0.133891	0.130616
-0.0926323	-0.0887699	-0.118934	0.18936	-0.126025	0.0399627	-0.0313361	0.223659	-0.146966	0.151681
-0.119693	-0.129676	-0.110489	0.242305	-0.128073	0.0467411	-0.0342334	0.191779	-0.112311	0.153651
-0.128688	-0.126114	-0.108192	0.267921	-0.17471	0.0764596	-0.0369857	0.226765	-0.0913266	0.09487
-0.155544	-0.12102	-0.0961149	0.273947	-0.207552	0.0923138	-0.0446447	0.255456	-0.110419	0.113578
-0.145243	-0.146902	-0.07181	0.21309	-0.204478	0.107131	-0.0517281	0.25214	-0.0819265	0.129727
-0.126535	-0.150167	-0.0438024	0.127069	-0.205211	0.0676429	-0.0451784	0.235657	0.00515278	0.135372
-0.124818	-0.128381	-0.0284238	0.0542893	-0.220445	0.0753086	-0.0420893	0.245969	0.0649575	0.103631
-0.101597	-0.0922786	-0.0392243	0.032821	-0.239944	0.0499166	-0.0386299	0.20767	0.0606831	0.160582
-0.0909606	-0.0500475	-0.040124	-0.0068966	-0.226175	0.0342635	-0.0297219	0.16577	0.0385942	0.205298
-0.0678533	-0.0211502	-0.0571345	-0.0279374	-0.159723	0.00331556	-0.0246771	0.0942747	0.0144716	0.246413
-0.0470557	-0.0140664	-0.0707078	-0.00391292	-0.134485	0.00133274	-0.0172221	-0.00571388	-0.0004744	0.292305
-0.0445416	-0.00734685	-0.0447017	-0.0135645	-0.0787648	0.00239576	-0.00993368	-0.0503347	-0.00652958	0.253322
-0.0323823	-0.00264287	-0.0325044	-0.0220636	-0.0472918	0.0215399	-0.00636288	-0.0381222	-0.0138803	0.173711
-0.0126016	-0.00184385	-0.0210952	-0.00980086	-0.018172	0.0342506	-0.00338572	-0.0186824	-0.010529	0.06186
-0.00373644	-0.000612083	-0.0158485	-0.00221089	-0.011489	0.0255849	-0.00135758	-0.0147354	-0.00330122	0.0277062
-0.000857423	-9.72901e-06	-0.00354624	-0.000112105	-0.00646769	0.0150079	-0.000398489	-0.00116785	-0.00129654	-0.00115187
-2.93121e-07	-1.33372e-06	0.00144229	-9.69738e-05	-0.000331802	-1.83006e-06	-5.0341e-06	-0.000323869	-0.000348187	-0.000332965
-2.43722e-07	-1.58722e-06	0.00172701	-9.45858e-07	-2.0958e-05	-9.1477e-07	-4.6612e-06	-1.16196e-06	-0.000142854	-0.00155368
0.0	0.0	0.0	0.0	0.0	0.0	0.0	0.0	0.0	0.0
0.0	0.0	0.0	0.0	0.0	0.0	0.0	0.0	0.0	0.0
0.0	0.0	0.0	0.0	0.0	0.0	0.0	0.0	0.0	0.0
0.0	0.0	0.0	0.0	0.0	0.0	0.0	0.0	0.0	0.0
0.0	0.0	0.0	0.0	0.0	0.0	0.0	0.0	0.0	0.0
-0.00012799	-0.000342322	-0.000466813	-0.000143156	0.000781562	-0.00136501	-3.35684e-05	-0.00316232	-0.00485309	0.00971271
-0.00169672	-0.00160628	-0.00151738	0.00260792	1.94428e-05	-0.0032902	-0.00025126	-0.00489502	-0.0122912	0.0229207
-0.00677104	-0.00291586	-0.00424947	0.00411561	-0.0114949	-0.00688296	-0.00104426	0.00515386	-0.0186247	0.0427138
-0.0130422	-0.00421632	-0.00859398	0.00644024	-0.0299951	-0.0160742	-0.0018633	0.0348188	-0.0123681	0.0448943
-0.0219895	-0.00676914	-0.0109861	0.00442236	-0.0579422	-0.0211532	-0.00392102	0.0766424	-0.0120496	0.0537459
-0.0326162	-0.0119239	-0.0115101	0.0054439	-0.0892134	-0.0182218	-0.00554293	0.104605	-0.0261508	0.0851296
-0.0310499	-0.0170938	-0.011784	0.0110258	-0.0964434	-0.011869	-0.00616205	0.0915711	-0.0407229	0.112528
-0.0272219	-0.0181261	-0.013133	0.00889901	-0.122347	0.00722982	-0.00682173	0.102908	-0.0374341	0.106047
-0.0243448	-0.0221479	-0.0119349	-0.00785423	-0.145808	0.0122898	-0.00792317	0.0895426	-0.0427808	0.160962
-0.0357383	-0.0335926	-0.01443	-0.0148451	-0.156466	-0.00108286	-0.00865823	0.139474	-0.0485201	0.17386
-0.0457077	-0.0343741	-0.0121516	-0.0220396	-0.181568	-0.0203264	-0.00763168	0.179373	-0.0498421	0.194269
-0.0386169	-0.0274162	-0.0123825	-0.0165514	-0.169215	-0.00941068	-0.00731356	0.193422	-0.0482066	0.135691
-0.0288999	-0.0143652	-0.0156865	0.000867026	-0.149287	-0.0162816	-0.00674302	0.146499	-0.0354339	0.119331
-0.0272853	-0.00650335	-0.0189406	0.000298518	-0.129385	-0.0145122	-0.00638415	0.125646	-0.0252124	0.102279
-0.0173894	-0.00513363	-0.014974	-0.00295651	-0.116906	-0.015096	-0.00554621	0.102127	-0.018087	0.0939613
-0.00632159	-0.0026591	-0.00930255	-0.00604583	-0.0953798	-0.00435394	-0.00370367	0.0337982	-0.014908	0.108876
-0.0102742	-0.00140017	-0.0060269	-0.00802577	-0.0470666	0.00484297	-0.00248712	-0.00788705	-0.0080843	0.0864091
-0.010003	-0.000675371	-0.00342754	-0.00421627	-0.0174714	0.00692566	-0.00158193	-0.00205002	-0.00416643	0.0366663
-0.00520815	-0.000134279	-0.000762663	-0.000220419	-0.0060125	0.00401272	-0.000319032	0.00531488	-0.00084402	0.00417346
-0.000515403	-6.2055e-06	-3.27707e-05	-7.63924e-05	9.44424e-05	6.90053e-05	-5.08721e-05	-0.00173952	-9.5763e-05	0.00235348
-1.24725e-06	-1.40227e-09	-2.44385e-07	-1.19406e-06	-0.000105265	-2.99563e-06	-6.05333e-07	-1.62103e-05	-4.70961e-06	0.000132473
-1.22686e-07	-1.30852e-08	-5.90387e-07	-1.04865e-07	-4.26076e-08	-5.91752e-08	-8.38736e-10	3.74958e-06	-4.16969e-07	-2.39876e-06
0.0	0.0	0.0	0.0	0.0	0.0	0.0	0.0	0.0	0.0
0.0	0.0	0.0	0.0	0.0	0.0	0.0	0.0	0.0	0.0
0.0	0.0	0.0	0.0	0.0	0.0	0.0	0.0	0.0	0.0
0.0	0.0	0.0	0.0	0.0	0.0	0.0	0.0	0.0	0.0
0.0	0.0	0.0	0.0	0.0	0.0	0.0	0.0	0.0	0.0
0.0	0.0	0.0	0.0	0.0	0.0	0.0	0.0	0.0	0.0
-2.39691e-06	-3.15992e-06	-1.90414e-06	-3.70893e-07	-1.17483e-06	-6.46897e-07	-7.36663e-08	4.82217e-05	-2.4007e-05	-1.44875e-05
-4.28654e-05	-8.27377e-06	-5.5225e-06	-1.67127e-06	-4.86705e-06	-1.08642e-05	-8.1976e-07	0.000203664	-6.7157e-05	-6.1623e-05
-5.24056e-05	-7.3215e-06	-1.24357e-05	-7.66641e-06	-0.00068253	-1.62845e-05	-1.80157e-06	0.000258261	-7.42891e-05	0.000596472
-0.000121209	-2.15711e-05	-2.92388e-05	-3.01758e-05	-0.00407666	-0.000235024	-3.46112e-05	0.00120113	-0.000105545	0.00345291
-0.000354011	-4.50057e-05	-4.30688e-05	-6.78672e-05	-0.00555863	-0.000566834	-6.70248e-05	0.00565715	-0.000189172	0.00123447
-0.000659916	-2.2877e-05	-3.89454e-05	-0.000156121	-0.00391139	-0.000327844	-2.53097e-05	0.00579004	-0.000268933	-0.000378705
-0.000578325	-0.000571074	-0.000149126	-0.000655222	-0.00710163	0.00178551	-4.19601e-05	0.00838707	-0.00161199	0.000536752
-0.00101212	-0.000198761	-0.00016353	-0.000586267	-0.00706286	0.00440979	-5.52075e-05	0.00250647	-0.00115144	0.00331392
-0.00278399	-0.000570821	-0.000263975	-0.00122875	-0.0113749	0.00369529	-0.00036444	0.0118118	-0.00306498	0.00414476
-0.00438779	-0.000591963	-0.000314516	-0.00176178	-0.00936675	-0.000717161	-0.00036815	0.0319285	-0.00270989	-0.0117105
-0.00623239	-0.00054862	-0.000358795	-0.00265027	-0.0224378	-0.00545105	-0.000684459	0.0405983	-0.00349433	0.00125939
-0.00579901	-0.000389684	-0.000638608	-0.0025523	-0.0149609	-0.00466581	-0.000739402	0.0437082	-0.00356965	-0.0103929
-0.00340717	-0.000250477	-0.000520754	-0.00272078	-0.0104222	-0.00280013	-0.000531163	0.0362626	-0.00191214	-0.0136978
-0.00348333	-0.000459464	-0.000368885	-0.00247574	-0.00850291	-0.00274533	-0.000481474	0.041198	-0.00165996	-0.0210209
-0.00349227	-0.00103278	-0.000344286	-0.00184436	-0.00967208	-0.00243206	-0.000308714	0.0437261	-0.00157531	-0.0230243
-0.00168707	-7.599e-05	-0.00032213	-0.00116351	-0.00770372	-0.0015146	-0.000191497	0.0237044	-0.000897984	-0.0101479
-0.00256419	-6.25801e-05	-0.000575132	-0.000513109	-0.00208702	-0.000692609	-0.00017383	0.0062461	-0.000548851	0.000971224
-0.00215597	-2.32586e-05	-0.000234737	-0.000218874	-0.000683546	-0.000253755	-6.58967e-05	0.00132849	-0.000253957	0.00256151
-0.00533109	-4.68053e-05	-0.000374653	-0.00014471	-0.000726561	-0.000424876	-0.000163977	0.00519461	-0.000229523	0.00224759
-0.00121406	-2.2916e-06	-1.01705e-05	-1.37036e-05	-0.000101701	-7.44673e-05	-1.062e-05	0.00159812	-3.50643e-05	-0.000136043
0.0	0.0	0.0	0.0	0.0	0.0	0.0	0.0	0.0	0.0
0.0	0.0	0.0	0.0	0.0	0.0	0.0	0.0	0.0	0.0
0.0	0.0	0.0	0.0	0.0	0.0	0.0	0.0	0.0	0.0
0.0	0.0	0.0	0.0	0.0	0.0	0.0	0.0	0.0	0.0
