0.0	0.0	0.0	0.0	0.0	0.0	0.0	0.0	0.0	0.0
0.0	0.0	0.0	0.0	0.0	0.0	0.0	0.0	0.0	0.0
0.0	0.0	0.0	0.0	0.0	0.0	0.0	0.0	0.0	0.0
0.0	0.0	0.0	0.0	0.0	0.0	0.0	0.0	0.0	0.0
0.0	0.0	0.0	0.0	0.0	0.0	0.0	0.0	0.0	0.0
0.0	0.0	0.0	0.0	0.0	0.0	0.0	0.0	0.0	0.0
0.0	0.0	0.0	0.0	0.0	0.0	0.0	0.0	0.0	0.0
0.0	0.0	0.0	0.0	0.0	0.0	0.0	0.0	0.0	0.0
0.0	0.0	0.0	0.0	0.0	0.0	0.0	0.0	0.0	0.0
0.0	0.0	0.0	0.0	0.0	0.0	0.0	0.0	0.0	0.0
0.0	0.0	0.0	0.0	0.0	0.0	0.0	0.0	0.0	0.0
0.0	0.0	0.0	0.0	0.0	0.0	0.0	0.0	0.0	0.0
-3.81605e-06	-6.47452e-06	-0.000692989	-6.65383e-05	-0.00477552	-9.99804e-05	0.00653529	-6.88261e-06	-0.000161842	-0.000721245
-2.41651e-05	-1.53437e-05	-0.00113156	-0.000161974	-0.0106004	-0.000219772	0.0141647	-1.96893e-05	-0.000364237	-0.0016276
-1.75927e-05	-1.29833e-06	0.00042937	-1.81146e-05	-0.000159803	-9.44784e-07	-0.000161733	-5.13981e-06	-1.0971e-05	-5.37725e-05
-7.33031e-07	-5.40972e-08	1.78904e-05	-7.54775e-07	-6.65846e-06	-3.9366e-08	-6.73885e-06	-2.14159e-07	-4.57127e-07	-2.24052e-06
0.0	0.0	0.0	0.0	0.0	0.0	0.0	0.0	0.0	0.0
0.0	0.0	0.0	0.0	0.0	0.0	0.0	0.0	0.0	0.0
0.0	0.0	0.0	0.0	0.0	0.0	0.0	0.0	0.0	0.0
0.0	0.0	0.0	0.0	0.0	0.0	0.0	0.0	0.0	0.0
0.0	0.0	0.0	0.0	0.0	0.0	0.0	0.0	0.0	0.0
0.0	0.0	0.0	0.0	0.0	0.0	0.0	0.0	0.0	0.0
0.0	0.0	0.0	0.0	0.0	0.0	0.0	0.0	0.0	0.0
0.0	0.0	0.0	0.0	0.0	0.0	0.0	0.0	0.0	0.0
0.0	0.0	0.0	0.0	0.0	0.0	0.0	0.0	0.0	0.0
0.0	0.0	0.0	0.0	0.0	0.0	0.0	0.0	0.0	0.0
0.0	0.0	0.0	0.0	0.0	0.0	0.0	0.0	0.0	0.0
0.0	0.0	0.0	0.0	0.0	0.0	0.0	0.0	0.0	0.0
0.0	0.0	0.0	0.0	0.0	0.0	0.0	0.0	0.0	0.0
0.0	0.0	0.0	0.0	0.0	0.0	0.0	0.0	0.0	0.0
0.0	0.0	0.0	0.0	0.0	0.0	0.0	0.0	0.0	0.0
0.0	0.0	0.0	0.0	0.0	0.0	0.0	0.0	0.0	0.0
-5.22597e-09	-3.49549e-08	-1.24479e-05	-1.00083e-08	-5.28661e-05	-1.10701e-07	6.78397e-05	-8.59555e-08	-7.43203e-07	-1.53571e-06
-1.1366e-07	-1.03112e-07	-3.91133e-05	-4.38835e-08	-0.000542292	-3.33099e-07	0.000590356	-8.86443e-07	-2.20831e-06	-5.2625e-06
-1.98206e-05	-1.07686e-07	-0.000468676	-7.93861e-06	-0.0482962	-1.89445e-05	0.0490418	-6.33416e-05	-5.29335e-06	-0.000161472
-4.09253e-05	-7.75108e-05	-0.00114198	-1.88102e-05	-0.105184	-3.53279e-05	0.107464	-0.000503848	-6.52264e-05	-0.000396405
-6.1689e-05	-0.00373034	-0.00243755	-0.000201464	-0.107402	-0.000109717	0.11863	-0.00288241	-0.000925446	-0.000878853
-0.000209294	-0.00303805	-0.00491708	-0.000207069	-0.0439876	-0.000204566	0.0557677	-0.00155399	-0.000969834	-0.00068025
-0.00271551	-0.00181003	-0.00837089	-0.000216976	-0.0520593	-0.000873717	0.070497	-0.00098889	-0.000914246	-0.00254739
0.0282976	-0.000749834	-0.0304113	-0.000393523	-0.0945536	-0.00100836	0.119979	-0.00807446	-0.00155072	-0.0115351
0.0605396	-0.000714483	-0.0334454	-0.00156473	-0.185751	-0.00769878	0.214396	-0.0231116	-0.00160933	-0.0210406
0.0253922	-0.000540812	-0.0196612	-0.000983197	-0.0890278	-0.00710942	0.108931	-0.00611251	-0.00200451	-0.00888382
-0.00124615	0.0216055	0.0091452	-0.00697427	-0.0249726	-0.0032884	0.0126028	-0.000391983	-0.00367766	-0.00280232
0.0228705	0.0321405	0.0387922	-0.00900565	-0.117117	-0.00404025	0.0522599	-0.000994558	-0.0029209	-0.0119846
0.0657857	-0.0101864	0.087633	-0.00266003	-0.124964	-0.00434058	0.0230535	-0.00206207	-0.00381448	-0.0284447
0.0309191	-0.00510868	0.0137951	-0.000946373	-0.0487006	-0.00261509	0.0331259	-0.000943852	-0.00337417	-0.0161512
-0.00144922	-0.000326229	-0.0246445	-0.000226766	-0.0188799	-0.00364808	0.0533216	-0.000160015	-0.00183004	-0.00215688
-0.000745039	-7.37565e-05	-0.0178052	-0.000148367	-0.0356366	-0.00347246	0.0611044	-0.000216992	-0.00137889	-0.00162714
-0.000337239	-9.65643e-05	-0.00720355	-0.000150078	-0.0288392	-0.00180248	0.0408624	-0.000106124	-0.000835876	-0.00149128
-0.000140472	-0.000227648	-0.00366268	-7.02706e-05	-0.0287984	-0.000360271	0.0347378	-9.06024e-06	-0.000982684	-0.000486268
-1.90381e-05	-1.97133e-05	-0.000403793	-5.54673e-06	-0.0399514	-1.45201e-05	0.0408463	-2.37492e-05	-0.000135961	-0.000272504
-2.3061e-06	-1.46813e-06	-0.000189093	-6.95097e-07	-0.0152733	-1.34999e-05	0.0157151	-3.28222e-05	-5.51912e-05	-0.000146726
0.0	0.0	0.0	0.0	0.0	0.0	0.0	0.0	0.0	0.0
0.0	0.0	0.0	0.0	0.0	0.0	0.0	0.0	0.0	0.0
0.0	0.0	0.0	0.0	0.0	0.0	0.0	0.0	0.0	0.0
0.0	0.0	0.0	0.0	0.0	0.0	0.0	0.0	0.0	0.0
0.0	0.0	0.0	0.0	0.0	0.0	0.0	0.0	0.0	0.0
0.0	0.0	0.0	0.0	0.0	0.0	0.0	0.0	0.0	0.0
-4.25496e-08	-6.17075e-10	-6.07937e-07	-2.72711e-09	-5.9823e-06	-9.2108e-07	9.52412e-06	-8.45238e-12	-1.5508e-06	-4.15966e-07
0.00408023	-4.59736e-10	-2.78503e-05	-1.01955e-06	-0.00382312	-0.000132232	0.000427159	-0.00024072	-8.95219e-06	-0.000273489
0.001532	-2.24592e-06	-0.000826985	-1.26305e-06	-0.00172535	-1.53091e-05	0.0012643	-8.43907e-05	-3.65669e-05	-0.000104183
-0.000421361	-9.82294e-06	5.8167e-05	-0.000319632	-0.00156832	-6.52125e-06	0.00230467	-3.38252e-06	-2.41847e-05	-9.61277e-06
-0.0257636	-5.48122e-05	-0.00126939	-0.00175768	-0.0489747	-5.49224e-05	0.0786871	-0.000452486	-0.000175606	-0.000183906
-0.0307742	-0.00209416	-0.00682566	-0.00339599	-0.156706	-0.000939321	0.204491	-0.00193608	-0.000920453	-0.000899655
-0.0238381	-0.0356082	0.0290473	-0.0138486	-0.196349	-0.00416562	0.254385	-0.00478989	-0.00303409	-0.00179836
-0.0265832	-0.0701791	0.129789	-0.0234228	-0.161436	-0.0163208	0.189874	-0.00646875	-0.011201	-0.00405103
-0.0247019	-0.0500873	0.081406	-0.00822828	-0.27979	-0.056268	0.391493	-0.0152099	-0.0236931	-0.0149196
-0.0436436	-0.0632181	0.146069	0.0402984	-0.29588	-0.111722	0.434945	-0.0366632	-0.044652	-0.0255316
-0.0482206	0.010651	0.0812398	0.0540542	-0.396884	-0.111205	0.536729	-0.0369688	-0.0494037	-0.0399893
-0.0772802	0.174019	-0.000927805	0.00365983	-0.273646	-0.115866	0.412273	-0.0169077	-0.0679205	-0.0373986
-0.133359	0.149452	0.0611135	-0.00378176	-0.159177	-0.129815	0.33534	-0.0206634	-0.0657384	-0.033368
-0.155934	0.30016	0.156583	-0.0628513	-0.240454	-0.0805469	0.219362	-0.025491	-0.0735765	-0.0372477
-0.121322	0.193146	0.14065	-0.0481776	-0.300061	0.00459706	0.274106	-0.0131231	-0.0829281	-0.0468837
-0.10405	0.054907	0.0074085	-0.0499986	-0.143997	0.0787264	0.256388	-0.00818537	-0.0606817	-0.0305153
-0.0653217	-0.0084209	-0.0243711	-0.0759106	-0.12105	0.0749391	0.25501	-0.0040894	-0.00978308	-0.0210016
-0.0471452	0.0379781	-0.101496	-0.036656	-0.0838616	0.00787832	0.290127	-0.00222798	-0.0492564	-0.0153384
-0.0337193	-0.00556574	-0.0339812	-0.0116591	-0.0672768	-0.068319	0.246153	-0.00117568	-0.0180382	-0.00641805
-0.0169827	-0.0100565	-0.0322906	-0.0126086	-0.0606501	-0.0773115	0.237581	-0.000975391	-0.0177318	-0.00897361
-0.00844951	-0.00373168	-0.0384234	-0.00912219	-0.0611882	-0.0432653	0.181168	-0.000674569	-0.0121647	-0.00414814
-0.00426451	-0.00191825	-0.00809052	-0.00225526	-0.0379775	-0.034332	0.0938509	-7.85802e-05	-0.00454675	-0.000387512
-0.000638589	-0.000573993	0.0422699	-0.000203228	-0.00421197	-0.0116307	-0.0226939	-3.20157e-05	-0.00224908	-3.64476e-05
-9.21617e-06	-2.61142e-05	0.0295472	-1.02945e-06	-0.000474741	-0.00101905	-0.0271779	-2.68719e-08	-0.000837588	-1.60314e-06
0.0	0.0	0.0	0.0	0.0	0.0	0.0	0.0	0.0	0.0
0.0	0.0	0.0	0.0	0.0	0.0	0.0	0.0	0.0	0.0
0.0	0.0	0.0	0.0	0.0	0.0	0.0	0.0	0.0	0.0
0.0	0.0	0.0	0.0	0.0	0.0	0.0	0.0	0.0	0.0
-9.51017e-08	0.00110354	-0.000140339	-5.48478e-05	-1.32005e-05	-9.79398e-06	-0.000589119	-1.06603e-08	-0.000295079	-1.05653e-06
0.00962551	0.000262627	-0.000234191	-3.84225e-05	-0.0121809	7.8968e-05	0.00459587	-0.000703975	-0.000494189	-0.000911319
-0.00799267	-8.35682e-05	-0.00491309	-0.00521128	-0.00528493	0.0155513	0.00966389	-0.00113328	-0.000257221	-0.000339185
-0.06966	-0.00456557	-0.00289586	0.11575	-0.00794065	-0.0537331	0.0304558	-0.00196427	-0.00449255	-0.000953775
-0.0995343	-0.00298501	0.00224198	0.08764	-0.0882896	-0.0345746	0.148681	-0.00296878	-0.00868208	-0.00152808
-0.110907	-0.0253401	0.0585695	0.133046	-0.153443	-0.0491448	0.193574	-0.0155582	-0.0271713	-0.00362393
-0.0210287	-0.0773781	0.161428	0.170395	-0.300086	-0.0610169	0.223655	-0.049659	-0.0342713	-0.0120339
-0.0625914	-0.114254	0.449889	0.0675427	-0.399245	-0.0861368	0.259812	-0.059085	-0.0259336	-0.0299923
-0.0363107	-0.191163	0.381485	0.179537	-0.382505	-0.0584298	0.316454	-0.109573	-0.0451677	-0.054319
0.0408527	-0.314618	0.464149	0.423068	-0.456613	-0.150813	0.354679	-0.167177	-0.110978	-0.082546
0.0242495	-0.141644	0.419523	0.507437	-0.669257	-0.0612477	0.274251	-0.125749	-0.116293	-0.111264
0.177477	-0.0625175	0.542096	0.277072	-0.790574	-0.0885737	0.313764	-0.120353	-0.0905686	-0.157819
0.16312	-0.129018	0.304687	0.537525	-0.564797	-0.0492026	0.258651	-0.122642	-0.205648	-0.192676
0.0870866	0.0499015	0.219067	0.425003	-0.54464	0.0782002	0.21966	-0.114951	-0.192742	-0.226585
0.0949817	0.1416	0.34418	0.30955	-0.475826	-0.0567811	0.0393638	-0.0874007	-0.121908	-0.187755
-0.0172471	-0.0662102	0.218595	0.264493	-0.317784	0.0808696	0.0181989	-0.0568112	-0.0069743	-0.117129
-0.1824	-0.214581	-0.115741	0.337136	-0.254264	0.232595	0.196414	-0.0477439	0.0800346	-0.0314499
-0.207792	-0.13371	-0.142363	0.293051	-0.0632169	0.207459	0.248027	-0.0267975	-0.127466	-0.0471875
-0.121923	-0.179452	-0.24727	0.345066	0.00932454	0.273204	0.0707999	-0.0261602	-0.0820299	-0.0415549
-0.143772	-0.163845	-0.175505	-0.0623604	0.0112412	0.278457	0.237912	-0.0146727	0.0558015	-0.0232514
-0.105207	-0.129168	-0.162694	-0.156957	0.0296141	0.130321	0.310905	-0.00383889	0.093551	-0.00652263
-0.0497075	-0.0910079	-0.137719	-0.090415	0.0268393	-0.0640614	0.314373	-0.00120932	0.0954642	-0.00255538
-0.0179097	-0.0756398	-0.0109722	-0.0274215	-0.0118044	-0.0280473	0.155839	-0.000466809	0.0170411	-0.000618501
-0.00223626	-0.0216648	0.0240286	-0.000377467	-0.00055857	0.0632908	-0.0669243	-5.78586e-06	0.00448745	-3.97134e-05
-0.00135775	-0.0277742	-0.000446333	-2.11324e-05	-0.000216265	0.011708	0.0210647	-1.66973e-07	-0.002954	-2.94004e-06
0.0	0.0	0.0	0.0	0.0	0.0	0.0	0.0	0.0	0.0
0.0	0.0	0.0	0.0	0.0	0.0	0.0	0.0	0.0	0.0
-2.55421e-08	-1.92884e-08	-2.13679e-05	3.40068e-05	-1.6345e-07	-1.12647e-05	-2.4937e-08	-1.41645e-08	-1.11215e-06	-1.48187e-08
-3.52363e-05	0.00377918	-0.00114574	0.00157692	-4.71571e-06	-0.00151424	-0.00211495	-6.28387e-08	-0.000538799	-2.34978e-06
-0.000393716	0.000499621	-0.00811428	0.0223242	-0.00138494	-0.0082021	-0.0041336	0.000668394	-0.00104301	-0.000220515
-0.0108527	0.00784433	-0.0521892	0.06855	0.018878	-0.0478298	0.0253487	-0.00301604	-0.00609822	-0.000634953
-0.104428	0.0556213	0.0208793	0.28018	0.0223182	-0.209677	0.0174997	-0.0342924	-0.0403598	-0.00773943
-0.113204	0.044766	0.189308	0.311215	-0.0675996	-0.236147	-0.00163858	-0.0418922	-0.0744339	-0.0103712
-0.0285523	-0.0244078	0.126057	0.338903	-0.0843247	-0.161675	0.0128512	-0.0793545	-0.0677931	-0.0317005
0.0195774	-0.030222	0.207763	0.460959	-0.266436	-0.354581	0.131347	-0.123794	0.0323865	-0.0769928
0.118579	-0.0606764	0.406432	0.367905	-0.355788	-0.279598	0.0191079	-0.223799	0.168702	-0.160858
0.106573	-0.0999943	0.320626	0.474237	-0.486017	-0.0359655	0.051774	-0.331573	0.198201	-0.197858
0.213195	-0.298685	0.385455	0.553032	-0.450936	0.156006	-0.0867754	-0.375697	0.191588	-0.28718
0.000854371	-0.142178	0.363737	0.42227	-0.326248	0.0643269	-0.100355	-0.325059	0.41123	-0.368577
0.0581064	0.227197	0.194044	0.464273	-0.134991	-0.2328	-0.0427526	-0.328061	0.125505	-0.330524
-0.0626245	0.195062	0.345908	0.313537	-0.336047	0.0118889	-0.0662994	-0.392006	0.417751	-0.427173
0.0865212	-0.0397995	0.183415	0.37318	-0.454733	0.393441	-0.129417	-0.36942	0.419681	-0.462867
-0.102106	0.0566372	0.164472	0.46345	-0.194132	0.0926244	0.0509039	-0.349952	0.321197	-0.503094
0.0705922	-0.0341946	0.105041	0.167219	-0.113106	0.154584	0.119463	-0.302611	0.16713	-0.334116
-0.0527767	-0.20502	0.0460084	0.335645	-0.115606	0.398328	-0.0177728	-0.242847	0.113115	-0.259076
-0.111764	0.140055	-0.134831	0.0925477	0.18686	0.167387	0.0134935	-0.156371	0.0850084	-0.282387
-0.0852376	0.0901771	-0.128847	0.00649678	0.302297	-0.224993	0.0916547	-0.114843	0.247983	-0.184688
-0.12025	0.00215101	-0.342782	-0.13196	0.297098	0.259728	0.190879	-0.0310273	0.0756178	-0.199452
-0.0950733	-0.0981444	-0.424746	-0.0877812	0.340866	0.134136	0.316742	-0.0475351	0.0710119	-0.10947
-0.172737	-0.142334	-0.357492	-0.272751	0.340849	0.376224	0.284757	-0.0223152	0.00311432	-0.037309
-0.198734	-0.284357	-0.177193	-0.0419327	0.218286	0.456387	-0.0882429	-0.00611639	0.132123	-0.010215
-0.0549715	-0.13922	-0.00782602	-0.00422178	0.00378335	0.172138	-0.0775851	-0.00135858	0.112208	-0.00294553
-0.00615161	-0.0179723	-0.00571914	-0.000112005	-0.0252699	0.0269915	-0.0104308	-0.000343403	0.0403956	-0.00138791
-0.000115556	-0.00997289	-0.00509391	-2.67676e-05	-0.0040271	-0.00430655	0.0188541	-2.16263e-05	0.00488329	-0.000172988
0.0	0.0	0.0	0.0	0.0	0.0	0.0	0.0	0.0	0.0
0.0	0.0	0.0	0.0	0.0	0.0	0.0	0.0	0.0	0.0
-0.000350197	0.000437641	0.000455775	0.00243767	-9.29156e-05	-0.00258146	5.50874e-05	-6.87044e-06	-0.000352077	-2.65246e-06
-0.00418253	0.00904945	-0.00638154	0.107678	0.0019014	-0.048505	-0.0415447	-0.00180624	-0.0119988	-0.00420982
-0.0308284	0.0217797	0.00752298	0.225591	0.0128956	-0.196108	0.0365464	-0.021276	-0.0431685	-0.0129534
-0.144388	0.148208	0.0260644	0.44075	0.0432571	-0.264751	-0.171233	0.11314	-0.14931	-0.0417323
-0.028897	0.0806877	0.0534313	0.442406	-0.0259534	-0.327954	-0.112034	0.14233	-0.127626	-0.0963869
-0.0231702	-0.131291	0.126402	0.310404	-0.0595618	-0.0981773	-0.131287	0.139129	0.00862401	-0.141071
0.0527105	-0.332016	0.227823	0.130146	-0.0711607	-0.156628	0.109833	0.207676	0.0112654	-0.179648
0.0723344	-0.366032	0.0620317	0.157112	-0.00927218	0.0861605	-9.25654e-05	0.123938	0.126596	-0.252777
0.272246	-0.240883	0.122386	0.140193	-0.191784	0.201346	0.0869382	-0.129569	-0.143171	-0.117704
0.164645	-0.341791	0.218943	0.172466	-0.0991876	0.104946	-0.465189	-0.209964	0.254022	0.201108
-0.0279887	-0.250391	0.151804	0.0921301	-0.0117462	0.0271152	-0.284635	-0.0672351	0.253327	0.117621
0.189051	-0.0325784	0.116215	0.0990432	-0.290093	-0.00873776	-0.349212	-0.0882854	0.137935	0.22666
0.212507	-0.00344271	0.0977068	0.0343818	-0.0236884	-0.104849	-0.00993273	-0.29815	0.24477	-0.149303
0.150862	0.200137	0.151833	0.197309	-0.0305099	-0.133041	-0.261037	-0.397973	0.116033	0.00638639
0.107506	-0.155091	0.307987	0.381358	0.0553218	0.0888335	-0.219249	-0.314225	0.164091	-0.416531
0.333083	-0.230821	0.141639	-0.0715483	-0.107237	0.188351	-0.0278854	-0.382938	0.43229	-0.27493
0.360787	0.0124643	0.124379	-0.00852642	0.0906006	0.152162	0.118721	-0.415473	-0.194002	-0.241113
0.0508287	0.0375213	0.0130191	0.142414	0.179422	-0.00211678	0.193974	-0.556211	0.147477	-0.20633
-0.120012	0.136256	0.0710027	-0.000672963	0.0590116	0.306741	0.0697552	-0.545112	0.238155	-0.215123
0.000466213	0.322574	0.0639249	-0.140671	0.0555203	0.124522	0.101606	-0.322544	0.0680484	-0.273449
0.00911263	0.290087	-0.123996	-0.0833405	0.241289	0.306632	-0.0026908	-0.223955	-0.0558482	-0.357287
-0.251881	0.124064	-0.295078	-0.249591	0.46724	0.397182	0.314906	-0.115119	-0.164836	-0.226883
-0.306516	-0.017627	-0.27004	-0.0887671	0.115852	0.498007	0.109187	-0.0332376	0.0858816	-0.0927375
-0.126923	-0.179535	-0.0606843	-0.0234644	-0.0666742	0.33531	-0.0695562	-0.0105386	0.232786	-0.0307169
-0.0371515	-0.0380982	-0.0206771	-0.00205982	-0.0356938	0.0776169	0.0413125	-0.004466	0.0234131	-0.00419601
-0.0135238	-0.0129733	-0.00748036	-0.000105928	-0.000409379	0.00908938	0.028201	-0.000161004	-0.00260044	-3.6234e-05
0.0	0.0	0.0	0.0	0.0	0.0	0.0	0.0	0.0	0.0
-5.02626e-06	-1.59652e-06	-5.93653e-05	0.000690695	-1.76087e-06	-5.5633e-05	-2.70555e-07	-1.31419e-05	-6.39419e-05	-0.000489959
-0.00155979	-0.0240537	-0.00944282	0.00811285	-0.00287965	0.00320837	-0.00151866	0.0364509	-0.00434478	-0.00397274
-0.00357359	0.00350182	0.00577831	0.148136	-0.0409719	-0.154827	-0.0437441	0.15715	-0.0415588	-0.0298901
-0.0479893	0.0176289	0.115332	0.183175	0.0210408	-0.230498	0.0355819	0.106795	-0.10485	-0.0962133
-0.0294704	-0.0220576	0.0982148	0.236272	0.184354	-0.164478	-0.120977	0.224474	-0.126833	-0.279493
0.0159134	-0.0949284	0.186224	0.284739	0.112572	-0.0973825	-0.277639	0.343123	-0.179362	-0.293255
0.0352625	-0.249895	0.140576	0.0744949	0.066796	0.0400273	-0.0516458	0.31902	-0.0529071	-0.321728
-0.019669	-0.373618	0.0660286	0.202112	-0.0446506	-0.0266217	-0.0347183	0.36748	0.0423896	-0.178733
-0.255464	-0.46891	0.267824	0.332995	0.0917727	-0.0974458	-0.164428	0.196892	0.0693436	0.0274219
0.0121511	-0.191783	0.255128	0.375113	-0.1502	-0.0521895	-0.357269	0.283917	-0.131267	-0.0435983
-0.0310484	-0.0479956	-0.0456345	0.170675	-0.280832	-0.0649137	-0.310454	0.41749	-0.0100759	0.202786
-0.220052	-0.233686	0.0664521	0.00759603	-0.166115	0.0199638	-0.195633	0.277678	0.323277	0.12052
0.273649	-0.299724	0.0218199	0.386351	-0.342027	-0.0341652	-0.435245	-0.024991	0.052106	0.402227
0.20077	-0.240783	-0.0362833	0.137549	-0.412356	0.211348	-0.299497	-0.00580075	0.0503743	0.39468
-0.0399814	-0.286631	0.0672733	0.1362	-0.487295	-0.0344402	-0.124732	0.0879193	0.399007	0.282681
0.0766029	-0.231228	0.163237	0.248054	-0.407561	-0.122355	-0.268309	0.041629	0.0945514	0.405377
0.176176	-0.387005	-0.0202199	-0.00192935	-0.223248	0.00363362	-0.208672	0.12298	0.194802	0.343483
0.348746	-0.0856564	-0.0567451	0.332987	-0.427567	0.0969012	-0.401557	0.0483684	-0.210415	0.354937
0.0591337	-0.230511	-0.122642	-0.153915	-0.0744877	0.302935	-0.194561	-0.0519519	0.405796	0.0602045
0.0968495	0.0363635	-0.184903	0.0859196	-0.209338	0.191723	-0.0796692	-0.0927684	0.0636614	0.0921629
0.33546	0.074071	-0.101803	0.0752987	-0.112268	-0.0569774	-0.0872118	-0.0137841	-0.041738	-0.0710468
0.406084	0.0992715	-0.184638	-0.0998517	0.205704	0.197055	-0.0667874	-0.157534	-0.10701	-0.292292
-0.0105762	0.111964	-0.472263	-0.15658	0.491355	0.278719	0.0822278	-0.236275	0.217928	-0.306502
-0.436832	0.00514489	-0.285355	-0.060603	0.121606	0.79933	0.0712549	-0.100608	0.091658	-0.205593
-0.308718	-0.132435	-0.0712649	-0.0515882	-0.0345455	0.47075	-0.0346382	-0.0451488	0.274369	-0.0667775
-0.142241	-0.0187534	-0.0119349	-0.00548089	0.0594882	0.167043	-0.0487466	-0.0133331	0.0384785	-0.0245193
-0.0373538	-0.000319249	-0.000551838	-0.000395691	-0.00192961	0.0519118	-0.00296204	-0.000722204	-0.00692623	-0.000751113
0.0	0.0	0.0	0.0	0.0	0.0	0.0	0.0	0.0	0.0
-0.000334127	-0.00223705	-0.00199605	0.0193772	-0.00108671	-0.00204074	-8.46052e-05	0.00669584	-0.00478758	-0.0135062
-0.000674594	-0.0375125	0.0280058	-0.0229934	-0.00435337	-0.0203081	-0.00653941	0.0883999	-0.00790733	-0.0161169
-0.00565479	-0.0173456	0.0576967	0.0663724	-0.0175715	-0.169233	-0.0529571	0.27866	-0.0453259	-0.0946397
-0.086878	-0.00185109	0.309003	0.336361	0.0948435	-0.50011	0.0299063	0.134146	-0.0552888	-0.260125
-0.0193896	-0.150054	0.211833	0.470283	0.303037	-0.297439	-0.0805017	0.066986	-0.0336322	-0.471116
0.0674523	-0.247512	0.362788	0.203006	0.123157	-0.0426061	-0.337224	0.28013	-0.0834355	-0.325753
-0.0110639	-0.27788	-0.0632107	0.0838496	0.141823	0.155175	0.0177554	0.277905	0.0119176	-0.33627
-0.195535	-0.524877	0.20094	0.105689	-0.0118579	0.245463	-0.0642873	0.126992	0.176869	-0.0593934
0.0590353	-0.317649	0.00435505	0.0729444	0.0311432	0.0631571	-0.152858	0.248185	-0.0572185	0.0489064
0.0569602	-0.0858421	-0.127213	-0.0256545	-0.220336	0.269747	-0.252582	0.340879	0.0964326	-0.0523904
0.101213	-0.240826	0.0839121	-0.00506545	-0.11498	0.160948	-0.0885788	0.241137	-0.193186	0.0554268
-0.0301636	-0.0326137	-0.0734906	0.189637	-0.443202	0.0665456	-0.170419	0.228156	-0.137485	0.403038
0.14168	-0.257868	0.315381	-0.0235379	-0.282404	-0.212377	-0.343087	0.156285	-0.0145545	0.520487
0.0451208	-0.137586	0.0844797	0.302896	-0.404909	0.232926	-0.108297	-0.102895	-0.349988	0.438255
-0.0794755	-0.442566	-0.0864953	0.271227	-0.329641	-0.229033	-0.138252	0.142738	0.357316	0.534184
-0.0405477	-0.218348	0.0582953	0.00851925	-0.39064	0.122201	-0.373556	0.216132	0.0758399	0.542104
0.290471	-0.229966	-0.275394	0.185609	-0.0965924	0.072523	-0.248188	0.268671	-0.226862	0.259731
0.318022	-0.312624	-0.0404093	-0.147442	-0.300163	0.0961551	-0.323514	0.378035	0.158055	0.173885
0.184027	-0.0969925	-0.110052	0.110698	-0.0578217	0.0700465	-0.305387	0.190549	-0.0855768	0.100509
-0.0142076	0.0543942	-0.226294	0.0381372	-0.0845782	0.0901233	-0.305117	0.340036	-0.0525447	0.160049
-0.00130055	-0.0703012	-0.0205079	-0.252559	-0.0806184	0.215602	-0.191566	0.193073	0.174477	0.0337
0.0879296	-0.0796076	0.164357	-0.255699	0.153387	0.255511	-0.30009	0.140351	0.00507209	-0.171212
0.22701	-0.123181	-0.574687	-0.263999	0.393084	0.38289	-0.176062	0.0156178	0.343793	-0.224467
-0.157464	-0.358375	-0.436802	-0.193868	0.17737	0.744731	0.0881811	-0.0598719	0.431587	-0.235482
-0.351802	-0.215041	-0.0909662	-0.0665071	0.0146328	0.831053	-0.107388	-0.06879	0.159542	-0.10473
-0.166105	-0.00837419	-0.0171356	-0.00454905	0.0871939	0.161237	-0.0459287	-0.0129562	0.0495982	-0.0429791
-0.0114819	-0.00410483	-0.00134137	-0.000330929	-0.00259636	0.0246242	-0.010768	-0.0004993	0.00761491	-0.0011165
0.0164993	-2.83976e-07	-0.000260232	-8.0595e-07	-0.000600166	-5.69919e-06	-7.6864e-06	-0.0102471	-2.35732e-05	-0.00535377
-0.000365216	-0.00187278	0.00150321	-0.00796597	-0.014265	-0.00156165	-0.000257383	0.0690203	-0.0049374	-0.0392981
0.00258577	-0.0231167	0.0109237	-0.0216655	0.0155581	-0.022789	-0.00611832	0.132167	-0.0118289	-0.0757162
0.0115568	-0.00431065	0.0357493	0.0888346	-0.0029222	-0.17705	-0.0462387	0.371174	-0.0102941	-0.266496
-0.119186	-0.0316306	0.355644	0.384506	0.0464269	-0.656853	0.0320831	0.312297	0.0271564	-0.350429
-0.0616676	-0.0956858	0.115558	0.203398	0.227858	-0.332704	-0.13953	0.266667	0.128636	-0.312523
-0.0392797	-0.235331	0.0372008	0.038093	0.0518559	-0.0582709	-0.273333	0.266453	0.251396	-0.0387821
-0.0627915	-0.186806	0.0106272	0.0564687	0.0828503	-0.193988	-0.163427	0.568488	0.227667	-0.339092
0.0202212	-0.453728	0.0869374	-0.0806069	-0.155321	0.140962	-0.17379	0.325479	9.25738e-05	0.289754
0.277331	-0.479139	-0.0705485	-0.120463	0.133045	0.104194	-0.132939	0.17165	0.197299	-0.0804286
0.0100739	-0.220485	0.282621	0.0662559	-0.174998	0.127357	-0.221707	0.0378868	0.160207	-0.067211
-0.0478593	-0.290546	0.0849069	0.0480469	0.0290244	0.115222	-0.169264	0.33778	0.0202511	-0.127561
0.204054	-0.0538849	-0.0929591	0.118141	-0.20976	-0.0444846	-0.201057	0.396633	0.249352	-0.366031
-0.0267449	0.00245905	-0.0716252	0.0757328	-0.290932	-0.0571072	-0.221776	0.0170645	0.356229	0.216701
0.224595	-0.044045	0.0281704	0.173277	-0.410065	-0.0549051	-0.45711	0.264821	-0.170082	0.445346
0.262084	0.00592624	-0.0214961	0.159551	-0.246437	-0.191683	-0.527482	0.366339	-0.0478585	0.241058
0.569269	-0.312039	-0.115581	0.0738304	-0.471014	-0.0179553	-0.451626	0.287037	0.220297	0.217784
0.267016	0.131199	-0.0199667	0.0576852	-0.225688	0.00508311	-0.337735	0.193217	-0.0756475	0.0048396
0.0964889	-0.221875	-0.212401	0.309046	-0.0140808	-0.0623869	-0.609519	0.467029	0.101107	0.146591
0.0309567	-0.111855	0.218795	0.0998856	-0.136537	0.128985	-0.518018	0.13158	0.17327	-0.0170627
0.222776	-0.263699	0.0357599	0.103536	-0.096152	0.291249	-0.372947	0.244941	0.0668572	-0.232322
0.0670576	-0.265	-0.137501	0.0354953	-0.0412674	0.182866	-0.252462	-0.0365549	0.195916	0.25145
0.192601	-0.256493	-0.0504784	0.304448	-0.187832	0.0677334	-0.447921	0.260685	0.124786	-0.00753274
0.460208	-0.480271	-0.042001	-0.541263	0.14621	0.689832	-0.492167	0.137468	0.323747	-0.20176
0.103999	-0.526142	-0.482421	-0.427761	0.118611	1.15877	-0.318086	-0.122921	0.667346	-0.171388
-0.363844	-0.23831	-0.168967	-0.092317	0.122157	0.919792	-0.230195	-0.121019	0.295628	-0.12292
-0.140423	-0.0181094	-0.0245854	-0.00640476	-0.053925	0.25722	-0.12813	-0.0188791	0.174052	-0.0408157
-0.00833235	-0.00307195	-0.00273414	-0.000102083	-0.00232077	0.00840008	-0.0125214	-0.00455197	0.0270706	-0.00183599
-4.14501e-06	-3.2361e-05	-1.18896e-05	-0.000169027	-0.000727788	-8.16445e-05	-3.26867e-06	0.00266311	-2.5912e-05	-0.00160708
-0.000486087	-8.91438e-05	-0.0011487	-0.00675283	-0.0140821	-0.00159414	-0.000136315	0.0796807	-0.00352267	-0.0518686
0.00828647	-0.015049	-0.0296203	0.0444311	0.00683111	-0.0103121	-0.0107913	0.144511	-0.0296847	-0.108601
0.0390438	-0.00989431	0.0630733	0.202289	-0.142058	-0.195635	-0.0569422	0.408349	-0.0403308	-0.267889
-0.064571	-0.0959251	0.237233	0.570945	-0.233163	-0.51902	0.0580618	0.413838	0.0351941	-0.402583
-0.0391964	-0.263277	0.421834	0.164645	-0.050892	-0.315197	-0.246215	0.266434	0.111368	-0.0495
-0.103045	-0.262433	-0.0836233	0.118186	-0.106061	-0.0850089	-0.243161	0.261036	0.264008	0.240103
-0.128408	-0.137871	-0.105466	0.218758	-0.0859949	-0.0296688	-0.0289594	0.206724	0.121985	-0.0311004
-0.095677	-0.246909	-0.0720346	0.147222	-0.0524713	0.111573	-0.165099	0.16443	0.145974	0.0629925
0.0925156	-0.404913	0.121486	0.0624841	-0.0110914	-0.0491348	-0.222441	0.245569	0.213696	-0.0481682
0.190844	-0.193741	0.251437	-0.112005	-0.2623	0.196145	-0.349681	-0.0426273	0.0842195	0.23771
-0.0668422	-0.0992963	-0.0486981	-0.327969	-0.0420596	0.351893	-0.12878	0.169125	0.100278	0.0923505
0.0177138	-0.130477	0.0220829	-0.221124	-0.116309	0.225248	-0.229295	0.490733	-0.116965	0.0583946
0.337762	0.0401725	0.0271555	-0.16908	-0.104729	-0.060725	-0.481662	0.250898	0.0764174	0.0837921
-0.0144912	0.158926	0.127901	0.270886	-0.640679	-0.206286	-0.252659	0.604931	-0.233117	0.184591
-0.267832	0.53426	0.213699	0.472094	-0.350446	-0.448219	-0.444472	0.399654	-0.47446	0.365728
0.168838	0.173562	0.241666	0.307897	-0.026472	-0.437904	-0.582964	0.290452	-0.090046	-0.0450292
0.325493	0.000690004	-0.0859503	0.110416	-0.126621	-0.179473	-0.725541	0.590118	0.0757189	0.0151521
0.238398	-0.12426	0.0669945	-0.00471852	0.109322	-0.0409081	-0.606026	0.295332	-0.0810744	0.146944
0.330153	-0.254865	-0.0179384	0.193246	-0.107907	-0.0744633	-0.572321	0.35239	0.0539016	0.0978076
0.281625	-0.387655	-0.050999	0.282138	0.0637164	-0.000199905	-0.364108	0.0103453	0.0900032	0.0751357
-0.151595	-0.300494	-0.167967	0.124111	0.0567643	0.379251	-0.163897	0.29978	0.15374	-0.229692
-0.112172	-0.39608	0.0499845	0.394313	-0.0175918	0.259157	-0.508395	0.235553	0.121956	-0.0267277
0.51999	-0.499074	-0.0946929	-0.238641	0.0504767	0.601802	-0.392746	-0.0198493	0.36297	-0.290233
0.369425	-0.34284	-0.479238	-0.426255	-0.239974	1.39589	-0.375641	-0.0736799	0.417696	-0.245371
-0.33099	-0.172159	-0.128277	-0.0629131	-0.200484	1.17368	-0.376763	-0.0404406	0.297247	-0.158897
-0.126336	-0.0219554	-0.00602507	-0.0133211	-0.0815505	0.267558	-0.165673	0.0146647	0.195328	-0.0626889
-0.00152186	-0.00298858	-0.00140731	-0.00050095	-0.00780847	0.0158755	-0.00765725	0.0576401	-0.0474982	-0.00413296
-6.04424e-06	-3.76936e-05	-2.44377e-05	-0.000283223	-0.000848955	-0.000102759	-3.85422e-06	0.00355403	-3.56375e-05	-0.00221142
-0.000510949	-4.09414e-05	-0.000417003	-0.00443123	-0.0133359	-0.00144234	-4.90154e-05	0.0749386	-0.00188215	-0.0528291
0.041222	-0.0077238	-0.0252738	0.0177012	-0.0342701	-0.0126589	-0.0374731	0.222299	-0.0216907	-0.142131
0.019294	-0.0604612	0.10225	0.331756	-0.135616	-0.1748	-0.0738666	0.322078	-0.112937	-0.217692
-0.030295	-0.123444	-0.0609094	0.322549	-0.200778	-0.206053	-0.0499814	0.389807	0.207149	-0.24804
0.0606242	-0.277263	0.413559	-0.00799829	-0.220253	-0.171889	-0.216678	0.255073	0.0571169	0.107714
-0.067761	-0.42382	0.444354	0.0268138	-0.229695	-0.0960647	-0.157147	0.148588	0.130343	0.224387
-0.127901	-0.289596	0.00372584	-0.00500964	-0.111742	0.193019	0.0407078	0.10558	0.215404	-0.0241879
-0.0611285	-0.200867	0.0193424	-0.242864	-0.0591078	0.35184	0.0301911	-0.127356	0.138848	0.151102
0.106455	-0.297717	-0.173289	-0.532246	0.155602	0.420852	-0.235181	0.163421	0.246803	0.1453
-0.0917386	-0.00645358	0.0332977	-0.450176	0.00151379	0.225469	-0.126126	-0.0310169	0.268042	0.177188
0.126493	0.153555	0.0668356	-0.468354	-0.00104355	0.180063	-0.156718	-0.216359	0.234173	0.081359
-0.0416262	-0.0467262	0.0315714	-0.537062	0.305115	0.364012	-0.329676	-0.263517	0.335905	0.182007
0.164439	0.354584	-0.196676	0.102663	-0.290648	0.121641	-0.136962	0.216343	-0.00121049	-0.334172
0.0687599	0.554973	0.0411074	0.191604	-0.948229	0.0643903	-0.326499	0.419073	-0.0273073	-0.0378663
-0.184268	0.839562	-0.169294	0.092846	-0.0506424	-0.0981803	-0.511589	0.502237	-0.318203	-0.102467
0.0693472	0.252162	0.00980738	0.216078	-0.214461	-0.207547	-0.460321	0.705194	-0.373663	0.00340373
0.387419	0.112581	0.231043	0.174042	0.0512124	-0.459089	-0.449082	0.265694	-0.237144	-0.0766771
0.282601	-0.21606	0.110291	0.163891	-0.00460205	-0.530594	-0.459245	0.352551	0.246449	0.0547213
0.00462385	-0.173869	-0.0477727	0.212971	0.150472	-0.451348	-0.494244	0.452246	0.335925	0.0109939
0.20799	-0.414518	-0.104683	0.329075	-0.141677	-0.228492	-0.254689	0.448604	0.159914	-0.00152285
0.146632	-0.301068	-0.13569	0.0831601	-0.0193895	-0.0365994	-0.246129	0.42021	0.181141	-0.0922687
0.231482	-0.381392	-0.0884261	0.196115	-0.0709474	-0.00177145	-0.391711	0.275757	0.255278	-0.0243831
0.512953	-0.386163	-0.154453	-0.0580989	-0.480816	0.714685	-0.110949	-0.218033	0.326376	-0.145495
0.380974	-0.307046	-0.393897	-0.300165	-0.360752	1.73309	-0.255716	-0.151612	0.000585147	-0.345451
-0.337227	-0.116151	-0.0694331	-0.0263888	-0.253976	1.52054	-0.477276	-0.0212357	-0.105334	-0.113515
-0.154095	-0.0316732	0.0297785	-0.00741808	-0.105724	0.42699	-0.165966	0.00983119	0.0574419	-0.0591632
-0.000627848	0.00130337	-0.000778342	-0.000166313	-0.00224879	0.00549256	-0.0227071	0.0144322	0.0131543	-0.00785396
-2.9591e-05	-6.70097e-06	-2.38891e-05	-0.000176941	-0.00012157	-9.00586e-05	-4.30562e-06	0.00141612	-4.06393e-05	-0.000922421
0.0094235	0.000498775	-0.00073874	-0.00306761	-0.0299359	-0.0113205	-0.000216073	0.10574	-0.00226308	-0.0681203
-0.00428461	-0.000157062	-0.0121851	0.0185092	-0.134152	-0.0232447	-0.0013728	0.411837	-0.0130595	-0.24189
0.00281291	-0.0411902	-0.0440997	0.327432	-0.100113	-0.229825	-0.075885	0.402548	-0.0149531	-0.226721
-0.184655	-0.0757193	-0.161086	0.298797	-0.273426	-0.105002	-0.0265488	0.454588	0.0849494	-0.0118914
-0.132878	-0.147336	0.0251999	-0.129881	-0.120181	-0.0687284	-0.0063761	0.120746	0.247395	0.212043
0.0175494	-0.381039	-0.00710149	-0.260606	0.0871253	0.26367	-0.054014	-0.00875036	0.153796	0.189372
0.0222727	-0.345566	-0.226385	-0.520487	0.0146942	0.146908	0.200663	0.102473	0.500323	0.105106
-0.0099884	-0.279107	-0.396916	-0.415947	0.146783	0.166101	0.039782	-0.190904	0.308746	0.631453
-0.222566	-0.300157	-0.448106	-0.50277	0.396045	0.171983	0.158977	0.209121	0.365709	0.171758
-0.043131	-0.129664	-0.861668	-0.387907	0.5203	0.116655	-0.0048509	0.331786	0.210244	0.248236
-0.0506213	-0.0915397	-0.688299	-0.186093	0.11155	0.114903	-0.113834	0.313501	0.208355	0.382074
-0.331299	-0.116763	-0.805595	0.0131308	0.615026	0.197918	0.137635	-0.0508813	0.149602	0.191228
-0.0590474	0.384698	-0.940385	0.3372	-0.825881	0.569488	0.203766	0.119216	0.179696	0.0312517
-0.435074	0.729295	-0.577429	0.109885	-0.883463	0.081295	-0.250113	0.508874	0.684691	0.0320391
-0.694499	0.752458	-0.500869	0.221357	0.385677	-0.193171	-0.647886	0.405866	0.0135565	0.257508
-0.60281	0.192641	-0.207798	-0.0198498	0.47275	-0.216817	-0.196021	0.395791	-0.133759	0.315876
-0.0205543	-0.12392	-0.374949	0.351716	0.183901	-0.191164	-0.372711	0.329746	-0.20412	0.422058
-0.243308	-0.0273905	-0.0697861	0.135829	-0.00161813	-0.0665227	-0.294737	0.490477	-0.235619	0.312677
0.026777	-0.190938	0.292128	0.0998536	-0.0168131	-0.374609	-0.200469	0.208817	-0.0142143	0.16947
0.19332	-0.190974	-0.130279	0.37707	-0.204903	-0.66006	-0.148097	0.31201	-0.108289	0.560204
0.385502	-0.229113	0.00134466	-0.0809857	-0.232167	-0.471321	-0.0555145	0.30451	0.0176581	0.360086
0.246367	-0.222411	-0.0667698	-0.0167691	-0.252762	-0.526196	-0.0970446	0.297523	0.316365	0.321697
0.300253	-0.195132	-0.129408	-0.212872	-0.484548	0.192451	0.331325	-0.219121	0.490526	-0.0734743
0.395107	-0.185209	-0.15652	-0.23299	-0.468405	0.768987	-0.0309414	-0.184695	0.363099	-0.268423
-0.224783	-0.106994	0.0686704	0.0074382	-0.208351	1.04414	-0.464588	-0.0811084	0.0926676	-0.127091
-0.106896	-0.0336332	0.0371374	-0.00338624	-0.0388239	0.28101	-0.271	-0.0131068	0.18664	-0.0379402
-0.000435482	0.00612734	-0.00186353	-8.45283e-05	-0.00157501	0.00452037	-0.014089	0.00368824	0.00653154	-0.00281996
-1.49622e-06	-3.32399e-08	-1.18148e-05	-6.96031e-05	-1.76474e-06	-1.42234e-05	-1.7259e-08	0.00175088	-2.06983e-05	-0.00163123
2.48594e-05	-0.000241152	-5.47789e-05	-0.00310214	-0.0422987	-0.015848	-0.000296919	0.104371	-0.00123449	-0.0413198
-0.00479656	-0.00344086	-0.00194633	-0.0086818	-0.157053	-0.0215905	-0.00134564	0.422594	-0.00929284	-0.214447
-0.0277878	-0.00391552	-0.159102	0.0704023	-0.209077	-0.0938346	-0.0649833	0.576175	0.0904662	-0.178341
-0.132992	0.0037605	-0.249503	-0.00685512	-0.394896	0.0121465	-0.064515	0.507395	0.0116986	0.313766
-0.0136499	-0.0687804	-0.54288	-0.225563	-0.0645414	0.00722621	-0.0264847	0.263612	0.310555	0.360508
0.245054	-0.129301	-0.920789	-0.309858	0.193677	0.334556	0.178885	-0.0158729	0.0563315	0.367317
0.00577291	-0.179862	-1.07379	-0.284344	0.347508	0.0768124	0.270661	0.386474	0.257241	0.193528
-0.0886223	-0.205786	-0.530234	-0.361641	0.441032	-0.0191846	0.187857	0.493564	-0.0859157	0.168928
-0.0619822	-0.111172	-0.547915	-0.133736	0.201468	-0.0764546	0.243415	-0.0602386	0.0905831	0.456032
0.0303692	-0.334757	-0.658943	0.203958	0.540143	0.320376	-0.0460486	-0.159057	-0.202164	0.306126
0.0254596	-0.489787	-0.603128	-0.164021	0.53681	0.162659	0.312112	0.0881542	-0.0949552	0.226694
0.150902	0.0813941	-0.569997	0.0102413	0.997249	0.137999	0.165298	-0.708581	0.0657	-0.330206
0.0509429	0.208994	-0.388669	0.0284075	-0.0263408	0.29383	0.220043	-0.939679	0.501182	0.05129
-0.590606	0.980878	-0.512961	0.556899	-0.589934	-0.119111	-0.277174	0.0180574	0.253357	0.280589
-0.870644	0.463294	-0.538975	0.231487	0.181709	0.0358347	-0.367882	0.415369	0.0993815	0.350433
-0.66648	0.125584	-0.235462	0.166038	0.367419	-0.349509	-0.0936455	0.462098	-0.028583	0.252544
-0.0268334	0.130099	-0.323657	-0.038025	0.0209531	-0.465055	-0.125622	0.450577	0.100076	0.277492
-0.0320208	-0.00938781	-0.278401	0.151561	-0.0197309	-0.337317	-0.201791	0.38142	-0.0686097	0.414282
0.101636	-0.19843	0.261686	-0.0546536	0.153732	-0.373425	-0.367683	-0.133116	0.236947	0.373307
0.0861749	-0.14307	-0.0744852	0.0236055	0.149609	-0.441353	-0.175531	-0.0032337	0.211229	0.367054
0.112828	-0.085389	0.00805094	-0.608151	0.317972	-0.855595	0.0802822	0.13865	0.442809	0.448537
0.303773	-0.0854202	-0.0639017	-0.48845	0.141809	-1.20908	0.367529	0.112149	0.43338	0.48821
0.43629	-0.0542736	-0.362548	-0.293584	-0.197904	-1.14617	0.766719	-0.230328	0.730589	0.351222
0.640538	-0.0639214	0.163655	-0.130279	-0.126903	-1.05268	0.341072	-0.179609	0.71489	-0.306756
-0.0246742	-0.0450801	0.323623	0.0199857	-0.0635307	0.0334425	-0.267967	0.0193871	0.158666	-0.153851
-0.0649943	-0.0332256	0.212878	-0.000490475	-0.0260465	0.181894	-0.289821	0.0424922	0.0286098	-0.051295
-0.000375129	0.00449122	0.0234312	-0.00011617	-0.0110195	-0.00456032	-0.0159318	0.0198292	-0.013961	-0.00178764
-6.4679e-09	5.84934e-05	-7.10136e-06	-1.98683e-05	-1.8871e-07	-1.90118e-06	-1.43522e-06	-1.09641e-05	-5.90006e-06	-1.11281e-05
0.000703917	-4.21893e-05	-3.81243e-05	-0.00162088	-0.0314379	-0.00261117	-0.000328158	0.0595242	-0.000251702	-0.023898
-0.00219536	-0.00111669	-0.000851173	-0.00564244	-0.103103	-0.00567611	-0.000544855	0.262927	-0.00236449	-0.141433
-0.00902969	0.0120636	-0.201237	0.0267461	-0.169063	0.000619593	-0.0565589	0.465252	0.055268	-0.12406
0.0319699	0.0369862	-0.595417	-0.219668	-0.168782	0.101967	-0.10497	0.286502	-0.0669849	0.698406
-0.0126585	-0.0506661	-0.876423	-0.245575	0.24076	0.217586	0.104031	0.100899	0.0900788	0.431966
0.303288	-0.101841	-1.10218	-0.270135	0.486099	-0.103341	0.483403	0.162781	0.0131067	0.128817
0.300601	-0.165099	-0.826834	-0.318323	0.326506	0.164335	0.0662899	0.140909	0.0204844	0.291131
0.0885026	0.0106087	-0.343838	-0.194133	0.371746	-0.0245173	0.00895388	-0.0414142	-0.116922	0.241014
0.10198	-0.0818145	-0.261689	-0.129278	0.393751	0.0787341	0.0729423	-0.187538	0.0460163	-0.0331044
0.192391	-0.687666	-0.172474	-0.190931	0.473107	0.208154	0.247777	0.0264647	-0.221607	0.124785
0.0563182	-0.726176	0.111264	-0.212768	0.579243	0.316832	-0.0336988	-0.213039	0.110484	0.0115388
0.102877	0.0373124	-0.106992	0.102246	0.437094	0.501733	0.111582	-1.11337	0.239768	-0.312252
-0.472895	0.281505	0.178994	0.385456	-0.307464	0.276509	0.12142	-1.09523	0.547726	0.0839754
-0.691053	0.611778	0.0591605	0.256907	-0.0651069	-0.104932	-0.22225	-0.0451129	-0.0657091	0.266321
-0.884946	0.390239	-0.287661	-0.231494	0.435847	-0.249253	0.0572859	0.022883	0.43412	0.312985
-0.623818	0.132147	-0.280934	0.103082	0.202983	-0.454753	0.0682001	0.206422	0.146114	0.500556
-0.183654	0.388527	-0.0796987	0.0315187	0.163723	-0.201424	-0.302487	0.062619	-0.149801	0.270682
-0.0337017	-0.214704	-0.241587	0.221258	0.216906	-0.142074	-0.180322	0.0774595	0.0497231	0.247042
-0.0608581	-0.311179	-0.236034	0.0262515	0.083738	0.015429	0.1241	-0.175462	0.0655338	0.468481
-0.341792	-0.187916	-0.231676	-0.514508	0.348291	0.00271057	-0.0870033	0.312832	0.303945	0.395116
-0.096303	-0.130452	0.0492398	-0.540997	0.396164	-0.281667	0.262786	0.144429	-0.167329	0.364129
0.231756	-0.140671	-0.0231013	-0.662733	0.348327	-0.357539	0.421619	-0.0926548	0.0346981	0.240302
0.444419	-0.130884	-0.0817506	-0.300703	-0.0380639	-0.76672	0.87096	-0.0738509	0.311013	-0.234419
0.484603	-0.120758	0.573777	-0.0877421	-0.256247	-0.861118	0.429095	0.0462355	0.258172	-0.466006
0.117002	-0.0776681	0.6698	0.00126532	0.0222908	-0.246857	-0.334625	0.0448382	0.0472546	-0.243299
-0.0192979	-0.0401111	0.486566	-0.00152744	-0.0155354	-0.0148446	-0.284123	0.00166399	-0.0356909	-0.0771001
-0.00293855	-0.000694893	0.150444	-0.00398957	-0.0372083	-0.0403384	-0.0491673	-0.0108079	-0.00291988	-0.00237926
-4.14364e-05	-1.24914e-06	-2.63012e-05	-0.00214798	-0.000129706	0.00953278	-0.000134689	-6.60676e-05	-0.000278498	-0.00670685
-5.63447e-05	-1.29047e-05	-0.0145122	0.0153989	-0.0171149	-0.00120231	-1.40017e-05	0.0313783	-0.000874983	-0.0129896
-0.000738224	0.00142031	-0.0097766	0.0080814	-0.0426518	-0.00191891	-5.65999e-05	0.142191	-0.00129271	-0.0952577
-0.0854212	0.0231848	-0.169862	0.0353572	-0.0131708	0.0294247	-0.0272725	0.231947	-0.00903433	-0.0151516
-0.0298447	0.0384413	-0.391871	-0.116342	0.392066	0.0723661	-0.292528	0.129432	-0.163573	0.361861
0.264414	-0.0688109	-0.661072	-0.348599	0.55303	-0.0348841	0.0567763	0.145041	0.0137616	0.0803452
0.160022	-0.127204	-0.244444	-0.433048	0.327008	-0.0952289	0.293759	-0.099378	-0.0731902	0.291705
0.491234	-0.185702	0.111471	-0.362295	0.391604	-0.0471444	-0.00601503	-0.054643	-0.496159	0.157649
0.228223	-0.00479458	-0.105737	-0.169976	0.338376	0.090257	0.129613	-0.14554	-0.350949	-0.00947365
0.291103	-0.250416	-0.115663	-0.10667	0.269662	0.144533	0.331468	-0.307282	-0.304222	0.0474827
-0.0388295	-0.730804	0.0823632	-0.158264	0.272855	0.356318	0.313605	-0.120791	-0.0242274	0.0477776
0.148326	-0.6691	0.110719	-0.26988	0.363319	0.0224895	0.499191	-0.51416	0.292163	0.0169354
0.241133	0.104952	-0.100655	0.173578	0.339635	0.0737296	0.183355	-1.05447	0.201352	-0.162606
-0.24847	0.290504	0.264824	-0.0528957	-0.253489	0.0176935	-0.058663	-0.593558	0.521503	0.11255
-0.76083	0.575995	0.0943235	0.131572	0.0573817	-0.0498831	-0.180733	-0.165966	0.245202	0.0529419
-0.723088	0.426891	-0.197119	0.0080663	0.182825	-0.0796836	0.0680457	-0.109482	0.200496	0.223053
-0.802111	0.244993	-0.0663804	-0.0441994	0.380829	-0.307921	0.227265	0.0371096	-0.0150716	0.345487
-0.161309	-0.177027	-0.302995	0.0853554	0.574833	-0.354346	-0.369501	0.300586	0.109901	0.294504
-0.0598073	-0.609507	0.153172	-0.0122439	0.200067	-0.218784	-0.118421	0.508915	-0.0887088	0.245319
-0.166507	-0.483252	-0.0723024	-0.196645	0.409777	-0.33084	0.00343369	0.761224	0.0363399	0.0387706
0.0466051	-0.280712	0.0941044	-0.338107	0.226458	-0.0364107	-0.140678	0.390013	-0.205505	0.244231
0.197057	-0.192493	-0.136357	-0.00333803	0.0809974	-0.145924	0.122893	0.0377194	-0.159295	0.198738
0.113108	-0.134923	-0.0857234	-0.295731	0.172051	0.105135	0.333375	0.294113	-0.45594	-0.0454643
0.388242	-0.0983103	0.195181	-0.185602	-0.0643282	-0.0546066	0.445979	0.336773	-0.419299	-0.544026
0.533058	-0.0500672	0.416608	-0.0131798	-0.25815	-0.232759	0.303104	0.042743	-0.231231	-0.510119
0.0915623	-0.040665	0.627118	-0.0285147	-0.0916732	-0.309647	-0.0927295	-0.0747126	0.0652709	-0.146006
-0.00946763	-0.00601953	0.401315	-0.016848	-0.0891971	-0.0414841	-0.202464	-0.0085759	-0.00960776	-0.0176515
-0.000271059	-3.15725e-05	0.0147725	-0.00285867	-0.00405025	-0.00177075	-0.00510457	-0.000131679	-0.000507871	-4.60547e-05
-1.58855e-05	-5.01066e-07	-8.6589e-06	-0.000705566	-5.23882e-05	0.00305893	-4.46443e-05	7.9908e-05	-9.58412e-05	-0.00221535
-5.91222e-05	-7.42322e-06	-0.031119	0.0344183	-2.7486e-05	-0.00131446	-6.75523e-06	-5.79457e-05	-0.0017894	-3.67174e-05
-0.00167833	0.00896152	-0.016586	0.0383828	0.022158	-0.00714286	-0.00029976	0.0320499	-0.00240831	-0.073437
-0.104799	0.00482638	0.0287111	0.0281708	0.0925119	-0.0378677	-0.0867019	0.110233	-0.0144685	-0.0206152
0.134069	-0.00619572	0.112634	0.062296	0.269868	-0.0572891	-0.452097	0.00188379	-0.165593	0.100429
0.399438	-0.125728	0.314457	-0.0566243	0.212226	-0.292098	-0.0639681	-0.128207	-0.308004	0.0485117
-0.102789	-0.219901	0.391378	-0.0284149	0.219114	-0.144042	0.241324	-0.108105	-0.296007	0.0474428
0.370842	-0.16752	-0.0557878	-0.254668	0.379662	-0.219763	0.286021	-0.174411	-0.22897	0.0645921
0.295281	-0.0696064	-0.13943	-0.330235	0.309087	0.0656542	0.236463	-0.314446	-0.143222	0.090455
0.308741	-0.34115	0.0246474	-0.308442	0.379492	0.206104	0.131037	-0.319996	-0.00629271	-0.0741384
0.371138	-0.538027	0.0390068	-0.257197	0.315757	0.110733	0.23394	-0.16442	-0.164732	0.0538047
0.0543901	-0.203289	-0.109921	-0.108848	0.407711	0.0591896	0.450112	-0.518318	-0.134487	0.103456
-0.071367	0.242756	-0.119662	0.0227152	0.19511	0.147368	0.262312	-0.711886	0.123623	-0.0909676
-0.607917	0.465437	0.207885	0.00852664	-0.259498	-0.0184407	0.143333	-0.26318	0.405555	-0.0816997
-0.907818	0.721978	0.111549	0.201332	0.0596345	-0.303609	0.239165	-0.380472	0.462098	-0.203854
-0.674081	0.0374802	0.0260558	0.193425	0.21379	-0.240771	0.014441	0.159677	0.0756388	0.194348
-0.499438	0.342039	-0.00311364	-0.0671191	0.546138	-0.118399	-0.0859761	-0.228752	-0.0936882	0.208312
-0.290055	-0.583116	-0.168034	-0.0471068	0.505748	-0.26263	-0.0231945	0.658615	-0.18838	0.398155
-0.0340953	-0.614313	-0.187055	-0.231458	0.100705	0.288624	-0.0680259	0.616142	-0.0112251	0.140702
-0.0260935	-0.548861	-0.0125151	0.0714114	0.235576	-0.0520824	0.0154319	0.317009	-0.120801	0.120925
0.284244	-0.384715	-0.353423	0.376524	-0.136252	-0.161593	0.121428	0.439825	-0.306871	0.12083
0.086586	-0.20623	-0.214557	0.251753	-0.0827731	-0.0306845	0.18988	0.351664	-0.269355	-0.0762826
0.159377	-0.164478	-0.374066	0.235183	0.234276	-0.132001	-0.0245163	0.464199	-0.193251	-0.204721
0.361967	-0.110263	-0.0718119	0.285204	-0.118614	0.111538	0.146983	0.200238	-0.369155	-0.436086
0.420798	-0.0626802	0.617832	0.161127	-0.547638	0.106624	0.211283	-0.0669402	-0.397961	-0.442434
0.0224808	-0.0323541	0.678115	-0.0693817	-0.213421	-0.180506	0.11344	-0.184343	0.015751	-0.149777
-0.0165086	-0.0109848	0.387584	-0.0223638	0.0392959	-0.0667385	-0.194469	-0.0323499	-0.0263022	-0.0571629
-0.0023471	-0.00127782	0.0632059	-0.000825504	-0.00716452	-0.0274125	-0.015588	-0.000717249	-0.00352267	-0.00435064
-1.32445e-05	-5.26041e-07	-2.68539e-07	-1.28293e-05	-5.66745e-05	-0.000356711	-3.10079e-06	0.000580233	-2.65804e-05	-0.000110298
-4.96176e-05	2.82017e-05	-0.0153596	0.0193796	-1.709e-05	-0.000743255	-2.58081e-05	-0.00129506	-0.000932035	-0.000985324
-0.00553205	0.00729448	0.00107508	0.0935193	-0.0116767	-0.0284247	-0.00164628	-0.00628551	-0.00574201	-0.0425817
-0.0695947	-0.00380793	0.32463	0.148944	-0.0870786	-0.0231659	-0.135269	-0.0811488	-0.00751393	-0.0659925
0.194861	-0.0204521	0.412244	0.364039	-0.241755	-0.0730761	-0.452374	-0.0522115	-0.211206	0.0799386
0.477879	-0.163432	0.233918	0.195784	-0.144045	-0.14946	0.0881644	-0.196679	-0.373272	0.0311439
0.23113	-0.352488	0.430915	-0.0956056	0.0678999	-0.172868	0.337069	-0.067398	-0.195453	-0.183198
0.159189	-0.321385	0.0599182	-0.273479	0.396471	-0.535455	0.41084	0.172068	0.0456577	-0.113824
0.337418	-0.236586	-0.194384	-0.473164	0.351077	-0.255597	0.29098	-0.0937435	0.0519004	0.222098
0.311221	-0.0674744	0.192891	-0.0603329	0.171553	-0.423212	0.295421	-0.148378	0.0292357	-0.300925
0.249336	-0.128622	0.146822	-0.172628	-0.108922	-0.0803591	0.350505	-0.507317	0.198522	0.0526643
0.133306	-0.140934	0.180977	-0.050754	-0.10112	-0.14653	0.804542	-0.823039	0.0102456	0.133306
-0.268349	-0.239064	0.219765	0.0113259	0.0886981	-0.0137039	-0.03502	-0.207256	0.540819	-0.0972148
-0.852315	0.439748	0.406965	0.359228	-0.0152874	-0.0678428	-0.00521374	-0.138196	0.127864	-0.254948
-0.670581	0.747746	0.130862	0.0120287	0.353948	-0.314786	0.172576	-0.502881	0.0666578	0.00443262
-0.380425	-0.109481	-0.154757	-0.199182	0.544521	-0.109999	0.100944	0.20534	0.103738	-0.000699013
-0.31581	0.029656	0.228002	-0.447963	0.411751	-0.274782	-0.0256138	0.0608426	0.154901	0.179017
-0.0139611	-0.924579	0.442284	-0.0763973	0.247819	-0.145605	-0.228885	0.395971	0.0842792	0.219075
0.0320546	-0.640586	0.0356853	0.348029	0.164834	-0.210881	0.144131	0.138304	-0.170741	0.159171
0.0517986	-0.467838	0.00205666	0.380745	0.0882314	0.0112526	0.26818	0.326541	-0.503168	-0.157797
0.298075	-0.292426	-0.181553	0.190692	0.299956	0.12781	-0.0101995	0.196042	-0.538831	-0.0895649
0.176164	-0.1846	0.371217	0.0843227	0.162502	-0.075844	0.0838537	0.26126	-0.541269	-0.33761
0.181653	-0.185382	0.256369	0.285206	-0.137786	0.202156	-0.0880563	-0.0578886	-0.363899	-0.0923703
0.175116	-0.16374	0.259712	0.497364	-0.276154	0.183506	-0.0390947	-0.138191	-0.0115614	-0.486955
0.0698831	-0.0485047	0.591599	0.382023	-0.353304	0.000672871	0.168237	-0.154638	-0.245181	-0.410779
-0.100138	-0.0758202	1.06289	-0.12692	-0.165268	-0.174018	0.0348462	-0.175969	-0.136052	-0.143548
-0.0492972	-0.0382694	0.608092	-0.0240395	-0.104068	-0.107564	-0.162493	-0.0256514	-0.0599576	-0.0367512
-0.00147577	-0.000867939	0.100083	-0.00137871	-0.00474419	-0.0492293	-0.0366413	-0.00176043	-0.00346411	-0.000521399
0.0	0.0	0.0	0.0	0.0	0.0	0.0	0.0	0.0	0.0
-6.28343e-05	0.000434585	-0.00586773	0.00719316	-1.26182e-05	-0.000548361	-2.48329e-05	-9.52256e-05	-0.000781482	-0.000234661
-0.0165242	-0.000179022	0.0642564	0.0784823	-0.00313062	-0.0440088	-0.00331998	-0.00369165	-0.00580286	-0.0660816
-0.0560974	-0.00798659	0.306921	0.369505	-0.267489	0.0263523	-0.122535	-0.0826402	-0.0403606	-0.125663
0.129438	-0.0412092	0.465754	0.444132	-0.160659	0.0774437	-0.490057	-0.010223	-0.180981	-0.233633
0.357969	-0.306995	0.334676	0.102532	-0.194981	0.249292	-0.00859436	-0.0375034	-0.267899	-0.228493
0.308699	-0.5077	0.259343	-0.00800255	-0.0486582	0.427171	0.124685	-0.224574	-0.106734	-0.224226
0.247643	-0.436271	0.156738	0.0205097	0.182456	-0.337211	0.206458	-0.27959	0.12617	0.113097
0.0655246	-0.237631	0.107498	-0.240938	0.241328	-0.327099	0.335358	-0.180588	0.0984003	0.138144
0.284501	-0.135431	0.158282	-0.588191	0.139045	-0.215295	0.346745	-0.237389	0.365621	-0.117889
0.451082	0.107067	0.409471	-0.60504	0.0218527	-0.354955	0.619437	-0.66649	-0.0490211	0.0665952
0.111388	-0.184982	0.29909	-0.419783	-0.0830786	-0.297477	0.599752	-0.271464	0.306312	-0.0597565
-0.105204	0.0939877	0.354301	-0.269003	-0.028511	-0.545128	0.0613826	-0.0117208	0.345233	0.104662
-0.684766	0.490791	0.280645	-0.18766	0.170328	-0.493423	0.114595	0.0581216	0.229753	0.0216165
-0.621129	0.590618	0.0217838	-0.385455	0.540619	-0.287126	0.132694	0.0440829	0.0749474	-0.111032
-0.344021	0.0146884	0.176374	-0.441711	0.369937	-0.0315627	0.0253086	0.0825616	-0.147044	0.295468
-0.0678592	-0.40152	0.0563164	0.0283581	0.304596	0.00403376	-0.103028	-0.10406	0.266673	0.016494
0.177027	-0.745433	-0.234984	0.284393	0.239475	0.242784	0.0682536	0.0144642	-0.0751971	0.0292208
-0.0679178	-0.357211	0.0490738	-0.0210166	0.340247	0.326126	0.172349	0.0984424	-0.43506	-0.105033
0.1133	-0.228891	0.067635	0.344773	-0.173706	0.0643612	0.194221	-0.138704	-0.021585	-0.221404
0.221257	-0.172899	-0.0607452	0.0175851	0.059171	0.0249757	0.0154695	0.0670522	-0.0296645	-0.142202
-0.0449767	-0.107759	0.0633439	0.0707449	0.16203	-0.00245679	0.133539	-0.00242739	-0.0918475	-0.180191
0.213506	-0.0203696	0.131312	0.282681	-0.187074	-0.0737786	0.109374	0.019107	-0.187067	-0.28769
0.051911	-0.0478493	-0.0816182	0.455318	-0.220904	0.166249	0.0698844	-0.100742	0.207361	-0.499606
-0.00970089	-0.00671565	0.481892	-0.104482	-0.31706	0.0747381	0.168255	0.100747	0.0314393	-0.419107
-0.037135	-0.111618	1.12924	-0.236933	-0.250875	-0.218601	0.0430207	0.0395158	-0.264082	-0.0925322
-0.0213181	-0.00747427	0.300883	-0.0213267	-0.0584247	-0.0436517	-0.107146	0.0293186	-0.0526462	-0.0182135
0.0299891	-0.00128249	0.0319507	-0.00108536	-0.0317474	-0.0079571	-0.0129861	-0.00429283	-0.000838419	-0.00174996
-3.78338e-05	-1.73478e-05	-2.10712e-05	-0.000682798	-0.00710243	-0.000327725	-5.27949e-06	0.00712589	-0.000238676	0.00130728
-1.38954e-05	0.000106105	-0.000250413	0.000616851	-2.40145e-06	-0.000281307	-5.63833e-06	-1.74182e-06	-0.00011826	-4.92988e-05
-0.0135512	-0.000689522	0.00226524	0.072469	-0.00637445	-0.026941	-0.0024645	0.0169858	-0.00505789	-0.0366413
-0.111454	-0.00946165	0.148632	0.56762	-0.162906	0.0137519	-0.082339	-0.0273343	-0.136911	-0.199593
0.0517015	-0.0954362	0.53387	0.307371	-0.0368753	0.325675	-0.380755	-0.105062	-0.293154	-0.307326
0.0379882	-0.375191	0.63073	0.327489	-0.065844	0.253531	-0.295692	-0.0928921	-0.0681195	-0.351998
0.0819516	-0.688942	0.170889	0.234736	-0.0784059	0.529884	0.0688953	-0.385078	0.119464	-0.0533927
0.0575039	-0.467535	0.428177	-0.162847	0.0759041	0.172665	0.254785	-0.326479	-0.00380692	-0.0283694
0.287118	-0.0727064	0.0332155	-0.106246	0.139295	-0.0095262	0.113787	-0.277031	0.0492397	-0.157147
0.352933	0.0157892	-0.0300698	-0.410307	0.139931	-0.22255	0.328476	-0.330347	0.246402	-0.0902595
0.412377	-0.215855	0.264598	-0.43179	-0.287604	-0.151041	0.242829	-0.369696	0.222513	0.313671
0.0788493	-0.187392	0.123996	-0.382808	-0.0821977	-0.116745	0.12869	-0.100519	0.336746	0.201379
-0.318545	-0.0154899	0.322679	-0.526343	0.189741	-0.158476	0.755138	-0.215035	0.292882	-0.326553
-0.655345	0.0728097	0.312327	-0.313498	0.344648	-0.111209	0.451103	0.0846268	0.0502087	-0.235668
-0.481336	0.223215	0.141001	-0.23117	0.324865	0.0304585	-0.00276996	-0.130012	-0.12236	0.248112
-0.168633	-0.327806	-0.056929	0.255812	0.195248	-0.0252448	0.0731806	-0.0983833	-0.024027	0.176785
-0.00345842	-0.536506	0.104855	0.437366	0.302944	0.00808712	0.234855	-0.192616	-0.218639	-0.136885
-0.00699451	-0.151453	0.294861	0.126897	-0.245269	0.200744	0.266589	-0.0981763	-0.252822	-0.134374
-0.0208644	0.0762949	0.0796148	0.096702	-0.067115	-0.134205	0.26673	-0.114635	-0.0369507	-0.145572
-0.0748391	-0.0111882	0.15346	0.180996	-0.129915	0.095171	-0.0171796	-0.032771	-0.0504447	-0.113288
-0.226162	0.072457	-0.0381694	0.139926	0.0390933	0.0218395	-0.0448454	-0.0353998	0.059676	0.0115831
-0.0895666	0.015921	0.152	0.382742	0.0798126	-0.0100741	0.0600574	-0.139578	-0.260879	-0.190434
0.282348	-0.0578826	0.154771	0.441237	-0.383057	0.0987093	0.0129523	-0.210478	-0.00584875	-0.332751
0.114767	-0.0623697	0.513725	0.164515	-0.25112	0.207608	0.0858803	-0.458166	0.183759	-0.498596
-0.0304131	0.0388908	0.872145	-0.298845	-0.267544	0.22659	0.0823151	-0.238008	-0.041356	-0.343767
-0.0359837	0.047395	0.770035	-0.142068	-0.239267	-0.133516	0.0616307	-0.0161308	-0.227148	-0.0849443
-0.011854	0.0198036	0.0965457	-0.0168341	-0.0189544	-0.0345792	-0.0339526	0.03334	-0.0292446	-0.0042704
-0.00780105	-9.91081e-06	0.0456729	-0.000255784	-3.74826e-05	-0.0188187	-0.0178041	-2.05577e-05	-0.00042927	-0.000496004
-2.04302e-09	7.85492e-05	-5.20075e-05	-4.93575e-06	-1.30802e-08	-1.24201e-07	-2.96224e-07	-7.80667e-07	-1.99985e-05	-3.91158e-07
0.0073633	0.000403934	-0.00260681	-0.000128589	-0.0128408	-0.000779765	-0.000746487	0.0265228	-0.00100145	-0.016186
-0.00659097	-0.000923347	0.00069006	0.0522856	-0.00271667	-0.0221728	-0.00292581	0.0183987	-0.0091989	-0.0268458
-0.0850519	-0.0121436	-0.0432867	0.586089	0.0443577	0.025956	-0.0847753	-0.0811421	-0.190645	-0.159354
-0.018907	-0.157208	0.313718	0.338836	-0.0627034	0.374023	-0.218618	-0.0599311	-0.249798	-0.259406
0.0422877	-0.544976	0.167214	0.489576	0.10116	0.226545	-0.229571	-0.170737	0.144959	-0.226454
0.190588	-0.330403	0.0566357	0.0905832	-0.0184835	0.337276	0.0118389	-0.330762	0.114737	-0.12201
0.187088	0.0534576	0.344309	-0.0975828	-0.0572076	0.0346811	0.17155	-0.467471	-0.120075	-0.0487484
0.228511	-0.0106483	0.18475	-0.0698353	-0.23494	0.291251	-0.0319951	-0.263325	0.0648576	-0.158624
0.104993	0.108499	0.299251	-0.0288039	-0.416808	0.0464775	0.31928	-0.305329	0.251126	-0.378689
0.278167	-0.138916	0.370848	-0.0723812	-0.487276	0.107197	0.454994	-0.558934	0.247996	-0.201695
0.34846	-0.126341	0.164651	-0.228571	-0.092308	0.0429856	0.712033	-0.283997	-0.166001	-0.370909
0.236973	-0.119833	0.153804	-0.227691	-0.530021	0.0527937	0.620125	-0.128679	0.0653559	-0.122828
-0.180345	0.223653	0.475308	-0.100435	-0.221773	0.0775825	0.193308	-0.123844	-0.153944	-0.189508
-0.30791	-0.174066	0.138291	-0.0164124	0.246822	-0.0300864	0.37547	0.176048	-0.132652	-0.275503
-0.203697	-0.00677194	0.278341	0.011208	-0.0211018	0.108194	0.284915	-0.168028	-0.0352053	-0.247853
-0.202445	0.213225	0.285611	0.13243	-0.095198	-0.0454159	0.264052	-0.405806	0.0261451	-0.172595
0.0539273	-0.0548701	0.279994	0.331824	-0.217272	-0.104995	0.222832	-0.369976	0.131334	-0.272798
0.0104407	0.10989	0.104227	0.260715	-0.174469	0.0394185	0.0822105	-0.47148	0.191467	-0.152419
-0.142605	0.174453	-0.0764686	0.23791	-0.247414	-0.0403221	0.154023	-0.0914887	0.0482191	-0.0163053
0.00121111	0.0821742	0.145037	0.0160926	-0.213776	0.231454	0.0217077	-0.300497	0.00872962	0.00786443
0.104162	0.034134	0.24666	0.320865	-0.0528344	0.139213	0.175819	-0.513619	-0.160711	-0.293688
0.319149	-0.0395204	0.411307	0.103597	-0.554626	0.105477	0.219264	-0.527028	0.297048	-0.334666
0.0458835	-0.0118154	0.371258	0.168843	-0.395447	0.262572	0.0969553	-0.524094	0.24615	-0.260298
0.0292911	0.0938577	0.408294	-0.156186	-0.265696	0.268442	-0.00931589	-0.132275	-0.0759074	-0.160497
-0.0565189	0.103777	0.616594	-0.0755743	-0.127566	-0.0324271	-0.122892	-0.0408376	-0.210013	-0.0545385
-0.0123633	0.0193756	0.196969	-0.0118945	-0.00297538	-0.0631465	-0.0715153	-0.00318112	-0.0331598	-0.0181083
-0.0025835	6.4043e-05	0.0200618	-0.000127075	-2.10647e-07	-0.00575546	-0.011534	-5.85906e-07	-0.000124717	-2.92495e-07
0.0	0.0	0.0	0.0	0.0	0.0	0.0	0.0	0.0	0.0
0.0185472	-5.09692e-05	-0.00580551	-0.00051341	-0.000115215	-0.000845242	-0.00187232	-0.000221575	-0.00208226	-0.00704073
-0.00943741	-0.00734444	0.0466421	0.0337541	0.00375953	-0.0089962	-0.00301039	-0.0124033	-0.0176428	-0.0253211
-0.0765245	-0.02818	0.12947	0.45986	-0.0146783	0.0580797	-0.0616673	-0.13254	-0.18701	-0.146807
0.0629037	-0.0917097	0.388198	0.474917	-0.100057	0.108904	-0.206842	-0.282741	-0.210069	-0.143499
0.252702	-0.416609	0.327539	0.237432	-0.22014	0.42996	-0.270597	-0.32376	-0.0635064	0.0469821
0.192518	-0.0519236	0.291756	0.425775	-0.239943	0.232094	-0.169774	-0.4856	0.0333632	-0.22827
0.142103	0.05258	0.634752	0.200158	-0.469245	-0.177697	0.247691	-0.511061	0.372844	-0.492124
0.216337	0.277077	0.293442	0.193623	-0.586845	0.239062	-0.0812822	-0.283707	0.0191237	-0.286833
0.22239	0.154244	0.29047	0.316113	-0.389978	0.231281	0.283858	-0.414544	-0.155438	-0.538397
0.304841	0.228836	0.26658	-0.0780747	-0.422645	0.0197983	0.537633	-0.357916	0.159551	-0.658605
0.408292	0.268539	0.388449	-0.200713	-0.124585	0.139046	0.358043	-0.368424	-0.171948	-0.696698
0.468404	0.153065	0.267871	-0.534999	-0.230008	0.0541236	0.552451	-0.138378	0.0574056	-0.649931
0.167328	-0.0955183	0.105343	-0.124426	-0.42753	0.108608	0.230053	0.020985	0.142046	-0.12689
-0.0197522	-0.0064826	-0.0345521	0.0828197	-0.110734	-0.135364	0.732583	0.0828868	-0.301143	-0.290258
0.00294238	-0.0362341	0.0889281	-0.0878055	-0.0237552	0.0294398	0.379644	-0.249555	0.182188	-0.28579
-0.104051	0.302499	0.0291751	0.106411	0.123065	0.145609	0.165406	-0.448554	-0.223916	-0.0956419
0.0453993	0.318174	-0.174092	0.223545	0.0698609	0.20872	0.0644956	-0.582421	-0.0372631	-0.136416
-0.0594879	0.42919	0.115336	0.343592	-0.0761987	0.155588	0.307412	-0.829513	-0.0619645	-0.323952
-0.066842	0.416612	0.282074	0.127407	-0.292417	0.127628	0.0471746	-0.496709	-0.0295674	-0.11536
-0.040481	0.239809	0.216439	0.310787	-0.182059	-0.0413313	0.263754	-0.722783	0.189735	-0.23387
0.0934703	0.0532427	0.342482	0.129665	-0.0821126	0.131692	0.0882131	-0.688202	0.312493	-0.380941
0.173317	-0.0316028	0.296871	0.0194437	-0.342466	0.521776	-0.0918064	-0.612166	0.347193	-0.280554
-0.07389	-0.0433422	0.292853	0.118013	-0.333605	0.201687	0.053391	-0.33985	0.202764	-0.0780131
-0.0307117	-0.00872664	0.507176	-0.105322	-0.185348	0.11301	-0.0773659	-0.0681291	-0.194145	0.0495667
-0.0477937	0.0179921	0.279249	-0.044368	-0.13345	0.112467	-0.054073	-0.0547466	-0.133272	0.0579953
-0.00179923	0.0205015	0.0526301	-0.0029585	-0.000806409	-0.00894888	-0.0139459	-0.00203319	-0.0295812	-0.0130583
-2.11844e-05	0.000250207	-0.000201768	-4.96904e-05	-4.05355e-05	0.000488854	-5.04239e-06	-3.24092e-05	-0.000355096	-3.33358e-05
-2.23149e-08	0.000135005	-6.21131e-05	-2.32583e-05	-4.90018e-07	-7.57173e-07	-8.38875e-07	-8.568e-06	-3.70144e-05	-1.94304e-06
-5.9225e-05	1.55377e-05	0.000231613	0.000904079	-3.5043e-06	-0.000388985	-3.35916e-05	-0.000263159	-0.000133972	-0.000268793
-0.0278246	-0.0124517	0.0950278	0.0758547	-0.000543636	-0.0228603	-0.002167	-0.0661246	-0.0178315	-0.0210789
-0.04996	-0.0126355	0.21718	0.308384	-0.0749453	0.0746324	-0.0443832	-0.184688	-0.122216	-0.111364
-0.0661772	0.0984954	0.224621	0.26609	-0.125322	0.297417	-0.197824	-0.314307	-0.0469563	-0.136029
0.164723	0.433979	0.183055	-0.0450952	-0.122018	0.12582	-0.296584	-0.356924	-0.0694203	-0.0175326
0.148483	0.328345	0.209136	0.232073	-0.416436	0.187146	-0.381556	-0.453999	0.26643	-0.119625
0.121082	0.134928	0.201172	0.212094	-0.463837	0.337508	-0.0459946	-0.517482	0.311781	-0.291252
-0.0935754	0.232042	-0.0519592	0.209592	-0.0464799	0.138207	0.211323	-0.280395	-0.0919492	-0.226808
0.0727128	0.0352378	0.2782	-0.309857	-0.123232	0.156943	0.246152	-0.421628	0.232785	-0.167315
0.27958	0.304813	0.115914	-0.150107	-0.221826	0.0312287	0.241488	-0.211246	-0.159097	-0.230748
0.382909	-0.112986	0.104235	-0.158515	-0.0402057	0.225914	0.316677	-0.277797	-0.0245871	-0.415643
0.358737	-0.131841	-0.0635205	-0.086299	-0.120244	0.105182	0.629113	-0.107062	-0.218817	-0.365249
0.124229	-0.170161	0.17805	-0.0273873	-0.252059	0.0477562	0.59828	-0.24134	0.104883	-0.36225
-0.0169064	0.233555	0.161869	-0.100861	-0.171494	0.0984768	0.652392	-0.345042	-0.0836702	-0.428314
0.0154107	0.108581	-0.0376871	0.0455841	0.114071	0.076025	0.289186	-0.154532	-0.0690046	-0.387632
0.047299	-0.0493829	0.16176	0.122841	-0.169731	-0.059846	0.302175	-0.0216554	-0.174194	-0.159262
-0.171517	0.0377115	0.33571	-0.0326309	0.0498327	0.122562	0.43276	-0.360872	0.00648531	-0.420041
-0.18582	0.453703	0.34264	0.185668	-0.193065	-0.000499219	0.323483	-0.429489	-0.0841089	-0.412516
-0.26999	0.314352	0.455836	0.296582	-0.0145641	-0.0673119	0.15144	-0.469658	-0.0626906	-0.333997
-0.122408	0.445725	0.0183067	-0.0323824	-0.0208323	0.26155	0.0797297	-0.556345	0.175934	-0.249276
0.019402	0.272828	0.181761	-0.147272	-0.00154888	0.436226	-0.042392	-0.643824	0.0488711	-0.124047
0.04347	-0.194894	0.381031	-0.0450554	-0.118779	0.482083	0.0670506	-0.580449	0.222642	-0.257093
0.0143635	-0.143108	0.553182	-0.171457	-0.0749663	0.267463	-0.037798	-0.350538	-0.0207071	-0.0364271
-0.0637911	0.0306399	0.391791	-0.165733	-0.132003	0.170377	-0.0425071	-0.0592934	-0.265288	0.13581
-0.0279246	0.00413975	0.169556	-0.034425	-0.119761	0.161208	-0.0493377	-0.0271836	-0.0897396	0.0134686
0.0272546	-0.00061572	0.0168877	-0.004768	-0.0024362	0.0043758	-0.00421804	-0.00258957	-0.0092269	-0.0246637
5.89168e-06	-4.49165e-11	-1.29966e-06	-3.28976e-07	-4.03618e-09	-1.60428e-06	-2.41104e-07	-7.73743e-09	-2.38677e-06	-1.91009e-08
-2.16176e-08	0.000130786	-6.0172e-05	-2.25315e-05	-4.74705e-07	-7.33512e-07	-8.1266e-07	-8.30026e-06	-3.58577e-05	-1.88232e-06
-9.2319e-07	3.85695e-05	-2.0856e-05	3.26936e-05	-1.94731e-07	-1.25573e-05	-2.65626e-07	-1.49199e-05	-1.33247e-05	-8.22182e-06
-0.00511724	-0.0120569	0.0705602	0.0876049	-0.00041919	-0.0151799	-0.000233524	-0.0892663	-0.0133558	-0.022536
-0.0651954	-0.0163908	0.173215	0.261423	-0.0806151	0.0365403	-0.0207193	-0.1973	-0.0386082	-0.0523473
-0.276369	0.152529	0.224827	0.196578	-0.122721	0.293358	-0.0946533	-0.243189	-0.0163383	-0.114013
-0.0351757	0.847327	0.194589	-0.0049752	-0.190273	-0.0727194	-0.200062	-0.123513	-0.0988711	-0.316323
0.0344841	0.527032	0.378739	0.156664	-0.251946	-0.212638	-0.388729	-0.145015	0.0858048	-0.184394
0.0639772	0.0990674	0.337541	0.103771	-0.292135	-0.000951885	-0.261944	0.0548691	0.169771	-0.273969
0.206532	0.070348	0.360173	-0.112852	-0.228293	0.0912022	-0.123723	-0.0945284	-0.128262	-0.0405984
0.180991	0.126745	0.296282	-0.00348722	-0.294029	0.0493721	0.119805	-0.26467	-0.0655033	-0.145507
0.169153	-0.119192	0.0783117	0.0153934	-0.20993	-0.0631821	0.202072	-0.114194	-0.00311353	0.0446826
0.22359	-0.399257	0.169997	0.157884	-0.186453	0.10602	0.0364848	-0.309808	0.190814	0.0107303
0.202047	-0.556249	0.125334	-0.084475	-0.230759	0.122296	0.342763	-0.0410973	0.0729812	0.047159
0.586153	-0.370657	0.0431685	-0.15038	-0.115463	0.234666	0.289671	-0.433604	0.121224	-0.204778
0.121695	-0.0930977	-0.065585	-0.136584	-0.200059	0.167761	0.00913868	-0.0806157	0.27128	0.0060686
0.128083	0.0493826	-0.120825	0.0695284	-0.214738	0.0768103	0.29779	-0.0581014	0.0783141	-0.306243
0.0546731	0.0160977	0.0318648	0.0164038	-0.162087	0.158268	0.197019	-0.0383272	-0.0950936	-0.178817
0.0858905	0.250615	-0.0654862	0.133341	0.0137851	-0.00231345	0.053404	-0.238703	0.0629124	-0.293444
-0.117629	0.473896	0.127164	0.0164531	-0.0652824	0.179008	-0.0451227	-0.280725	0.0102034	-0.297966
-0.120713	0.298922	0.275337	0.164751	0.243812	0.171553	-0.0295112	-0.2779	-0.188656	-0.537594
-0.193552	0.314289	0.301758	0.154663	0.0149808	0.152222	0.116522	-0.536366	-0.127717	-0.196799
-0.080374	0.0104205	0.23466	-0.0427437	0.318482	0.0592284	0.10033	-0.630422	0.158627	-0.128206
0.0695128	-0.194891	0.394119	0.0712563	0.00686436	0.218457	-0.12775	-0.455457	0.00939257	0.00850155
0.0625644	-0.101676	0.274614	-0.0832458	-0.122397	0.276783	-0.150464	-0.339916	0.0125707	0.171173
-0.0476492	-0.01233	0.24392	-0.11542	-0.116502	0.178385	-0.0685821	-0.0558163	-0.119151	0.113147
-0.0198548	-0.00266446	0.0899567	-0.0308748	-0.0794223	0.0987703	-0.0173741	-0.0250498	-0.0376175	0.0241312
0.00288048	0.00623011	-0.0300045	9.39292e-05	0.00452729	0.0301013	-0.00012327	-0.00130747	-0.00554111	-0.00685671
1.08769e-05	-8.29228e-11	-2.39938e-06	-6.07341e-07	-7.4514e-09	-2.96174e-06	-4.45116e-07	-1.42845e-08	-4.40634e-06	-3.52632e-08
0.0	0.0	0.0	0.0	0.0	0.0	0.0	0.0	0.0	0.0
0.0	0.0	0.0	0.0	0.0	0.0	0.0	0.0	0.0	0.0
-0.00035224	-0.000207723	0.00215784	0.0918678	-0.000178516	-0.000409282	-3.0729e-05	-0.0676933	-0.00280951	-0.0223442
-0.0322104	-0.0654984	-0.0379678	0.30238	-0.0154037	0.052625	-0.00192385	-0.156155	-0.0346346	-0.0112097
-0.205479	-0.0324498	-0.00383124	0.384753	-0.0626924	0.216576	-0.0169373	-0.0386934	-0.0783965	-0.162847
-0.213599	0.454441	-0.0632555	0.33383	-0.126591	0.207113	-0.0596754	0.086466	-0.363012	-0.255714
-0.0944808	0.39338	0.0152706	0.268684	-0.0751892	-0.0181978	-0.14282	0.261275	-0.358002	-0.249916
0.129551	0.0876036	0.122727	0.251883	-0.0519947	-0.213191	-0.285903	0.366521	-0.179126	-0.228072
0.19919	-0.0505911	0.15774	-0.0362852	-0.0256603	0.159811	-0.29735	-0.375721	0.258813	0.0100534
0.299807	0.0596553	0.186268	0.181294	-0.0216555	0.0932402	-0.309943	-0.186899	0.0548983	-0.356667
0.356008	-0.0790145	-0.0239871	0.0931853	-0.0258718	0.349709	-0.414561	-0.152848	-0.0907698	-0.0118461
0.357529	-0.0495245	0.223684	0.231378	-0.0415739	0.0792635	-0.296175	-0.360208	0.00315307	-0.147526
0.213371	0.287855	0.12989	-0.25388	-0.164193	0.122296	-0.0436072	-0.327418	0.0978361	-0.0621502
0.272235	-0.0103113	-0.159697	0.154155	-0.0755814	-0.0680301	-0.0515019	-0.306344	0.389542	-0.144464
0.286846	-0.226593	-0.0846587	-0.209626	0.00776451	0.152338	0.0638089	-0.164817	0.152811	0.0221269
0.217554	0.148012	-0.109315	-0.0791561	-0.0691923	-0.015537	0.00812138	-0.0291695	0.13724	-0.208558
0.00566421	0.0607785	-0.00577504	-0.35242	0.168671	0.209963	-0.0792557	-0.199633	0.311725	-0.119719
0.0806245	0.267909	-0.0998041	0.0488272	-0.00227487	-0.0151111	-0.0443377	-0.116013	0.0261261	-0.145946
-0.37906	-0.0109415	0.265548	0.331628	0.239179	-0.309013	0.0637066	-0.246306	0.173673	-0.128413
-0.407784	0.0420023	0.473537	-0.00479348	0.190583	-0.0688812	0.0912825	-0.441902	0.187904	-0.0619496
-0.393736	-0.0867391	0.411852	0.0939981	0.223865	0.0726049	0.0432467	-0.581893	0.226192	-0.00938546
-0.18485	-0.17555	0.518138	-0.0383333	0.255909	-0.0264707	-0.0452989	-0.574728	0.0716772	0.199513
-0.0660456	-0.138392	0.455077	-0.173069	-0.113939	0.0659737	-0.0541771	-0.372096	0.0253498	0.371325
-0.0521113	-0.114267	0.292649	-0.0987946	-0.155018	0.164926	-0.054515	-0.348345	0.0844114	0.281069
-0.0733388	-0.0290756	0.240706	-0.0422762	-0.111092	0.109896	-0.038465	-0.100339	-0.0787123	0.122698
-0.0133178	0.000485585	0.0899754	-0.0269269	-0.00311499	0.034677	-0.00913585	-0.0294615	-0.0290545	-0.0141264
-1.81397e-05	0.025383	-0.0208415	0.010382	0.0046799	0.0176916	-0.000162568	-0.00106657	-0.0225908	-0.0134569
0.0	0.0	0.0	0.0	0.0	0.0	0.0	0.0	0.0	0.0
0.0	0.0	0.0	0.0	0.0	0.0	0.0	0.0	0.0	0.0
0.0	0.0	0.0	0.0	0.0	0.0	0.0	0.0	0.0	0.0
-0.00155189	-9.95747e-06	-0.00219619	0.04575	-1.25403e-05	-0.000516204	-3.95086e-06	-0.0355975	-0.000150108	-0.0057117
-0.00258659	-0.0427249	-0.092069	0.184786	-0.000347463	0.0539273	-0.000157897	-0.020623	-0.06423	-0.0159747
-0.0149784	-0.076295	-0.150711	0.332436	-0.0248175	-0.0033631	-0.00310859	0.111033	-0.210996	0.0408029
-0.0980369	0.0483775	-0.276731	0.284578	-0.0274895	-0.000509444	-0.0225509	0.42172	-0.391076	0.0617238
-0.139041	0.0358067	-0.38458	0.535896	-0.0293512	-0.038183	-0.0383996	0.441783	-0.415376	0.031448
-0.197481	-0.085413	-0.345774	0.490437	-0.0234459	0.0748351	-0.0867181	0.26261	-0.239284	0.150234
-0.114835	-0.207367	-0.168448	0.129925	-0.0365364	0.179172	-0.167825	0.115742	0.212606	0.0575696
-0.0267161	-0.174855	-0.0367701	0.163357	0.0663288	0.435296	-0.249181	-0.018194	0.0478659	-0.207131
-0.00229589	-0.256741	-0.173651	0.41353	0.0157463	0.186981	-0.339066	0.0670528	0.057183	0.0312603
-0.0276318	-0.299208	-0.103815	0.357442	0.169299	0.153992	-0.489927	-0.0388859	0.419527	-0.140794
0.288523	-0.293718	0.122317	0.193204	-0.16727	0.23575	-0.416208	-0.0340812	0.30208	-0.230597
0.262977	-0.362539	0.0124388	0.299628	-0.191705	0.400697	-0.438606	0.176039	0.160449	-0.31938
0.160687	-0.351122	0.313284	0.306368	-0.119626	0.299527	-0.378555	-0.0468557	0.217634	-0.401339
-0.0235184	-0.259439	0.0621913	0.15254	-0.106199	0.271943	-0.296496	-0.0862272	0.281918	0.00328891
-0.104046	-0.548529	0.0274996	0.305934	0.0431923	0.0804221	-0.13056	-0.122312	0.508052	-0.0596519
-0.160843	-0.157141	0.196056	0.206806	-0.151713	0.259028	-0.0837278	-0.0491359	-0.150449	0.0911207
-0.311003	-0.00226001	0.279474	-0.214182	-0.0304021	0.263832	-0.103202	-0.25044	0.322174	0.0460106
-0.367998	0.0245934	0.0151918	-0.132677	0.0959383	0.0560951	-0.122848	-0.203744	0.568825	0.0666238
-0.359944	-0.0325872	0.0258963	-0.0288587	0.0790161	0.0666468	-0.0676349	-0.242362	0.177256	0.382576
-0.245005	-0.0384005	0.247924	0.00136685	0.0822968	0.00374698	-0.0737249	-0.274702	-0.0387738	0.335275
-0.111708	-0.0889457	0.0849527	-0.0482593	0.0305791	0.201487	-0.0426183	-0.266916	-0.04903	0.290461
-0.0462086	-0.03523	0.142456	-0.0365352	-0.0290789	0.138524	-0.0171287	-0.311992	-0.0426658	0.23786
-0.00711639	-0.0167183	0.305982	-0.0408284	-0.0644872	0.0785237	-0.00366113	-0.124249	-0.0717191	-0.0557261
-0.000557735	0.00853759	0.168103	-0.00765587	0.0125253	-0.0364357	-0.000398411	-0.0517376	-0.0366747	-0.055706
-4.26191e-07	0.00194019	0.0252131	-1.89556e-05	-0.00015958	-0.000608607	-4.14307e-05	-1.75579e-06	-0.00544765	-0.0208749
0.0	0.0	0.0	0.0	0.0	0.0	0.0	0.0	0.0	0.0
0.0	0.0	0.0	0.0	0.0	0.0	0.0	0.0	0.0	0.0
0.0	0.0	0.0	0.0	0.0	0.0	0.0	0.0	0.0	0.0
-2.72192e-05	-2.83343e-07	-5.99602e-05	0.0043926	-8.68622e-05	-9.78496e-06	-3.71626e-07	-0.00604576	-0.000316928	0.00215457
-0.000130238	-0.00423824	-0.0202178	-0.0398728	-7.41386e-05	0.0532242	-5.40353e-05	0.0239829	-0.00456643	-0.00805332
-0.0031067	-0.0566524	-0.0624031	-0.00620839	0.00413171	0.0628541	-0.000948117	0.130163	-0.1155	0.04767
-0.0211876	-0.117409	-0.0936934	0.127548	-0.0511822	-0.0114786	-0.00187231	0.0467744	-0.224785	0.347288
-0.102203	-0.147462	-0.0801124	0.344516	-0.147131	-0.0150967	-0.00572469	-0.0319487	-0.152926	0.338094
-0.154903	-0.197965	-0.183057	0.578838	-0.23303	0.00808749	-0.0108031	0.0204878	-0.142433	0.314784
-0.237314	-0.186905	-0.376361	0.827681	-0.433237	0.00597015	-0.0410246	0.319194	-0.233681	0.355685
-0.348919	-0.286113	-0.453264	0.777586	-0.297366	0.199489	-0.058239	0.40794	-0.184289	0.24318
-0.498479	-0.600032	-0.375015	0.708155	-0.11091	0.227037	-0.0531545	0.241499	0.165395	0.29551
-0.506854	-0.495812	-0.373948	0.570411	-0.288304	0.360628	-0.050387	0.494408	0.144837	0.14502
-0.652163	-0.312497	-0.231935	0.730578	-0.464509	0.357321	-0.0439829	0.378734	-0.0609402	0.299398
-0.596055	-0.369284	-0.14016	0.581819	-0.226364	0.358639	-0.112599	0.295577	-0.0332467	0.241678
-0.566046	-0.405867	0.0158176	0.34958	-0.230594	0.102609	-0.111115	0.243281	0.188243	0.414094
-0.499918	-0.440983	0.0908989	0.182596	-0.227608	0.382036	-0.118114	0.239315	0.31048	0.0812986
-0.336137	-0.450492	0.0307816	0.283541	-0.396844	0.312925	-0.0972271	0.124287	0.29266	0.236508
-0.393815	-0.283192	-0.0452508	0.208466	-0.419385	0.3148	-0.0620731	0.095992	0.332436	0.252027
-0.344015	-0.153172	-0.239552	0.141648	-0.344286	0.215061	-0.053252	0.292148	0.209812	0.275613
-0.192009	-0.127253	-0.299014	0.222986	-0.455502	0.213635	-0.0337021	0.104618	0.135853	0.430393
-0.209887	-0.0477202	-0.204321	0.0212584	-0.258552	0.158578	-0.018191	-0.0901688	0.051363	0.597646
-0.155793	-0.00991916	-0.168272	-0.100345	-0.180828	0.246727	-0.0104187	-0.070755	-0.0282768	0.477883
-0.0652305	-0.00607632	-0.15416	-0.0362233	-0.0739012	0.299308	-0.00722212	-0.00337269	-0.0451175	0.0919969
-0.0172229	-0.000962201	-0.0747122	-0.00691723	-0.0709535	0.209955	-0.00324817	-0.0708015	-0.0139675	0.0488302
-0.00333646	-1.23546e-05	-0.00716784	-0.000262855	-0.0480464	0.115935	-0.000610067	-0.0065441	-0.00694705	-0.0430083
-5.14908e-07	-1.15636e-05	0.0223896	-0.000270112	-0.0010943	-1.57043e-05	-2.66171e-05	-0.00112637	-0.00443045	-0.015414
-3.80948e-07	-1.38156e-05	0.0267746	-4.12259e-06	-0.000169189	-1.21943e-05	-3.03058e-05	-1.39094e-06	-0.00439236	-0.0221508
0.0	0.0	0.0	0.0	0.0	0.0	0.0	0.0	0.0	0.0
0.0	0.0	0.0	0.0	0.0	0.0	0.0	0.0	0.0	0.0
0.0	0.0	0.0	0.0	0.0	0.0	0.0	0.0	0.0	0.0
0.0	0.0	0.0	0.0	0.0	0.0	0.0	0.0	0.0	0.0
0.0	0.0	0.0	0.0	0.0	0.0	0.0	0.0	0.0	0.0
-0.000206546	-0.00103832	-0.000800458	0.00148291	0.00577172	-0.00302947	-3.97845e-05	-0.0739201	-0.0125586	0.0843386
-0.00400123	-0.00376719	-0.00320752	0.0266542	0.00724516	-0.00907484	-0.000272236	-0.166275	-0.0441687	0.196867
-0.0205112	-0.00760058	-0.0114296	0.0452944	-0.0573968	-0.0411926	-0.0011346	-0.145663	-0.074489	0.314124
-0.0451871	-0.0111981	-0.0269903	0.0564607	-0.160193	-0.135469	-0.00199151	0.00108538	-0.0237021	0.347187
-0.0643004	-0.0181495	-0.0340378	0.0233465	-0.268986	-0.175761	-0.00443663	0.117055	-0.00149724	0.426769
-0.122866	-0.0322839	-0.0356079	0.00042436	-0.428724	-0.11671	-0.00647488	0.236729	-0.0675394	0.573055
-0.111145	-0.103571	-0.0317457	0.0481544	-0.438231	-0.0341418	-0.00736852	0.253081	-0.152749	0.577721
-0.0807916	-0.0909505	-0.0839479	0.0618787	-0.513173	0.120028	-0.00936105	0.191661	-0.0927281	0.497388
-0.0531403	-0.1186	-0.0452645	0.0175533	-0.527018	0.0991485	-0.0111025	0.0637964	-0.0940978	0.668728
-0.106511	-0.184741	-0.0807919	0.0456865	-0.595097	0.00155058	-0.015214	0.416981	-0.121856	0.639998
-0.149325	-0.14738	-0.0617262	0.00701635	-0.750967	-0.0315396	-0.0127	0.480017	-0.191968	0.858576
-0.113978	-0.0861712	-0.0808701	0.0226649	-0.640246	0.109726	-0.0105498	0.568527	-0.24572	0.476621
-0.0800901	-0.0661563	-0.106451	0.138087	-0.570952	0.0159218	-0.00958827	0.341924	-0.164974	0.502283
-0.114291	-0.0423524	-0.127153	0.113091	-0.511515	-0.0442267	-0.00916843	0.352237	-0.0785391	0.461921
-0.0725447	-0.0592392	-0.0799535	0.0630025	-0.531452	-0.0878733	-0.00844644	0.342237	-0.0590644	0.493337
-0.0111833	-0.0331204	-0.0273295	0.0221678	-0.429981	0.000182164	-0.00506451	0.235075	-0.08364	0.332896
-0.0570115	-0.0115349	-0.0308055	-0.0129497	-0.218869	0.0609246	-0.00345299	0.00661716	-0.0393597	0.306443
-0.0689821	-0.00597059	-0.0361116	-0.00960045	-0.107774	0.0573588	-0.0023886	0.00667315	-0.0145222	0.181318
-0.0341174	-0.000990036	-0.0130728	0.00136833	-0.0586959	0.0257817	-0.000424565	0.0790656	-0.00352027	0.00460531
-0.00184164	-1.07104e-05	-7.34176e-05	-0.000314996	-0.00370287	0.00039422	-8.17295e-05	-0.00202845	-0.000307163	0.00796675
-5.7694e-06	-1.62592e-09	-6.34106e-07	-1.51133e-06	-0.00155819	-3.77657e-05	-1.6261e-06	-0.000157254	-1.27072e-05	0.00177546
-2.23222e-07	-1.82807e-08	-1.49703e-06	-2.75733e-07	-7.36261e-08	-9.96365e-08	-8.64649e-10	2.38058e-05	-7.01683e-07	-2.09154e-05
0.0	0.0	0.0	0.0	0.0	0.0	0.0	0.0	0.0	0.0
0.0	0.0	0.0	0.0	0.0	0.0	0.0	0.0	0.0	0.0
0.0	0.0	0.0	0.0	0.0	0.0	0.0	0.0	0.0	0.0
0.0	0.0	0.0	0.0	0.0	0.0	0.0	0.0	0.0	0.0
0.0	0.0	0.0	0.0	0.0	0.0	0.0	0.0	0.0	0.0
0.0	0.0	0.0	0.0	0.0	0.0	0.0	0.0	0.0	0.0
-3.32754e-06	-4.28268e-06	-2.17706e-06	-6.94066e-07	-1.24476e-06	-9.8556e-07	-7.39611e-08	0.00019517	-4.36465e-05	-0.000138739
-6.15195e-05	-1.10934e-05	-8.31323e-06	-2.66389e-06	-5.70888e-06	-1.76505e-05	-8.25034e-07	0.000804356	-0.000122537	-0.000574047
-9.375e-05	-9.82659e-06	-3.32544e-05	-3.86784e-05	-0.00918669	-6.46738e-05	-2.6146e-06	-0.000705859	-0.000158696	0.010294
-0.000180778	-2.25761e-05	-0.00012432	-0.000103537	-0.0524527	-0.000605979	-3.923e-05	-0.00672949	-0.000267864	0.0605265
-0.000512872	-4.8082e-05	-0.000186625	-0.000218526	-0.0540568	-0.00128547	-7.15291e-05	0.0094001	-0.000437601	0.0474174
-0.00113835	-4.65599e-05	-0.000289098	-0.00152813	-0.0247561	-0.000924662	-2.90477e-05	0.0110014	-0.000948275	0.0186589
-0.00115609	-0.00453624	-0.00599152	-0.00886043	-0.0555009	0.00366351	-6.5637e-05	0.0714673	-0.0164448	0.0174249
-0.00189426	-0.00155001	-0.00256949	-0.00494346	-0.0347258	0.010553	-6.67059e-05	0.0202326	-0.00426087	0.019225
-0.00396545	-0.00444518	-0.00106427	-0.0049561	-0.0466897	0.00641567	-0.000405435	0.0307359	-0.0101517	0.0345264
-0.00669065	-0.00441333	-0.0013035	-0.00665052	-0.0372647	-0.00340326	-0.000420712	0.163881	-0.00837804	-0.0953557
-0.0101061	-0.00225111	-0.00102026	-0.00916379	-0.124103	-0.0127873	-0.000843727	0.13631	-0.00698555	0.0309515
-0.0102618	-0.000521932	-0.0011606	-0.00743577	-0.0626092	-0.00935896	-0.000777171	0.138707	-0.00648644	-0.0400954
-0.00591892	-0.000331851	-0.00100541	-0.00896485	-0.0362463	-0.00728653	-0.00055011	0.114508	-0.00351613	-0.0506882
-0.00450129	-0.00730348	-0.00143054	-0.00667944	-0.0336998	-0.00931301	-0.000524378	0.148423	-0.00355204	-0.0814185
-0.00466112	-0.0225811	-0.000870456	-0.00415554	-0.0451786	-0.00662444	-0.000349923	0.181379	-0.00405206	-0.0929053
-0.00230647	-0.000349782	-0.000530015	-0.00300658	-0.0369638	-0.00760108	-0.000199977	0.13321	-0.00273933	-0.0795128
-0.00444485	-9.27917e-05	-0.00638591	-0.00158039	-0.00677186	-0.0191611	-0.000190682	0.0449405	-0.00361158	-0.00270127
-0.0127781	-2.97334e-05	-0.0043053	-0.000466925	-0.00497482	-0.00826852	-8.2808e-05	0.0197043	-0.0018119	0.0130137
-0.0380918	-5.18399e-05	-0.0133787	-0.000290599	-0.0121725	-0.0061132	-0.00020635	0.060557	-0.00152465	0.0112726
-0.00870552	-3.3667e-06	-0.00016198	-2.86626e-05	-0.00276074	-0.00137597	-2.03257e-05	0.0209996	-0.000317247	-0.00762583
0.0	0.0	0.0	0.0	0.0	0.0	0.0	0.0	0.0	0.0
0.0	0.0	0.0	0.0	0.0	0.0	0.0	0.0	0.0	0.0
0.0	0.0	0.0	0.0	0.0	0.0	0.0	0.0	0.0	0.0
0.0	0.0	0.0	0.0	0.0	0.0	0.0	0.0	0.0	0.0
