0.0	0.0	0.0	0.0	0.0	0.0	0.0	0.0	0.0	0.0
0.0	0.0	0.0	0.0	0.0	0.0	0.0	0.0	0.0	0.0
0.0	0.0	0.0	0.0	0.0	0.0	0.0	0.0	0.0	0.0
0.0	0.0	0.0	0.0	0.0	0.0	0.0	0.0	0.0	0.0
0.0	0.0	0.0	0.0	0.0	0.0	0.0	0.0	0.0	0.0
0.0	0.0	0.0	0.0	0.0	0.0	0.0	0.0	0.0	0.0
0.0	0.0	0.0	0.0	0.0	0.0	0.0	0.0	0.0	0.0
0.0	0.0	0.0	0.0	0.0	0.0	0.0	0.0	0.0	0.0
0.0	0.0	0.0	0.0	0.0	0.0	0.0	0.0	0.0	0.0
0.0	0.0	0.0	0.0	0.0	0.0	0.0	0.0	0.0	0.0
0.0	0.0	0.0	0.0	0.0	0.0	0.0	0.0	0.0	0.0
0.0	0.0	0.0	0.0	0.0	0.0	0.0	0.0	0.0	0.0
-3.81605e-06	-6.47452e-06	-0.000692989	-6.65383e-05	-0.00477552	-9.99804e-05	0.00653529	-6.88261e-06	-0.000161842	-0.000721245
-2.41651e-05	-1.53437e-05	-0.00113156	-0.000161974	-0.0106004	-0.000219772	0.0141647	-1.96893e-05	-0.000364237	-0.0016276
-1.75927e-05	-1.29833e-06	0.00042937	-1.81146e-05	-0.000159803	-9.44784e-07	-0.000161733	-5.13981e-06	-1.0971e-05	-5.37725e-05
-7.33031e-07	-5.40972e-08	1.78904e-05	-7.54775e-07	-6.65846e-06	-3.9366e-08	-6.73885e-06	-2.14159e-07	-4.57127e-07	-2.24052e-06
0.0	0.0	0.0	0.0	0.0	0.0	0.0	0.0	0.0	0.0
0.0	0.0	0.0	0.0	0.0	0.0	0.0	0.0	0.0	0.0
0.0	0.0	0.0	0.0	0.0	0.0	0.0	0.0	0.0	0.0
0.0	0.0	0.0	0.0	0.0	0.0	0.0	0.0	0.0	0.0
0.0	0.0	0.0	0.0	0.0	0.0	0.0	0.0	0.0	0.0
0.0	0.0	0.0	0.0	0.0	0.0	0.0	0.0	0.0	0.0
0.0	0.0	0.0	0.0	0.0	0.0	0.0	0.0	0.0	0.0
0.0	0.0	0.0	0.0	0.0	0.0	0.0	0.0	0.0	0.0
0.0	0.0	0.0	0.0	0.0	0.0	0.0	0.0	0.0	0.0
0.0	0.0	0.0	0.0	0.0	0.0	0.0	0.0	0.0	0.0
0.0	0.0	0.0	0.0	0.0	0.0	0.0	0.0	0.0	0.0
0.0	0.0	0.0	0.0	0.0	0.0	0.0	0.0	0.0	0.0
0.0	0.0	0.0	0.0	0.0	0.0	0.0	0.0	0.0	0.0
0.0	0.0	0.0	0.0	0.0	0.0	0.0	0.0	0.0	0.0
0.0	0.0	0.0	0.0	0.0	0.0	0.0	0.0	0.0	0.0
0.0	0.0	0.0	0.0	0.0	0.0	0.0	0.0	0.0	0.0
-5.22597e-09	-3.49549e-08	-1.24479e-05	-1.00083e-08	-5.28661e-05	-1.10701e-07	6.78397e-05	-8.59555e-08	-7.43203e-07	-1.53571e-06
-1.1366e-07	-1.03112e-07	-3.91133e-05	-4.38835e-08	-0.000542292	-3.33099e-07	0.000590356	-8.86443e-07	-2.20831e-06	-5.2625e-06
-1.98206e-05	-1.07686e-07	-0.000468676	-7.93861e-06	-0.0482962	-1.89445e-05	0.0490418	-6.33416e-05	-5.29335e-06	-0.000161472
-4.09253e-05	-7.75108e-05	-0.00114198	-1.88102e-05	-0.105184	-3.53279e-05	0.107464	-0.000503848	-6.52264e-05	-0.000396405
-6.1689e-05	-0.00373034	-0.00243755	-0.000201464	-0.107402	-0.000109717	0.11863	-0.00288241	-0.000925446	-0.000878853
-0.000209272	-0.00303805	-0.00491706	-0.000207069	-0.0439876	-0.000204566	0.0557677	-0.00155399	-0.000969834	-0.00068025
-0.00271547	-0.00181003	-0.00837072	-0.000216976	-0.0520589	-0.000873716	0.0704964	-0.000988889	-0.000914242	-0.00254739
0.0282976	-0.000749833	-0.0304005	-0.000393513	-0.0941402	-0.00100835	0.119517	-0.00807269	-0.00155013	-0.0114998
0.0605397	-0.000713688	-0.0333985	-0.00156394	-0.183582	-0.00769867	0.211974	-0.0231021	-0.00160509	-0.02085
0.0253922	-0.000535505	-0.0197173	-0.000977331	-0.0886261	-0.00710873	0.108518	-0.0061105	-0.00199182	-0.00884274
-0.00124613	0.0216071	0.00871701	-0.00697214	-0.0249585	-0.0032882	0.0130051	-0.000391897	-0.00367202	-0.00280022
0.0228705	0.0321405	0.0386705	-0.00900564	-0.117114	-0.00404025	0.0523775	-0.000994557	-0.0029203	-0.0119845
0.0657857	-0.0101864	0.087633	-0.00266003	-0.124964	-0.00434058	0.0230535	-0.00206207	-0.00381448	-0.0284447
0.0309191	-0.00510868	0.0137953	-0.000946371	-0.0487006	-0.00261505	0.0331256	-0.000943852	-0.00337414	-0.0161512
-0.00144912	-0.000326229	-0.0246377	-0.000226743	-0.0188773	-0.00364732	0.0533111	-0.000160013	-0.00182979	-0.00215684
-0.000744814	-7.37564e-05	-0.017793	-0.000148351	-0.0356311	-0.00347141	0.0610852	-0.000216987	-0.0013787	-0.00162709
-0.000337078	-9.65643e-05	-0.00719563	-0.000150076	-0.0288354	-0.00180189	0.0408499	-0.000106121	-0.000835822	-0.00149125
-0.000140468	-0.000227648	-0.00366251	-7.02705e-05	-0.0287983	-0.000360259	0.0347375	-9.06017e-06	-0.000982683	-0.000486268
-1.90381e-05	-1.97133e-05	-0.000403793	-5.54673e-06	-0.0399514	-1.45201e-05	0.0408463	-2.37492e-05	-0.000135961	-0.000272504
-2.3061e-06	-1.46813e-06	-0.000189093	-6.95097e-07	-0.0152733	-1.34999e-05	0.0157151	-3.28222e-05	-5.51912e-05	-0.000146726
0.0	0.0	0.0	0.0	0.0	0.0	0.0	0.0	0.0	0.0
0.0	0.0	0.0	0.0	0.0	0.0	0.0	0.0	0.0	0.0
0.0	0.0	0.0	0.0	0.0	0.0	0.0	0.0	0.0	0.0
0.0	0.0	0.0	0.0	0.0	0.0	0.0	0.0	0.0	0.0
0.0	0.0	0.0	0.0	0.0	0.0	0.0	0.0	0.0	0.0
0.0	0.0	0.0	0.0	0.0	0.0	0.0	0.0	0.0	0.0
-4.16804e-08	-6.14837e-10	-5.91651e-07	-2.66426e-09	-5.8677e-06	-9.0646e-07	9.30748e-06	-8.443e-12	-1.4859e-06	-4.10791e-07
0.00408023	-4.59736e-10	-2.78503e-05	-1.01955e-06	-0.00382312	-0.000132232	0.000427159	-0.00024072	-8.95219e-06	-0.000273489
0.001532	-2.24592e-06	-0.000826985	-1.26305e-06	-0.00172535	-1.53091e-05	0.0012643	-8.43907e-05	-3.65669e-05	-0.000104183
-0.000421361	-9.82294e-06	5.8167e-05	-0.000319632	-0.00156832	-6.52125e-06	0.00230467	-3.38252e-06	-2.41847e-05	-9.61277e-06
-0.0257636	-5.48122e-05	-0.00126936	-0.00175768	-0.0489747	-5.49224e-05	0.078687	-0.000452486	-0.000175585	-0.000183906
-0.0307742	-0.00209416	-0.00682459	-0.00339598	-0.156706	-0.000939321	0.20449	-0.00193608	-0.00091978	-0.000899655
-0.0238307	-0.0356082	0.0294393	-0.0138453	-0.196349	-0.00414003	0.253954	-0.00478988	-0.00303141	-0.00179836
-0.0265674	-0.0701791	0.130626	-0.0234158	-0.161436	-0.016266	0.188956	-0.00646874	-0.011197	-0.00405103
-0.0246934	-0.0500873	0.0818639	-0.00822456	-0.279656	-0.0562393	0.390846	-0.0152093	-0.0236904	-0.0149083
-0.0436413	-0.0631557	0.146753	0.0403081	-0.294329	-0.111702	0.432293	-0.0366541	-0.0444773	-0.025391
-0.0482004	0.0108787	0.0821507	0.0540682	-0.395034	-0.111068	0.533296	-0.0369594	-0.0493243	-0.0398046
-0.0772517	0.17425	0.00146394	0.00367513	-0.274633	-0.115694	0.410329	-0.016906	-0.0678943	-0.0373339
-0.1333	0.149767	0.0663266	-0.00376718	-0.163987	-0.12966	0.334314	-0.0206617	-0.0657128	-0.0333145
-0.155899	0.300346	0.159005	-0.0628437	-0.2432	-0.0804976	0.219377	-0.0254904	-0.0735558	-0.0372368
-0.121312	0.193147	0.140725	-0.0481719	-0.299934	0.00472527	0.273727	-0.0131231	-0.0829029	-0.0468755
-0.104002	0.0549074	0.00762257	-0.0499817	-0.143846	0.0793422	0.255281	-0.00818526	-0.0606277	-0.0305083
-0.065279	-0.00842072	-0.024228	-0.0758977	-0.120901	0.0757118	0.253844	-0.00408914	-0.00974014	-0.020999
-0.0471322	0.038073	-0.101268	-0.0366157	-0.0838063	0.00836808	0.289162	-0.00222793	-0.049213	-0.0153374
-0.0336933	-0.00534823	-0.0335015	-0.0115707	-0.0672539	-0.0678596	0.244776	-0.00117338	-0.0179584	-0.0064171
-0.0168679	-0.0100285	-0.0321724	-0.0125894	-0.0605974	-0.0747396	0.23465	-0.000963321	-0.0177189	-0.00897279
-0.00834499	-0.00373142	-0.0383786	-0.00911431	-0.0611455	-0.0407765	0.178469	-0.000667215	-0.0121627	-0.0041477
-0.00420249	-0.00191823	-0.00807604	-0.0022502	-0.0379575	-0.0327454	0.0921626	-7.85772e-05	-0.00454666	-0.000387507
-0.000638589	-0.000573993	0.0422699	-0.000203228	-0.00421197	-0.0116307	-0.0226939	-3.20157e-05	-0.00224908	-3.64476e-05
-9.21617e-06	-2.61142e-05	0.0295472	-1.02945e-06	-0.000474741	-0.00101905	-0.0271779	-2.68719e-08	-0.000837588	-1.60314e-06
0.0	0.0	0.0	0.0	0.0	0.0	0.0	0.0	0.0	0.0
0.0	0.0	0.0	0.0	0.0	0.0	0.0	0.0	0.0	0.0
0.0	0.0	0.0	0.0	0.0	0.0	0.0	0.0	0.0	0.0
0.0	0.0	0.0	0.0	0.0	0.0	0.0	0.0	0.0	0.0
-9.31866e-08	0.00110354	-0.000140303	-5.48477e-05	-1.29481e-05	-9.76177e-06	-0.000589597	-1.06603e-08	-0.000294936	-1.04513e-06
0.00962551	0.000262627	-0.000234189	-3.84225e-05	-0.0121809	7.89696e-05	0.00459585	-0.000703975	-0.000494182	-0.000911318
-0.00799251	-8.14345e-05	-0.00489491	-0.00525664	-0.00528492	0.0155712	0.00966451	-0.00113327	-0.000252849	-0.000339155
-0.0696565	-0.00451969	-0.00250721	0.114777	-0.00794059	-0.0533061	0.0304694	-0.0019642	-0.00439857	-0.000953126
-0.0995303	-0.00293859	0.00257273	0.0865376	-0.0882895	-0.0341337	0.148865	-0.0029687	-0.00858646	-0.00152743
-0.1109	-0.0252995	0.0591219	0.130962	-0.153242	-0.0487768	0.194106	-0.0152536	-0.0270936	-0.00362223
-0.0209906	-0.0773221	0.164407	0.164788	-0.298879	-0.0606053	0.222853	-0.0480363	-0.0341862	-0.0120262
-0.0625307	-0.114223	0.451885	0.0655235	-0.398386	-0.0857347	0.258135	-0.0588343	-0.025863	-0.0299668
-0.0362697	-0.191295	0.383661	0.177564	-0.382427	-0.0576544	0.315268	-0.10956	-0.0450348	-0.0542453
0.0411536	-0.318041	0.469015	0.424212	-0.45496	-0.151934	0.349414	-0.16606	-0.110461	-0.0823348
0.0264294	-0.145203	0.422665	0.508292	-0.667131	-0.0667082	0.271819	-0.123852	-0.115293	-0.111015
0.18101	-0.0625556	0.541572	0.276705	-0.79268	-0.0961359	0.318086	-0.118922	-0.0893577	-0.157718
0.16544	-0.127471	0.304869	0.535897	-0.569315	-0.0561154	0.265723	-0.122274	-0.204336	-0.192418
0.0887568	0.0526218	0.219187	0.421142	-0.546914	0.0716818	0.225737	-0.114128	-0.19198	-0.226104
0.0960727	0.14439	0.344853	0.306616	-0.475292	-0.060561	0.0423741	-0.0865918	-0.124388	-0.18747
-0.0167276	-0.0639161	0.218878	0.267586	-0.317304	0.0812077	0.017506	-0.0567742	-0.0133523	-0.117104
-0.182102	-0.212213	-0.11457	0.341861	-0.254063	0.232076	0.195724	-0.0477031	0.0724234	-0.031434
-0.207593	-0.132126	-0.139793	0.298707	-0.0635436	0.201051	0.247594	-0.0267261	-0.130391	-0.0471768
-0.121632	-0.178292	-0.24307	0.34898	0.00866773	0.269011	0.0656257	-0.0260787	-0.081665	-0.0415426
-0.143511	-0.163032	-0.173358	-0.0596985	0.0113105	0.27764	0.232541	-0.0146425	0.0560018	-0.023248
-0.105016	-0.128424	-0.16241	-0.153444	0.0296863	0.130497	0.305579	-0.00383228	0.0938876	-0.00652211
-0.0495566	-0.090567	-0.137456	-0.0897269	0.0268971	-0.0608231	0.308897	-0.00120931	0.0961017	-0.00255523
-0.0179088	-0.0753857	-0.0108099	-0.0274194	-0.0117969	-0.0278315	0.154706	-0.000466809	0.0175317	-0.000618386
-0.00223603	-0.0216642	0.0240315	-0.000377371	-0.000558223	0.0633439	-0.066982	-5.78581e-06	0.00448794	-3.97117e-05
-0.00135775	-0.0277742	-0.000446333	-2.11324e-05	-0.000216265	0.011708	0.0210647	-1.66973e-07	-0.002954	-2.94004e-06
0.0	0.0	0.0	0.0	0.0	0.0	0.0	0.0	0.0	0.0
0.0	0.0	0.0	0.0	0.0	0.0	0.0	0.0	0.0	0.0
-2.55421e-08	-1.92884e-08	-2.13679e-05	3.40068e-05	-1.6345e-07	-1.12647e-05	-2.4937e-08	-1.41645e-08	-1.11215e-06	-1.48187e-08
-3.5231e-05	0.00377918	-0.00114571	0.00157692	-4.6495e-06	-0.00151422	-0.00211508	-6.28349e-08	-0.000538798	-2.34965e-06
-0.000393716	0.000499621	-0.00811428	0.0223242	-0.00138494	-0.0082021	-0.0041336	0.000668394	-0.00104301	-0.000220515
-0.0108507	0.00784433	-0.0521686	0.0685438	0.0188792	-0.0478285	0.0253297	-0.00301598	-0.00609815	-0.000634952
-0.10441	0.0556241	0.0215329	0.279476	0.0223206	-0.209645	0.0174879	-0.0342923	-0.0403528	-0.00773938
-0.112971	0.0447921	0.191054	0.307196	-0.0675968	-0.235868	-0.000945139	-0.041892	-0.0733955	-0.0103708
-0.0281807	-0.0243282	0.130089	0.328862	-0.0833538	-0.1621	0.0138728	-0.0777524	-0.0654127	-0.0316921
0.0221142	-0.0301196	0.212439	0.453233	-0.264676	-0.35568	0.127498	-0.122828	0.0349982	-0.0769734
0.122239	-0.0597373	0.410408	0.362362	-0.355936	-0.281762	0.0146824	-0.223635	0.17219	-0.160805
0.108817	-0.10031	0.324856	0.470014	-0.489625	-0.0367028	0.0504161	-0.331389	0.201481	-0.197554
0.21562	-0.303666	0.391751	0.557881	-0.448626	0.151459	-0.0969494	-0.373837	0.194936	-0.288567
-0.000337709	-0.146093	0.364978	0.434634	-0.324017	0.0527954	-0.104506	-0.322229	0.414702	-0.369924
0.0585508	0.226975	0.192199	0.481298	-0.137037	-0.250257	-0.0397272	-0.325352	0.126217	-0.33287
-0.0622913	0.195504	0.34194	0.32819	-0.33903	-0.0104302	-0.0609331	-0.38963	0.427921	-0.431242
0.0852324	-0.0363461	0.178253	0.38443	-0.458862	0.375177	-0.116708	-0.367862	0.421971	-0.465286
-0.0973632	0.0608468	0.165469	0.476149	-0.198912	0.0717256	0.0609187	-0.348747	0.316655	-0.506741
0.078109	-0.0246183	0.109515	0.183421	-0.115805	0.136957	0.119767	-0.301876	0.151987	-0.337457
-0.0464137	-0.194496	0.0532384	0.347654	-0.120593	0.385987	-0.0195825	-0.242527	0.0982649	-0.261534
-0.107551	0.144953	-0.12519	0.0963012	0.180576	0.163476	0.0104712	-0.156206	0.0756998	-0.282532
-0.0821701	0.0907817	-0.121363	0.00761092	0.300466	-0.23136	0.0881787	-0.114719	0.247156	-0.184581
-0.117725	0.0021058	-0.338625	-0.130878	0.297385	0.253023	0.188125	-0.0309363	0.0769451	-0.199419
-0.093136	-0.0978341	-0.423	-0.0868545	0.341279	0.127879	0.316239	-0.0475291	0.072404	-0.109442
-0.172552	-0.14161	-0.357115	-0.27131	0.341596	0.372261	0.284265	-0.0223151	0.00409075	-0.0373037
-0.198722	-0.284184	-0.177052	-0.04192	0.219646	0.458353	-0.0922753	-0.00611632	0.132488	-0.0102128
-0.0549713	-0.139219	-0.00780837	-0.00422175	0.0040996	0.172773	-0.0785629	-0.00135853	0.112215	-0.00294516
-0.00615161	-0.0179723	-0.00571914	-0.000112005	-0.0252699	0.0269915	-0.0104308	-0.000343403	0.0403956	-0.00138791
-0.000115556	-0.00997289	-0.00509391	-2.67676e-05	-0.0040271	-0.00430655	0.0188541	-2.16263e-05	0.00488329	-0.000172988
0.0	0.0	0.0	0.0	0.0	0.0	0.0	0.0	0.0	0.0
0.0	0.0	0.0	0.0	0.0	0.0	0.0	0.0	0.0	0.0
-0.000350177	0.000437641	0.000455906	0.00243767	-9.26627e-05	-0.00258137	5.45836e-05	-6.87043e-06	-0.000352071	-2.65195e-06
-0.00418253	0.00904945	-0.00638154	0.107678	0.0019014	-0.048505	-0.0415447	-0.00180624	-0.0119988	-0.00420982
-0.0308044	0.0217798	0.00767842	0.22543	0.0128996	-0.196061	0.036598	-0.0212746	-0.0432912	-0.0129533
-0.144102	0.148209	0.0284098	0.438626	0.0432584	-0.264553	-0.171119	0.11315	-0.15014	-0.0417317
-0.0281672	0.0807126	0.0560733	0.438043	-0.0261714	-0.328389	-0.110765	0.142379	-0.127341	-0.0963707
-0.0204957	-0.131063	0.13046	0.304868	-0.0583928	-0.103103	-0.132541	0.140989	0.0100076	-0.140726
0.0577941	-0.331593	0.228977	0.126633	-0.070069	-0.158651	0.102948	0.210137	0.0130624	-0.179238
0.0730164	-0.365055	0.0580786	0.152875	-0.0108613	0.0821502	-0.000905791	0.130402	0.131682	-0.251383
0.268976	-0.239028	0.118168	0.129819	-0.196487	0.202156	0.0873341	-0.122556	-0.134143	-0.114239
0.156845	-0.342147	0.222659	0.162096	-0.0989442	0.105324	-0.466354	-0.201678	0.259602	0.202596
-0.0329863	-0.24903	0.152739	0.0900988	-0.0115978	0.0162448	-0.28228	-0.0635891	0.260132	0.120269
0.186061	-0.0299614	0.125811	0.106213	-0.294073	-0.0275971	-0.347147	-0.0899705	0.143952	0.22671
0.210262	0.00185748	0.111391	0.0489087	-0.0222102	-0.131646	-0.00822218	-0.297552	0.238832	-0.151621
0.148378	0.200987	0.161044	0.202724	-0.0246146	-0.154789	-0.25119	-0.394639	0.108831	0.00326692
0.11088	-0.159006	0.314469	0.388706	0.0612467	0.0679882	-0.211186	-0.30889	0.16377	-0.427976
0.340787	-0.23172	0.142676	-0.0672166	-0.102087	0.179305	-0.0252827	-0.37937	0.429281	-0.286371
0.367793	0.0112864	0.128184	-0.00885905	0.0891524	0.149923	0.12154	-0.414277	-0.193125	-0.251618
0.0565588	0.0366252	0.0215838	0.142099	0.17766	-0.00637593	0.196617	-0.556154	0.148418	-0.217033
-0.114226	0.136275	0.0779782	-2.21487e-05	0.0595322	0.30036	0.0700287	-0.546611	0.23868	-0.221995
0.00421807	0.321402	0.0678186	-0.140585	0.0586099	0.118432	0.101082	-0.323331	0.0691951	-0.276843
0.0122287	0.288164	-0.122282	-0.0826691	0.243051	0.300869	-0.0037133	-0.223815	-0.0546743	-0.357156
-0.25146	0.122725	-0.294678	-0.249357	0.469176	0.395257	0.312663	-0.115103	-0.162506	-0.226716
-0.30648	-0.0179345	-0.269993	-0.0887462	0.117258	0.500211	0.105005	-0.033237	0.0865701	-0.0926508
-0.126919	-0.179535	-0.0606806	-0.0234627	-0.0651934	0.337844	-0.0737864	-0.0105385	0.232988	-0.0307139
-0.0371508	-0.0380981	-0.0206769	-0.00205952	-0.0357706	0.0776385	0.0413129	-0.00446599	0.0234657	-0.00419473
-0.0135238	-0.0129733	-0.00748036	-0.000105928	-0.000409379	0.00908938	0.028201	-0.000161004	-0.00260044	-3.6234e-05
0.0	0.0	0.0	0.0	0.0	0.0	0.0	0.0	0.0	0.0
-5.02626e-06	-1.59652e-06	-5.93653e-05	0.000690695	-1.76087e-06	-5.5633e-05	-2.70555e-07	-1.31419e-05	-6.39419e-05	-0.000489959
-0.00155979	-0.0230649	-0.00819925	0.00569674	-0.00286003	0.00321328	-0.00151852	0.0365464	-0.00430131	-0.00395263
-0.00357313	0.00472104	0.00730998	0.145085	-0.0409474	-0.154761	-0.0437439	0.157278	-0.0415017	-0.0298661
-0.0479405	0.0185175	0.116961	0.180749	0.0210713	-0.230122	0.0356038	0.106924	-0.105568	-0.0961937
-0.029227	-0.0217598	0.0988773	0.236455	0.184334	-0.163814	-0.121076	0.224799	-0.1292	-0.279383
0.015801	-0.0942935	0.183392	0.284495	0.111485	-0.0965789	-0.276597	0.344106	-0.179497	-0.292307
0.0378298	-0.249291	0.142148	0.0668055	0.0668533	0.0412437	-0.0564589	0.319316	-0.0503715	-0.318074
-0.0153063	-0.373158	0.0599758	0.195495	-0.0421127	-0.0239612	-0.0388859	0.364442	0.0476285	-0.174118
-0.254903	-0.467776	0.253213	0.331544	0.0914641	-0.0962871	-0.162796	0.202351	0.0756488	0.027541
0.00193926	-0.189326	0.249274	0.369253	-0.152429	-0.0407813	-0.357751	0.289156	-0.125859	-0.0434761
-0.0452639	-0.0514362	-0.0426646	0.173339	-0.278428	-0.060376	-0.311669	0.423478	-0.00776185	0.200781
-0.229351	-0.233898	0.0682998	0.00366348	-0.164947	0.014367	-0.190432	0.285294	0.33484	0.112166
0.269608	-0.296021	0.0322868	0.372317	-0.343126	-0.039056	-0.426404	-0.0227587	0.0569598	0.396195
0.192752	-0.229908	-0.0185895	0.122973	-0.409479	0.205422	-0.292063	-0.0141513	0.0455059	0.397539
-0.0502908	-0.281265	0.0856803	0.130549	-0.478821	-0.0469026	-0.117794	0.0809698	0.38997	0.287907
0.0719612	-0.233943	0.17804	0.249406	-0.39774	-0.138645	-0.256871	0.0350749	0.0833085	0.409408
0.177155	-0.389393	-0.0112904	0.00431101	-0.214043	-0.00279141	-0.202053	0.11844	0.180103	0.339562
0.356662	-0.0901181	-0.0527095	0.331054	-0.424256	0.0957379	-0.397348	0.0417131	-0.214551	0.353817
0.0670784	-0.230552	-0.117612	-0.156275	-0.0775983	0.295137	-0.190915	-0.0632098	0.405213	0.0687341
0.103733	0.0350107	-0.183037	0.081841	-0.208644	0.185835	-0.0796579	-0.0991959	0.0698954	0.0942198
0.339533	0.0730208	-0.0944427	0.0735878	-0.111872	-0.0639854	-0.0861026	-0.0195455	-0.0453598	-0.0648323
0.410181	0.0978693	-0.181208	-0.101228	0.202569	0.194148	-0.0675473	-0.158273	-0.109806	-0.286704
-0.0079097	0.109763	-0.471737	-0.157151	0.491531	0.278842	0.0792146	-0.23627	0.219069	-0.305355
-0.434796	0.00490145	-0.285216	-0.0604627	0.122639	0.798628	0.0673788	-0.100581	0.0928811	-0.205371
-0.307999	-0.131734	-0.0711842	-0.0515381	-0.0328626	0.472265	-0.0392317	-0.0451391	0.274149	-0.066722
-0.142036	-0.018753	-0.0119321	-0.00547893	0.0593313	0.166884	-0.0487451	-0.0133285	0.0385739	-0.0245152
-0.0373538	-0.000319249	-0.000551838	-0.000395691	-0.00192961	0.0519118	-0.00296204	-0.000722204	-0.00692623	-0.000751113
0.0	0.0	0.0	0.0	0.0	0.0	0.0	0.0	0.0	0.0
-0.000334127	-0.00223705	-0.00199605	0.0193772	-0.00108671	-0.00204074	-8.46052e-05	0.00669584	-0.00478758	-0.0135062
-0.000673398	-0.0369782	0.0286741	-0.0244167	-0.00434182	-0.0202119	-0.00653912	0.0884738	-0.00788182	-0.0161048
-0.00565263	-0.0165796	0.0586575	0.0641929	-0.0175545	-0.168949	-0.0529566	0.278774	-0.0453062	-0.0946234
-0.0868407	-0.000711295	0.310029	0.333704	0.0948849	-0.499514	0.0301129	0.134587	-0.0561602	-0.260086
-0.0196764	-0.148646	0.211292	0.46907	0.302905	-0.296913	-0.0792572	0.0694946	-0.037663	-0.4706
0.0669148	-0.24596	0.36016	0.204736	0.120191	-0.04268	-0.336495	0.280415	-0.0855719	-0.321706
-0.00768884	-0.276411	-0.0684758	0.0876263	0.136577	0.153257	0.00996559	0.274123	0.0187753	-0.327749
-0.190887	-0.523664	0.189398	0.102248	-0.0105257	0.248872	-0.0684817	0.125185	0.18409	-0.0562334
0.0582566	-0.317038	-0.00788576	0.0765505	0.0302506	0.06704	-0.152299	0.251724	-0.0463147	0.0397159
0.0394364	-0.0862551	-0.123667	-0.0132571	-0.219218	0.270574	-0.250316	0.340348	0.101981	-0.0596259
0.0890666	-0.244462	0.0918465	0.0143278	-0.109719	0.15343	-0.0888851	0.234952	-0.194868	0.0543119
-0.0320544	-0.0362237	-0.0601019	0.198601	-0.445044	0.0556271	-0.163896	0.223856	-0.140586	0.399823
0.137385	-0.2547	0.328388	-0.0245072	-0.288039	-0.218891	-0.334679	0.154283	-0.0225724	0.523337
0.0390622	-0.126613	0.0926677	0.299569	-0.403524	0.233162	-0.103192	-0.108882	-0.36718	0.444932
-0.0904268	-0.436892	-0.0718308	0.263246	-0.327634	-0.22425	-0.129965	0.129673	0.344855	0.543228
-0.0523155	-0.221437	0.0700597	0.0179602	-0.388474	0.118336	-0.363209	0.209359	0.0684983	0.541222
0.282264	-0.235677	-0.265457	0.197194	-0.0926082	0.0648614	-0.239784	0.259567	-0.227753	0.257396
0.325226	-0.314588	-0.0331901	-0.147083	-0.296092	0.0870565	-0.326896	0.366288	0.164057	0.175221
0.196366	-0.0964875	-0.105865	0.108359	-0.0587862	0.0598737	-0.312939	0.176077	-0.076977	0.110378
-0.00312464	0.0510526	-0.223294	0.0282508	-0.0870773	0.0816498	-0.312044	0.329839	-0.0407267	0.175473
0.0113288	-0.0718552	-0.0122599	-0.253401	-0.0842467	0.210747	-0.200592	0.185396	0.169967	0.0449146
0.0959811	-0.0801676	0.169055	-0.253901	0.150817	0.250561	-0.306458	0.138864	0.000825635	-0.165579
0.23228	-0.123137	-0.572248	-0.260304	0.391578	0.376157	-0.179317	0.015023	0.341546	-0.221578
-0.154234	-0.356376	-0.436411	-0.193463	0.17832	0.741324	0.0850545	-0.0598286	0.43082	-0.235199
-0.349498	-0.213705	-0.090859	-0.0664369	0.0165796	0.82992	-0.110632	-0.0687766	0.158114	-0.104702
-0.163955	-0.00837369	-0.0171285	-0.00454743	0.0874883	0.158826	-0.0459276	-0.0129523	0.0495407	-0.0429698
-0.0114819	-0.00410483	-0.00134137	-0.000330929	-0.00259636	0.0246242	-0.010768	-0.0004993	0.00761491	-0.0011165
0.0164993	-2.83976e-07	-0.000260232	-8.0595e-07	-0.000600166	-5.69919e-06	-7.6864e-06	-0.0102471	-2.35732e-05	-0.00535377
-0.000365195	-0.00187268	0.00150324	-0.00794918	-0.0141009	-0.0015613	-0.000257379	0.0688043	-0.00493713	-0.0392638
0.00258725	-0.0231124	0.0109247	-0.0217963	0.0155602	-0.0226753	-0.00611803	0.132154	-0.0118255	-0.0756984
0.0101457	-0.00431033	0.0358907	0.0897232	-0.00291901	-0.17698	-0.046223	0.372809	-0.0116088	-0.266524
-0.120567	-0.0316301	0.352755	0.388453	0.0464218	-0.656021	0.0321366	0.314466	0.0246404	-0.350642
-0.06692	-0.0954823	0.111786	0.209005	0.226934	-0.333624	-0.136912	0.271597	0.124312	-0.31069
-0.0409536	-0.234664	0.031827	0.0451988	0.045825	-0.0615543	-0.277218	0.270484	0.253991	-0.032935
-0.0636201	-0.185485	0.0071576	0.0619284	0.0740748	-0.19938	-0.172066	0.570468	0.23834	-0.33142
0.0196899	-0.451933	0.0810707	-0.0795638	-0.157166	0.139646	-0.178796	0.333262	0.0131042	0.280687
0.266193	-0.478309	-0.0678315	-0.117309	0.13756	0.101904	-0.131019	0.173173	0.209331	-0.0936912
-0.00815114	-0.220679	0.298769	0.0758831	-0.168438	0.11658	-0.217746	0.0348451	0.167916	-0.0789771
-0.0560015	-0.293246	0.105088	0.062829	0.0271357	0.102529	-0.164936	0.331264	0.0156573	-0.130318
0.201667	-0.0543017	-0.0786589	0.12466	-0.2177	-0.0518425	-0.188165	0.389301	0.230321	-0.355276
-0.0323405	0.012915	-0.0616507	0.0864542	-0.301458	-0.0661866	-0.21662	0.012248	0.343557	0.223084
0.214157	-0.0386093	0.0268919	0.184711	-0.417951	-0.0563711	-0.452455	0.272878	-0.175397	0.442147
0.244232	0.00787544	-0.0155747	0.163427	-0.256133	-0.193794	-0.521475	0.380266	-0.0450578	0.236235
0.547756	-0.316588	-0.106607	0.098634	-0.474809	-0.0257146	-0.451782	0.296	0.220453	0.21266
0.256119	0.126616	-0.0153792	0.0805419	-0.218019	-0.00106003	-0.342023	0.189405	-0.0681611	-0.00803922
0.0961409	-0.220047	-0.205289	0.316568	-0.00947187	-0.0728969	-0.621575	0.459813	0.115205	0.141553
0.0424226	-0.111254	0.229021	0.0941613	-0.140314	0.126154	-0.53698	0.121029	0.188128	-0.012369
0.233639	-0.266852	0.0443058	0.0950886	-0.102523	0.286526	-0.389956	0.241525	0.0775489	-0.219302
0.0773485	-0.264574	-0.134218	0.0404223	-0.0435488	0.180122	-0.266729	-0.0388286	0.189907	0.260098
0.204239	-0.254863	-0.0493124	0.311766	-0.188137	0.0636284	-0.460647	0.257786	0.116789	-0.00125134
0.471088	-0.478734	-0.0407471	-0.536123	0.146827	0.680322	-0.499417	0.137049	0.320316	-0.200579
0.107826	-0.525217	-0.481943	-0.42738	0.116437	1.15617	-0.318376	-0.122864	0.666238	-0.170878
-0.362588	-0.238265	-0.168848	-0.0922555	0.122345	0.918607	-0.230084	-0.121012	0.294995	-0.122889
-0.139958	-0.0181094	-0.0245803	-0.00640468	-0.0538581	0.257169	-0.12813	-0.0188789	0.173564	-0.0408123
-0.00833235	-0.00307195	-0.00273414	-0.000102083	-0.00232077	0.00840008	-0.0125214	-0.00455197	0.0270706	-0.00183599
-4.14501e-06	-3.2361e-05	-1.18896e-05	-0.000169027	-0.000727788	-8.16445e-05	-3.26867e-06	0.00266311	-2.5912e-05	-0.00160708
-0.000486085	-8.91326e-05	-0.0011487	-0.00675099	-0.0140642	-0.0015941	-0.000136314	0.0796571	-0.00352264	-0.0518649
0.00828658	-0.015049	-0.0296198	0.0444708	0.00683236	-0.0103107	-0.0107912	0.144437	-0.0296835	-0.108572
0.0343654	-0.00989405	0.0633101	0.203732	-0.142053	-0.195589	-0.0568911	0.413406	-0.0424608	-0.26792
-0.0692083	-0.0959239	0.236178	0.573612	-0.233179	-0.518314	0.0581279	0.41903	0.0330175	-0.403331
-0.0447778	-0.263267	0.417714	0.171713	-0.0528126	-0.315051	-0.244611	0.270545	0.108727	-0.0481766
-0.103736	-0.262386	-0.0844193	0.125836	-0.110764	-0.087843	-0.251963	0.263182	0.266993	0.245101
-0.12772	-0.137644	-0.107056	0.218932	-0.095356	-0.033754	-0.0381793	0.209308	0.133787	-0.0223196
-0.0952746	-0.246287	-0.0797284	0.15412	-0.0529835	0.111957	-0.171807	0.170589	0.15857	0.050846
0.0786831	-0.40692	0.123775	0.0748094	-0.00253153	-0.0582175	-0.217883	0.247862	0.225017	-0.0645918
0.176307	-0.195173	0.262955	-0.0960594	-0.262173	0.181963	-0.344044	-0.04099	0.0940915	0.223124
-0.0727821	-0.103907	-0.0309612	-0.323597	-0.0560819	0.334313	-0.118707	0.165615	0.107185	0.098926
0.0129852	-0.122869	0.0337153	-0.21799	-0.135968	0.221738	-0.218488	0.48037	-0.129897	0.0764034
0.331721	0.0513371	0.0290536	-0.158184	-0.119296	-0.067244	-0.474481	0.249633	0.064429	0.0930327
-0.0201072	0.161347	0.122182	0.292441	-0.654684	-0.216987	-0.241802	0.610058	-0.243862	0.191416
-0.269949	0.526273	0.210343	0.488337	-0.36144	-0.454607	-0.438061	0.412785	-0.475103	0.361427
0.162083	0.168276	0.247891	0.328876	-0.0336425	-0.446225	-0.589501	0.293164	-0.0898172	-0.0411039
0.32042	0.00157534	-0.0813256	0.135293	-0.114506	-0.185458	-0.73624	0.587787	0.0712391	0.00121778
0.241651	-0.117903	0.072866	0.00761298	0.115615	-0.0453883	-0.622555	0.290014	-0.0810778	0.139168
0.335888	-0.250818	-0.00586046	0.188543	-0.109324	-0.0725296	-0.589306	0.344367	0.0561926	0.102849
0.286021	-0.386467	-0.0422153	0.277023	0.0583961	0.00497414	-0.375155	0.0101405	0.0869599	0.0803245
-0.145479	-0.298189	-0.16739	0.13156	0.0539255	0.382682	-0.173473	0.298847	0.143504	-0.225987
-0.104218	-0.394588	0.0478739	0.403939	-0.0167103	0.255828	-0.517917	0.23438	0.115308	-0.0238975
0.528174	-0.498465	-0.0957382	-0.230791	0.0509933	0.594226	-0.399983	-0.0205115	0.361285	-0.289188
0.37507	-0.342606	-0.481791	-0.426008	-0.239193	1.39493	-0.377155	-0.0735629	0.414682	-0.244357
-0.33069	-0.171941	-0.127924	-0.062822	-0.200458	1.17354	-0.376105	-0.0403336	0.295557	-0.158816
-0.126255	-0.0219553	-0.00602021	-0.0133207	-0.0814527	0.267709	-0.165572	0.0147995	0.194743	-0.0626739
-0.00152186	-0.00298858	-0.00140731	-0.00050095	-0.00780847	0.0158755	-0.00765725	0.0576401	-0.0474982	-0.00413296
-6.04424e-06	-3.76936e-05	-2.44377e-05	-0.000283223	-0.000848955	-0.000102759	-3.85422e-06	0.00355403	-3.56375e-05	-0.00221142
-0.000510949	-4.09414e-05	-0.000417003	-0.00443123	-0.0133359	-0.00144234	-4.90154e-05	0.0749386	-0.00188215	-0.0528291
0.0412221	-0.0077238	-0.0252732	0.0177173	-0.0342701	-0.0126587	-0.0374731	0.22228	-0.0216904	-0.142129
0.0175335	-0.0604584	0.102354	0.333286	-0.135667	-0.173171	-0.0738302	0.322314	-0.114836	-0.217518
-0.0345759	-0.123438	-0.0607678	0.323788	-0.202403	-0.201933	-0.0498894	0.392185	0.205702	-0.248664
0.0573288	-0.277241	0.411644	-0.00639561	-0.225168	-0.16778	-0.218555	0.255018	0.0593987	0.111756
-0.0680992	-0.423776	0.448788	0.0250379	-0.235291	-0.0944142	-0.167185	0.142515	0.137866	0.234559
-0.125306	-0.289379	0.0108044	-0.0083057	-0.11898	0.193379	0.0289671	0.108841	0.224495	-0.0245151
-0.0602905	-0.202338	0.0150134	-0.236352	-0.0568231	0.352404	0.0254113	-0.115416	0.145698	0.132695
0.0978989	-0.299254	-0.1661	-0.523893	0.156136	0.412867	-0.228825	0.173929	0.254831	0.12241
-0.103184	-0.00677275	0.0505121	-0.435396	-0.0147806	0.208376	-0.115136	-0.0298341	0.283064	0.16315
0.121078	0.152847	0.082165	-0.467354	-0.0185619	0.164341	-0.144033	-0.220196	0.24548	0.0842377
-0.0430034	-0.0392227	0.0358868	-0.536625	0.287017	0.364931	-0.325528	-0.264582	0.334311	0.186818
0.163251	0.364195	-0.202595	0.113025	-0.300671	0.119807	-0.128307	0.219372	-0.0136209	-0.334453
0.0678272	0.552756	0.0386496	0.210964	-0.96521	0.0491582	-0.31062	0.431136	-0.035085	-0.0395708
-0.177472	0.826414	-0.169671	0.110867	-0.0592922	-0.109804	-0.510142	0.517204	-0.319727	-0.108376
0.0688671	0.24843	0.0198758	0.23674	-0.214716	-0.21821	-0.468379	0.717558	-0.384097	-0.006068
0.383044	0.118402	0.241283	0.188076	0.0700007	-0.470755	-0.461199	0.276812	-0.24621	-0.0994531
0.283908	-0.209262	0.116236	0.163377	0.00576171	-0.548032	-0.470696	0.36318	0.252282	0.0432479
0.0080063	-0.170115	-0.0390141	0.203544	0.1514	-0.460887	-0.504842	0.453244	0.34556	0.0131022
0.210622	-0.411278	-0.0972605	0.327514	-0.14857	-0.229986	-0.261707	0.453957	0.155895	0.000816212
0.146211	-0.300024	-0.137371	0.0909269	-0.0189253	-0.0346639	-0.251637	0.425288	0.171659	-0.0914641
0.233453	-0.38107	-0.0942404	0.204707	-0.0671588	-0.00487216	-0.398797	0.275174	0.254176	-0.0213703
0.517009	-0.385893	-0.159803	-0.05643	-0.476939	0.709986	-0.117279	-0.217112	0.33023	-0.143763
0.390359	-0.306897	-0.395194	-0.299894	-0.360087	1.72942	-0.260815	-0.151329	-0.001265	-0.344281
-0.336634	-0.116126	-0.0694061	-0.0263802	-0.254017	1.51849	-0.47583	-0.0210158	-0.1057	-0.113377
-0.15358	-0.031672	0.0297877	-0.00741753	-0.105555	0.425921	-0.164994	0.010006	0.0566152	-0.0591098
-0.00062783	0.00130428	-0.000776898	-0.000166313	-0.00220735	0.00549264	-0.0219174	0.0144322	0.0123004	-0.00783376
-2.9591e-05	-6.70097e-06	-2.38891e-05	-0.000176941	-0.00012157	-9.00586e-05	-4.30562e-06	0.00141612	-4.06393e-05	-0.000922421
0.00942353	0.000498789	-0.00073874	-0.00306579	-0.0299345	-0.0113187	-0.000216072	0.105719	-0.00226302	-0.0681048
-0.00428457	-0.000157045	-0.0121851	0.018513	-0.134151	-0.0232426	-0.0013728	0.411809	-0.0130594	-0.24187
0.00281345	-0.0411854	-0.0440871	0.32778	-0.100245	-0.226885	-0.0758539	0.39991	-0.015152	-0.22709
-0.184673	-0.0757137	-0.160882	0.300003	-0.27549	-0.0999266	-0.0264966	0.453353	0.0838831	-0.0140511
-0.12988	-0.147325	0.0267733	-0.130349	-0.126834	-0.0631104	-0.0110863	0.117749	0.249874	0.214191
0.0180819	-0.381005	2.67761e-05	-0.265434	0.0789442	0.2649	-0.063476	-0.0101682	0.163836	0.194298
0.0280698	-0.345377	-0.220138	-0.525282	0.00736878	0.14969	0.188908	0.109807	0.50717	0.099783
-0.00963263	-0.278848	-0.395714	-0.412448	0.147255	0.171791	0.0334953	-0.182047	0.311335	0.614815
-0.227509	-0.30023	-0.436414	-0.494193	0.382831	0.161281	0.162839	0.217803	0.376331	0.157253
-0.0541782	-0.127185	-0.841948	-0.370078	0.499449	0.0883426	0.0140344	0.337372	0.217296	0.236893
-0.0555963	-0.0863481	-0.681065	-0.175582	0.0867548	0.103797	-0.100581	0.312979	0.212417	0.383222
-0.334164	-0.112285	-0.806062	0.0135612	0.600093	0.203143	0.146921	-0.0509617	0.155788	0.183968
-0.0604394	0.391584	-0.940899	0.337679	-0.839183	0.56907	0.215458	0.12167	0.181232	0.0238307
-0.432374	0.725632	-0.576524	0.124052	-0.898788	0.0771732	-0.238547	0.515302	0.684745	0.0193292
-0.689132	0.740026	-0.496004	0.245266	0.377754	-0.203961	-0.647894	0.412024	0.0128161	0.249104
-0.602698	0.193198	-0.193779	-0.00434884	0.473976	-0.230107	-0.201109	0.404528	-0.149172	0.309515
-0.0292784	-0.115434	-0.369222	0.355211	0.197322	-0.204496	-0.374349	0.332007	-0.201437	0.409678
-0.248584	-0.0225375	-0.0676219	0.128	0.00386026	-0.0794313	-0.29758	0.49944	-0.220171	0.304627
0.0256182	-0.187171	0.299027	0.0938249	-0.0196773	-0.386298	-0.203949	0.216673	-0.00823742	0.170191
0.192763	-0.189199	-0.125448	0.37431	-0.210263	-0.663517	-0.151589	0.32616	-0.111727	0.558513
0.383414	-0.228579	-0.00189308	-0.0758296	-0.229015	-0.474841	-0.0583943	0.316577	0.00994159	0.35862
0.243081	-0.222143	-0.0727367	-0.0120623	-0.251436	-0.532521	-0.0988949	0.302899	0.317545	0.326267
0.303396	-0.195062	-0.134304	-0.212442	-0.483178	0.186304	0.326516	-0.218095	0.496951	-0.0700837
0.402675	-0.185143	-0.15849	-0.232666	-0.467813	0.764827	-0.0361675	-0.18464	0.365192	-0.267762
-0.224667	-0.106948	0.0674686	0.00744349	-0.207584	1.04184	-0.462395	-0.0810711	0.0927	-0.126781
-0.106703	-0.0336316	0.0371408	-0.00338613	-0.03875	0.280762	-0.269599	-0.0131056	0.185172	-0.0378982
-0.000435469	0.00612804	-0.00186242	-8.45282e-05	-0.00154322	0.00452043	-0.0134833	0.00368826	0.0058767	-0.00280446
-1.49622e-06	-3.32399e-08	-1.18148e-05	-6.96031e-05	-1.76474e-06	-1.42234e-05	-1.7259e-08	0.00175088	-2.06983e-05	-0.00163123
2.48677e-05	-0.000241148	-5.47789e-05	-0.00310167	-0.0422983	-0.0158476	-0.000296918	0.104366	-0.00123448	-0.0413158
-0.00479651	-0.00344084	-0.00194633	-0.0086791	-0.157051	-0.021588	-0.00134564	0.422564	-0.00929276	-0.214424
-0.0277863	-0.00391466	-0.159001	0.0704174	-0.209017	-0.0932567	-0.0649778	0.577908	0.0905254	-0.180895
-0.133057	0.00376433	-0.249103	-0.00646979	-0.396396	0.0161045	-0.0644797	0.50982	0.0116525	0.30817
-0.010137	-0.0687723	-0.540714	-0.224436	-0.06929	0.0130262	-0.0318573	0.26029	0.312341	0.35955
0.250204	-0.129289	-0.912936	-0.310925	0.185518	0.332431	0.168006	-0.0188005	0.0620082	0.373783
0.0138081	-0.179808	-1.06834	-0.288108	0.343638	0.0724284	0.259517	0.385468	0.261195	0.200199
-0.0885153	-0.205733	-0.529131	-0.3611	0.443597	-0.0203597	0.183522	0.492122	-0.0788346	0.16443
-0.0663705	-0.111764	-0.543143	-0.119557	0.201447	-0.0907721	0.24604	-0.0568574	0.100786	0.440189
0.0223657	-0.33114	-0.652327	0.22126	0.516782	0.296017	-0.0267881	-0.155616	-0.195499	0.304947
0.0221788	-0.48263	-0.606908	-0.154207	0.520133	0.155917	0.326454	0.0870614	-0.100186	0.232185
0.151193	0.0896977	-0.578929	0.0160943	0.990612	0.14108	0.177887	-0.71113	0.0611925	-0.337699
0.0548597	0.212977	-0.39856	0.0417036	-0.038831	0.287697	0.235643	-0.946002	0.50729	0.0432234
-0.584717	0.977106	-0.511729	0.571164	-0.604773	-0.119495	-0.263581	0.0184024	0.249607	0.26801
-0.860172	0.455139	-0.529743	0.245674	0.166724	0.0280184	-0.363121	0.414503	0.094799	0.348183
-0.661799	0.129369	-0.226029	0.183693	0.361906	-0.355147	-0.0936515	0.456131	-0.0482731	0.253804
-0.0363367	0.135009	-0.325933	-0.0251126	0.0308192	-0.46999	-0.121339	0.440053	0.100874	0.271962
-0.0400063	-0.00706172	-0.271735	0.147543	-0.0168608	-0.343449	-0.199595	0.380452	-0.0602423	0.410959
0.0950718	-0.197079	0.271606	-0.0655694	0.151227	-0.373933	-0.366087	-0.124614	0.235953	0.373424
0.0843439	-0.143766	-0.0698553	0.0177904	0.144604	-0.439001	-0.174481	0.00838652	0.205929	0.36605
0.112261	-0.0851708	0.00390739	-0.609467	0.320149	-0.860405	0.0795823	0.146905	0.440385	0.451848
0.30091	-0.0852172	-0.0728288	-0.487986	0.143426	-1.21369	0.366541	0.11644	0.437798	0.494611
0.43856	-0.054193	-0.365623	-0.293349	-0.20154	-1.14893	0.761538	-0.229297	0.738121	0.354718
0.64649	-0.0639021	0.160099	-0.129915	-0.12671	-1.05417	0.336967	-0.179496	0.717184	-0.306537
-0.0246662	-0.0450618	0.318741	0.0199866	-0.0633516	0.0330362	-0.266959	0.0194104	0.162644	-0.153778
-0.0649943	-0.0332254	0.212685	-0.000490472	-0.0260369	0.181894	-0.289504	0.0425262	0.0284383	-0.0512908
-0.000375129	0.00449122	0.0234312	-0.00011617	-0.0110195	-0.00456032	-0.0159318	0.0198292	-0.013961	-0.00178764
-6.4679e-09	5.84934e-05	-7.10136e-06	-1.98683e-05	-1.8871e-07	-1.90118e-06	-1.43522e-06	-1.09641e-05	-5.90006e-06	-1.11281e-05
0.000703917	-4.21893e-05	-3.81243e-05	-0.00162088	-0.0314379	-0.00261117	-0.000328158	0.0595242	-0.000251702	-0.023898
-0.00219536	-0.00111669	-0.000851173	-0.00564244	-0.103103	-0.00567611	-0.000544855	0.262927	-0.00236449	-0.141433
-0.00902616	0.0120636	-0.200978	0.0267585	-0.169125	0.00083778	-0.0565587	0.469622	0.0553428	-0.128936
0.031894	0.0369864	-0.595002	-0.219555	-0.170647	0.106084	-0.104961	0.289589	-0.0667613	0.692383
-0.00714902	-0.0506653	-0.873118	-0.245526	0.236956	0.220455	0.0976568	0.0947018	0.0923915	0.434296
0.311493	-0.101804	-1.10107	-0.27037	0.483456	-0.106301	0.473714	0.148866	0.0159469	0.146064
0.304392	-0.165047	-0.827658	-0.318501	0.325718	0.157091	0.0580429	0.136974	0.0232877	0.3057
0.086281	0.0103637	-0.346287	-0.189423	0.375484	-0.0325628	0.00535461	-0.0382828	-0.10592	0.234993
0.0967344	-0.0811295	-0.267398	-0.114966	0.391133	0.0663675	0.078618	-0.183017	0.0607549	-0.0470987
0.186009	-0.684244	-0.176726	-0.177373	0.457536	0.190258	0.264916	0.0288063	-0.210661	0.121478
0.0499197	-0.717238	0.0996129	-0.206977	0.574022	0.314933	-0.020862	-0.21331	0.103875	0.016023
0.105336	0.049306	-0.11948	0.105772	0.443263	0.50681	0.119651	-1.11797	0.22566	-0.318348
-0.468232	0.288183	0.170665	0.389354	-0.307958	0.280308	0.139534	-1.0936	0.53306	0.0686802
-0.684477	0.605537	0.0574123	0.263398	-0.070178	-0.103304	-0.204344	-0.0435388	-0.0802031	0.2597
-0.881117	0.386643	-0.282166	-0.216778	0.42554	-0.254028	0.0682001	0.0222369	0.417311	0.314166
-0.623101	0.134245	-0.27739	0.132202	0.199803	-0.459685	0.0752771	0.188663	0.124667	0.505319
-0.1919	0.395253	-0.0777072	0.0586345	0.167455	-0.213337	-0.297302	0.0454837	-0.156534	0.269958
-0.0405182	-0.20863	-0.22959	0.22608	0.217816	-0.153817	-0.176563	0.0727497	0.0483252	0.244147
-0.0670233	-0.312608	-0.225836	0.0200561	0.0774021	0.0124742	0.125819	-0.174481	0.0682915	0.475905
-0.34125	-0.188863	-0.232292	-0.524191	0.344879	0.00593736	-0.0871786	0.318311	0.310408	0.394242
-0.0904154	-0.130409	0.0426363	-0.549262	0.395568	-0.289209	0.262375	0.14653	-0.159472	0.371659
0.231473	-0.140646	-0.0254337	-0.668221	0.34452	-0.359592	0.420462	-0.0907815	0.0403225	0.247899
0.446862	-0.130784	-0.0803113	-0.302722	-0.0419974	-0.768303	0.864325	-0.0770811	0.320056	-0.230044
0.488299	-0.120692	0.570361	-0.0871973	-0.257111	-0.861788	0.426532	0.0461766	0.260775	-0.465343
0.117	-0.0776661	0.667565	0.00137089	0.02228	-0.246856	-0.333477	0.0448194	0.0482372	-0.243272
-0.0192874	-0.0401111	0.484715	-0.00152104	-0.0155245	-0.0148277	-0.282661	0.00198054	-0.0356632	-0.0770992
-0.00293855	-0.000694893	0.150444	-0.00398957	-0.0372083	-0.0403384	-0.0491673	-0.0108079	-0.00291988	-0.00237926
-4.14364e-05	-1.24914e-06	-2.63012e-05	-0.00214798	-0.000129706	0.00953278	-0.000134689	-6.60676e-05	-0.000278498	-0.00670685
-5.63447e-05	-1.29047e-05	-0.0145122	0.0153989	-0.0171149	-0.00120231	-1.40017e-05	0.0313783	-0.000874983	-0.0129896
-0.000738224	0.00142031	-0.0097766	0.0080814	-0.0426518	-0.00191891	-5.65999e-05	0.142191	-0.00129271	-0.0952577
-0.0854169	0.0231848	-0.169541	0.0353711	-0.0132877	0.0301682	-0.0272725	0.235607	-0.00893235	-0.0198787
-0.0299429	0.0384414	-0.391564	-0.116239	0.389871	0.0768041	-0.292535	0.130856	-0.163368	0.357686
0.271078	-0.0688013	-0.662523	-0.348242	0.550092	-0.0308834	0.0492474	0.138076	0.0153191	0.0866392
0.167258	-0.127158	-0.248778	-0.432981	0.325604	-0.0949178	0.285702	-0.112665	-0.0742096	0.312147
0.494285	-0.18564	0.106566	-0.363147	0.392212	-0.0490225	-0.0125291	-0.0636875	-0.493045	0.174008
0.222117	-0.00458271	-0.117501	-0.168339	0.338377	0.0933471	0.127186	-0.149225	-0.337981	-0.00339991
0.279821	-0.248239	-0.126202	-0.101204	0.264138	0.142147	0.33805	-0.30796	-0.275514	0.0349584
-0.0435287	-0.728137	0.0735764	-0.151671	0.258756	0.347661	0.32403	-0.118501	0.000345085	0.0374716
0.141641	-0.66392	0.0988153	-0.261893	0.368462	0.0155614	0.506963	-0.513106	0.299742	0.00773491
0.23835	0.114144	-0.116619	0.175433	0.353302	0.0707738	0.198087	-1.05093	0.196129	-0.178663
-0.246792	0.292601	0.260415	-0.0560958	-0.249199	0.0125712	-0.0337472	-0.59362	0.512484	0.101382
-0.761449	0.57118	0.103867	0.133954	0.0488261	-0.0542708	-0.157759	-0.164158	0.225739	0.054074
-0.725122	0.425039	-0.184023	0.0257291	0.173643	-0.0807268	0.0756439	-0.115077	0.180076	0.224821
-0.801491	0.243493	-0.0578186	-0.0179595	0.383479	-0.308286	0.225567	0.0169734	-0.0235068	0.33955
-0.168111	-0.169935	-0.307249	0.109042	0.585747	-0.360766	-0.371382	0.291403	0.105686	0.285567
-0.0694028	-0.607483	0.144253	0.00773909	0.205976	-0.223284	-0.111259	0.50604	-0.0975654	0.244989
-0.175493	-0.484688	-0.0754332	-0.19009	0.399028	-0.33451	0.0123582	0.754365	0.0441713	0.0502927
0.050282	-0.280921	0.0823322	-0.34412	0.221492	-0.0384678	-0.138435	0.39792	-0.194108	0.244025
0.206761	-0.192448	-0.13953	-0.0136091	0.0733607	-0.153905	0.126404	0.0421035	-0.150872	0.201733
0.118392	-0.134904	-0.0901553	-0.299154	0.162031	0.100911	0.337117	0.297754	-0.44898	-0.0430119
0.389582	-0.0982974	0.194432	-0.192094	-0.0705008	-0.054465	0.447855	0.33389	-0.410045	-0.540354
0.532017	-0.0500606	0.419195	-0.0140522	-0.262548	-0.233662	0.303808	0.0424289	-0.228422	-0.508699
0.0915691	-0.0406639	0.626154	-0.0282827	-0.0919193	-0.309627	-0.0918737	-0.0747252	0.0653144	-0.145942
-0.00938291	-0.00601946	0.400083	-0.0167889	-0.0891919	-0.0413475	-0.20176	-0.00842623	-0.00951562	-0.017651
-0.000271059	-3.15725e-05	0.0147725	-0.00285867	-0.00405025	-0.00177075	-0.00510457	-0.000131679	-0.000507871	-4.60547e-05
-1.58855e-05	-5.01066e-07	-8.6589e-06	-0.000705566	-5.23882e-05	0.00305893	-4.46443e-05	7.9908e-05	-9.58412e-05	-0.00221535
-5.91222e-05	-7.42322e-06	-0.031119	0.0344183	-2.7486e-05	-0.00131446	-6.75523e-06	-5.79457e-05	-0.0017894	-3.67174e-05
-0.00167829	0.00896152	-0.016586	0.0383826	0.022158	-0.00714273	-0.000299759	0.0320499	-0.0024083	-0.073437
-0.104792	0.00482652	0.0292183	0.027856	0.0920427	-0.0337687	-0.0867016	0.110222	-0.0142831	-0.0246183
0.133016	-0.0061952	0.112818	0.0632326	0.268107	-0.0523673	-0.452116	-8.93758e-05	-0.165412	0.0990111
0.406503	-0.125711	0.308986	-0.0543609	0.211204	-0.287001	-0.0731332	-0.133054	-0.307423	0.0539938
-0.0932978	-0.219858	0.384317	-0.0262389	0.211613	-0.142483	0.233238	-0.11446	-0.295783	0.0629516
0.377217	-0.16741	-0.0620928	-0.251945	0.373204	-0.220967	0.27559	-0.183696	-0.223467	0.0835636
0.287332	-0.0693488	-0.15451	-0.326466	0.309776	0.0736599	0.231046	-0.32325	-0.133453	0.105216
0.297876	-0.340083	0.00431565	-0.300181	0.377344	0.219422	0.130873	-0.321262	0.0111414	-0.0794439
0.36257	-0.534815	0.0212649	-0.242446	0.312338	0.10635	0.243789	-0.167014	-0.143115	0.0410812
0.0472199	-0.201623	-0.129007	-0.0959579	0.415956	0.0551176	0.460725	-0.522962	-0.115709	0.0862376
-0.0756697	0.241422	-0.136142	0.0295248	0.205625	0.139822	0.280205	-0.716778	0.132151	-0.100158
-0.610182	0.45951	0.212275	0.0069306	-0.254379	-0.0271937	0.163302	-0.267823	0.395577	-0.0780151
-0.915256	0.716628	0.127933	0.2115	0.0499884	-0.307959	0.24992	-0.385519	0.449411	-0.196642
-0.67879	0.040623	0.0418528	0.203248	0.201219	-0.240927	0.0117098	0.149952	0.0774623	0.193654
-0.496706	0.344279	-0.00316392	-0.046085	0.545566	-0.11532	-0.0878468	-0.245801	-0.0952947	0.200375
-0.293548	-0.578777	-0.170327	-0.0239913	0.50872	-0.262647	-0.0255233	0.649386	-0.200565	0.397274
-0.0397187	-0.611333	-0.194184	-0.210523	0.0925279	0.289819	-0.0669438	0.610163	-0.0206567	0.150851
-0.0320719	-0.548883	-0.0245623	0.0809392	0.231892	-0.043354	0.0192215	0.319565	-0.121935	0.119188
0.28782	-0.384593	-0.358586	0.367295	-0.140568	-0.161028	0.127473	0.449181	-0.302002	0.115004
0.0953875	-0.206203	-0.211768	0.246305	-0.0888812	-0.0415456	0.194636	0.36051	-0.268648	-0.0797916
0.164014	-0.164463	-0.375979	0.235321	0.2256	-0.137173	-0.0209256	0.46812	-0.189284	-0.205229
0.36306	-0.110254	-0.0722731	0.280246	-0.124405	0.110191	0.149246	0.199062	-0.360054	-0.434818
0.418291	-0.0626539	0.619876	0.156997	-0.549688	0.105532	0.214249	-0.0675496	-0.392772	-0.44227
0.0226094	-0.0323397	0.679052	-0.0692567	-0.213383	-0.180081	0.111604	-0.184336	0.015908	-0.149772
-0.0163677	-0.0109846	0.386223	-0.0222906	0.0393	-0.0661214	-0.193983	-0.0323471	-0.0262671	-0.0571615
-0.00227617	-0.00127782	0.0625331	-0.000821286	-0.00716295	-0.0270348	-0.0153717	-0.00071612	-0.00352232	-0.00434992
-1.32445e-05	-5.26041e-07	-2.68539e-07	-1.28293e-05	-5.66745e-05	-0.000356711	-3.10079e-06	0.000580233	-2.65804e-05	-0.000110298
-4.96176e-05	2.82017e-05	-0.0153596	0.0193796	-1.709e-05	-0.000743255	-2.58081e-05	-0.00129506	-0.000932035	-0.000985324
-0.00553198	0.00729448	0.00107664	0.0935096	-0.0116767	-0.0284168	-0.00164628	-0.00628544	-0.00574196	-0.0425816
-0.0695667	-0.00380769	0.326896	0.146681	-0.0875261	-0.0195119	-0.135269	-0.080898	-0.00733527	-0.0696597
0.192812	-0.0204503	0.416756	0.36371	-0.241993	-0.0702789	-0.4527	-0.0542063	-0.210927	0.0772848
0.48661	-0.16342	0.23676	0.196013	-0.146695	-0.145398	0.0772497	-0.201076	-0.374398	0.0343555
0.246354	-0.35245	0.424481	-0.0951951	0.0582121	-0.168985	0.328007	-0.0711916	-0.197092	-0.172137
0.16879	-0.321073	0.0488251	-0.270627	0.388962	-0.535089	0.402742	0.164916	0.0475321	-0.0949763
0.328519	-0.235946	-0.211286	-0.463893	0.351031	-0.245039	0.284924	-0.102268	0.0508945	0.243063
0.299644	-0.0653233	0.170539	-0.0486855	0.16777	-0.404425	0.29857	-0.153959	0.0248883	-0.289021
0.239792	-0.125433	0.123642	-0.152097	-0.11653	-0.0754084	0.362582	-0.513844	0.203863	0.0534364
0.124669	-0.141997	0.166364	-0.0335409	-0.107774	-0.151191	0.814628	-0.826473	0.0221151	0.133199
-0.272634	-0.245051	0.211958	0.0257716	0.0834485	-0.0171588	-0.0234161	-0.21518	0.538271	-0.0860098
-0.856929	0.430908	0.412831	0.370562	-0.0259973	-0.0723523	0.0118205	-0.149258	0.113737	-0.235321
-0.676901	0.742293	0.132945	0.0300753	0.341597	-0.318437	0.175426	-0.511476	0.0750001	0.00947811
-0.386483	-0.101768	-0.151821	-0.181706	0.533679	-0.113708	0.104603	0.192326	0.111062	-0.00618493
-0.311996	0.0345655	0.226114	-0.425609	0.403151	-0.281717	-0.0241954	0.0477871	0.15276	0.179142
-0.0124527	-0.917211	0.435839	-0.0538948	0.23505	-0.157733	-0.227518	0.392346	0.0774366	0.228138
0.0320944	-0.636626	0.0284166	0.357576	0.153846	-0.205992	0.133079	0.134768	-0.170924	0.173763
0.048194	-0.466799	0.0098896	0.372686	0.0783403	0.0305447	0.258712	0.333767	-0.506534	-0.158798
0.303464	-0.292334	-0.177049	0.184548	0.28784	0.134616	-0.0114091	0.206899	-0.540014	-0.0965598
0.1839	-0.184076	0.370481	0.0851483	0.155715	-0.0782064	0.0839573	0.266631	-0.541592	-0.341961
0.185078	-0.185331	0.252519	0.28373	-0.142191	0.194454	-0.0832169	-0.0538408	-0.356131	-0.0950689
0.173528	-0.16372	0.255015	0.493645	-0.277618	0.178557	-0.0340968	-0.138208	-0.000215219	-0.486885
0.0674686	-0.048475	0.587698	0.3777	-0.352349	0.000467563	0.172803	-0.154694	-0.239995	-0.410618
-0.0996868	-0.075791	1.05981	-0.126785	-0.165163	-0.171662	0.0345824	-0.175959	-0.1358	-0.143538
-0.0489452	-0.0382693	0.604288	-0.0239893	-0.104056	-0.105764	-0.160931	-0.0256459	-0.0599393	-0.0367476
-0.00128574	-0.000867925	0.0982805	-0.00136741	-0.00474	-0.0482174	-0.0360619	-0.0017574	-0.00346317	-0.00051947
0.0	0.0	0.0	0.0	0.0	0.0	0.0	0.0	0.0	0.0
-6.28343e-05	0.000434585	-0.00586773	0.00719316	-1.26182e-05	-0.000548361	-2.48329e-05	-9.52256e-05	-0.000781482	-0.000234661
-0.0165241	-0.000179021	0.0642619	0.0784334	-0.00313061	-0.0439664	-0.00331998	-0.0036914	-0.00580248	-0.0660813
-0.0574538	-0.00798281	0.30963	0.368364	-0.267599	0.0261313	-0.122534	-0.0798498	-0.0402717	-0.128429
0.127972	-0.0411973	0.472178	0.443217	-0.162128	0.0766356	-0.492494	-0.00622308	-0.180863	-0.237092
0.371236	-0.306814	0.34307	0.1009	-0.201963	0.250348	-0.0176222	-0.0391472	-0.270305	-0.2297
0.325884	-0.507317	0.254896	-0.00420339	-0.0515463	0.424204	0.115703	-0.226811	-0.110591	-0.220216
0.258872	-0.435029	0.146135	0.0245189	0.179126	-0.338592	0.194246	-0.283464	0.130701	0.123485
0.0591315	-0.234899	0.0951082	-0.239598	0.235803	-0.324109	0.331335	-0.180418	0.100495	0.157149
0.273188	-0.131193	0.141539	-0.574678	0.126595	-0.20674	0.352671	-0.235832	0.356992	-0.102541
0.441917	0.108913	0.392605	-0.582131	0.0109883	-0.350795	0.626632	-0.661767	-0.0619134	0.0755502
0.104976	-0.188525	0.291613	-0.401904	-0.0907779	-0.299323	0.603142	-0.270152	0.301093	-0.0501403
-0.110924	0.0892796	0.355805	-0.256796	-0.0378926	-0.543607	0.0630727	-0.0104048	0.332675	0.118791
-0.691284	0.481488	0.281836	-0.175064	0.164748	-0.491171	0.122247	0.0571503	0.217189	0.0328615
-0.628229	0.590613	0.0262788	-0.367679	0.535085	-0.286797	0.130614	0.0431805	0.0670907	-0.110155
-0.344046	0.019976	0.186388	-0.428124	0.358483	-0.0376732	0.0260416	0.0724104	-0.150607	0.297151
-0.0630604	-0.392205	0.0642393	0.0476101	0.294935	-0.0179344	-0.101016	-0.109038	0.258265	0.0182073
0.181946	-0.73464	-0.23509	0.299027	0.223145	0.219174	0.0656626	0.015161	-0.0772563	0.0428744
-0.0682172	-0.352879	0.0478751	-0.0204099	0.325124	0.327473	0.160316	0.102374	-0.432121	-0.0895355
0.112735	-0.228398	0.0721374	0.332817	-0.180879	0.0889259	0.178983	-0.130429	-0.0277199	-0.218174
0.227127	-0.172072	-0.0569018	0.0145175	0.0480486	0.0456361	0.0105605	0.0687776	-0.039769	-0.145925
-0.0434441	-0.106469	0.0625912	0.0767976	0.153954	1.41617e-05	0.134876	5.01636e-05	-0.0952734	-0.183098
0.211639	-0.0202857	0.131975	0.278219	-0.191004	-0.076014	0.114686	0.017726	-0.177061	-0.289877
0.0484945	-0.047814	-0.0876211	0.452114	-0.222169	0.157959	0.0793432	-0.100545	0.219486	-0.499244
-0.0118917	-0.0066835	0.474615	-0.106564	-0.313049	0.0721127	0.172857	0.100808	0.0367306	-0.41893
-0.037028	-0.111582	1.12501	-0.236851	-0.247383	-0.217636	0.0423265	0.0395177	-0.263869	-0.0924999
-0.0213058	-0.00747281	0.300421	-0.0212976	-0.0584221	-0.0435945	-0.10679	0.0293188	-0.0526439	-0.0182133
0.0299891	-0.00128249	0.0319507	-0.00108536	-0.0317474	-0.0079571	-0.0129861	-0.00429283	-0.000838419	-0.00174996
-3.78338e-05	-1.73478e-05	-2.10712e-05	-0.000682798	-0.00710243	-0.000327725	-5.27949e-06	0.00712589	-0.000238676	0.00130728
-1.38954e-05	0.000106105	-0.000250413	0.000616851	-2.40145e-06	-0.000281307	-5.63833e-06	-1.74182e-06	-0.00011826	-4.92988e-05
-0.0135464	-0.000689519	0.00238475	0.0720806	-0.00637441	-0.026683	-0.00246431	0.0169861	-0.00505554	-0.0366382
-0.114416	-0.00945694	0.150531	0.567489	-0.162892	0.0137514	-0.0823367	-0.0264451	-0.136761	-0.199456
0.0524973	-0.0954131	0.540718	0.305308	-0.0402393	0.326266	-0.384538	-0.103671	-0.293307	-0.307612
0.0479321	-0.374612	0.637248	0.330094	-0.0736879	0.251354	-0.298468	-0.090929	-0.0707452	-0.358186
0.0970843	-0.687016	0.160237	0.242304	-0.077933	0.530165	0.0579893	-0.382133	0.118263	-0.0589587
0.0668514	-0.464824	0.418381	-0.156505	0.0771507	0.164649	0.243679	-0.328605	0.00409213	-0.0248707
0.285212	-0.0692626	0.0281588	-0.100848	0.139174	-0.022224	0.108363	-0.281907	0.0656888	-0.152358
0.341955	0.0176627	-0.0372173	-0.398825	0.134959	-0.235387	0.33904	-0.331045	0.254651	-0.0857965
0.399281	-0.216525	0.265544	-0.411461	-0.292449	-0.157164	0.246622	-0.36959	0.215502	0.320241
0.0766614	-0.194428	0.125215	-0.367519	-0.080534	-0.119729	0.124252	-0.105454	0.332144	0.209391
-0.324175	-0.0257531	0.332609	-0.515829	0.187432	-0.15446	0.748957	-0.21886	0.281506	-0.311429
-0.660908	0.0600979	0.326119	-0.298272	0.344596	-0.107843	0.449301	0.0892366	0.0264325	-0.228755
-0.485485	0.222232	0.148398	-0.209567	0.321681	0.0279072	-0.00816705	-0.129438	-0.135793	0.248236
-0.166732	-0.324349	-0.0471683	0.27437	0.183242	-0.03121	0.0698778	-0.101844	-0.0384679	0.182286
0.00350024	-0.524024	0.110189	0.462693	0.290531	-0.019088	0.225792	-0.191365	-0.232694	-0.125532
-0.00330172	-0.138063	0.287437	0.14134	-0.256068	0.181743	0.258086	-0.0945993	-0.25357	-0.123001
-0.0210506	0.0820038	0.0710033	0.0883553	-0.073382	-0.128461	0.253648	-0.105559	-0.0274303	-0.139128
-0.0726124	-0.00961001	0.150686	0.168452	-0.128965	0.121999	-0.0282522	-0.0249141	-0.05963	-0.117153
-0.22508	0.0740163	-0.040907	0.140593	0.0375904	0.0425832	-0.0470183	-0.0361363	0.0483757	0.00598194
-0.0959249	0.015	0.14632	0.394589	0.0738296	-0.00783504	0.0666963	-0.138362	-0.2606	-0.193712
0.277842	-0.0578958	0.150909	0.440174	-0.388765	0.0965576	0.0224971	-0.213177	0.00617067	-0.334313
0.110976	-0.0622664	0.50474	0.164831	-0.251974	0.19816	0.0967264	-0.458014	0.195218	-0.498392
-0.0311605	0.0389389	0.867104	-0.297046	-0.264516	0.221927	0.0845665	-0.237872	-0.0383359	-0.343598
-0.035971	0.0474173	0.768145	-0.142036	-0.236456	-0.133142	0.0600999	-0.0161291	-0.227007	-0.0849194
-0.011854	0.0198036	0.0965457	-0.0168341	-0.0189544	-0.0345792	-0.0339526	0.03334	-0.0292446	-0.0042704
-0.00780105	-9.91081e-06	0.0456729	-0.000255784	-3.74826e-05	-0.0188187	-0.0178041	-2.05577e-05	-0.00042927	-0.000496004
-2.04302e-09	7.85492e-05	-5.20075e-05	-4.93575e-06	-1.30802e-08	-1.24201e-07	-2.96224e-07	-7.80667e-07	-1.99985e-05	-3.91158e-07
0.0073633	0.000403934	-0.00260681	-0.000128589	-0.0128408	-0.000779765	-0.000746487	0.0265228	-0.00100145	-0.016186
-0.00658156	-0.000923313	0.000948952	0.0515717	-0.00271596	-0.0217595	-0.00292544	0.0183987	-0.00918083	-0.0268327
-0.0877185	-0.0121411	-0.0410019	0.583872	0.0443912	0.0266776	-0.0847732	-0.0803516	-0.190048	-0.158902
-0.0177307	-0.157035	0.317399	0.341644	-0.0645292	0.372666	-0.222426	-0.059197	-0.252178	-0.258607
0.0488123	-0.544338	0.164827	0.494874	0.0984819	0.229122	-0.231833	-0.169828	0.139669	-0.229785
0.204836	-0.328164	0.0429181	0.0975098	-0.018649	0.338752	0.00253948	-0.330352	0.115601	-0.124992
0.198988	0.0573026	0.334649	-0.0943474	-0.0526994	0.0261881	0.15519	-0.470932	-0.109022	-0.0453174
0.235743	-0.00540922	0.1781	-0.0663405	-0.230036	0.27721	-0.0452343	-0.269615	0.0790535	-0.153471
0.103931	0.109461	0.292127	-0.0174978	-0.412884	0.0360552	0.319648	-0.312624	0.254089	-0.372308
0.271573	-0.142955	0.374806	-0.0590947	-0.483702	0.0974272	0.456188	-0.566995	0.250283	-0.197531
0.344427	-0.133163	0.185078	-0.225092	-0.0915968	0.0364384	0.7022	-0.292732	-0.162829	-0.362727
0.231431	-0.13136	0.179618	-0.228723	-0.529148	0.0551986	0.61275	-0.132472	0.0561839	-0.113478
-0.183462	0.216608	0.488366	-0.0860604	-0.221979	0.0811747	0.190213	-0.120408	-0.180618	-0.183831
-0.307044	-0.174913	0.145278	0.00434459	0.23507	-0.0316975	0.37305	0.177402	-0.152781	-0.268708
-0.197989	-0.00342038	0.287171	0.0279258	-0.0374728	0.0997878	0.283605	-0.166394	-0.0557006	-0.237511
-0.193663	0.223229	0.289871	0.149454	-0.109805	-0.0611027	0.25619	-0.401698	0.00469209	-0.157164
0.0551804	-0.0432839	0.281395	0.334374	-0.229758	-0.113699	0.212507	-0.361037	0.130678	-0.266356
0.00818351	0.11349	0.103981	0.244393	-0.176593	0.0595666	0.0718422	-0.459232	0.194572	-0.160203
-0.143488	0.176467	-0.0736566	0.227868	-0.244919	-0.0164603	0.145798	-0.0853454	0.0422173	-0.0284802
-0.00778132	0.082232	0.141268	0.025469	-0.214036	0.243052	0.0253099	-0.299372	0.00506285	-0.00120659
0.0957631	0.029989	0.243988	0.333838	-0.055768	0.13497	0.183315	-0.512845	-0.15274	-0.300509
0.31481	-0.0403807	0.405627	0.109526	-0.558498	0.0987906	0.225414	-0.531063	0.308658	-0.332881
0.0442218	-0.011779	0.370901	0.170453	-0.397333	0.254024	0.101183	-0.523931	0.252351	-0.260083
0.0281282	0.0938784	0.411891	-0.155787	-0.265549	0.264997	-0.0100038	-0.132223	-0.0748541	-0.160471
-0.0565171	0.103784	0.617268	-0.0755604	-0.127549	-0.0323461	-0.123768	-0.0408376	-0.209938	-0.0545343
-0.0123633	0.0193756	0.196967	-0.011894	-0.00297538	-0.0631465	-0.0715142	-0.00318112	-0.0331598	-0.0181083
-0.0025835	6.4043e-05	0.0200618	-0.000127075	-2.10647e-07	-0.00575546	-0.011534	-5.85906e-07	-0.000124717	-2.92495e-07
0.0	0.0	0.0	0.0	0.0	0.0	0.0	0.0	0.0	0.0
0.0185472	-5.09692e-05	-0.00580551	-0.00051341	-0.000115215	-0.000845242	-0.00187232	-0.000221575	-0.00208226	-0.00704073
-0.0094355	-0.00734388	0.0473216	0.0325585	0.00377169	-0.0089018	-0.00301025	-0.0124033	-0.0173765	-0.0251806
-0.0780612	-0.0281616	0.129868	0.459112	-0.0146457	0.0582407	-0.0616663	-0.132056	-0.186344	-0.146283
0.0637275	-0.0913216	0.38593	0.481097	-0.0990274	0.104951	-0.208614	-0.281817	-0.212174	-0.142745
0.258498	-0.416047	0.322486	0.243039	-0.218607	0.427538	-0.27281	-0.32275	-0.0650981	0.0437536
0.202147	-0.0500931	0.278437	0.430523	-0.23691	0.230671	-0.175485	-0.484436	0.036933	-0.231789
0.151657	0.0594489	0.626829	0.199083	-0.462541	-0.192477	0.234164	-0.510761	0.385126	-0.490528
0.224488	0.28422	0.288815	0.195971	-0.582608	0.216088	-0.0884412	-0.284565	0.0300009	-0.283971
0.230897	0.155928	0.283673	0.324087	-0.38808	0.21892	0.281982	-0.416851	-0.157673	-0.532883
0.312468	0.221968	0.273505	-0.066694	-0.41996	0.00368611	0.537223	-0.365652	0.15799	-0.654535
0.409435	0.257923	0.410005	-0.198122	-0.121953	0.124225	0.354584	-0.369975	-0.167511	-0.69861
0.467409	0.144043	0.292089	-0.527038	-0.224444	0.0358705	0.545542	-0.136841	0.0509983	-0.647625
0.166851	-0.105645	0.12502	-0.104672	-0.423123	0.0875212	0.225763	0.0319951	0.124951	-0.128659
-0.0144397	-0.011749	-0.0141675	0.095258	-0.119643	-0.147456	0.728504	0.0843441	-0.318838	-0.28181
0.0130102	-0.0334975	0.103227	-0.0856556	-0.0419727	0.0249267	0.375247	-0.248786	0.16294	-0.269438
-0.0952613	0.311056	0.0314623	0.103804	0.109567	0.148663	0.156551	-0.439341	-0.24963	-0.0768698
0.0427987	0.327198	-0.173743	0.224455	0.0575205	0.216061	0.0555277	-0.568873	-0.0442822	-0.136659
-0.0672674	0.43154	0.117119	0.341484	-0.0836966	0.171107	0.298166	-0.818034	-0.0566921	-0.333724
-0.078802	0.416219	0.284532	0.132236	-0.291727	0.138031	0.0459751	-0.488009	-0.0249071	-0.133548
-0.0509078	0.237132	0.214797	0.320205	-0.182455	-0.0399934	0.266973	-0.721105	0.198647	-0.243292
0.0860282	0.048702	0.345931	0.1398	-0.0835436	0.124716	0.0925487	-0.68556	0.319902	-0.38852
0.170647	-0.0324667	0.297221	0.0235062	-0.342285	0.510943	-0.089303	-0.61427	0.354532	-0.278519
-0.0744599	-0.043336	0.291288	0.124333	-0.333489	0.193077	0.0533914	-0.339674	0.206064	-0.0771878
-0.0322216	-0.00872109	0.509093	-0.104352	-0.185318	0.111865	-0.0782472	-0.0681274	-0.193532	0.0495651
-0.0477936	0.0179958	0.279153	-0.0443526	-0.13345	0.112468	-0.0540707	-0.0547466	-0.133202	0.0580003
-0.00179923	0.0205015	0.0526283	-0.00295793	-0.000806409	-0.00894888	-0.0139447	-0.00203319	-0.0295812	-0.0130583
-2.11844e-05	0.000250207	-0.000201768	-4.96904e-05	-4.05355e-05	0.000488854	-5.04239e-06	-3.24092e-05	-0.000355096	-3.33358e-05
-2.23149e-08	0.000135005	-6.21131e-05	-2.32583e-05	-4.90018e-07	-7.57173e-07	-8.38875e-07	-8.568e-06	-3.70144e-05	-1.94304e-06
-5.9225e-05	1.55377e-05	0.000231613	0.000904079	-3.5043e-06	-0.000388985	-3.35916e-05	-0.000263159	-0.000133972	-0.000268793
-0.0278066	-0.0124503	0.0949177	0.0743627	-0.000541163	-0.0227992	-0.00216699	-0.0648213	-0.017747	-0.0209473
-0.0526831	-0.0125746	0.216374	0.310442	-0.0749292	0.0738085	-0.0443824	-0.183078	-0.121897	-0.111075
-0.0660947	0.098996	0.221478	0.273485	-0.123642	0.290356	-0.197797	-0.313321	-0.0480372	-0.135414
0.168781	0.434557	0.176156	-0.0338111	-0.118967	0.116762	-0.296633	-0.355645	-0.0703161	-0.0208823
0.15415	0.329627	0.197068	0.238159	-0.413241	0.180115	-0.379174	-0.452637	0.269512	-0.123582
0.13091	0.140078	0.198307	0.212988	-0.461554	0.317513	-0.0446917	-0.51796	0.315063	-0.290656
-0.0858351	0.240254	-0.0424988	0.20991	-0.047786	0.104594	0.21445	-0.280813	-0.0923507	-0.219927
0.0854061	0.0402267	0.285514	-0.299791	-0.125088	0.114337	0.251599	-0.420356	0.231654	-0.163504
0.288023	0.29412	0.124792	-0.136975	-0.219339	-0.00443853	0.24565	-0.21533	-0.146973	-0.22953
0.390139	-0.125302	0.117886	-0.153166	-0.0358649	0.201289	0.321465	-0.276009	-0.01933	-0.421106
0.363204	-0.141411	-0.0420153	-0.0754744	-0.115829	0.0786547	0.631599	-0.104564	-0.23396	-0.360205
0.129549	-0.175407	0.192213	-0.0090436	-0.245844	0.025372	0.606229	-0.234736	0.0760816	-0.364414
-0.0109001	0.230921	0.177706	-0.0904876	-0.184851	0.0789455	0.662763	-0.3458	-0.0979633	-0.420329
0.0195296	0.112403	-0.0226925	0.0458886	0.0951424	0.065567	0.294572	-0.148531	-0.0822299	-0.379647
0.0432834	-0.0436563	0.173518	0.128822	-0.181654	-0.0613569	0.297277	-0.0123644	-0.188914	-0.15495
-0.180655	0.0439403	0.343352	-0.0268326	0.0431516	0.122964	0.419381	-0.35038	0.00723562	-0.422157
-0.194488	0.455334	0.352247	0.192777	-0.198219	-0.00781932	0.316621	-0.41889	-0.0713572	-0.42621
-0.280672	0.311291	0.461164	0.308182	-0.0215342	-0.0783971	0.152049	-0.461722	-0.0390087	-0.351356
-0.130733	0.44227	0.0232109	-0.0279296	-0.0242259	0.251621	0.0825359	-0.551164	0.193876	-0.259458
0.0156764	0.26963	0.184609	-0.142	-0.00162169	0.424748	-0.0382355	-0.642407	0.0569972	-0.127393
0.0429251	-0.195419	0.380995	-0.0417044	-0.119072	0.474238	0.068453	-0.57998	0.223183	-0.253613
0.013296	-0.143107	0.550895	-0.167341	-0.0750395	0.263677	-0.0377242	-0.350495	-0.0190532	-0.0351019
-0.0645791	0.0306403	0.391367	-0.165253	-0.13198	0.170369	-0.0425047	-0.0592927	-0.264569	0.135806
-0.0279246	0.00413998	0.169095	-0.0344196	-0.119761	0.161208	-0.0493369	-0.0271836	-0.0892847	0.0134688
0.0272546	-0.00061572	0.0168875	-0.00476795	-0.0024362	0.0043758	-0.00421793	-0.00258957	-0.0092269	-0.0246637
5.89168e-06	-4.49165e-11	-1.29966e-06	-3.28976e-07	-4.03618e-09	-1.60428e-06	-2.41104e-07	-7.73743e-09	-2.38677e-06	-1.91009e-08
-2.16176e-08	0.000130786	-6.0172e-05	-2.25315e-05	-4.74705e-07	-7.33512e-07	-8.1266e-07	-8.30026e-06	-3.58577e-05	-1.88232e-06
-9.2319e-07	3.85695e-05	-2.0856e-05	3.26936e-05	-1.94731e-07	-1.25573e-05	-2.65626e-07	-1.49199e-05	-1.33247e-05	-8.22182e-06
-0.00510095	-0.0120515	0.0694753	0.0864783	-0.000418141	-0.0151132	-0.000233519	-0.0873936	-0.0132398	-0.0224029
-0.0657257	-0.0163835	0.172023	0.261637	-0.0806127	0.036642	-0.0207191	-0.196169	-0.0384632	-0.0522268
-0.277901	0.1527	0.224564	0.198548	-0.122697	0.292978	-0.0946458	-0.2423	-0.0175182	-0.11372
-0.0353357	0.847527	0.191844	0.0042091	-0.19018	-0.0769501	-0.200021	-0.122059	-0.102522	-0.316508
0.0365862	0.528923	0.377615	0.163956	-0.251792	-0.218497	-0.38843	-0.143819	0.0811502	-0.185692
0.0682972	0.102259	0.339717	0.103872	-0.291413	-0.0148464	-0.259239	0.0523381	0.169944	-0.270931
0.207168	0.0771086	0.367001	-0.117087	-0.227987	0.072693	-0.116909	-0.0939475	-0.133971	-0.0340703
0.184565	0.130551	0.30699	-0.00427714	-0.293958	0.0199246	0.127025	-0.259253	-0.0679106	-0.143657
0.17527	-0.127398	0.0884034	0.0181782	-0.203092	-0.0986036	0.212903	-0.107462	0.00966895	0.0321313
0.22348	-0.41229	0.179773	0.163727	-0.179976	0.0830042	0.0473967	-0.307418	0.199596	0.00270669
0.200029	-0.564671	0.138001	-0.0789067	-0.222233	0.110151	0.348831	-0.0452956	0.0570083	0.0570841
0.581495	-0.36901	0.0530084	-0.137581	-0.108358	0.217059	0.298686	-0.434149	0.0989955	-0.200145
0.117597	-0.0869672	-0.0533525	-0.121591	-0.214944	0.14478	0.0203454	-0.0879875	0.266836	0.0152854
0.119928	0.0590597	-0.109791	0.0781918	-0.233737	0.0577285	0.307524	-0.0564313	0.0844358	-0.306907
0.0413873	0.0202922	0.0426413	0.0269143	-0.170723	0.142637	0.203486	-0.0362919	-0.0852796	-0.185063
0.0742673	0.25599	-0.0561562	0.148369	0.0114013	-0.0193069	0.0526526	-0.238409	0.075331	-0.304139
-0.12675	0.477801	0.129535	0.0306882	-0.0656011	0.161177	-0.0421276	-0.276823	0.0278424	-0.315743
-0.126829	0.298937	0.274497	0.164658	0.238137	0.162725	-0.0236245	-0.275114	-0.162943	-0.550444
-0.196423	0.31517	0.304345	0.148593	0.0104382	0.145531	0.122504	-0.534502	-0.111314	-0.204339
-0.081251	0.0111433	0.233977	-0.0453215	0.31758	0.0539355	0.104152	-0.628864	0.161401	-0.12675
0.0679773	-0.19489	0.395145	0.070199	0.00810033	0.217859	-0.127275	-0.455432	0.00675386	0.0115667
0.0617369	-0.101676	0.274717	-0.0827623	-0.122322	0.274686	-0.150463	-0.33991	0.0131701	0.17283
-0.047619	-0.0123299	0.243048	-0.115401	-0.11648	0.17747	-0.0685817	-0.0558156	-0.118173	0.113886
-0.0198548	-0.0026644	0.0890545	-0.0308664	-0.0794223	0.0987708	-0.0173741	-0.0250497	-0.0367243	0.0241313
0.00288048	0.00623011	-0.0300045	9.39292e-05	0.00452729	0.0301013	-0.00012327	-0.00130747	-0.00554111	-0.00685671
1.08769e-05	-8.29228e-11	-2.39938e-06	-6.07341e-07	-7.4514e-09	-2.96174e-06	-4.45116e-07	-1.42845e-08	-4.40634e-06	-3.52632e-08
0.0	0.0	0.0	0.0	0.0	0.0	0.0	0.0	0.0	0.0
0.0	0.0	0.0	0.0	0.0	0.0	0.0	0.0	0.0	0.0
-0.000350237	-0.000205353	0.00166252	0.0902802	-0.000177216	-0.000446227	-3.06956e-05	-0.0657316	-0.00276268	-0.0222387
-0.0322002	-0.0654943	-0.0387753	0.301231	-0.015402	0.0525808	-0.00192376	-0.154374	-0.0345385	-0.0111031
-0.205341	-0.0324454	-0.00399059	0.382937	-0.0626904	0.216613	-0.0169367	-0.0374889	-0.078071	-0.162583
-0.214576	0.4539	-0.0625589	0.333915	-0.126563	0.207305	-0.059671	0.0876418	-0.364138	-0.255251
-0.0953464	0.393746	0.0197794	0.268894	-0.0750749	-0.0166794	-0.142806	0.260802	-0.366307	-0.247006
0.132542	0.0874811	0.128902	0.246646	-0.0507779	-0.210581	-0.285782	0.364424	-0.188425	-0.224429
0.201474	-0.0498586	0.1664	-0.0475317	-0.0250765	0.158578	-0.296837	-0.373422	0.253062	0.0132115
0.299881	0.0624293	0.19384	0.171248	-0.0188978	0.0875698	-0.309406	-0.17843	0.0552552	-0.36349
0.357345	-0.0848518	-0.0160306	0.087325	-0.0178301	0.338326	-0.41058	-0.143049	-0.0831392	-0.0275127
0.355657	-0.0614379	0.230773	0.238195	-0.0351899	0.064055	-0.289049	-0.360298	0.0102864	-0.152992
0.207761	0.282695	0.137343	-0.246008	-0.157393	0.106089	-0.0389062	-0.339132	0.105764	-0.0582148
0.263396	-0.0105694	-0.154044	0.171393	-0.0697394	-0.082113	-0.049405	-0.321976	0.388153	-0.135095
0.274064	-0.21965	-0.0757509	-0.187302	-0.00666851	0.135555	0.0658726	-0.174925	0.15613	0.0326745
0.200851	0.154641	-0.101238	-0.0614066	-0.0854064	-0.0159483	0.00796341	-0.0280279	0.140011	-0.211438
-0.00258973	0.0610435	-0.00242382	-0.337337	0.164285	0.21006	-0.0776736	-0.197272	0.315729	-0.133823
0.0733264	0.271539	-0.0950019	0.055625	-0.00389743	-0.0150526	-0.0420003	-0.116273	0.0328513	-0.161117
-0.381399	-0.00972838	0.2668	0.328838	0.238297	-0.304074	0.0652792	-0.246912	0.184232	-0.141334
-0.409149	0.0421173	0.475459	-0.0099178	0.184915	-0.0663558	0.09259	-0.440432	0.20207	-0.0712972
-0.394775	-0.0857172	0.413084	0.089962	0.215491	0.0751855	0.0440658	-0.579665	0.234569	-0.0121952
-0.185488	-0.174543	0.516468	-0.0412773	0.254124	-0.0230859	-0.0448765	-0.573012	0.0707097	0.200989
-0.0662998	-0.138391	0.453674	-0.172834	-0.111288	0.0652644	-0.0541752	-0.372081	0.0228826	0.373255
-0.0520597	-0.114267	0.292847	-0.0988102	-0.154953	0.162815	-0.0545139	-0.348339	0.0845507	0.282735
-0.0732907	-0.0290756	0.240825	-0.0422755	-0.111081	0.107926	-0.0384641	-0.100338	-0.0785537	0.124329
-0.0133177	0.000485587	0.0899439	-0.0269266	-0.00312501	0.0346771	-0.00913532	-0.0294613	-0.0290232	-0.0141175
-1.81397e-05	0.025383	-0.0208415	0.010382	0.0046799	0.0176916	-0.000162568	-0.00106657	-0.0225908	-0.0134569
0.0	0.0	0.0	0.0	0.0	0.0	0.0	0.0	0.0	0.0
0.0	0.0	0.0	0.0	0.0	0.0	0.0	0.0	0.0	0.0
0.0	0.0	0.0	0.0	0.0	0.0	0.0	0.0	0.0	0.0
-0.00155182	-9.95747e-06	-0.00219619	0.0436882	-1.25399e-05	-0.000515565	-3.95086e-06	-0.0336358	-0.000150075	-0.0056123
-0.00258652	-0.0427249	-0.0920629	0.182367	-0.000347461	0.0539284	-0.000157897	-0.0183358	-0.0642252	-0.0158549
-0.0149774	-0.0762791	-0.150574	0.329749	-0.0248168	-0.00337743	-0.00310857	0.113262	-0.210889	0.0410129
-0.0980314	0.0483923	-0.276206	0.280382	-0.0274868	-0.000512683	-0.0225509	0.424443	-0.390687	0.0622636
-0.13904	0.0352916	-0.382746	0.529883	-0.0283011	-0.0372933	-0.0383987	0.442175	-0.414865	0.0332972
-0.196993	-0.0852821	-0.342744	0.483278	-0.0215479	0.075732	-0.0867091	0.261623	-0.24218	0.154823
-0.112998	-0.205738	-0.164367	0.123298	-0.0376344	0.174425	-0.167795	0.118618	0.211379	0.0608138
-0.0260498	-0.173049	-0.0341124	0.158842	0.0688571	0.428625	-0.249132	-0.00686346	0.0527464	-0.219863
-0.00555543	-0.258567	-0.171133	0.41182	0.0226168	0.183534	-0.338384	0.0730182	0.0705031	0.0121478
-0.0277753	-0.309683	-0.100425	0.357841	0.177741	0.148971	-0.488906	-0.0426482	0.43707	-0.152187
0.286182	-0.301706	0.125609	0.196948	-0.165525	0.234579	-0.414883	-0.0521145	0.315904	-0.224995
0.25882	-0.363517	0.0164824	0.304512	-0.185789	0.403977	-0.43797	0.149315	0.161534	-0.307366
0.15667	-0.346911	0.317266	0.307211	-0.124817	0.308613	-0.379827	-0.0576589	0.205467	-0.386012
-0.0256331	-0.258336	0.0637749	0.149844	-0.11726	0.282822	-0.295973	-0.0798326	0.279013	0.00158202
-0.10443	-0.549161	0.030675	0.301923	0.0407983	0.0907657	-0.129645	-0.115745	0.509217	-0.0743963
-0.161407	-0.15637	0.199164	0.202899	-0.15359	0.270049	-0.0830144	-0.0466678	-0.147747	0.0766852
-0.311454	-0.00192318	0.279961	-0.216542	-0.0279505	0.272898	-0.102994	-0.253641	0.324641	0.0370049
-0.368293	0.025209	0.0156861	-0.135623	0.0892253	0.0623132	-0.122756	-0.204463	0.57552	0.0631826
-0.35996	-0.0310661	0.0256812	-0.0317522	0.072124	0.0703156	-0.0676241	-0.238935	0.1807	0.380521
-0.24501	-0.0390396	0.244401	0.000973791	0.0825446	0.00530301	-0.0735706	-0.272856	-0.038013	0.33527
-0.111663	-0.0889421	0.0809396	-0.0480147	0.034068	0.199727	-0.0426158	-0.266804	-0.0489558	0.292263
-0.046157	-0.03523	0.142637	-0.0365349	-0.0290442	0.136412	-0.0171282	-0.31199	-0.042543	0.23958
-0.00706485	-0.0167183	0.306163	-0.0408281	-0.0644796	0.0764114	-0.00366058	-0.124249	-0.0716067	-0.0539671
-0.000557723	0.00853759	0.168103	-0.00765585	0.0125198	-0.0364356	-0.000398123	-0.0517375	-0.0366747	-0.0557011
-4.26191e-07	0.00194019	0.0252131	-1.89556e-05	-0.00015958	-0.000608607	-4.14307e-05	-1.75579e-06	-0.00544765	-0.0208749
0.0	0.0	0.0	0.0	0.0	0.0	0.0	0.0	0.0	0.0
0.0	0.0	0.0	0.0	0.0	0.0	0.0	0.0	0.0	0.0
0.0	0.0	0.0	0.0	0.0	0.0	0.0	0.0	0.0	0.0
-2.72146e-05	-2.83343e-07	-5.996e-05	0.00424057	-8.68622e-05	-9.73781e-06	-3.71626e-07	-0.00590111	-0.000316926	0.0021619
-0.000130202	-0.00423824	-0.0202178	-0.041089	-7.41384e-05	0.0532245	-5.40353e-05	0.02514	-0.00456641	-0.00799469
-0.00310659	-0.0566348	-0.0623921	-0.00860425	0.00413197	0.0628554	-0.000948117	0.132395	-0.115492	0.0477962
-0.021187	-0.117251	-0.0934602	0.123586	-0.0511788	-0.0114397	-0.0018723	0.0497538	-0.224682	0.347733
-0.102201	-0.147243	-0.079324	0.341178	-0.147083	-0.0150355	-0.00572459	-0.0310858	-0.152736	0.33926
-0.15489	-0.197447	-0.181983	0.577697	-0.23293	0.0081638	-0.0107972	0.0191291	-0.142411	0.315474
-0.236633	-0.184044	-0.374952	0.830454	-0.435322	0.00410832	-0.0410111	0.320216	-0.235262	0.352456
-0.34853	-0.285365	-0.452543	0.781971	-0.301085	0.195954	-0.0582317	0.413579	-0.185184	0.239441
-0.498295	-0.599668	-0.374676	0.712074	-0.111738	0.223184	-0.053152	0.240575	0.165979	0.295722
-0.504575	-0.495387	-0.373419	0.572085	-0.288031	0.357794	-0.0503775	0.486798	0.147784	0.14733
-0.648212	-0.312118	-0.230966	0.72867	-0.465287	0.357514	-0.0439462	0.364041	-0.0575782	0.307885
-0.59414	-0.368453	-0.138776	0.57847	-0.225374	0.362135	-0.112553	0.274318	-0.0311153	0.255493
-0.566024	-0.402987	0.013149	0.3465	-0.236494	0.109515	-0.111066	0.239172	0.186824	0.421413
-0.49988	-0.440508	0.0887124	0.181993	-0.234684	0.391886	-0.117566	0.245976	0.30694	0.0771318
-0.336111	-0.450395	0.032702	0.284521	-0.401628	0.3235	-0.0967682	0.125309	0.290413	0.228459
-0.39381	-0.282991	-0.044245	0.209341	-0.422004	0.326508	-0.0620024	0.094593	0.32764	0.246975
-0.344012	-0.152549	-0.23872	0.140818	-0.344233	0.224255	-0.0532279	0.288077	0.207022	0.272575
-0.192006	-0.125854	-0.2971	0.219759	-0.454629	0.218558	-0.0336856	0.101231	0.133652	0.43008
-0.209883	-0.0470008	-0.2031	0.0195618	-0.258442	0.159306	-0.0181804	-0.0858664	0.0506197	0.592991
-0.155791	-0.00990662	-0.168174	-0.100366	-0.180681	0.246804	-0.010418	-0.0690073	-0.0282352	0.475779
-0.0651976	-0.00607632	-0.154046	-0.036223	-0.0738809	0.297973	-0.00722202	-0.00308626	-0.045046	0.092807
-0.0171714	-0.000962201	-0.0745319	-0.00691708	-0.0709493	0.207842	-0.00324809	-0.0708015	-0.0138603	0.0505995
-0.00328494	-1.23545e-05	-0.00698749	-0.000262704	-0.0480422	0.113823	-0.000609979	-0.00654408	-0.00683987	-0.041239
-5.14908e-07	-1.15636e-05	0.0223896	-0.000270112	-0.0010943	-1.57043e-05	-2.66171e-05	-0.00112637	-0.00443045	-0.015414
-3.80948e-07	-1.38156e-05	0.0267746	-4.12259e-06	-0.000169189	-1.21943e-05	-3.03058e-05	-1.39094e-06	-0.00439236	-0.0221508
0.0	0.0	0.0	0.0	0.0	0.0	0.0	0.0	0.0	0.0
0.0	0.0	0.0	0.0	0.0	0.0	0.0	0.0	0.0	0.0
0.0	0.0	0.0	0.0	0.0	0.0	0.0	0.0	0.0	0.0
0.0	0.0	0.0	0.0	0.0	0.0	0.0	0.0	0.0	0.0
0.0	0.0	0.0	0.0	0.0	0.0	0.0	0.0	0.0	0.0
-0.000206537	-0.00103363	-0.000797979	0.00148489	0.00577181	-0.00302939	-3.97844e-05	-0.0739323	-0.0125574	0.0843403
-0.00400117	-0.00376258	-0.00320508	0.0266561	0.00724544	-0.00907264	-0.000272236	-0.166296	-0.0441635	0.196871
-0.0205106	-0.0075991	-0.0114208	0.0452953	-0.0573956	-0.0411896	-0.0011346	-0.145702	-0.0744742	0.314132
-0.0451854	-0.0111977	-0.0269622	0.0565282	-0.160166	-0.135461	-0.0019915	0.00192199	-0.0236809	0.346197
-0.0642983	-0.0181487	-0.0340144	0.0235167	-0.268924	-0.175743	-0.00443662	0.119228	-0.00147394	0.424297
-0.122863	-0.0322835	-0.035603	0.000516307	-0.428665	-0.116698	-0.00647486	0.237391	-0.0675186	0.572201
-0.111143	-0.103571	-0.0317396	0.0482121	-0.437869	-0.0341212	-0.0073681	0.253545	-0.152595	0.576654
-0.0807886	-0.0909496	-0.0839405	0.0619313	-0.512549	0.120083	-0.00936038	0.188514	-0.0924491	0.499512
-0.0531354	-0.118533	-0.0451305	0.0176252	-0.526747	0.0992451	-0.0111023	0.0590323	-0.0939947	0.672743
-0.106501	-0.184604	-0.0805394	0.0458037	-0.59301	0.00170804	-0.0152133	0.409378	-0.121715	0.644697
-0.149312	-0.147298	-0.0616076	0.00723972	-0.749438	-0.0312732	-0.0126986	0.479403	-0.19178	0.856768
-0.113966	-0.0861491	-0.0808607	0.022927	-0.639515	0.109944	-0.0105483	0.573811	-0.245584	0.469945
-0.0800838	-0.066144	-0.106436	0.13832	-0.570433	0.016182	-0.00958733	0.3468	-0.164849	0.496235
-0.11429	-0.0423027	-0.127139	0.113384	-0.512634	-0.0425648	-0.00916657	0.354076	-0.0784008	0.45904
-0.0725441	-0.0591516	-0.0799328	0.0633841	-0.532124	-0.0849817	-0.00843813	0.341707	-0.0588388	0.490923
-0.0111824	-0.0331148	-0.0273251	0.0222339	-0.428836	0.000695748	-0.00506201	0.235681	-0.0835264	0.330438
-0.0570073	-0.0115347	-0.0304863	-0.0129373	-0.217492	0.0613051	-0.0034519	0.0103299	-0.0391995	0.300475
-0.06898	-0.00597056	-0.0359519	-0.00959689	-0.107741	0.0575024	-0.00238859	0.0087001	-0.0144752	0.178902
-0.0341172	-0.000990036	-0.0130728	0.00136833	-0.0586842	0.0257818	-0.000424565	0.0792732	-0.00351929	0.00438473
-0.00184164	-1.07104e-05	-7.34176e-05	-0.000314996	-0.00370287	0.00039422	-8.17295e-05	-0.00202845	-0.000307163	0.00796675
-5.7694e-06	-1.62592e-09	-6.34106e-07	-1.51133e-06	-0.00155819	-3.77657e-05	-1.6261e-06	-0.000157254	-1.27072e-05	0.00177546
-2.23222e-07	-1.82807e-08	-1.49703e-06	-2.75733e-07	-7.36261e-08	-9.96365e-08	-8.64649e-10	2.38058e-05	-7.01683e-07	-2.09154e-05
0.0	0.0	0.0	0.0	0.0	0.0	0.0	0.0	0.0	0.0
0.0	0.0	0.0	0.0	0.0	0.0	0.0	0.0	0.0	0.0
0.0	0.0	0.0	0.0	0.0	0.0	0.0	0.0	0.0	0.0
0.0	0.0	0.0	0.0	0.0	0.0	0.0	0.0	0.0	0.0
0.0	0.0	0.0	0.0	0.0	0.0	0.0	0.0	0.0	0.0
0.0	0.0	0.0	0.0	0.0	0.0	0.0	0.0	0.0	0.0
-3.32754e-06	-4.28268e-06	-2.17706e-06	-6.94066e-07	-1.24476e-06	-9.8556e-07	-7.39611e-08	0.00019517	-4.36465e-05	-0.000138739
-6.15195e-05	-1.10934e-05	-8.31323e-06	-2.66389e-06	-5.70888e-06	-1.76505e-05	-8.25034e-07	0.000804356	-0.000122537	-0.000574047
-9.375e-05	-9.82659e-06	-3.32544e-05	-3.86784e-05	-0.00918669	-6.46738e-05	-2.6146e-06	-0.000705859	-0.000158696	0.010294
-0.000180778	-2.25761e-05	-0.00012432	-0.000103537	-0.0524527	-0.000605979	-3.923e-05	-0.00672951	-0.000267864	0.0605265
-0.000512869	-4.8082e-05	-0.000186625	-0.000218524	-0.0540568	-0.00128546	-7.15291e-05	0.00939974	-0.0004376	0.0474178
-0.00113833	-4.65599e-05	-0.000289098	-0.00152811	-0.0247561	-0.000924607	-2.90477e-05	0.0109623	-0.000948128	0.0186977
-0.00115603	-0.00453624	-0.00599152	-0.0088603	-0.0555008	0.00366366	-6.5637e-05	0.0713742	-0.0164445	0.0175172
-0.00189382	-0.00155001	-0.00256948	-0.0049431	-0.0347254	0.0105533	-6.67059e-05	0.0201206	-0.00426063	0.0193353
-0.0039643	-0.00444517	-0.00106411	-0.00495396	-0.046689	0.00641657	-0.000405435	0.030607	-0.0101514	0.0346499
-0.00669015	-0.00441332	-0.00130342	-0.00663905	-0.0372637	-0.00340221	-0.000420689	0.163753	-0.00837762	-0.0952423
-0.010106	-0.00225111	-0.00102003	-0.00915892	-0.124102	-0.0127871	-0.000843719	0.136203	-0.00698531	0.0310521
-0.0102617	-0.00052193	-0.00116053	-0.00743282	-0.0626079	-0.00935787	-0.000777167	0.138619	-0.00648512	-0.0400135
-0.00591882	-0.000331844	-0.00100539	-0.00896021	-0.0362424	-0.00727851	-0.000550107	0.114384	-0.00351262	-0.0505836
-0.00450115	-0.00730347	-0.00143051	-0.00667864	-0.033699	-0.00930308	-0.000524376	0.148397	-0.00355191	-0.0814048
-0.00466112	-0.0225811	-0.000870456	-0.00415554	-0.0451786	-0.00662444	-0.000349923	0.181379	-0.00405206	-0.0929053
-0.00230647	-0.000349782	-0.000530015	-0.00300658	-0.0369638	-0.00760108	-0.000199977	0.13321	-0.00273933	-0.0795128
-0.00444239	-9.27503e-05	-0.00614776	-0.00157508	-0.00676852	-0.0189471	-0.000190682	0.0472133	-0.00354718	-0.0055019
-0.0127764	-2.97056e-05	-0.00414571	-0.000463364	-0.00497258	-0.00812507	-8.28079e-05	0.0212275	-0.00176874	0.0111369
-0.0380918	-5.18399e-05	-0.0133787	-0.000290599	-0.0121725	-0.0061132	-0.00020635	0.060557	-0.00152465	0.0112726
-0.00870552	-3.3667e-06	-0.00016198	-2.86626e-05	-0.00276074	-0.00137597	-2.03257e-05	0.0209996	-0.000317247	-0.00762583
0.0	0.0	0.0	0.0	0.0	0.0	0.0	0.0	0.0	0.0
0.0	0.0	0.0	0.0	0.0	0.0	0.0	0.0	0.0	0.0
0.0	0.0	0.0	0.0	0.0	0.0	0.0	0.0	0.0	0.0
0.0	0.0	0.0	0.0	0.0	0.0	0.0	0.0	0.0	0.0
