0.0	0.0	0.0	0.0	0.0	0.0	0.0	0.0	0.0	0.0
0.0	0.0	0.0	0.0	0.0	0.0	0.0	0.0	0.0	0.0
0.0	0.0	0.0	0.0	0.0	0.0	0.0	0.0	0.0	0.0
0.0	0.0	0.0	0.0	0.0	0.0	0.0	0.0	0.0	0.0
0.0	0.0	0.0	0.0	0.0	0.0	0.0	0.0	0.0	0.0
0.0	0.0	0.0	0.0	0.0	0.0	0.0	0.0	0.0	0.0
0.0	0.0	0.0	0.0	0.0	0.0	0.0	0.0	0.0	0.0
0.0	0.0	0.0	0.0	0.0	0.0	0.0	0.0	0.0	0.0
0.0	0.0	0.0	0.0	0.0	0.0	0.0	0.0	0.0	0.0
0.0	0.0	0.0	0.0	0.0	0.0	0.0	0.0	0.0	0.0
0.0	0.0	0.0	0.0	0.0	0.0	0.0	0.0	0.0	0.0
0.0	0.0	0.0	0.0	0.0	0.0	0.0	0.0	0.0	0.0
-3.81605e-06	-6.47452e-06	-0.000692989	-6.65383e-05	-0.00477552	-9.99804e-05	0.00653529	-6.88261e-06	-0.000161842	-0.000721245
-2.41651e-05	-1.53437e-05	-0.00113156	-0.000161974	-0.0106004	-0.000219772	0.0141647	-1.96893e-05	-0.000364237	-0.0016276
-1.75927e-05	-1.29833e-06	0.00042937	-1.81146e-05	-0.000159803	-9.44784e-07	-0.000161733	-5.13981e-06	-1.0971e-05	-5.37725e-05
-7.33031e-07	-5.40972e-08	1.78904e-05	-7.54775e-07	-6.65846e-06	-3.9366e-08	-6.73885e-06	-2.14159e-07	-4.57127e-07	-2.24052e-06
0.0	0.0	0.0	0.0	0.0	0.0	0.0	0.0	0.0	0.0
0.0	0.0	0.0	0.0	0.0	0.0	0.0	0.0	0.0	0.0
0.0	0.0	0.0	0.0	0.0	0.0	0.0	0.0	0.0	0.0
0.0	0.0	0.0	0.0	0.0	0.0	0.0	0.0	0.0	0.0
0.0	0.0	0.0	0.0	0.0	0.0	0.0	0.0	0.0	0.0
0.0	0.0	0.0	0.0	0.0	0.0	0.0	0.0	0.0	0.0
0.0	0.0	0.0	0.0	0.0	0.0	0.0	0.0	0.0	0.0
0.0	0.0	0.0	0.0	0.0	0.0	0.0	0.0	0.0	0.0
0.0	0.0	0.0	0.0	0.0	0.0	0.0	0.0	0.0	0.0
0.0	0.0	0.0	0.0	0.0	0.0	0.0	0.0	0.0	0.0
0.0	0.0	0.0	0.0	0.0	0.0	0.0	0.0	0.0	0.0
0.0	0.0	0.0	0.0	0.0	0.0	0.0	0.0	0.0	0.0
0.0	0.0	0.0	0.0	0.0	0.0	0.0	0.0	0.0	0.0
0.0	0.0	0.0	0.0	0.0	0.0	0.0	0.0	0.0	0.0
0.0	0.0	0.0	0.0	0.0	0.0	0.0	0.0	0.0	0.0
0.0	0.0	0.0	0.0	0.0	0.0	0.0	0.0	0.0	0.0
-5.22597e-09	-3.49549e-08	-1.24479e-05	-1.00083e-08	-5.28661e-05	-1.10701e-07	6.78397e-05	-8.59555e-08	-7.43203e-07	-1.53571e-06
-1.1366e-07	-1.03112e-07	-3.91133e-05	-4.38835e-08	-0.000542292	-3.33099e-07	0.000590356	-8.86443e-07	-2.20831e-06	-5.2625e-06
-1.98206e-05	-1.07686e-07	-0.000468676	-7.93861e-06	-0.0482962	-1.89445e-05	0.0490418	-6.33416e-05	-5.29335e-06	-0.000161472
-4.09677e-05	-7.75109e-05	-0.00114236	-1.88516e-05	-0.105367	-3.53289e-05	0.107659	-0.000513847	-6.52667e-05	-0.000397878
-6.1964e-05	-0.00373034	-0.00243929	-0.000201746	-0.10865	-0.00010972	0.119958	-0.00295078	-0.000925722	-0.000888928
-0.000209366	-0.00303915	-0.00491111	-0.000207338	-0.044294	-0.000204569	0.056089	-0.00157074	-0.000969924	-0.000682721
-0.00271551	-0.00181211	-0.00839045	-0.000217401	-0.0522104	-0.000873724	0.0706725	-0.000988953	-0.0009146	-0.00254923
0.0282976	-0.000752841	-0.0304764	-0.000394255	-0.0947738	-0.00100843	0.120277	-0.00807469	-0.00155135	-0.0115428
0.0605396	-0.00071757	-0.0335343	-0.0015656	-0.185812	-0.00769892	0.214562	-0.0231119	-0.00161011	-0.0210509
0.0253922	-0.000542343	-0.0197009	-0.00098359	-0.0890346	-0.00710949	0.10898	-0.00611252	-0.00200516	-0.00888387
-0.00124737	0.0219245	0.00883767	-0.00701298	-0.025012	-0.00328985	0.0126761	-0.000392308	-0.00368033	-0.00280336
0.0228594	0.0329387	0.0380071	-0.00910242	-0.117423	-0.00404665	0.0526869	-0.000997543	-0.00292842	-0.0119943
0.0657629	-0.0100831	0.0881045	-0.00267282	-0.12517	-0.00434691	0.0227344	-0.002063	-0.00381583	-0.0284502
0.0309072	-0.00510868	0.0140165	-0.000946585	-0.0487828	-0.00262209	0.033013	-0.000944239	-0.00337926	-0.0161529
-0.00144983	-0.00032623	-0.0256438	-0.000226853	-0.0189164	-0.00364917	0.0544074	-0.00016002	-0.00187018	-0.00216486
-0.00074526	-7.37565e-05	-0.0182806	-0.000148407	-0.0356539	-0.00347268	0.0616207	-0.000216992	-0.00139814	-0.00163097
-0.000337239	-9.65643e-05	-0.00720355	-0.000150078	-0.0288392	-0.00180248	0.0408624	-0.000106124	-0.000835876	-0.00149128
-0.000140472	-0.000227648	-0.00366268	-7.02706e-05	-0.0287984	-0.000360271	0.0347378	-9.06024e-06	-0.000982684	-0.000486268
-1.90381e-05	-1.97133e-05	-0.000403793	-5.54673e-06	-0.0399514	-1.45201e-05	0.0408463	-2.37492e-05	-0.000135961	-0.000272504
-2.3061e-06	-1.46813e-06	-0.000189093	-6.95097e-07	-0.0152733	-1.34999e-05	0.0157151	-3.28222e-05	-5.51912e-05	-0.000146726
0.0	0.0	0.0	0.0	0.0	0.0	0.0	0.0	0.0	0.0
0.0	0.0	0.0	0.0	0.0	0.0	0.0	0.0	0.0	0.0
0.0	0.0	0.0	0.0	0.0	0.0	0.0	0.0	0.0	0.0
0.0	0.0	0.0	0.0	0.0	0.0	0.0	0.0	0.0	0.0
0.0	0.0	0.0	0.0	0.0	0.0	0.0	0.0	0.0	0.0
0.0	0.0	0.0	0.0	0.0	0.0	0.0	0.0	0.0	0.0
-4.25496e-08	-6.17075e-10	-6.07937e-07	-2.72711e-09	-5.9823e-06	-9.2108e-07	9.52412e-06	-8.45238e-12	-1.5508e-06	-4.15966e-07
0.00452701	-4.59736e-10	-2.80108e-05	-1.01956e-06	-0.00424857	-0.000132247	0.000425978	-0.000252026	-8.99601e-06	-0.000282119
0.00168603	-2.24592e-06	-0.000827178	-1.26457e-06	-0.00189023	-1.55797e-05	0.00128253	-8.82895e-05	-3.66114e-05	-0.00010716
-0.000421386	-1.03135e-05	0.000100608	-0.000359763	-0.00156832	-6.77211e-06	0.00230386	-3.38252e-06	-2.48985e-05	-9.63032e-06
-0.027659	-5.73631e-05	-0.00108316	-0.00196648	-0.048975	-5.49876e-05	0.0806129	-0.00045341	-0.000179424	-0.000183997
-0.0328961	-0.00212766	-0.00683703	-0.00357948	-0.157068	-0.000941621	0.207232	-0.00194774	-0.00092995	-0.000903975
-0.0245468	-0.0375745	0.0319193	-0.0138709	-0.197959	-0.00417388	0.255958	-0.00486343	-0.0030747	-0.00181385
-0.0266316	-0.0742942	0.137493	-0.0234465	-0.162229	-0.0163301	0.187351	-0.00651948	-0.011331	-0.00406158
-0.024825	-0.0517192	0.0830147	-0.00827637	-0.280126	-0.0562907	0.392176	-0.01524	-0.0237771	-0.0149354
-0.0437103	-0.0648497	0.146284	0.0412745	-0.297165	-0.111747	0.436889	-0.0367118	-0.0446869	-0.0255741
-0.0482504	0.010588	0.0757471	0.0587867	-0.398159	-0.111235	0.539073	-0.037009	-0.0494573	-0.0400808
-0.0770708	0.172672	-0.00234355	0.00613237	-0.27603	-0.116056	0.415377	-0.0169916	-0.0680967	-0.0375878
-0.133363	0.152125	0.0588732	-0.00351117	-0.162372	-0.131035	0.339437	-0.0207066	-0.0659637	-0.0334796
-0.156801	0.304683	0.152593	-0.0632572	-0.242386	-0.0818381	0.2239	-0.0254979	-0.0740814	-0.0373096
-0.122202	0.196807	0.134513	-0.0487053	-0.301105	0.00474405	0.279663	-0.0131277	-0.0836398	-0.0469429
-0.104307	0.0595803	-0.00292004	-0.0514279	-0.144635	0.0825569	0.261441	-0.00818733	-0.0615258	-0.0305716
-0.0656951	-0.00739608	-0.0315578	-0.0772084	-0.121931	0.0785445	0.261284	-0.00408979	-0.0108803	-0.0210687
-0.0473875	0.0378128	-0.104426	-0.0369558	-0.0849849	0.00825886	0.295872	-0.00222818	-0.0505462	-0.0154132
-0.033896	-0.00556664	-0.0342135	-0.0116655	-0.0688482	-0.0684832	0.248567	-0.0011784	-0.0181149	-0.00660021
-0.0170169	-0.0100643	-0.0324553	-0.0126218	-0.063228	-0.0774777	0.24117	-0.000981757	-0.0179294	-0.00939526
-0.0084524	-0.00373733	-0.0385039	-0.00912917	-0.0622685	-0.0433589	0.182719	-0.000677147	-0.0122718	-0.00431991
-0.00426508	-0.00191825	-0.00809441	-0.00225528	-0.0379793	-0.0343345	0.0938602	-7.85808e-05	-0.0045469	-0.000387899
-0.000638594	-0.000573993	0.0422699	-0.000203228	-0.00421197	-0.0116307	-0.0226938	-3.20157e-05	-0.00224909	-3.64476e-05
-9.21617e-06	-2.61142e-05	0.0295472	-1.02945e-06	-0.000474741	-0.00101905	-0.0271779	-2.68719e-08	-0.000837588	-1.60314e-06
0.0	0.0	0.0	0.0	0.0	0.0	0.0	0.0	0.0	0.0
0.0	0.0	0.0	0.0	0.0	0.0	0.0	0.0	0.0	0.0
0.0	0.0	0.0	0.0	0.0	0.0	0.0	0.0	0.0	0.0
0.0	0.0	0.0	0.0	0.0	0.0	0.0	0.0	0.0	0.0
-9.51017e-08	0.00110354	-0.000140339	-5.48478e-05	-1.32005e-05	-9.79398e-06	-0.000589119	-1.06603e-08	-0.000295079	-1.05653e-06
0.0109196	0.000262627	-0.000234656	-3.84225e-05	-0.0134132	7.89245e-05	0.00459245	-0.000736725	-0.000494316	-0.000936314
-0.00756132	-8.40587e-05	-0.00487082	-0.00525141	-0.00569571	0.0155511	0.00966196	-0.00114419	-0.000257977	-0.000347534
-0.073967	-0.00456728	-0.00339372	0.120572	-0.00794067	-0.053736	0.0304496	-0.00196427	-0.00449895	-0.000953836
-0.105755	-0.00298786	0.00180792	0.0923547	-0.0876827	-0.0345778	0.150029	-0.00296971	-0.00869018	-0.00152818
-0.117607	-0.0253897	0.0589341	0.137579	-0.148887	-0.0491567	0.190938	-0.0155728	-0.027206	-0.00363028
-0.0257092	-0.0790065	0.166261	0.173475	-0.297426	-0.0610649	0.218307	-0.0498612	-0.0329087	-0.0120634
-0.0669207	-0.118461	0.451578	0.0729515	-0.400065	-0.0864007	0.259725	-0.0593631	-0.0229976	-0.030041
-0.0376487	-0.195923	0.381256	0.18963	-0.382333	-0.0588031	0.309718	-0.109891	-0.0412793	-0.0547189
0.0380517	-0.320954	0.463396	0.439181	-0.456154	-0.151274	0.345097	-0.168311	-0.105486	-0.0835437
0.0184912	-0.146368	0.407203	0.528697	-0.670579	-0.0601351	0.272188	-0.126699	-0.111054	-0.111739
0.170989	-0.0733368	0.533792	0.299818	-0.794548	-0.0867762	0.314252	-0.120809	-0.085235	-0.158142
0.161073	-0.141335	0.296236	0.558643	-0.566467	-0.0498673	0.257351	-0.12271	-0.199609	-0.193315
0.0895836	0.045851	0.205231	0.445028	-0.546897	0.0797878	0.212071	-0.115	-0.187743	-0.227912
0.0999694	0.138675	0.330504	0.326317	-0.478364	-0.0536826	0.0365376	-0.0874794	-0.123317	-0.189157
-0.0125463	-0.0713536	0.205133	0.274889	-0.32001	0.0859267	0.0226266	-0.0568976	-0.00988149	-0.117886
-0.178854	-0.219039	-0.130486	0.344812	-0.255046	0.236651	0.202878	-0.0478248	0.0791353	-0.0322269
-0.20626	-0.136488	-0.152772	0.297542	-0.0637094	0.214506	0.248858	-0.0268281	-0.127164	-0.0476819
-0.120849	-0.17952	-0.249772	0.348058	0.00665691	0.276861	0.0698366	-0.0261711	-0.0830317	-0.0420648
-0.14367	-0.163873	-0.175078	-0.0636754	0.00891559	0.276199	0.244398	-0.0146785	0.0550602	-0.023594
-0.105287	-0.129207	-0.163014	-0.158264	0.0294157	0.129965	0.31367	-0.00383898	0.0930927	-0.00652868
-0.0497683	-0.0910395	-0.13837	-0.0908739	0.0267411	-0.0628239	0.314674	-0.00120937	0.0952267	-0.00255618
-0.01793	-0.075655	-0.0113105	-0.0274426	-0.0114407	-0.0275227	0.155453	-0.000466813	0.0169336	-0.000618617
-0.0022366	-0.0216651	0.0240231	-0.000377894	-0.000558815	0.0631846	-0.0668037	-5.78587e-06	0.00447991	-3.97151e-05
-0.00135775	-0.0277742	-0.000446333	-2.11324e-05	-0.000216265	0.011708	0.0210647	-1.66973e-07	-0.002954	-2.94004e-06
0.0	0.0	0.0	0.0	0.0	0.0	0.0	0.0	0.0	0.0
0.0	0.0	0.0	0.0	0.0	0.0	0.0	0.0	0.0	0.0
-2.55421e-08	-1.92884e-08	-2.13679e-05	3.40068e-05	-1.6345e-07	-1.12647e-05	-2.4937e-08	-1.41645e-08	-1.11215e-06	-1.48187e-08
-3.52363e-05	0.00377918	-0.00114574	0.00157692	-4.71571e-06	-0.00151424	-0.00211495	-6.28387e-08	-0.000538799	-2.34978e-06
-0.000393716	0.000499621	-0.00811428	0.0223242	-0.00138494	-0.0082021	-0.0041336	0.000668394	-0.00104301	-0.000220515
-0.010865	0.00784283	-0.0533291	0.068492	0.0207951	-0.0478435	0.0247026	-0.00301606	-0.00614369	-0.000635048
-0.108746	0.0555644	0.0190923	0.28616	0.0239382	-0.209463	0.0165932	-0.0342941	-0.0411018	-0.00774057
-0.118199	0.044597	0.187769	0.316754	-0.0642592	-0.235371	-0.00308665	-0.0419576	-0.0758589	-0.0103838
-0.0310951	-0.025065	0.119933	0.347083	-0.0799262	-0.161873	0.00864803	-0.0795093	-0.0663033	-0.0318887
0.017611	-0.0292521	0.201466	0.472463	-0.26427	-0.357524	0.123405	-0.124289	0.0376586	-0.0772637
0.113548	-0.0619443	0.404816	0.3796	-0.353313	-0.279844	0.00670449	-0.224335	0.175981	-0.161207
0.0969639	-0.104646	0.32864	0.483252	-0.484438	-0.0370713	0.0358166	-0.332147	0.210351	-0.196717
0.203891	-0.305228	0.402312	0.560366	-0.45082	0.158623	-0.109401	-0.376748	0.203381	-0.286373
-0.00786816	-0.153652	0.381737	0.432317	-0.332575	0.0593757	-0.121413	-0.326578	0.432855	-0.364197
0.0562464	0.21076	0.199998	0.477032	-0.143929	-0.242185	-0.0611623	-0.329528	0.151893	-0.319128
-0.0643644	0.175698	0.345566	0.326686	-0.338299	0.0127517	-0.0779189	-0.392828	0.430723	-0.418016
0.0891149	-0.0508199	0.183559	0.384469	-0.457114	0.407454	-0.143539	-0.369855	0.412712	-0.455982
-0.0974918	0.051956	0.154677	0.474858	-0.194636	0.107588	0.0472154	-0.350396	0.30968	-0.50345
0.0838872	-0.0525616	0.105988	0.176039	-0.111049	0.157969	0.118496	-0.303237	0.157462	-0.332993
-0.042561	-0.215736	0.0521473	0.341119	-0.119444	0.396791	-0.0107118	-0.243584	0.101971	-0.259993
-0.0965692	0.141992	-0.137526	0.101759	0.184981	0.15844	0.0110079	-0.156786	0.0795183	-0.286817
-0.0750702	0.0938797	-0.13664	0.006217	0.302405	-0.223804	0.0839539	-0.11497	0.251853	-0.187823
-0.11293	0.00140818	-0.349125	-0.133596	0.297218	0.253721	0.197304	-0.0311173	0.0783201	-0.201202
-0.0932632	-0.100817	-0.428149	-0.0931831	0.343156	0.1327	0.323771	-0.0476131	0.0734326	-0.110029
-0.173953	-0.142318	-0.359884	-0.274451	0.345341	0.379391	0.284399	-0.0223477	0.00143874	-0.0376096
-0.199636	-0.28441	-0.179044	-0.0420778	0.223143	0.459854	-0.0914223	-0.0061173	0.130005	-0.0102906
-0.0550612	-0.139225	-0.00790843	-0.00422433	0.00440574	0.172273	-0.0787076	-0.00135936	0.112754	-0.00294612
-0.00615215	-0.0179731	-0.00571917	-0.000112102	-0.02527	0.0266936	-0.0104423	-0.000343403	0.0407066	-0.00138799
-0.000115556	-0.00997289	-0.00509391	-2.67676e-05	-0.0040271	-0.00430655	0.0188541	-2.16263e-05	0.00488329	-0.000172988
0.0	0.0	0.0	0.0	0.0	0.0	0.0	0.0	0.0	0.0
0.0	0.0	0.0	0.0	0.0	0.0	0.0	0.0	0.0	0.0
-0.000350933	0.000437641	0.000455597	0.00243767	-9.99442e-05	-0.00258179	6.33711e-05	-6.87125e-06	-0.000352083	-2.65483e-06
-0.00416039	0.00904944	-0.00633026	0.107627	0.00190135	-0.0485254	-0.0415455	-0.00180624	-0.0120001	-0.00420983
-0.0308669	0.0217596	0.00698206	0.22562	0.0162443	-0.196138	0.0357673	-0.0224465	-0.0436451	-0.0132752
-0.148203	0.148173	0.0243825	0.446767	0.0468672	-0.264672	-0.172614	0.112218	-0.15085	-0.0420621
-0.0280053	0.080303	0.0455122	0.445907	-0.0188223	-0.326652	-0.115367	0.140474	-0.126744	-0.0966025
-0.0219007	-0.133011	0.117817	0.317391	-0.0546971	-0.0955808	-0.138684	0.13575	0.0141988	-0.14128
0.0522417	-0.330645	0.219276	0.138751	-0.0665948	-0.156671	0.101013	0.204509	0.015298	-0.177177
0.0659237	-0.367826	0.0585178	0.165977	-0.00293151	0.0817979	-0.0100775	0.124695	0.131727	-0.247804
0.25959	-0.249791	0.144361	0.160849	-0.190095	0.183796	0.073306	-0.126303	-0.14212	-0.113593
0.154273	-0.351635	0.256441	0.197689	-0.105839	0.0785708	-0.490653	-0.204305	0.258882	0.206575
-0.0343302	-0.256296	0.186512	0.130536	-0.0187901	-0.000837605	-0.308359	-0.069338	0.253515	0.117389
0.187683	-0.0345047	0.126053	0.149664	-0.293382	-0.0250891	-0.36336	-0.0966673	0.12785	0.221751
0.208252	-9.13191e-05	0.0868242	0.0791321	-0.018447	-0.106895	-0.0192006	-0.304706	0.233444	-0.158313
0.152032	0.201709	0.142601	0.234654	-0.0267235	-0.130112	-0.270324	-0.4009	0.094515	0.00254775
0.106506	-0.167952	0.310968	0.412034	0.0594621	0.0905739	-0.217795	-0.31912	0.146705	-0.421381
0.33942	-0.250384	0.142183	-0.0625662	-0.0980946	0.185619	-0.02984	-0.389661	0.43876	-0.275435
0.371698	-0.004766	0.121975	-0.00418266	0.0900187	0.147925	0.122263	-0.419066	-0.189556	-0.23631
0.0615547	0.02494	0.00697019	0.141642	0.180865	-0.00331634	0.194137	-0.558925	0.152666	-0.200535
-0.109687	0.132361	0.0608935	-0.009614	0.0677653	0.320043	0.0624992	-0.547465	0.237361	-0.214157
0.0150032	0.317486	0.0553233	-0.145803	0.0641461	0.131442	0.0984503	-0.324448	0.067776	-0.279376
0.0119402	0.281137	-0.127902	-0.083631	0.244514	0.301517	0.000275162	-0.225358	-0.0420581	-0.360431
-0.256109	0.121734	-0.297572	-0.254304	0.470799	0.396877	0.312744	-0.115521	-0.151101	-0.227546
-0.309346	-0.0180776	-0.271063	-0.0899176	0.116346	0.500428	0.106221	-0.0332834	0.0915613	-0.0928657
-0.128093	-0.179617	-0.0607575	-0.0234818	-0.0672781	0.338525	-0.0712816	-0.0105499	0.233277	-0.0307409
-0.0374583	-0.0380983	-0.0206853	-0.00206099	-0.0356944	0.0781202	0.0411855	-0.00446605	0.0233549	-0.00419699
-0.0140981	-0.0129733	-0.00748039	-0.00010593	-0.000409425	0.00966878	0.0281978	-0.000161083	-0.00260212	-3.62358e-05
0.0	0.0	0.0	0.0	0.0	0.0	0.0	0.0	0.0	0.0
-5.02629e-06	-1.59691e-06	-5.93661e-05	0.000690698	-1.76087e-06	-5.56343e-05	-2.70555e-07	-1.31419e-05	-6.3942e-05	-0.000489959
-0.00156	-0.0247711	-0.00861486	0.00799946	-0.00288252	0.00317538	-0.00156618	0.0365523	-0.00435605	-0.00397644
-0.00357902	0.00350167	0.00584228	0.147905	-0.0409724	-0.154835	-0.0437444	0.157341	-0.0415692	-0.0298902
-0.0480286	0.0176245	0.117362	0.18329	0.0256956	-0.230538	0.0347973	0.103129	-0.10638	-0.0969483
-0.0259402	-0.022119	0.0941614	0.236163	0.190852	-0.163735	-0.121908	0.222238	-0.128256	-0.28145
0.0206881	-0.0959373	0.180253	0.281784	0.121561	-0.0963802	-0.282771	0.342207	-0.178461	-0.29294
0.042044	-0.252402	0.137078	0.0729654	0.0718949	0.0418309	-0.0629984	0.322591	-0.0539544	-0.319049
-0.0125296	-0.37621	0.06054	0.211215	-0.0398457	-0.0355046	-0.0480423	0.378395	0.0372978	-0.175316
-0.259961	-0.471327	0.27406	0.344372	0.0946488	-0.111025	-0.174949	0.208022	0.0681309	0.0280292
0.00796055	-0.198417	0.269197	0.391263	-0.156336	-0.0665431	-0.3692	0.294565	-0.126522	-0.0459672
-0.0334988	-0.0513553	-0.0261263	0.209288	-0.293276	-0.0894099	-0.327351	0.429105	-0.0105565	0.19318
-0.223732	-0.234557	0.0834338	0.0335004	-0.180877	0.00488166	-0.207864	0.28043	0.325574	0.119213
0.282138	-0.290112	0.0210918	0.400656	-0.346561	-0.0447379	-0.438004	-0.0277229	0.0412919	0.401961
0.213493	-0.228677	-0.0466785	0.157304	-0.405923	0.212761	-0.298632	-0.0123138	0.0287668	0.379901
-0.0356459	-0.291973	0.0707943	0.158577	-0.484315	-0.0333113	-0.130181	0.0852282	0.38989	0.270939
0.0753473	-0.245009	0.180106	0.268651	-0.413209	-0.112231	-0.275226	0.0263806	0.0887982	0.40639
0.172725	-0.402662	-0.00128746	0.0017584	-0.222856	0.0104612	-0.210216	0.104067	0.198939	0.34907
0.347286	-0.100441	-0.0458476	0.331047	-0.428885	0.101998	-0.399836	0.0339013	-0.201852	0.362631
0.0609536	-0.244227	-0.124142	-0.147765	-0.0655179	0.297822	-0.197511	-0.0619875	0.417153	0.0652226
0.111501	0.0309299	-0.190579	0.0968559	-0.202843	0.180775	-0.0862874	-0.0958796	0.064455	0.0910743
0.356168	0.0664864	-0.10367	0.0794933	-0.104684	-0.0645346	-0.0971471	-0.0160562	-0.0406436	-0.0754108
0.407101	0.0868047	-0.187664	-0.0945294	0.214708	0.186436	-0.0716867	-0.160455	-0.087709	-0.293005
-0.014401	0.107147	-0.476841	-0.157963	0.498984	0.271332	0.0784915	-0.237121	0.235826	-0.305457
-0.440658	0.0041669	-0.286255	-0.0629608	0.120931	0.799445	0.0678366	-0.10082	0.103296	-0.204979
-0.310924	-0.132679	-0.0697027	-0.0516472	-0.0365816	0.472629	-0.036121	-0.0451787	0.277069	-0.0668599
-0.143963	-0.0187538	-0.0119631	-0.0054835	0.0594802	0.165934	-0.0488056	-0.0133399	0.0414185	-0.0245236
-0.0386635	-0.000319282	-0.000551909	-0.000395696	-0.00192972	0.0532331	-0.00296941	-0.000722384	-0.00693006	-0.000751117
0.0	0.0	0.0	0.0	0.0	0.0	0.0	0.0	0.0	0.0
-0.000334128	-0.00223705	-0.00199997	0.0192015	-0.00108672	-0.00204076	-8.46052e-05	0.00687564	-0.00478759	-0.0135063
-0.000675517	-0.0406692	0.0316352	-0.0241721	-0.00438033	-0.0204534	-0.00674849	0.0896437	-0.00796198	-0.0162178
-0.00565518	-0.0173462	0.0575285	0.0647641	-0.0172701	-0.169249	-0.0529598	0.280543	-0.0453658	-0.0949873
-0.0868854	-0.0018872	0.308836	0.333198	0.102442	-0.500514	0.0277872	0.134099	-0.0553762	-0.261691
-0.0161804	-0.150327	0.204464	0.466743	0.316266	-0.294637	-0.0823889	0.0665614	-0.0348091	-0.475685
0.073975	-0.249027	0.351013	0.201501	0.134577	-0.047035	-0.342754	0.287455	-0.090791	-0.318911
-0.00398684	-0.279033	-0.0737427	0.0850506	0.149029	0.152948	0.00427216	0.286807	0.00532662	-0.326671
-0.192121	-0.525234	0.196369	0.103043	-0.00977775	0.232147	-0.0731936	0.138088	0.176965	-0.0462858
0.0526703	-0.315629	0.0124944	0.0656755	0.0299368	0.0487727	-0.157701	0.263018	-0.0528125	0.0535765
0.0476459	-0.0927325	-0.12339	-0.00856584	-0.229084	0.263028	-0.257345	0.349698	0.103233	-0.0524881
0.0987226	-0.241208	0.0911036	0.0162823	-0.130335	0.15907	-0.10373	0.241379	-0.200035	0.0687511
-0.0284961	-0.023321	-0.0815677	0.181055	-0.455301	0.0734734	-0.178822	0.23171	-0.136675	0.417946
0.149656	-0.242989	0.302159	-0.0449045	-0.28381	-0.199122	-0.340615	0.173438	-0.0390476	0.525242
0.0657798	-0.132531	0.066039	0.294067	-0.403944	0.22661	-0.101104	-0.0942624	-0.35784	0.437189
-0.0664324	-0.447747	-0.0908147	0.26936	-0.325743	-0.247503	-0.141272	0.141126	0.372011	0.537017
-0.0453903	-0.226618	0.0728259	0.0242152	-0.403836	0.118443	-0.382459	0.205258	0.0854103	0.552151
0.277562	-0.235554	-0.263078	0.201546	-0.0935806	0.0741192	-0.245163	0.244736	-0.218967	0.258381
0.305849	-0.323432	-0.0376218	-0.137258	-0.301872	0.0960113	-0.323011	0.344507	0.184657	0.19217
0.17218	-0.104964	-0.108312	0.123358	-0.0520451	0.0513401	-0.306693	0.175926	-0.0689164	0.118127
-0.0128085	0.0504611	-0.225757	0.0484116	-0.0844262	0.0657537	-0.305941	0.342294	-0.0379826	0.159995
0.014898	-0.0752961	-0.017303	-0.244585	-0.0764448	0.198507	-0.199421	0.188492	0.176238	0.0349142
0.0991231	-0.0868231	0.164165	-0.248903	0.158927	0.23823	-0.307959	0.138826	0.0110516	-0.16664
0.232801	-0.122379	-0.577541	-0.263326	0.400986	0.362811	-0.18069	0.0148682	0.344631	-0.21216
-0.15765	-0.357383	-0.434187	-0.196622	0.174038	0.74155	0.0879477	-0.0594675	0.431356	-0.229577
-0.353595	-0.215218	-0.0898049	-0.066566	0.0131213	0.833801	-0.107849	-0.0681081	0.159108	-0.104886
-0.166717	-0.00837454	-0.017185	-0.00455037	0.0870045	0.157902	-0.0459413	-0.0129761	0.0538573	-0.0430184
-0.0114819	-0.00410483	-0.00134137	-0.000330929	-0.00259636	0.0246242	-0.010768	-0.0004993	0.00761491	-0.0011165
0.0164993	-2.83976e-07	-0.000260232	-8.0595e-07	-0.000600166	-5.69919e-06	-7.6864e-06	-0.0102471	-2.35732e-05	-0.00535377
-0.000365227	-0.00187279	0.00147723	-0.00893298	-0.0146008	-0.00156278	-0.000257385	0.0715534	-0.00494202	-0.0404966
0.00258429	-0.0256564	0.0138324	-0.0238035	0.0152138	-0.0229112	-0.00628654	0.136102	-0.01191	-0.0771649
0.0115556	-0.00433355	0.0355238	0.08594	-0.00294707	-0.1773	-0.0463722	0.375954	-0.0103271	-0.26769
-0.119055	-0.0317266	0.352967	0.380173	0.0525668	-0.659981	0.0285698	0.321514	0.0283894	-0.353403
-0.0593293	-0.0959426	0.0976189	0.195716	0.240592	-0.336017	-0.140552	0.276956	0.127882	-0.306918
-0.0297872	-0.23618	0.00848367	0.0307905	0.0617167	-0.0652412	-0.276738	0.269725	0.250426	-0.0131954
-0.0557921	-0.188431	-0.00798434	0.0512985	0.102187	-0.193512	-0.174977	0.558423	0.226357	-0.317571
0.016495	-0.454034	0.0827077	-0.0782418	-0.150642	0.133209	-0.181328	0.322369	0.00125341	0.308212
0.266778	-0.477424	-0.0725655	-0.108745	0.12617	0.100443	-0.137458	0.178457	0.202916	-0.0785696
-0.00478496	-0.221726	0.270917	0.0948866	-0.187734	0.132752	-0.221937	0.0414606	0.152612	-0.0564455
-0.0611792	-0.285685	0.0622377	0.0419558	0.0212786	0.125677	-0.175279	0.337869	0.029724	-0.0965982
0.202244	-0.0443789	-0.125991	0.113385	-0.215338	-0.0280467	-0.210009	0.410611	0.251352	-0.353824
-0.0274969	0.0223061	-0.0914792	0.0656006	-0.292534	-0.0512834	-0.210213	0.0279605	0.337641	0.2195
0.234918	-0.0342969	0.00914027	0.169106	-0.407074	-0.0541625	-0.449686	0.277668	-0.194368	0.448757
0.272767	0.00256143	-0.025962	0.15574	-0.250761	-0.197474	-0.525521	0.366293	-0.0451985	0.247557
0.570608	-0.321405	-0.100178	0.0774932	-0.492296	-0.0220641	-0.454573	0.287565	0.233171	0.221681
0.25964	0.127781	-0.00506706	0.0792373	-0.216203	-0.0127599	-0.341601	0.180593	-0.0677086	-0.00391016
0.09171	-0.232495	-0.210986	0.347856	-0.0112166	-0.0898658	-0.613981	0.445562	0.121365	0.152053
0.0233101	-0.121223	0.233584	0.125414	-0.136432	0.100094	-0.520353	0.110593	0.18343	0.00158302
0.226896	-0.266944	0.0471352	0.122549	-0.101488	0.255506	-0.370791	0.242373	0.0688763	-0.224113
0.0852868	-0.266684	-0.130803	0.0468124	-0.0384135	0.14773	-0.261728	-0.0496912	0.200539	0.26695
0.216199	-0.257313	-0.0584575	0.314563	-0.17567	0.0313189	-0.454144	0.263406	0.123705	-0.00361019
0.476457	-0.477829	-0.0415855	-0.541794	0.154454	0.670095	-0.496483	0.139316	0.306336	-0.188965
0.104536	-0.522785	-0.481829	-0.431448	0.119896	1.15602	-0.317832	-0.121334	0.653501	-0.158717
-0.365732	-0.23911	-0.169588	-0.0924401	0.124437	0.917885	-0.230605	-0.120384	0.296901	-0.121357
-0.141503	-0.018404	-0.0247666	-0.00641309	-0.0572433	0.256154	-0.128517	-0.0189206	0.180811	-0.0411966
-0.00833235	-0.00307195	-0.00273414	-0.000102083	-0.00232077	0.00840008	-0.0125214	-0.00455197	0.0270706	-0.00183599
-4.14501e-06	-3.2361e-05	-1.18896e-05	-0.000169027	-0.000727788	-8.16445e-05	-3.26867e-06	0.00266311	-2.5912e-05	-0.00160708
-0.000486152	-8.91485e-05	-0.00116852	-0.00749016	-0.0145508	-0.0015957	-0.000136318	0.0825867	-0.00352911	-0.0535407
0.00828482	-0.0166992	-0.0277376	0.0429624	0.00631277	-0.0104839	-0.0109006	0.148389	-0.0297334	-0.110394
0.0390416	-0.00997371	0.0626145	0.199549	-0.14471	-0.196725	-0.0573978	0.418274	-0.040218	-0.270449
-0.064701	-0.0960376	0.234049	0.564909	-0.232497	-0.522723	0.0567933	0.425742	0.0351218	-0.400647
-0.0349195	-0.263453	0.397383	0.154841	-0.0465748	-0.318971	-0.246596	0.27853	0.109357	-0.0295916
-0.0960408	-0.262905	-0.107346	0.111434	-0.0935324	-0.0870007	-0.247232	0.256653	0.257385	0.268585
-0.129907	-0.138922	-0.116693	0.212049	-0.0616728	-0.0252237	-0.0360861	0.187857	0.125535	-0.0169365
-0.105274	-0.24966	-0.0836662	0.154467	-0.0347755	0.124685	-0.176852	0.15853	0.161524	0.0510227
0.0734091	-0.405663	0.101691	0.0824458	-0.0115779	-0.0379913	-0.225965	0.25705	0.224871	-0.058268
0.175323	-0.19375	0.232723	-0.0898725	-0.277707	0.198803	-0.349479	-0.0334516	0.087168	0.250243
-0.0772819	-0.0922365	-0.070118	-0.334521	-0.0478546	0.355306	-0.13368	0.179948	0.114127	0.106312
0.010999	-0.123756	0.000895071	-0.217161	-0.127927	0.216412	-0.215735	0.512065	-0.118809	0.0630189
0.334823	0.0497925	0.0049019	-0.157281	-0.111253	-0.0755573	-0.460822	0.265185	0.0524759	0.0977364
-0.0177639	0.159234	0.108768	0.282141	-0.636344	-0.217318	-0.239306	0.606269	-0.254297	0.208619
-0.268586	0.53169	0.225394	0.482876	-0.351786	-0.453069	-0.440546	0.397174	-0.504823	0.381682
0.171681	0.167532	0.256909	0.324984	-0.0423248	-0.454027	-0.586808	0.288942	-0.0995343	-0.0273518
0.327663	-0.00822377	-0.0660999	0.126538	-0.113384	-0.203869	-0.732248	0.583539	0.0699392	0.0161494
0.230762	-0.14081	0.0613854	0.0322335	0.122238	-0.0608954	-0.60501	0.290611	-0.0695101	0.139
0.329236	-0.265554	-0.0159175	0.226054	-0.0938903	-0.0872645	-0.579441	0.343716	0.0369864	0.106077
0.278278	-0.389579	-0.0320155	0.305277	0.0598756	-0.0182776	-0.371815	0.00168834	0.0756801	0.0908887
-0.142648	-0.30549	-0.153969	0.133121	0.0585889	0.350411	-0.169291	0.291546	0.150709	-0.212978
-0.0949629	-0.397848	0.0440783	0.40535	-0.00934812	0.236215	-0.508156	0.234972	0.103443	-0.0137436
0.535592	-0.498587	-0.106685	-0.234904	0.0569587	0.594608	-0.391952	-0.0191896	0.33975	-0.275589
0.374728	-0.342938	-0.482728	-0.427993	-0.240414	1.40478	-0.378305	-0.0719643	0.403526	-0.238678
-0.334224	-0.174761	-0.129549	-0.0622781	-0.202316	1.17916	-0.378368	-0.0370237	0.297029	-0.157667
-0.128631	-0.0221939	-0.00618576	-0.0133274	-0.0830797	0.271639	-0.167647	0.0175804	0.194995	-0.0631476
-0.00152192	-0.0030479	-0.00141275	-0.000500986	-0.00780849	0.0158123	-0.00768821	0.0616401	-0.0513348	-0.00413734
-6.04424e-06	-3.76936e-05	-2.44377e-05	-0.000283223	-0.000848955	-0.000102759	-3.85422e-06	0.00355403	-3.56375e-05	-0.00221142
-0.000510988	-4.1024e-05	-0.000418041	-0.00474317	-0.0138044	-0.00144515	-4.90189e-05	0.0774138	-0.00188959	-0.0545123
0.0412217	-0.00855608	-0.0243223	0.0171266	-0.0347404	-0.0126998	-0.0375283	0.225038	-0.0217112	-0.143827
0.0191706	-0.0604873	0.10168	0.329107	-0.13691	-0.175311	-0.0740143	0.327835	-0.112864	-0.218199
-0.0306024	-0.123536	-0.0642979	0.316473	-0.206308	-0.210055	-0.0538294	0.401056	0.210024	-0.23892
0.0645952	-0.277467	0.400084	-0.00921137	-0.219493	-0.175732	-0.220386	0.264424	0.0515829	0.121607
-0.0703978	-0.42421	0.425102	0.0228114	-0.216793	-0.0908277	-0.159945	0.154328	0.116744	0.243188
-0.131148	-0.290257	-0.0124353	-0.00759596	-0.087888	0.20104	0.0332584	0.104641	0.218641	-0.0282568
-0.0759942	-0.201299	0.000262879	-0.237773	-0.0334669	0.354669	0.0231569	-0.120828	0.163363	0.127911
0.0853108	-0.299988	-0.189368	-0.509182	0.158397	0.415514	-0.241531	0.18002	0.257228	0.143599
-0.10902	-0.00994587	0.0301477	-0.427639	-0.00101952	0.214577	-0.139967	-0.0185958	0.269479	0.191982
0.11167	0.159773	0.061694	-0.462427	6.59584e-05	0.183933	-0.162313	-0.202439	0.224019	0.0860283
-0.0483093	-0.0488356	0.0276198	-0.522643	0.301425	0.3493	-0.319314	-0.255377	0.34422	0.171917
0.169874	0.351747	-0.207583	0.112609	-0.294633	0.102366	-0.125277	0.234126	-0.00102724	-0.342201
0.081143	0.555524	0.0381443	0.200505	-0.940967	0.0442939	-0.332406	0.433139	-0.052816	-0.0265549
-0.177346	0.834654	-0.156625	0.1067	-0.0430312	-0.117207	-0.53107	0.513966	-0.335859	-0.0941803
0.0755279	0.241742	0.0313501	0.226297	-0.226449	-0.228139	-0.473791	0.706249	-0.37589	0.0231058
0.394507	0.107603	0.244518	0.175451	0.0597591	-0.467712	-0.457656	0.259941	-0.239716	-0.0766936
0.267695	-0.231509	0.0995574	0.184823	0.00488098	-0.517463	-0.457384	0.354864	0.23486	0.059679
-0.0102904	-0.183764	-0.0539553	0.240908	0.155311	-0.431284	-0.497704	0.449313	0.306434	0.0250302
0.200032	-0.420806	-0.0722242	0.338059	-0.147502	-0.232218	-0.264075	0.44199	0.150681	0.00606471
0.150051	-0.304502	-0.11366	0.0854906	-0.0195382	-0.0477037	-0.258809	0.4158	0.175514	-0.0826443
0.246105	-0.386261	-0.0930367	0.207403	-0.0615507	-0.0123425	-0.395757	0.269227	0.245158	-0.0189447
0.523461	-0.389312	-0.168167	-0.0538231	-0.480071	0.718206	-0.111756	-0.216041	0.31465	-0.137141
0.385988	-0.310503	-0.398117	-0.301398	-0.364607	1.74696	-0.259834	-0.14557	-0.0129687	-0.339937
-0.339934	-0.117809	-0.0709747	-0.0246366	-0.256712	1.52105	-0.479854	-0.0159001	-0.104571	-0.110657
-0.155691	-0.0326735	0.0296641	-0.00744864	-0.106001	0.428817	-0.166851	0.0124545	0.0571964	-0.0594665
-0.000627865	0.00128738	-0.000779808	-0.000166323	-0.0022488	0.00547553	-0.0227155	0.0155106	0.0121199	-0.00785515
-2.9591e-05	-6.70097e-06	-2.38891e-05	-0.000176941	-0.00012157	-9.00586e-05	-4.30562e-06	0.00141612	-4.06393e-05	-0.000922421
0.00942349	0.000498733	-0.000738746	-0.00322273	-0.0301886	-0.011322	-0.000216075	0.107112	-0.00226705	-0.0690786
-0.00428462	-0.000157145	-0.0121852	0.0180884	-0.13462	-0.0232478	-0.00137281	0.414481	-0.0130683	-0.243633
0.00264238	-0.0411907	-0.0443926	0.324699	-0.100719	-0.2299	-0.0758855	0.405598	-0.014927	-0.22592
-0.185571	-0.0758444	-0.163113	0.291687	-0.276862	-0.106692	-0.0306164	0.464862	0.0872726	-0.00511767
-0.137671	-0.147586	0.0258919	-0.134403	-0.119251	-0.0686991	-0.0113101	0.124972	0.24577	0.222288
0.0133974	-0.381634	-0.00718571	-0.267473	0.095057	0.272556	-0.059945	-0.00816201	0.145755	0.197637
0.0171094	-0.346583	-0.2346	-0.52661	0.0335279	0.153335	0.189699	0.108121	0.508656	0.0973464
-0.0217568	-0.279657	-0.401717	-0.415144	0.166341	0.16194	0.0245771	-0.18857	0.33748	0.616509
-0.239555	-0.302794	-0.445294	-0.49302	0.391861	0.150364	0.147245	0.218334	0.392891	0.179962
-0.059033	-0.133614	-0.857694	-0.37821	0.520916	0.0901104	-0.0121338	0.350601	0.222585	0.256473
-0.0601759	-0.0905266	-0.690799	-0.175466	0.120731	0.0916652	-0.110549	0.335633	0.207723	0.371762
-0.328854	-0.130384	-0.799365	0.00590528	0.60906	0.190771	0.142879	-0.0349414	0.1658	0.179132
-0.0428169	0.368403	-0.93691	0.317457	-0.825051	0.573672	0.197872	0.130446	0.190034	0.0268955
-0.422365	0.724519	-0.564879	0.0969018	-0.86918	0.0833461	-0.270166	0.518694	0.666403	0.0367265
-0.687371	0.739535	-0.475335	0.220154	0.39542	-0.198028	-0.670824	0.41825	0.000314723	0.257885
-0.593264	0.188705	-0.177643	-0.0441589	0.470113	-0.204821	-0.213056	0.399735	-0.148818	0.32321
-0.00649119	-0.13716	-0.370807	0.349041	0.196413	-0.17577	-0.384326	0.322941	-0.216064	0.422224
-0.254643	-0.0433512	-0.0873535	0.160019	0.00251902	-0.054117	-0.289764	0.497194	-0.24681	0.316308
0.0114523	-0.199962	0.301543	0.112848	-0.0274002	-0.358056	-0.201394	0.223094	-0.0237645	0.16164
0.182865	-0.198617	-0.107401	0.378897	-0.218077	-0.657092	-0.154989	0.315848	-0.0937369	0.552307
0.37762	-0.236709	0.022094	-0.0817159	-0.234921	-0.469762	-0.0594131	0.297277	0.0243858	0.361145
0.25514	-0.227123	-0.0670337	-0.014193	-0.249663	-0.524149	-0.106983	0.290889	0.316492	0.326623
0.307299	-0.198844	-0.141903	-0.211626	-0.485229	0.201239	0.324016	-0.215475	0.492878	-0.0723527
0.396337	-0.188517	-0.161676	-0.234559	-0.472512	0.772319	-0.0341212	-0.183184	0.371233	-0.265311
-0.227431	-0.110108	0.0666707	0.0100029	-0.210052	1.04225	-0.464562	-0.0811623	0.100678	-0.126284
-0.110459	-0.0350872	0.0370306	-0.00343169	-0.038831	0.28202	-0.271405	-0.0131528	0.191526	-0.0382094
-0.000435482	0.00612734	-0.00186353	-8.45283e-05	-0.00157501	0.00452037	-0.014089	0.00368824	0.00653154	-0.00281996
-1.49622e-06	-3.32399e-08	-1.18148e-05	-6.96031e-05	-1.76474e-06	-1.42234e-05	-1.7259e-08	0.00175088	-2.06983e-05	-0.00163123
2.48368e-05	-0.000241152	-5.47789e-05	-0.00312014	-0.0423282	-0.0158483	-0.000296919	0.104727	-0.001235	-0.0416272
-0.00479656	-0.00344086	-0.00194637	-0.00890921	-0.157424	-0.021592	-0.00134564	0.4246	-0.00929855	-0.215847
-0.0281207	-0.00391585	-0.159268	0.0662544	-0.209102	-0.0938233	-0.0649837	0.57806	0.0903719	-0.17547
-0.134795	0.00351601	-0.254385	-0.00818985	-0.398758	0.0106858	-0.0681709	0.516042	0.0139147	0.320146
-0.0168084	-0.0694242	-0.53894	-0.230816	-0.0680235	0.00856916	-0.0359164	0.263137	0.317302	0.370919
0.244339	-0.130008	-0.923289	-0.322353	0.191402	0.336763	0.167664	-0.0101353	0.0675024	0.378114
-0.00352283	-0.181518	-1.08635	-0.294487	0.355918	0.0827719	0.266502	0.402302	0.27434	0.18404
-0.0980614	-0.20802	-0.535824	-0.374953	0.44685	-0.0236852	0.186232	0.508662	-0.0522026	0.151
-0.0726895	-0.112587	-0.548276	-0.145003	0.192043	-0.103276	0.240741	-0.0477837	0.129823	0.467007
0.0259868	-0.333206	-0.6669	0.204558	0.552635	0.291218	-0.0383457	-0.134853	-0.201799	0.300708
0.0279476	-0.492145	-0.610871	-0.159179	0.556861	0.138827	0.326238	0.106662	-0.110049	0.215706
0.158332	0.0661455	-0.558323	0.00134666	1.01212	0.13555	0.164485	-0.700288	0.0637202	-0.343086
0.0655955	0.190649	-0.36978	0.0258128	-0.00475506	0.286207	0.210539	-0.943475	0.484807	0.0543991
-0.579883	0.964751	-0.488366	0.549435	-0.566337	-0.127186	-0.298895	0.0179443	0.229732	0.298802
-0.86411	0.449556	-0.520121	0.215501	0.190712	0.0463148	-0.388988	0.425899	0.0774923	0.367751
-0.660029	0.115818	-0.212284	0.147955	0.367013	-0.331286	-0.104775	0.46804	-0.0582	0.267751
-0.0253259	0.112329	-0.321737	-0.0267484	0.0291796	-0.453095	-0.125595	0.452763	0.0754173	0.282817
-0.0458404	-0.022229	-0.288306	0.177021	-0.0148611	-0.328414	-0.201177	0.397665	-0.0791795	0.405326
0.089938	-0.204054	0.260491	-0.0444682	0.153277	-0.366686	-0.372353	-0.107418	0.232227	0.359047
0.068856	-0.147934	-0.064391	0.0207112	0.151637	-0.432291	-0.17275	0.000261653	0.21696	0.35894
0.0937377	-0.0870493	0.0175172	-0.612901	0.326301	-0.851352	0.0893849	0.136244	0.447564	0.440548
0.300996	-0.0858564	-0.0704269	-0.489608	0.147905	-1.20843	0.371169	0.114241	0.438612	0.481401
0.436362	-0.0539526	-0.369515	-0.293731	-0.193424	-1.14729	0.761107	-0.229212	0.746289	0.343373
0.642511	-0.0639334	0.159206	-0.130451	-0.124247	-1.05629	0.338015	-0.180289	0.725033	-0.309541
-0.0277349	-0.0452011	0.322802	0.0219091	-0.063629	0.0315909	-0.267876	0.0193472	0.162782	-0.153989
-0.0686756	-0.0333937	0.21391	-0.000495256	-0.0265903	0.183455	-0.290442	0.0424597	0.0311861	-0.0514129
-0.000375129	0.00449122	0.0234312	-0.00011617	-0.0110195	-0.00456032	-0.0159318	0.0198292	-0.013961	-0.00178764
-6.4679e-09	5.84934e-05	-7.10136e-06	-1.98683e-05	-1.8871e-07	-1.90118e-06	-1.43522e-06	-1.09641e-05	-5.90006e-06	-1.11281e-05
0.000703878	-4.21893e-05	-3.81345e-05	-0.00162165	-0.0314379	-0.00261204	-0.000328158	0.0595361	-0.000251802	-0.0239081
-0.00219568	-0.00111669	-0.000851282	-0.00566988	-0.103136	-0.0056833	-0.000544855	0.263289	-0.00236581	-0.141726
-0.00917463	0.0120635	-0.201294	0.0250938	-0.168443	0.000596551	-0.0565594	0.465863	0.0552211	-0.123365
0.0284023	0.036475	-0.599343	-0.218007	-0.173449	0.10225	-0.107199	0.295665	-0.0699091	0.705123
-0.01383	-0.0512145	-0.878754	-0.248418	0.237575	0.223177	0.0953583	0.103069	0.0863975	0.446639
0.303964	-0.102446	-1.11344	-0.281608	0.480484	-0.098088	0.477015	0.167736	0.0176017	0.148776
0.296558	-0.168756	-0.844411	-0.328184	0.320185	0.173914	0.0674839	0.153388	0.0342547	0.295566
0.0829418	0.0113359	-0.357298	-0.199127	0.358051	-0.0252265	0.0143333	-0.0236945	-0.085274	0.223959
0.0962656	-0.0804088	-0.270292	-0.130189	0.394521	0.0587015	0.0783277	-0.181315	0.0853525	-0.0509641
0.197082	-0.687612	-0.172457	-0.187178	0.49844	0.176613	0.253947	0.031503	-0.206381	0.0960436
0.0530819	-0.732782	0.115126	-0.200497	0.615365	0.290652	-0.0304442	-0.219182	0.110376	-0.0016989
0.104954	0.025306	-0.0910472	0.128358	0.463131	0.465667	0.1044	-1.12886	0.226794	-0.298698
-0.471315	0.268122	0.203996	0.413762	-0.295056	0.247827	0.110024	-1.11275	0.531085	0.104298
-0.697094	0.594443	0.0749454	0.278551	-0.0488008	-0.117119	-0.238129	-0.0487773	-0.0872637	0.289248
-0.885482	0.377093	-0.273898	-0.212219	0.449419	-0.254697	0.0449077	0.0167858	0.400148	0.33795
-0.619087	0.121153	-0.268636	0.127802	0.215189	-0.458988	0.0491042	0.212606	0.106607	0.514251
-0.185925	0.380209	-0.0855419	0.0678485	0.166789	-0.203641	-0.314154	0.0655898	-0.168346	0.277176
-0.0451735	-0.223947	-0.252026	0.248616	0.233054	-0.13133	-0.192427	0.093008	0.044232	0.225995
-0.0602247	-0.316921	-0.248248	0.0534261	0.0926542	0.0250504	0.111046	-0.179553	0.0636138	0.459155
-0.353708	-0.189621	-0.225166	-0.512866	0.356987	0.0120087	-0.0851848	0.30072	0.311775	0.385056
-0.102409	-0.131004	0.0440792	-0.554579	0.404679	-0.278733	0.268185	0.141503	-0.152013	0.360293
0.22414	-0.140757	-0.0361065	-0.671926	0.345426	-0.353898	0.421427	-0.088204	0.0559101	0.243989
0.444725	-0.130671	-0.0897875	-0.301794	-0.0420925	-0.769026	0.874097	-0.0732727	0.328608	-0.240787
0.487149	-0.120769	0.568787	-0.087882	-0.256136	-0.862831	0.430623	0.0459233	0.262167	-0.467019
0.117021	-0.07782	0.670162	0.00276562	0.0226548	-0.25	-0.334801	0.044907	0.0485124	-0.2434
-0.0200925	-0.0402861	0.48895	-0.00153921	-0.0161012	-0.0140889	-0.285562	0.00163237	-0.0357141	-0.0771977
-0.00293855	-0.000694893	0.150444	-0.00398957	-0.0372083	-0.0403384	-0.0491673	-0.0108079	-0.00291988	-0.00237926
-4.14364e-05	-1.24914e-06	-2.63012e-05	-0.00214798	-0.000129706	0.00953278	-0.000134689	-6.60676e-05	-0.000278498	-0.00670685
-5.64016e-05	-1.29047e-05	-0.0145122	0.0153978	-0.0171149	-0.00120359	-1.40018e-05	0.0313957	-0.000875129	-0.0130044
-0.000738671	0.00142031	-0.00977709	0.00807425	-0.0426518	-0.00192954	-5.66009e-05	0.142582	-0.00129409	-0.0956289
-0.0854419	0.0231847	-0.169685	0.0349719	-0.013523	0.0294179	-0.0272732	0.233358	-0.00905457	-0.0159533
-0.0326134	0.0383671	-0.395586	-0.114524	0.390555	0.0730249	-0.292356	0.1349	-0.167159	0.365401
0.266323	-0.0690432	-0.667177	-0.351909	0.554197	-0.0338866	0.047701	0.150717	0.0142278	0.0888501
0.160195	-0.127399	-0.26477	-0.439731	0.310603	-0.0847041	0.292255	-0.0993019	-0.0737793	0.326631
0.498086	-0.186733	0.0763691	-0.365069	0.388075	-0.0408315	0.0032672	-0.0552035	-0.50121	0.183248
0.219245	-5.96404e-06	-0.121812	-0.172765	0.340479	0.0964581	0.138806	-0.142435	-0.343041	-0.0149299
0.284771	-0.245294	-0.105119	-0.105342	0.273406	0.120703	0.328904	-0.302803	-0.269774	0.0205424
-0.037426	-0.727584	0.0922945	-0.147051	0.283188	0.327372	0.310304	-0.121818	0.0129492	0.00777453
0.142679	-0.676644	0.12408	-0.243692	0.390046	-0.0105371	0.493124	-0.520838	0.314165	-0.0123833
0.236985	0.0942187	-0.0901634	0.208104	0.343792	0.0397348	0.175268	-1.06816	0.218093	-0.157869
-0.251606	0.278597	0.267796	0.00407018	-0.25536	-0.0174888	-0.0607078	-0.598851	0.509525	0.124025
-0.770491	0.566914	0.0812168	0.193639	0.0693313	-0.0672691	-0.177024	-0.166958	0.222187	0.0484569
-0.71856	0.41382	-0.205161	0.0490971	0.208205	-0.0920829	0.065487	-0.108527	0.160113	0.227611
-0.800148	0.23601	-0.0654965	-0.00530387	0.382514	-0.318792	0.221196	0.0420261	-0.0586682	0.366663
-0.156124	-0.180981	-0.326317	0.11465	0.582375	-0.349337	-0.381241	0.31423	0.0834362	0.299311
-0.0672114	-0.614064	0.128293	0.0328715	0.225202	-0.208596	-0.133939	0.501137	-0.0835252	0.219832
-0.17586	-0.485224	-0.0840385	-0.160652	0.417936	-0.321163	-0.0117923	0.735467	0.0588871	0.0264395
0.0358	-0.282742	0.0993505	-0.329389	0.230388	-0.0291072	-0.147054	0.367749	-0.186623	0.241628
0.193627	-0.193882	-0.142971	-0.00585855	0.079432	-0.140441	0.122375	0.0282017	-0.144589	0.204104
0.10508	-0.135465	-0.102544	-0.295706	0.163314	0.115947	0.338946	0.300074	-0.445848	-0.0437972
0.386692	-0.0984515	0.186535	-0.186941	-0.074464	-0.0502363	0.450832	0.347381	-0.410459	-0.550886
0.544158	-0.050262	0.41256	-0.0128143	-0.259875	-0.236412	0.303885	0.0419431	-0.232109	-0.511067
0.0922608	-0.0409073	0.626351	-0.0280373	-0.0905513	-0.31207	-0.0911345	-0.0744737	0.0648444	-0.146278
-0.00947406	-0.00604546	0.404706	-0.0168756	-0.0894614	-0.0414975	-0.205353	-0.00859925	-0.00962279	-0.0177775
-0.000271059	-3.15725e-05	0.0147725	-0.00285867	-0.00405025	-0.00177075	-0.00510457	-0.000131679	-0.000507871	-4.60547e-05
-1.58855e-05	-5.01066e-07	-8.6589e-06	-0.000705566	-5.23882e-05	0.00305893	-4.46443e-05	7.9908e-05	-9.58412e-05	-0.00221535
-5.91222e-05	-7.42322e-06	-0.031119	0.0344183	-2.7486e-05	-0.00131446	-6.75523e-06	-5.79457e-05	-0.0017894	-3.67174e-05
-0.00167841	0.00898273	-0.0166037	0.0384147	0.0221579	-0.00716405	-0.000299851	0.0326444	-0.0024211	-0.0740325
-0.104784	0.00482625	0.0285842	0.0291148	0.0919771	-0.037896	-0.0867024	0.111348	-0.0144874	-0.0219804
0.131986	-0.0062077	0.10771	0.0685727	0.267827	-0.0574423	-0.452239	0.00717434	-0.166177	0.0988011
0.403869	-0.125741	0.298079	-0.0549034	0.21295	-0.296134	-0.0653093	-0.121191	-0.309026	0.0574116
-0.0951141	-0.219972	0.364425	-0.0291172	0.200636	-0.146816	0.250564	-0.104104	-0.297834	0.0773324
0.378085	-0.167913	-0.0818963	-0.248736	0.375582	-0.223763	0.295266	-0.177835	-0.237934	0.0891414
0.28544	-0.0700368	-0.140077	-0.320573	0.312333	0.0632687	0.242394	-0.321226	-0.149022	0.0974993
0.306109	-0.336342	0.0425844	-0.313179	0.393208	0.19838	0.113503	-0.325046	0.00432618	-0.0835411
0.37385	-0.534241	0.065554	-0.263008	0.337572	0.087125	0.215685	-0.165085	-0.151662	0.0342127
0.0527031	-0.205316	-0.0901759	-0.0917815	0.43327	0.0423892	0.426952	-0.524446	-0.127577	0.08398
-0.0700765	0.232378	-0.110725	0.0581461	0.205235	0.122841	0.25244	-0.724956	0.133533	-0.0988152
-0.60248	0.460408	0.202195	0.0660666	-0.246339	-0.0444829	0.147212	-0.270685	0.38028	-0.0921708
-0.897177	0.715875	0.0889022	0.258085	0.0675393	-0.325474	0.254	-0.390108	0.438794	-0.210433
-0.661476	0.0166948	0.00996347	0.243076	0.215415	-0.253385	0.0160208	0.165058	0.0495007	0.199137
-0.486692	0.324724	-0.0260548	-0.0228139	0.550346	-0.139105	-0.0924378	-0.220533	-0.113958	0.226528
-0.285912	-0.586419	-0.207682	-0.0236922	0.538777	-0.275587	-0.0317268	0.676004	-0.200845	0.397086
-0.0408805	-0.616093	-0.222184	-0.192244	0.139883	0.288018	-0.0817708	0.604786	-0.00073945	0.121225
-0.0337876	-0.549226	-0.0210199	0.0997545	0.250841	-0.0390705	-0.00429864	0.303609	-0.109375	0.102574
0.277555	-0.385462	-0.358267	0.377896	-0.135074	-0.149148	0.12126	0.429106	-0.297355	0.119486
0.0787504	-0.205766	-0.222512	0.250258	-0.0952307	-0.014194	0.190115	0.352767	-0.263166	-0.0710202
0.148646	-0.164997	-0.387396	0.238334	0.219995	-0.111911	-0.0260736	0.480549	-0.185983	-0.211162
0.360619	-0.110603	-0.0735847	0.288985	-0.130111	0.120148	0.14062	0.204367	-0.358287	-0.442151
0.429271	-0.0629	0.620798	0.165247	-0.55543	0.104289	0.209628	-0.0673581	-0.397977	-0.445558
0.022168	-0.0325323	0.683253	-0.0697954	-0.219762	-0.181049	0.117379	-0.184406	0.0153674	-0.150618
-0.0165972	-0.0111309	0.394193	-0.0225634	0.0367279	-0.0669162	-0.197655	-0.0323829	-0.0263612	-0.0573138
-0.00236406	-0.00129489	0.0643997	-0.000833402	-0.00716452	-0.0284262	-0.0156585	-0.00071725	-0.00358846	-0.00435238
-1.32445e-05	-5.26041e-07	-2.68539e-07	-1.28293e-05	-5.66745e-05	-0.000356711	-3.10079e-06	0.000580233	-2.65804e-05	-0.000110298
-4.96176e-05	2.82017e-05	-0.0153596	0.0193796	-1.709e-05	-0.000743255	-2.58081e-05	-0.00129506	-0.000932035	-0.000985324
-0.00553216	0.00736623	0.00107092	0.0935225	-0.0116772	-0.0284453	-0.00164658	-0.00593662	-0.00578075	-0.0429411
-0.0694297	-0.00380867	0.323662	0.153847	-0.0886905	-0.0231191	-0.135367	-0.0815092	-0.00754384	-0.0680397
0.192224	-0.0204647	0.404747	0.377882	-0.244158	-0.0705965	-0.454369	-0.0498495	-0.211568	0.0761612
0.484217	-0.16346	0.214487	0.199768	-0.14843	-0.144598	0.0866043	-0.190325	-0.378162	0.0398984
0.239225	-0.352583	0.405064	-0.0976564	0.050267	-0.16935	0.347524	-0.0594706	-0.197779	-0.165237
0.158729	-0.322305	0.0531075	-0.273691	0.382794	-0.536511	0.41956	0.172197	0.0426456	-0.0965252
0.330611	-0.23958	-0.185584	-0.478388	0.348452	-0.255347	0.296268	-0.100326	0.0464969	0.237397
0.309633	-0.0645621	0.226536	-0.0770063	0.184061	-0.41428	0.282949	-0.149957	0.00258283	-0.299958
0.257069	-0.131417	0.187671	-0.175283	-0.0845993	-0.079273	0.329169	-0.509747	0.171931	0.0344806
0.141423	-0.148451	0.215798	-0.0319085	-0.0805402	-0.167178	0.786526	-0.835414	-0.00169591	0.121439
-0.266315	-0.246173	0.242031	0.0428154	0.0982028	-0.0475616	-0.0387398	-0.227601	0.540242	-0.0969018
-0.849743	0.434324	0.415607	0.384634	-0.0108207	-0.092724	0.00520339	-0.153901	0.123393	-0.255972
-0.657661	0.737632	0.144573	0.0207222	0.339912	-0.341912	0.185487	-0.505457	0.0721993	0.00450531
-0.366376	-0.128314	-0.139218	-0.19218	0.534742	-0.132074	0.105191	0.214513	0.103096	0.000618834
-0.291783	0.0168367	0.220291	-0.431266	0.419311	-0.304197	-0.023958	0.069756	0.131397	0.193615
-0.000635552	-0.926319	0.429178	-0.0644837	0.278738	-0.178441	-0.221687	0.410297	0.0624494	0.210905
0.0280944	-0.644727	0.0360488	0.370019	0.186975	-0.235438	0.147643	0.132617	-0.180322	0.15909
0.0417842	-0.468867	0.00771834	0.396872	0.0896559	0.0226096	0.261765	0.323221	-0.505838	-0.16892
0.288573	-0.291088	-0.1745	0.178543	0.288219	0.142273	-0.0111202	0.204971	-0.537881	-0.0879903
0.164911	-0.183195	0.373188	0.0573754	0.148418	-0.0553929	0.0883376	0.283416	-0.536326	-0.340735
0.169046	-0.186527	0.252007	0.27842	-0.145579	0.232625	-0.0976804	-0.0414484	-0.361704	-0.0991585
0.17776	-0.166257	0.246202	0.509928	-0.275966	0.194106	-0.0476012	-0.136555	-0.00896265	-0.492652
0.0747791	-0.0507472	0.580934	0.390417	-0.357416	0.000956968	0.169999	-0.151868	-0.243286	-0.413761
-0.100681	-0.0785178	1.07051	-0.12746	-0.167876	-0.175445	0.0371506	-0.176373	-0.136849	-0.14445
-0.0493945	-0.0408438	0.61721	-0.0242128	-0.105844	-0.110106	-0.163524	-0.0256895	-0.0606602	-0.0369351
-0.00151069	-0.000903074	0.102541	-0.00139497	-0.0047442	-0.0513165	-0.0367865	-0.00176043	-0.00359957	-0.000524988
0.0	0.0	0.0	0.0	0.0	0.0	0.0	0.0	0.0	0.0
-6.28343e-05	0.000434585	-0.00586773	0.00719316	-1.26182e-05	-0.000548361	-2.48329e-05	-9.52256e-05	-0.000781482	-0.000234661
-0.0165243	-0.000179184	0.064285	0.0784708	-0.00313062	-0.0440149	-0.00331999	-0.00369622	-0.00580676	-0.0660837
-0.055771	-0.00798791	0.309465	0.37579	-0.272965	0.0265454	-0.122694	-0.0844247	-0.0404601	-0.127492
0.12548	-0.0413368	0.463853	0.456388	-0.163449	0.0831511	-0.492518	-0.0110831	-0.182001	-0.238479
0.360652	-0.307273	0.326805	0.104554	-0.20316	0.262206	-0.00737435	-0.0364983	-0.2759	-0.224009
0.309443	-0.508079	0.248268	-0.0118901	-0.0643205	0.44956	0.128999	-0.22129	-0.114626	-0.216061
0.246067	-0.439171	0.147346	0.0276432	0.17131	-0.325185	0.209059	-0.280781	0.123933	0.11978
0.0668258	-0.244213	0.119222	-0.240981	0.240841	-0.331849	0.337116	-0.185356	0.0908557	0.147535
0.284794	-0.145055	0.184985	-0.591845	0.141958	-0.227247	0.342952	-0.235368	0.348882	-0.104056
0.457318	0.0976312	0.439276	-0.590293	0.0324729	-0.373498	0.609617	-0.673218	-0.0712434	0.0719373
0.11286	-0.192519	0.313368	-0.408639	-0.0629901	-0.320931	0.594048	-0.272861	0.302865	-0.0651992
-0.102205	0.0893849	0.370061	-0.257504	-0.0273681	-0.563887	0.0611725	-0.0128632	0.340146	0.103061
-0.686593	0.474296	0.309618	-0.206747	0.169063	-0.49707	0.121968	0.058408	0.239635	0.0174212
-0.61343	0.570623	0.0441185	-0.404253	0.52507	-0.304777	0.136923	0.0608345	0.105259	-0.120364
-0.328262	0.00182103	0.208004	-0.467868	0.35313	-0.0517701	0.0245889	0.0933191	-0.127706	0.294743
-0.040971	-0.408174	0.0847605	0.022629	0.299226	-0.0143531	-0.104339	-0.0943161	0.247334	0.00820774
0.185552	-0.746367	-0.215592	0.286937	0.257371	0.220391	0.0875617	0.0136581	-0.108963	0.0194557
-0.0767025	-0.359593	0.06333	-0.0103383	0.354066	0.299606	0.182215	0.0961055	-0.452931	-0.0957577
0.0999285	-0.228431	0.076308	0.345194	-0.180329	0.075438	0.18317	-0.139274	-0.0185077	-0.213498
0.212554	-0.171705	-0.0562404	0.00820908	0.0403111	0.0313229	0.00551883	0.0857309	-0.0200905	-0.135611
-0.0573426	-0.106338	0.0622477	0.0346456	0.143672	0.0253249	0.125782	0.0241394	-0.0766362	-0.175496
0.208158	-0.0187091	0.125423	0.274581	-0.190056	-0.0484471	0.0973964	0.0357752	-0.190753	-0.293367
0.0619927	-0.0509475	-0.0935332	0.471397	-0.221852	0.17157	0.0610512	-0.0998361	0.204414	-0.504252
-0.00570499	-0.00886769	0.470626	-0.0946267	-0.317081	0.073616	0.168796	0.103449	0.0314869	-0.421688
-0.0370949	-0.113291	1.13117	-0.237205	-0.251099	-0.221154	0.0464797	0.0393773	-0.264667	-0.0925135
-0.0213299	-0.00775706	0.301906	-0.0213873	-0.0585119	-0.0442953	-0.106881	0.0293137	-0.0528042	-0.0182527
0.0299873	-0.0012843	0.032077	-0.0010862	-0.0317474	-0.00806444	-0.0129936	-0.00429283	-0.000845386	-0.00175015
-3.78346e-05	-1.73806e-05	-2.10738e-05	-0.000694005	-0.00713978	-0.000328762	-5.27973e-06	0.00709148	-0.000246027	0.00139866
-1.38956e-05	0.000106084	-0.000250881	0.000617745	-2.40424e-06	-0.000281361	-5.63834e-06	-1.74182e-06	-0.000118584	-4.93223e-05
-0.0135513	-0.00068976	0.00226002	0.0724843	-0.00637448	-0.0269469	-0.0024645	0.0169858	-0.00506148	-0.0366417
-0.111794	-0.00946378	0.155454	0.570514	-0.170516	0.0146443	-0.0823468	-0.0275759	-0.137123	-0.201787
0.0438491	-0.0958698	0.53875	0.31271	-0.0431672	0.333984	-0.380898	-0.10655	-0.292874	-0.309927
0.0267949	-0.376113	0.630944	0.340732	-0.0743792	0.265406	-0.291549	-0.096025	-0.0754323	-0.350378
0.0734416	-0.692011	0.168906	0.247451	-0.0886509	0.549305	0.065773	-0.392474	0.111665	-0.0434024
0.0580615	-0.470893	0.436209	-0.144018	0.0687267	0.172034	0.249763	-0.330557	-0.0178058	-0.0215221
0.298784	-0.0797883	0.0397003	-0.089722	0.128003	-0.0113063	0.118136	-0.280711	0.022255	-0.145353
0.360844	-0.000542874	-0.0170704	-0.399206	0.129714	-0.232139	0.337741	-0.341	0.234456	-0.0727973
0.417679	-0.227855	0.283197	-0.42002	-0.296727	-0.162351	0.244507	-0.385605	0.22084	0.326337
0.0939905	-0.19916	0.136257	-0.391895	-0.0961701	-0.110739	0.123388	-0.105736	0.335949	0.214114
-0.309329	-0.0265759	0.325003	-0.534806	0.176498	-0.144438	0.757797	-0.231697	0.295138	-0.307591
-0.645593	0.0562336	0.30953	-0.324309	0.340416	-0.103363	0.448597	0.0823171	0.071946	-0.23577
-0.46154	0.204634	0.14307	-0.250202	0.315393	0.0192585	-0.00540366	-0.123187	-0.0818859	0.239867
-0.138976	-0.327418	-0.0413097	0.232748	0.175626	-0.026819	0.070894	-0.0931887	-0.0276732	0.176119
0.0187186	-0.541512	0.129705	0.428816	0.307815	0.0059042	0.241898	-0.192745	-0.247822	-0.150775
-0.013257	-0.153994	0.311248	0.136461	-0.220149	0.186727	0.28876	-0.103654	-0.287833	-0.144307
-0.029592	0.0781609	0.0928408	0.09849	-0.0445312	-0.152794	0.273647	-0.11672	-0.0564482	-0.143054
-0.0858935	-0.00489148	0.162279	0.154981	-0.134114	0.106842	-0.029748	-0.0395222	-0.0356266	-0.0943068
-0.239438	0.0791531	-0.0346554	0.125456	0.0164607	0.0392435	-0.0650165	-0.0188925	0.0753736	0.0223135
-0.0997922	0.0230065	0.149396	0.359247	0.059358	0.0070638	0.0500367	-0.122253	-0.247227	-0.178834
0.28558	-0.0559131	0.140377	0.445517	-0.39134	0.109346	0.00852904	-0.199309	-0.0106477	-0.332139
0.123994	-0.0632278	0.497758	0.186097	-0.252844	0.21009	0.0804835	-0.455538	0.175531	-0.502339
-0.0313509	0.0386701	0.866637	-0.28952	-0.269623	0.230366	0.0870582	-0.236602	-0.048192	-0.347436
-0.0365216	0.0472812	0.77126	-0.142484	-0.242168	-0.133036	0.0658401	-0.016469	-0.227921	-0.085779
-0.0118682	0.0198	0.0964979	-0.0168834	-0.019751	-0.0346024	-0.032838	0.033208	-0.0292842	-0.00427861
-0.00780105	-9.91081e-06	0.0456729	-0.000255784	-3.74826e-05	-0.0188187	-0.0178041	-2.05577e-05	-0.00042927	-0.000496004
-2.04302e-09	7.85492e-05	-5.20075e-05	-4.93575e-06	-1.30802e-08	-1.24201e-07	-2.96224e-07	-7.80667e-07	-1.99985e-05	-3.91158e-07
0.0073633	0.000403934	-0.00260681	-0.000128589	-0.0128408	-0.000779765	-0.000746487	0.0265228	-0.00100145	-0.016186
-0.00659112	-0.000923475	0.000635303	0.0523591	-0.00271668	-0.0221896	-0.00292581	0.0183987	-0.00920032	-0.026846
-0.0884806	-0.0121545	-0.0394268	0.585106	0.0428556	0.0288674	-0.0847794	-0.081373	-0.190899	-0.159712
-0.0267358	-0.159821	0.315037	0.354726	-0.0713188	0.377582	-0.216278	-0.0602754	-0.25295	-0.259959
0.0293096	-0.548868	0.166659	0.512461	0.0915612	0.231461	-0.224319	-0.17235	0.140275	-0.226188
0.185448	-0.33614	0.0477442	0.113488	-0.0329721	0.354305	0.00902572	-0.332109	0.100955	-0.109744
0.201016	0.053582	0.34652	-0.0650314	-0.0743713	0.0485526	0.157512	-0.474305	-0.151283	-0.0421918
0.250396	-0.0161315	0.192279	-0.05107	-0.258425	0.301834	-0.0417609	-0.271679	0.0459988	-0.15144
0.112602	0.09019	0.305364	-0.00981852	-0.441865	0.0513375	0.319125	-0.319719	0.256993	-0.364213
0.292601	-0.151213	0.373225	-0.0691299	-0.512289	0.106949	0.460654	-0.582445	0.266552	-0.184905
0.367697	-0.140279	0.157289	-0.237609	-0.111599	0.0575587	0.712443	-0.301909	-0.152117	-0.351472
0.253679	-0.131725	0.140299	-0.242093	-0.544341	0.0657976	0.613656	-0.134735	0.089276	-0.109815
-0.166031	0.204383	0.469774	-0.123072	-0.215641	0.0878302	0.189018	-0.123753	-0.130932	-0.191573
-0.27556	-0.193803	0.135319	-0.0270905	0.24414	-0.0416743	0.372186	0.175121	-0.110944	-0.277693
-0.167113	0.00143571	0.266671	0.0114661	-0.0266755	0.0913109	0.283192	-0.161087	-0.0557903	-0.24341
-0.18832	0.221582	0.27883	0.147531	-0.0830771	-0.0550727	0.270934	-0.41003	-0.00567221	-0.176702
0.038329	-0.0566913	0.286807	0.336611	-0.190348	-0.105318	0.235969	-0.368408	0.101933	-0.278882
-0.00510316	0.112646	0.11376	0.240261	-0.147179	0.0448842	0.0775474	-0.470441	0.187013	-0.153387
-0.157089	0.17792	-0.0795149	0.21447	-0.255278	-0.0267247	0.141953	-0.0893623	0.0657306	0.00789623
-0.00646677	0.0801389	0.14327	0.0125454	-0.234046	0.244744	0.00464828	-0.28109	0.0120246	0.0242301
0.106658	0.0306984	0.238234	0.321543	-0.0655447	0.137805	0.166706	-0.500075	-0.157986	-0.278039
0.329004	-0.0404949	0.399376	0.119023	-0.563341	0.107747	0.213421	-0.521186	0.282045	-0.325591
0.0477181	-0.0120971	0.360816	0.189459	-0.396945	0.268214	0.0959929	-0.520706	0.227467	-0.259908
0.0280641	0.0927537	0.40368	-0.149066	-0.267898	0.272353	-0.00564115	-0.127708	-0.0832174	-0.163315
-0.0579731	0.103381	0.621735	-0.0759366	-0.129044	-0.0315701	-0.122775	-0.0409881	-0.211146	-0.0556804
-0.0128337	0.0193723	0.198875	-0.0119651	-0.00297595	-0.0644582	-0.071504	-0.0031819	-0.0332193	-0.0181093
-0.0025835	6.4043e-05	0.0200618	-0.000127075	-2.10647e-07	-0.00575546	-0.011534	-5.85906e-07	-0.000124717	-2.92495e-07
0.0	0.0	0.0	0.0	0.0	0.0	0.0	0.0	0.0	0.0
0.0185472	-5.09692e-05	-0.00580551	-0.00051341	-0.000115215	-0.000845242	-0.00187232	-0.000221575	-0.00208226	-0.00704073
-0.00943798	-0.00734475	0.0464771	0.033963	0.00375948	-0.00903444	-0.00301034	-0.0124036	-0.0176467	-0.0253217
-0.0810603	-0.0282435	0.126671	0.467789	-0.0147201	0.0590235	-0.0616703	-0.132641	-0.187808	-0.147337
0.0575415	-0.0929919	0.376137	0.50226	-0.101925	0.105785	-0.20425	-0.28306	-0.214686	-0.144805
0.247266	-0.422853	0.311553	0.275778	-0.225436	0.4251	-0.269566	-0.325956	-0.0663278	0.0504446
0.196177	-0.0554874	0.270608	0.457042	-0.24866	0.246538	-0.174296	-0.486861	0.0130089	-0.218073
0.148432	0.0500445	0.621155	0.235322	-0.481535	-0.149717	0.236559	-0.515953	0.341177	-0.485484
0.230982	0.263278	0.283529	0.234573	-0.597319	0.268982	-0.105787	-0.290788	0.00209315	-0.289546
0.229912	0.128073	0.282393	0.347911	-0.405842	0.246137	0.262778	-0.419986	-0.133061	-0.538314
0.313643	0.206496	0.27005	-0.0667264	-0.445821	0.0247597	0.524941	-0.371026	0.19205	-0.648369
0.429575	0.252129	0.40138	-0.205069	-0.147193	0.151619	0.343986	-0.36924	-0.161156	-0.696029
0.493614	0.141139	0.26282	-0.541638	-0.231507	0.0562472	0.540263	-0.142592	0.0747131	-0.653057
0.189839	-0.124783	0.0911361	-0.126499	-0.413325	0.118669	0.209059	0.0224561	0.172405	-0.138956
0.0038546	-0.0262836	-0.0459755	0.0897068	-0.109136	-0.123574	0.712315	0.0893607	-0.298465	-0.291799
0.00931838	-0.0343263	0.0707353	-0.0723284	-0.0217176	0.0336796	0.366964	-0.246473	0.16625	-0.2721
-0.116828	0.309659	0.0123675	0.130283	0.140228	0.154923	0.163074	-0.445603	-0.259744	-0.0883578
0.0207454	0.320277	-0.177065	0.225382	0.0921471	0.221903	0.058281	-0.575026	-0.0481586	-0.138483
-0.0763502	0.42489	0.123606	0.339587	-0.054786	0.168184	0.293989	-0.832428	-0.0577364	-0.328952
-0.0775037	0.402307	0.290556	0.115174	-0.303111	0.142883	0.0338803	-0.489597	-0.0209101	-0.0936782
-0.043235	0.22623	0.217259	0.32554	-0.201216	-0.0412375	0.252191	-0.707817	0.186043	-0.213758
0.0991673	0.046002	0.340699	0.149485	-0.0905529	0.119563	0.0790745	-0.680656	0.301819	-0.364598
0.177348	-0.0345861	0.293606	0.036901	-0.347518	0.523235	-0.0948095	-0.609155	0.323885	-0.268901
-0.0739577	-0.0424332	0.285192	0.127901	-0.331969	0.205958	0.0516024	-0.335434	0.186706	-0.0735599
-0.0306801	-0.00927444	0.506551	-0.104209	-0.185026	0.11545	-0.0774227	-0.065277	-0.197602	0.0474957
-0.049211	0.0179758	0.280782	-0.0444631	-0.133523	0.114559	-0.0543354	-0.0548858	-0.133806	0.0569096
-0.00179948	0.0205012	0.0528812	-0.00296199	-0.000820956	-0.00897924	-0.0139375	-0.00203554	-0.0296903	-0.0131574
-2.11844e-05	0.000250207	-0.000201768	-4.96904e-05	-4.05355e-05	0.000488854	-5.04239e-06	-3.24092e-05	-0.000355096	-3.33358e-05
-2.23149e-08	0.000135005	-6.21131e-05	-2.32583e-05	-4.90018e-07	-7.57173e-07	-8.38875e-07	-8.568e-06	-3.70144e-05	-1.94304e-06
-5.92585e-05	1.54663e-05	0.000228193	0.000922288	-3.59197e-06	-0.000398346	-3.38005e-05	-0.000264036	-0.000134568	-0.000272348
-0.0278258	-0.0124564	0.094107	0.0768574	-0.000543709	-0.0229187	-0.00216685	-0.0661255	-0.0178438	-0.0210834
-0.0540627	-0.0127004	0.216722	0.314938	-0.074981	0.0739754	-0.0443843	-0.184744	-0.122893	-0.111866
-0.0708547	0.0982461	0.219784	0.284452	-0.125829	0.291589	-0.197388	-0.315018	-0.0482672	-0.136706
0.156886	0.431763	0.17081	-0.0116126	-0.123842	0.107972	-0.295595	-0.360438	-0.062227	-0.0137147
0.147004	0.325213	0.191739	0.267961	-0.419341	0.182031	-0.386641	-0.458284	0.261371	-0.111057
0.12092	0.129747	0.191884	0.243314	-0.463193	0.349827	-0.0640436	-0.520035	0.295285	-0.283708
-0.0964049	0.219033	-0.0457463	0.235106	-0.0433606	0.162675	0.180454	-0.279476	-0.1067	-0.225583
0.0647907	0.0122666	0.287664	-0.289328	-0.133313	0.168675	0.211588	-0.421341	0.254445	-0.155448
0.270832	0.288568	0.130305	-0.135775	-0.231452	0.0419246	0.215856	-0.214267	-0.136688	-0.229304
0.381985	-0.125051	0.11398	-0.153106	-0.0427447	0.223312	0.295723	-0.273585	0.000382205	-0.420896
0.359084	-0.140852	-0.0574803	-0.0809033	-0.106794	0.107359	0.60228	-0.110115	-0.201515	-0.371065
0.121278	-0.198377	0.174911	-0.0213779	-0.24163	0.0746431	0.57882	-0.236645	0.132595	-0.384216
-0.0303667	0.209053	0.168535	-0.0955125	-0.175592	0.133325	0.635818	-0.344819	-0.0706208	-0.429817
-0.0085374	0.101577	-0.0473796	0.0792672	0.126703	0.086657	0.272263	-0.155333	-0.0795512	-0.375664
0.0210065	-0.052902	0.150066	0.160294	-0.149312	-0.056183	0.283308	-0.0173815	-0.187496	-0.151397
-0.192449	0.0283404	0.332828	-0.00604622	0.0714909	0.131777	0.410136	-0.368294	0.00844878	-0.416232
-0.19795	0.437706	0.344264	0.205801	-0.179026	0.00307939	0.306705	-0.433923	-0.0763364	-0.410325
-0.27914	0.293891	0.464911	0.303466	-0.0199739	-0.0656324	0.139988	-0.462752	-0.0500618	-0.324698
-0.121554	0.436306	0.0216225	-0.0194184	-0.0367436	0.257657	0.0704464	-0.547644	0.169126	-0.229796
0.0235321	0.265861	0.173931	-0.129902	-0.00897029	0.431757	-0.0482936	-0.642796	0.0367843	-0.101899
0.0505392	-0.1973	0.370881	-0.0384315	-0.121975	0.48753	0.0644923	-0.580875	0.208664	-0.243518
0.0189737	-0.141928	0.548716	-0.172229	-0.0688791	0.269711	-0.0416716	-0.34886	-0.0300671	-0.0337596
-0.06433	0.0306859	0.392701	-0.166158	-0.131467	0.173622	-0.0428613	-0.0578881	-0.266708	0.132406
-0.0295415	0.00413577	0.169337	-0.0344822	-0.119814	0.165187	-0.0494722	-0.0273191	-0.090105	0.0120751
0.0291557	-0.000615808	0.0169504	-0.00476857	-0.00257417	0.00436303	-0.00419573	-0.00275773	-0.00926663	-0.0262905
5.89168e-06	-4.49165e-11	-1.29966e-06	-3.28976e-07	-4.03618e-09	-1.60428e-06	-2.41104e-07	-7.73743e-09	-2.38677e-06	-1.91009e-08
-2.16176e-08	0.000130786	-6.0172e-05	-2.25315e-05	-4.74705e-07	-7.33512e-07	-8.1266e-07	-8.30026e-06	-3.58577e-05	-1.88232e-06
-9.2319e-07	3.85695e-05	-2.0856e-05	3.26936e-05	-1.94731e-07	-1.25573e-05	-2.65626e-07	-1.49199e-05	-1.33247e-05	-8.22182e-06
-0.00511829	-0.0120606	0.070554	0.0897667	-0.000419219	-0.0152466	-0.000233526	-0.0913012	-0.0133603	-0.0225807
-0.0680906	-0.0164024	0.17459	0.264595	-0.0806337	0.0389333	-0.0207194	-0.199542	-0.0394894	-0.053238
-0.279862	0.15227	0.224385	0.205075	-0.122995	0.290278	-0.0947755	-0.246856	-0.015035	-0.112478
-0.0417843	0.848032	0.194086	0.00904171	-0.191676	-0.0825787	-0.199987	-0.129263	-0.0922784	-0.313589
0.036642	0.525234	0.372022	0.184415	-0.254334	-0.231368	-0.389504	-0.150842	0.0902	-0.182463
0.0688218	0.0939569	0.331967	0.136548	-0.291405	-0.0196447	-0.265003	0.0514165	0.164533	-0.271192
0.213227	0.0631092	0.368371	-0.0892171	-0.232045	0.0902032	-0.135656	-0.100808	-0.146081	-0.0311047
0.180937	0.111747	0.333567	0.00139053	-0.299314	0.0420579	0.0984129	-0.270581	-0.0655546	-0.132664
0.166676	-0.135498	0.119915	0.0308759	-0.210652	-0.0804051	0.171008	-0.111631	0.00296429	0.0467475
0.210351	-0.410921	0.194676	0.166895	-0.173167	0.0930757	0.00960104	-0.303881	0.204766	0.00860417
0.18493	-0.569555	0.144635	-0.0832928	-0.218321	0.132323	0.31214	-0.0252083	0.0869004	0.0354479
0.562329	-0.386671	0.0605507	-0.143612	-0.109386	0.254753	0.273467	-0.422244	0.134404	-0.22359
0.0952299	-0.106138	-0.0517899	-0.109945	-0.203127	0.169831	-0.00435789	-0.0791113	0.279672	0.00973805
0.0995651	0.0449589	-0.125635	0.118033	-0.201566	0.069626	0.276017	-0.066583	0.0877819	-0.302197
0.0329449	0.0230663	0.0267851	0.0490927	-0.143282	0.140952	0.17165	-0.0409014	-0.0820455	-0.178261
0.0782112	0.260144	-0.0681465	0.152538	0.0242764	-0.0182642	0.0335061	-0.247664	0.0799125	-0.294513
-0.124384	0.473986	0.119374	0.0318453	-0.054748	0.17556	-0.0614852	-0.285398	0.0196659	-0.294416
-0.121428	0.296974	0.26512	0.173038	0.251655	0.171324	-0.043082	-0.270489	-0.185693	-0.53742
-0.186922	0.315511	0.292403	0.159139	0.00700732	0.146596	0.106612	-0.528765	-0.131864	-0.179713
-0.0722393	0.0122147	0.221525	-0.0408173	0.311968	0.0592779	0.095564	-0.630664	0.149943	-0.106769
0.0749796	-0.195421	0.385728	0.0751961	0.00480202	0.218401	-0.128605	-0.456465	-0.00247925	0.0238692
0.065567	-0.101692	0.271639	-0.0862251	-0.118888	0.277752	-0.154514	-0.340544	0.0099249	0.176986
-0.0489778	-0.0123311	0.243904	-0.11623	-0.115956	0.181654	-0.0689843	-0.0558422	-0.118671	0.111437
-0.0214634	-0.00266458	0.0893802	-0.0309121	-0.0794439	0.102799	-0.0175271	-0.0251843	-0.0377607	0.0227778
0.00307645	0.00623011	-0.0300166	9.39289e-05	0.00451351	0.0301011	-0.000110401	-0.00132472	-0.00554225	-0.00702112
1.08769e-05	-8.29228e-11	-2.39938e-06	-6.07341e-07	-7.4514e-09	-2.96174e-06	-4.45116e-07	-1.42845e-08	-4.40634e-06	-3.52632e-08
0.0	0.0	0.0	0.0	0.0	0.0	0.0	0.0	0.0	0.0
0.0	0.0	0.0	0.0	0.0	0.0	0.0	0.0	0.0	0.0
-0.000352488	-0.000208359	0.00215767	0.0930286	-0.000178529	-0.000430901	-3.07301e-05	-0.0688074	-0.00281059	-0.0223672
-0.0327063	-0.0655012	-0.0376935	0.304492	-0.0154139	0.0545151	-0.0019239	-0.158656	-0.0352233	-0.0118887
-0.206142	-0.0327181	-0.00348379	0.387253	-0.0629003	0.219014	-0.0169396	-0.044972	-0.0772303	-0.161878
-0.213622	0.458149	-0.0622575	0.336253	-0.127003	0.20689	-0.0597783	0.0793693	-0.362714	-0.255283
-0.0887737	0.394982	0.0146642	0.278482	-0.0748731	-0.0290073	-0.14299	0.256752	-0.359989	-0.249245
0.13773	0.0842653	0.12317	0.264686	-0.0542301	-0.231274	-0.286709	0.36402	-0.185706	-0.215952
0.211302	-0.0521573	0.163505	-0.0170938	-0.031306	0.145072	-0.299478	-0.384255	0.241826	0.0225852
0.314918	0.0559717	0.197064	0.194402	-0.027307	0.0805629	-0.313521	-0.190887	0.039856	-0.351059
0.371325	-0.0866959	-0.0111153	0.0963032	-0.0184968	0.338244	-0.418245	-0.154419	-0.104984	-0.011913
0.363283	-0.0595291	0.230941	0.244417	-0.0218041	0.0644819	-0.301159	-0.35522	-0.00674018	-0.158671
0.205392	0.276911	0.124999	-0.236702	-0.14703	0.119763	-0.0499855	-0.313674	0.10594	-0.0856131
0.261311	-0.0218121	-0.163995	0.190347	-0.0770945	-0.101535	-0.0588248	-0.301028	0.429333	-0.1567
0.273711	-0.226826	-0.0890302	-0.172018	0.00999595	0.11071	0.0532141	-0.170856	0.184067	0.0270319
0.207348	0.155282	-0.11815	-0.0315465	-0.0619483	-0.0657523	-0.00244594	-0.0339814	0.16651	-0.215316
-0.00196115	0.0729058	-0.021216	-0.330664	0.175981	0.173065	-0.0840259	-0.203143	0.34191	-0.122853
0.0758704	0.286274	-0.116061	0.0692286	-0.0029627	-0.0433085	-0.0435703	-0.122597	0.0469276	-0.149802
-0.37776	-0.00560849	0.247295	0.339861	0.253646	-0.323744	0.0615965	-0.247029	0.184889	-0.133147
-0.403627	0.0425945	0.459673	-0.00776035	0.204371	-0.0790582	0.0917481	-0.433338	0.191955	-0.06656
-0.387977	-0.0855727	0.390454	0.093156	0.2234	0.0644455	0.0444893	-0.575004	0.225203	0.007411
-0.181934	-0.172713	0.500348	-0.0382334	0.249567	-0.0263224	-0.0432135	-0.573131	0.0623238	0.223317
-0.0636408	-0.138462	0.448342	-0.171384	-0.120058	0.0661416	-0.0528633	-0.372581	0.019514	0.384998
-0.0525045	-0.114268	0.290237	-0.100009	-0.15934	0.167304	-0.0546876	-0.349051	0.083676	0.288648
-0.0746576	-0.029076	0.241805	-0.0442882	-0.111428	0.112758	-0.0387024	-0.100776	-0.0782237	0.12259
-0.0143936	0.000485503	0.0909036	-0.0282826	-0.00317475	0.0373406	-0.00925515	-0.0295952	-0.029083	-0.0149454
-1.81397e-05	0.025383	-0.0208415	0.010382	0.0046799	0.0176916	-0.000162568	-0.00106657	-0.0225908	-0.0134569
0.0	0.0	0.0	0.0	0.0	0.0	0.0	0.0	0.0	0.0
0.0	0.0	0.0	0.0	0.0	0.0	0.0	0.0	0.0	0.0
0.0	0.0	0.0	0.0	0.0	0.0	0.0	0.0	0.0	0.0
-0.00155189	-9.95747e-06	-0.00219619	0.04575	-1.25403e-05	-0.000516204	-3.95086e-06	-0.0355975	-0.000150108	-0.0057117
-0.00258666	-0.042725	-0.0920715	0.184793	-0.000347509	0.0539255	-0.000157897	-0.0206228	-0.064231	-0.0159757
-0.0149979	-0.0764411	-0.150872	0.33172	-0.0249133	-0.00276536	-0.00310885	0.109504	-0.209841	0.0417162
-0.0976982	0.0486986	-0.27783	0.28123	-0.0273354	0.00229603	-0.0225671	0.41989	-0.390392	0.0637142
-0.135918	0.0344829	-0.387724	0.528302	-0.030316	-0.0363357	-0.0384421	0.446697	-0.418827	0.0380828
-0.190796	-0.0880601	-0.349058	0.488715	-0.0224657	0.0696597	-0.0867697	0.267549	-0.249012	0.160237
-0.105481	-0.21013	-0.171652	0.135406	-0.0368429	0.17123	-0.167917	0.119147	0.198134	0.0681079
-0.0159734	-0.181548	-0.0427222	0.179437	0.0656174	0.427188	-0.249371	-0.0191231	0.0358058	-0.19931
0.0104632	-0.258666	-0.18163	0.437753	0.0282421	0.173117	-0.340606	0.0617791	0.0410549	0.0284932
-0.0154793	-0.297717	-0.114007	0.401257	0.187001	0.121091	-0.492709	-0.0409386	0.406092	-0.154591
0.297825	-0.285907	0.107923	0.241128	-0.158886	0.197135	-0.41798	-0.0367572	0.301141	-0.245621
0.264377	-0.361784	-0.00202346	0.346514	-0.193084	0.366752	-0.441028	0.17364	0.171777	-0.325142
0.155707	-0.349084	0.300175	0.342982	-0.118452	0.269738	-0.380386	-0.0506356	0.242981	-0.413025
-0.0329348	-0.253959	0.0475703	0.175066	-0.111286	0.251792	-0.298018	-0.0821543	0.309706	-0.00578118
-0.109838	-0.542171	0.0148773	0.311976	0.049203	0.0648856	-0.131889	-0.119615	0.529409	-0.0668365
-0.160464	-0.147984	0.187152	0.208255	-0.141153	0.241558	-0.0849103	-0.0448779	-0.137174	0.0795991
-0.311529	0.00233815	0.27624	-0.21497	-0.0191734	0.249946	-0.103733	-0.251964	0.324221	0.0486235
-0.368136	0.0240783	0.00746558	-0.137988	0.110295	0.05061	-0.123036	-0.199117	0.568603	0.0672259
-0.360478	-0.0330159	0.0153125	-0.0348261	0.0836668	0.0659615	-0.0677458	-0.237902	0.172702	0.39633
-0.245832	-0.0384615	0.238956	-0.00155699	0.0771463	0.00424613	-0.0737991	-0.270302	-0.0432528	0.35286
-0.111958	-0.0889457	0.0810768	-0.0486712	0.0278971	0.201629	-0.0426489	-0.266812	-0.0512542	0.299689
-0.0462928	-0.03523	0.139676	-0.0365397	-0.0335078	0.138491	-0.0171635	-0.312568	-0.0430241	0.24616
-0.00715978	-0.0167183	0.305633	-0.0408307	-0.064942	0.0785009	-0.00368802	-0.124789	-0.0717265	-0.0542789
-0.000557742	0.00853759	0.168101	-0.00767253	0.0124522	-0.036436	-0.000398413	-0.0518705	-0.0367128	-0.0554431
-4.26191e-07	0.00194019	0.0252131	-1.89556e-05	-0.00015958	-0.000608607	-4.14307e-05	-1.75579e-06	-0.00544765	-0.0208749
0.0	0.0	0.0	0.0	0.0	0.0	0.0	0.0	0.0	0.0
0.0	0.0	0.0	0.0	0.0	0.0	0.0	0.0	0.0	0.0
0.0	0.0	0.0	0.0	0.0	0.0	0.0	0.0	0.0	0.0
-2.72192e-05	-2.83343e-07	-5.99602e-05	0.0043926	-8.68622e-05	-9.78496e-06	-3.71626e-07	-0.00604576	-0.000316928	0.00215457
-0.000130238	-0.00423824	-0.0202178	-0.0398728	-7.41386e-05	0.0532242	-5.40353e-05	0.0239829	-0.00456643	-0.00805332
-0.00310689	-0.0566524	-0.0624034	-0.00620886	0.0041303	0.0628456	-0.000948118	0.13021	-0.1155	0.0476339
-0.0212276	-0.117413	-0.0940549	0.126412	-0.0513341	-0.0115547	-0.00187263	0.0492481	-0.224879	0.346678
-0.102499	-0.147485	-0.0806349	0.340996	-0.149955	-0.016161	-0.00572633	-0.0272046	-0.15563	0.344305
-0.155308	-0.19704	-0.184621	0.577261	-0.232584	0.00644941	-0.0108058	0.0264805	-0.150133	0.320307
-0.237984	-0.182375	-0.378589	0.836336	-0.431647	0.000923454	-0.0410312	0.3195	-0.243152	0.358028
-0.350561	-0.282675	-0.455644	0.784049	-0.296981	0.198468	-0.0582514	0.418618	-0.1903	0.233284
-0.500075	-0.602835	-0.378633	0.70971	-0.108	0.227338	-0.0531964	0.244945	0.160255	0.300496
-0.507138	-0.496353	-0.377506	0.568711	-0.286523	0.360417	-0.0497158	0.496785	0.141875	0.149449
-0.653076	-0.307029	-0.233901	0.737441	-0.469996	0.34178	-0.0405752	0.382812	-0.0550478	0.297595
-0.596409	-0.363251	-0.143665	0.593398	-0.23174	0.342692	-0.112446	0.28211	-0.0168509	0.246167
-0.565974	-0.40136	0.0107154	0.351863	-0.236908	0.0928141	-0.111195	0.246494	0.200558	0.412997
-0.500701	-0.440362	0.0874989	0.175755	-0.232072	0.380313	-0.11826	0.249193	0.317455	0.0811832
-0.337414	-0.451871	0.0280017	0.276989	-0.39788	0.311031	-0.0974037	0.130712	0.296139	0.2417
-0.396459	-0.285163	-0.0474604	0.202521	-0.421291	0.309056	-0.062166	0.105375	0.334442	0.261149
-0.347238	-0.153345	-0.242256	0.14059	-0.345768	0.209786	-0.0533226	0.290432	0.212342	0.288785
-0.193462	-0.127606	-0.306715	0.223938	-0.452346	0.211072	-0.033782	0.104766	0.136668	0.437472
-0.210717	-0.0481886	-0.214282	0.0211028	-0.255428	0.157136	-0.0182639	-0.0868093	0.0490013	0.606454
-0.156615	-0.010053	-0.175365	-0.102658	-0.182489	0.24661	-0.0104796	-0.0656977	-0.0299459	0.486698
-0.0654678	-0.00607634	-0.157421	-0.0369759	-0.0789365	0.299295	-0.00723861	-0.00278278	-0.0458934	0.101499
-0.0172557	-0.00096223	-0.0766029	-0.00691797	-0.0759454	0.20995	-0.00324971	-0.070816	-0.0140695	0.0558698
-0.00333646	-1.23546e-05	-0.00717126	-0.000262863	-0.049242	0.115935	-0.000610076	-0.00654646	-0.00694712	-0.0418066
-5.1855e-07	-1.15636e-05	0.0223886	-0.000278892	-0.00113281	-1.5879e-05	-2.66182e-05	-0.00119639	-0.00445052	-0.0152755
-3.80948e-07	-1.38156e-05	0.0267746	-4.12259e-06	-0.000169189	-1.21943e-05	-3.03058e-05	-1.39094e-06	-0.00439236	-0.0221508
0.0	0.0	0.0	0.0	0.0	0.0	0.0	0.0	0.0	0.0
0.0	0.0	0.0	0.0	0.0	0.0	0.0	0.0	0.0	0.0
0.0	0.0	0.0	0.0	0.0	0.0	0.0	0.0	0.0	0.0
0.0	0.0	0.0	0.0	0.0	0.0	0.0	0.0	0.0	0.0
0.0	0.0	0.0	0.0	0.0	0.0	0.0	0.0	0.0	0.0
-0.00020662	-0.00103832	-0.000800888	0.00148278	0.00577169	-0.00302954	-3.97845e-05	-0.073851	-0.0125587	0.0842704
-0.00409755	-0.00376723	-0.0032092	0.026653	0.00707454	-0.0091388	-0.000272272	-0.16594	-0.0441799	0.196878
-0.0207984	-0.00761015	-0.0114612	0.0451928	-0.0592852	-0.0426134	-0.00113492	-0.145478	-0.0765744	0.319763
-0.0454307	-0.0112229	-0.0273842	0.0553824	-0.161914	-0.137692	-0.00199192	0.00421112	-0.0253042	0.351348
-0.0645086	-0.0181632	-0.0342584	0.0227799	-0.268712	-0.177664	-0.00443752	0.121474	-0.0031088	0.4266
-0.124039	-0.03233	-0.0356866	0.000168337	-0.426452	-0.115916	-0.00647692	0.239512	-0.0703527	0.571576
-0.111831	-0.103808	-0.0317849	0.0471911	-0.43649	-0.0331696	-0.00737534	0.254791	-0.155157	0.577639
-0.0809442	-0.0913989	-0.0840048	0.0612444	-0.512034	0.120382	-0.00938754	0.194476	-0.0938744	0.495546
-0.0531919	-0.119044	-0.0453268	0.0187942	-0.528657	0.100964	-0.0111072	0.0585634	-0.0945472	0.673556
-0.106674	-0.185277	-0.0818068	0.045718	-0.596036	-0.000722349	-0.0154412	0.409058	-0.119855	0.651041
-0.149473	-0.14746	-0.0628379	0.00610453	-0.753135	-0.0352056	-0.0128578	0.479427	-0.190955	0.866397
-0.114332	-0.0861983	-0.0812089	0.0218122	-0.643791	0.108136	-0.0105781	0.571791	-0.2471	0.481472
-0.080674	-0.066193	-0.106894	0.136899	-0.573849	0.0147342	-0.0096174	0.3415	-0.165686	0.509783
-0.115514	-0.042393	-0.127395	0.111387	-0.513552	-0.0462241	-0.00918356	0.350026	-0.0788352	0.471688
-0.0741607	-0.0593023	-0.0801188	0.0614294	-0.534507	-0.0894666	-0.00846474	0.335534	-0.0593154	0.508376
-0.0112171	-0.033313	-0.0274101	0.0213093	-0.432782	5.73647e-05	-0.00506764	0.233165	-0.0838564	0.339115
-0.0570115	-0.0117925	-0.0308502	-0.0136599	-0.220256	0.060791	-0.00345416	0.00644678	-0.0395543	0.309342
-0.0689823	-0.00606473	-0.0361136	-0.0101499	-0.108187	0.0572704	-0.00238885	0.00690379	-0.0145997	0.182312
-0.0341174	-0.000990097	-0.0130729	0.00136434	-0.0594325	0.0257714	-0.000424745	0.0790336	-0.00352558	0.00539382
-0.00184164	-1.07387e-05	-7.34202e-05	-0.000315688	-0.00404693	0.000389477	-8.18139e-05	-0.00203037	-0.000309632	0.00832074
-5.7694e-06	-1.62592e-09	-6.34106e-07	-1.51133e-06	-0.00155819	-3.77657e-05	-1.6261e-06	-0.000157254	-1.27072e-05	0.00177546
-2.26873e-07	-1.84216e-08	-1.52274e-06	-2.86599e-07	-7.4557e-08	-1.01684e-07	-8.64725e-10	2.45324e-05	-7.1628e-07	-2.15841e-05
0.0	0.0	0.0	0.0	0.0	0.0	0.0	0.0	0.0	0.0
0.0	0.0	0.0	0.0	0.0	0.0	0.0	0.0	0.0	0.0
0.0	0.0	0.0	0.0	0.0	0.0	0.0	0.0	0.0	0.0
0.0	0.0	0.0	0.0	0.0	0.0	0.0	0.0	0.0	0.0
0.0	0.0	0.0	0.0	0.0	0.0	0.0	0.0	0.0	0.0
0.0	0.0	0.0	0.0	0.0	0.0	0.0	0.0	0.0	0.0
-3.34396e-06	-4.28268e-06	-2.1773e-06	-6.94155e-07	-1.24539e-06	-9.92133e-07	-7.39625e-08	0.000196914	-4.36618e-05	-0.000140443
-6.18273e-05	-1.10934e-05	-8.3164e-06	-2.66455e-06	-5.71808e-06	-1.7774e-05	-8.25059e-07	0.000817978	-0.000122757	-0.000587005
-9.4018e-05	-9.82659e-06	-3.32571e-05	-3.86789e-05	-0.0091867	-6.47814e-05	-2.61462e-06	-0.000695281	-0.000158883	0.010284
-0.000180819	-2.25762e-05	-0.000124333	-0.000103597	-0.0524527	-0.000606195	-3.923e-05	-0.00668373	-0.000268203	0.0604814
-0.000512995	-4.81633e-05	-0.000186667	-0.000221168	-0.0542745	-0.00128581	-7.15311e-05	0.00960425	-0.000438786	0.0474354
-0.00113927	-4.76149e-05	-0.000289442	-0.00156019	-0.0251821	-0.000927423	-2.90721e-05	0.0106995	-0.000960715	0.0194364
-0.00115656	-0.00479471	-0.00599299	-0.00891128	-0.0558085	0.00366079	-6.5783e-05	0.0731222	-0.0170665	0.0170134
-0.00189429	-0.00166899	-0.00257336	-0.00495667	-0.0347523	0.0105525	-6.67215e-05	0.020679	-0.00433317	0.0190141
-0.00396562	-0.00450706	-0.00106617	-0.00502159	-0.0466907	0.00641333	-0.00040544	0.0311294	-0.0101538	0.0342677
-0.00669113	-0.0045212	-0.00131302	-0.00669912	-0.0373446	-0.00340735	-0.000420743	0.165179	-0.0083808	-0.0964013
-0.0101068	-0.00225118	-0.00102333	-0.0091751	-0.124249	-0.0127903	-0.000843733	0.138403	-0.00698874	0.0290258
-0.0102621	-0.000521972	-0.00116099	-0.00744609	-0.062641	-0.00936207	-0.000777171	0.139287	-0.0064882	-0.0406275
-0.00592032	-0.000331895	-0.00100647	-0.00901389	-0.0362472	-0.00736154	-0.000550111	0.115362	-0.00351838	-0.0514124
-0.00450225	-0.00730352	-0.00143245	-0.00670957	-0.0337007	-0.00936783	-0.000524379	0.149169	-0.00355357	-0.0820749
-0.00466113	-0.0225811	-0.000870896	-0.00416135	-0.0451789	-0.00662522	-0.000349924	0.181464	-0.00405229	-0.092983
-0.00230647	-0.000349782	-0.000530017	-0.00300682	-0.0369638	-0.0076011	-0.000199977	0.13322	-0.00273934	-0.0795223
-0.00444485	-9.27917e-05	-0.00638591	-0.00158041	-0.00677186	-0.0191611	-0.000190682	0.0449406	-0.00361158	-0.00270132
-0.0127781	-2.97334e-05	-0.0043053	-0.000466925	-0.00497482	-0.00826852	-8.2808e-05	0.0197043	-0.0018119	0.0130137
-0.0380918	-5.18399e-05	-0.0133787	-0.000290599	-0.0121725	-0.0061132	-0.00020635	0.060557	-0.00152465	0.0112726
-0.00870552	-3.3667e-06	-0.00016198	-2.86626e-05	-0.00276074	-0.00137597	-2.03257e-05	0.0209996	-0.000317247	-0.00762583
0.0	0.0	0.0	0.0	0.0	0.0	0.0	0.0	0.0	0.0
0.0	0.0	0.0	0.0	0.0	0.0	0.0	0.0	0.0	0.0
0.0	0.0	0.0	0.0	0.0	0.0	0.0	0.0	0.0	0.0
0.0	0.0	0.0	0.0	0.0	0.0	0.0	0.0	0.0	0.0
