0.0	0.0	0.0	0.0	0.0	0.0	0.0	0.0	0.0	0.0
0.0	0.0	0.0	0.0	0.0	0.0	0.0	0.0	0.0	0.0
0.0	0.0	0.0	0.0	0.0	0.0	0.0	0.0	0.0	0.0
0.0	0.0	0.0	0.0	0.0	0.0	0.0	0.0	0.0	0.0
0.0	0.0	0.0	0.0	0.0	0.0	0.0	0.0	0.0	0.0
0.0	0.0	0.0	0.0	0.0	0.0	0.0	0.0	0.0	0.0
0.0	0.0	0.0	0.0	0.0	0.0	0.0	0.0	0.0	0.0
0.0	0.0	0.0	0.0	0.0	0.0	0.0	0.0	0.0	0.0
0.0	0.0	0.0	0.0	0.0	0.0	0.0	0.0	0.0	0.0
0.0	0.0	0.0	0.0	0.0	0.0	0.0	0.0	0.0	0.0
0.0	0.0	0.0	0.0	0.0	0.0	0.0	0.0	0.0	0.0
0.0	0.0	0.0	0.0	0.0	0.0	0.0	0.0	0.0	0.0
-3.82472e-06	-6.49131e-06	-0.000722305	-6.78276e-05	-0.00489254	-0.000102699	0.00671799	-6.89639e-06	-0.000166977	-0.000748433
-2.41841e-05	-1.53804e-05	-0.00119576	-0.000164797	-0.0108566	-0.000225723	0.0145647	-1.97195e-05	-0.000375481	-0.00168713
-1.75927e-05	-1.29833e-06	0.00042937	-1.81146e-05	-0.000159803	-9.44784e-07	-0.000161733	-5.13981e-06	-1.0971e-05	-5.37725e-05
-7.33031e-07	-5.40972e-08	1.78904e-05	-7.54775e-07	-6.65846e-06	-3.9366e-08	-6.73885e-06	-2.14159e-07	-4.57127e-07	-2.24052e-06
0.0	0.0	0.0	0.0	0.0	0.0	0.0	0.0	0.0	0.0
0.0	0.0	0.0	0.0	0.0	0.0	0.0	0.0	0.0	0.0
0.0	0.0	0.0	0.0	0.0	0.0	0.0	0.0	0.0	0.0
0.0	0.0	0.0	0.0	0.0	0.0	0.0	0.0	0.0	0.0
0.0	0.0	0.0	0.0	0.0	0.0	0.0	0.0	0.0	0.0
0.0	0.0	0.0	0.0	0.0	0.0	0.0	0.0	0.0	0.0
0.0	0.0	0.0	0.0	0.0	0.0	0.0	0.0	0.0	0.0
0.0	0.0	0.0	0.0	0.0	0.0	0.0	0.0	0.0	0.0
0.0	0.0	0.0	0.0	0.0	0.0	0.0	0.0	0.0	0.0
0.0	0.0	0.0	0.0	0.0	0.0	0.0	0.0	0.0	0.0
0.0	0.0	0.0	0.0	0.0	0.0	0.0	0.0	0.0	0.0
0.0	0.0	0.0	0.0	0.0	0.0	0.0	0.0	0.0	0.0
0.0	0.0	0.0	0.0	0.0	0.0	0.0	0.0	0.0	0.0
0.0	0.0	0.0	0.0	0.0	0.0	0.0	0.0	0.0	0.0
0.0	0.0	0.0	0.0	0.0	0.0	0.0	0.0	0.0	0.0
0.0	0.0	0.0	0.0	0.0	0.0	0.0	0.0	0.0	0.0
-5.25303e-09	-3.51844e-08	-1.25711e-05	-1.01105e-08	-5.35725e-05	-1.12745e-07	6.87176e-05	-8.80561e-08	-7.65832e-07	-1.55691e-06
-1.13739e-07	-1.03786e-07	-3.94751e-05	-4.41839e-08	-0.000544367	-3.39103e-07	0.000592935	-8.92614e-07	-2.27478e-06	-5.32477e-06
-1.98208e-05	-1.07686e-07	-0.000468969	-7.93978e-06	-0.0489165	-1.89498e-05	0.0496631	-6.35881e-05	-5.29463e-06	-0.000161918
-4.09699e-05	-8.05211e-05	-0.00114289	-1.89278e-05	-0.107669	-3.53541e-05	0.109969	-0.000514785	-6.70002e-05	-0.000399598
-6.1984e-05	-0.00387683	-0.00221064	-0.000205206	-0.109029	-0.000110168	0.120298	-0.00295111	-0.000961723	-0.000890649
-0.000220631	-0.00315255	-0.00476716	-0.000210056	-0.0445703	-0.000204984	0.0563845	-0.00157113	-0.00100328	-0.000684334
-0.00292236	-0.00186741	-0.00835611	-0.000218913	-0.0534799	-0.000874288	0.0721884	-0.000990666	-0.000925507	-0.00255315
0.0317646	-0.000752871	-0.0305328	-0.0003945	-0.09714	-0.0010095	0.120119	-0.00871695	-0.00155472	-0.0117826
0.0676188	-0.000717617	-0.0336668	-0.00156781	-0.190707	-0.00770847	0.214326	-0.0243822	-0.00162123	-0.0215736
0.028308	-0.000543644	-0.0202267	-0.000986426	-0.0906509	-0.0071284	0.109084	-0.00663692	-0.0020567	-0.00916231
-0.00137017	0.0221724	0.00707755	-0.00703115	-0.0191924	-0.00336538	0.00893994	-0.000398102	-0.0038814	-0.00295118
0.0246032	0.0333034	0.0371825	-0.00915485	-0.119468	-0.00415973	0.0538616	-0.00100741	-0.00297488	-0.0121858
0.0705623	-0.0114757	0.0914256	-0.00272074	-0.129969	-0.0044489	0.0215851	-0.00208524	-0.00392322	-0.0289505
0.0331892	-0.0056131	0.0153465	-0.000986691	-0.0512827	-0.00268552	0.0329685	-0.000954549	-0.00351249	-0.0164691
-0.00146097	-0.000349756	-0.0258432	-0.000237047	-0.0193795	-0.00377193	0.0553244	-0.000161387	-0.00192133	-0.00219929
-0.000755825	-7.39471e-05	-0.0187301	-0.000155637	-0.0381267	-0.00359602	0.0647755	-0.000222051	-0.00144191	-0.00167334
-0.000341136	-9.67939e-05	-0.00752238	-0.000158294	-0.0304726	-0.00184678	0.0429248	-0.000109154	-0.000856766	-0.0015209
-0.000140473	-0.000227657	-0.00372066	-7.03744e-05	-0.031596	-0.000360285	0.0376027	-9.0887e-06	-0.000983731	-0.000494437
-1.90397e-05	-1.9714e-05	-0.000407232	-5.54731e-06	-0.0444569	-1.46883e-05	0.045369	-2.42033e-05	-0.000136979	-0.000284779
-2.30814e-06	-1.46909e-06	-0.000193683	-6.95912e-07	-0.0169895	-1.37348e-05	0.017443	-3.34557e-05	-5.61089e-05	-0.000152103
0.0	0.0	0.0	0.0	0.0	0.0	0.0	0.0	0.0	0.0
0.0	0.0	0.0	0.0	0.0	0.0	0.0	0.0	0.0	0.0
0.0	0.0	0.0	0.0	0.0	0.0	0.0	0.0	0.0	0.0
0.0	0.0	0.0	0.0	0.0	0.0	0.0	0.0	0.0	0.0
0.0	0.0	0.0	0.0	0.0	0.0	0.0	0.0	0.0	0.0
0.0	0.0	0.0	0.0	0.0	0.0	0.0	0.0	0.0	0.0
-4.25496e-08	-6.17075e-10	-6.07937e-07	-2.72711e-09	-5.9823e-06	-9.2108e-07	9.52412e-06	-8.45238e-12	-1.5508e-06	-4.15966e-07
0.00478533	-4.59736e-10	-2.84043e-05	-1.01958e-06	-0.00447692	-0.000132295	0.000422208	-0.000268181	-9.13832e-06	-0.000291579
0.00177511	-2.24607e-06	-0.00082739	-1.26464e-06	-0.00196941	-1.55976e-05	0.00128178	-9.38615e-05	-3.66746e-05	-0.000110436
-0.000421393	-1.03139e-05	0.000100391	-0.000359764	-0.00156957	-6.78536e-06	0.00230543	-3.38619e-06	-2.4944e-05	-9.66746e-06
-0.0304988	-5.73854e-05	-0.00111595	-0.0019669	-0.0501936	-5.53682e-05	0.0847087	-0.000455722	-0.000179936	-0.000184959
-0.0356337	-0.00218604	-0.00692811	-0.00364006	-0.159692	-0.000961326	0.212907	-0.0019993	-0.000940388	-0.000925707
-0.0262367	-0.0395727	0.0334475	-0.0140758	-0.200328	-0.00425162	0.260888	-0.00488601	-0.00316121	-0.00182325
-0.0278261	-0.0783446	0.140603	-0.023665	-0.164988	-0.0167386	0.19335	-0.00654789	-0.0117669	-0.00407597
-0.0255288	-0.0527672	0.0807408	-0.00846063	-0.286685	-0.0571681	0.404957	-0.0154652	-0.0246144	-0.0150066
-0.0442564	-0.0653826	0.149571	0.0416299	-0.300894	-0.112661	0.441657	-0.0376654	-0.0460351	-0.0259609
-0.0457749	0.00918754	0.0846835	0.0624002	-0.404685	-0.112235	0.536299	-0.0382194	-0.0508637	-0.0407889
-0.0766513	0.179448	0.00926174	0.00758317	-0.275475	-0.117878	0.39853	-0.0175488	-0.0692216	-0.0380425
-0.136163	0.155801	0.0722412	-0.00126478	-0.160343	-0.132407	0.324422	-0.0213073	-0.0669233	-0.0340511
-0.158204	0.315189	0.159652	-0.0600753	-0.244226	-0.0821425	0.209044	-0.0263072	-0.0750573	-0.037868
-0.1226	0.208709	0.139967	-0.0455884	-0.302768	0.00484135	0.263476	-0.0132322	-0.085366	-0.0474347
-0.105545	0.0600447	0.00226376	-0.0477449	-0.147474	0.080815	0.259167	-0.0082173	-0.0624561	-0.0308501
-0.0665706	-0.0109217	-0.0337425	-0.0743294	-0.125147	0.0753177	0.269451	-0.0040961	-0.00879444	-0.0211652
-0.0479631	0.03689	-0.10927	-0.0362274	-0.0887302	0.00770242	0.306747	-0.0022332	-0.0514423	-0.0154708
-0.0341992	-0.00594333	-0.0362532	-0.0119528	-0.0712389	-0.0670684	0.253011	-0.001181	-0.0185483	-0.00662576
-0.0171116	-0.0101667	-0.0335282	-0.0128808	-0.0640613	-0.0763092	0.242774	-0.000983609	-0.018323	-0.00940969
-0.00850435	-0.00374801	-0.0390051	-0.00931763	-0.0669375	-0.0431477	0.188038	-0.000679478	-0.0123596	-0.00433885
-0.0042812	-0.00192927	-0.00794619	-0.00233063	-0.0410064	-0.033743	0.0963136	-7.91129e-05	-0.00460128	-0.000396537
-0.000639449	-0.000578448	0.0450679	-0.000203258	-0.00422011	-0.0116536	-0.0253203	-3.20157e-05	-0.0023843	-3.64922e-05
-9.2489e-06	-2.61155e-05	0.0313802	-1.03427e-06	-0.000479131	-0.00103249	-0.028916	-2.68719e-08	-0.000914584	-1.61793e-06
0.0	0.0	0.0	0.0	0.0	0.0	0.0	0.0	0.0	0.0
0.0	0.0	0.0	0.0	0.0	0.0	0.0	0.0	0.0	0.0
0.0	0.0	0.0	0.0	0.0	0.0	0.0	0.0	0.0	0.0
0.0	0.0	0.0	0.0	0.0	0.0	0.0	0.0	0.0	0.0
-9.51017e-08	0.00110354	-0.000140339	-5.48478e-05	-1.32005e-05	-9.79398e-06	-0.000589119	-1.06603e-08	-0.000295079	-1.05653e-06
0.011647	0.000262627	-0.000238318	-3.91261e-05	-0.0144403	0.000156645	0.00496756	-0.000783568	-0.000544831	-0.000987684
-0.00761517	-8.40595e-05	-0.00490513	-0.00526143	-0.00598798	0.0166798	0.00895031	-0.00116049	-0.000258663	-0.000357211
-0.078487	-0.00492189	-0.00348904	0.128632	-0.00794329	-0.0568657	0.0305272	-0.0019663	-0.00452269	-0.000963084
-0.113192	-0.00303499	0.00281384	0.0983763	-0.0920895	-0.0360251	0.156431	-0.00298434	-0.00875078	-0.00154352
-0.12425	-0.0271084	0.0622884	0.144846	-0.154274	-0.0494213	0.194844	-0.0157188	-0.0275329	-0.00367224
-0.0277038	-0.0831468	0.171608	0.180774	-0.304969	-0.0615841	0.21927	-0.0501465	-0.0319968	-0.0121026
-0.0653573	-0.127193	0.466679	0.0735618	-0.410949	-0.0822641	0.257365	-0.0607248	-0.0209707	-0.0301403
-0.0332221	-0.202802	0.382937	0.184574	-0.39563	-0.0451825	0.31533	-0.113468	-0.0372947	-0.0552332
0.043614	-0.330743	0.465994	0.434488	-0.465565	-0.137359	0.350483	-0.172734	-0.103622	-0.0845515
0.0212453	-0.149633	0.411154	0.520615	-0.681583	-0.0417561	0.265816	-0.127264	-0.104918	-0.113673
0.17954	-0.0706108	0.542103	0.286903	-0.80724	-0.080668	0.304869	-0.121732	-0.0718769	-0.161283
0.170254	-0.134194	0.299574	0.54993	-0.569208	-0.055399	0.25447	-0.12375	-0.194343	-0.197334
0.0945779	0.0620224	0.221718	0.420372	-0.544449	0.076712	0.198634	-0.115802	-0.181219	-0.232565
0.102888	0.164954	0.336393	0.305737	-0.479995	-0.0627858	0.0285633	-0.0878533	-0.115615	-0.192283
-0.00875372	-0.0653009	0.215076	0.264427	-0.316392	0.0732293	0.0127306	-0.0576667	0.00287717	-0.120225
-0.169537	-0.229439	-0.12989	0.356188	-0.25526	0.224139	0.19738	-0.0487105	0.0886277	-0.0334962
-0.19485	-0.146846	-0.165584	0.317821	-0.0674087	0.208887	0.251142	-0.0269798	-0.127749	-0.0484295
-0.113412	-0.186817	-0.255323	0.358512	0.00488264	0.288163	0.0544119	-0.0262525	-0.0816913	-0.042469
-0.144511	-0.164495	-0.178116	-0.0671488	0.0105585	0.286162	0.237225	-0.0148207	0.0590706	-0.0239203
-0.110851	-0.128567	-0.166472	-0.162359	0.0346087	0.134666	0.312991	-0.00392779	0.096604	-0.0066912
-0.0529282	-0.0917684	-0.140052	-0.0954141	0.0328084	-0.0589619	0.313274	-0.00121702	0.0968675	-0.00260702
-0.0193912	-0.0765671	-0.00935545	-0.0292784	-0.0122629	-0.0241386	0.156562	-0.000468147	0.0155272	-0.000627507
-0.00223711	-0.0226043	0.0258352	-0.000377978	-0.000571025	0.0658587	-0.0700773	-5.78592e-06	0.00421925	-3.97473e-05
-0.00135776	-0.0294957	-0.000458	-2.11997e-05	-0.000227484	0.0116352	0.023171	-1.67024e-07	-0.00324294	-2.96578e-06
0.0	0.0	0.0	0.0	0.0	0.0	0.0	0.0	0.0	0.0
0.0	0.0	0.0	0.0	0.0	0.0	0.0	0.0	0.0	0.0
-2.60776e-08	-1.93037e-08	-2.31891e-05	3.66611e-05	-1.66777e-07	-1.20191e-05	-2.49673e-08	-1.42605e-08	-1.18642e-06	-1.52446e-08
-3.52649e-05	0.00377917	-0.00115461	0.001576	-4.85264e-06	-0.00152299	-0.00211517	-6.28413e-08	-0.000519854	-2.35266e-06
-0.000430864	0.000430985	-0.00897111	0.0233145	-0.00178991	-0.00815896	-0.00370397	0.000668272	-0.00110726	-0.000251683
-0.0108834	0.00742094	-0.0563702	0.0743934	0.0207919	-0.0497251	0.0242894	-0.00301685	-0.00624494	-0.000655055
-0.113772	0.0530353	0.0169153	0.312167	0.0246248	-0.219905	0.0148186	-0.0372557	-0.0428616	-0.00776486
-0.124421	0.0433901	0.191162	0.324792	-0.0685863	-0.232902	-0.00400061	-0.0442905	-0.074655	-0.0104854
-0.0364218	-0.0293423	0.126945	0.349155	-0.0824569	-0.150202	-0.00301336	-0.0804158	-0.0620975	-0.0321471
0.0145682	-0.0335256	0.206645	0.481363	-0.267969	-0.355418	0.116498	-0.126471	0.042198	-0.0778828
0.123764	-0.0713492	0.408699	0.390382	-0.358095	-0.272323	-0.010407	-0.231358	0.183952	-0.163258
0.105876	-0.106373	0.321542	0.499952	-0.490888	-0.0270636	0.0223917	-0.342152	0.218769	-0.202051
0.222845	-0.301254	0.39828	0.556002	-0.461068	0.156643	-0.110189	-0.381375	0.2147	-0.294582
0.00479041	-0.135989	0.374081	0.413602	-0.336561	0.0487371	-0.124949	-0.323314	0.45049	-0.370886
0.0759044	0.239354	0.191036	0.457203	-0.13173	-0.263788	-0.0685214	-0.326614	0.150308	-0.323154
-0.0478787	0.21156	0.356914	0.309035	-0.336124	-0.0289726	-0.0670504	-0.388078	0.416764	-0.426172
0.0946863	0.00404117	0.201313	0.361404	-0.449953	0.366629	-0.152762	-0.365397	0.401872	-0.461833
-0.0927179	0.0857167	0.165446	0.449432	-0.188898	0.0862257	0.0289122	-0.350837	0.331879	-0.515159
0.0945677	-0.0656039	0.107949	0.155568	-0.0969348	0.154248	0.116567	-0.306858	0.187563	-0.347066
-0.0298722	-0.250284	0.0535812	0.33481	-0.104817	0.408948	-0.0222584	-0.247117	0.129737	-0.272728
-0.0901832	0.125341	-0.153011	0.0960777	0.198728	0.164296	0.0311833	-0.158755	0.0863003	-0.299978
-0.080552	0.0902697	-0.132573	0.000336412	0.319753	-0.239054	0.114971	-0.116162	0.238484	-0.195473
-0.122847	0.00634992	-0.338812	-0.144636	0.316573	0.256056	0.205123	-0.0321546	0.0598127	-0.205464
-0.0904708	-0.103497	-0.422907	-0.10124	0.359316	0.126624	0.327101	-0.0482392	0.0654025	-0.112086
-0.172671	-0.147471	-0.359256	-0.284275	0.350986	0.383693	0.291941	-0.0226245	-0.00230433	-0.0380105
-0.200966	-0.293392	-0.178723	-0.0427165	0.22281	0.476377	-0.101747	-0.00621568	0.134915	-0.0103381
-0.0552508	-0.146091	-0.0062999	-0.00425174	0.00484159	0.178904	-0.0800636	-0.00136153	0.112527	-0.00295333
-0.00615762	-0.0182152	-0.00572272	-0.000112542	-0.0252879	0.0268166	-0.0102844	-0.000343405	0.0406956	-0.00138834
-0.000115556	-0.00997289	-0.00509391	-2.67676e-05	-0.0040271	-0.00430655	0.0188541	-2.16263e-05	0.00488329	-0.000172988
0.0	0.0	0.0	0.0	0.0	0.0	0.0	0.0	0.0	0.0
0.0	0.0	0.0	0.0	0.0	0.0	0.0	0.0	0.0	0.0
-0.000363792	0.000430351	0.000549809	0.00242762	-0.000100355	-0.00264281	6.39197e-05	-6.87143e-06	-0.000355211	-2.65728e-06
-0.00457588	0.00902481	-0.00753268	0.109387	0.00183958	-0.0477034	-0.0423972	-0.00180725	-0.0120217	-0.00421292
-0.0311044	0.021712	0.00296431	0.2384	0.0172511	-0.202354	0.0371645	-0.0256485	-0.0446555	-0.0137276
-0.15425	0.146681	0.00987499	0.474905	0.052228	-0.270968	-0.176242	0.112442	-0.152055	-0.0426099
-0.0328474	0.0785395	0.0276411	0.455157	-0.0194539	-0.315584	-0.121536	0.144971	-0.119486	-0.0973971
-0.0296507	-0.140666	0.100372	0.332504	-0.0551604	-0.0865358	-0.153499	0.147108	0.0258463	-0.140315
0.0537183	-0.344926	0.202904	0.165853	-0.065846	-0.153401	0.0884111	0.216464	0.00843396	-0.17161
0.0658121	-0.382924	0.048371	0.182921	-0.00284164	0.105596	-0.0244394	0.129577	0.118565	-0.240638
0.273656	-0.255207	0.144935	0.155013	-0.195009	0.188321	0.0708223	-0.130429	-0.145972	-0.106131
0.165153	-0.362987	0.254742	0.171933	-0.119623	0.0856822	-0.48235	-0.209776	0.265025	0.2322
-0.0320179	-0.259422	0.162261	0.126937	-0.0231124	-0.00651636	-0.302094	-0.0587655	0.24985	0.142882
0.181323	-0.0222049	0.114531	0.168244	-0.297823	-0.0573285	-0.366976	-0.0778404	0.124763	0.233311
0.214724	0.0158316	0.114195	0.067476	-0.000114197	-0.16548	-0.0167976	-0.290354	0.236944	-0.176425
0.139654	0.245818	0.156382	0.207134	-0.0127891	-0.159358	-0.278643	-0.384081	0.0755336	0.0103475
0.100363	-0.137872	0.329471	0.376233	0.0684157	0.0824892	-0.219225	-0.298519	0.129779	-0.431134
0.340484	-0.259004	0.146029	-0.0771377	-0.0819594	0.155744	-0.00715622	-0.374987	0.461239	-0.303249
0.37068	-0.0510575	0.127807	-0.0129498	0.106935	0.149599	0.143803	-0.410469	-0.165253	-0.259095
0.0522711	0.00202823	-0.00299473	0.150774	0.193568	0.0260453	0.218735	-0.558052	0.128531	-0.210908
-0.126109	0.142316	0.0679807	0.00288961	0.0649562	0.329279	0.0942145	-0.552666	0.20256	-0.22542
-0.00321576	0.338686	0.0624141	-0.13695	0.0676642	0.117764	0.125815	-0.329704	0.0449889	-0.287464
0.0121723	0.29258	-0.11912	-0.0931568	0.244345	0.292493	0.00462141	-0.227735	-0.0427547	-0.363441
-0.252285	0.122946	-0.288425	-0.262449	0.468023	0.386102	0.324639	-0.116626	-0.151361	-0.230561
-0.310875	-0.022234	-0.269839	-0.0942239	0.111675	0.508895	0.104214	-0.0335955	0.100149	-0.0941625
-0.131039	-0.184986	-0.0601567	-0.0240756	-0.0694819	0.350264	-0.0755538	-0.0106324	0.236665	-0.0310001
-0.0381514	-0.0385601	-0.0207208	-0.00207423	-0.0381136	0.0813882	0.0408129	-0.00452046	0.0241551	-0.00421532
-0.0141044	-0.0129734	-0.00748049	-0.000106107	-0.000417487	0.00969295	0.0281974	-0.000167675	-0.0026043	-3.64356e-05
0.0	0.0	0.0	0.0	0.0	0.0	0.0	0.0	0.0	0.0
-5.02629e-06	-1.59691e-06	-5.93661e-05	0.000690698	-1.76087e-06	-5.56343e-05	-2.70555e-07	-1.31419e-05	-6.3942e-05	-0.000489959
-0.00173693	-0.0254952	-0.00779519	0.00723198	-0.00288525	0.00429533	-0.00162384	0.0365772	-0.00455684	-0.00401127
-0.00378881	0.00341409	0.0042273	0.152907	-0.0409357	-0.156775	-0.0447759	0.15732	-0.0416764	-0.0299153
-0.0485247	0.0174979	0.117528	0.188937	0.0280665	-0.234509	0.036601	0.0979323	-0.105475	-0.0980516
-0.0280855	-0.0245748	0.078286	0.235776	0.196701	-0.152064	-0.123668	0.226397	-0.125347	-0.283415
0.0197266	-0.103388	0.165056	0.268757	0.123577	-0.0821837	-0.289822	0.357599	-0.169094	-0.290223
0.0461144	-0.261285	0.117856	0.0686628	0.0703083	0.04433	-0.0644981	0.34978	-0.0593781	-0.31189
-0.00809481	-0.383527	0.0360647	0.237602	-0.0327351	-0.0244361	-0.0461352	0.36944	0.0133626	-0.161542
-0.266021	-0.482644	0.239665	0.358632	0.115753	-0.0990326	-0.168361	0.188854	0.0656137	0.0475418
0.0132565	-0.207877	0.241716	0.390448	-0.161996	-0.0665312	-0.354703	0.291717	-0.125422	-0.0206059
-0.0281899	-0.0646349	-0.0392715	0.175486	-0.289782	-0.0930811	-0.322686	0.44683	-0.00503908	0.220367
-0.221556	-0.231829	0.0772775	-0.0115077	-0.155958	-0.0108919	-0.210021	0.311707	0.336681	0.116099
0.292448	-0.286281	0.0232616	0.390503	-0.341911	-0.0739351	-0.435643	-0.0067504	0.0336189	0.404691
0.208952	-0.210562	-0.0312662	0.150577	-0.396264	0.193216	-0.305371	0.00879593	0.0155942	0.366328
-0.0547363	-0.273003	0.0828683	0.125123	-0.459366	-0.0321403	-0.126185	0.126375	0.377959	0.233108
0.0593221	-0.228371	0.166849	0.214092	-0.395768	-0.115372	-0.258669	0.0888434	0.0874162	0.381657
0.182324	-0.398885	-0.0257335	-0.0230796	-0.209815	-0.00874088	-0.195505	0.157301	0.200413	0.321723
0.345874	-0.110363	-0.0515828	0.341575	-0.397283	0.080973	-0.413637	0.0645883	-0.192491	0.332346
0.0340785	-0.229919	-0.110528	-0.16601	-0.0567783	0.314755	-0.204506	-0.0361386	0.407936	0.0471104
0.0885572	0.0657952	-0.18553	0.0658559	-0.195013	0.207652	-0.0714246	-0.0830807	0.0241144	0.0830752
0.332544	0.0843362	-0.0997159	0.0863365	-0.0945589	-0.0785674	-0.074976	-0.0136129	-0.0598099	-0.0819745
0.397285	0.0950998	-0.179318	-0.103885	0.21037	0.179322	-0.0617259	-0.159133	-0.0881309	-0.289883
-0.0188311	0.112057	-0.479752	-0.168538	0.481536	0.267094	0.0848068	-0.240437	0.26185	-0.299789
-0.444851	0.00062347	-0.287215	-0.0687392	0.108791	0.811554	0.0736975	-0.103546	0.110725	-0.201038
-0.315497	-0.135382	-0.0705451	-0.0529256	-0.0426553	0.480514	-0.0371799	-0.0459367	0.284244	-0.0646323
-0.145707	-0.0200227	-0.0121811	-0.00552269	0.0583048	0.169581	-0.0508623	-0.0134875	0.0444947	-0.0245963
-0.0386666	-0.000319312	-0.000552021	-0.000397597	-0.0019737	0.0533747	-0.00296954	-0.000724175	-0.00701938	-0.000752369
0.0	0.0	0.0	0.0	0.0	0.0	0.0	0.0	0.0	0.0
-0.00033675	-0.00223709	-0.00202931	0.0193091	-0.00108687	-0.00204854	-8.46056e-05	0.00688604	-0.00485254	-0.0135195
-0.000675977	-0.0438237	0.0351098	-0.024941	-0.00439928	-0.0198564	-0.00700181	0.0902706	-0.00814013	-0.016542
-0.00573039	-0.0174335	0.0618561	0.0623468	-0.0159817	-0.171304	-0.0538194	0.280984	-0.0450819	-0.0958339
-0.0873162	-0.00201606	0.317325	0.332115	0.10667	-0.512703	0.0310589	0.128254	-0.0515008	-0.261878
-0.014302	-0.156745	0.189985	0.464235	0.324613	-0.288369	-0.0785663	0.0652225	-0.0315335	-0.474533
0.0793826	-0.264203	0.347749	0.175729	0.13551	-0.0281898	-0.340226	0.29804	-0.105782	-0.298007
2.54862e-05	-0.28728	-0.0898394	0.0706567	0.150948	0.168376	0.0120893	0.296269	-0.0219727	-0.299273
-0.200139	-0.528715	0.161937	0.110193	0.00589844	0.237328	-0.054878	0.109779	0.176185	-0.0175873
0.0642991	-0.312626	-0.0449216	0.0839708	0.0429807	0.0223135	-0.127716	0.254397	-0.0438408	0.0611435
0.0454859	-0.0943642	-0.138051	-0.0236988	-0.21337	0.251769	-0.237608	0.35916	0.093412	-0.0427352
0.10923	-0.252052	0.114233	-0.0236437	-0.0979883	0.142776	-0.0953454	0.261479	-0.219728	0.0610398
-0.0213351	-0.0323498	-0.0458908	0.136205	-0.469391	0.0549771	-0.180373	0.268397	-0.126626	0.416388
0.150909	-0.235407	0.329042	-0.0591182	-0.295572	-0.251918	-0.337183	0.21372	-0.000694634	0.486226
0.0622312	-0.117967	0.0860115	0.285658	-0.396586	0.201167	-0.0956715	-0.0705964	-0.359779	0.405535
-0.0835994	-0.447724	-0.0852776	0.228272	-0.304861	-0.238087	-0.117941	0.15652	0.38196	0.51074
-0.0386107	-0.213263	0.061939	-0.039212	-0.406732	0.146415	-0.369261	0.246686	0.0684933	0.543544
0.277795	-0.234505	-0.275937	0.169952	-0.103303	0.0661888	-0.239166	0.298187	-0.216923	0.257713
0.295109	-0.325469	-0.0606109	-0.125202	-0.286168	0.0839912	-0.336722	0.407486	0.177604	0.169982
0.160934	-0.0685936	-0.119427	0.0974469	-0.0515785	0.0667363	-0.326279	0.212276	-0.0877043	0.116188
-0.0121332	0.0866496	-0.222718	-0.00675782	-0.0729981	0.0820507	-0.32145	0.356467	-0.0647885	0.175678
0.021179	-0.0705162	-0.0276255	-0.269615	-0.0529103	0.194099	-0.207423	0.182107	0.183677	0.0470276
0.0870694	-0.0890768	0.167031	-0.253704	0.17219	0.215467	-0.301932	0.138391	0.0281836	-0.16362
0.220316	-0.126469	-0.587132	-0.279576	0.396378	0.35003	-0.168424	0.0150742	0.380867	-0.201065
-0.168877	-0.370577	-0.441523	-0.203403	0.170835	0.734739	0.107988	-0.056949	0.450649	-0.222877
-0.353216	-0.2201	-0.0884567	-0.0676927	0.00672756	0.834483	-0.106625	-0.0700733	0.168272	-0.103317
-0.167395	-0.00853509	-0.0176329	-0.00461475	0.0848842	0.156974	-0.0462941	-0.0130633	0.0588221	-0.0431454
-0.0115475	-0.00417789	-0.00144303	-0.000334643	-0.00270755	0.0243209	-0.0111228	-0.000500427	0.00865435	-0.00114146
0.0164993	-2.83976e-07	-0.000260232	-8.0595e-07	-0.000600166	-5.69919e-06	-7.6864e-06	-0.0102471	-2.35732e-05	-0.00535377
-0.000369537	-0.00187309	0.00141774	-0.00883869	-0.0146211	-0.00157557	-0.000257393	0.0717887	-0.00504494	-0.0406261
0.0026114	-0.0282106	0.0151909	-0.0232888	0.0176399	-0.0230991	-0.00649451	0.136057	-0.0120467	-0.0783588
0.011442	-0.0043489	0.0417708	0.0787058	0.000903855	-0.179705	-0.0465924	0.377325	-0.00808708	-0.27141
-0.120456	-0.0318771	0.357167	0.38712	0.0616626	-0.680737	0.0347241	0.310485	0.0307917	-0.348867
-0.0634364	-0.101112	0.099956	0.186055	0.249008	-0.330034	-0.135582	0.281115	0.117933	-0.303897
-0.0353594	-0.244644	0.0242448	0.024323	0.0561858	-0.0493252	-0.276201	0.276827	0.224078	-0.000127714
-0.0591755	-0.191075	0.0116616	0.0497805	0.0904065	-0.211975	-0.170322	0.582583	0.213545	-0.315432
0.00474878	-0.4625	0.0936314	-0.0500609	-0.138183	0.0969209	-0.167168	0.306177	-0.0177475	0.334181
0.273008	-0.478875	-0.0788841	-0.0890839	0.143433	0.039986	-0.103146	0.191045	0.176887	-0.0743694
-0.0062471	-0.222229	0.272696	0.0875699	-0.18607	0.10462	-0.206804	0.0605594	0.143608	-0.0477021
-0.0543187	-0.308193	0.111509	0.0363528	0.00784678	0.1076	-0.169739	0.359737	0.00202291	-0.0928167
0.216781	-0.0529764	-0.0799329	0.123467	-0.239752	-0.0621243	-0.207623	0.406084	0.27671	-0.380629
-0.0303757	0.0463307	-0.0576314	0.0823644	-0.307688	-0.0705048	-0.212893	0.010902	0.359474	0.180024
0.228196	-0.0284168	0.0247569	0.187491	-0.409121	-0.0432304	-0.447841	0.262563	-0.199341	0.424946
0.279952	-0.00782964	-0.00631566	0.134382	-0.238603	-0.175477	-0.512547	0.333772	-0.0462705	0.23894
0.587796	-0.308511	-0.0983264	0.0516252	-0.531647	0.0258468	-0.432345	0.269654	0.161175	0.274737
0.253503	0.14643	0.00305928	0.0828898	-0.245564	0.00549037	-0.333458	0.184229	-0.109145	0.0125671
0.0851568	-0.224149	-0.254218	0.380097	-0.0290744	-0.072387	-0.635187	0.490763	0.115339	0.143659
0.007434	-0.0919217	0.21444	0.113337	-0.137308	0.122923	-0.537196	0.14293	0.191977	-0.026616
0.239479	-0.267563	0.0637803	0.0985779	-0.0841745	0.291526	-0.40494	0.264179	0.0471457	-0.248011
0.123308	-0.284844	-0.133664	0.0467874	-0.029534	0.176547	-0.294145	-0.058242	0.17396	0.279825
0.223179	-0.275466	-0.0561023	0.326722	-0.184249	0.0413709	-0.475839	0.248349	0.128994	0.0230395
0.467116	-0.502492	-0.0330845	-0.565378	0.159425	0.692488	-0.511686	0.133306	0.325409	-0.165101
0.092691	-0.54822	-0.489488	-0.441486	0.10945	1.17292	-0.3111	-0.120459	0.678202	-0.142503
-0.371461	-0.246967	-0.173375	-0.0935001	0.125703	0.902185	-0.229767	-0.121067	0.326216	-0.11796
-0.143481	-0.0186103	-0.0254262	-0.00648365	-0.0626695	0.261703	-0.130253	-0.0191571	0.18592	-0.0415428
-0.00849587	-0.00312791	-0.00292596	-0.000104938	-0.00242276	0.0074514	-0.0131411	-0.00464318	0.0292996	-0.00188929
-4.23709e-06	-3.45613e-05	-1.20454e-05	-0.000172644	-0.000751795	-8.56273e-05	-3.32567e-06	0.00274762	-2.62547e-05	-0.00165713
-0.000490954	-9.10816e-05	-0.00123606	-0.0074064	-0.0145717	-0.0016132	-0.000136367	0.0828054	-0.00364681	-0.0536128
0.00828259	-0.0183629	-0.0285037	0.0454629	0.00882496	-0.0105927	-0.0110343	0.147751	-0.0301279	-0.1117
0.0388109	-0.0103505	0.0647636	0.198415	-0.142677	-0.199535	-0.0580416	0.414421	-0.0406187	-0.265182
-0.0649885	-0.0994548	0.228259	0.583126	-0.228582	-0.53093	0.0664809	0.416246	0.032981	-0.403128
-0.0397687	-0.271987	0.419817	0.163393	-0.0383567	-0.324897	-0.245077	0.279865	0.0954509	-0.0384352
-0.110738	-0.265872	-0.0801365	0.126224	-0.106055	-0.0813843	-0.257332	0.269775	0.240477	0.265044
-0.143332	-0.135297	-0.0883369	0.228098	-0.0823855	-0.0489608	-0.0376939	0.200759	0.0967965	0.0103511
-0.115104	-0.247283	-0.0552135	0.165798	-0.00882309	0.0832346	-0.169545	0.141542	0.111788	0.0936062
0.084258	-0.407958	0.111378	0.0832082	0.00732857	-0.0994474	-0.207159	0.260396	0.19899	-0.0309925
0.178857	-0.200891	0.25154	-0.0841227	-0.289732	0.194166	-0.358803	-0.0246491	0.0895429	0.244093
-0.0885199	-0.11836	-0.0313377	-0.348152	-0.0663596	0.363419	-0.133134	0.19392	0.141399	0.0871258
-0.00905109	-0.143513	0.0464803	-0.206987	-0.151884	0.218253	-0.201926	0.513441	-0.109481	0.0446699
0.314224	0.0638585	0.0140552	-0.152962	-0.11633	-0.0421204	-0.451079	0.250613	0.0543194	0.0654226
-0.0274986	0.152142	0.122599	0.270479	-0.637903	-0.159447	-0.215811	0.561989	-0.271205	0.204657
-0.270159	0.530614	0.250895	0.429845	-0.344566	-0.376738	-0.438068	0.355341	-0.520029	0.382872
0.15075	0.18767	0.287938	0.269649	-0.0572184	-0.383116	-0.58006	0.261433	-0.133856	-0.00318831
0.311605	0.0113186	-0.0739926	0.143867	-0.150111	-0.145173	-0.750863	0.605166	0.0512434	-0.00305629
0.234814	-0.13751	0.0240341	0.0817868	0.0672303	-0.011144	-0.639818	0.312564	-0.0656692	0.133716
0.348003	-0.254541	-0.063592	0.237815	-0.0900299	-0.0432184	-0.603922	0.361508	0.0172552	0.0907241
0.285893	-0.398356	-0.0456883	0.2979	0.0669349	0.0482988	-0.376256	0.0127811	0.0358645	0.0726297
-0.135352	-0.31828	-0.155063	0.131738	0.0371548	0.424534	-0.181764	0.285856	0.125103	-0.213927
-0.0905286	-0.406641	0.0568401	0.40458	-0.0211477	0.292247	-0.535771	0.215472	0.0899339	-0.00498512
0.533619	-0.508555	-0.0924825	-0.233983	0.0583036	0.608177	-0.410095	-0.0242843	0.337148	-0.267844
0.368723	-0.34958	-0.491321	-0.4358	-0.257212	1.41074	-0.379998	-0.0713286	0.427854	-0.222068
-0.344583	-0.176454	-0.130522	-0.0632444	-0.205345	1.17474	-0.379084	-0.0367787	0.317342	-0.156067
-0.13173	-0.0222281	-0.00524053	-0.0133583	-0.0856144	0.273616	-0.169771	0.0172767	0.20051	-0.0634578
-0.00159547	-0.00304838	-0.00142278	-0.000503801	-0.00783572	0.0157697	-0.00774239	0.0616214	-0.0510678	-0.00417474
-6.15133e-06	-4.02527e-05	-2.4619e-05	-0.00028743	-0.000876876	-0.000107392	-3.92051e-06	0.00365232	-3.60362e-05	-0.00226964
-0.000513361	-4.16528e-05	-0.000446636	-0.00468908	-0.0138238	-0.00146042	-4.91755e-05	0.0775565	-0.00194882	-0.0545835
0.0412207	-0.00939901	-0.0234	0.0175621	-0.0353913	-0.012864	-0.0376097	0.228987	-0.0218419	-0.147263
0.0194868	-0.064047	0.106266	0.336078	-0.13794	-0.179104	-0.0744025	0.323098	-0.117538	-0.211891
-0.0300604	-0.127392	-0.0757111	0.325944	-0.196233	-0.207904	-0.0453595	0.391876	0.210652	-0.245806
0.0602155	-0.285298	0.427918	-0.0176422	-0.205999	-0.170448	-0.219518	0.260924	0.0413984	0.108454
-0.0884276	-0.428633	0.472174	-0.00358964	-0.220611	-0.0882979	-0.177903	0.161007	0.125425	0.248856
-0.151131	-0.287194	0.025126	-0.0346547	-0.0872573	0.193797	0.0259562	0.118455	0.181268	0.0156355
-0.0797234	-0.200274	0.0329841	-0.260682	-0.00991773	0.340664	0.0314314	-0.119268	0.0998707	0.164916
0.101722	-0.316061	-0.154529	-0.531518	0.18048	0.397546	-0.230544	0.17351	0.248112	0.131281
-0.121139	-0.0293721	0.0804775	-0.441135	-0.00226053	0.257605	-0.139422	-0.0290937	0.280052	0.144286
0.0958593	0.126555	0.121766	-0.493286	-0.0233915	0.204774	-0.152464	-0.230611	0.286223	0.0645804
-0.0710413	-0.0591827	0.0703768	-0.557815	0.2913	0.367175	-0.302045	-0.286751	0.384594	0.163392
0.158736	0.354095	-0.172334	0.0804947	-0.287549	0.129387	-0.104594	0.199786	0.000133466	-0.358153
0.0701627	0.538422	0.0662721	0.183913	-0.924254	0.0721126	-0.311995	0.37383	-0.0378403	-0.0306171
-0.183387	0.857774	-0.160686	0.0855215	-0.0392939	-0.0901621	-0.531591	0.470092	-0.324826	-0.0834398
0.0691042	0.267028	0.0322795	0.211148	-0.240638	-0.201066	-0.473943	0.694267	-0.375429	0.0172509
0.386816	0.123882	0.229917	0.208166	0.00950934	-0.432	-0.471818	0.271259	-0.236059	-0.0896713
0.278532	-0.224817	0.0520632	0.226464	-0.0420842	-0.482696	-0.482627	0.382692	0.234118	0.0583576
0.00738284	-0.170515	-0.0632943	0.208765	0.152897	-0.390106	-0.511882	0.47864	0.270255	0.0178553
0.211673	-0.425023	-0.071427	0.306023	-0.160534	-0.177602	-0.258389	0.446411	0.128083	0.000787332
0.134706	-0.303428	-0.0821059	0.0719591	-0.041293	-0.00430117	-0.266577	0.406439	0.168946	-0.0843442
0.25774	-0.391598	-0.0778078	0.207096	-0.0649868	0.00125374	-0.423764	0.258112	0.239574	-0.00561817
0.534412	-0.396763	-0.171994	-0.0442477	-0.487839	0.718395	-0.114127	-0.20881	0.307588	-0.136608
0.392517	-0.315654	-0.417379	-0.308874	-0.368193	1.76088	-0.250895	-0.148557	-0.0120573	-0.331769
-0.348099	-0.118328	-0.0731417	-0.0251401	-0.257017	1.52594	-0.482158	-0.016234	-0.0979513	-0.107868
-0.159161	-0.0330177	0.0323736	-0.00746383	-0.107952	0.433258	-0.168627	0.0121256	0.0583078	-0.0598419
-0.000628351	0.00128734	-0.000786641	-0.000166351	-0.00225112	0.00546697	-0.022779	0.0155015	0.0122533	-0.00789762
-2.96106e-05	-6.97603e-06	-2.49598e-05	-0.000181761	-0.000124579	-9.06444e-05	-4.31274e-06	0.00143398	-4.08616e-05	-0.000930277
0.0107093	0.000556103	-0.000789475	-0.00323839	-0.0309258	-0.0116321	-0.000222334	0.109173	-0.00235598	-0.0712742
-0.00429001	-0.000135166	-0.0123647	0.0196431	-0.138132	-0.0238393	-0.00141087	0.423485	-0.0132553	-0.249701
0.00755377	-0.0434488	-0.0473943	0.337552	-0.0988048	-0.237238	-0.07801	0.401827	-0.0179439	-0.224088
-0.183606	-0.0791197	-0.171952	0.303262	-0.27437	-0.10332	-0.023931	0.466494	0.0790729	-0.0125232
-0.140288	-0.150546	0.0514703	-0.138956	-0.102198	-0.0643553	-0.0134731	0.122045	0.234434	0.201871
0.00475998	-0.389251	0.0328255	-0.294268	0.096677	0.276989	-0.0824729	0.00690564	0.149126	0.198712
0.00646039	-0.350143	-0.192017	-0.565919	0.0334916	0.132173	0.184133	0.137488	0.499811	0.114522
-0.0146047	-0.28135	-0.374613	-0.456257	0.158072	0.14862	0.0166907	-0.180231	0.345327	0.638348
-0.232264	-0.32448	-0.413704	-0.499142	0.392807	0.126532	0.177815	0.220808	0.417191	0.13443
-0.0545655	-0.160566	-0.826782	-0.37026	0.521849	0.0931885	0.0193159	0.335668	0.221694	0.220456
-0.0676844	-0.116448	-0.65077	-0.206457	0.0944859	0.0946739	-0.0799315	0.29301	0.225124	0.413995
-0.340979	-0.148407	-0.781151	-0.029421	0.623701	0.211123	0.161816	-0.0817308	0.181947	0.203103
-0.0427346	0.36432	-0.948676	0.289933	-0.822665	0.580709	0.2084	0.101275	0.231004	0.0384373
-0.433342	0.720588	-0.564023	0.0871305	-0.855721	0.0872978	-0.263983	0.486867	0.704961	0.0302251
-0.703305	0.795259	-0.503938	0.238982	0.407795	-0.217836	-0.651822	0.403766	-0.0138064	0.244904
-0.624018	0.224404	-0.17814	-0.0507108	0.460373	-0.210717	-0.197675	0.408776	-0.152688	0.320398
-0.0155683	-0.104596	-0.405102	0.348806	0.160243	-0.153251	-0.393567	0.337948	-0.202069	0.427159
-0.254745	-0.029535	-0.0900718	0.135486	0.00966613	-0.0418248	-0.294045	0.524302	-0.262199	0.302967
0.0371919	-0.203355	0.305447	0.07337	-0.023366	-0.360227	-0.19964	0.245356	-0.0429312	0.168156
0.181404	-0.201928	-0.077994	0.355145	-0.23864	-0.663931	-0.143121	0.317614	-0.10061	0.572063
0.377807	-0.236278	0.0664557	-0.0791727	-0.264023	-0.482431	-0.0604821	0.301964	0.0202007	0.355959
0.269406	-0.230593	-0.0541382	0.000872789	-0.263887	-0.537085	-0.131255	0.307197	0.304591	0.334891
0.324333	-0.203126	-0.14688	-0.201783	-0.510953	0.204124	0.31884	-0.207935	0.489054	-0.0656695
0.397253	-0.192269	-0.171441	-0.238934	-0.483414	0.799083	-0.0246204	-0.189028	0.370528	-0.267147
-0.236435	-0.111473	0.0685709	0.00916483	-0.216897	1.06681	-0.467109	-0.0824012	0.0989929	-0.129222
-0.112566	-0.0354033	0.0397253	-0.00344171	-0.040557	0.286573	-0.273666	-0.013472	0.190942	-0.0381337
-0.00043592	0.00612734	-0.00186363	-8.45622e-05	-0.00157501	0.00453976	-0.014089	0.00367708	0.00652507	-0.00282113
-1.50621e-06	-3.32573e-08	-1.2959e-05	-7.44273e-05	-1.77381e-06	-1.4468e-05	-1.72643e-08	0.0017719	-2.09526e-05	-0.00164576
2.44024e-05	-0.000249449	-5.85884e-05	-0.00323301	-0.0429231	-0.0163342	-0.000303718	0.106745	-0.00128251	-0.0423846
-0.0047977	-0.00387818	-0.00196215	-0.00906357	-0.160764	-0.0221681	-0.00137801	0.434898	-0.0096577	-0.221229
-0.0232564	-0.00415193	-0.169132	0.0695265	-0.214761	-0.0986917	-0.0671199	0.593895	0.0911466	-0.177452
-0.124384	0.00470058	-0.259302	-0.0078517	-0.404562	0.00966833	-0.0649542	0.531235	0.00851945	0.306937
-0.009966	-0.0708712	-0.520731	-0.22604	-0.0568394	0.00432317	-0.0457304	0.27827	0.310296	0.337288
0.235861	-0.132278	-0.896823	-0.331476	0.190461	0.331259	0.155782	0.00817929	0.0677839	0.371249
0.0040741	-0.179267	-1.07436	-0.321973	0.352893	0.0647205	0.257668	0.416099	0.273118	0.20702
-0.078539	-0.20801	-0.534038	-0.415713	0.439001	-0.0363263	0.198826	0.513988	-0.0306099	0.15142
-0.0391935	-0.135896	-0.555956	-0.140629	0.196575	-0.137202	0.281026	-0.0511194	0.158135	0.424258
0.0391461	-0.361594	-0.660876	0.196631	0.566683	0.314433	-0.00535146	-0.161315	-0.201137	0.273383
0.0228022	-0.50494	-0.607553	-0.187247	0.56185	0.152384	0.357955	0.0763872	-0.119111	0.24747
0.164883	0.0599267	-0.550918	-0.0446998	1.04004	0.173194	0.162877	-0.732943	0.0732642	-0.345623
0.0758586	0.176026	-0.378389	-0.000621271	-0.0053657	0.327437	0.181938	-0.969967	0.547727	0.0453561
-0.581287	0.979748	-0.511191	0.558287	-0.554976	-0.109411	-0.30257	0.0020643	0.25398	0.265352
-0.853203	0.492167	-0.519901	0.189603	0.202117	0.0297036	-0.386187	0.435688	0.0776547	0.332365
-0.659899	0.154463	-0.206188	0.121225	0.378214	-0.343153	-0.0971692	0.485607	-0.0629252	0.229828
-0.0440991	0.14108	-0.323801	-0.0631761	0.040935	-0.451464	-0.122195	0.462475	0.105715	0.254536
-0.0558248	-0.0266402	-0.290233	0.130783	-0.000670078	-0.318247	-0.18685	0.410686	-0.0668275	0.403828
0.0984149	-0.216104	0.272993	-0.0675416	0.146326	-0.365644	-0.351888	-0.131515	0.244656	0.370303
0.066915	-0.156313	-0.0248819	0.0118468	0.133838	-0.445717	-0.153609	-0.0107747	0.21934	0.359358
0.097341	-0.0875885	0.0340391	-0.619791	0.293022	-0.879357	0.104294	0.152969	0.44975	0.455315
0.320905	-0.0878683	-0.0652363	-0.491284	0.129972	-1.2326	0.364706	0.134798	0.437452	0.489159
0.455355	-0.0552586	-0.377492	-0.292135	-0.21292	-1.16789	0.756295	-0.225644	0.762947	0.356751
0.657355	-0.0646027	0.163086	-0.131176	-0.127667	-1.08328	0.354031	-0.193674	0.742068	-0.316128
-0.0316011	-0.0453831	0.326368	0.0218704	-0.0688707	0.0294541	-0.262177	0.0180956	0.168805	-0.15656
-0.0695321	-0.0344198	0.224204	-0.000497724	-0.0318615	0.18473	-0.295155	0.0426557	0.0319949	-0.0521184
-0.000375132	0.00449122	0.0234263	-0.00011617	-0.0110196	-0.00456032	-0.0159324	0.0198292	-0.0139517	-0.00179147
-6.46966e-09	6.01297e-05	-7.27475e-06	-2.03079e-05	-1.90621e-07	-1.95554e-06	-1.45205e-06	-1.14683e-05	-6.03565e-06	-1.14383e-05
0.000703811	-4.31198e-05	-3.81369e-05	-0.00163752	-0.0315273	-0.00266761	-0.000328903	0.0598592	-0.000256696	-0.0240637
-0.00219518	-0.00125851	-0.000852605	-0.00573126	-0.105504	-0.00579832	-0.000549142	0.269005	-0.00251472	-0.144601
-0.00579223	0.0130638	-0.211564	0.0274074	-0.171967	-0.000179291	-0.0583436	0.482001	0.0553242	-0.129949
0.0424433	0.0380612	-0.611937	-0.227704	-0.174417	0.104717	-0.104096	0.307303	-0.0749342	0.700573
-0.0118241	-0.0530725	-0.870049	-0.249274	0.238827	0.209995	0.0949484	0.126643	0.0842701	0.429535
0.315506	-0.105671	-1.09958	-0.276687	0.472872	-0.116348	0.475853	0.210653	0.00114188	0.122263
0.326159	-0.168284	-0.838472	-0.334693	0.295999	0.167012	0.043435	0.182969	0.0255356	0.300339
0.10917	0.0162946	-0.355934	-0.206854	0.324419	-0.0272368	0.0192885	-0.00536285	-0.0971874	0.223403
0.124422	-0.0879774	-0.283372	-0.0998487	0.390128	0.0429361	0.105783	-0.185236	0.0618865	-0.0687231
0.219826	-0.69219	-0.20438	-0.159566	0.486668	0.162117	0.279379	0.012394	-0.208149	0.103902
0.0456782	-0.724781	0.106812	-0.198075	0.622552	0.285234	-0.0357403	-0.23723	0.126037	0.00951033
0.108784	0.0276317	-0.0885077	0.121026	0.479517	0.490645	0.0772719	-1.15663	0.266581	-0.32632
-0.486062	0.251755	0.174557	0.409291	-0.28831	0.308463	0.0858617	-1.14051	0.584414	0.100538
-0.701373	0.612887	0.0375649	0.274458	-0.0236545	-0.0502761	-0.248319	-0.0724652	-0.107881	0.279062
-0.879603	0.404879	-0.273716	-0.260783	0.470996	-0.252805	0.0394954	0.0342226	0.409714	0.307607
-0.612502	0.149927	-0.266503	0.0878985	0.245913	-0.453955	0.0475341	0.211874	0.099082	0.490731
-0.212039	0.404987	-0.0594254	0.0432888	0.180307	-0.195679	-0.306673	0.0530263	-0.166797	0.259009
-0.0517359	-0.240186	-0.250843	0.227489	0.230922	-0.112947	-0.144203	0.0767821	0.0404463	0.224277
-0.0688783	-0.327388	-0.238118	0.0360776	0.0779639	0.063953	0.147984	-0.211551	0.0459499	0.474007
-0.356258	-0.193673	-0.221905	-0.51136	0.334894	0.0276022	-0.0900894	0.313302	0.310262	0.387227
-0.0909066	-0.129035	0.0412855	-0.553138	0.38063	-0.295709	0.28152	0.173323	-0.170103	0.362134
0.238496	-0.141191	-0.032908	-0.691069	0.337335	-0.357188	0.41482	-0.0690114	0.065657	0.235059
0.458956	-0.131781	-0.0974042	-0.305468	-0.0406705	-0.789579	0.870638	-0.0704626	0.358195	-0.252422
0.497685	-0.122901	0.586833	-0.0912043	-0.256372	-0.887219	0.43139	0.0390551	0.280658	-0.47791
0.112821	-0.0792613	0.683496	0.00261485	0.0163786	-0.251973	-0.337616	0.0463585	0.0544764	-0.247294
-0.0201442	-0.0406367	0.502067	-0.0015549	-0.0219581	-0.0144511	-0.29418	0.00334539	-0.034999	-0.0774882
-0.00293855	-0.000694893	0.150442	-0.00398957	-0.0372083	-0.0403384	-0.0491676	-0.0108079	-0.00291513	-0.00238121
-4.22188e-05	-1.29885e-06	-2.76756e-05	-0.00224932	-0.000139183	0.0101725	-0.000144004	-6.8639e-05	-0.000284936	-0.00721525
-5.67653e-05	-1.29063e-05	-0.015567	0.0165162	-0.0171149	-0.00124106	-1.41163e-05	0.031395	-0.000897781	-0.0130067
-0.000762715	0.0015475	-0.0104719	0.00879677	-0.0432708	-0.00195948	-5.67672e-05	0.145303	-0.00133282	-0.0977924
-0.0878686	0.0251519	-0.177139	0.0325746	-0.0125095	0.0324166	-0.027542	0.238583	-0.00922167	-0.0144433
-0.0250831	0.0397523	-0.404227	-0.127134	0.398868	0.0805943	-0.294399	0.142667	-0.179728	0.368699
0.287532	-0.0699956	-0.660286	-0.364873	0.544373	-0.0312366	0.0455829	0.175507	0.0105816	0.0628156
0.174723	-0.131149	-0.244541	-0.442682	0.302418	-0.0832494	0.272395	-0.0613506	-0.0852934	0.29873
0.526019	-0.189316	0.087025	-0.365376	0.39273	-0.0315272	-0.0305737	-0.0240193	-0.519989	0.155028
0.236389	0.0041224	-0.107345	-0.176926	0.316428	0.0944021	0.132444	-0.147052	-0.346987	-0.0054767
0.319562	-0.236222	-0.122623	-0.0778798	0.258999	0.117348	0.355747	-0.351661	-0.295035	0.0317607
-0.031075	-0.712453	0.0616297	-0.0875684	0.26474	0.309176	0.334127	-0.152478	-0.0173644	0.0312679
0.14023	-0.664973	0.0931785	-0.219932	0.365426	-0.0193148	0.485445	-0.539726	0.344983	0.0146848
0.23978	0.0912252	-0.0980659	0.237939	0.313424	0.0405739	0.147891	-1.08745	0.255028	-0.140343
-0.244298	0.265823	0.263445	0.00503769	-0.278584	0.0247699	-0.0906707	-0.601043	0.526384	0.129137
-0.764811	0.579617	0.0813472	0.164295	0.0583435	-0.0349212	-0.191682	-0.153484	0.207953	0.0533454
-0.696966	0.442185	-0.182842	0.0100853	0.202232	-0.0850585	0.0570816	-0.0924581	0.154705	0.191038
-0.787044	0.264273	-0.0259613	-0.0395574	0.386882	-0.331133	0.250331	0.0161684	-0.082215	0.348257
-0.148801	-0.16507	-0.300913	0.0853375	0.581382	-0.3591	-0.358471	0.296378	0.0692054	0.300055
-0.0728915	-0.640914	0.156097	0.0187426	0.222305	-0.195053	-0.101857	0.492575	-0.108441	0.229438
-0.195454	-0.495655	-0.0710618	-0.174634	0.412114	-0.304762	0.000708698	0.748717	0.0611699	0.018857
0.0300662	-0.286902	0.0966029	-0.323555	0.21238	0.0106286	-0.16141	0.369956	-0.196284	0.248517
0.206963	-0.193764	-0.132458	0.00735562	0.0544882	-0.138707	0.120165	0.0408137	-0.144666	0.179807
0.120767	-0.137513	-0.0970169	-0.303438	0.182454	0.098517	0.333336	0.306346	-0.432534	-0.0709178
0.393745	-0.100896	0.197348	-0.195629	-0.0434337	-0.0492323	0.420843	0.335741	-0.392204	-0.566279
0.549707	-0.0524473	0.409666	-0.0137913	-0.241098	-0.248314	0.290061	0.0396102	-0.212683	-0.520704
0.0856535	-0.0417516	0.630865	-0.0285175	-0.084352	-0.316458	-0.0974804	-0.0790919	0.078992	-0.147855
-0.00982735	-0.00607993	0.418016	-0.0170453	-0.0924091	-0.042755	-0.213358	-0.00865795	-0.00998987	-0.0178942
-0.000271059	-3.15779e-05	0.0147746	-0.0028604	-0.00405026	-0.00177076	-0.00510466	-0.000131679	-0.000508194	-4.60589e-05
-1.61668e-05	-5.17414e-07	-9.10924e-06	-0.000738788	-5.56653e-05	0.00326591	-4.76945e-05	8.24631e-05	-9.81301e-05	-0.0023823
-5.9632e-05	-7.4268e-06	-0.0333868	0.0368146	-2.75691e-05	-0.00139191	-6.76509e-06	-5.79944e-05	-0.00183958	-3.69814e-05
-0.00172013	0.00972285	-0.0179363	0.039793	0.0218909	-0.00722084	-0.000300648	0.0335459	-0.00245574	-0.075319
-0.107357	0.00493345	0.0256471	0.0252732	0.0913325	-0.0322569	-0.0886894	0.110419	-0.0147561	-0.0145452
0.151582	-0.00596169	0.104932	0.0562458	0.266735	-0.0489791	-0.459004	0.0110451	-0.173843	0.0972548
0.425722	-0.12811	0.318266	-0.069727	0.195223	-0.282353	-0.0754304	-0.1056	-0.314288	0.0363017
-0.0916635	-0.226012	0.386136	-0.0309003	0.207323	-0.108906	0.217496	-0.0841925	-0.308623	0.0393422
0.404849	-0.168562	-0.0628044	-0.26325	0.386142	-0.207649	0.262902	-0.168272	-0.258682	0.0753234
0.304159	-0.0673837	-0.127962	-0.331749	0.321556	0.0832661	0.210262	-0.356411	-0.147999	0.112261
0.331198	-0.333793	0.00940737	-0.2727	0.39486	0.205169	0.135375	-0.368132	-0.0305824	-0.0707984
0.374517	-0.530171	0.00356261	-0.197836	0.332923	0.0821854	0.244899	-0.191257	-0.148736	0.0299169
0.0502408	-0.195498	-0.112943	-0.0569316	0.412979	0.0383847	0.424962	-0.55891	-0.0674175	0.0651314
-0.0782806	0.244789	-0.0806203	0.0682617	0.172458	0.138071	0.241582	-0.742734	0.166646	-0.130171
-0.599416	0.46068	0.232189	0.0513649	-0.270527	-0.00916903	0.142131	-0.263714	0.393191	-0.136728
-0.91077	0.71172	0.116823	0.228587	0.0756511	-0.308626	0.256593	-0.388016	0.463374	-0.245334
-0.661519	0.0343523	0.0536956	0.191197	0.225574	-0.228387	0.0259924	0.162106	0.0211401	0.175853
-0.489065	0.359785	0.0171426	-0.056229	0.550629	-0.125687	-0.0654913	-0.276947	-0.127776	0.213643
-0.262866	-0.582963	-0.172213	-0.0524244	0.549822	-0.278305	-0.0208636	0.629419	-0.208688	0.399082
-0.0421856	-0.6313	-0.196493	-0.229952	0.168933	0.31949	-0.091219	0.578851	0.0110567	0.112821
-0.0602065	-0.56247	0.002096	0.0906497	0.281647	0.00239019	-0.0131398	0.254113	-0.0987263	0.103646
0.244199	-0.396954	-0.325577	0.390976	-0.12273	-0.122155	0.117386	0.384444	-0.291361	0.121768
0.0653424	-0.207988	-0.195392	0.260457	-0.0680105	0.00209712	0.173187	0.336434	-0.265996	-0.10013
0.152174	-0.167971	-0.389084	0.260898	0.283876	-0.131231	-0.055521	0.469583	-0.185912	-0.236812
0.357249	-0.112716	-0.0815911	0.29886	-0.083863	0.121643	0.123227	0.187833	-0.355144	-0.455497
0.427014	-0.0642153	0.620628	0.171253	-0.541016	0.097423	0.204808	-0.0734035	-0.386815	-0.455667
0.0180998	-0.0333929	0.679396	-0.0712608	-0.205819	-0.187001	0.119199	-0.192991	0.0286651	-0.154889
-0.0169957	-0.0114122	0.404113	-0.0226951	0.0390843	-0.069176	-0.200951	-0.0350064	-0.0272623	-0.0596984
-0.00238454	-0.00132102	0.0658881	-0.00086382	-0.00716456	-0.0295989	-0.0157479	-0.000717252	-0.00373634	-0.0043537
-1.33882e-05	-5.26433e-07	-2.70332e-07	-1.30505e-05	-5.76688e-05	-0.000370994	-3.10153e-06	0.000599644	-2.76135e-05	-0.000113032
-4.9859e-05	2.92958e-05	-0.0164333	0.0205137	-1.71302e-05	-0.000779967	-2.58156e-05	-0.00129508	-0.000956368	-0.000985523
-0.00574701	0.00785192	-0.00128966	0.0959452	-0.0111632	-0.0285606	-0.00164715	-0.00620045	-0.00583846	-0.0433507
-0.0714287	-0.00381342	0.324822	0.151737	-0.0887213	-0.0151986	-0.138509	-0.0868717	-0.00801576	-0.0639989
0.217925	-0.0204968	0.397776	0.372147	-0.249921	-0.0615952	-0.464003	-0.0523677	-0.216877	0.0774218
0.507782	-0.165246	0.212288	0.194546	-0.170594	-0.109494	0.0906422	-0.190093	-0.388654	0.0188245
0.232211	-0.355759	0.418001	-0.106408	0.0583133	-0.106994	0.330018	-0.0630417	-0.19959	-0.206746
0.163467	-0.322212	0.0760009	-0.289571	0.407748	-0.527702	0.395788	0.146538	0.0497472	-0.0998025
0.337274	-0.231996	-0.189135	-0.49556	0.38834	-0.240608	0.26307	-0.134608	0.045183	0.25804
0.307286	-0.0543052	0.192208	-0.0678723	0.180697	-0.425736	0.320935	-0.177844	-0.00325353	-0.272116
0.23828	-0.134972	0.152982	-0.150693	-0.112326	-0.0774562	0.376237	-0.537386	0.205967	0.0393684
0.14095	-0.139746	0.198975	-0.0218981	-0.109638	-0.154683	0.809564	-0.865194	0.0197239	0.121944
-0.266869	-0.241391	0.253158	0.0276847	0.077031	-0.00561089	-0.0509062	-0.216	0.52687	-0.103968
-0.862092	0.439957	0.442844	0.365941	-0.0235348	-0.0517935	-0.00594668	-0.139359	0.122515	-0.288531
-0.667803	0.720203	0.151848	0.00861648	0.378799	-0.32026	0.18513	-0.517059	0.0972875	-0.0367605
-0.371107	-0.133619	-0.143595	-0.174739	0.572986	-0.109513	0.124521	0.197284	0.0786158	-0.0408331
-0.284219	0.0430644	0.209974	-0.421891	0.417391	-0.26795	-0.0135046	0.0211146	0.10484	0.191181
0.00249981	-0.916404	0.451943	-0.0779311	0.305009	-0.162036	-0.241471	0.338608	0.058369	0.241415
0.00936743	-0.646343	0.0553981	0.357351	0.199203	-0.214311	0.130679	0.101285	-0.162629	0.17
0.0220526	-0.47805	0.0191756	0.365639	0.107157	0.0811056	0.242864	0.296359	-0.500378	-0.155921
0.263798	-0.297641	-0.156332	0.178973	0.309283	0.151247	-0.0197434	0.18473	-0.528272	-0.0860424
0.146502	-0.183768	0.401939	0.067788	0.192236	-0.0502778	0.0728925	0.270788	-0.540851	-0.377252
0.170908	-0.187432	0.269559	0.298885	-0.116142	0.225492	-0.118863	-0.0594677	-0.372459	-0.110479
0.172653	-0.168876	0.267419	0.52799	-0.264389	0.186386	-0.0586623	-0.151087	-0.00561175	-0.50582
0.0735765	-0.0540118	0.612004	0.408001	-0.368988	-0.0158661	0.164612	-0.153784	-0.238259	-0.427277
-0.103969	-0.0819868	1.08982	-0.129669	-0.168695	-0.182012	0.0413473	-0.184989	-0.130011	-0.14983
-0.0497568	-0.0417104	0.642936	-0.0244043	-0.116678	-0.115013	-0.166074	-0.028542	-0.0626988	-0.0380585
-0.00131783	-0.00101093	0.105834	-0.00143662	-0.00502316	-0.0537314	-0.0369961	-0.00186637	-0.0039145	-0.000537502
0.0	0.0	0.0	0.0	0.0	0.0	0.0	0.0	0.0	0.0
-6.38903e-05	0.000435301	-0.00632028	0.00771588	-1.27027e-05	-0.000580362	-2.51946e-05	-9.5579e-05	-0.000794379	-0.000258781
-0.0192827	-0.000179245	0.0619575	0.0810974	0.00161717	-0.0442846	-0.00332046	-0.00363543	-0.00586973	-0.0680998
-0.0575419	-0.00803445	0.309569	0.381178	-0.267558	0.0300978	-0.124508	-0.0885549	-0.04068	-0.133961
0.146971	-0.0416764	0.456835	0.448843	-0.159134	0.0948041	-0.509951	-0.00288819	-0.184481	-0.249316
0.378782	-0.31018	0.322992	0.0838675	-0.208218	0.302254	-0.0097825	-0.0405924	-0.278661	-0.240459
0.309965	-0.512415	0.26699	-0.0454774	-0.0609295	0.509559	0.108106	-0.236182	-0.0998613	-0.23975
0.227322	-0.437103	0.17238	-0.0066161	0.195213	-0.297018	0.185542	-0.313938	0.151355	0.122862
0.0384248	-0.228224	0.123142	-0.254715	0.266577	-0.304239	0.323033	-0.211364	0.0883216	0.159041
0.277439	-0.14596	0.16569	-0.614198	0.131168	-0.225427	0.368458	-0.23657	0.361908	-0.0825077
0.442686	0.0925158	0.424794	-0.624955	0.0312299	-0.391076	0.627063	-0.683642	-0.0248741	0.106258
0.1189	-0.169849	0.306249	-0.445387	-0.059977	-0.305911	0.57729	-0.276889	0.304099	-0.0485229
-0.0817509	0.111862	0.373096	-0.296579	-0.0335339	-0.526421	0.0590412	-0.00215337	0.301721	0.0947169
-0.668658	0.499112	0.30313	-0.240427	0.190647	-0.481493	0.119156	0.0490745	0.248711	-0.0192532
-0.599175	0.573441	0.0237705	-0.416653	0.554525	-0.286743	0.132155	0.065575	0.134555	-0.181447
-0.32021	0.0147587	0.171498	-0.463318	0.339349	-0.0320943	0.0489848	0.0929195	-0.127698	0.275811
-0.0533895	-0.380536	0.0550577	0.0479001	0.285582	0.0251011	-0.0942956	-0.14058	0.232696	0.0224677
0.165935	-0.741864	-0.215275	0.284312	0.269486	0.25401	0.0790843	-0.0423007	-0.113906	0.0605227
-0.0768566	-0.354846	0.0579621	0.00757184	0.3408	0.320055	0.160896	0.100785	-0.45959	-0.0967782
0.0986837	-0.227725	0.0664063	0.329977	-0.2147	0.10394	0.175323	-0.128706	-0.0105153	-0.192686
0.197842	-0.172595	-0.0608599	0.0181509	0.0449688	0.0382575	0.0129215	0.0869696	-0.0306593	-0.134996
-0.0840639	-0.105507	0.0722397	0.0430405	0.162523	0.0283052	0.133423	0.0200763	-0.0600149	-0.210024
0.207822	-0.0189463	0.133293	0.296997	-0.190458	-0.0662387	0.101433	0.0315921	-0.191352	-0.304141
0.0673883	-0.0532938	-0.0650163	0.48811	-0.246316	0.155526	0.0629734	-0.110405	0.215049	-0.514011
-0.00248251	-0.0180712	0.51752	-0.0868634	-0.34152	0.0574861	0.16487	0.0920401	0.0497194	-0.432693
-0.0365914	-0.119204	1.16508	-0.242265	-0.261669	-0.228419	0.0465716	0.0400575	-0.268121	-0.0954293
-0.0215887	-0.00773203	0.312421	-0.021846	-0.06442	-0.0462188	-0.108248	0.0304478	-0.0541491	-0.0186663
0.032022	-0.00142201	0.0328674	-0.00109111	-0.0338134	-0.00819118	-0.0131226	-0.00455678	-0.000893221	-0.00179908
-3.78346e-05	-1.73806e-05	-2.10738e-05	-0.000694005	-0.00713978	-0.000328762	-5.27973e-06	0.00709148	-0.000246027	0.00139866
-1.41439e-05	0.000106082	-0.000271833	0.000651771	-2.42208e-06	-0.000286787	-5.72919e-06	-1.829e-06	-0.000119693	-5.5414e-05
-0.0151406	-0.000693648	0.00188837	0.0735485	-0.00446757	-0.0272133	-0.00246567	0.018299	-0.00512146	-0.0386336
-0.113115	-0.00950731	0.150679	0.579156	-0.1591	0.015537	-0.0832366	-0.0330015	-0.13748	-0.209925
0.0647525	-0.0966685	0.522457	0.295512	-0.0314962	0.358495	-0.394346	-0.0984732	-0.296541	-0.323681
0.0468634	-0.382322	0.648023	0.308966	-0.0697257	0.301331	-0.308512	-0.0917853	-0.0778701	-0.374967
0.0773598	-0.707005	0.18378	0.212367	-0.0742164	0.583863	0.0400387	-0.397911	0.13913	-0.057404
0.0324776	-0.466594	0.448605	-0.185425	0.0877953	0.199056	0.224627	-0.340324	0.0221717	-0.0223912
0.279534	-0.0656468	0.0329764	-0.116557	0.144887	0.000422418	0.107867	-0.287991	0.05298	-0.148472
0.334944	-0.00488777	-0.0534128	-0.420291	0.14344	-0.235473	0.362974	-0.324111	0.269086	-0.0722706
0.391388	-0.214765	0.263228	-0.433208	-0.269892	-0.184592	0.232756	-0.371912	0.259089	0.327909
0.0991725	-0.181954	0.125801	-0.404188	-0.0419458	-0.101193	0.0871915	-0.0985464	0.319091	0.196571
-0.307896	-0.0101217	0.343998	-0.565307	0.226081	-0.111446	0.726649	-0.21638	0.254099	-0.339677
-0.647774	0.0739559	0.31837	-0.343242	0.370143	-0.105415	0.435867	0.0965151	0.0950529	-0.29347
-0.463887	0.241649	0.129964	-0.263546	0.313191	0.019951	-0.00419851	-0.120732	-0.0761359	0.223748
-0.14411	-0.314982	-0.0440415	0.228267	0.157413	-0.0258768	0.0840082	-0.100554	-0.0131584	0.173038
0.00463754	-0.528533	0.158513	0.422921	0.330187	-0.0153541	0.221851	-0.203236	-0.259567	-0.131418
-0.00990628	-0.138117	0.342709	0.103748	-0.209407	0.18363	0.256329	-0.103422	-0.306237	-0.119324
-0.0194345	0.0936599	0.100372	0.0850564	-0.0586227	-0.163076	0.249136	-0.075938	-0.0663185	-0.144835
-0.0972474	0.00631385	0.149028	0.137979	-0.154226	0.12135	-0.0253989	-0.0115816	-0.0446513	-0.0815654
-0.262604	0.0828336	-0.0232073	0.126215	0.0138616	0.0262349	-0.0421953	0.00436374	0.0632151	0.0112809
-0.11191	0.0203883	0.146333	0.378314	0.0792508	9.61588e-05	0.0507085	-0.108	-0.247892	-0.207289
0.281664	-0.0597474	0.123832	0.468411	-0.39104	0.108435	0.00634384	-0.202064	0.000123183	-0.335956
0.134151	-0.0644905	0.490996	0.193118	-0.264406	0.207141	0.0876383	-0.478031	0.197846	-0.503958
-0.030849	0.0372451	0.877801	-0.286521	-0.277904	0.230556	0.0845078	-0.250102	-0.0299924	-0.354734
-0.0356425	0.0467613	0.78885	-0.146607	-0.246024	-0.135726	0.066432	-0.0158141	-0.23364	-0.0885889
-0.011879	0.0215222	0.0944727	-0.0172868	-0.0197116	-0.0347655	-0.0333046	0.035686	-0.0303126	-0.00442071
-0.00780773	-1.00282e-05	0.0459639	-0.00025798	-3.74826e-05	-0.0188487	-0.0180542	-2.05577e-05	-0.000431226	-0.000496004
-2.04302e-09	7.85492e-05	-5.20075e-05	-4.93575e-06	-1.30802e-08	-1.24201e-07	-2.96224e-07	-7.80667e-07	-1.99985e-05	-3.91158e-07
0.00797646	0.000403529	-0.00283276	-0.000173342	-0.012843	-0.000788735	-0.000775909	0.0265203	-0.00104977	-0.0164368
-0.006147	-0.000831575	0.000445213	0.0535611	-0.00275662	-0.0225811	-0.00298564	0.0190439	-0.00943919	-0.028309
-0.085619	-0.0121057	-0.0407557	0.589592	0.0523558	0.0223612	-0.0851463	-0.0880214	-0.190032	-0.162625
-0.0141471	-0.163182	0.307071	0.328917	-0.0564974	0.400138	-0.223668	-0.0557924	-0.249942	-0.272889
0.057325	-0.564288	0.162355	0.463998	0.106043	0.262016	-0.229222	-0.167488	0.148496	-0.239233
0.199423	-0.342596	0.0579581	0.0558488	-0.00842378	0.385799	-0.00788179	-0.332366	0.115938	-0.123698
0.183063	0.0573126	0.361315	-0.119894	-0.0514388	0.0724609	0.14713	-0.486731	-0.117121	-0.0460986
0.224875	-0.0237629	0.195919	-0.0961452	-0.252829	0.325177	-0.0523389	-0.260644	0.0853512	-0.145602
0.0915203	0.088609	0.318078	-0.0470137	-0.449555	0.0475501	0.333742	-0.308861	0.283077	-0.357151
0.261177	-0.13704	0.403303	-0.0734784	-0.508221	0.0693791	0.460362	-0.576476	0.283022	-0.182028
0.354938	-0.1248	0.18696	-0.230762	-0.103013	0.0420444	0.699617	-0.284409	-0.192082	-0.348491
0.248991	-0.116986	0.182106	-0.226342	-0.541972	0.0497555	0.593421	-0.123084	0.050947	-0.116836
-0.17758	0.231565	0.466743	-0.0961703	-0.195621	0.0645995	0.176451	-0.123953	-0.114618	-0.231413
-0.292337	-0.162057	0.100228	0.00168308	0.260882	-0.0517176	0.378812	0.174418	-0.12915	-0.280761
-0.180325	0.0259956	0.266167	0.00403078	-0.0164494	0.0919782	0.287131	-0.165535	-0.0727075	-0.240284
-0.200212	0.238999	0.313879	0.13784	-0.0489451	-0.103845	0.259267	-0.412233	-0.0318725	-0.152874
0.0462566	-0.0544292	0.329127	0.314992	-0.184875	-0.158371	0.222939	-0.332804	0.0839883	-0.266824
-0.00515628	0.100758	0.13899	0.21204	-0.166037	0.030666	0.0773015	-0.435121	0.196604	-0.150045
-0.159209	0.185069	-0.0883885	0.192438	-0.26301	-0.0318333	0.146007	-0.0529131	0.0535674	0.0182745
-0.0190204	0.079155	0.145378	0.0111709	-0.226434	0.2226	0.026473	-0.250302	4.30453e-05	0.0109341
0.0904274	0.0137457	0.243234	0.326532	-0.0425549	0.150081	0.172776	-0.488883	-0.166653	-0.298704
0.330782	-0.0480551	0.384924	0.118295	-0.552303	0.114296	0.21913	-0.521534	0.29173	-0.337261
0.0526069	-0.0106602	0.33294	0.195761	-0.391653	0.268401	0.0981061	-0.530923	0.244866	-0.259435
0.0332726	0.0952105	0.392289	-0.142736	-0.273115	0.275007	-0.00456091	-0.130935	-0.0782638	-0.16616
-0.05788	0.108254	0.630437	-0.0770761	-0.133368	-0.0285777	-0.124094	-0.042687	-0.217029	-0.0579766
-0.0128472	0.0209854	0.200548	-0.0120102	-0.00297712	-0.0645429	-0.0722595	-0.00322185	-0.0342855	-0.0193888
-0.00258878	6.39501e-05	0.0202919	-0.000128812	-2.10648e-07	-0.00577914	-0.0117318	-5.85906e-07	-0.000126264	-2.92497e-07
0.0	0.0	0.0	0.0	0.0	0.0	0.0	0.0	0.0	0.0
0.0200919	-5.17548e-05	-0.00637241	-0.000631818	-0.000120629	-0.000866139	-0.00194644	-0.000227396	-0.00220388	-0.00767144
-0.00939688	-0.00733443	0.0491913	0.0329078	0.00374989	-0.00928803	-0.00306248	-0.0126954	-0.0179746	-0.0260972
-0.0786098	-0.0283051	0.133156	0.467745	-0.0143473	0.0577694	-0.0619012	-0.136719	-0.188483	-0.150302
0.06238	-0.0945846	0.382456	0.481946	-0.0908918	0.117592	-0.21202	-0.288381	-0.209747	-0.148744
0.270609	-0.434991	0.313323	0.23234	-0.216337	0.465869	-0.271152	-0.333199	-0.0737234	0.0472634
0.213265	-0.0574572	0.277137	0.429174	-0.236794	0.26851	-0.192246	-0.490114	0.0150542	-0.226533
0.157643	0.0392888	0.650654	0.189692	-0.481647	-0.145175	0.242035	-0.521426	0.376174	-0.507237
0.223139	0.256719	0.302748	0.174656	-0.603879	0.262673	-0.100369	-0.294282	0.0694407	-0.290846
0.221874	0.137993	0.277284	0.334824	-0.408085	0.223057	0.289303	-0.412245	-0.128903	-0.535102
0.293485	0.235183	0.290378	-0.0530053	-0.447325	-0.0256585	0.549415	-0.353794	0.168652	-0.657332
0.397416	0.27933	0.411852	-0.171213	-0.14968	0.132036	0.355649	-0.357751	-0.19364	-0.703999
0.483262	0.164338	0.238667	-0.497598	-0.214492	0.0446845	0.557522	-0.127565	0.0345109	-0.683326
0.176226	-0.104273	0.0555404	-0.0868655	-0.397001	0.108313	0.21957	0.0250307	0.168747	-0.165288
-0.00528122	-0.0247005	-0.0637012	0.115667	-0.109265	-0.131312	0.738563	0.0682324	-0.309217	-0.278982
0.0015032	-0.0304776	0.0900998	-0.0944955	-0.0270598	0.0245544	0.388318	-0.267911	0.159794	-0.244324
-0.113554	0.323131	0.0569917	0.104455	0.160776	0.133655	0.159623	-0.443572	-0.277998	-0.103506
0.0138734	0.320357	-0.137788	0.194076	0.0933128	0.206963	0.063572	-0.568797	-0.0447504	-0.140815
-0.083344	0.411806	0.129789	0.32162	-0.0572025	0.170629	0.291777	-0.835808	-0.023253	-0.326012
-0.0861029	0.404613	0.296549	0.12833	-0.308936	0.14277	0.0249171	-0.487261	-0.0237878	-0.0910897
-0.0590833	0.214043	0.240113	0.322008	-0.201156	-0.0525216	0.269828	-0.698088	0.179014	-0.214157
0.0892555	0.0318665	0.35564	0.131307	-0.0775702	0.130883	0.0771165	-0.676164	0.310478	-0.372809
0.177047	-0.0419395	0.309661	0.0316664	-0.339303	0.531057	-0.106481	-0.606219	0.322796	-0.27828
-0.0730477	-0.0448625	0.286647	0.135434	-0.328099	0.193325	0.0512333	-0.336925	0.193938	-0.0776354
-0.0285932	-0.00957878	0.510125	-0.102518	-0.186368	0.115489	-0.080195	-0.0678948	-0.199426	0.0489645
-0.049664	0.01999	0.283262	-0.0453064	-0.140501	0.12118	-0.0552926	-0.0575188	-0.136462	0.0603137
-0.00182526	0.0219787	0.0538119	-0.00300779	-0.000838131	-0.00902954	-0.0142824	-0.00206327	-0.0306493	-0.014095
-2.12066e-05	0.000250206	-0.000201769	-4.97393e-05	-4.36177e-05	0.00051309	-5.043e-06	-3.24102e-05	-0.000376072	-3.34394e-05
-2.2351e-08	0.000146436	-6.83476e-05	-2.53883e-05	-4.94602e-07	-8.11574e-07	-8.56486e-07	-9.08422e-06	-3.93669e-05	-2.06404e-06
-5.95092e-05	1.8401e-05	0.000245682	0.000908144	-3.59586e-06	-0.000399576	-3.38072e-05	-0.000265236	-0.000135483	-0.000275021
-0.0296297	-0.0121874	0.101367	0.0755055	-0.000561093	-0.0234402	-0.00229302	-0.0687369	-0.018647	-0.0213769
-0.053885	-0.0119585	0.225134	0.314672	-0.0769089	0.0789078	-0.0444095	-0.189906	-0.126789	-0.114852
-0.07024	0.108969	0.230292	0.267433	-0.125137	0.302123	-0.203451	-0.32264	-0.0473423	-0.139997
0.163115	0.444368	0.17123	-0.0356643	-0.120755	0.137698	-0.30504	-0.373989	-0.0634568	-0.0175046
0.158917	0.325836	0.183493	0.260936	-0.419445	0.212504	-0.394203	-0.469008	0.265958	-0.124989
0.125077	0.126469	0.19997	0.231752	-0.461341	0.346131	-0.0457458	-0.527146	0.304707	-0.299876
-0.100359	0.229908	-0.0685887	0.218461	-0.0259171	0.12351	0.204796	-0.269666	-0.0780122	-0.234135
0.0537267	0.0572608	0.252631	-0.31647	-0.114023	0.142951	0.234394	-0.397435	0.261938	-0.174975
0.252748	0.33921	0.120879	-0.136494	-0.226353	0.0475942	0.225404	-0.188198	-0.183973	-0.250816
0.369078	-0.106993	0.0974279	-0.131135	-0.0286087	0.246638	0.302363	-0.26085	-0.0460546	-0.441864
0.356079	-0.130609	-0.0800618	-0.0398683	-0.0676381	0.095152	0.62849	-0.0972188	-0.272362	-0.391964
0.119166	-0.191579	0.176261	0.00768072	-0.228511	0.0856394	0.61375	-0.252311	0.0683542	-0.398451
-0.0341676	0.188175	0.172748	-0.0975668	-0.171347	0.153848	0.670538	-0.374083	-0.0991814	-0.40896
0.00259284	0.094001	-0.0192	0.0539269	0.137419	0.0912615	0.273502	-0.158675	-0.0927625	-0.382065
0.029228	-0.054538	0.183338	0.123691	-0.135579	-0.0546173	0.290888	-0.0195481	-0.170839	-0.192021
-0.213395	0.0273147	0.355862	-0.048512	0.0492723	0.13482	0.424369	-0.372286	0.0510309	-0.408475
-0.217855	0.441289	0.349424	0.205959	-0.178074	-0.00535264	0.299021	-0.438112	-0.0450252	-0.411278
-0.29771	0.288761	0.479614	0.334814	-0.0239088	-0.0769484	0.132716	-0.464378	-0.0435133	-0.329448
-0.130846	0.430971	0.0228089	-0.0135657	-0.0451535	0.244474	0.0769437	-0.531828	0.174924	-0.228726
0.0260799	0.263344	0.156345	-0.134017	-0.00174947	0.444477	-0.0501751	-0.645119	0.0320385	-0.0912211
0.0537582	-0.209621	0.377219	-0.0345961	-0.120311	0.47295	0.0721479	-0.58235	0.217552	-0.246741
0.0222434	-0.150513	0.549746	-0.163418	-0.0666543	0.255621	-0.0379716	-0.351134	-0.0214837	-0.0364296
-0.0615008	0.029158	0.396881	-0.167855	-0.132503	0.177021	-0.0434409	-0.0591196	-0.272215	0.133577
-0.0301326	0.00405597	0.171814	-0.0351747	-0.125715	0.173267	-0.0515346	-0.0277304	-0.0912393	0.0123906
0.0309947	-0.000389519	0.0169696	-0.00480699	-0.00281063	0.00467103	-0.00442223	-0.00315638	-0.00946113	-0.0275885
5.89168e-06	-4.49165e-11	-1.29966e-06	-3.28976e-07	-4.03618e-09	-1.60428e-06	-2.41104e-07	-7.73743e-09	-2.38677e-06	-1.91009e-08
-2.16526e-08	0.00014186	-6.62117e-05	-2.45949e-05	-4.79146e-07	-7.86212e-07	-8.29721e-07	-8.80034e-06	-3.81367e-05	-1.99954e-06
-9.25563e-07	4.19734e-05	-2.28309e-05	3.26936e-05	-1.96274e-07	-1.28908e-05	-2.7113e-07	-1.51205e-05	-1.40736e-05	-8.35841e-06
-0.00539669	-0.0117948	0.0754932	0.0871553	-0.000421056	-0.015567	-0.000233812	-0.0924086	-0.0139564	-0.02287
-0.0688924	-0.01597	0.184463	0.262398	-0.0822985	0.0412785	-0.0207368	-0.202794	-0.0433397	-0.054105
-0.28941	0.160386	0.228692	0.19613	-0.12628	0.310296	-0.0960709	-0.252641	-0.0179434	-0.113151
-0.0445441	0.875543	0.184865	-0.00969551	-0.197512	-0.0628916	-0.204741	-0.128911	-0.0887174	-0.323391
0.0286951	0.534679	0.373583	0.187315	-0.254947	-0.231914	-0.396296	-0.14874	0.089051	-0.181425
0.0525927	0.0929964	0.346565	0.135984	-0.29253	-0.0185351	-0.259075	0.065246	0.142948	-0.266194
0.193305	0.0805204	0.373629	-0.0842825	-0.22731	0.066406	-0.124202	-0.0764575	-0.166813	-0.034797
0.173032	0.160085	0.31705	-0.015994	-0.30552	0.0392903	0.110195	-0.237391	-0.104856	-0.135893
0.160955	-0.0825662	0.0815497	0.00883264	-0.217846	-0.0694257	0.189653	-0.0837237	-0.0133016	0.0258718
0.189379	-0.402237	0.16852	0.16248	-0.151161	0.124037	0.0225891	-0.301343	0.186539	0.0011985
0.174956	-0.597119	0.143328	-0.0691053	-0.186135	0.146494	0.330841	-0.0139077	0.0675967	0.0030504
0.569612	-0.417901	0.0664609	-0.113089	-0.100292	0.267171	0.310557	-0.446087	0.107438	-0.243871
0.102201	-0.13673	-0.0440265	-0.100668	-0.205288	0.187913	0.00534174	-0.0959224	0.277064	0.010117
0.113748	0.032414	-0.111077	0.0904028	-0.196544	0.100717	0.270374	-0.0705111	0.100345	-0.329868
0.0166761	0.0102251	0.0475876	0.0316722	-0.142712	0.168642	0.177661	-0.0442472	-0.0453988	-0.220104
0.071628	0.255355	-0.0358159	0.149842	0.00858375	-0.0323805	0.0384134	-0.255816	0.114972	-0.314781
-0.12932	0.47774	0.1363	0.0384661	-0.0553511	0.153497	-0.0624239	-0.294416	0.0154335	-0.279927
-0.121434	0.300171	0.272468	0.184207	0.25085	0.144823	-0.0446975	-0.260287	-0.191456	-0.534646
-0.190812	0.323587	0.300237	0.165889	-0.00567632	0.127129	0.12146	-0.519325	-0.142957	-0.17953
-0.062932	0.0226812	0.220671	-0.0568389	0.317799	0.0455753	0.105505	-0.6396	0.145954	-0.0988115
0.0815044	-0.200055	0.382761	0.0793404	0.00810545	0.21152	-0.126025	-0.46416	0.00162866	0.0253857
0.0701305	-0.103659	0.260509	-0.074809	-0.119993	0.272006	-0.154242	-0.344589	0.0149021	0.179751
-0.0468175	-0.0121937	0.244834	-0.118035	-0.115772	0.183992	-0.0701172	-0.0560229	-0.120808	0.110943
-0.0215569	-0.00260882	0.0887169	-0.0310832	-0.0811838	0.106605	-0.0176769	-0.0252123	-0.0379321	0.0219329
0.00327118	0.00657458	-0.0319255	0.000214788	0.00473415	0.0319795	-0.000105602	-0.00141379	-0.005857	-0.00747228
1.08769e-05	-8.29228e-11	-2.39938e-06	-6.07341e-07	-7.4514e-09	-2.96174e-06	-4.45116e-07	-1.42845e-08	-4.40634e-06	-3.52632e-08
0.0	0.0	0.0	0.0	0.0	0.0	0.0	0.0	0.0	0.0
0.0	0.0	0.0	0.0	0.0	0.0	0.0	0.0	0.0	0.0
-0.000353564	-0.000211128	0.00207797	0.0943795	-0.000181106	-0.000478446	-3.07421e-05	-0.0690813	-0.00284425	-0.0232769
-0.0328391	-0.0659076	-0.0366887	0.307751	-0.0161378	0.0567187	-0.00193129	-0.159534	-0.0388499	-0.0125798
-0.209298	-0.0357818	-0.00186592	0.385817	-0.0660265	0.232929	-0.0169602	-0.0403154	-0.0828072	-0.165688
-0.220728	0.461179	-0.0664044	0.324172	-0.129295	0.237303	-0.0612711	0.0844867	-0.374519	-0.25492
-0.104389	0.395694	0.000718389	0.271835	-0.0698098	-0.0225631	-0.146307	0.2714	-0.355181	-0.241395
0.12281	0.0805292	0.126465	0.274806	-0.0527704	-0.234275	-0.293393	0.387695	-0.201854	-0.210013
0.187707	-0.0500781	0.185836	0.0158153	-0.0350568	0.122532	-0.299136	-0.377093	0.21958	0.0298928
0.299324	0.068109	0.209541	0.216737	-0.0419261	0.0519855	-0.309795	-0.173271	0.0270266	-0.347733
0.357598	-0.0673095	-0.014952	0.0990195	-0.0220753	0.333661	-0.414447	-0.144778	-0.114516	-0.0121976
0.343872	-0.0666139	0.238304	0.26207	-0.0112334	0.080998	-0.29484	-0.371222	-0.00857831	-0.172758
0.182944	0.258618	0.146858	-0.22815	-0.148579	0.136532	-0.0460753	-0.330355	0.127132	-0.0989266
0.256693	-0.0539892	-0.128837	0.193961	-0.0866475	-0.0896481	-0.0745429	-0.342213	0.454593	-0.129368
0.27413	-0.266783	-0.0392687	-0.171489	0.0231457	0.130427	0.0336481	-0.195925	0.194467	0.0176474
0.216489	0.14636	-0.0831595	-0.0534677	-0.066428	-0.0364297	-0.0172059	-0.0364647	0.176621	-0.246313
0.00489379	0.0574101	0.027324	-0.351322	0.188154	0.198338	-0.0901004	-0.216661	0.355294	-0.173332
0.0985975	0.284907	-0.0687337	0.0409177	-0.00636885	-0.0425625	-0.055192	-0.138803	0.0540477	-0.16681
-0.373981	-0.00692429	0.282538	0.323818	0.243019	-0.321516	0.0506447	-0.272541	0.17031	-0.095367
-0.40553	0.051293	0.485552	-0.0273399	0.18549	-0.0831971	0.0904731	-0.44416	0.181404	-0.0339875
-0.387981	-0.0803479	0.411106	0.0802102	0.204499	0.0776075	0.0435296	-0.57102	0.20678	0.0156225
-0.180101	-0.166451	0.50221	-0.0450072	0.260895	-0.0250104	-0.0448489	-0.586049	0.0625237	0.221848
-0.0639157	-0.141159	0.448145	-0.170007	-0.116909	0.0594071	-0.0521754	-0.383752	0.0270106	0.393363
-0.0538667	-0.118049	0.291677	-0.092242	-0.162675	0.165823	-0.0549895	-0.356139	0.0863757	0.294091
-0.0748449	-0.0309965	0.248158	-0.0462636	-0.112296	0.111747	-0.0387911	-0.101824	-0.0798448	0.124956
-0.0144643	0.000521752	0.0911987	-0.0283157	-0.00268505	0.0379551	-0.00926042	-0.0297196	-0.029597	-0.0156336
-1.97225e-05	0.0266946	-0.0221133	0.0124495	0.00491709	0.0187758	-0.000165462	-0.00111784	-0.0237921	-0.0156286
0.0	0.0	0.0	0.0	0.0	0.0	0.0	0.0	0.0	0.0
0.0	0.0	0.0	0.0	0.0	0.0	0.0	0.0	0.0	0.0
0.0	0.0	0.0	0.0	0.0	0.0	0.0	0.0	0.0	0.0
-0.00156511	-9.97775e-06	-0.0022044	0.0459645	-1.28576e-05	-0.000521041	-3.95357e-06	-0.0355867	-0.000153626	-0.00590684
-0.00260562	-0.04283	-0.0952205	0.191638	-0.000348648	0.0548427	-0.000158099	-0.0207959	-0.0681098	-0.016412
-0.0129104	-0.0797477	-0.155636	0.334478	-0.0253967	-0.00171607	-0.00311347	0.113905	-0.219135	0.0492754
-0.0966143	0.0463891	-0.286963	0.281292	-0.0252131	0.00755518	-0.0236161	0.432021	-0.410323	0.0754781
-0.142892	0.031787	-0.402881	0.537412	-0.0284602	-0.0355147	-0.0395872	0.462327	-0.436293	0.0541055
-0.203319	-0.08675	-0.360374	0.511909	-0.0293693	0.0606223	-0.0889308	0.283707	-0.258401	0.170906
-0.120743	-0.210547	-0.164372	0.160953	-0.0503177	0.149561	-0.171648	0.124571	0.195358	0.0871867
-0.0319841	-0.185638	-0.0136788	0.203203	0.0575624	0.412811	-0.253597	-0.0225161	0.0205362	-0.186698
-0.0034807	-0.261348	-0.156142	0.463086	0.0275788	0.140701	-0.346044	0.0523841	0.0275326	0.0557327
-0.0269951	-0.30087	-0.11235	0.389091	0.18514	0.1248	-0.500831	-0.0468419	0.406096	-0.117241
0.299072	-0.291309	0.11499	0.211796	-0.174902	0.208869	-0.426287	-0.0414381	0.311997	-0.212789
0.27838	-0.373249	0.00869955	0.326072	-0.200638	0.389748	-0.451996	0.151425	0.188709	-0.317152
0.169702	-0.382866	0.316171	0.334978	-0.105686	0.285328	-0.395515	-0.06924	0.285526	-0.438397
-0.0196148	-0.289537	0.0516235	0.160635	-0.113124	0.254399	-0.312259	-0.0654998	0.360054	-0.0266775
-0.0951819	-0.577391	0.0230859	0.289436	0.0670966	0.0710512	-0.139077	-0.121655	0.577649	-0.0950126
-0.150845	-0.163673	0.205445	0.186365	-0.151573	0.267897	-0.0901948	-0.0459116	-0.122419	0.0649096
-0.312517	-0.0121379	0.298165	-0.234411	-0.0309723	0.273745	-0.11024	-0.286597	0.33058	0.0843856
-0.379897	0.0205661	0.0210459	-0.147334	0.107159	0.0675922	-0.128682	-0.214373	0.567804	0.0861205
-0.372707	-0.0342907	0.0224519	-0.0381614	0.0725251	0.0809336	-0.0694659	-0.228447	0.162453	0.404714
-0.251989	-0.0387634	0.24497	-0.00449445	0.0806705	0.00609533	-0.0748713	-0.265516	-0.0490842	0.352988
-0.115436	-0.0897102	0.0747519	-0.0453435	0.0346145	0.206647	-0.0436736	-0.277326	-0.0525049	0.307983
-0.0490007	-0.0366395	0.143357	-0.0321118	-0.0291852	0.138095	-0.0176051	-0.322309	-0.0448638	0.250264
-0.00725948	-0.0184296	0.317514	-0.0411136	-0.0660416	0.0755814	-0.00373962	-0.1289	-0.0748029	-0.0528083
-0.000577851	0.00892431	0.17159	-0.00782081	0.0124513	-0.0378192	-0.000400031	-0.0533815	-0.0372354	-0.0557308
-4.26425e-07	0.00205624	0.0252125	-1.94048e-05	-0.00015958	-0.000659939	-4.16269e-05	-1.7587e-06	-0.00551114	-0.0208749
0.0	0.0	0.0	0.0	0.0	0.0	0.0	0.0	0.0	0.0
0.0	0.0	0.0	0.0	0.0	0.0	0.0	0.0	0.0	0.0
0.0	0.0	0.0	0.0	0.0	0.0	0.0	0.0	0.0	0.0
-2.7835e-05	-2.83343e-07	-6.03624e-05	0.00441143	-9.2027e-05	-9.92809e-06	-3.74481e-07	-0.00610961	-0.000341549	0.00223055
-0.00013086	-0.00429003	-0.0203549	-0.0398396	-7.45591e-05	0.0531911	-5.48084e-05	0.0244296	-0.00460078	-0.00827516
-0.00311662	-0.059276	-0.0633659	-0.0100418	0.00385288	0.0646469	-0.0009524	0.136553	-0.119633	0.0513333
-0.0217033	-0.12313	-0.0961569	0.126568	-0.0558012	-0.0115913	-0.00187891	0.0511047	-0.233975	0.366566
-0.106046	-0.152823	-0.0793261	0.351905	-0.157321	-0.017481	-0.00573327	-0.0312607	-0.159253	0.357343
-0.161128	-0.199012	-0.185311	0.602661	-0.24137	0.00850969	-0.0108317	0.0238933	-0.158486	0.321082
-0.241219	-0.180654	-0.382479	0.863921	-0.44005	0.00564866	-0.041475	0.317452	-0.262629	0.361493
-0.351611	-0.285998	-0.458066	0.827509	-0.298279	0.20089	-0.0591053	0.403073	-0.221298	0.24289
-0.502721	-0.608061	-0.376994	0.738691	-0.103099	0.226301	-0.0536265	0.228297	0.134726	0.316489
-0.512062	-0.502075	-0.383757	0.568096	-0.280156	0.35284	-0.0501742	0.494742	0.126165	0.186384
-0.661262	-0.304122	-0.235452	0.742506	-0.474865	0.332943	-0.0414686	0.379998	-0.0549141	0.316639
-0.604466	-0.359883	-0.140603	0.592469	-0.233583	0.342323	-0.113497	0.253601	-0.012301	0.275946
-0.577431	-0.412153	0.0174717	0.343704	-0.227453	0.0948862	-0.11235	0.228325	0.212046	0.432958
-0.512708	-0.456701	0.0958018	0.162743	-0.228128	0.405881	-0.119513	0.234733	0.326166	0.091729
-0.344218	-0.469183	0.0332756	0.274572	-0.406151	0.335723	-0.0980362	0.130844	0.299472	0.243704
-0.404079	-0.294243	-0.0480992	0.206551	-0.419137	0.329354	-0.0629335	0.0983966	0.337732	0.256463
-0.355471	-0.159474	-0.256595	0.147665	-0.332116	0.223903	-0.0543309	0.280361	0.213175	0.29289
-0.197691	-0.131702	-0.314346	0.231986	-0.452147	0.223901	-0.0345399	0.101053	0.13684	0.436651
-0.218057	-0.0491483	-0.218156	0.0190947	-0.260756	0.167279	-0.0184633	-0.0775048	0.0482988	0.607418
-0.160969	-0.0106419	-0.180865	-0.109405	-0.190355	0.255129	-0.0105869	-0.0623914	-0.0314573	0.501545
-0.0676236	-0.00646431	-0.165976	-0.0386827	-0.0844893	0.308887	-0.0074094	-0.00303694	-0.0470914	0.111889
-0.0184626	-0.000962352	-0.0776469	-0.00695268	-0.0765948	0.211231	-0.00327724	-0.0727168	-0.0138349	0.0592169
-0.00333666	-1.23546e-05	-0.00718077	-0.000262906	-0.049264	0.115923	-0.0006101	-0.0064842	-0.00694824	-0.0418238
-5.1855e-07	-1.15636e-05	0.0223886	-0.000278892	-0.00113281	-1.5879e-05	-2.66182e-05	-0.00119639	-0.00445052	-0.0152755
-3.80948e-07	-1.38156e-05	0.0267746	-4.12259e-06	-0.000169189	-1.21943e-05	-3.03058e-05	-1.39094e-06	-0.00439236	-0.0221508
0.0	0.0	0.0	0.0	0.0	0.0	0.0	0.0	0.0	0.0
0.0	0.0	0.0	0.0	0.0	0.0	0.0	0.0	0.0	0.0
0.0	0.0	0.0	0.0	0.0	0.0	0.0	0.0	0.0	0.0
0.0	0.0	0.0	0.0	0.0	0.0	0.0	0.0	0.0	0.0
0.0	0.0	0.0	0.0	0.0	0.0	0.0	0.0	0.0	0.0
-0.000206751	-0.00105627	-0.000802784	0.00169778	0.00546385	-0.0030341	-3.97881e-05	-0.0759801	-0.0127227	0.0866808
-0.00410448	-0.00380887	-0.00322438	0.0287515	0.00379593	-0.00922682	-0.000272361	-0.169121	-0.0460806	0.203291
-0.0209225	-0.00775332	-0.0115435	0.0489261	-0.0641034	-0.0429138	-0.00113528	-0.146915	-0.0796335	0.325994
-0.0465663	-0.0116141	-0.0276347	0.0596918	-0.169697	-0.139437	-0.00199346	0.00401844	-0.0310182	0.364252
-0.0657807	-0.0188442	-0.0353045	0.0255432	-0.27971	-0.17873	-0.00444269	0.120959	-0.00929446	0.445607
-0.125228	-0.0329724	-0.0367016	0.000868597	-0.440333	-0.116101	-0.00648528	0.235433	-0.0759848	0.597507
-0.112501	-0.104901	-0.0323911	0.047011	-0.445877	-0.030288	-0.00739088	0.251331	-0.164507	0.599519
-0.0812155	-0.0929048	-0.0899	0.0600875	-0.523264	0.127446	-0.00944082	0.191632	-0.100113	0.517676
-0.0536443	-0.121553	-0.046001	0.0200387	-0.539364	0.109946	-0.0111536	0.0540404	-0.0996406	0.687335
-0.106981	-0.191673	-0.0830307	0.0462706	-0.606153	0.0121484	-0.0155011	0.406372	-0.125057	0.663608
-0.149775	-0.15222	-0.0637053	0.00492217	-0.769379	-0.019526	-0.0129258	0.475201	-0.195572	0.882982
-0.11495	-0.086053	-0.0830393	0.0189698	-0.65467	0.12759	-0.010663	0.582437	-0.251464	0.471845
-0.0813891	-0.0677547	-0.107406	0.13782	-0.588391	0.0206079	-0.00968062	0.348503	-0.170031	0.517725
-0.116637	-0.0443698	-0.128013	0.1153	-0.527998	-0.0510221	-0.00926286	0.360036	-0.0825311	0.484501
-0.075806	-0.0627076	-0.080717	0.0665668	-0.54581	-0.0949962	-0.00851624	0.331886	-0.0637219	0.533825
-0.0113318	-0.0356684	-0.0278837	0.0252483	-0.437759	-0.000522058	-0.00509228	0.230238	-0.087965	0.350737
-0.0599714	-0.0126242	-0.0315819	-0.0120789	-0.223378	0.0638821	-0.00347539	0.0104722	-0.0411819	0.309938
-0.0723502	-0.00664064	-0.0377577	-0.00948042	-0.112908	0.0587599	-0.00240669	0.0082355	-0.0147807	0.189329
-0.0355548	-0.0010925	-0.0139431	0.00156921	-0.0627825	0.0268306	-0.000426577	0.0814691	-0.00364922	0.00757982
-0.00189854	-1.0742e-05	-7.54404e-05	-0.000316026	-0.0044916	0.000421761	-8.18886e-05	-0.00203438	-0.000311898	0.00879875
-5.7694e-06	-1.62592e-09	-6.34106e-07	-1.51133e-06	-0.00155819	-3.77657e-05	-1.6261e-06	-0.000157254	-1.27072e-05	0.00177546
-2.26873e-07	-1.84216e-08	-1.52274e-06	-2.86599e-07	-7.4557e-08	-1.01684e-07	-8.64725e-10	2.45324e-05	-7.1628e-07	-2.15841e-05
0.0	0.0	0.0	0.0	0.0	0.0	0.0	0.0	0.0	0.0
0.0	0.0	0.0	0.0	0.0	0.0	0.0	0.0	0.0	0.0
0.0	0.0	0.0	0.0	0.0	0.0	0.0	0.0	0.0	0.0
0.0	0.0	0.0	0.0	0.0	0.0	0.0	0.0	0.0	0.0
0.0	0.0	0.0	0.0	0.0	0.0	0.0	0.0	0.0	0.0
0.0	0.0	0.0	0.0	0.0	0.0	0.0	0.0	0.0	0.0
-3.34401e-06	-4.30381e-06	-2.18732e-06	-7.08622e-07	-1.24618e-06	-9.92243e-07	-7.39625e-08	0.000202529	-4.38202e-05	-0.000145854
-6.18421e-05	-1.11464e-05	-8.45259e-06	-2.7093e-06	-5.7277e-06	-1.77867e-05	-8.25061e-07	0.000840754	-0.000123214	-0.000609052
-9.4209e-05	-9.87256e-06	-3.36095e-05	-3.91083e-05	-0.00966507	-6.52907e-05	-2.63219e-06	-0.000801053	-0.000159911	0.0108708
-0.000181843	-2.25812e-05	-0.000124487	-0.000105776	-0.0551722	-0.000608631	-3.93298e-05	-0.0074243	-0.000270662	0.0639498
-0.000514459	-4.81663e-05	-0.000186819	-0.000224331	-0.0567541	-0.00128819	-7.1622e-05	0.00906481	-0.000440909	0.0504638
-0.00114576	-4.76616e-05	-0.000295226	-0.00159565	-0.0257743	-0.000933728	-2.90915e-05	0.0106636	-0.000965391	0.0201232
-0.00117803	-0.00480555	-0.00624913	-0.00922643	-0.0580219	0.00380431	-6.59846e-05	0.0749143	-0.0171507	0.0179792
-0.00193206	-0.00169792	-0.00264783	-0.00509771	-0.0364646	0.0109976	-6.68326e-05	0.0224196	-0.00438835	0.0188782
-0.00400763	-0.0047877	-0.00109238	-0.00512704	-0.0479108	0.00681276	-0.000406048	0.0347775	-0.0104947	0.0322363
-0.0067409	-0.00475056	-0.00135764	-0.00685736	-0.038054	-0.00332838	-0.000421272	0.169178	-0.00863971	-0.0990275
-0.0101598	-0.00228368	-0.00104099	-0.00939273	-0.12909	-0.012961	-0.000845746	0.13675	-0.00703273	0.0360576
-0.0103026	-0.000522764	-0.00117134	-0.00756095	-0.0651787	-0.00939008	-0.000777223	0.137753	-0.00650449	-0.0363443
-0.00595269	-0.000332628	-0.00101446	-0.00918158	-0.0375554	-0.00741552	-0.000550254	0.115906	-0.00355207	-0.0503511
-0.0045046	-0.00780629	-0.00148058	-0.0068578	-0.034135	-0.00952965	-0.000524663	0.151958	-0.00359048	-0.0835286
-0.0046628	-0.0241896	-0.000891533	-0.00423304	-0.0452519	-0.00672608	-0.000350333	0.185537	-0.00408691	-0.0951446
-0.002321	-0.000366908	-0.000531178	-0.00301397	-0.0370185	-0.00795718	-0.000200028	0.139407	-0.00277943	-0.0852191
-0.00448958	-9.32628e-05	-0.00638892	-0.00158608	-0.00689656	-0.0202112	-0.000190817	0.0519654	-0.00372061	-0.00838835
-0.0132834	-2.98703e-05	-0.00438458	-0.000470204	-0.00526777	-0.00867458	-8.32685e-05	0.0221175	-0.00185732	0.0119335
-0.0396807	-5.18939e-05	-0.0142972	-0.00029981	-0.0129781	-0.00656351	-0.00020772	0.0630272	-0.00158113	0.0126329
-0.00906821	-3.37829e-06	-0.000174275	-2.88395e-05	-0.00294461	-0.00147868	-2.06383e-05	0.0220378	-0.000329749	-0.00798941
0.0	0.0	0.0	0.0	0.0	0.0	0.0	0.0	0.0	0.0
0.0	0.0	0.0	0.0	0.0	0.0	0.0	0.0	0.0	0.0
0.0	0.0	0.0	0.0	0.0	0.0	0.0	0.0	0.0	0.0
0.0	0.0	0.0	0.0	0.0	0.0	0.0	0.0	0.0	0.0
