0.0	0.0	0.0	0.0	0.0	0.0	0.0	0.0	0.0	0.0
0.0	0.0	0.0	0.0	0.0	0.0	0.0	0.0	0.0	0.0
0.0	0.0	0.0	0.0	0.0	0.0	0.0	0.0	0.0	0.0
0.0	0.0	0.0	0.0	0.0	0.0	0.0	0.0	0.0	0.0
0.0	0.0	0.0	0.0	0.0	0.0	0.0	0.0	0.0	0.0
0.0	0.0	0.0	0.0	0.0	0.0	0.0	0.0	0.0	0.0
0.0	0.0	0.0	0.0	0.0	0.0	0.0	0.0	0.0	0.0
0.0	0.0	0.0	0.0	0.0	0.0	0.0	0.0	0.0	0.0
0.0	0.0	0.0	0.0	0.0	0.0	0.0	0.0	0.0	0.0
0.0	0.0	0.0	0.0	0.0	0.0	0.0	0.0	0.0	0.0
0.0	0.0	0.0	0.0	0.0	0.0	0.0	0.0	0.0	0.0
0.0	0.0	0.0	0.0	0.0	0.0	0.0	0.0	0.0	0.0
-3.82472e-06	-6.49131e-06	-0.000722305	-6.78276e-05	-0.00489254	-0.000102699	0.00671799	-6.89639e-06	-0.000166977	-0.000748433
-2.41841e-05	-1.53804e-05	-0.00119576	-0.000164797	-0.0108566	-0.000225723	0.0145647	-1.97195e-05	-0.000375481	-0.00168713
-1.75927e-05	-1.29833e-06	0.00042937	-1.81146e-05	-0.000159803	-9.44784e-07	-0.000161733	-5.13981e-06	-1.0971e-05	-5.37725e-05
-7.33031e-07	-5.40972e-08	1.78904e-05	-7.54775e-07	-6.65846e-06	-3.9366e-08	-6.73885e-06	-2.14159e-07	-4.57127e-07	-2.24052e-06
0.0	0.0	0.0	0.0	0.0	0.0	0.0	0.0	0.0	0.0
0.0	0.0	0.0	0.0	0.0	0.0	0.0	0.0	0.0	0.0
0.0	0.0	0.0	0.0	0.0	0.0	0.0	0.0	0.0	0.0
0.0	0.0	0.0	0.0	0.0	0.0	0.0	0.0	0.0	0.0
0.0	0.0	0.0	0.0	0.0	0.0	0.0	0.0	0.0	0.0
0.0	0.0	0.0	0.0	0.0	0.0	0.0	0.0	0.0	0.0
0.0	0.0	0.0	0.0	0.0	0.0	0.0	0.0	0.0	0.0
0.0	0.0	0.0	0.0	0.0	0.0	0.0	0.0	0.0	0.0
0.0	0.0	0.0	0.0	0.0	0.0	0.0	0.0	0.0	0.0
0.0	0.0	0.0	0.0	0.0	0.0	0.0	0.0	0.0	0.0
0.0	0.0	0.0	0.0	0.0	0.0	0.0	0.0	0.0	0.0
0.0	0.0	0.0	0.0	0.0	0.0	0.0	0.0	0.0	0.0
0.0	0.0	0.0	0.0	0.0	0.0	0.0	0.0	0.0	0.0
0.0	0.0	0.0	0.0	0.0	0.0	0.0	0.0	0.0	0.0
0.0	0.0	0.0	0.0	0.0	0.0	0.0	0.0	0.0	0.0
0.0	0.0	0.0	0.0	0.0	0.0	0.0	0.0	0.0	0.0
-5.25303e-09	-3.51844e-08	-1.25711e-05	-1.01105e-08	-5.35725e-05	-1.12745e-07	6.87176e-05	-8.80561e-08	-7.65832e-07	-1.55691e-06
-1.13739e-07	-1.03786e-07	-3.94751e-05	-4.41839e-08	-0.000544367	-3.39103e-07	0.000592935	-8.92614e-07	-2.27478e-06	-5.32477e-06
-1.98208e-05	-1.07686e-07	-0.000469257	-7.9417e-06	-0.0495283	-1.89506e-05	0.0502762	-6.42096e-05	-5.2954e-06	-0.000162282
-4.10177e-05	-8.05217e-05	-0.00115018	-1.89623e-05	-0.110135	-3.54266e-05	0.11247	-0.000537001	-6.74174e-05	-0.000404053
-6.23198e-05	-0.00387683	-0.00226385	-0.000205405	-0.110263	-0.000110168	0.121748	-0.00308923	-0.000966167	-0.000911365
-0.000221247	-0.00315256	-0.00483985	-0.000210414	-0.0450032	-0.00020809	0.056954	-0.00161828	-0.00100758	-0.000692756
-0.00292425	-0.00186741	-0.00842002	-0.000219311	-0.0535384	-0.000889488	0.072332	-0.00099337	-0.000925744	-0.0025539
0.031763	-0.000752871	-0.0305885	-0.000394825	-0.0971681	-0.00102351	0.12022	-0.00871696	-0.00155497	-0.011783
0.0676167	-0.000722108	-0.0345751	-0.00159817	-0.191675	-0.00772042	0.216928	-0.0248734	-0.00163595	-0.0217449
0.0283078	-0.000544665	-0.0203861	-0.000988531	-0.09086	-0.00713574	0.109523	-0.00666763	-0.00206042	-0.00918766
-0.00137021	0.022172	0.00952447	-0.00703141	-0.020807	-0.00337367	0.00814858	-0.00039884	-0.00389913	-0.00296478
0.0246032	0.0333034	0.0420763	-0.00915488	-0.122304	-0.00416045	0.0518447	-0.00100742	-0.0030064	-0.0121948
0.0705549	-0.011476	0.0941102	-0.00272113	-0.1316	-0.00445063	0.0205671	-0.00208525	-0.00394356	-0.0289558
0.0331786	-0.00561335	0.0150614	-0.000987115	-0.0513557	-0.00268697	0.0333515	-0.000954586	-0.00351813	-0.0164756
-0.00146504	-0.000349759	-0.0260233	-0.000237275	-0.0194426	-0.00377316	0.0555841	-0.000161421	-0.00192585	-0.00220568
-0.000756586	-7.39502e-05	-0.0187804	-0.000155802	-0.0381395	-0.00360334	0.0648512	-0.000222063	-0.00144444	-0.00167509
-0.000341952	-9.67949e-05	-0.00753186	-0.000158403	-0.0304845	-0.00185616	0.0429572	-0.000109158	-0.000857403	-0.00152094
-0.000140792	-0.000227657	-0.0037214	-7.04104e-05	-0.0315974	-0.000363725	0.0376087	-9.0904e-06	-0.000983734	-0.000494442
-1.90397e-05	-1.9714e-05	-0.000407232	-5.54731e-06	-0.0444569	-1.46883e-05	0.045369	-2.42033e-05	-0.000136979	-0.000284779
-2.30814e-06	-1.46909e-06	-0.000193683	-6.95912e-07	-0.0169895	-1.37348e-05	0.017443	-3.34557e-05	-5.61089e-05	-0.000152103
0.0	0.0	0.0	0.0	0.0	0.0	0.0	0.0	0.0	0.0
0.0	0.0	0.0	0.0	0.0	0.0	0.0	0.0	0.0	0.0
0.0	0.0	0.0	0.0	0.0	0.0	0.0	0.0	0.0	0.0
0.0	0.0	0.0	0.0	0.0	0.0	0.0	0.0	0.0	0.0
0.0	0.0	0.0	0.0	0.0	0.0	0.0	0.0	0.0	0.0
0.0	0.0	0.0	0.0	0.0	0.0	0.0	0.0	0.0	0.0
-4.25496e-08	-6.17075e-10	-6.07937e-07	-2.72711e-09	-5.9823e-06	-9.2108e-07	9.52412e-06	-8.45238e-12	-1.5508e-06	-4.15966e-07
0.00478533	-4.59736e-10	-2.84043e-05	-1.01958e-06	-0.00447692	-0.000132295	0.000422208	-0.000268181	-9.13832e-06	-0.000291579
0.0017751	-2.24607e-06	-0.000827403	-1.26482e-06	-0.00196941	-1.56929e-05	0.00128189	-9.38615e-05	-3.66746e-05	-0.000110436
-0.0004214	-1.05067e-05	0.000105422	-0.000364176	-0.00156957	-6.88345e-06	0.00230524	-3.38619e-06	-2.5062e-05	-9.67117e-06
-0.0304988	-5.8388e-05	-0.00109033	-0.00198986	-0.0514994	-5.53709e-05	0.0860155	-0.000457048	-0.00018055	-0.000185756
-0.0354134	-0.0021869	-0.00691598	-0.0036598	-0.162195	-0.000964627	0.215278	-0.00205513	-0.000943071	-0.000943574
-0.0261915	-0.0395727	0.0326996	-0.0140793	-0.203248	-0.00432465	0.264768	-0.00503677	-0.00316533	-0.00184905
-0.0278373	-0.0783497	0.140687	-0.0236879	-0.166009	-0.0168993	0.194628	-0.00664059	-0.011788	-0.00410244
-0.0255544	-0.0529486	0.0831036	-0.00860748	-0.287127	-0.057315	0.404041	-0.015659	-0.0248609	-0.0150706
-0.0443015	-0.0659601	0.14867	0.0411005	-0.302247	-0.112868	0.447238	-0.0384488	-0.0471187	-0.0260607
-0.0462729	0.00904059	0.0815194	0.0622122	-0.406742	-0.112595	0.543951	-0.038945	-0.0511015	-0.0410634
-0.0770501	0.179339	0.00441049	0.00733617	-0.276313	-0.118645	0.406168	-0.0176034	-0.0695076	-0.0381295
-0.13613	0.155196	0.0725134	-0.00275805	-0.161724	-0.133364	0.329084	-0.0213129	-0.0674055	-0.034094
-0.158574	0.314724	0.165092	-0.0626073	-0.248215	-0.0831042	0.212928	-0.0264654	-0.0757406	-0.0380318
-0.123219	0.210612	0.137865	-0.0475061	-0.306587	0.00505028	0.271005	-0.013481	-0.0860747	-0.0476607
-0.10617	0.0646912	-0.00844969	-0.0493947	-0.14876	0.0844972	0.26495	-0.00826945	-0.0621414	-0.0309505
-0.0668749	-0.00983215	-0.0361194	-0.0754755	-0.126901	0.0791495	0.266675	-0.00409763	-0.00525505	-0.0212677
-0.0481435	0.0368842	-0.106041	-0.0364973	-0.0894824	0.00787281	0.304892	-0.00223387	-0.0516817	-0.0155678
-0.0343075	-0.00594458	-0.0319431	-0.011964	-0.0713898	-0.0678413	0.249782	-0.00118407	-0.0185785	-0.00662922
-0.0171525	-0.0101668	-0.0313435	-0.0128838	-0.0634694	-0.0769503	0.240706	-0.000999192	-0.0183284	-0.0094116
-0.00853501	-0.00374808	-0.0389291	-0.00931897	-0.066257	-0.0436378	0.18782	-0.000689562	-0.0123644	-0.0043405
-0.00428462	-0.00192936	-0.00799375	-0.00233248	-0.0410825	-0.0343309	0.0970381	-7.91134e-05	-0.00460882	-0.000396564
-0.000640461	-0.000578604	0.0450441	-0.000204296	-0.00426405	-0.0119831	-0.0249156	-3.20158e-05	-0.0023895	-3.65e-05
-9.24921e-06	-2.62032e-05	0.0313801	-1.03437e-06	-0.000479883	-0.00103251	-0.0289143	-2.6872e-08	-0.000915312	-1.61842e-06
0.0	0.0	0.0	0.0	0.0	0.0	0.0	0.0	0.0	0.0
0.0	0.0	0.0	0.0	0.0	0.0	0.0	0.0	0.0	0.0
0.0	0.0	0.0	0.0	0.0	0.0	0.0	0.0	0.0	0.0
0.0	0.0	0.0	0.0	0.0	0.0	0.0	0.0	0.0	0.0
-9.51017e-08	0.00110354	-0.000140339	-5.48478e-05	-1.32005e-05	-9.79398e-06	-0.000589119	-1.06603e-08	-0.000295079	-1.05653e-06
0.011647	0.000262627	-0.000238318	-3.91261e-05	-0.0144403	0.000156645	0.00496756	-0.000783568	-0.000544831	-0.000987684
-0.00767295	-8.44786e-05	-0.00510462	-0.00549842	-0.0060015	0.0166796	0.00947493	-0.00117419	-0.000261104	-0.000357228
-0.0785413	-0.00492277	-0.00363343	0.128399	-0.00795586	-0.0568661	0.031012	-0.00198452	-0.00452733	-0.000979666
-0.113197	-0.00303612	0.00299622	0.0986148	-0.0937058	-0.0363656	0.158009	-0.00299331	-0.00875523	-0.00156633
-0.123998	-0.0271107	0.0624208	0.145949	-0.156938	-0.0505992	0.197324	-0.0158022	-0.0275445	-0.00369941
-0.0248581	-0.082904	0.169838	0.181851	-0.309797	-0.0628359	0.223295	-0.0503975	-0.0320472	-0.0121419
-0.0655855	-0.127665	0.465704	0.0752479	-0.413749	-0.0838433	0.262196	-0.0608913	-0.0211249	-0.0302841
-0.0351103	-0.204382	0.387131	0.18503	-0.396625	-0.0471107	0.318192	-0.113856	-0.0378694	-0.0553907
0.0441864	-0.332173	0.466757	0.435085	-0.467901	-0.141772	0.359662	-0.173651	-0.10544	-0.0847482
0.0220317	-0.1488	0.405806	0.521803	-0.685274	-0.0455296	0.279337	-0.128115	-0.107088	-0.114169
0.188316	-0.0718267	0.533693	0.288896	-0.815841	-0.0800315	0.317973	-0.122977	-0.0760099	-0.162187
0.183559	-0.136994	0.291628	0.560361	-0.576341	-0.0550474	0.258387	-0.126302	-0.201263	-0.197989
0.102222	0.0623976	0.209695	0.428874	-0.544514	0.0780908	0.205129	-0.118488	-0.189808	-0.233596
0.108957	0.168152	0.326921	0.304755	-0.475083	-0.0612933	0.0341394	-0.08989	-0.123523	-0.193131
-0.0103675	-0.0609693	0.209835	0.257051	-0.310496	0.0762521	0.0166583	-0.0579016	-2.32912e-06	-0.120058
-0.174029	-0.225538	-0.134552	0.34353	-0.253463	0.229115	0.1979	-0.0487328	0.0966228	-0.0308517
-0.199755	-0.143538	-0.160099	0.301679	-0.0666414	0.220869	0.250962	-0.0269909	-0.12811	-0.048373
-0.11438	-0.187221	-0.249485	0.350147	0.0054683	0.302808	0.0432728	-0.0263914	-0.0814129	-0.0428024
-0.142271	-0.16729	-0.175068	-0.0731062	0.0120962	0.301587	0.220405	-0.0151117	0.0628186	-0.0240552
-0.108454	-0.132697	-0.166721	-0.164795	0.0359527	0.139687	0.305482	-0.00409941	0.10237	-0.00672318
-0.0524269	-0.0942387	-0.141562	-0.0981542	0.0326734	-0.0571276	0.312332	-0.00121705	0.10233	-0.00260765
-0.0194075	-0.0786045	-0.0101049	-0.030394	-0.0123119	-0.0230019	0.156504	-0.000468161	0.018417	-0.000627742
-0.00223747	-0.0230367	0.0257693	-0.000379959	-0.000567194	0.0658296	-0.0701539	-5.78991e-06	0.00482192	-3.98287e-05
-0.00135776	-0.0294957	-0.000458	-2.11997e-05	-0.000227484	0.0116352	0.023171	-1.67024e-07	-0.00324294	-2.96578e-06
0.0	0.0	0.0	0.0	0.0	0.0	0.0	0.0	0.0	0.0
0.0	0.0	0.0	0.0	0.0	0.0	0.0	0.0	0.0	0.0
-2.60776e-08	-1.93037e-08	-2.31891e-05	3.66611e-05	-1.66777e-07	-1.20191e-05	-2.49673e-08	-1.42605e-08	-1.18642e-06	-1.52446e-08
-3.52649e-05	0.00377917	-0.00115461	0.001576	-4.85264e-06	-0.00152299	-0.00211517	-6.28413e-08	-0.000519854	-2.35266e-06
-0.000430889	0.000430985	-0.00895454	0.023298	-0.00178993	-0.00815897	-0.00370397	0.000668271	-0.00110727	-0.000251692
-0.0109882	0.00742015	-0.0586266	0.0742529	0.0236558	-0.0498907	0.0241777	-0.00303967	-0.00630604	-0.000655203
-0.11397	0.0530212	0.0143408	0.312691	0.0265692	-0.220163	0.0162087	-0.0378618	-0.0430691	-0.0077654
-0.123141	0.0431443	0.187844	0.326122	-0.0703417	-0.233608	-0.00229561	-0.0448766	-0.0723554	-0.0104873
-0.0309744	-0.0296024	0.119669	0.350804	-0.0856493	-0.152126	-0.000537941	-0.0806536	-0.0587563	-0.0321688
0.0179156	-0.0286197	0.198053	0.474242	-0.273742	-0.348667	0.124677	-0.126849	0.0412104	-0.0782128
0.127395	-0.0584462	0.397853	0.379498	-0.362111	-0.263532	-0.00596117	-0.231724	0.180921	-0.163888
0.111864	-0.100017	0.307984	0.492438	-0.494336	-0.0147238	0.026047	-0.343441	0.217261	-0.203071
0.217653	-0.302583	0.405683	0.550518	-0.463149	0.175517	-0.102775	-0.387837	0.204308	-0.297332
-0.0018699	-0.137908	0.385796	0.406976	-0.337606	0.0573063	-0.113384	-0.326966	0.440873	-0.373216
0.0839588	0.232763	0.202424	0.44997	-0.141637	-0.265649	-0.0496426	-0.328931	0.1409	-0.32416
-0.0358499	0.198882	0.374409	0.312287	-0.351746	-0.0424109	-0.0566977	-0.393197	0.419557	-0.425235
0.109098	-0.00947128	0.210563	0.360985	-0.455414	0.370005	-0.148445	-0.369614	0.393443	-0.461149
-0.0854061	0.0816528	0.182822	0.440252	-0.18195	0.0818956	0.0304297	-0.352602	0.316507	-0.5136
0.0982146	-0.0606541	0.112813	0.146056	-0.0928472	0.146576	0.122852	-0.30793	0.176363	-0.341443
-0.029128	-0.252202	0.0425377	0.334549	-0.105063	0.409639	-0.0153958	-0.248	0.132019	-0.268957
-0.0973543	0.123453	-0.148222	0.0946166	0.195851	0.165015	0.0338861	-0.159202	0.0891117	-0.297155
-0.0813177	0.0832638	-0.126715	0.00463746	0.320783	-0.237589	0.115226	-0.116876	0.233375	-0.194789
-0.113045	-0.000270807	-0.334974	-0.142493	0.317983	0.26003	0.191718	-0.0339968	0.0614764	-0.206429
-0.083269	-0.108911	-0.422791	-0.0997806	0.362602	0.124657	0.315026	-0.0495206	0.0746646	-0.112672
-0.169164	-0.150302	-0.359383	-0.286441	0.352888	0.376306	0.293633	-0.0226481	0.00332272	-0.0382047
-0.200424	-0.295612	-0.179649	-0.0428498	0.222628	0.47256	-0.099358	-0.00621697	0.139291	-0.010366
-0.0552714	-0.147299	-0.00638649	-0.00426244	0.00484663	0.178639	-0.0804544	-0.0013617	0.114529	-0.00297848
-0.00615883	-0.0182152	-0.00572292	-0.000112743	-0.0252887	0.0269576	-0.0102996	-0.000343409	0.0405855	-0.00140165
-0.000115556	-0.00997289	-0.00509391	-2.67676e-05	-0.0040271	-0.00430655	0.0188541	-2.16263e-05	0.00488329	-0.000172988
0.0	0.0	0.0	0.0	0.0	0.0	0.0	0.0	0.0	0.0
0.0	0.0	0.0	0.0	0.0	0.0	0.0	0.0	0.0	0.0
-0.000363875	0.000430351	0.00054973	0.00242762	-0.000102708	-0.00264295	6.65769e-05	-6.87153e-06	-0.000355214	-2.65844e-06
-0.00457722	0.00902479	-0.00662172	0.10848	0.00183868	-0.0477042	-0.0423975	-0.00180732	-0.0120218	-0.00421343
-0.0312805	0.0217109	0.00176189	0.23643	0.0206971	-0.202572	0.0374158	-0.025736	-0.0446925	-0.0137326
-0.153311	0.146662	0.0039248	0.472207	0.0556233	-0.2665	-0.178896	0.11535	-0.152334	-0.0427186
-0.0286278	0.0782902	0.017904	0.45365	-0.0173329	-0.316142	-0.123095	0.149388	-0.115962	-0.0980669
-0.0263159	-0.141126	0.0934682	0.325547	-0.0580367	-0.0788503	-0.152839	0.149513	0.0301489	-0.141506
0.057215	-0.337758	0.186448	0.166689	-0.0716207	-0.142093	0.0906319	0.216736	0.0082636	-0.174509
0.0655129	-0.368686	0.0170775	0.195471	-0.00346144	0.119634	-0.0277367	0.128957	0.119456	-0.246224
0.261568	-0.250311	0.118877	0.168042	-0.195164	0.203421	0.0806403	-0.137497	-0.137244	-0.112333
0.151368	-0.358787	0.245929	0.176656	-0.119538	0.0882535	-0.471807	-0.217256	0.274984	0.230197
-0.033149	-0.25451	0.167082	0.120895	-0.0335706	-0.00605173	-0.287713	-0.0641402	0.245009	0.14615
0.190585	-0.0264276	0.125368	0.144596	-0.317261	-0.0653088	-0.346337	-0.0813443	0.135301	0.240827
0.221957	0.00303802	0.128725	0.0507031	-0.0144996	-0.176874	-0.000246339	-0.294058	0.255037	-0.173782
0.15195	0.214496	0.162926	0.211179	-0.0105984	-0.164671	-0.268837	-0.388312	0.0833293	0.00853769
0.10158	-0.156594	0.351713	0.377483	0.0748521	0.0810009	-0.218116	-0.301873	0.131245	-0.441291
0.345004	-0.253413	0.151218	-0.0684422	-0.0820876	0.158559	-0.00442453	-0.385354	0.454832	-0.315888
0.376493	-0.0444318	0.113328	0.00803573	0.102087	0.144103	0.147227	-0.417857	-0.161424	-0.267559
0.0482631	0.00131931	-0.00130682	0.174946	0.183239	0.00644957	0.217232	-0.564312	0.142482	-0.208314
-0.138293	0.131096	0.0901973	0.0267421	0.0488618	0.309278	0.0956194	-0.555986	0.204787	-0.212304
0.0024146	0.335961	0.0729011	-0.120299	0.0549473	0.1024	0.110444	-0.331357	0.0501817	-0.277595
0.0231514	0.296867	-0.111141	-0.0894848	0.239703	0.28217	-0.0141127	-0.228371	-0.0350077	-0.36377
-0.246626	0.123554	-0.28675	-0.262916	0.472226	0.374171	0.325105	-0.117363	-0.149471	-0.231928
-0.311059	-0.0224807	-0.271577	-0.093382	0.111061	0.502704	0.107953	-0.0336406	0.105323	-0.0948986
-0.132047	-0.188292	-0.0607777	-0.0241581	-0.069595	0.350551	-0.0756025	-0.0106374	0.242016	-0.0314546
-0.0384243	-0.0385603	-0.0207682	-0.0020748	-0.0380687	0.0816586	0.0407858	-0.00452054	0.0241958	-0.00422313
-0.0147299	-0.0129734	-0.00748052	-0.00010611	-0.000417529	0.0103231	0.0281946	-0.000167711	-0.00260613	-3.6438e-05
0.0	0.0	0.0	0.0	0.0	0.0	0.0	0.0	0.0	0.0
-5.02629e-06	-1.59691e-06	-5.93661e-05	0.000690698	-1.76087e-06	-5.56343e-05	-2.70555e-07	-1.31419e-05	-6.3942e-05	-0.000489959
-0.00173695	-0.0254953	-0.00779571	0.00692099	-0.00288605	0.00429303	-0.00162384	0.036894	-0.00455777	-0.00401235
-0.00379293	0.00341204	0.0051055	0.150498	-0.0409396	-0.156903	-0.0447781	0.159014	-0.0416954	-0.0299198
-0.048961	0.0174377	0.119168	0.187477	0.0313916	-0.237165	0.0369166	0.09742	-0.105382	-0.098299
-0.0270761	-0.0246559	0.0764902	0.240866	0.200175	-0.150467	-0.128253	0.222552	-0.125472	-0.284152
0.022419	-0.103874	0.159651	0.279975	0.129877	-0.0868893	-0.297177	0.354991	-0.166888	-0.292078
0.0520443	-0.262224	0.118599	0.0672126	0.0768689	0.0471714	-0.0674522	0.342857	-0.0591534	-0.315923
-0.00517434	-0.375245	0.0317355	0.230665	-0.0315019	-0.0169468	-0.0507253	0.370476	0.0169767	-0.17026
-0.277802	-0.46868	0.2327	0.356689	0.117428	-0.0778831	-0.172387	0.194116	0.0644107	0.0314086
-0.00318521	-0.199955	0.248934	0.381743	-0.163345	-0.0370167	-0.353025	0.284708	-0.121748	-0.0371091
-0.0361209	-0.054349	-0.042434	0.171693	-0.292548	-0.0862388	-0.305034	0.438522	-0.0139008	0.220408
-0.218958	-0.223911	0.0720852	-0.00771375	-0.167646	-0.0169084	-0.184192	0.300026	0.330931	0.116288
0.304221	-0.29235	0.0294751	0.391472	-0.370409	-0.0781147	-0.419231	-0.0196706	0.0321697	0.42244
0.222938	-0.221551	-0.0287781	0.158109	-0.418379	0.180223	-0.303057	-0.00706655	0.0182245	0.399338
-0.0472708	-0.283816	0.0846273	0.135155	-0.482445	-0.0387758	-0.127024	0.100807	0.389433	0.269311
0.0627588	-0.230744	0.167279	0.243647	-0.403841	-0.11381	-0.268936	0.0567774	0.0886017	0.398267
0.189318	-0.395284	-0.0325248	0.00788882	-0.206127	-0.0178548	-0.205485	0.12887	0.20343	0.32777
0.346529	-0.105008	-0.0686185	0.369934	-0.39315	0.066494	-0.413917	0.0437776	-0.180786	0.334746
0.031659	-0.23059	-0.131671	-0.133507	-0.0600195	0.29048	-0.203087	-0.0474747	0.434372	0.0498392
0.0844738	0.0589117	-0.178427	0.0933367	-0.203884	0.187825	-0.0735523	-0.0856433	0.0358261	0.0811344
0.327871	0.0879565	-0.0888753	0.0961216	-0.108942	-0.0828813	-0.0883403	-0.0101333	-0.0543678	-0.0784072
0.398027	0.104821	-0.170292	-0.0958042	0.201376	0.179505	-0.0725194	-0.153921	-0.0983227	-0.292868
-0.0164068	0.119099	-0.480522	-0.164317	0.48843	0.267438	0.0870116	-0.2414	0.244844	-0.304178
-0.445652	0.00716873	-0.28916	-0.0682244	0.11177	0.820004	0.0741599	-0.104005	0.0984737	-0.204533
-0.318668	-0.13574	-0.0718325	-0.0531783	-0.0422161	0.486684	-0.0353761	-0.0460088	0.281733	-0.0653925
-0.148071	-0.0200232	-0.0123723	-0.0055349	0.0587756	0.171891	-0.0512027	-0.0134951	0.0446642	-0.024631
-0.0401417	-0.0003197	-0.000556847	-0.000397705	-0.00197444	0.0551452	-0.00324914	-0.000724833	-0.0070282	-0.000752633
0.0	0.0	0.0	0.0	0.0	0.0	0.0	0.0	0.0	0.0
-0.00033675	-0.00223709	-0.00202931	0.0193091	-0.00108687	-0.00204854	-8.46056e-05	0.00688604	-0.00485254	-0.0135195
-0.000677068	-0.0438284	0.0347253	-0.0250785	-0.00440257	-0.0200341	-0.00700217	0.0909973	-0.00814936	-0.0165504
-0.0057386	-0.0174426	0.060964	0.0631967	-0.0158709	-0.172775	-0.0538456	0.281691	-0.0442517	-0.0959253
-0.0886719	-0.0020942	0.31655	0.345052	0.112599	-0.521618	0.0312036	0.120525	-0.049408	-0.26413
-0.0157884	-0.156897	0.194161	0.477632	0.334025	-0.29134	-0.0821761	0.0470055	-0.0267503	-0.479865
0.0829165	-0.265172	0.3512	0.184542	0.144949	-0.03138	-0.349323	0.284068	-0.0993264	-0.302471
0.00537545	-0.285728	-0.0806016	0.0644377	0.162806	0.16948	0.00659098	0.288139	-0.0151983	-0.3153
-0.201248	-0.523091	0.185987	0.0915475	0.0122835	0.254965	-0.0641895	0.104922	0.186648	-0.0478234
0.0556244	-0.302396	-0.0285841	0.0701116	0.0526331	0.0557008	-0.12986	0.248001	-0.0463214	0.0250906
0.0441109	-0.0790866	-0.136431	-0.0472544	-0.218795	0.282989	-0.230616	0.357879	0.0820198	-0.0548148
0.11679	-0.244406	0.0998218	-0.0514074	-0.10728	0.134394	-0.0664489	0.27373	-0.21406	0.0588679
-0.00330999	-0.0222651	-0.0656694	0.112946	-0.482904	0.0536625	-0.153799	0.268394	-0.140759	0.433705
0.18433	-0.240746	0.316399	-0.0798616	-0.310969	-0.241232	-0.342779	0.213434	-0.0115309	0.512961
0.0921648	-0.123682	0.0736573	0.280187	-0.410507	0.212624	-0.0963858	-0.0684986	-0.380227	0.420671
-0.0653044	-0.441777	-0.0949672	0.237311	-0.326682	-0.236919	-0.123357	0.155349	0.36291	0.533439
-0.0393044	-0.21642	0.0620241	-0.0169899	-0.406191	0.133139	-0.381974	0.223948	0.0805575	0.56121
0.275183	-0.239515	-0.283058	0.189876	-0.0993326	0.0510223	-0.250874	0.274168	-0.196924	0.279457
0.305075	-0.321932	-0.0774072	-0.099396	-0.286229	0.0694056	-0.34294	0.400325	0.174064	0.179033
0.172734	-0.0760179	-0.143551	0.124372	-0.0555898	0.0472224	-0.315186	0.203604	-0.0819707	0.124383
-0.0130676	0.0869249	-0.237285	0.0160743	-0.076845	0.0726634	-0.316631	0.361039	-0.0662577	0.173385
0.014169	-0.0634147	-0.0274555	-0.259988	-0.0549065	0.183649	-0.207587	0.184473	0.185087	0.0459722
0.0760448	-0.0799318	0.172274	-0.246659	0.17503	0.213788	-0.303645	0.142874	0.0120448	-0.16182
0.21587	-0.120657	-0.590931	-0.26954	0.40736	0.351233	-0.174427	0.0175278	0.365485	-0.201922
-0.166675	-0.370077	-0.442967	-0.202492	0.177146	0.748392	0.10426	-0.056875	0.435762	-0.226469
-0.354722	-0.221188	-0.0890758	-0.0680813	0.00642108	0.84903	-0.109184	-0.0702621	0.16069	-0.103625
-0.16949	-0.00853653	-0.0177389	-0.00461926	0.0882507	0.160325	-0.0478035	-0.0130744	0.0562528	-0.0435652
-0.0116067	-0.00417834	-0.00144882	-0.000334761	-0.0027083	0.024725	-0.0114557	-0.000500753	0.0086501	-0.00114168
0.0164993	-2.83976e-07	-0.000260232	-8.0595e-07	-0.000600166	-5.69919e-06	-7.6864e-06	-0.0102471	-2.35732e-05	-0.00535377
-0.000369541	-0.00187309	0.00141769	-0.00884007	-0.0146211	-0.00157557	-0.000257393	0.0717906	-0.00504495	-0.0406266
0.00261006	-0.0282162	0.0133354	-0.0211881	0.0176364	-0.0233174	-0.00649506	0.136067	-0.0120708	-0.0783606
0.0114373	-0.00437322	0.0376225	0.0824144	0.000108785	-0.182953	-0.0468478	0.380609	-0.00511732	-0.272898
-0.121749	-0.0321911	0.350478	0.401166	0.0684871	-0.688644	0.0345656	0.309499	0.0345569	-0.356155
-0.0686515	-0.101484	0.0975793	0.198202	0.258646	-0.328938	-0.13875	0.269367	0.123624	-0.309587
-0.038311	-0.24644	0.0178979	0.0404118	0.0656236	-0.0390727	-0.281166	0.267675	0.22502	-0.0116371
-0.0582845	-0.193051	0.0123359	0.0516106	0.106988	-0.201264	-0.176169	0.589958	0.212893	-0.345021
0.0109507	-0.464547	0.091666	-0.0648915	-0.13086	0.128901	-0.174657	0.31507	-0.00393125	0.2923
0.270134	-0.474244	-0.0840084	-0.107913	0.138493	0.0782718	-0.0946914	0.190945	0.179212	-0.0961967
-0.00619754	-0.217526	0.259612	0.0716335	-0.190365	0.13097	-0.201893	0.0591223	0.138082	-0.0434371
-0.0374954	-0.302633	0.0905665	0.0233325	0.00769112	0.0890952	-0.150414	0.347787	-0.00343446	-0.0644942
0.246879	-0.0462348	-0.109005	0.111689	-0.239959	-0.0801965	-0.208386	0.408371	0.255227	-0.338381
-0.00462976	0.0451897	-0.0816346	0.0698013	-0.307478	-0.0740274	-0.222407	0.0250327	0.340806	0.209348
0.250105	-0.029224	0.0020087	0.174967	-0.412437	-0.0558739	-0.452082	0.289204	-0.206836	0.440171
0.29091	-0.00251703	-0.0245584	0.138445	-0.245735	-0.211148	-0.512309	0.361348	-0.0434787	0.249045
0.596848	-0.321631	-0.103522	0.0630079	-0.524664	-0.00135576	-0.447997	0.283599	0.19117	0.264547
0.257948	0.139357	0.00322329	0.0915726	-0.237631	-0.0137735	-0.344377	0.176692	-0.077918	0.00490769
0.0914386	-0.227973	-0.271317	0.372617	-0.0259981	-0.0826163	-0.626163	0.48803	0.133917	0.148065
0.0209896	-0.0970197	0.20404	0.131307	-0.156819	0.113144	-0.526501	0.136658	0.193052	-0.0188511
0.24812	-0.266776	0.0474041	0.120845	-0.0941524	0.277771	-0.400721	0.263793	0.0598006	-0.256085
0.11199	-0.283078	-0.129211	0.0556761	-0.0311354	0.147807	-0.285855	-0.0540194	0.198297	0.269527
0.216462	-0.271306	-0.0480426	0.330886	-0.17824	0.0085436	-0.470723	0.263087	0.132255	0.0170753
0.463243	-0.500785	-0.0339676	-0.562764	0.173022	0.675687	-0.511461	0.14721	0.323909	-0.174091
0.0882256	-0.552129	-0.491121	-0.441718	0.114778	1.17424	-0.3162	-0.118556	0.685782	-0.143297
-0.373807	-0.249818	-0.17413	-0.0937468	0.126239	0.907656	-0.231273	-0.121174	0.324903	-0.11484
-0.144149	-0.0186556	-0.0254811	-0.00651981	-0.0623997	0.261008	-0.130421	-0.019161	0.187431	-0.0416509
-0.00849587	-0.00312791	-0.00292596	-0.000104938	-0.00242276	0.0074514	-0.0131411	-0.00464318	0.0292996	-0.00188929
-4.23709e-06	-3.45613e-05	-1.20454e-05	-0.000172644	-0.000751795	-8.56273e-05	-3.32567e-06	0.00274762	-2.62547e-05	-0.00165713
-0.000490997	-9.10816e-05	-0.00123657	-0.00742037	-0.0145717	-0.00161322	-0.000136367	0.0828205	-0.00364684	-0.0536133
0.00828228	-0.018363	-0.0307466	0.045423	0.00879321	-0.010706	-0.0110344	0.150135	-0.0301635	-0.111619
0.0383767	-0.0104189	0.0594705	0.201421	-0.145745	-0.202621	-0.0588873	0.42412	-0.0383982	-0.267313
-0.066655	-0.0995671	0.220685	0.590286	-0.22874	-0.532837	0.0661343	0.425071	0.0348014	-0.409169
-0.0434348	-0.272349	0.423026	0.17035	-0.0314788	-0.31901	-0.252098	0.272137	0.0953788	-0.0425169
-0.113289	-0.267539	-0.0861134	0.140236	-0.0972067	-0.073903	-0.264192	0.269847	0.238906	0.253256
-0.13852	-0.137665	-0.105314	0.240839	-0.0735901	-0.025284	-0.0406552	0.199047	0.0954645	-0.0143229
-0.111176	-0.251807	-0.0781453	0.161987	-0.0080977	0.123587	-0.17042	0.128575	0.132737	0.0727608
0.0793794	-0.411001	0.0827501	0.0754783	-0.00991432	-0.0677731	-0.195573	0.250709	0.214503	-0.0185572
0.175985	-0.204338	0.219223	-0.0912911	-0.301003	0.195384	-0.342231	-0.0320311	0.0994247	0.280879
-0.0804844	-0.118204	-0.0440781	-0.346824	-0.0662792	0.335102	-0.127294	0.176966	0.131663	0.139434
-0.00956098	-0.137133	0.0357879	-0.21741	-0.150979	0.197285	-0.210392	0.516636	-0.106254	0.0820213
0.318224	0.0549777	-0.00525931	-0.168034	-0.116029	-0.0599428	-0.452637	0.261086	0.0763095	0.091307
-0.028663	0.145723	0.103032	0.25495	-0.637559	-0.182228	-0.208925	0.574394	-0.240751	0.220029
-0.26046	0.532237	0.232488	0.43479	-0.353122	-0.41452	-0.434259	0.380194	-0.506094	0.388753
0.175401	0.180075	0.27647	0.280374	-0.0501022	-0.417652	-0.581701	0.287159	-0.127275	-0.0227464
0.332221	0.000587962	-0.0753798	0.139997	-0.15098	-0.169661	-0.741947	0.601465	0.0631922	0.00050707
0.246001	-0.141577	0.0198039	0.0651863	0.0727074	-0.022983	-0.628817	0.294716	-0.0503452	0.145311
0.357794	-0.264265	-0.0548545	0.230771	-0.109363	-0.0410821	-0.593731	0.356023	0.0204024	0.0983082
0.291812	-0.407371	-0.0563495	0.310193	0.0544532	0.0417905	-0.363452	0.0173991	0.0467955	0.0647317
-0.143399	-0.321718	-0.158522	0.143388	0.0485203	0.402706	-0.172245	0.299699	0.14272	-0.241149
-0.103995	-0.406472	0.0582848	0.407454	0.000152656	0.265572	-0.529364	0.232496	0.0945695	-0.0186978
0.528725	-0.510395	-0.089679	-0.234681	0.0698728	0.581957	-0.407901	-0.011853	0.345936	-0.271978
0.363341	-0.354014	-0.494705	-0.436757	-0.252656	1.39742	-0.377698	-0.0703718	0.444247	-0.218796
-0.34528	-0.179049	-0.131183	-0.0634435	-0.206244	1.17045	-0.380019	-0.0350358	0.323458	-0.153644
-0.132103	-0.0222705	-0.00556165	-0.0133732	-0.0856895	0.27264	-0.170396	0.0172325	0.203206	-0.0636836
-0.00159556	-0.00304842	-0.00142565	-0.000503802	-0.00783664	0.0157401	-0.00786259	0.0616214	-0.0508614	-0.00422737
-6.15133e-06	-4.02527e-05	-2.4619e-05	-0.00028743	-0.000876876	-0.000107392	-3.92051e-06	0.00365232	-3.60362e-05	-0.00226964
-0.000513411	-4.16713e-05	-0.000447202	-0.00470217	-0.0138318	-0.00146142	-4.92099e-05	0.0776242	-0.00194919	-0.0546281
0.0412207	-0.00939903	-0.0270929	0.0175324	-0.0363791	-0.0128698	-0.0376109	0.235294	-0.0218874	-0.148807
0.0187122	-0.0640671	0.101954	0.33887	-0.140941	-0.179716	-0.0747038	0.334008	-0.117146	-0.216963
-0.0334683	-0.127465	-0.0877587	0.332235	-0.20011	-0.201474	-0.0460883	0.402157	0.2105	-0.248522
0.0593102	-0.285476	0.415224	-0.0190697	-0.20162	-0.159055	-0.228163	0.268019	0.0486075	0.102228
-0.0864929	-0.43374	0.46865	-0.000384919	-0.211198	-0.0823179	-0.186374	0.160006	0.12991	0.241942
-0.145271	-0.291919	0.0101248	-0.0216305	-0.0848109	0.212566	0.0290339	0.107016	0.179272	0.00561807
-0.0827603	-0.206448	-0.00113798	-0.273936	-0.0183305	0.385787	0.0419107	-0.134522	0.124499	0.16494
0.0943166	-0.322253	-0.193017	-0.544684	0.173676	0.422945	-0.212336	0.163912	0.262249	0.155191
-0.122346	-0.0309375	0.0570791	-0.451523	-0.00622173	0.251866	-0.126401	-0.0530837	0.282138	0.199429
0.093662	0.131295	0.116428	-0.503833	-0.0223147	0.185665	-0.154796	-0.237159	0.278297	0.11276
-0.0725883	-0.0572542	0.0802433	-0.572459	0.291248	0.349803	-0.305017	-0.295946	0.387097	0.194878
0.16261	0.353586	-0.16977	0.0712602	-0.299521	0.11541	-0.0979363	0.189663	0.00606521	-0.331364
0.0827034	0.533605	0.0676953	0.196633	-0.942183	0.0432675	-0.304693	0.369575	-0.0297476	-0.0168512
-0.165231	0.851793	-0.17468	0.115692	-0.0468456	-0.121106	-0.528594	0.492693	-0.336973	-0.0867463
0.0931178	0.25194	0.0244943	0.229935	-0.260361	-0.243292	-0.464602	0.707355	-0.3752	0.0366145
0.396879	0.111787	0.230259	0.202508	-0.00180069	-0.466617	-0.463649	0.265748	-0.206646	-0.0684677
0.276908	-0.233096	0.0523368	0.204504	-0.0429452	-0.498682	-0.47721	0.370315	0.263317	0.0845574
0.00371278	-0.180362	-0.0580601	0.195614	0.143754	-0.385299	-0.500642	0.48708	0.274464	0.0197385
0.216317	-0.432948	-0.081155	0.30984	-0.164424	-0.182461	-0.242923	0.456002	0.130206	-0.00845091
0.129693	-0.30435	-0.0905527	0.0843485	-0.0245637	-0.0170675	-0.258578	0.419246	0.174484	-0.112661
0.249027	-0.391029	-0.0775219	0.200457	-0.0442075	-0.01779	-0.416903	0.270685	0.249414	-0.0221305
0.523632	-0.396308	-0.168267	-0.0500161	-0.485989	0.709975	-0.107311	-0.208697	0.320926	-0.137938
0.380458	-0.316593	-0.416911	-0.31065	-0.37455	1.76504	-0.249432	-0.149923	-0.000381382	-0.327047
-0.350354	-0.118906	-0.0699147	-0.0256002	-0.260653	1.53118	-0.486654	-0.0155184	-0.0980635	-0.105505
-0.16093	-0.033166	0.032184	-0.0074885	-0.10837	0.437379	-0.170435	0.0121136	0.0584678	-0.0597541
-0.000628481	0.00128667	-0.000792447	-0.000166352	-0.00228005	0.00543204	-0.023923	0.0155015	0.013561	-0.00799084
-2.96106e-05	-6.97603e-06	-2.49598e-05	-0.000181761	-0.000124579	-9.06444e-05	-4.31274e-06	0.00143398	-4.08616e-05	-0.000930277
0.0107093	0.000555373	-0.000789569	-0.00324551	-0.0312403	-0.0116557	-0.000223691	0.110949	-0.00236305	-0.0726962
-0.0042901	-0.000135963	-0.0130121	0.0195051	-0.140876	-0.023882	-0.0014143	0.431366	-0.0133058	-0.253954
0.00701756	-0.0434499	-0.0484216	0.33862	-0.100699	-0.237559	-0.0782397	0.409207	-0.0167284	-0.229742
-0.190585	-0.0791223	-0.1764	0.306791	-0.277997	-0.0898096	-0.0245595	0.475939	0.0757674	-0.0200167
-0.134059	-0.150677	0.0436775	-0.145039	-0.0961584	-0.0502579	-0.023015	0.128114	0.238868	0.18855
0.013971	-0.3903	0.0168834	-0.300907	0.107111	0.294846	-0.0892246	0.0123677	0.148067	0.187189
0.00872881	-0.351454	-0.207726	-0.56273	0.0270181	0.137279	0.190498	0.133529	0.50758	0.117277
-0.0256161	-0.282984	-0.403244	-0.471184	0.1483	0.172813	0.0362181	-0.178794	0.351152	0.653342
-0.240377	-0.328675	-0.446023	-0.514139	0.402633	0.143296	0.201005	0.217894	0.408494	0.155885
-0.0584703	-0.159693	-0.848948	-0.381201	0.534925	0.0936361	0.0222242	0.332248	0.213159	0.252119
-0.06844	-0.108745	-0.657838	-0.206968	0.0892387	0.0884795	-0.0815486	0.297913	0.212909	0.434997
-0.342073	-0.147722	-0.774489	-0.0312103	0.606824	0.224374	0.153652	-0.0751506	0.17114	0.214653
-0.0337437	0.381573	-0.943923	0.283908	-0.852386	0.598717	0.203859	0.108417	0.198151	0.05543
-0.423432	0.720464	-0.558447	0.100116	-0.871403	0.0907682	-0.273763	0.500528	0.680086	0.0350829
-0.698224	0.784625	-0.507073	0.262251	0.398845	-0.217814	-0.657818	0.430846	-0.0350489	0.23941
-0.625013	0.202117	-0.178368	-0.0451678	0.441612	-0.209697	-0.192908	0.418412	-0.149005	0.33802
-0.0294323	-0.114424	-0.394311	0.342801	0.148534	-0.169346	-0.393021	0.327613	-0.190024	0.471613
-0.272152	-0.0246867	-0.0938301	0.131145	0.000774561	-0.0463127	-0.29525	0.524577	-0.262889	0.338624
0.0321337	-0.202718	0.320958	0.0724041	-0.0255067	-0.377054	-0.193786	0.25337	-0.0574832	0.177684
0.190432	-0.205397	-0.0742622	0.358293	-0.240147	-0.685131	-0.138789	0.335485	-0.112438	0.571957
0.378611	-0.238015	0.06518	-0.0794409	-0.252568	-0.489285	-0.0554747	0.306517	0.0178385	0.346636
0.254513	-0.230961	-0.0440504	-0.00839627	-0.258424	-0.538668	-0.123725	0.304922	0.312468	0.332321
0.303297	-0.202243	-0.141789	-0.208535	-0.51269	0.210354	0.330096	-0.20988	0.502636	-0.0712411
0.385087	-0.192457	-0.16531	-0.242569	-0.490782	0.810581	-0.0205312	-0.191841	0.374458	-0.266625
-0.237531	-0.111577	0.0734232	0.00895794	-0.219817	1.07665	-0.471459	-0.0827356	0.0933992	-0.129311
-0.114336	-0.0354194	0.0403088	-0.0034524	-0.0413506	0.292598	-0.2777	-0.0134816	0.190404	-0.0375702
-0.000435938	0.0066269	-0.00186663	-9.02914e-05	-0.00159637	0.00452758	-0.0148583	0.00367707	0.00686124	-0.00284524
-1.50621e-06	-3.32573e-08	-1.2959e-05	-7.44273e-05	-1.77381e-06	-1.4468e-05	-1.72643e-08	0.0017719	-2.09526e-05	-0.00164576
2.43871e-05	-0.000249701	-5.86021e-05	-0.00323744	-0.0431788	-0.0163428	-0.000303961	0.107523	-0.00128386	-0.0428925
-0.00479775	-0.00387892	-0.00198081	-0.00909163	-0.161655	-0.0221962	-0.00137926	0.437218	-0.00966842	-0.22257
-0.0233558	-0.00415323	-0.169383	0.0701466	-0.216015	-0.0966997	-0.0672917	0.598948	0.0920598	-0.184254
-0.127563	0.00471947	-0.263312	-0.0112271	-0.40583	0.0217615	-0.0664258	0.545831	0.0065837	0.295468
-0.00196395	-0.0709993	-0.523508	-0.234139	-0.0521778	0.0165608	-0.0579896	0.290216	0.31135	0.32265
0.242982	-0.132472	-0.912046	-0.341838	0.199689	0.34853	0.153212	0.00998841	0.0682444	0.363708
-0.00658288	-0.179687	-1.09848	-0.311687	0.353224	0.0683183	0.267728	0.416205	0.275457	0.215506
-0.104599	-0.206232	-0.552619	-0.423786	0.442218	-0.0159792	0.223348	0.518343	-0.0454436	0.164746
-0.0655351	-0.132133	-0.566342	-0.14618	0.201023	-0.114807	0.297721	-0.0472065	0.12967	0.443789
0.0236492	-0.361486	-0.657066	0.210257	0.566861	0.313818	-0.0150954	-0.161902	-0.209261	0.290226
0.0253881	-0.49883	-0.597715	-0.175493	0.524125	0.150873	0.342454	0.0802414	-0.122139	0.271094
0.172312	0.0699704	-0.543245	-0.0364451	0.99071	0.185945	0.151276	-0.736027	0.0664574	-0.320954
0.0819566	0.190778	-0.372019	-0.00618226	-0.0439826	0.341931	0.183983	-0.97618	0.521081	0.0786338
-0.581804	0.982942	-0.508777	0.551626	-0.571392	-0.106619	-0.304604	0.0159936	0.244582	0.278049
-0.871539	0.485926	-0.530879	0.18775	0.18985	0.0564789	-0.380749	0.462409	0.0709389	0.32982
-0.680899	0.144565	-0.212313	0.122036	0.345295	-0.314589	-0.0988093	0.496536	-0.0515804	0.249763
-0.0478069	0.137424	-0.323297	-0.0783755	0.0127304	-0.427534	-0.13756	0.452358	0.108945	0.30312
-0.0498891	-0.025961	-0.289704	0.121871	-0.00823809	-0.316177	-0.198173	0.415706	-0.0893931	0.439962
0.0939776	-0.219112	0.293135	-0.0815944	0.139455	-0.364402	-0.358563	-0.128299	0.237608	0.387793
0.0761462	-0.158259	-0.00889166	0.0046614	0.12413	-0.456464	-0.162571	-0.0019409	0.213527	0.369664
0.0999302	-0.0881945	0.0495612	-0.627953	0.291382	-0.880633	0.105184	0.13965	0.44641	0.464659
0.308618	-0.0879835	-0.0461186	-0.499658	0.124965	-1.23313	0.372923	0.118926	0.435507	0.505957
0.435398	-0.054515	-0.375099	-0.294914	-0.21917	-1.15982	0.768752	-0.233475	0.77115	0.361706
0.646047	-0.0646221	0.17103	-0.131678	-0.133856	-1.08134	0.358217	-0.197501	0.752856	-0.319136
-0.0309269	-0.045405	0.334565	0.0218686	-0.0726448	0.0354067	-0.270052	0.0180391	0.167062	-0.157911
-0.070634	-0.0345936	0.22966	-0.000501111	-0.0325311	0.188574	-0.301091	0.0426405	0.0311253	-0.052649
-0.000375132	0.00516199	0.0234248	-0.000123855	-0.0110196	-0.00457659	-0.0159329	0.0198292	-0.0145964	-0.00179158
-6.46966e-09	6.01297e-05	-7.27475e-06	-2.03079e-05	-1.90621e-07	-1.95554e-06	-1.45205e-06	-1.14683e-05	-6.03565e-06	-1.14383e-05
0.000703808	-4.34458e-05	-3.8137e-05	-0.00164523	-0.0320219	-0.00267873	-0.000328965	0.0608745	-0.000257165	-0.0245647
-0.00219521	-0.00125883	-0.000871149	-0.00573919	-0.105997	-0.00581105	-0.000549204	0.269375	-0.00251555	-0.144438
-0.00679208	0.0130633	-0.211966	0.0303753	-0.174695	0.00174036	-0.0583957	0.484746	0.055407	-0.133482
0.0439874	0.0382324	-0.616419	-0.230981	-0.174016	0.115061	-0.10629	0.314015	-0.0772464	0.693667
-0.0052773	-0.0530689	-0.876718	-0.245367	0.247563	0.218537	0.0837145	0.131737	0.0779921	0.420886
0.312326	-0.105759	-1.11419	-0.271657	0.481327	-0.108868	0.482506	0.215393	-0.00105085	0.109968
0.303037	-0.16855	-0.847432	-0.325605	0.300651	0.174433	0.0562968	0.183512	0.0227598	0.300895
0.0720637	0.0221627	-0.342654	-0.208276	0.320063	-0.0159684	0.0285612	-0.00229734	-0.0969046	0.223249
0.0889224	-0.0779387	-0.25606	-0.112893	0.372915	0.0682063	0.0865986	-0.179917	0.0591167	-0.0489512
0.201225	-0.69201	-0.175238	-0.169281	0.470834	0.17444	0.252206	0.0195276	-0.204583	0.122879
0.0468279	-0.727954	0.134481	-0.208324	0.58044	0.291278	-0.0541513	-0.223964	0.123975	0.0373879
0.109914	0.0397302	-0.0813835	0.109356	0.430683	0.490215	0.0770751	-1.1477	0.271617	-0.299504
-0.489726	0.265963	0.164404	0.402467	-0.321893	0.295284	0.10612	-1.12003	0.588383	0.109027
-0.705596	0.626005	0.0296647	0.26032	-0.0431537	-0.0813319	-0.2381	-0.0390616	-0.0839887	0.275245
-0.899775	0.408167	-0.280973	-0.262297	0.443676	-0.275283	0.044412	0.066823	0.445991	0.309267
-0.626925	0.14549	-0.256571	0.0739333	0.213309	-0.445331	0.0331635	0.232424	0.125364	0.505144
-0.200813	0.406689	-0.0420932	0.0128732	0.161582	-0.181527	-0.331133	0.0352838	-0.163353	0.302496
-0.0371786	-0.243865	-0.239078	0.209097	0.232296	-0.10216	-0.170306	0.0738171	0.0360902	0.241287
-0.0662902	-0.333727	-0.222644	0.0247761	0.0715076	0.0592076	0.136129	-0.209833	0.0534018	0.487471
-0.355972	-0.197332	-0.201722	-0.522242	0.333969	0.0127864	-0.0958131	0.313759	0.32221	0.390358
-0.0928414	-0.129617	0.0673002	-0.561391	0.38164	-0.304253	0.287273	0.159627	-0.169718	0.361981
0.233447	-0.14118	-0.0103426	-0.700726	0.329276	-0.346927	0.419016	-0.089238	0.0573492	0.249327
0.452487	-0.131312	-0.0886661	-0.30797	-0.053261	-0.771896	0.881054	-0.0864172	0.355964	-0.249982
0.491488	-0.123002	0.594764	-0.0915986	-0.265305	-0.881764	0.433718	0.0375617	0.286902	-0.48275
0.111697	-0.0795876	0.693093	0.00259996	0.0104016	-0.248176	-0.345261	0.0489888	0.0561457	-0.249901
-0.0201516	-0.0410305	0.507964	-0.00155942	-0.0231427	-0.0148148	-0.296905	0.00332845	-0.0358872	-0.0778004
-0.00293855	-0.000694893	0.150442	-0.00398957	-0.0372083	-0.0403384	-0.0491676	-0.0108079	-0.00291513	-0.00238121
-4.27509e-05	-1.3322e-06	-2.98574e-05	-0.00229888	-0.000151408	0.0108291	-0.000151574	-7.19038e-05	-0.00029215	-0.00778929
-5.70267e-05	-1.31487e-05	-0.0156438	0.0166003	-0.0174824	-0.00125609	-1.42812e-05	0.0321472	-0.000899802	-0.0133809
-0.000762736	0.00154719	-0.0104742	0.0087892	-0.0437537	-0.00197068	-5.68275e-05	0.146297	-0.00133336	-0.0982816
-0.0888651	0.0251515	-0.177241	0.0356155	-0.0158338	0.0321035	-0.0276007	0.241302	-0.00926489	-0.0153659
-0.02089	0.0408707	-0.402331	-0.129523	0.398933	0.0864701	-0.299778	0.139879	-0.182958	0.369338
0.292988	-0.0700131	-0.66107	-0.356431	0.556593	-0.0321887	0.0427128	0.166096	0.00237985	0.058934
0.167175	-0.13133	-0.240109	-0.433749	0.306997	-0.0831868	0.28506	-0.0686536	-0.0959634	0.293761
0.499869	-0.18999	0.105932	-0.351674	0.384992	-0.0230191	-0.0187431	-0.0257123	-0.533475	0.15182
0.205316	0.00848708	-0.074186	-0.163141	0.3068	0.0815735	0.138664	-0.136931	-0.354154	-0.0124311
0.295676	-0.233556	-0.0782214	-0.0790551	0.250837	0.128223	0.336299	-0.345048	-0.310874	0.0357149
-0.0440883	-0.71079	0.106431	-0.106778	0.266871	0.321037	0.314776	-0.144132	-0.032064	0.0287397
0.139872	-0.67172	0.125834	-0.228623	0.36481	-0.0294897	0.484359	-0.537136	0.334604	0.0174922
0.243545	0.0895076	-0.0877527	0.237767	0.304418	0.0104491	0.159715	-1.08334	0.260114	-0.13442
-0.24825	0.277934	0.256478	0.0049432	-0.277649	-0.0114138	-0.0661182	-0.586942	0.528341	0.122677
-0.770534	0.595526	0.0721926	0.165459	0.0529911	-0.0946011	-0.185122	-0.138756	0.241004	0.0618443
-0.702799	0.44283	-0.182046	0.011987	0.190835	-0.152507	0.0458275	-0.0750869	0.209917	0.211045
-0.788922	0.252666	-0.0202598	-0.0482023	0.388968	-0.354375	0.23402	0.0279983	-0.0455085	0.353616
-0.133056	-0.169767	-0.304211	0.0562297	0.58487	-0.356021	-0.376907	0.28752	0.0935541	0.317791
-0.0554345	-0.644164	0.171391	-0.0144566	0.231921	-0.194841	-0.116508	0.493745	-0.0921912	0.220541
-0.194923	-0.498302	-0.0484775	-0.183078	0.417068	-0.309616	9.04103e-05	0.754779	0.0511404	0.0113181
0.0259438	-0.288256	0.119755	-0.317831	0.2178	-0.0227897	-0.146071	0.373277	-0.200648	0.238821
0.208508	-0.194472	-0.107577	0.0131456	0.0524813	-0.160172	0.136933	0.0337118	-0.148549	0.165989
0.125493	-0.138116	-0.0710798	-0.305849	0.168579	0.107653	0.340199	0.287906	-0.447544	-0.0672381
0.391706	-0.101323	0.209931	-0.197364	-0.0599401	-0.0296155	0.42594	0.326723	-0.401482	-0.564573
0.547104	-0.0528394	0.407683	-0.0144027	-0.247703	-0.238873	0.294988	0.0417209	-0.214845	-0.522825
0.0858052	-0.0420934	0.638673	-0.0285577	-0.0881392	-0.314731	-0.103893	-0.0788981	0.0804645	-0.148626
-0.0098286	-0.00612871	0.41897	-0.0170477	-0.0927181	-0.0428144	-0.213816	-0.00866528	-0.00996159	-0.01799
-0.000271059	-3.15779e-05	0.0147746	-0.0028604	-0.00405026	-0.00177076	-0.00510466	-0.000131679	-0.000508194	-4.60589e-05
-1.6341e-05	-5.28332e-07	-9.82363e-06	-0.000755014	-5.96682e-05	0.0034809	-5.01733e-05	8.1394e-05	-0.000100492	-0.00257026
-5.9632e-05	-7.4268e-06	-0.0333868	0.0368146	-2.75691e-05	-0.00139191	-6.76509e-06	-5.79944e-05	-0.00183958	-3.69814e-05
-0.00172023	0.00972269	-0.0180944	0.0401046	0.0217677	-0.00722678	-0.000300674	0.0338646	-0.00245613	-0.0756613
-0.107912	0.00514176	0.0264035	0.0266472	0.090087	-0.0323059	-0.0890004	0.113607	-0.0149065	-0.0177611
0.158867	-0.00577735	0.108024	0.0594551	0.267113	-0.0481238	-0.466295	0.0022926	-0.174951	0.0994015
0.42697	-0.128129	0.32433	-0.0572235	0.212648	-0.298416	-0.0722657	-0.119487	-0.318947	0.0305228
-0.0996745	-0.226281	0.406916	-0.00907747	0.200805	-0.117263	0.223983	-0.0971958	-0.317581	0.0353686
0.389508	-0.16967	-0.0327161	-0.249503	0.372675	-0.219984	0.277987	-0.173376	-0.26425	0.0693248
0.29301	-0.06418	-0.0937451	-0.319714	0.310354	0.0572576	0.2238	-0.352154	-0.158384	0.103757
0.32758	-0.33124	0.0419931	-0.27447	0.389798	0.205965	0.126317	-0.358751	-0.0419596	-0.0852295
0.372386	-0.533335	0.0353764	-0.205282	0.349682	0.0917858	0.228446	-0.191086	-0.175714	0.0277459
0.0496942	-0.203783	-0.094676	-0.0518644	0.428045	0.0390905	0.415342	-0.550756	-0.0915128	0.0604188
-0.0716641	0.245194	-0.0908199	0.0792521	0.176719	0.117612	0.24945	-0.739404	0.159544	-0.125881
-0.607512	0.461848	0.21739	0.0489465	-0.266911	-0.0257517	0.149131	-0.254952	0.409601	-0.131787
-0.914784	0.715802	0.109065	0.226948	0.0841931	-0.346937	0.251363	-0.369307	0.494934	-0.251274
-0.65446	0.0319334	0.0518618	0.197362	0.224427	-0.284695	0.0183607	0.188047	0.0538407	0.173326
-0.478928	0.357192	0.00634502	-0.041381	0.549674	-0.163158	-0.0776908	-0.257912	-0.112341	0.218203
-0.252615	-0.590332	-0.176684	-0.0528158	0.541384	-0.283635	-0.0224453	0.641236	-0.205907	0.401814
-0.0290558	-0.63213	-0.199302	-0.251152	0.161517	0.331897	-0.0986506	0.595994	0.0210303	0.0998541
-0.0698001	-0.564734	0.0131476	0.0713611	0.267364	0.00313076	-0.00723084	0.268037	-0.0891625	0.107887
0.243992	-0.39823	-0.325836	0.410357	-0.128548	-0.157648	0.134589	0.39372	-0.285061	0.112661
0.0763005	-0.208818	-0.180232	0.279686	-0.0775978	-0.0266168	0.179551	0.338687	-0.270987	-0.109972
0.160473	-0.168694	-0.384735	0.271461	0.26605	-0.13877	-0.0515156	0.467817	-0.189455	-0.23263
0.356207	-0.113039	-0.0815794	0.301465	-0.0974495	0.13397	0.128802	0.18815	-0.364485	-0.45204
0.428066	-0.0644547	0.616364	0.168034	-0.550385	0.111415	0.21185	-0.0682599	-0.39601	-0.456609
0.0190178	-0.033442	0.678738	-0.0714227	-0.211309	-0.183447	0.121968	-0.193264	0.0283284	-0.155162
-0.0170683	-0.011416	0.40756	-0.0227066	0.0368867	-0.0692183	-0.201983	-0.0350212	-0.0272755	-0.0597577
-0.00238454	-0.00132102	0.0658881	-0.00086382	-0.00716456	-0.0295989	-0.0157479	-0.000717252	-0.00373634	-0.0043537
-1.33882e-05	-5.26433e-07	-2.70332e-07	-1.30505e-05	-5.76688e-05	-0.000370994	-3.10153e-06	0.000599644	-2.76135e-05	-0.000113032
-4.99406e-05	3.02471e-05	-0.0164568	0.0206545	-1.71356e-05	-0.000790228	-2.58177e-05	-0.00138422	-0.000957535	-0.00100311
-0.00574721	0.00785207	-0.00218415	0.0971724	-0.0111632	-0.0285704	-0.00164718	-0.00638286	-0.00584009	-0.0434894
-0.0716501	-0.00381468	0.330784	0.152491	-0.0936885	-0.0148334	-0.139698	-0.0869985	-0.008061	-0.0645278
0.223785	-0.0205037	0.408414	0.378103	-0.255733	-0.0664242	-0.469038	-0.0562433	-0.218081	0.0757295
0.510903	-0.165261	0.216657	0.207744	-0.159992	-0.134494	0.0927751	-0.196364	-0.387479	0.0155127
0.235913	-0.356537	0.442526	-0.09313	0.0569155	-0.131961	0.335269	-0.0744382	-0.203368	-0.211184
0.165369	-0.323635	0.0974976	-0.280951	0.395148	-0.554596	0.419143	0.139658	0.0451899	-0.102821
0.339947	-0.232891	-0.17114	-0.486384	0.364797	-0.259006	0.283459	-0.121472	0.0264158	0.256274
0.304009	-0.0505922	0.200397	-0.0606395	0.16438	-0.406291	0.318332	-0.162328	-0.0243265	-0.282941
0.230074	-0.13978	0.164772	-0.1454	-0.121816	-0.0592876	0.361673	-0.52049	0.204158	0.0260986
0.141486	-0.135106	0.197713	-0.0147469	-0.112512	-0.148319	0.800871	-0.845367	0.0172591	0.0987219
-0.265512	-0.253476	0.237396	0.0385019	0.0887541	0.00389554	-0.0580738	-0.212317	0.540021	-0.11919
-0.872008	0.439121	0.447674	0.366084	-0.00644998	-0.0554567	-0.0163922	-0.133068	0.130709	-0.300213
-0.673274	0.720079	0.158187	0.00367971	0.37983	-0.334011	0.181031	-0.504542	0.102328	-0.0333059
-0.367136	-0.131978	-0.12407	-0.180324	0.561437	-0.140226	0.119554	0.210032	0.0866099	-0.0338987
-0.27664	0.0451297	0.221419	-0.417367	0.412146	-0.298193	-0.0180461	0.0334611	0.0834468	0.214646
0.0146595	-0.922133	0.450174	-0.0578412	0.281035	-0.158644	-0.239308	0.365586	0.0226606	0.243813
0.0155281	-0.653996	0.047101	0.367145	0.178407	-0.20113	0.130518	0.119366	-0.169949	0.16701
0.0212618	-0.480717	0.00496286	0.358772	0.0962997	0.0793789	0.257788	0.314675	-0.497736	-0.154684
0.269945	-0.298298	-0.170949	0.198819	0.313138	0.117759	-0.00354475	0.194648	-0.528669	-0.0928478
0.166405	-0.182757	0.398773	0.0759808	0.201569	-0.084684	0.0718128	0.270205	-0.539937	-0.377371
0.183588	-0.186115	0.267032	0.298576	-0.119564	0.214859	-0.115484	-0.0588683	-0.375448	-0.108574
0.167759	-0.167038	0.271029	0.526299	-0.27336	0.203162	-0.0607359	-0.149555	-0.0118485	-0.505711
0.0708929	-0.052134	0.613174	0.404313	-0.375323	0.00052078	0.164932	-0.151058	-0.245777	-0.429533
-0.102302	-0.082094	1.08843	-0.130126	-0.17205	-0.178649	0.0455799	-0.185234	-0.133322	-0.150231
-0.0498256	-0.0417137	0.644754	-0.0244272	-0.118383	-0.115068	-0.165818	-0.0286396	-0.0627623	-0.0381154
-0.00131783	-0.00101093	0.105834	-0.00143662	-0.00502316	-0.0537314	-0.0369961	-0.00186637	-0.0039145	-0.000537502
0.0	0.0	0.0	0.0	0.0	0.0	0.0	0.0	0.0	0.0
-6.38966e-05	0.000449753	-0.00632478	0.00772271	-1.27031e-05	-0.000580986	-2.52228e-05	-0.000100382	-0.000804655	-0.000259828
-0.0192828	-0.000173426	0.060585	0.0826305	0.00130487	-0.0443366	-0.0033206	-0.00339555	-0.00587584	-0.0681354
-0.0580838	-0.00803675	0.321537	0.382842	-0.277217	0.0294165	-0.125578	-0.0891872	-0.0413023	-0.134385
0.149696	-0.0417819	0.469891	0.452952	-0.16124	0.08679	-0.516327	-0.00399007	-0.186396	-0.249586
0.379796	-0.310753	0.337211	0.0870637	-0.206631	0.285028	-0.00731459	-0.0434704	-0.277708	-0.243219
0.323902	-0.51273	0.28053	-0.0302851	-0.0721026	0.482927	0.114577	-0.239269	-0.106656	-0.240889
0.240453	-0.435677	0.183722	0.000462739	0.171925	-0.32795	0.208923	-0.30813	0.14802	0.11825
0.0375221	-0.225553	0.128988	-0.252174	0.24298	-0.333851	0.345611	-0.192749	0.0883168	0.160906
0.276338	-0.142481	0.160569	-0.61141	0.10314	-0.220616	0.36808	-0.209613	0.357872	-0.0818806
0.441051	0.0890201	0.425949	-0.619334	8.6908e-05	-0.373451	0.612682	-0.651629	-0.0351234	0.110749
0.124755	-0.176764	0.289048	-0.434213	-0.0848078	-0.290236	0.555772	-0.243249	0.309054	-0.0493591
-0.0775412	0.100701	0.380977	-0.288967	-0.0491508	-0.515566	0.0439234	0.0100265	0.302849	0.0927475
-0.676592	0.488538	0.332049	-0.236075	0.174904	-0.47576	0.109044	0.0598468	0.23347	-0.00942515
-0.60561	0.579604	0.050057	-0.418852	0.540643	-0.303234	0.13309	0.0663984	0.125534	-0.167627
-0.320491	0.0140262	0.190856	-0.460988	0.340129	-0.0638921	0.0455488	0.0960094	-0.119428	0.27823
-0.0489548	-0.377084	0.0483633	0.0550297	0.29979	-0.00108561	-0.106343	-0.129974	0.227104	0.0331579
0.176424	-0.739651	-0.251992	0.318748	0.261348	0.248951	0.0767398	-0.0304401	-0.145343	0.08522
-0.0766154	-0.358034	0.035997	0.0406768	0.321631	0.3207	0.179471	0.10666	-0.475599	-0.0948872
0.104739	-0.228262	0.0575184	0.345068	-0.222727	0.0982619	0.192076	-0.132389	-0.00807504	-0.206213
0.219879	-0.17082	-0.0680652	0.0323359	0.052304	0.00237896	0.0241428	0.0774439	-0.0257931	-0.143807
-0.0658302	-0.102629	0.0662876	0.0483439	0.163688	-0.00234872	0.13663	0.00957795	-0.0458962	-0.207826
0.213918	-0.0157814	0.132153	0.291536	-0.189709	-0.0754803	0.109994	0.0263878	-0.188258	-0.30476
0.0645853	-0.0502477	-0.0711133	0.490134	-0.24903	0.177389	0.0575303	-0.11401	0.207286	-0.51252
-0.00432334	-0.0170407	0.517231	-0.091749	-0.34624	0.0830222	0.161257	0.0922558	0.0402635	-0.434672
-0.0339045	-0.119429	1.16502	-0.242757	-0.262713	-0.227331	0.0478557	0.0411963	-0.272249	-0.0956775
-0.02181	-0.00773278	0.313801	-0.021859	-0.0646178	-0.0465016	-0.10875	0.0303961	-0.0542183	-0.0187074
0.0318901	-0.00142207	0.0334781	-0.00109191	-0.0338138	-0.00850117	-0.0132746	-0.0045571	-0.000898926	-0.00180865
-3.78346e-05	-1.6517e-05	-2.15616e-05	-0.000694047	-0.00713978	-0.000328764	-5.28128e-06	0.00709148	-0.000246349	0.00139866
-1.41457e-05	0.000111142	-0.000274157	0.00066272	-2.42282e-06	-0.000297753	-5.73856e-06	-1.82482e-06	-0.000122345	-5.54732e-05
-0.0151442	-0.00069317	-5.143e-05	0.0760939	-0.00552011	-0.0278005	-0.00246619	0.0194455	-0.00512822	-0.0387355
-0.113447	-0.00951067	0.162404	0.582123	-0.167017	0.013024	-0.0838767	-0.0332211	-0.13984	-0.210632
0.0690139	-0.0968162	0.537765	0.296979	-0.0316303	0.343111	-0.398851	-0.0989898	-0.298761	-0.321811
0.0477122	-0.38292	0.675934	0.312218	-0.0722721	0.280369	-0.309802	-0.0971026	-0.0782812	-0.375854
0.0946547	-0.707315	0.197267	0.225439	-0.0908171	0.551939	0.0490114	-0.404667	0.133035	-0.0485438
0.0480816	-0.464454	0.451631	-0.17829	0.059452	0.161624	0.249689	-0.343223	0.0263016	-0.010814
0.279625	-0.0544137	0.0222547	-0.107411	0.115839	-0.0290382	0.12367	-0.280131	0.068863	-0.139259
0.337087	0.00888871	-0.0603003	-0.420368	0.116557	-0.251024	0.366542	-0.305192	0.281235	-0.0734293
0.39696	-0.217517	0.259116	-0.445968	-0.301309	-0.166524	0.21385	-0.352047	0.274107	0.339334
0.109306	-0.19803	0.122555	-0.414809	-0.0669676	-0.0914171	0.0744974	-0.08254	0.332736	0.214669
-0.307133	-0.0245257	0.364022	-0.565984	0.205986	-0.105789	0.731225	-0.207843	0.242861	-0.33282
-0.65126	0.0655413	0.340501	-0.344124	0.36007	-0.107011	0.43718	0.0991589	0.0737447	-0.273798
-0.466667	0.24878	0.151178	-0.260473	0.314169	0.0031291	-0.000882125	-0.127976	-0.0864981	0.225245
-0.141981	-0.314503	-0.037484	0.236842	0.165545	-0.0507963	0.087343	-0.104296	0.00234285	0.156991
0.00470251	-0.525367	0.135389	0.437553	0.335961	-0.0211231	0.209905	-0.205337	-0.238892	-0.132789
-0.0131059	-0.134559	0.298331	0.147668	-0.222769	0.190607	0.253437	-0.107513	-0.322597	-0.0894979
-0.0226632	0.0889299	0.0761955	0.129912	-0.0774626	-0.169569	0.277011	-0.082235	-0.0725067	-0.147612
-0.0882019	0.000114906	0.140132	0.166372	-0.170337	0.0998447	-6.66478e-06	-0.0166481	-0.0385187	-0.0927502
-0.245303	0.0815272	-0.0281493	0.140281	0.00325884	-0.00460932	-0.0203927	-0.00517938	0.0690514	0.00951371
-0.103693	0.0176539	0.14307	0.372102	0.0671592	-0.0102654	0.0730357	-0.115017	-0.232289	-0.211755
0.285028	-0.0612996	0.117871	0.462606	-0.399128	0.108137	0.0195382	-0.201202	0.00657937	-0.33813
0.135486	-0.0658833	0.491026	0.196774	-0.268936	0.229735	0.0808328	-0.482119	0.18713	-0.504039
-0.0312621	0.0364733	0.891299	-0.28964	-0.283415	0.256052	0.0754443	-0.25042	-0.044973	-0.359551
-0.0355093	0.0466061	0.800438	-0.147074	-0.249719	-0.136771	0.0636581	-0.0152982	-0.235848	-0.0904805
-0.0123182	0.0214806	0.0967676	-0.0173698	-0.0197149	-0.0358101	-0.033772	0.0356832	-0.0304273	-0.00451885
-0.00809435	-1.01569e-05	0.0472427	-0.000259747	-3.829e-05	-0.0195331	-0.0183247	-2.12539e-05	-0.000443838	-0.000517244
-2.05723e-09	8.28671e-05	-5.44465e-05	-5.14758e-06	-1.34406e-08	-1.31624e-07	-3.03945e-07	-8.04764e-07	-2.16124e-05	-4.04718e-07
0.00797645	0.000427064	-0.00284611	-0.000148739	-0.012843	-0.000813927	-0.000775952	0.0265202	-0.00105905	-0.0164369
-0.00615428	-0.000835363	-0.000508671	0.0556386	-0.00397917	-0.0236364	-0.00298598	0.0202802	-0.00945674	-0.0283622
-0.0858504	-0.0121188	-0.0345173	0.59273	0.0519899	0.0189703	-0.0856279	-0.0880473	-0.194085	-0.163438
-0.0106731	-0.163302	0.319522	0.333188	-0.0571654	0.382896	-0.226229	-0.0549815	-0.252449	-0.2708
0.0607228	-0.562	0.182873	0.468714	0.103679	0.238838	-0.232157	-0.168652	0.146468	-0.238485
0.216552	-0.333456	0.0671491	0.0573086	-0.018086	0.352342	-0.00561575	-0.332946	0.112703	-0.115951
0.189978	0.0694583	0.362909	-0.123836	-0.0712954	0.0448671	0.162835	-0.492214	-0.113537	-0.0291653
0.213955	-0.0127586	0.188904	-0.0830164	-0.27421	0.316487	-0.0359586	-0.264327	0.0845456	-0.13362
0.0823182	0.0957384	0.312367	-0.0378718	-0.467534	0.0492007	0.342626	-0.318227	0.295553	-0.354175
0.261342	-0.146274	0.402391	-0.0914852	-0.517465	0.0964029	0.459084	-0.595452	0.309669	-0.178213
0.36542	-0.146952	0.199088	-0.248817	-0.109654	0.0596799	0.707632	-0.291778	-0.187219	-0.347397
0.258532	-0.127161	0.183878	-0.238289	-0.553622	0.049604	0.611794	-0.130349	0.0400797	-0.0944664
-0.174716	0.238438	0.460322	-0.106025	-0.177889	0.0635261	0.184182	-0.131285	-0.133953	-0.222597
-0.294008	-0.15425	0.0952418	0.00627753	0.284531	-0.0662161	0.384015	0.164284	-0.136734	-0.283141
-0.188069	0.0313718	0.259804	0.0275846	-0.0145975	0.0763814	0.292026	-0.176782	-0.0595275	-0.24819
-0.208546	0.244532	0.300001	0.155196	-0.0634623	-0.0984296	0.254321	-0.415399	-0.0209271	-0.147284
0.0377452	-0.055249	0.310428	0.350374	-0.218259	-0.142852	0.233024	-0.336863	0.0668292	-0.245178
-0.000171932	0.0902737	0.12696	0.243553	-0.195995	0.0353224	0.0974197	-0.441972	0.193859	-0.149247
-0.148685	0.171571	-0.0930494	0.201939	-0.281603	-0.0445299	0.175913	-0.056945	0.0580974	0.0172926
-0.00658139	0.0720634	0.13625	0.0107595	-0.238334	0.223434	0.0516448	-0.255668	-0.0023762	0.00880475
0.0893148	0.011968	0.226869	0.308844	-0.0511068	0.155568	0.198386	-0.48887	-0.151115	-0.299858
0.334446	-0.0500137	0.37078	0.116497	-0.558975	0.124246	0.226607	-0.520728	0.29339	-0.336247
0.054144	-0.013272	0.337776	0.195947	-0.395861	0.294556	0.0848931	-0.533733	0.23571	-0.26015
0.0343549	0.093215	0.410733	-0.146922	-0.278073	0.2876	-0.0140926	-0.131421	-0.0854307	-0.169956
-0.0589811	0.107324	0.64037	-0.0773922	-0.135201	-0.028385	-0.126597	-0.042807	-0.217868	-0.0604603
-0.0130912	0.0209412	0.203318	-0.0120916	-0.00298539	-0.065992	-0.0723594	-0.00324044	-0.0344546	-0.0200444
-0.00258878	6.39501e-05	0.0202919	-0.000128812	-2.10648e-07	-0.00577914	-0.0117318	-5.85906e-07	-0.000126264	-2.92497e-07
0.0	0.0	0.0	0.0	0.0	0.0	0.0	0.0	0.0	0.0
0.0200919	-5.198e-05	-0.00637619	-0.000596874	-0.000120629	-0.000895608	-0.00194644	-0.000227396	-0.00220534	-0.00767144
-0.00939911	-0.0073406	0.0490764	0.0334844	0.00360576	-0.00965359	-0.00306254	-0.0125512	-0.018038	-0.0261215
-0.0786806	-0.0283861	0.135129	0.47422	-0.013451	0.0549756	-0.0620042	-0.136757	-0.193344	-0.151698
0.0671131	-0.0925697	0.382815	0.492478	-0.0920049	0.108981	-0.213174	-0.286911	-0.218092	-0.148629
0.274631	-0.428983	0.316391	0.246503	-0.223203	0.438307	-0.269459	-0.329563	-0.075448	0.0508249
0.226084	-0.0509941	0.283915	0.440425	-0.242512	0.230057	-0.191553	-0.489633	0.0158026	-0.221594
0.163236	0.0430446	0.665637	0.181539	-0.489765	-0.172945	0.250177	-0.52363	0.378825	-0.496116
0.213153	0.263141	0.313778	0.180474	-0.611819	0.24477	-0.0952016	-0.305077	0.0702518	-0.273472
0.202752	0.128351	0.287498	0.343161	-0.40554	0.229089	0.296768	-0.436502	-0.117804	-0.527772
0.28523	0.221157	0.29599	-0.0514046	-0.44166	-0.0174275	0.552827	-0.374607	0.187508	-0.657615
0.408254	0.254263	0.429668	-0.173179	-0.14345	0.126126	0.356007	-0.374268	-0.185179	-0.698241
0.488693	0.151757	0.238932	-0.496829	-0.20872	0.0396075	0.562099	-0.145181	0.0302077	-0.660562
0.173521	-0.100616	0.0497277	-0.0812538	-0.382967	0.0997727	0.218876	0.0090125	0.166347	-0.152419
-0.00996336	-0.0259118	-0.0624067	0.123941	-0.0979321	-0.144366	0.741355	0.0530462	-0.30489	-0.272868
0.00439799	-0.0306858	0.0808204	-0.0940711	-0.0295118	0.0288974	0.383488	-0.268347	0.171214	-0.246202
-0.105908	0.328121	0.0265743	0.111658	0.142686	0.155281	0.164813	-0.439158	-0.281619	-0.102445
0.0368488	0.319563	-0.167134	0.197886	0.0644661	0.228818	0.0727352	-0.565543	-0.0587752	-0.128863
-0.0602935	0.407718	0.122159	0.306936	-0.0821292	0.180293	0.315067	-0.840336	-0.0268296	-0.322583
-0.0705188	0.396728	0.291392	0.107105	-0.318816	0.149556	0.0491638	-0.489095	-0.0243464	-0.0911684
-0.0577357	0.210367	0.234184	0.316115	-0.204012	-0.0364433	0.287995	-0.700906	0.172416	-0.221981
0.0849762	0.0293014	0.348192	0.123663	-0.0751372	0.146417	0.0824914	-0.6773	0.310517	-0.373118
0.176182	-0.0424	0.300942	0.0378998	-0.3356	0.538566	-0.113153	-0.604867	0.31944	-0.277004
-0.0706648	-0.0438449	0.281725	0.140037	-0.323777	0.207183	0.0418418	-0.337346	0.183347	-0.0784942
-0.0279234	-0.0127993	0.521184	-0.104438	-0.186748	0.118657	-0.0830388	-0.0680153	-0.203882	0.0470092
-0.0507505	0.0177633	0.287729	-0.0454252	-0.140516	0.123395	-0.0560028	-0.0575453	-0.137017	0.0583706
-0.00183424	0.0219729	0.0545691	-0.00294151	-0.000844087	-0.00908483	-0.0143156	-0.00207526	-0.0309238	-0.0145227
-2.12066e-05	0.000250206	-0.000201769	-4.97393e-05	-4.36177e-05	0.00051309	-5.043e-06	-3.24102e-05	-0.000376072	-3.34394e-05
-2.2351e-08	0.000146436	-6.83476e-05	-2.53883e-05	-4.94602e-07	-8.11574e-07	-8.56486e-07	-9.08422e-06	-3.93669e-05	-2.06404e-06
-5.95145e-05	1.801e-05	0.000238771	0.000934977	-3.59596e-06	-0.000417603	-3.38108e-05	-0.000265236	-0.000136977	-0.000275022
-0.0296307	-0.0121957	0.101601	0.0756881	-0.000561416	-0.0235849	-0.00229302	-0.0687375	-0.0188899	-0.0213952
-0.0539227	-0.0115691	0.219323	0.324547	-0.0769753	0.0778907	-0.0444242	-0.189966	-0.129021	-0.115877
-0.067536	0.104663	0.223121	0.279172	-0.126298	0.302746	-0.204068	-0.317177	-0.0515895	-0.143024
0.161773	0.445178	0.174952	-0.0233075	-0.124034	0.117251	-0.306902	-0.368924	-0.0618218	-0.0141625
0.163125	0.324382	0.189379	0.264931	-0.425389	0.180666	-0.394019	-0.463551	0.279259	-0.118787
0.138401	0.121082	0.206358	0.227037	-0.467394	0.326795	-0.0475382	-0.533131	0.315682	-0.287294
-0.092081	0.22396	-0.067854	0.219582	-0.0212606	0.104719	0.214185	-0.281714	-0.0781942	-0.221346
0.0504707	0.0445532	0.257921	-0.308767	-0.110379	0.135009	0.242892	-0.418744	0.275865	-0.168822
0.248764	0.323493	0.127466	-0.127305	-0.224722	0.0334551	0.230699	-0.201174	-0.160638	-0.250038
0.37191	-0.137125	0.0963976	-0.131789	-0.0309312	0.230143	0.317409	-0.284962	-0.00511582	-0.425934
0.36416	-0.151269	-0.0878675	-0.0471237	-0.0612412	0.0930418	0.634641	-0.118685	-0.256091	-0.369567
0.12144	-0.195146	0.159213	-0.00834238	-0.214611	0.0918852	0.5948	-0.265996	0.107581	-0.390825
-0.033069	0.195192	0.157819	-0.110608	-0.174943	0.179536	0.65026	-0.376173	-0.0695963	-0.418415
0.00902055	0.0977126	-0.0493306	0.0556622	0.128314	0.118509	0.2635	-0.155842	-0.0808171	-0.386727
0.0503847	-0.0390341	0.153963	0.116737	-0.154773	-0.0282814	0.291614	-0.0156514	-0.177273	-0.197683
-0.196233	0.0335643	0.345493	-0.0825334	0.0344168	0.150424	0.445989	-0.372103	0.0490821	-0.4081
-0.210119	0.444855	0.354147	0.158269	-0.190072	0.0119379	0.319796	-0.436613	-0.045664	-0.406541
-0.302788	0.28504	0.491987	0.315792	-0.0229998	-0.0630499	0.14785	-0.464341	-0.0521854	-0.335307
-0.13542	0.423689	0.0354501	-0.0213131	-0.0399501	0.272828	0.0775528	-0.53614	0.15618	-0.232874
0.0256259	0.256699	0.170384	-0.146432	0.00471391	0.464025	-0.0516727	-0.641545	0.0137637	-0.0955559
0.0574375	-0.209441	0.37532	-0.0288529	-0.115477	0.472384	0.0683849	-0.578634	0.20748	-0.248594
0.0237732	-0.148914	0.552072	-0.161253	-0.0630831	0.255692	-0.0408489	-0.351652	-0.0300594	-0.0357205
-0.0636944	0.0290844	0.402683	-0.170841	-0.132639	0.180736	-0.044279	-0.0592101	-0.274857	0.133021
-0.0314742	0.00404868	0.1719	-0.0353205	-0.125726	0.177331	-0.0520499	-0.0277306	-0.0915298	0.0105523
0.0309881	-0.000392825	0.0171188	-0.0048173	-0.00281225	0.00466219	-0.00442711	-0.0031564	-0.0095653	-0.0275979
5.89168e-06	-4.49165e-11	-1.29966e-06	-3.28976e-07	-4.03618e-09	-1.60428e-06	-2.41104e-07	-7.73743e-09	-2.38677e-06	-1.91009e-08
-2.16526e-08	0.00014186	-6.62117e-05	-2.45949e-05	-4.79146e-07	-7.86212e-07	-8.29721e-07	-8.80034e-06	-3.81367e-05	-1.99954e-06
-9.25563e-07	4.19734e-05	-2.28309e-05	3.26936e-05	-1.96274e-07	-1.28908e-05	-2.7113e-07	-1.51205e-05	-1.40736e-05	-8.35841e-06
-0.00539696	-0.0117997	0.0759316	0.0869953	-0.000421241	-0.0156422	-0.00023383	-0.0924088	-0.0141457	-0.0228784
-0.0689075	-0.0156554	0.183233	0.265948	-0.0823349	0.0401893	-0.020738	-0.202961	-0.0439046	-0.0548656
-0.287404	0.156543	0.226494	0.203465	-0.126416	0.306365	-0.0964174	-0.248688	-0.017954	-0.115977
-0.0500908	0.875052	0.184505	0.0102781	-0.198727	-0.0766163	-0.205332	-0.123986	-0.0905583	-0.32452
0.0339145	0.528354	0.37817	0.202146	-0.254607	-0.255094	-0.397651	-0.148955	0.0941785	-0.180454
0.0606689	0.0830927	0.344685	0.147948	-0.292813	-0.0294781	-0.259769	0.0597878	0.148153	-0.262279
0.202014	0.0797282	0.36589	-0.0848335	-0.225715	0.0522066	-0.121536	-0.083536	-0.157626	-0.0265926
0.167218	0.155892	0.307701	-0.0058849	-0.308397	0.0279987	0.11616	-0.24363	-0.0782117	-0.138847
0.151544	-0.0878363	0.0749098	0.0206619	-0.223127	-0.0879255	0.191444	-0.0985381	0.0259985	0.0328683
0.186322	-0.425597	0.169629	0.156236	-0.158279	0.111594	0.0242088	-0.329374	0.244172	0.021089
0.176773	-0.60814	0.138816	-0.0892228	-0.178722	0.141145	0.332272	-0.0333811	0.0967321	0.0237265
0.575659	-0.424357	0.0520642	-0.135696	-0.0992751	0.272251	0.311102	-0.459368	0.147598	-0.239979
0.0975268	-0.12689	-0.0651002	-0.114578	-0.209272	0.20122	0.00199312	-0.0975344	0.31294	-0.000303877
0.120954	0.0443424	-0.140461	0.0790918	-0.209392	0.114332	0.276258	-0.0735645	0.122034	-0.333594
0.0312787	0.0240963	0.0307167	0.000670385	-0.161371	0.181429	0.192424	-0.0462363	-0.0382582	-0.214748
0.0733427	0.263054	-0.0382676	0.107894	-0.010389	-0.00538568	0.0628221	-0.254617	0.104119	-0.302571
-0.135749	0.481933	0.132766	0.00774836	-0.0532215	0.183827	-0.0480512	-0.303466	0.00982578	-0.275612
-0.129803	0.302934	0.270813	0.177511	0.263547	0.156945	-0.0333817	-0.262072	-0.203774	-0.542721
-0.193267	0.323256	0.306017	0.16605	0.0103453	0.138626	0.12748	-0.528533	-0.165968	-0.184006
-0.0563287	0.0178171	0.218999	-0.0556979	0.327152	0.0438525	0.112257	-0.638957	0.1398	-0.108891
0.0900231	-0.201314	0.379786	0.085584	0.00916094	0.203013	-0.126564	-0.460262	-0.00281621	0.0233941
0.0721173	-0.103954	0.260541	-0.073941	-0.121596	0.273392	-0.155304	-0.345195	0.0122445	0.181702
-0.0485533	-0.012235	0.244247	-0.118617	-0.116185	0.189	-0.0705333	-0.0560259	-0.12183	0.110735
-0.0228947	-0.00260695	0.0871674	-0.0311145	-0.080798	0.110803	-0.0179583	-0.0254849	-0.0380816	0.0209694
0.00327087	0.00657458	-0.0319241	0.00021334	0.00494777	0.0319809	-0.000105798	-0.0015499	-0.00585866	-0.00754893
1.08769e-05	-8.29228e-11	-2.39938e-06	-6.07341e-07	-7.4514e-09	-2.96174e-06	-4.45116e-07	-1.42845e-08	-4.40634e-06	-3.52632e-08
0.0	0.0	0.0	0.0	0.0	0.0	0.0	0.0	0.0	0.0
0.0	0.0	0.0	0.0	0.0	0.0	0.0	0.0	0.0	0.0
-0.000353569	-0.000211321	0.00207975	0.0943924	-0.000181189	-0.000487423	-3.07425e-05	-0.069082	-0.00284673	-0.0232792
-0.0328421	-0.0660575	-0.0365529	0.308277	-0.0161427	0.0565871	-0.00193143	-0.159591	-0.038893	-0.0128521
-0.20834	-0.037984	0.0010515	0.390192	-0.0661368	0.226113	-0.01704	-0.0369303	-0.0808964	-0.170026
-0.220044	0.45993	-0.0725363	0.340648	-0.129941	0.230862	-0.0613498	0.0886912	-0.375916	-0.260339
-0.0993852	0.394105	-0.00242575	0.296753	-0.0663563	-0.0320048	-0.146468	0.267821	-0.366778	-0.245257
0.134458	0.0818103	0.122873	0.294982	-0.0494428	-0.250014	-0.293486	0.383854	-0.212998	-0.212038
0.193641	-0.0435558	0.185505	0.017939	-0.03579	0.10604	-0.294721	-0.381869	0.221292	0.0315186
0.294401	0.0729513	0.208897	0.214325	-0.0477318	0.0521819	-0.304022	-0.183101	0.0375561	-0.345459
0.347501	-0.0647956	-0.0241813	0.0992645	-0.038426	0.347111	-0.410095	-0.165537	-0.100166	0.00932682
0.33432	-0.0785076	0.226766	0.258233	-0.0220771	0.0743436	-0.284703	-0.396927	0.0400702	-0.151519
0.167305	0.245604	0.132715	-0.219775	-0.152631	0.129299	-0.0321648	-0.347624	0.1606	-0.08333
0.240828	-0.0678348	-0.144439	0.211025	-0.0826597	-0.0916981	-0.0603899	-0.339549	0.477822	-0.143103
0.264858	-0.268516	-0.0529516	-0.168258	0.0192506	0.127027	0.0540643	-0.191346	0.216486	-0.000613829
0.208813	0.162775	-0.0920942	-0.064415	-0.0768225	-0.0313026	-0.00185585	-0.0361486	0.177387	-0.246334
0.00483645	0.0627682	0.0170054	-0.369377	0.168313	0.212479	-0.0763055	-0.214571	0.354555	-0.159704
0.0940587	0.282646	-0.0844482	0.0405909	-0.0201652	-0.0247854	-0.0457329	-0.143318	0.0552437	-0.15409
-0.384049	-0.00914355	0.261015	0.331143	0.2606	-0.321586	0.0659488	-0.283316	0.17009	-0.0907043
-0.410152	0.0511953	0.475092	-0.0205123	0.213394	-0.0914587	0.0975018	-0.451987	0.17762	-0.0406945
-0.386283	-0.0822764	0.406419	0.0878575	0.225739	0.0676095	0.048892	-0.58373	0.202482	0.013295
-0.175998	-0.169895	0.502675	-0.0393721	0.270906	-0.0372354	-0.044831	-0.587661	0.0634321	0.217989
-0.0622194	-0.14142	0.450434	-0.168239	-0.118408	0.0549957	-0.0526299	-0.379476	0.0251647	0.391805
-0.0544922	-0.118446	0.297096	-0.0922739	-0.167367	0.167912	-0.0553568	-0.359837	0.0857752	0.296994
-0.0759435	-0.0310659	0.247296	-0.0443223	-0.112853	0.114548	-0.0391241	-0.103321	-0.0801138	0.1249
-0.0153582	0.000521616	0.0902744	-0.0282143	-0.00227972	0.040745	-0.00943166	-0.0300496	-0.029687	-0.0165205
-1.98044e-05	0.0266946	-0.0221137	0.0124495	0.0051308	0.0187754	-0.000165616	-0.00125394	-0.0237924	-0.0157048
0.0	0.0	0.0	0.0	0.0	0.0	0.0	0.0	0.0	0.0
0.0	0.0	0.0	0.0	0.0	0.0	0.0	0.0	0.0	0.0
0.0	0.0	0.0	0.0	0.0	0.0	0.0	0.0	0.0	0.0
-0.00157178	-9.97799e-06	-0.00220933	0.0458561	-1.28806e-05	-0.00052283	-3.95577e-06	-0.0354614	-0.000153663	-0.00591025
-0.00261518	-0.0428317	-0.0952502	0.191626	-0.000348805	0.0548264	-0.000158103	-0.020586	-0.0681193	-0.0165434
-0.0129477	-0.0802442	-0.156698	0.336126	-0.0256306	-0.0028925	-0.00311716	0.116871	-0.22025	0.0487852
-0.097292	0.0469713	-0.291256	0.286894	-0.0241757	0.00357415	-0.0236395	0.436206	-0.409158	0.0718816
-0.14317	0.0312495	-0.402482	0.552068	-0.0264094	-0.0435818	-0.0396679	0.460918	-0.436266	0.0473462
-0.198091	-0.0837141	-0.359171	0.520091	-0.0278648	0.0469491	-0.0895843	0.281875	-0.258514	0.168024
-0.111586	-0.199164	-0.163426	0.167463	-0.0524493	0.137093	-0.17255	0.120323	0.19221	0.0820891
-0.0189357	-0.17563	-0.0206319	0.200212	0.0508286	0.411043	-0.254402	-0.0268393	0.0139596	-0.179603
0.00416417	-0.259198	-0.1717	0.464547	0.0143247	0.158244	-0.347021	0.0392617	0.0190807	0.0782961
-0.0289415	-0.304636	-0.129056	0.385711	0.184778	0.154546	-0.502988	-0.053347	0.416195	-0.122263
0.289644	-0.296883	0.108996	0.196286	-0.171111	0.230258	-0.428088	-0.040055	0.327033	-0.216082
0.271706	-0.379707	0.00177696	0.320065	-0.191254	0.402049	-0.452663	0.176492	0.185071	-0.333537
0.165941	-0.38085	0.318452	0.327484	-0.104689	0.292591	-0.393088	-0.0554745	0.274087	-0.444452
-0.0217359	-0.270675	0.0575568	0.155878	-0.116645	0.258458	-0.307038	-0.0616586	0.331892	-0.0260308
-0.0951585	-0.570106	0.0243147	0.301174	0.0495218	0.0661831	-0.133607	-0.122689	0.563034	-0.0826656
-0.150548	-0.163127	0.204757	0.207558	-0.159242	0.270845	-0.0851863	-0.0619001	-0.139038	0.0758813
-0.314115	-0.0168382	0.29223	-0.221249	-0.0153303	0.271144	-0.109824	-0.298726	0.328511	0.0841988
-0.381606	0.0188006	0.0194378	-0.144549	0.12993	0.0591039	-0.13037	-0.222279	0.572915	0.078618
-0.373712	-0.0343871	0.022019	-0.0381985	0.08369	0.0704814	-0.0706809	-0.237435	0.166378	0.41185
-0.252294	-0.0387792	0.249697	-0.0034373	0.0856305	0.00158952	-0.0756377	-0.270362	-0.0497468	0.353343
-0.115445	-0.0897151	0.0813734	-0.0452974	0.0326792	0.206046	-0.0438619	-0.276913	-0.0550928	0.306229
-0.0489808	-0.0366397	0.146573	-0.0321543	-0.0318506	0.137944	-0.0176388	-0.325517	-0.0457128	0.253979
-0.00725457	-0.0184297	0.319385	-0.0411173	-0.0661687	0.0755763	-0.00376417	-0.130369	-0.0753561	-0.0525024
-0.000577999	0.00892431	0.171565	-0.00782081	0.0124503	-0.0378192	-0.000402885	-0.0533815	-0.0372365	-0.0557005
-4.26425e-07	0.00205624	0.0252125	-1.94048e-05	-0.00015958	-0.000659939	-4.16269e-05	-1.7587e-06	-0.00551114	-0.0208749
0.0	0.0	0.0	0.0	0.0	0.0	0.0	0.0	0.0	0.0
0.0	0.0	0.0	0.0	0.0	0.0	0.0	0.0	0.0	0.0
0.0	0.0	0.0	0.0	0.0	0.0	0.0	0.0	0.0	0.0
-2.7835e-05	-2.83343e-07	-6.03624e-05	0.00441143	-9.2027e-05	-9.92809e-06	-3.74481e-07	-0.00610961	-0.000341549	0.00223055
-0.000130869	-0.00429224	-0.0203748	-0.0398549	-7.45696e-05	0.053191	-5.48085e-05	0.024512	-0.00460339	-0.0083174
-0.00314111	-0.0597764	-0.0641891	-0.0111059	0.00366881	0.0641448	-0.000959855	0.138974	-0.121633	0.0540186
-0.0220529	-0.123468	-0.0966055	0.126365	-0.0561034	-0.0118096	-0.00188529	0.0517746	-0.235691	0.369477
-0.10837	-0.152923	-0.0801955	0.352854	-0.157461	-0.0204107	-0.00574299	-0.0312206	-0.155909	0.359383
-0.16361	-0.197938	-0.188215	0.60495	-0.240254	0.000936443	-0.0108416	0.0259698	-0.154078	0.323087
-0.243328	-0.177678	-0.385757	0.867549	-0.438184	-0.00302879	-0.0414896	0.312183	-0.258988	0.368732
-0.352333	-0.286498	-0.46154	0.828617	-0.295368	0.194975	-0.0591248	0.398165	-0.223277	0.25639
-0.50336	-0.610563	-0.380937	0.740028	-0.101011	0.230374	-0.0536777	0.224244	0.125815	0.329094
-0.512936	-0.504862	-0.388716	0.56819	-0.269708	0.363575	-0.049391	0.497283	0.110551	0.186017
-0.663323	-0.307697	-0.240758	0.738786	-0.464643	0.344504	-0.0379881	0.385379	-0.0705163	0.31626
-0.603302	-0.366611	-0.146491	0.590099	-0.222561	0.355889	-0.113481	0.275618	-0.0278796	0.258724
-0.574667	-0.416815	0.0154984	0.338614	-0.221486	0.105706	-0.112611	0.243914	0.196851	0.424999
-0.511531	-0.450494	0.0963619	0.160876	-0.229945	0.414955	-0.119771	0.242083	0.314236	0.0832331
-0.343893	-0.467812	0.0363455	0.276683	-0.416441	0.343357	-0.0983187	0.128427	0.292506	0.24915
-0.40626	-0.294586	-0.0446858	0.204917	-0.424859	0.336168	-0.0631729	0.0893299	0.333424	0.26973
-0.356716	-0.159598	-0.253445	0.143702	-0.335282	0.223722	-0.0545201	0.273666	0.212021	0.306456
-0.198039	-0.131713	-0.313279	0.22784	-0.458011	0.219794	-0.0352911	0.104795	0.137715	0.446194
-0.218488	-0.0491572	-0.217881	0.0178331	-0.268599	0.166083	-0.0193194	-0.0763064	0.0481291	0.61771
-0.161118	-0.0106459	-0.181097	-0.109497	-0.1927	0.257297	-0.010815	-0.0614722	-0.0320419	0.502094
-0.0676344	-0.00646826	-0.166007	-0.0387139	-0.0852081	0.309765	-0.00741153	3.64712e-05	-0.047676	0.10932
-0.0184651	-0.000962361	-0.07765	-0.00695304	-0.0767847	0.211101	-0.00327737	-0.072491	-0.0138471	0.05933
-0.00333666	-1.23546e-05	-0.00718185	-0.000262908	-0.0492712	0.115923	-0.000610103	-0.00648429	-0.00694834	-0.0418153
-5.1855e-07	-1.15636e-05	0.0223886	-0.000278892	-0.00113281	-1.5879e-05	-2.66182e-05	-0.00119639	-0.00445052	-0.0152755
-3.80948e-07	-1.38156e-05	0.0267746	-4.12259e-06	-0.000169189	-1.21943e-05	-3.03058e-05	-1.39094e-06	-0.00439236	-0.0221508
0.0	0.0	0.0	0.0	0.0	0.0	0.0	0.0	0.0	0.0
0.0	0.0	0.0	0.0	0.0	0.0	0.0	0.0	0.0	0.0
0.0	0.0	0.0	0.0	0.0	0.0	0.0	0.0	0.0	0.0
0.0	0.0	0.0	0.0	0.0	0.0	0.0	0.0	0.0	0.0
0.0	0.0	0.0	0.0	0.0	0.0	0.0	0.0	0.0	0.0
-0.000206874	-0.00105632	-0.000804291	0.00169742	0.00545975	-0.00303423	-3.9789e-05	-0.0760323	-0.0128811	0.0868977
-0.00410493	-0.00381121	-0.00322908	0.028741	0.00378861	-0.00922765	-0.000272363	-0.169029	-0.0463544	0.203499
-0.021255	-0.00776265	-0.0115622	0.04885	-0.0660364	-0.0452376	-0.00113568	-0.146379	-0.0811298	0.331649
-0.0468672	-0.0116352	-0.0276879	0.0595396	-0.171284	-0.142911	-0.00199401	0.00603708	-0.0319378	0.368743
-0.0659709	-0.0188585	-0.0353484	0.0253332	-0.280914	-0.181825	-0.0044446	0.123176	-0.00967509	0.44853
-0.125972	-0.0330934	-0.0367648	0.000289461	-0.442604	-0.116946	-0.00648927	0.239455	-0.0771333	0.599262
-0.112984	-0.10529	-0.0324857	0.047971	-0.445122	-0.0315486	-0.00741004	0.254531	-0.169659	0.602003
-0.0813755	-0.0932812	-0.0899566	0.0628114	-0.524579	0.125723	-0.00948531	0.195818	-0.100786	0.515117
-0.0536953	-0.122227	-0.04611	0.0197447	-0.538527	0.112538	-0.0111735	0.0637949	-0.100396	0.676055
-0.107076	-0.192094	-0.0841151	0.0453418	-0.604031	0.0143742	-0.0156703	0.416813	-0.126011	0.652473
-0.149852	-0.152816	-0.0648715	0.004001	-0.767904	-0.0193762	-0.0130489	0.477407	-0.196524	0.882987
-0.115019	-0.0839945	-0.0860271	0.0183005	-0.658714	0.126918	-0.0106799	0.593903	-0.252705	0.468021
-0.0816636	-0.0666332	-0.109125	0.136328	-0.591688	0.0208284	-0.00969168	0.356858	-0.171627	0.516417
-0.118686	-0.0444629	-0.128196	0.114048	-0.535319	-0.0483379	-0.00927255	0.359091	-0.0839195	0.495058
-0.0763414	-0.0627364	-0.0808714	0.0657908	-0.553081	-0.0941719	-0.00852708	0.329926	-0.0649694	0.544984
-0.0113349	-0.0356708	-0.0279209	0.0250403	-0.444245	-0.000631809	-0.00509391	0.233192	-0.088146	0.354813
-0.0599991	-0.0126253	-0.0317128	-0.0121194	-0.226602	0.0661893	-0.00349027	0.00925782	-0.0412525	0.312355
-0.0723979	-0.00664104	-0.0378026	-0.00949078	-0.114112	0.0617127	-0.00242979	0.00883474	-0.0148339	0.187161
-0.0355654	-0.00109261	-0.013948	0.00156783	-0.0636663	0.0274378	-0.000426974	0.0826676	-0.00367521	0.00670132
-0.00190102	-1.07506e-05	-7.5492e-05	-0.000316389	-0.00484377	0.00041717	-8.20066e-05	-0.00181042	-0.000314941	0.00893762
-5.7694e-06	-1.62592e-09	-6.34106e-07	-1.51133e-06	-0.00155819	-3.77657e-05	-1.6261e-06	-0.000157254	-1.27072e-05	0.00177546
-2.26873e-07	-1.84216e-08	-1.52274e-06	-2.86599e-07	-7.4557e-08	-1.01684e-07	-8.64725e-10	2.45324e-05	-7.1628e-07	-2.15841e-05
0.0	0.0	0.0	0.0	0.0	0.0	0.0	0.0	0.0	0.0
0.0	0.0	0.0	0.0	0.0	0.0	0.0	0.0	0.0	0.0
0.0	0.0	0.0	0.0	0.0	0.0	0.0	0.0	0.0	0.0
0.0	0.0	0.0	0.0	0.0	0.0	0.0	0.0	0.0	0.0
0.0	0.0	0.0	0.0	0.0	0.0	0.0	0.0	0.0	0.0
0.0	0.0	0.0	0.0	0.0	0.0	0.0	0.0	0.0	0.0
-3.34401e-06	-4.30381e-06	-2.18732e-06	-7.08622e-07	-1.24618e-06	-9.92243e-07	-7.39625e-08	0.000202529	-4.38202e-05	-0.000145854
-6.18421e-05	-1.11464e-05	-8.45259e-06	-2.7093e-06	-5.7277e-06	-1.77867e-05	-8.25061e-07	0.000840754	-0.000123214	-0.000609052
-9.4223e-05	-9.87256e-06	-3.36104e-05	-3.91094e-05	-0.00966507	-6.55276e-05	-2.63219e-06	-0.000798508	-0.000160094	0.0108686
-0.000182298	-2.26083e-05	-0.000128577	-0.000107448	-0.0551728	-0.000626457	-3.93302e-05	-0.00724546	-0.000271943	0.0637969
-0.00051524	-4.82178e-05	-0.000194278	-0.000227693	-0.0568257	-0.00132095	-7.16229e-05	0.00944356	-0.000442491	0.0502027
-0.00114599	-4.76766e-05	-0.00029713	-0.00159739	-0.0258801	-0.000940756	-2.9092e-05	0.0109839	-0.000965986	0.0199203
-0.00118647	-0.0048067	-0.00625094	-0.00923072	-0.0580291	0.00396463	-6.60052e-05	0.075129	-0.0171547	0.0176311
-0.00195118	-0.00170177	-0.00265055	-0.00510587	-0.0364739	0.0113641	-6.68488e-05	0.0224197	-0.0043962	0.0185627
-0.00402848	-0.00496883	-0.00109528	-0.00513978	-0.0481523	0.00717455	-0.000406561	0.035055	-0.0107458	0.0323076
-0.00674934	-0.00489755	-0.00136354	-0.00691698	-0.0382744	-0.00322733	-0.000421706	0.169599	-0.00884376	-0.0989042
-0.0101685	-0.00229011	-0.00104994	-0.00954636	-0.129341	-0.0130873	-0.000845929	0.135672	-0.00705618	0.0377142
-0.0103427	-0.000524506	-0.00117521	-0.00759599	-0.0652638	-0.00943365	-0.000777332	0.137833	-0.00652087	-0.0361992
-0.00595579	-0.000332642	-0.00102182	-0.00927885	-0.0383885	-0.00744571	-0.000550358	0.11839	-0.00355847	-0.051858
-0.00450533	-0.00780631	-0.00148351	-0.00688938	-0.0349761	-0.00954766	-0.000524933	0.153241	-0.00359453	-0.0839135
-0.00466337	-0.0241897	-0.000892585	-0.00424099	-0.0460645	-0.00672791	-0.000350612	0.185437	-0.00409202	-0.0942155
-0.00232113	-0.000366963	-0.000534685	-0.00301634	-0.0371995	-0.00795732	-0.000200047	0.13807	-0.00278964	-0.0836838
-0.00448964	-9.32826e-05	-0.00646375	-0.00158692	-0.00696262	-0.0202112	-0.000190825	0.0482705	-0.00372493	-0.00454731
-0.0132851	-2.9871e-05	-0.00439543	-0.000470308	-0.00529042	-0.00867677	-8.32834e-05	0.0217985	-0.00185837	0.0122911
-0.0396905	-5.18977e-05	-0.0142974	-0.000300291	-0.0131056	-0.00657594	-0.000207804	0.0638981	-0.00158646	0.0119178
-0.00907069	-3.37926e-06	-0.000174324	-2.89618e-05	-0.00297702	-0.00148184	-2.06596e-05	0.0222591	-0.000331102	-0.00817111
0.0	0.0	0.0	0.0	0.0	0.0	0.0	0.0	0.0	0.0
0.0	0.0	0.0	0.0	0.0	0.0	0.0	0.0	0.0	0.0
0.0	0.0	0.0	0.0	0.0	0.0	0.0	0.0	0.0	0.0
0.0	0.0	0.0	0.0	0.0	0.0	0.0	0.0	0.0	0.0
