0.0	0.0	0.0	0.0	0.0	0.0	0.0	0.0	0.0	0.0
0.0	0.0	0.0	0.0	0.0	0.0	0.0	0.0	0.0	0.0
0.0	0.0	0.0	0.0	0.0	0.0	0.0	0.0	0.0	0.0
0.0	0.0	0.0	0.0	0.0	0.0	0.0	0.0	0.0	0.0
0.0	0.0	0.0	0.0	0.0	0.0	0.0	0.0	0.0	0.0
0.0	0.0	0.0	0.0	0.0	0.0	0.0	0.0	0.0	0.0
0.0	0.0	0.0	0.0	0.0	0.0	0.0	0.0	0.0	0.0
0.0	0.0	0.0	0.0	0.0	0.0	0.0	0.0	0.0	0.0
0.0	0.0	0.0	0.0	0.0	0.0	0.0	0.0	0.0	0.0
0.0	0.0	0.0	0.0	0.0	0.0	0.0	0.0	0.0	0.0
0.0	0.0	0.0	0.0	0.0	0.0	0.0	0.0	0.0	0.0
0.0	0.0	0.0	0.0	0.0	0.0	0.0	0.0	0.0	0.0
-3.82472e-06	-6.49131e-06	-0.000722305	-6.78276e-05	-0.00489254	-0.000102699	0.00671799	-6.89639e-06	-0.000166977	-0.000748433
-2.41841e-05	-1.53804e-05	-0.00119576	-0.000164797	-0.0108566	-0.000225723	0.0145647	-1.97195e-05	-0.000375481	-0.00168713
-1.75927e-05	-1.29833e-06	0.00042937	-1.81146e-05	-0.000159803	-9.44784e-07	-0.000161733	-5.13981e-06	-1.0971e-05	-5.37725e-05
-7.33031e-07	-5.40972e-08	1.78904e-05	-7.54775e-07	-6.65846e-06	-3.9366e-08	-6.73885e-06	-2.14159e-07	-4.57127e-07	-2.24052e-06
0.0	0.0	0.0	0.0	0.0	0.0	0.0	0.0	0.0	0.0
0.0	0.0	0.0	0.0	0.0	0.0	0.0	0.0	0.0	0.0
0.0	0.0	0.0	0.0	0.0	0.0	0.0	0.0	0.0	0.0
0.0	0.0	0.0	0.0	0.0	0.0	0.0	0.0	0.0	0.0
0.0	0.0	0.0	0.0	0.0	0.0	0.0	0.0	0.0	0.0
0.0	0.0	0.0	0.0	0.0	0.0	0.0	0.0	0.0	0.0
0.0	0.0	0.0	0.0	0.0	0.0	0.0	0.0	0.0	0.0
0.0	0.0	0.0	0.0	0.0	0.0	0.0	0.0	0.0	0.0
0.0	0.0	0.0	0.0	0.0	0.0	0.0	0.0	0.0	0.0
0.0	0.0	0.0	0.0	0.0	0.0	0.0	0.0	0.0	0.0
0.0	0.0	0.0	0.0	0.0	0.0	0.0	0.0	0.0	0.0
0.0	0.0	0.0	0.0	0.0	0.0	0.0	0.0	0.0	0.0
0.0	0.0	0.0	0.0	0.0	0.0	0.0	0.0	0.0	0.0
0.0	0.0	0.0	0.0	0.0	0.0	0.0	0.0	0.0	0.0
0.0	0.0	0.0	0.0	0.0	0.0	0.0	0.0	0.0	0.0
0.0	0.0	0.0	0.0	0.0	0.0	0.0	0.0	0.0	0.0
-5.25303e-09	-3.51844e-08	-1.25711e-05	-1.01105e-08	-5.35725e-05	-1.12745e-07	6.87176e-05	-8.80561e-08	-7.65832e-07	-1.55691e-06
-1.13739e-07	-1.03786e-07	-3.94751e-05	-4.41839e-08	-0.000544367	-3.39103e-07	0.000592935	-8.92614e-07	-2.27478e-06	-5.32477e-06
-1.98208e-05	-1.07687e-07	-0.000469808	-7.94179e-06	-0.0495283	-1.89506e-05	0.0502767	-6.42096e-05	-5.2956e-06	-0.000162282
-4.10177e-05	-8.05217e-05	-0.00115845	-1.89637e-05	-0.110135	-3.54266e-05	0.112478	-0.000537001	-6.74203e-05	-0.000404053
-6.23198e-05	-0.00387683	-0.00229445	-0.00020541	-0.110263	-0.000110168	0.121779	-0.00308923	-0.000966177	-0.000911365
-0.000221247	-0.00315256	-0.00484095	-0.000210415	-0.0450032	-0.00020809	0.0569551	-0.00161828	-0.00100758	-0.000692756
-0.00292425	-0.00186741	-0.00842002	-0.000219311	-0.0535384	-0.000889488	0.072332	-0.00099337	-0.000925744	-0.0025539
0.031763	-0.000752871	-0.0305937	-0.000394827	-0.0972052	-0.00102362	0.120263	-0.00871701	-0.001555	-0.0117836
0.0676165	-0.000723192	-0.0346063	-0.00159843	-0.191799	-0.00772082	0.217091	-0.0248736	-0.00163743	-0.0217481
0.028307	-0.0005519	-0.020488	-0.000990274	-0.0909896	-0.00713618	0.109784	-0.00666804	-0.00206975	-0.00919732
-0.00137065	0.0223577	0.00936064	-0.00707372	-0.0209318	-0.00337571	0.00830524	-0.000399041	-0.00390224	-0.00297041
0.0246031	0.0335297	0.0419149	-0.00920523	-0.122306	-0.00416446	0.0518375	-0.0010075	-0.00300678	-0.012195
0.0705528	-0.011442	0.0939166	-0.00272874	-0.131655	-0.00448749	0.0208345	-0.00208662	-0.00394405	-0.0289597
0.0331784	-0.00561335	0.015042	-0.00098712	-0.0513621	-0.00269113	0.0333823	-0.000954741	-0.00351818	-0.016476
-0.00146504	-0.000349759	-0.0260233	-0.000237275	-0.0194426	-0.00377316	0.0555841	-0.000161421	-0.00192585	-0.00220568
-0.000756586	-7.39502e-05	-0.0187804	-0.000155802	-0.0381395	-0.00360334	0.0648512	-0.000222063	-0.00144444	-0.00167509
-0.000341952	-9.67949e-05	-0.00753186	-0.000158403	-0.0304845	-0.00185616	0.0429572	-0.000109158	-0.000857403	-0.00152094
-0.000140792	-0.000227657	-0.0037214	-7.04104e-05	-0.0315974	-0.000363725	0.0376087	-9.0904e-06	-0.000983734	-0.000494442
-1.90397e-05	-1.9714e-05	-0.000407232	-5.54731e-06	-0.0444569	-1.46883e-05	0.045369	-2.42033e-05	-0.000136979	-0.000284779
-2.30814e-06	-1.46909e-06	-0.000193683	-6.95912e-07	-0.0169895	-1.37348e-05	0.017443	-3.34557e-05	-5.61089e-05	-0.000152103
0.0	0.0	0.0	0.0	0.0	0.0	0.0	0.0	0.0	0.0
0.0	0.0	0.0	0.0	0.0	0.0	0.0	0.0	0.0	0.0
0.0	0.0	0.0	0.0	0.0	0.0	0.0	0.0	0.0	0.0
0.0	0.0	0.0	0.0	0.0	0.0	0.0	0.0	0.0	0.0
0.0	0.0	0.0	0.0	0.0	0.0	0.0	0.0	0.0	0.0
0.0	0.0	0.0	0.0	0.0	0.0	0.0	0.0	0.0	0.0
-4.25496e-08	-6.17075e-10	-6.07937e-07	-2.72711e-09	-5.9823e-06	-9.2108e-07	9.52412e-06	-8.45238e-12	-1.5508e-06	-4.15966e-07
0.00478533	-4.59736e-10	-2.84043e-05	-1.01958e-06	-0.00447692	-0.000132295	0.000422208	-0.000268181	-9.13832e-06	-0.000291579
0.0017751	-2.24607e-06	-0.000827403	-1.26482e-06	-0.00196941	-1.56929e-05	0.00128189	-9.38615e-05	-3.66746e-05	-0.000110436
-0.0004214	-1.05067e-05	0.000105422	-0.000364176	-0.00156957	-6.88345e-06	0.00230524	-3.38619e-06	-2.5062e-05	-9.67117e-06
-0.0304991	-5.83881e-05	-0.00111048	-0.0019907	-0.0514996	-5.5444e-05	0.0860371	-0.000457048	-0.000180572	-0.00018576
-0.0354145	-0.0021869	-0.00702023	-0.00366439	-0.16227	-0.000966608	0.215465	-0.00205514	-0.000943208	-0.000943593
-0.0261931	-0.0395727	0.032522	-0.0140854	-0.203415	-0.00432875	0.265125	-0.0050368	-0.0031659	-0.00184907
-0.027845	-0.0783497	0.140671	-0.02369	-0.166018	-0.0168997	0.194663	-0.00664059	-0.0117884	-0.00410244
-0.0255626	-0.0529486	0.083029	-0.00860942	-0.287133	-0.0573154	0.404169	-0.015659	-0.024897	-0.0150707
-0.0443037	-0.0659616	0.148457	0.0410992	-0.302308	-0.112879	0.447569	-0.0384489	-0.0471598	-0.0260618
-0.0462834	0.00903032	0.0804955	0.0622077	-0.406926	-0.112694	0.545298	-0.0389454	-0.0511081	-0.0410704
-0.0770716	0.179353	0.00453904	0.00694738	-0.276736	-0.118961	0.407209	-0.017604	-0.0695268	-0.0381439
-0.136145	0.155485	0.0738927	-0.00361935	-0.162234	-0.133914	0.329406	-0.0213135	-0.0674461	-0.0341076
-0.158949	0.313889	0.16824	-0.0634493	-0.2486	-0.0840362	0.213332	-0.026468	-0.0759043	-0.0380481
-0.124092	0.208523	0.141486	-0.0478399	-0.306858	0.00333294	0.273008	-0.0134852	-0.0863843	-0.0476867
-0.106429	0.0646223	-0.00811843	-0.0494755	-0.148923	0.0833605	0.266448	-0.00827028	-0.0622502	-0.0309621
-0.0668819	-0.00983483	-0.0363819	-0.0754827	-0.126992	0.0789727	0.267272	-0.00409773	-0.00530325	-0.0212699
-0.0481483	0.0368831	-0.106153	-0.0365007	-0.0895338	0.00776937	0.305185	-0.00223391	-0.0516983	-0.0155681
-0.0343093	-0.00594468	-0.0320024	-0.011966	-0.071409	-0.0678821	0.249909	-0.00118408	-0.0185817	-0.00662932
-0.0171547	-0.0101668	-0.031407	-0.0128869	-0.0634747	-0.0770083	0.240839	-0.000999193	-0.0183293	-0.00941164
-0.00853836	-0.00374867	-0.0389893	-0.00932334	-0.0662613	-0.0437379	0.188004	-0.000689562	-0.0123751	-0.00434067
-0.00428889	-0.00193076	-0.00801103	-0.00233646	-0.0410874	-0.0344483	0.0972131	-7.91135e-05	-0.0046342	-0.000396954
-0.000641847	-0.000579089	0.0450413	-0.000205512	-0.00426574	-0.0120206	-0.0248616	-3.20158e-05	-0.00239826	-3.6635e-05
-9.24921e-06	-2.62032e-05	0.0313801	-1.03437e-06	-0.000479883	-0.00103251	-0.0289143	-2.6872e-08	-0.000915312	-1.61842e-06
0.0	0.0	0.0	0.0	0.0	0.0	0.0	0.0	0.0	0.0
0.0	0.0	0.0	0.0	0.0	0.0	0.0	0.0	0.0	0.0
0.0	0.0	0.0	0.0	0.0	0.0	0.0	0.0	0.0	0.0
0.0	0.0	0.0	0.0	0.0	0.0	0.0	0.0	0.0	0.0
-9.51019e-08	0.00110354	-0.000140178	-5.49416e-05	-1.32005e-05	-9.79412e-06	-0.000589119	-1.06603e-08	-0.000295145	-1.05653e-06
0.011647	0.000262627	-0.000238318	-3.91261e-05	-0.0144403	0.000156645	0.00496756	-0.000783568	-0.000544831	-0.000987684
-0.00767295	-8.44786e-05	-0.00510462	-0.00549842	-0.0060015	0.0166796	0.00947493	-0.00117419	-0.000261104	-0.000357228
-0.0785414	-0.00492278	-0.00238761	0.127198	-0.00795589	-0.0568661	0.0309693	-0.00198617	-0.00452734	-0.000979691
-0.113197	-0.00303613	0.00491656	0.0967117	-0.0937061	-0.0363657	0.157995	-0.00299578	-0.00875533	-0.00156637
-0.124003	-0.0271107	0.0653079	0.143015	-0.15742	-0.0506022	0.197872	-0.0158104	-0.0275475	-0.00369961
-0.0248656	-0.0829051	0.171999	0.179716	-0.310405	-0.0628435	0.223907	-0.0504048	-0.0320528	-0.0121424
-0.0658118	-0.12731	0.469802	0.0713044	-0.413507	-0.0840273	0.262114	-0.0609456	-0.021168	-0.0304458
-0.0358033	-0.20382	0.393016	0.178848	-0.393176	-0.0475579	0.316395	-0.113971	-0.0380329	-0.0558909
0.0437175	-0.328359	0.472985	0.426581	-0.465901	-0.143785	0.359464	-0.173719	-0.105912	-0.0850661
0.0219899	-0.144904	0.411761	0.516513	-0.686701	-0.0485183	0.279218	-0.128116	-0.107047	-0.114191
0.188511	-0.0727498	0.536403	0.287458	-0.816843	-0.0808588	0.316817	-0.122986	-0.0734418	-0.162305
0.183832	-0.140002	0.292564	0.560952	-0.576847	-0.0529868	0.255943	-0.126314	-0.198355	-0.198789
0.102009	0.0610417	0.209486	0.435406	-0.545031	0.0799031	0.199053	-0.118493	-0.189739	-0.233634
0.108226	0.164435	0.326743	0.313037	-0.475686	-0.0615533	0.0331162	-0.0898962	-0.125247	-0.193171
-0.0105662	-0.0639221	0.208916	0.262831	-0.310998	0.074888	0.0184484	-0.0579126	-0.00160122	-0.120083
-0.173659	-0.227857	-0.13561	0.348386	-0.253881	0.223885	0.199281	-0.0487362	0.099071	-0.0308793
-0.199792	-0.1441	-0.158102	0.304495	-0.0638283	0.214936	0.246156	-0.0269924	-0.124375	-0.0483937
-0.115004	-0.187453	-0.252182	0.355161	0.0101967	0.299517	0.0381304	-0.0263917	-0.079163	-0.0428064
-0.142459	-0.167464	-0.176051	-0.0712998	0.0131139	0.300824	0.218921	-0.0151117	0.0635898	-0.0240577
-0.108463	-0.132769	-0.166895	-0.16482	0.0358556	0.139397	0.305489	-0.00409943	0.103033	-0.00672549
-0.0524327	-0.0942404	-0.141591	-0.0981591	0.0326703	-0.057291	0.312569	-0.00121708	0.102301	-0.00260812
-0.0194139	-0.0786049	-0.0101657	-0.0303949	-0.0119866	-0.0230338	0.156286	-0.000468185	0.0184094	-0.000627862
-0.00223747	-0.0230367	0.0257693	-0.000379959	-0.000567194	0.0658296	-0.0701539	-5.78991e-06	0.00482192	-3.98287e-05
-0.00135776	-0.0294957	-0.000458	-2.11997e-05	-0.000227484	0.0116352	0.023171	-1.67024e-07	-0.00324294	-2.96578e-06
0.0	0.0	0.0	0.0	0.0	0.0	0.0	0.0	0.0	0.0
0.0	0.0	0.0	0.0	0.0	0.0	0.0	0.0	0.0	0.0
-2.60776e-08	-1.93037e-08	-2.31891e-05	3.66611e-05	-1.66777e-07	-1.20191e-05	-2.49673e-08	-1.42605e-08	-1.18642e-06	-1.52446e-08
-3.52649e-05	0.00377917	-0.001154	0.00157564	-4.85266e-06	-0.001523	-0.00211517	-6.28413e-08	-0.000520105	-2.35266e-06
-0.000430889	0.000430985	-0.00895454	0.023298	-0.00178993	-0.00815897	-0.00370397	0.000668271	-0.00110727	-0.000251692
-0.0109882	0.00742015	-0.0586267	0.0742529	0.0236127	-0.0498907	0.0242211	-0.00303968	-0.00630607	-0.00065531
-0.11397	0.0529886	0.016254	0.310848	0.026569	-0.220163	0.0161734	-0.0378643	-0.0430691	-0.00776544
-0.12315	0.042827	0.191045	0.324224	-0.0703421	-0.234083	-0.00241926	-0.044879	-0.0727306	-0.0104874
-0.0311119	-0.0302078	0.123786	0.348186	-0.0870262	-0.150689	-0.00063984	-0.0806776	-0.0594459	-0.0321698
0.0176768	-0.0296304	0.203572	0.471871	-0.275418	-0.346553	0.124601	-0.126883	0.0389968	-0.0782271
0.127146	-0.0591587	0.40712	0.371751	-0.362269	-0.259244	-0.00756604	-0.231842	0.178368	-0.164298
0.114657	-0.100201	0.318182	0.480191	-0.490836	-0.0073996	0.0190996	-0.343611	0.214122	-0.204199
0.220383	-0.298101	0.414207	0.539045	-0.457076	0.188278	-0.11426	-0.388029	0.194991	-0.299436
-0.000243629	-0.136113	0.391022	0.398266	-0.33263	0.0760014	-0.121744	-0.327142	0.42857	-0.375986
0.0846941	0.22937	0.201435	0.445597	-0.136269	-0.248473	-0.0524249	-0.329025	0.132282	-0.32719
-0.0396705	0.193097	0.370024	0.316522	-0.344128	-0.0276585	-0.0604381	-0.393316	0.413622	-0.428056
0.104364	-0.0115777	0.204206	0.373168	-0.449791	0.378653	-0.157849	-0.3699	0.390392	-0.461665
-0.0882192	0.0821871	0.179169	0.44563	-0.182428	0.089598	0.0287843	-0.352984	0.31091	-0.512646
0.0966482	-0.0595975	0.113198	0.150667	-0.0964238	0.151488	0.122227	-0.30814	0.168804	-0.338871
-0.0300032	-0.248904	0.0423234	0.337439	-0.103265	0.410781	-0.0139981	-0.248062	0.118075	-0.264387
-0.0970188	0.124399	-0.15126	0.0999487	0.200761	0.161653	0.0320988	-0.159224	0.0811046	-0.292462
-0.0812366	0.0859371	-0.132867	0.0125359	0.32493	-0.24495	0.111282	-0.116887	0.231623	-0.190369
-0.113464	0.000646511	-0.339177	-0.13827	0.321113	0.256822	0.190702	-0.034005	0.0630495	-0.207416
-0.0837662	-0.109809	-0.423399	-0.0985676	0.363693	0.123776	0.310638	-0.0495323	0.0806921	-0.113719
-0.170987	-0.150689	-0.360035	-0.286061	0.358524	0.376117	0.288415	-0.0226647	0.00568055	-0.0382925
-0.202872	-0.295556	-0.180673	-0.042842	0.232517	0.469686	-0.103299	-0.00623148	0.139646	-0.0103706
-0.0563618	-0.147299	-0.00669005	-0.00426959	0.00898468	0.177184	-0.0812194	-0.00136172	0.114014	-0.00298038
-0.00615883	-0.0182152	-0.00572292	-0.000112743	-0.0252887	0.0269576	-0.0102996	-0.000343409	0.0405855	-0.00140165
-0.000115556	-0.00997289	-0.00509391	-2.67676e-05	-0.0040271	-0.00430655	0.0188541	-2.16263e-05	0.00488329	-0.000172988
0.0	0.0	0.0	0.0	0.0	0.0	0.0	0.0	0.0	0.0
0.0	0.0	0.0	0.0	0.0	0.0	0.0	0.0	0.0	0.0
-0.000363875	0.000430351	0.00054973	0.00242762	-0.000102708	-0.00264295	6.65769e-05	-6.87153e-06	-0.000355214	-2.65844e-06
-0.00455547	0.00902479	-0.0066236	0.108478	0.00183868	-0.0477214	-0.0423986	-0.00180732	-0.0120221	-0.00421343
-0.0312806	0.0217108	0.00181087	0.236381	0.0206972	-0.202572	0.0374161	-0.025736	-0.0446926	-0.0137327
-0.153315	0.145855	0.0074551	0.470179	0.0556221	-0.266817	-0.178892	0.115122	-0.152484	-0.0427192
-0.0287088	0.0771539	0.024039	0.452438	-0.0173368	-0.316729	-0.123908	0.148642	-0.117515	-0.0980703
-0.0269332	-0.142407	0.0996417	0.32232	-0.0594546	-0.0744927	-0.154874	0.150052	0.0277693	-0.141619
0.0569924	-0.33923	0.195535	0.15901	-0.072615	-0.134387	0.0870717	0.21657	0.0057196	-0.174666
0.0673659	-0.370388	0.0262126	0.183773	-0.00290246	0.129751	-0.0351555	0.128819	0.119276	-0.246753
0.263745	-0.252844	0.127511	0.152797	-0.191838	0.222883	0.0714422	-0.139632	-0.140091	-0.113974
0.15261	-0.35817	0.242002	0.171732	-0.114519	0.109653	-0.483751	-0.215197	0.264972	0.230667
-0.0318773	-0.258428	0.159691	0.123035	-0.0351772	0.0130669	-0.296491	-0.0628549	0.240861	0.148175
0.190378	-0.0273174	0.112358	0.151142	-0.320122	-0.051869	-0.351088	-0.0827033	0.137157	0.242063
0.220256	0.00171147	0.113955	0.0632448	-0.0181807	-0.166895	-0.000173801	-0.294673	0.252789	-0.172034
0.148096	0.215684	0.146868	0.233775	-0.0155548	-0.162806	-0.270726	-0.389564	0.0774475	0.01678
0.10053	-0.158631	0.338357	0.399376	0.0657064	0.0832936	-0.216958	-0.304103	0.124106	-0.431676
0.345109	-0.246668	0.13947	-0.0544071	-0.0846104	0.162621	-0.0040299	-0.388624	0.44483	-0.313689
0.375263	-0.0303461	0.101632	0.0161007	0.109415	0.141405	0.150823	-0.421556	-0.175516	-0.267221
0.0478178	0.00970822	-0.00838954	0.183549	0.189658	0.00212716	0.214334	-0.567409	0.135345	-0.206742
-0.138501	0.133929	0.0828303	0.0377262	0.0537043	0.301047	0.0947711	-0.556634	0.200502	-0.209374
0.000267625	0.34089	0.0674792	-0.112141	0.0613142	0.0933008	0.112409	-0.331433	0.0445656	-0.276653
0.0207245	0.297331	-0.113113	-0.0855923	0.244617	0.280779	-0.0153014	-0.228466	-0.0358307	-0.365145
-0.251077	0.122581	-0.288024	-0.261366	0.481557	0.370988	0.324132	-0.117461	-0.14911	-0.232217
-0.314647	-0.0224839	-0.27222	-0.0915067	0.117181	0.493816	0.110698	-0.0336638	0.107741	-0.0949108
-0.132049	-0.188293	-0.0607874	-0.0241632	-0.0702171	0.349459	-0.074297	-0.0106374	0.242446	-0.0314577
-0.0384251	-0.0385605	-0.0207682	-0.00207481	-0.038069	0.0816794	0.0407858	-0.00452054	0.0241764	-0.00422314
-0.0147299	-0.0129734	-0.00748052	-0.00010611	-0.000417529	0.0103231	0.0281946	-0.000167711	-0.00260613	-3.6438e-05
0.0	0.0	0.0	0.0	0.0	0.0	0.0	0.0	0.0	0.0
-5.02629e-06	-1.59691e-06	-5.93661e-05	0.000690698	-1.76087e-06	-5.56343e-05	-2.70555e-07	-1.31419e-05	-6.3942e-05	-0.000489959
-0.00173695	-0.0254953	-0.00779571	0.00692099	-0.00288605	0.00429303	-0.00162384	0.036894	-0.00455777	-0.00401235
-0.00379297	0.00341195	0.00479688	0.150793	-0.0409399	-0.156908	-0.0447789	0.159034	-0.0416956	-0.0299198
-0.0489642	0.0174349	0.12051	0.187686	0.0313891	-0.237239	0.0369203	0.0959628	-0.105397	-0.0982993
-0.0270874	-0.0257448	0.081516	0.239894	0.200118	-0.151137	-0.1282	0.220307	-0.125607	-0.284053
0.0223344	-0.102269	0.168055	0.27866	0.129454	-0.0889969	-0.296956	0.350374	-0.169053	-0.291596
0.0524863	-0.258158	0.127384	0.063358	0.0752262	0.047525	-0.0692972	0.336774	-0.060111	-0.315187
-0.00323326	-0.372487	0.0368049	0.224462	-0.034318	-0.00822107	-0.0575171	0.362511	0.0188895	-0.16689
-0.275145	-0.470424	0.236407	0.352416	0.116808	-0.0707148	-0.181409	0.185713	0.0723159	0.034034
-0.0014772	-0.201068	0.248925	0.38168	-0.160451	-0.0205179	-0.361575	0.274079	-0.123252	-0.0363409
-0.0367141	-0.0549421	-0.0484145	0.182103	-0.292035	-0.0717827	-0.314253	0.423852	-0.0123496	0.224534
-0.219951	-0.221969	0.0687694	0.000162373	-0.170716	-0.0113004	-0.191462	0.286905	0.337719	0.121845
0.305666	-0.288749	0.0205709	0.401528	-0.374296	-0.0844332	-0.41863	-0.0355099	0.039858	0.433996
0.224033	-0.221523	-0.0317114	0.171575	-0.427401	0.177443	-0.300368	-0.0188765	0.0180037	0.408827
-0.0479903	-0.280414	0.0763435	0.159037	-0.48771	-0.0438383	-0.119785	0.092908	0.377401	0.274051
0.0599929	-0.2195	0.153771	0.265864	-0.405583	-0.116619	-0.26395	0.0550165	0.0699597	0.401049
0.184664	-0.382839	-0.04127	0.02187	-0.212838	-0.00997511	-0.205914	0.126934	0.184064	0.335305
0.34392	-0.0916883	-0.0765446	0.382351	-0.402811	0.0705547	-0.417334	0.038875	-0.186388	0.339065
0.0321295	-0.221589	-0.13936	-0.11941	-0.062473	0.286841	-0.207771	-0.0567963	0.437769	0.0506594
0.0872408	0.0645531	-0.186828	0.105863	-0.204662	0.176299	-0.0740289	-0.0937403	0.0445564	0.080748
0.327984	0.0908901	-0.08739	0.105353	-0.104857	-0.0958365	-0.0850844	-0.0149206	-0.057173	-0.0789656
0.397932	0.102288	-0.167382	-0.0936709	0.209448	0.174859	-0.0707848	-0.153932	-0.102832	-0.295924
-0.0181352	0.115663	-0.480943	-0.161618	0.497414	0.258309	0.091409	-0.239638	0.242788	-0.305252
-0.448732	0.00656077	-0.289793	-0.0634918	0.112054	0.811006	0.0818024	-0.103791	0.0990458	-0.204659
-0.318747	-0.135744	-0.0718628	-0.0531903	-0.0442151	0.483877	-0.0311552	-0.04601	0.282474	-0.0654239
-0.148079	-0.0200245	-0.0123723	-0.00553494	0.058774	0.172011	-0.0512029	-0.0134955	0.0445561	-0.0246312
-0.0401417	-0.0003197	-0.000556847	-0.000397705	-0.00197444	0.0551452	-0.00324914	-0.000724833	-0.0070282	-0.000752633
0.0	0.0	0.0	0.0	0.0	0.0	0.0	0.0	0.0	0.0
-0.00033675	-0.00223709	-0.00202932	0.0193087	-0.00108687	-0.00204854	-8.46056e-05	0.00688648	-0.00485254	-0.0135195
-0.000677068	-0.0438288	0.0347226	-0.0251626	-0.00440293	-0.0200359	-0.00700217	0.09109	-0.00815028	-0.0165528
-0.00573875	-0.0174442	0.0597839	0.0640289	-0.0158739	-0.172805	-0.0538489	0.282084	-0.0442488	-0.0959348
-0.0886755	-0.00209985	0.318149	0.345818	0.113472	-0.522283	0.0312003	0.118693	-0.0492593	-0.265006
-0.0158142	-0.155608	0.20031	0.477545	0.334685	-0.294522	-0.0822527	0.0422245	-0.0262265	-0.480335
0.0828304	-0.26114	0.357403	0.184006	0.143658	-0.0392229	-0.348594	0.274078	-0.0946882	-0.298328
0.00668186	-0.282001	-0.0775378	0.0698676	0.157833	0.160705	0.0042913	0.274409	-0.00725242	-0.306997
-0.199412	-0.521713	0.184684	0.100579	0.00939979	0.255778	-0.0704695	0.0922237	0.192971	-0.0440402
0.0565677	-0.303589	-0.0381782	0.0888723	0.0587149	0.0574041	-0.139865	0.230264	-0.0376191	0.0274288
0.0428502	-0.0817213	-0.152191	-0.0232804	-0.210137	0.290503	-0.23745	0.337628	0.0888508	-0.0550517
0.118566	-0.241715	0.0921735	-0.0302941	-0.104941	0.14741	-0.0728275	0.251192	-0.214365	0.0548013
-0.000963416	-0.0176279	-0.0714112	0.12259	-0.483443	0.0630659	-0.153474	0.24296	-0.139572	0.437876
0.188877	-0.237957	0.311519	-0.075135	-0.31989	-0.237225	-0.336188	0.18801	-0.0065551	0.52455
0.0919274	-0.118114	0.0757542	0.29674	-0.416177	0.213465	-0.0870212	-0.0925605	-0.391223	0.427211
-0.0675953	-0.433534	-0.0943802	0.247654	-0.324742	-0.227975	-0.11613	0.132787	0.340343	0.543574
-0.0414845	-0.200156	0.0542986	0.000397933	-0.406012	0.133873	-0.378587	0.210138	0.0590848	0.568446
0.27239	-0.222766	-0.294399	0.213149	-0.10003	0.0509618	-0.252513	0.271648	-0.213059	0.274621
0.303162	-0.30867	-0.0826529	-0.0879007	-0.296704	0.0742124	-0.349941	0.396459	0.172832	0.179203
0.175065	-0.0670049	-0.143334	0.130863	-0.0673708	0.0510921	-0.322898	0.197399	-0.0748757	0.121063
-0.00990495	0.0916108	-0.248926	0.0242312	-0.0837926	0.0718565	-0.319999	0.354817	-0.0495257	0.169632
0.0141686	-0.0611065	-0.0349207	-0.25343	-0.0541251	0.179902	-0.206244	0.179485	0.195507	0.0407632
0.0743078	-0.0822104	0.176016	-0.243997	0.187653	0.214913	-0.3029	0.138966	0.0117271	-0.174476
0.216467	-0.121692	-0.587346	-0.265707	0.41074	0.348016	-0.170088	0.0173389	0.359652	-0.207381
-0.164475	-0.370526	-0.44346	-0.200544	0.173913	0.744067	0.109009	-0.056045	0.435693	-0.227627
-0.354833	-0.221191	-0.089116	-0.0680874	0.00364517	0.84866	-0.105572	-0.0704149	0.160657	-0.103745
-0.169501	-0.00853665	-0.0177389	-0.00461945	0.0878562	0.16073	-0.0478037	-0.0130758	0.056261	-0.0435708
-0.0116067	-0.00417834	-0.00144882	-0.000334761	-0.0027083	0.024725	-0.0114557	-0.000500753	0.0086501	-0.00114168
0.0164993	-2.83976e-07	-0.000260232	-8.0595e-07	-0.000600166	-5.69919e-06	-7.6864e-06	-0.0102471	-2.35732e-05	-0.00535377
-0.000369541	-0.00187309	0.00141765	-0.00884292	-0.0146211	-0.00157557	-0.000257393	0.0717935	-0.00504495	-0.0406266
0.00261006	-0.0282176	0.0133041	-0.0218549	0.0176347	-0.0233252	-0.00649508	0.136809	-0.0120748	-0.0783898
0.0114371	-0.00437564	0.0364397	0.0820257	0.00011709	-0.182994	-0.046851	0.38078	-0.00362373	-0.272952
-0.12176	-0.0321943	0.350629	0.403329	0.0690047	-0.690803	0.0340629	0.307511	0.0369776	-0.356743
-0.0687325	-0.0995973	0.0996106	0.20017	0.258216	-0.334889	-0.139391	0.261554	0.126618	-0.303553
-0.0384488	-0.24221	0.0179062	0.0464046	0.0624796	-0.0506699	-0.281017	0.25259	0.232703	0.000264846
-0.0581736	-0.189508	0.0114198	0.0631047	0.100369	-0.211007	-0.179623	0.575191	0.221877	-0.333655
0.0112001	-0.462877	0.0858289	-0.0518225	-0.129431	0.126389	-0.181397	0.307825	0.00427439	0.29001
0.269587	-0.475294	-0.0990271	-0.0924296	0.150435	0.0813029	-0.10201	0.177681	0.185729	-0.0959737
-0.00500476	-0.219556	0.244126	0.0832138	-0.176647	0.151195	-0.206787	0.0385688	0.141629	-0.0507376
-0.0325412	-0.297155	0.0781883	0.0285791	0.013817	0.115	-0.152302	0.328944	-0.0126886	-0.0698403
0.249192	-0.0398722	-0.114192	0.114543	-0.243995	-0.0631134	-0.202816	0.398383	0.246878	-0.345004
-0.0022159	0.048544	-0.0748801	0.0701873	-0.320008	-0.0673378	-0.213821	0.0183629	0.335873	0.205298
0.249964	-0.0192964	0.00911498	0.178001	-0.418281	-0.0438038	-0.446285	0.27821	-0.225361	0.437739
0.289327	0.0134745	-0.0152586	0.153687	-0.24346	-0.211436	-0.510171	0.346113	-0.0692893	0.247016
0.597063	-0.306541	-0.108147	0.0887033	-0.516554	-0.00757957	-0.44744	0.265789	0.17565	0.25906
0.262869	0.155448	-0.00190396	0.118291	-0.226606	-0.0186824	-0.350844	0.162569	-0.0936391	-0.00750069
0.0946809	-0.215061	-0.275386	0.38871	-0.0249464	-0.0857568	-0.637505	0.48549	0.127327	0.142447
0.0246852	-0.0871866	0.207381	0.13024	-0.168163	0.107627	-0.532251	0.137465	0.198551	-0.0183494
0.249189	-0.264652	0.0411282	0.119785	-0.101185	0.276688	-0.400311	0.266938	0.0737964	-0.261377
0.109325	-0.283429	-0.137893	0.0604552	-0.0269113	0.150766	-0.28537	-0.054179	0.208825	0.258411
0.214044	-0.271845	-0.0518655	0.343751	-0.173183	0.00757514	-0.469877	0.258509	0.141126	0.00176283
0.462566	-0.501006	-0.0297632	-0.559984	0.174448	0.67537	-0.510893	0.147516	0.320214	-0.178466
0.0914905	-0.552257	-0.491541	-0.44286	0.111274	1.17438	-0.313905	-0.116665	0.684834	-0.144746
-0.373919	-0.249877	-0.174191	-0.0937636	0.125951	0.907347	-0.230548	-0.120924	0.325229	-0.115296
-0.144152	-0.0186556	-0.0254811	-0.00651986	-0.0624757	0.261049	-0.130421	-0.0191613	0.18747	-0.041652
-0.00849587	-0.00312791	-0.00292596	-0.000104938	-0.00242276	0.0074514	-0.0131411	-0.00464318	0.0292996	-0.00188929
-4.23709e-06	-3.45613e-05	-1.20454e-05	-0.000172644	-0.000751795	-8.56273e-05	-3.32567e-06	0.00274762	-2.62547e-05	-0.00165713
-0.000490998	-9.10816e-05	-0.00123657	-0.0074205	-0.0145717	-0.00161324	-0.000136367	0.0828208	-0.00364684	-0.0536135
0.0082822	-0.0183637	-0.0307533	0.0452649	0.0087879	-0.0107112	-0.0110344	0.15036	-0.0301662	-0.111666
0.0383765	-0.010421	0.0591884	0.199907	-0.145743	-0.202645	-0.0588881	0.423541	-0.0358797	-0.26743
-0.0666645	-0.0995699	0.219483	0.592624	-0.228545	-0.53486	0.0654768	0.422501	0.0372568	-0.407692
-0.0433428	-0.271914	0.417399	0.172955	-0.0318014	-0.323746	-0.25243	0.264568	0.101254	-0.0329378
-0.113965	-0.263811	-0.0942093	0.14707	-0.101392	-0.079583	-0.265198	0.260097	0.244656	0.266336
-0.138891	-0.132968	-0.108923	0.250072	-0.0764026	-0.0283125	-0.0450789	0.191041	0.0979421	-0.00848013
-0.110627	-0.24842	-0.0880264	0.174431	-0.000751844	0.122609	-0.175886	0.114253	0.140786	0.0716318
0.0802283	-0.409514	0.0686002	0.08371	0.00332584	-0.0599474	-0.19932	0.234063	0.221851	-0.0229952
0.183828	-0.201659	0.205283	-0.087084	-0.284842	0.21259	-0.345625	-0.0425841	0.0972401	0.262855
-0.0723299	-0.112577	-0.0553977	-0.344197	-0.0626969	0.365034	-0.130848	0.170895	0.112311	0.129808
-0.00586951	-0.13298	0.0360731	-0.216819	-0.148769	0.218708	-0.208909	0.517289	-0.129646	0.0709236
0.321499	0.0593702	-0.00159046	-0.160307	-0.118448	-0.0558003	-0.444598	0.265624	0.0543251	0.0799264
-0.0296515	0.162845	0.104524	0.25816	-0.636099	-0.185153	-0.20274	0.579279	-0.260877	0.209715
-0.2593	0.548162	0.238493	0.441222	-0.347703	-0.423358	-0.432946	0.378308	-0.523947	0.381077
0.179999	0.194985	0.281622	0.290058	-0.0324748	-0.421385	-0.586501	0.281209	-0.143283	-0.0442276
0.338002	0.0152699	-0.0733714	0.158995	-0.130768	-0.180791	-0.749901	0.597754	0.0453606	-0.0205459
0.248584	-0.130588	0.0194117	0.0816351	0.0774645	-0.0400347	-0.635845	0.290235	-0.0630201	0.152161
0.354716	-0.254044	-0.0585549	0.236019	-0.116137	-0.0560348	-0.597055	0.358783	0.027646	0.104664
0.287604	-0.406043	-0.063564	0.311356	0.0590793	0.02795	-0.360908	0.0228337	0.0596079	0.062087
-0.150091	-0.321345	-0.165973	0.145547	0.057448	0.39341	-0.171632	0.298908	0.156338	-0.24261
-0.106421	-0.406621	0.052351	0.411788	0.00162418	0.261639	-0.528463	0.228888	0.106658	-0.021443
0.528269	-0.510521	-0.0860335	-0.234658	0.0664797	0.585285	-0.408272	-0.0129882	0.344557	-0.272116
0.366582	-0.354127	-0.494805	-0.437496	-0.254637	1.39928	-0.377735	-0.0689287	0.441629	-0.219755
-0.345869	-0.179107	-0.131228	-0.0634581	-0.206322	1.1713	-0.380128	-0.0348176	0.323729	-0.154087
-0.132109	-0.0223224	-0.0056927	-0.0133776	-0.0858645	0.272904	-0.170769	0.0172136	0.203705	-0.0636867
-0.00160086	-0.00309754	-0.00143742	-0.000508003	-0.00800208	0.0160409	-0.00789467	0.0616035	-0.0508736	-0.00423024
-6.15155e-06	-4.02527e-05	-2.46196e-05	-0.000287437	-0.000876876	-0.000107405	-3.92051e-06	0.0036524	-3.60371e-05	-0.0022697
-0.000513415	-4.16718e-05	-0.000447211	-0.00470232	-0.0138318	-0.00146162	-4.92099e-05	0.0776254	-0.0019492	-0.054629
0.0412205	-0.00939904	-0.0270942	0.0175303	-0.0363831	-0.0128723	-0.037611	0.235346	-0.0218882	-0.148848
0.0187119	-0.0640677	0.101849	0.337667	-0.141002	-0.179727	-0.0747038	0.334893	-0.114812	-0.218802
-0.0334105	-0.127467	-0.0899832	0.332632	-0.199754	-0.201642	-0.0462295	0.40191	0.213106	-0.249157
0.0594993	-0.285502	0.411141	-0.0194129	-0.201965	-0.159301	-0.228149	0.259928	0.0508809	0.112885
-0.0868604	-0.433283	0.462727	0.00163823	-0.215627	-0.0817418	-0.188124	0.153752	0.131411	0.256109
-0.145585	-0.288495	0.00160927	-0.0128782	-0.0821077	0.211703	0.0230939	0.0998744	0.185025	0.0077592
-0.0814554	-0.203719	-0.00696113	-0.262641	-0.010796	0.384758	0.0367755	-0.151652	0.131041	0.164651
0.0973898	-0.320401	-0.20311	-0.531708	0.185266	0.424169	-0.217521	0.153629	0.274021	0.138266
-0.112525	-0.0291321	0.0387489	-0.443464	0.0055407	0.264095	-0.131278	-0.0569272	0.283751	0.181188
0.103666	0.13266	0.10321	-0.502825	-0.0154871	0.211156	-0.159329	-0.234164	0.260906	0.100211
-0.0675164	-0.0548453	0.0810232	-0.566931	0.295444	0.358862	-0.302946	-0.29538	0.365886	0.186408
0.163145	0.357929	-0.173469	0.0876131	-0.296137	0.116977	-0.0929586	0.19087	-0.0211711	-0.332797
0.0816632	0.55116	0.0590924	0.198314	-0.928287	0.0448076	-0.302751	0.377174	-0.0538039	-0.0273631
-0.162854	0.867497	-0.180092	0.113524	-0.0339732	-0.12324	-0.529701	0.500273	-0.345736	-0.105695
0.0954266	0.271024	0.0252787	0.241376	-0.242344	-0.255061	-0.469065	0.709697	-0.387185	0.0108538
0.394915	0.123503	0.237278	0.218871	0.0152258	-0.485122	-0.467892	0.270823	-0.224008	-0.0835926
0.276423	-0.22608	0.0577344	0.215976	-0.0405547	-0.518869	-0.483822	0.370042	0.250921	0.0982337
0.00102154	-0.173979	-0.0584204	0.201072	0.141055	-0.405216	-0.50663	0.485952	0.282297	0.0328453
0.212569	-0.433049	-0.0891231	0.314226	-0.156358	-0.195898	-0.244693	0.453183	0.147227	-0.00808301
0.128545	-0.304585	-0.102196	0.085073	-0.0187386	-0.0242597	-0.258529	0.417039	0.189751	-0.112101
0.250945	-0.391202	-0.083368	0.204823	-0.0421131	-0.0236104	-0.415092	0.267223	0.258177	-0.0257809
0.52567	-0.396353	-0.166833	-0.0460722	-0.49108	0.708569	-0.10598	-0.211364	0.32068	-0.137232
0.382721	-0.316794	-0.414295	-0.310887	-0.377567	1.76673	-0.250262	-0.149383	-0.00320667	-0.32704
-0.351301	-0.118923	-0.0702309	-0.025626	-0.260676	1.53251	-0.487607	-0.015767	-0.0967632	-0.105605
-0.16093	-0.0328548	0.0320552	-0.00749234	-0.10837	0.437375	-0.170792	0.0121136	0.0586515	-0.0597546
-0.000628481	0.00139131	-0.000793883	-0.000167609	-0.00228005	0.00543176	-0.0239231	0.0155015	0.0134596	-0.00799103
-2.96393e-05	-6.98074e-06	-2.50419e-05	-0.00018269	-0.000124585	-9.23896e-05	-4.31285e-06	0.00144428	-4.09773e-05	-0.000937657
0.0107093	0.000555366	-0.000789681	-0.00324687	-0.0312405	-0.0116581	-0.000223691	0.110965	-0.00236322	-0.0727073
-0.00429038	-0.000136423	-0.0130132	0.0194766	-0.141575	-0.0238892	-0.00141433	0.435122	-0.0133143	-0.256966
0.00701724	-0.0434502	-0.0485251	0.338307	-0.101153	-0.237567	-0.0782397	0.413463	-0.0162592	-0.233588
-0.190837	-0.079123	-0.179751	0.308535	-0.278531	-0.0899766	-0.0248038	0.476536	0.0792207	-0.0212627
-0.134406	-0.150688	0.0365344	-0.138755	-0.0976914	-0.0493303	-0.0234968	0.115874	0.240818	0.201144
0.013408	-0.390319	0.0105565	-0.296523	0.104839	0.297178	-0.0930367	0.00441391	0.149799	0.199687
0.00917002	-0.351527	-0.213058	-0.5595	0.029837	0.140118	0.183428	0.13008	0.513315	0.118137
-0.0239181	-0.283713	-0.411194	-0.463584	0.152697	0.173376	0.0325689	-0.185582	0.360554	0.648798
-0.23285	-0.330501	-0.453832	-0.508039	0.406285	0.14345	0.19655	0.213554	0.424909	0.140467
-0.046605	-0.164309	-0.85727	-0.383666	0.544523	0.10402	0.0134106	0.337223	0.218575	0.234098
-0.0605305	-0.111082	-0.658419	-0.209827	0.0992577	0.101384	-0.0873601	0.310798	0.198128	0.417648
-0.342554	-0.145104	-0.775847	-0.0248083	0.610309	0.225284	0.154798	-0.064376	0.152627	0.209671
-0.0398102	0.38643	-0.948584	0.299879	-0.843484	0.594966	0.210034	0.114876	0.185222	0.0404745
-0.42543	0.733901	-0.562915	0.109983	-0.859263	0.0817692	-0.270064	0.508769	0.673517	0.00973371
-0.697415	0.800628	-0.513323	0.271782	0.407555	-0.231785	-0.657043	0.440689	-0.0437699	0.222681
-0.625878	0.216267	-0.179262	-0.0345372	0.454832	-0.227448	-0.193373	0.431323	-0.156561	0.314639
-0.0315098	-0.103094	-0.390002	0.349125	0.160432	-0.181144	-0.397669	0.336075	-0.200873	0.458662
-0.276429	-0.0223776	-0.0910935	0.133575	0.0156609	-0.0587199	-0.302587	0.531474	-0.263609	0.334108
0.0325333	-0.204089	0.31842	0.0735989	-0.0194763	-0.392243	-0.1996	0.252714	-0.0460782	0.184222
0.193335	-0.206129	-0.0867399	0.357276	-0.227664	-0.695977	-0.144349	0.331016	-0.09533	0.574563
0.381769	-0.238326	0.0576622	-0.0804987	-0.249028	-0.494526	-0.0551884	0.30243	0.0262486	0.349458
0.258361	-0.23096	-0.0465639	-0.00130447	-0.25665	-0.542391	-0.122114	0.299294	0.311104	0.331224
0.306643	-0.202057	-0.139983	-0.203669	-0.513618	0.20953	0.331153	-0.214138	0.499068	-0.0729254
0.388229	-0.192454	-0.162575	-0.24262	-0.492101	0.811939	-0.0215096	-0.191845	0.370552	-0.267604
-0.237539	-0.111502	0.0731419	0.00894353	-0.21945	1.07688	-0.472237	-0.0828598	0.0941513	-0.129522
-0.114336	-0.0350449	0.040258	-0.0034569	-0.0413506	0.292596	-0.27783	-0.0134816	0.190217	-0.0375712
-0.000435938	0.00665168	-0.00186697	-9.05892e-05	-0.00159637	0.00452752	-0.0148583	0.00367706	0.00683721	-0.00284529
-1.50621e-06	-3.32573e-08	-1.2959e-05	-7.44273e-05	-1.77381e-06	-1.4468e-05	-1.72643e-08	0.0017719	-2.09526e-05	-0.00164576
2.4387e-05	-0.000249701	-5.86021e-05	-0.00323769	-0.0431793	-0.0163428	-0.000303961	0.107526	-0.00128387	-0.0428944
-0.00479826	-0.00387987	-0.00198283	-0.00912276	-0.162557	-0.0222028	-0.00137933	0.440776	-0.00968278	-0.22517
-0.0233567	-0.0041535	-0.169607	0.0700246	-0.216378	-0.0968504	-0.0672917	0.602696	0.0920405	-0.187121
-0.127631	0.00471405	-0.265064	-0.00913558	-0.407073	0.0212965	-0.0670191	0.545961	0.00762063	0.296335
-0.00288541	-0.0710224	-0.526795	-0.232903	-0.0580047	0.0201593	-0.060415	0.280131	0.311671	0.340064
0.241761	-0.132506	-0.914859	-0.338723	0.193663	0.349104	0.149263	0.0096574	0.068404	0.374235
-0.00670445	-0.179734	-1.10027	-0.306047	0.34809	0.0692023	0.261688	0.426178	0.281425	0.206171
-0.10016	-0.206613	-0.554145	-0.418647	0.439062	-0.0198808	0.219207	0.531442	-0.0364671	0.146198
-0.0543353	-0.134738	-0.566506	-0.155698	0.191787	-0.11806	0.293428	-0.0374801	0.141275	0.440327
0.0341628	-0.367222	-0.646879	0.201491	0.567755	0.316643	-0.0235799	-0.151522	-0.206132	0.275285
0.0281285	-0.497536	-0.595646	-0.172456	0.533884	0.148195	0.340685	0.0907684	-0.132698	0.256673
0.166661	0.0763378	-0.548507	-0.0235715	1.00125	0.179137	0.159831	-0.727191	0.0526291	-0.336576
0.0766458	0.200208	-0.376899	0.0216422	-0.0284296	0.33175	0.187194	-0.969491	0.50699	0.0503907
-0.585099	0.997283	-0.511931	0.579489	-0.567941	-0.111388	-0.300789	0.0160905	0.22882	0.255462
-0.871069	0.501853	-0.541686	0.211774	0.190946	0.0487658	-0.38272	0.465354	0.0624147	0.314373
-0.680301	0.16024	-0.223787	0.140131	0.361374	-0.318793	-0.103095	0.500807	-0.066188	0.229614
-0.0531508	0.14584	-0.322781	-0.0702709	0.036156	-0.436018	-0.142304	0.458831	0.0969851	0.286719
-0.0577037	-0.0276798	-0.288681	0.128637	0.0091822	-0.324474	-0.201866	0.416073	-0.0860213	0.432538
0.0937403	-0.222348	0.286984	-0.0784127	0.153043	-0.370464	-0.365411	-0.133366	0.239948	0.396287
0.0808771	-0.158499	-0.0215061	0.0068543	0.136007	-0.455086	-0.171033	-0.0093382	0.221817	0.369907
0.105577	-0.0883769	0.0451586	-0.629517	0.29292	-0.880879	0.102001	0.134721	0.448177	0.470212
0.313863	-0.0881399	-0.0458274	-0.491465	0.123144	-1.23734	0.374891	0.114356	0.431736	0.504785
0.43965	-0.0546453	-0.372348	-0.291219	-0.216729	-1.16424	0.77004	-0.236878	0.768669	0.35771
0.648758	-0.0647463	0.172493	-0.131762	-0.128922	-1.08314	0.358626	-0.197994	0.750002	-0.323303
-0.030927	-0.0454859	0.335126	0.0218401	-0.0712482	0.0354061	-0.270063	0.0178951	0.166472	-0.159013
-0.070634	-0.0346559	0.230218	-0.00050116	-0.0326634	0.188574	-0.301102	0.0426341	0.0311186	-0.0529875
-0.000375132	0.00516199	0.0234248	-0.000123855	-0.0110196	-0.00457659	-0.0159329	0.0198292	-0.0145964	-0.00179158
-6.46966e-09	6.01297e-05	-7.27475e-06	-2.03079e-05	-1.90621e-07	-1.95554e-06	-1.45205e-06	-1.14683e-05	-6.03565e-06	-1.14383e-05
0.000703808	-4.34458e-05	-3.8137e-05	-0.00164526	-0.032022	-0.00267874	-0.000328965	0.0608749	-0.000257166	-0.024565
-0.00219522	-0.00125885	-0.00087119	-0.00575679	-0.106355	-0.00581309	-0.000549206	0.272052	-0.00251773	-0.146735
-0.00679363	0.0130633	-0.212312	0.0315292	-0.175083	0.00129961	-0.0583957	0.487432	0.055192	-0.13593
0.0437986	0.0382086	-0.616374	-0.226498	-0.177011	0.114261	-0.106885	0.313073	-0.077236	0.694673
-0.00609198	-0.0530991	-0.876305	-0.241244	0.236617	0.222599	0.0815639	0.126985	0.077629	0.431345
0.310334	-0.105786	-1.11555	-0.273414	0.478279	-0.107204	0.47874	0.221416	-0.00113018	0.114319
0.305371	-0.168581	-0.851362	-0.327682	0.299151	0.170074	0.0540986	0.19383	0.0303886	0.294711
0.0795031	0.021771	-0.346365	-0.213151	0.312357	-0.0253693	0.0235783	0.0136577	-0.0848025	0.21882
0.100601	-0.0794341	-0.261584	-0.116188	0.373792	0.0544937	0.0832597	-0.167415	0.072167	-0.0596934
0.2085	-0.693522	-0.169375	-0.167639	0.467398	0.163528	0.250918	0.0271881	-0.200761	0.113766
0.0426812	-0.722531	0.130651	-0.199352	0.584082	0.29078	-0.0464934	-0.220656	0.109712	0.0311229
0.101042	0.0520713	-0.0972291	0.13294	0.438118	0.493091	0.0904401	-1.14772	0.251642	-0.31439
-0.493225	0.279485	0.154593	0.427596	-0.319904	0.29607	0.114944	-1.12003	0.569142	0.0913255
-0.706438	0.639003	0.0240644	0.267487	-0.0420565	-0.0687322	-0.23536	-0.0400006	-0.0985389	0.260575
-0.89801	0.420272	-0.285022	-0.252067	0.445449	-0.261546	0.0373143	0.056197	0.43694	0.300481
-0.624647	0.162925	-0.263977	0.0892353	0.231851	-0.443986	0.0237054	0.226163	0.110426	0.488303
-0.20645	0.41129	-0.0407542	0.0318044	0.179231	-0.180406	-0.33474	0.0338944	-0.181623	0.287757
-0.0435635	-0.244643	-0.238018	0.226055	0.241688	-0.109933	-0.171993	0.0676162	0.0333361	0.239456
-0.0666892	-0.335387	-0.221959	0.0322284	0.0824316	0.0466327	0.132898	-0.224082	0.056995	0.496931
-0.349731	-0.19777	-0.205202	-0.52067	0.339703	0.00695476	-0.0988719	0.298989	0.323584	0.403013
-0.0845495	-0.12996	0.0624722	-0.560109	0.386516	-0.303488	0.284571	0.14515	-0.174715	0.374114
0.238177	-0.14152	-0.0117153	-0.69695	0.329584	-0.346383	0.420793	-0.0948787	0.0543894	0.248505
0.456264	-0.131637	-0.0853119	-0.306758	-0.0529363	-0.774993	0.881214	-0.085007	0.353814	-0.254648
0.493191	-0.123297	0.596767	-0.0917137	-0.263102	-0.883521	0.434642	0.0368773	0.285782	-0.485611
0.111671	-0.0797917	0.694632	0.00256918	0.0123387	-0.248193	-0.34619	0.0484441	0.0558378	-0.251316
-0.0201516	-0.0411503	0.509035	-0.00155951	-0.0233969	-0.0148148	-0.296927	0.00331614	-0.0359001	-0.078451
-0.00293855	-0.000694893	0.150442	-0.00398957	-0.0372083	-0.0403384	-0.0491676	-0.0108079	-0.00291513	-0.00238121
-4.27509e-05	-1.3322e-06	-2.98574e-05	-0.00229888	-0.000151408	0.0108291	-0.000151574	-7.19038e-05	-0.00029215	-0.00778929
-5.70267e-05	-1.31487e-05	-0.0156438	0.0166003	-0.0174824	-0.00125609	-1.42812e-05	0.0321472	-0.000899802	-0.0133809
-0.000762738	0.00154719	-0.0104742	0.00877804	-0.0439657	-0.00197188	-5.68281e-05	0.14792	-0.00133454	-0.0996797
-0.0888681	0.0251514	-0.177384	0.0386106	-0.0161272	0.0314995	-0.027601	0.241808	-0.00977427	-0.0173139
-0.0215402	0.0408478	-0.399081	-0.129448	0.396343	0.0856174	-0.299994	0.138457	-0.183715	0.372522
0.29035	-0.0700415	-0.660279	-0.358345	0.546277	-0.0284729	0.0405623	0.164632	0.00223848	0.0730792
0.162125	-0.131339	-0.24522	-0.43507	0.306596	-0.082434	0.2826	-0.0651184	-0.095226	0.303086
0.504088	-0.190015	0.0954365	-0.352873	0.384463	-0.026311	-0.0193797	-0.0216292	-0.53479	0.161011
0.2147	0.00830712	-0.0911919	-0.161393	0.309338	0.0728514	0.132322	-0.126801	-0.347321	-0.0108126
0.304793	-0.232595	-0.0935718	-0.0737801	0.262109	0.107937	0.333479	-0.33456	-0.29464	0.020825
-0.0415069	-0.707143	0.102173	-0.102663	0.275998	0.314735	0.311722	-0.142102	-0.0266189	0.0154088
0.135583	-0.665193	0.116519	-0.231992	0.373499	-0.0206458	0.490032	-0.538116	0.329225	0.0110905
0.238679	0.100971	-0.104858	0.238846	0.317765	0.0249849	0.166462	-1.08969	0.254311	-0.147473
-0.246644	0.289107	0.243314	0.00636198	-0.268518	0.00807234	-0.0632368	-0.590555	0.517521	0.104577
-0.768609	0.606247	0.0653287	0.156036	0.0519378	-0.0735528	-0.182367	-0.142863	0.23267	0.0551773
-0.701356	0.452476	-0.182948	0.00695246	0.196033	-0.130186	0.0436274	-0.0813095	0.198379	0.198335
-0.792464	0.266869	-0.0212771	-0.0366309	0.401217	-0.341844	0.225691	0.0250078	-0.0647667	0.3382
-0.137494	-0.163322	-0.303	0.0824452	0.582569	-0.349577	-0.383854	0.280584	0.0771824	0.314468
-0.061389	-0.643676	0.170992	0.00291619	0.234386	-0.188091	-0.119981	0.489834	-0.10095	0.21596
-0.192374	-0.498842	-0.0468783	-0.175228	0.413404	-0.316863	0.00140601	0.742983	0.0480004	0.0243922
0.0359687	-0.288412	0.11004	-0.32055	0.209164	-0.0318665	-0.143007	0.362131	-0.198041	0.264574
0.216177	-0.194527	-0.117818	0.0132302	0.0572002	-0.165391	0.136144	0.017325	-0.145179	0.182837
0.130007	-0.138158	-0.0738352	-0.307713	0.170103	0.112022	0.338276	0.282697	-0.449065	-0.0643337
0.393575	-0.101356	0.210145	-0.198065	-0.0580302	-0.027167	0.422892	0.329213	-0.402704	-0.5685
0.547156	-0.0528402	0.406556	-0.0144215	-0.247268	-0.237986	0.295917	0.0413003	-0.214977	-0.523429
0.0857415	-0.0420934	0.638033	-0.0285577	-0.0850965	-0.314776	-0.106114	-0.0789599	0.0804529	-0.148626
-0.0098286	-0.00612871	0.41897	-0.0170477	-0.0927181	-0.0428144	-0.213816	-0.00866528	-0.00996159	-0.01799
-0.000271059	-3.15779e-05	0.0147746	-0.0028604	-0.00405026	-0.00177076	-0.00510466	-0.000131679	-0.000508194	-4.60589e-05
-1.6341e-05	-5.28332e-07	-9.82363e-06	-0.000755014	-5.96682e-05	0.0034809	-5.01733e-05	8.1394e-05	-0.000100492	-0.00257026
-5.9632e-05	-7.4268e-06	-0.0333868	0.0368146	-2.75691e-05	-0.00139191	-6.76509e-06	-5.79944e-05	-0.00183958	-3.69814e-05
-0.00172024	0.00972269	-0.0180944	0.0401034	0.0217677	-0.00722678	-0.000300674	0.033866	-0.00245613	-0.0756615
-0.107916	0.00514171	0.0283203	0.0249107	0.0901635	-0.0334448	-0.0890029	0.110813	-0.0149611	-0.0140238
0.15866	-0.00578771	0.114523	0.0567993	0.263984	-0.0507641	-0.466383	0.000962584	-0.175426	0.103438
0.42239	-0.128159	0.327106	-0.0573136	0.204157	-0.296256	-0.075645	-0.116569	-0.320089	0.0403832
-0.101943	-0.226308	0.399852	-0.00599353	0.202237	-0.118959	0.221925	-0.0933227	-0.318995	0.0415061
0.392164	-0.169441	-0.0515546	-0.244544	0.382679	-0.226403	0.274453	-0.17305	-0.264377	0.0800713
0.299304	-0.0622306	-0.107986	-0.318299	0.310429	0.0461738	0.223095	-0.350285	-0.15534	0.11514
0.331307	-0.327589	0.0384226	-0.277878	0.391386	0.191732	0.126384	-0.359269	-0.0328052	-0.081687
0.369737	-0.524503	0.0303579	-0.211337	0.352438	0.0926899	0.228113	-0.198332	-0.165719	0.0265594
0.0458712	-0.190111	-0.104219	-0.0595626	0.428184	0.0438073	0.421511	-0.557224	-0.0865616	0.058302
-0.074653	0.262554	-0.108091	0.0754559	0.178471	0.123625	0.256291	-0.746349	0.158866	-0.126169
-0.605941	0.47275	0.204168	0.0475823	-0.265884	-0.0229725	0.155148	-0.262743	0.406858	-0.128964
-0.912585	0.725384	0.107642	0.21965	0.0831963	-0.337623	0.257469	-0.386809	0.49074	-0.247063
-0.654218	0.0397382	0.0484474	0.192531	0.234127	-0.266962	0.0229616	0.177208	0.0354841	0.170686
-0.483849	0.364008	0.00522851	-0.0404663	0.55542	-0.149214	-0.0794015	-0.265516	-0.123227	0.21702
-0.257471	-0.584013	-0.181513	-0.0232774	0.532155	-0.281452	-0.0313023	0.630299	-0.211928	0.408504
-0.0285	-0.628095	-0.205962	-0.230013	0.155306	0.333873	-0.0989152	0.590085	0.0143514	0.0978728
-0.0655266	-0.563602	0.00473439	0.0731067	0.257675	0.00341377	-0.000811454	0.265685	-0.0942112	0.119537
0.252562	-0.398285	-0.338345	0.406164	-0.134029	-0.158868	0.136334	0.389844	-0.285788	0.130408
0.0815511	-0.208836	-0.191453	0.281284	-0.0716712	-0.0355491	0.1776	0.330896	-0.262964	-0.100857
0.164376	-0.168727	-0.391103	0.275341	0.269384	-0.14184	-0.055172	0.46856	-0.185146	-0.235673
0.35599	-0.113063	-0.084447	0.300165	-0.0928609	0.141554	0.125158	0.190196	-0.365866	-0.456824
0.427911	-0.0644577	0.616297	0.167937	-0.550245	0.11588	0.210609	-0.068201	-0.396353	-0.459367
0.0189671	-0.0334436	0.680439	-0.0714246	-0.212129	-0.183456	0.122272	-0.193231	0.0283002	-0.156288
-0.0170683	-0.011416	0.40756	-0.0227066	0.0368867	-0.0692183	-0.201983	-0.0350212	-0.0272755	-0.0597577
-0.00238454	-0.00132102	0.0658881	-0.00086382	-0.00716456	-0.0295989	-0.0157479	-0.000717252	-0.00373634	-0.0043537
-1.33882e-05	-5.26433e-07	-2.70332e-07	-1.30505e-05	-5.76688e-05	-0.000370994	-3.10153e-06	0.000599644	-2.76135e-05	-0.000113032
-4.99406e-05	3.02471e-05	-0.0164568	0.0206545	-1.71356e-05	-0.000790228	-2.58177e-05	-0.00138422	-0.000957535	-0.00100311
-0.00574728	0.00785207	-0.00218429	0.0971731	-0.0111632	-0.0285708	-0.00164718	-0.00638286	-0.00584013	-0.0434894
-0.0716556	-0.00381477	0.33514	0.149704	-0.0936891	-0.0172928	-0.139703	-0.0897932	-0.00812071	-0.0607726
0.223606	-0.020504	0.416851	0.376832	-0.261011	-0.0695236	-0.469064	-0.0590273	-0.218727	0.0805767
0.506327	-0.165801	0.218196	0.211771	-0.164178	-0.134526	0.0912726	-0.193097	-0.390551	0.0205863
0.237331	-0.357222	0.428488	-0.0841615	0.0580626	-0.138128	0.331541	-0.0662272	-0.204104	-0.205575
0.167763	-0.323243	0.0833944	-0.270829	0.405726	-0.565975	0.410709	0.141612	0.0476573	-0.0968131
0.339837	-0.228851	-0.180329	-0.476844	0.364035	-0.269936	0.280762	-0.125709	0.0261667	0.270868
0.304319	-0.0432538	0.202229	-0.0549177	0.161036	-0.423156	0.317508	-0.170803	-0.025544	-0.267419
0.226541	-0.127992	0.161414	-0.144534	-0.133203	-0.0717679	0.364807	-0.535615	0.218409	0.0419421
0.139377	-0.118976	0.193954	-0.0168704	-0.127228	-0.160732	0.803266	-0.858749	0.0363653	0.10959
-0.266524	-0.238324	0.229957	0.0450355	0.0764156	-0.00329354	-0.0519095	-0.228003	0.542441	-0.105794
-0.872733	0.450115	0.437402	0.373699	-0.0116549	-0.0565645	-0.00311249	-0.155945	0.123766	-0.284972
-0.673889	0.727278	0.163844	-0.00419933	0.378683	-0.331006	0.193736	-0.526431	0.0892719	-0.0172843
-0.369234	-0.126008	-0.119252	-0.187777	0.573846	-0.129194	0.125676	0.202567	0.0602954	-0.0309188
-0.278749	0.0491419	0.219582	-0.422591	0.414839	-0.283276	-0.0136711	0.0256067	0.0678683	0.22125
0.0145788	-0.918375	0.444152	-0.0339728	0.270996	-0.159179	-0.242856	0.357633	0.0172085	0.249816
0.0179943	-0.652007	0.0372057	0.388173	0.168532	-0.204042	0.13143	0.116197	-0.174951	0.171469
0.0256516	-0.480249	-0.00427789	0.3592	0.0928607	0.0793352	0.261534	0.318996	-0.50352	-0.149529
0.276179	-0.298443	-0.185299	0.19384	0.30984	0.123684	-0.0020901	0.196557	-0.533326	-0.0809412
0.170427	-0.182811	0.38737	0.0801631	0.204984	-0.0867091	0.066722	0.26803	-0.533416	-0.374763
0.185565	-0.186166	0.25857	0.30567	-0.118479	0.212818	-0.123235	-0.0576567	-0.369212	-0.107872
0.16784	-0.165826	0.26484	0.526625	-0.269557	0.21147	-0.0660973	-0.149008	-0.0122362	-0.508048
0.0704071	-0.0490382	0.608718	0.403498	-0.374173	0.00550612	0.163123	-0.151013	-0.246185	-0.430835
-0.102388	-0.080905	1.08853	-0.130148	-0.172882	-0.178708	0.0461407	-0.185181	-0.133385	-0.151063
-0.0498257	-0.0417153	0.645141	-0.0244848	-0.118425	-0.115072	-0.16608	-0.0286404	-0.0627799	-0.0381174
-0.00131784	-0.00101123	0.105898	-0.00145395	-0.00502317	-0.0537322	-0.037041	-0.00186638	-0.00391499	-0.00053757
0.0	0.0	0.0	0.0	0.0	0.0	0.0	0.0	0.0	0.0
-6.38966e-05	0.000449753	-0.00632478	0.00772271	-1.27031e-05	-0.000580986	-2.52228e-05	-0.000100382	-0.000804655	-0.000259828
-0.0192837	-0.000173441	0.0605832	0.082639	0.00130487	-0.044342	-0.0033206	-0.00339555	-0.00587627	-0.0681355
-0.0581456	-0.008037	0.322465	0.383897	-0.276655	0.0264725	-0.125581	-0.0912829	-0.0413729	-0.131755
0.148602	-0.0417832	0.476503	0.453836	-0.163541	0.0843272	-0.516616	-0.00740658	-0.187015	-0.246899
0.378294	-0.311407	0.335796	0.0960348	-0.207213	0.282434	-0.00585347	-0.0451435	-0.284497	-0.238443
0.325769	-0.513214	0.274417	-0.019751	-0.0701994	0.471929	0.112104	-0.228185	-0.109483	-0.243384
0.244504	-0.432711	0.167568	0.0119834	0.184382	-0.339835	0.203442	-0.302076	0.143679	0.119064
0.0370309	-0.221622	0.119257	-0.240176	0.249399	-0.346047	0.343124	-0.191572	0.078725	0.171878
0.272773	-0.134081	0.160002	-0.606085	0.101923	-0.232523	0.362312	-0.213178	0.354363	-0.0655073
0.436455	0.103574	0.427231	-0.617606	-0.00807674	-0.389312	0.612593	-0.664867	-0.026307	0.126314
0.123303	-0.163662	0.290549	-0.432249	-0.0981209	-0.301512	0.55411	-0.256939	0.31539	-0.0308689
-0.0775507	0.10926	0.375578	-0.274962	-0.0548193	-0.519596	0.0446586	-0.00931279	0.295878	0.110865
-0.678485	0.499978	0.32383	-0.22669	0.165848	-0.479588	0.124823	0.0395019	0.21913	0.0116533
-0.608764	0.589195	0.0545492	-0.419099	0.545812	-0.301893	0.14679	0.0498929	0.0997012	-0.156181
-0.325439	0.0180304	0.188306	-0.459462	0.349116	-0.0616236	0.0614682	0.0964167	-0.144646	0.277833
-0.0526513	-0.373523	0.0349064	0.05541	0.303976	0.00508849	-0.0961007	-0.138485	0.215905	0.045478
0.177531	-0.737837	-0.265696	0.333402	0.26389	0.245941	0.0733007	-0.0404293	-0.140922	0.0908239
-0.0745463	-0.35708	0.0251092	0.0533232	0.322355	0.313129	0.181106	0.107124	-0.477103	-0.0934163
0.108486	-0.229042	0.0525156	0.345326	-0.222722	0.100406	0.19379	-0.129187	-0.0168563	-0.202717
0.222125	-0.171976	-0.0781737	0.0283624	0.0518285	0.0101621	0.0256394	0.0765467	-0.0283059	-0.136209
-0.0643447	-0.104542	0.0583518	0.048187	0.164706	0.0026564	0.132299	0.010702	-0.0408769	-0.20714
0.216514	-0.0168203	0.129441	0.294635	-0.190106	-0.0777802	0.104768	0.023703	-0.180729	-0.303625
0.0647068	-0.0493889	-0.0724569	0.490344	-0.250524	0.183686	0.0528999	-0.115385	0.210346	-0.514225
-0.00502728	-0.0132383	0.516189	-0.0955911	-0.344519	0.0881747	0.156926	0.091697	0.0409788	-0.435583
-0.0340896	-0.114552	1.16332	-0.243052	-0.262707	-0.227829	0.0462327	0.0408014	-0.272341	-0.0957812
-0.02181	-0.00773566	0.314456	-0.0219684	-0.0646774	-0.0465075	-0.109196	0.0303938	-0.0542444	-0.0187108
0.0318901	-0.00142251	0.0335709	-0.00111703	-0.0338138	-0.00850242	-0.0133397	-0.0045571	-0.00089965	-0.00180874
-3.78346e-05	-1.6517e-05	-2.15616e-05	-0.000694047	-0.00713978	-0.000328764	-5.28128e-06	0.00709148	-0.000246349	0.00139866
-1.41457e-05	0.000111142	-0.000274157	0.00066272	-2.42282e-06	-0.000297753	-5.73856e-06	-1.82482e-06	-0.000122345	-5.54732e-05
-0.0151452	-0.000693186	-5.6504e-05	0.076146	-0.00552098	-0.027839	-0.00246619	0.0194481	-0.00513404	-0.0387389
-0.113612	-0.00951113	0.16079	0.584505	-0.165357	0.0113578	-0.0838797	-0.0332314	-0.139924	-0.211131
0.0683489	-0.0968177	0.540707	0.30099	-0.027976	0.338977	-0.398866	-0.100285	-0.299667	-0.3254
0.0492776	-0.38305	0.678551	0.321167	-0.0702829	0.272491	-0.309185	-0.0999125	-0.0844339	-0.37462
0.0961221	-0.704932	0.193137	0.230337	-0.0867862	0.540923	0.0477157	-0.399694	0.130507	-0.0473268
0.0498066	-0.45924	0.443009	-0.173988	0.0685968	0.158064	0.244347	-0.339443	0.0166962	-0.00785036
0.2785	-0.0479081	0.0200022	-0.100849	0.124259	-0.0244898	0.11665	-0.278811	0.0461596	-0.133514
0.332967	0.01768	-0.0551914	-0.417147	0.12472	-0.248739	0.354759	-0.307229	0.262399	-0.0642212
0.392303	-0.204549	0.262767	-0.441458	-0.295448	-0.172178	0.207653	-0.360137	0.259661	0.351389
0.105441	-0.193659	0.125447	-0.411173	-0.0661182	-0.0944791	0.0661078	-0.0942204	0.330834	0.231818
-0.308344	-0.0183973	0.358679	-0.549862	0.202288	-0.104563	0.732313	-0.230763	0.228101	-0.309453
-0.652041	0.0800707	0.334277	-0.332596	0.357471	-0.108548	0.448644	0.0796043	0.0506094	-0.257489
-0.466455	0.262195	0.144044	-0.255674	0.323283	0.00404883	0.0115876	-0.136839	-0.109011	0.222826
-0.143438	-0.311098	-0.0542263	0.244586	0.173243	-0.0489942	0.101155	-0.109067	-0.0120508	0.159892
0.00337265	-0.527361	0.122797	0.437111	0.340082	-0.0168947	0.218238	-0.208149	-0.236541	-0.132653
-0.0125655	-0.134146	0.291646	0.151473	-0.217755	0.179976	0.256498	-0.111529	-0.315427	-0.088167
-0.0215017	0.0888679	0.072407	0.132127	-0.0718536	-0.177628	0.279552	-0.0822706	-0.0767586	-0.142941
-0.0859945	-0.00213299	0.144703	0.160748	-0.168531	0.108641	0.000928071	-0.0173494	-0.0581746	-0.0828371
-0.244873	0.0759575	-0.0180199	0.130667	0.00526284	-0.00167747	-0.0233265	-0.0090558	0.0649985	0.0200653
-0.10069	0.0142786	0.156563	0.367999	0.0655886	-0.00977753	0.0679737	-0.119123	-0.232001	-0.21081
0.288138	-0.0630447	0.132754	0.45922	-0.402301	0.108302	0.013671	-0.207625	0.00784057	-0.336954
0.135355	-0.0639376	0.504515	0.19274	-0.270418	0.232469	0.0734483	-0.484774	0.186333	-0.505726
-0.0319868	0.0406805	0.897685	-0.294616	-0.282998	0.258561	0.0700246	-0.251785	-0.0457246	-0.359832
-0.0356728	0.051312	0.797414	-0.14719	-0.249696	-0.137437	0.0634015	-0.0156783	-0.235951	-0.0905
-0.0123206	0.0214804	0.0968827	-0.0173704	-0.019715	-0.0358134	-0.0338783	0.035682	-0.0304282	-0.00451921
-0.00809435	-1.01569e-05	0.0472427	-0.000259747	-3.829e-05	-0.0195331	-0.0183247	-2.12539e-05	-0.000443838	-0.000517244
-2.05723e-09	8.28671e-05	-5.44465e-05	-5.14758e-06	-1.34406e-08	-1.31624e-07	-3.03945e-07	-8.04764e-07	-2.16124e-05	-4.04718e-07
0.00797645	0.000427064	-0.00284611	-0.000148739	-0.012843	-0.000813927	-0.000775952	0.0265202	-0.00105905	-0.0164369
-0.00615524	-0.000835381	-0.000521592	0.0557123	-0.00397917	-0.0236772	-0.00298598	0.0202798	-0.00947282	-0.0283646
-0.0863295	-0.012119	-0.0384811	0.597043	0.0569669	0.0179495	-0.0856288	-0.0880579	-0.19464	-0.166698
-0.0108641	-0.163319	0.320518	0.337267	-0.0522962	0.378034	-0.22623	-0.0553462	-0.252407	-0.27535
0.0642486	-0.562486	0.17911	0.477636	0.109832	0.224132	-0.232174	-0.16774	0.148805	-0.241362
0.220111	-0.329833	0.0603728	0.0573975	-0.0145306	0.341197	-0.00310776	-0.329058	0.115785	-0.118333
0.190822	0.0767525	0.357327	-0.122379	-0.0651445	0.0410446	0.159553	-0.49	-0.117066	-0.0309092
0.213402	-0.00238644	0.187866	-0.0831454	-0.266006	0.326567	-0.0429704	-0.262351	0.0640808	-0.135056
0.0784306	0.107538	0.312166	-0.0265111	-0.454344	0.056558	0.334692	-0.316902	0.271305	-0.362935
0.256181	-0.140382	0.403701	-0.0759454	-0.503601	0.0994053	0.4504	-0.594988	0.293028	-0.1878
0.360359	-0.147348	0.204351	-0.240923	-0.0953149	0.0621046	0.701362	-0.296958	-0.199258	-0.348372
0.257035	-0.116103	0.185488	-0.2247	-0.539835	0.0458701	0.609202	-0.142065	0.0184253	-0.0933168
-0.175305	0.252475	0.468444	-0.0995804	-0.17011	0.0638818	0.190926	-0.145775	-0.154843	-0.23011
-0.293151	-0.148164	0.096341	0.00692327	0.29069	-0.0600668	0.395507	0.160005	-0.154767	-0.293318
-0.184466	0.0363375	0.251133	0.0291623	-0.0104711	0.0788591	0.302445	-0.176062	-0.0707404	-0.256197
-0.206422	0.24093	0.29944	0.158838	-0.0501341	-0.102887	0.251953	-0.420092	-0.0126313	-0.158992
0.0379357	-0.0596902	0.312534	0.356768	-0.208579	-0.149643	0.226475	-0.340112	0.0716456	-0.247335
0.000838475	0.0891727	0.126897	0.247828	-0.189246	0.0389498	0.0943399	-0.437616	0.172831	-0.143995
-0.146522	0.168041	-0.0918491	0.195468	-0.282411	-0.0275075	0.176712	-0.0550738	0.0345458	0.028597
-0.00378319	0.0676969	0.144951	0.00784423	-0.240181	0.220553	0.0492737	-0.25903	-0.00767829	0.0203525
0.0933461	0.0124254	0.235903	0.311975	-0.0500124	0.154137	0.190521	-0.494091	-0.157175	-0.297027
0.336833	-0.0485188	0.383797	0.117118	-0.560591	0.125993	0.218418	-0.524597	0.287423	-0.335872
0.0535422	-0.00968084	0.344527	0.194223	-0.394476	0.298118	0.078977	-0.53467	0.231902	-0.262453
0.0336497	0.099855	0.406287	-0.147574	-0.278166	0.288059	-0.0148755	-0.131496	-0.0852695	-0.170462
-0.0591495	0.112289	0.637036	-0.0775271	-0.135203	-0.0288727	-0.12684	-0.042807	-0.218424	-0.0604987
-0.0130953	0.0209413	0.203486	-0.012097	-0.00298546	-0.0659969	-0.0725118	-0.00324044	-0.0344557	-0.0200444
-0.00258878	6.52413e-05	0.0202909	-0.000128873	-2.13473e-07	-0.00577915	-0.0117318	-5.93868e-07	-0.000126425	-2.96258e-07
0.0	0.0	0.0	0.0	0.0	0.0	0.0	0.0	0.0	0.0
0.0200919	-5.198e-05	-0.00637619	-0.000596874	-0.000120629	-0.000895608	-0.00194644	-0.000227396	-0.00220534	-0.00767144
-0.00939937	-0.00734061	0.0490615	0.0335576	0.00360575	-0.00969595	-0.00306254	-0.0125518	-0.0180505	-0.0261241
-0.078944	-0.0283862	0.132988	0.476781	-0.0107228	0.0540766	-0.0620047	-0.136765	-0.193379	-0.153642
0.0676008	-0.0925968	0.379878	0.495499	-0.0871048	0.105513	-0.213208	-0.287019	-0.215723	-0.152832
0.275232	-0.432496	0.318026	0.251248	-0.218345	0.426964	-0.269565	-0.331081	-0.0720325	0.0520521
0.228235	-0.0506358	0.280497	0.443962	-0.238586	0.211874	-0.189367	-0.490326	0.0233936	-0.21905
0.164937	0.048775	0.659567	0.189963	-0.48678	-0.183401	0.249386	-0.523171	0.377701	-0.496974
0.210216	0.2781	0.305594	0.192675	-0.60771	0.247581	-0.0987948	-0.307243	0.0534275	-0.273848
0.198145	0.142838	0.280782	0.365674	-0.396746	0.227502	0.293343	-0.43895	-0.139894	-0.532693
0.282311	0.222436	0.29579	-0.0338517	-0.427582	-0.0186301	0.551414	-0.378579	0.165337	-0.658647
0.406862	0.258026	0.429681	-0.154147	-0.128875	0.120753	0.355792	-0.382326	-0.207168	-0.698596
0.489071	0.168369	0.234738	-0.479404	-0.198785	0.0372709	0.560071	-0.151983	0.0114585	-0.670803
0.175182	-0.0837784	0.0547676	-0.0748414	-0.375902	0.10277	0.217422	0.00181575	0.148733	-0.166167
-0.00622024	-0.024145	-0.0560001	0.124362	-0.0958943	-0.140375	0.742088	0.0512832	-0.311242	-0.283852
0.00851842	-0.0299403	0.081646	-0.0978817	-0.0219953	0.0350514	0.38317	-0.271277	0.17266	-0.259951
-0.107043	0.323981	0.0294145	0.114271	0.155874	0.158591	0.159426	-0.446373	-0.281347	-0.106793
0.0354642	0.315465	-0.168233	0.208777	0.0704803	0.236098	0.0608367	-0.565505	-0.0677155	-0.125665
-0.0595276	0.408703	0.11799	0.319929	-0.0822531	0.191395	0.308521	-0.834117	-0.0520384	-0.318599
-0.067968	0.395167	0.285477	0.111798	-0.325234	0.162778	0.0461463	-0.486163	-0.0403334	-0.0816671
-0.0543969	0.209352	0.226721	0.323489	-0.204003	-0.0396005	0.286561	-0.706277	0.170565	-0.21241
0.088139	0.0326137	0.341951	0.131867	-0.0752468	0.141835	0.0767078	-0.682777	0.310408	-0.365494
0.176602	-0.0398529	0.299703	0.0381801	-0.331431	0.542147	-0.120197	-0.608685	0.31916	-0.275622
-0.0721145	-0.0400718	0.284167	0.137696	-0.321514	0.211554	0.0384829	-0.338236	0.180195	-0.0801511
-0.028476	-0.00611055	0.517122	-0.104932	-0.186935	0.117993	-0.0834684	-0.0683841	-0.203278	0.0464752
-0.0508694	0.0210413	0.287471	-0.0456435	-0.140568	0.122743	-0.0563333	-0.0575457	-0.138304	0.05801
-0.00183912	0.0219732	0.0546352	-0.00297876	-0.000844867	-0.00908539	-0.0143357	-0.00207526	-0.0309266	-0.0145227
-2.12131e-05	0.000255271	-0.000205837	-4.99886e-05	-4.50981e-05	0.000518767	-5.06011e-06	-3.24418e-05	-0.000380883	-3.35162e-05
-2.2351e-08	0.000146436	-6.83476e-05	-2.53883e-05	-4.94602e-07	-8.11574e-07	-8.56486e-07	-9.08422e-06	-3.93669e-05	-2.06404e-06
-5.95145e-05	1.801e-05	0.000238771	0.000934977	-3.59596e-06	-0.000417603	-3.38108e-05	-0.000265236	-0.000136977	-0.000275022
-0.0296313	-0.0121957	0.101596	0.0758319	-0.000561428	-0.0237213	-0.00229303	-0.0687376	-0.0188912	-0.0213956
-0.0540304	-0.0115823	0.216887	0.324578	-0.0758575	0.0774002	-0.0444245	-0.191162	-0.127105	-0.114698
-0.0668762	0.104602	0.219889	0.277436	-0.12302	0.300868	-0.204112	-0.321052	-0.0475381	-0.140188
0.162976	0.441008	0.179481	-0.0236488	-0.120398	0.107645	-0.306908	-0.373943	-0.0583263	-0.00788536
0.164981	0.320564	0.197453	0.260773	-0.421365	0.164241	-0.393814	-0.468345	0.28627	-0.110761
0.13981	0.125166	0.205129	0.226578	-0.465445	0.318211	-0.0456755	-0.537046	0.312181	-0.27891
-0.0906529	0.238303	-0.0789946	0.226735	-0.0211346	0.10648	0.211422	-0.285096	-0.0883476	-0.218717
0.0517593	0.0510629	0.254406	-0.292911	-0.10853	0.135165	0.236404	-0.420348	0.264767	-0.171778
0.250268	0.324727	0.13172	-0.113988	-0.219078	0.0255216	0.231387	-0.207409	-0.171675	-0.251475
0.372423	-0.129181	0.0948953	-0.11953	-0.0219505	0.232412	0.316093	-0.293414	-0.0224286	-0.429319
0.369918	-0.135404	-0.0940182	-0.0360395	-0.0582307	0.104193	0.626039	-0.12669	-0.269645	-0.380123
0.125975	-0.181067	0.158722	0.0023359	-0.213209	0.104908	0.580359	-0.269567	0.0997088	-0.408166
-0.0301467	0.195052	0.165689	-0.111966	-0.175395	0.192397	0.636143	-0.381484	-0.0625732	-0.427712
0.00591671	0.0931764	-0.0475844	0.0551002	0.137778	0.126217	0.253112	-0.160087	-0.0727672	-0.390861
0.0490255	-0.0438945	0.152925	0.12917	-0.151668	-0.0218678	0.279978	-0.0253087	-0.180531	-0.187826
-0.194912	0.0319927	0.333369	-0.0607697	0.0423937	0.16174	0.432363	-0.376084	0.0354853	-0.405576
-0.208421	0.449862	0.336669	0.171705	-0.195082	0.0301486	0.313511	-0.431577	-0.0610644	-0.405756
-0.299687	0.287837	0.479398	0.330413	-0.0305478	-0.058609	0.143081	-0.46323	-0.059984	-0.328673
-0.132551	0.427583	0.0226566	-0.0137183	-0.0376689	0.269594	0.072847	-0.541326	0.156764	-0.224177
0.0264483	0.261733	0.161126	-0.14278	0.00709391	0.460631	-0.0551655	-0.646618	0.0167787	-0.0892425
0.0558522	-0.208515	0.372949	-0.0322394	-0.107604	0.473602	0.0670428	-0.581369	0.208855	-0.248566
0.0230442	-0.145682	0.551432	-0.162211	-0.0602764	0.255733	-0.0414093	-0.353638	-0.0307069	-0.0362806
-0.0638551	0.0349833	0.399793	-0.171029	-0.131514	0.17981	-0.0443445	-0.0596868	-0.275958	0.131804
-0.0315088	0.00474994	0.173207	-0.0354252	-0.12582	0.177068	-0.0520773	-0.0277315	-0.0923029	0.00984158
0.0309824	-0.000392825	0.0171771	-0.00486488	-0.00281261	0.00465975	-0.00442767	-0.0031564	-0.00956694	-0.027598
5.89168e-06	-4.49165e-11	-1.29966e-06	-3.28976e-07	-4.03618e-09	-1.60428e-06	-2.41104e-07	-7.73743e-09	-2.38677e-06	-1.91009e-08
-2.16526e-08	0.00014186	-6.62117e-05	-2.45949e-05	-4.79146e-07	-7.86212e-07	-8.29721e-07	-8.80034e-06	-3.81367e-05	-1.99954e-06
-9.25563e-07	4.19734e-05	-2.28309e-05	3.26936e-05	-1.96274e-07	-1.28908e-05	-2.7113e-07	-1.51205e-05	-1.40736e-05	-8.35841e-06
-0.00539733	-0.0117997	0.0759308	0.087112	-0.000421247	-0.0157564	-0.000233833	-0.0924088	-0.0141468	-0.0228785
-0.0689088	-0.0156556	0.181	0.2662	-0.082335	0.0398928	-0.0207381	-0.206352	-0.0416159	-0.0514844
-0.288131	0.156424	0.22463	0.201782	-0.126422	0.306239	-0.096443	-0.253576	-0.0132264	-0.111268
-0.0487901	0.873975	0.188869	0.00463521	-0.198311	-0.0813487	-0.205419	-0.128406	-0.085595	-0.319606
0.0377577	0.524659	0.383719	0.194699	-0.253655	-0.262312	-0.397894	-0.153327	0.0995077	-0.173153
0.0651759	0.0840518	0.35078	0.137028	-0.292698	-0.0371359	-0.26036	0.0556469	0.151273	-0.253765
0.206332	0.0838701	0.358927	-0.0895481	-0.226327	0.0584041	-0.120482	-0.0865903	-0.159284	-0.0253024
0.172629	0.161105	0.296927	-0.00296279	-0.310952	0.0404047	0.112173	-0.24498	-0.0856292	-0.138714
0.159135	-0.0844944	0.0675873	0.0248101	-0.222911	-0.0778157	0.184431	-0.101279	0.0167219	0.0338136
0.193566	-0.417601	0.163681	0.165795	-0.154912	0.119951	0.0212859	-0.336109	0.232042	0.0123027
0.183044	-0.595924	0.133199	-0.0735083	-0.174485	0.150426	0.332008	-0.0412625	0.0815648	0.00493726
0.578352	-0.41222	0.0491317	-0.125086	-0.100411	0.286624	0.302823	-0.466094	0.138759	-0.251877
0.0945452	-0.125984	-0.060276	-0.107674	-0.209261	0.218493	-0.0155583	-0.104132	0.311709	-0.00185918
0.116792	0.0470891	-0.145802	0.0857387	-0.208053	0.132035	0.265408	-0.0776754	0.113869	-0.329401
0.0309829	0.0305939	0.0149314	0.0171959	-0.157021	0.193589	0.185543	-0.0600296	-0.0524568	-0.203327
0.0744101	0.270438	-0.0584158	0.127705	-0.0069002	0.00991612	0.0540808	-0.260267	0.0917939	-0.30276
-0.133844	0.489246	0.112153	0.0285446	-0.0587782	0.193132	-0.0543437	-0.297234	0.00205595	-0.280932
-0.126416	0.30923	0.257025	0.192087	0.256443	0.155023	-0.0370171	-0.266674	-0.203879	-0.535823
-0.192625	0.328234	0.298313	0.16908	0.0069742	0.134589	0.125933	-0.533622	-0.160407	-0.176468
-0.0573826	0.0182661	0.213825	-0.0585647	0.328519	0.0417701	0.112231	-0.640584	0.144076	-0.102153
0.0888927	-0.201369	0.38089	0.0804378	0.018098	0.201971	-0.126788	-0.461082	-0.0032463	0.0222021
0.0719336	-0.103736	0.261857	-0.074133	-0.1186	0.272869	-0.155308	-0.347483	0.0109868	0.181621
-0.0485661	-0.0118339	0.244065	-0.118644	-0.115311	0.188946	-0.0705336	-0.0560617	-0.12197	0.109912
-0.0228987	-0.00260873	0.0872143	-0.0311519	-0.0807982	0.110801	-0.0179587	-0.0254849	-0.0380829	0.0209694
0.0032699	0.00657458	-0.0319142	0.000205218	0.00494771	0.0319804	-0.000105892	-0.0015499	-0.00585894	-0.00754893
1.08769e-05	-8.29228e-11	-2.39938e-06	-6.07341e-07	-7.4514e-09	-2.96174e-06	-4.45116e-07	-1.42845e-08	-4.40634e-06	-3.52632e-08
0.0	0.0	0.0	0.0	0.0	0.0	0.0	0.0	0.0	0.0
0.0	0.0	0.0	0.0	0.0	0.0	0.0	0.0	0.0	0.0
-0.000353573	-0.000211352	0.00207971	0.0944173	-0.000181189	-0.00051167	-3.07425e-05	-0.069082	-0.00284715	-0.0232792
-0.0328421	-0.0660576	-0.0372781	0.308321	-0.0161427	0.0565299	-0.00193143	-0.16225	-0.0381494	-0.010199
-0.208586	-0.0379845	-0.00262123	0.389956	-0.0661372	0.226877	-0.0170405	-0.0416551	-0.0769694	-0.165835
-0.220518	0.460013	-0.0747367	0.33836	-0.13004	0.231781	-0.061368	0.0837083	-0.370359	-0.256836
-0.0982555	0.395227	-0.000395174	0.286644	-0.0672226	-0.0293198	-0.146527	0.262608	-0.363418	-0.239338
0.138285	0.0862784	0.123175	0.285856	-0.0496518	-0.249533	-0.293602	0.376241	-0.208904	-0.208146
0.198485	-0.0345879	0.180494	0.0134157	-0.0383072	0.10811	-0.294608	-0.388539	0.228255	0.0272821
0.298397	0.0834853	0.203878	0.217396	-0.0482836	0.0611346	-0.304461	-0.186498	0.0298768	-0.354926
0.351665	-0.0617322	-0.0281476	0.110035	-0.0397559	0.35897	-0.414911	-0.170078	-0.106218	0.000175887
0.336259	-0.0722634	0.222142	0.272231	-0.0187821	0.0820141	-0.287757	-0.404661	0.0364522	-0.165636
0.166676	0.253211	0.125529	-0.208544	-0.147923	0.139729	-0.0334206	-0.352105	0.158576	-0.10173
0.238834	-0.0574293	-0.150798	0.221304	-0.0910097	-0.0778652	-0.0608662	-0.342649	0.469813	-0.149333
0.261967	-0.260567	-0.0605848	-0.159523	0.0167664	0.137286	0.0529342	-0.193263	0.203078	0.0019057
0.207669	0.175578	-0.107442	-0.044556	-0.0752483	-0.0253921	-0.0025251	-0.0391707	0.153447	-0.242359
0.00539014	0.0767737	0.00167488	-0.346619	0.169879	0.214519	-0.0749411	-0.222861	0.332968	-0.156784
0.0971434	0.292493	-0.0948285	0.0546264	-0.0165085	-0.0219569	-0.0475696	-0.149335	0.0451449	-0.15921
-0.380045	-0.00691919	0.254744	0.342496	0.257847	-0.323571	0.0635949	-0.282073	0.170486	-0.0965608
-0.4089	0.0524584	0.47314	-0.0162472	0.205746	-0.091541	0.0970179	-0.459643	0.180721	-0.0327532
-0.385964	-0.082417	0.401172	0.0886141	0.221288	0.0673042	0.0492927	-0.586483	0.206404	0.0207938
-0.176171	-0.169979	0.498107	-0.0399844	0.266513	-0.0374782	-0.0449068	-0.585835	0.0642302	0.225514
-0.0622703	-0.141428	0.449388	-0.168482	-0.118505	0.0544675	-0.0526648	-0.379679	0.0247842	0.394397
-0.0545526	-0.118455	0.298256	-0.0923201	-0.165268	0.16741	-0.0553581	-0.360385	0.084775	0.295902
-0.0759447	-0.0310728	0.248027	-0.0443456	-0.112857	0.11426	-0.0391242	-0.103347	-0.0804969	0.124902
-0.0153582	0.000521616	0.0902744	-0.0282143	-0.00227972	0.040745	-0.00943166	-0.0300496	-0.029687	-0.0165205
-1.98044e-05	0.0266946	-0.0221137	0.0124495	0.0051308	0.0187754	-0.000165616	-0.00125394	-0.0237924	-0.0157048
0.0	0.0	0.0	0.0	0.0	0.0	0.0	0.0	0.0	0.0
0.0	0.0	0.0	0.0	0.0	0.0	0.0	0.0	0.0	0.0
0.0	0.0	0.0	0.0	0.0	0.0	0.0	0.0	0.0	0.0
-0.00157178	-9.97799e-06	-0.00220933	0.0458561	-1.28806e-05	-0.00052283	-3.95577e-06	-0.0354614	-0.000153663	-0.00591025
-0.00261521	-0.0428317	-0.0952502	0.191744	-0.00034881	0.0548171	-0.000158103	-0.0206614	-0.0681194	-0.016576
-0.0129483	-0.0802593	-0.15672	0.338999	-0.0256306	-0.0030465	-0.00311717	0.115415	-0.220306	0.0476165
-0.0973013	0.046811	-0.29129	0.28886	-0.0249485	0.00362802	-0.0236398	0.434127	-0.408627	0.0723869
-0.143247	0.0307118	-0.402668	0.548458	-0.0268297	-0.038194	-0.0396703	0.456622	-0.434179	0.048999
-0.19842	-0.0810397	-0.359985	0.515856	-0.0257609	0.0556012	-0.0895925	0.273564	-0.254825	0.164602
-0.112191	-0.192714	-0.166164	0.167478	-0.0528398	0.146145	-0.172577	0.109431	0.200804	0.0726301
-0.0198365	-0.172857	-0.0249889	0.20228	0.0497983	0.424505	-0.254423	-0.035478	0.0216446	-0.190643
0.00373886	-0.256682	-0.178734	0.469358	0.0167453	0.169379	-0.347074	0.0346869	0.0241727	0.064409
-0.0298694	-0.303654	-0.135935	0.393246	0.190467	0.161448	-0.502821	-0.0554311	0.418781	-0.136233
0.288183	-0.298553	0.107877	0.200895	-0.173368	0.23478	-0.426471	-0.0382403	0.327214	-0.222318
0.270443	-0.380895	0.00463098	0.325942	-0.200912	0.402244	-0.448304	0.175399	0.182918	-0.331467
0.16481	-0.379013	0.318086	0.336761	-0.110228	0.289929	-0.388699	-0.0561906	0.267175	-0.442631
-0.0234784	-0.266177	0.0576471	0.1641	-0.119432	0.259696	-0.30192	-0.0656638	0.322495	-0.0272664
-0.0967017	-0.569423	0.0249224	0.307424	0.0478871	0.0712122	-0.127722	-0.129424	0.560378	-0.0885518
-0.150672	-0.163769	0.206072	0.210346	-0.1581	0.27704	-0.0855662	-0.0595926	-0.139471	0.0637119
-0.313498	-0.0173524	0.29731	-0.221763	-0.0225875	0.274712	-0.109964	-0.296104	0.329973	0.079274
-0.381357	0.0186959	0.0202611	-0.146153	0.123206	0.0603747	-0.130412	-0.227023	0.575399	0.0870093
-0.373811	-0.0343899	0.0194323	-0.0390135	0.0834653	0.0701061	-0.0707036	-0.23841	0.166671	0.416658
-0.252394	-0.0387804	0.248021	-0.00412033	0.083794	0.0013794	-0.0756503	-0.267164	-0.0498146	0.354734
-0.115477	-0.0897167	0.0805098	-0.0453449	0.0317077	0.206008	-0.0438669	-0.277021	-0.055137	0.308341
-0.0490012	-0.0366423	0.146553	-0.0321816	-0.0297593	0.137936	-0.0176404	-0.325504	-0.0460141	0.252256
-0.00726324	-0.0184303	0.319378	-0.0411227	-0.066179	0.0755758	-0.00376487	-0.130408	-0.0753564	-0.0524294
-0.000577999	0.00892431	0.171565	-0.00782081	0.0124503	-0.0378192	-0.000402885	-0.0533815	-0.0372365	-0.0557005
-4.26425e-07	0.00205624	0.0252125	-1.94048e-05	-0.00015958	-0.000659939	-4.16269e-05	-1.7587e-06	-0.00551114	-0.0208749
0.0	0.0	0.0	0.0	0.0	0.0	0.0	0.0	0.0	0.0
0.0	0.0	0.0	0.0	0.0	0.0	0.0	0.0	0.0	0.0
0.0	0.0	0.0	0.0	0.0	0.0	0.0	0.0	0.0	0.0
-2.7835e-05	-2.83343e-07	-6.03624e-05	0.00441143	-9.2027e-05	-9.92809e-06	-3.74481e-07	-0.00610961	-0.000341549	0.00223055
-0.000130872	-0.00429225	-0.0203748	-0.0398409	-7.45696e-05	0.0531904	-5.48086e-05	0.0245025	-0.0046034	-0.00832138
-0.00314189	-0.0597873	-0.0642052	-0.00819555	0.00366881	0.0638619	-0.000959863	0.137407	-0.121674	0.0530261
-0.0220889	-0.124361	-0.0966341	0.133381	-0.0576377	-0.0125071	-0.00188618	0.0461959	-0.235736	0.371275
-0.10851	-0.154215	-0.0802439	0.358169	-0.156056	-0.0186219	-0.00574569	-0.0375213	-0.156018	0.358768
-0.163748	-0.198468	-0.188671	0.612061	-0.236912	0.00519711	-0.0108445	0.0180726	-0.154184	0.317504
-0.243442	-0.178306	-0.386476	0.879878	-0.439671	0.00248895	-0.0414937	0.303223	-0.255774	0.359584
-0.352476	-0.287664	-0.461784	0.833736	-0.297255	0.203785	-0.05913	0.392625	-0.221631	0.249799
-0.50348	-0.611705	-0.3812	0.741217	-0.096489	0.237994	-0.0536835	0.2231	0.125971	0.31828
-0.513088	-0.505236	-0.388812	0.568528	-0.264014	0.370555	-0.0494083	0.499524	0.105526	0.176427
-0.663494	-0.308021	-0.241458	0.74096	-0.46608	0.350632	-0.0380436	0.392419	-0.076764	0.309852
-0.603495	-0.366967	-0.147878	0.597278	-0.225085	0.360799	-0.113522	0.274526	-0.0316097	0.255959
-0.574952	-0.417086	0.0153519	0.343397	-0.222095	0.110184	-0.112715	0.24043	0.197183	0.420306
-0.511794	-0.45059	0.0979931	0.157965	-0.231693	0.418868	-0.119845	0.233654	0.315276	0.0901701
-0.345543	-0.467894	0.0420803	0.274689	-0.41505	0.34331	-0.0983655	0.124224	0.294098	0.248454
-0.407872	-0.295241	-0.0383088	0.203327	-0.420273	0.336258	-0.0633012	0.0938077	0.334011	0.257598
-0.3575	-0.160965	-0.247881	0.14264	-0.336425	0.222264	-0.0545928	0.278935	0.212045	0.301486
-0.198045	-0.131995	-0.309597	0.227155	-0.457976	0.219335	-0.035297	0.100747	0.137524	0.448153
-0.218492	-0.0491588	-0.215224	0.0171584	-0.267293	0.165403	-0.0193222	-0.0810021	0.0480095	0.619928
-0.16112	-0.0106466	-0.178824	-0.110104	-0.19268	0.257049	-0.0108164	-0.0638031	-0.0321128	0.503061
-0.0676355	-0.00646846	-0.165325	-0.0387337	-0.0852336	0.309758	-0.00741166	-0.000599064	-0.0476789	0.10933
-0.0184801	-0.000962395	-0.0776961	-0.00695508	-0.0756357	0.211099	-0.00327858	-0.0725439	-0.0139994	0.0584528
-0.00334799	-1.23546e-05	-0.00721662	-0.000262908	-0.0492816	0.115922	-0.000611013	-0.00652298	-0.00694873	-0.0417182
-5.1855e-07	-1.15636e-05	0.0223886	-0.000278892	-0.00113281	-1.5879e-05	-2.66182e-05	-0.00119639	-0.00445052	-0.0152755
-3.80948e-07	-1.38156e-05	0.0267746	-4.12259e-06	-0.000169189	-1.21943e-05	-3.03058e-05	-1.39094e-06	-0.00439236	-0.0221508
0.0	0.0	0.0	0.0	0.0	0.0	0.0	0.0	0.0	0.0
0.0	0.0	0.0	0.0	0.0	0.0	0.0	0.0	0.0	0.0
0.0	0.0	0.0	0.0	0.0	0.0	0.0	0.0	0.0	0.0
0.0	0.0	0.0	0.0	0.0	0.0	0.0	0.0	0.0	0.0
0.0	0.0	0.0	0.0	0.0	0.0	0.0	0.0	0.0	0.0
-0.000206875	-0.0010572	-0.0008056	0.00167776	0.00545975	-0.00303423	-3.9789e-05	-0.0759919	-0.0128844	0.0868824
-0.00410493	-0.00381269	-0.00323129	0.0299626	0.00378861	-0.00922765	-0.000272363	-0.170115	-0.04636	0.203373
-0.0213289	-0.00776419	-0.0115759	0.0512858	-0.0660823	-0.0453204	-0.00113569	-0.147631	-0.0811388	0.330692
-0.0469714	-0.0116371	-0.0278769	0.0613599	-0.171348	-0.143073	-0.00199414	0.00723042	-0.0319722	0.366285
-0.0660779	-0.0188589	-0.0354411	0.0275085	-0.28098	-0.181912	-0.00444467	0.123739	-0.00969279	0.446162
-0.12599	-0.0330939	-0.0367655	0.00278584	-0.442521	-0.116982	-0.0064893	0.238525	-0.0771561	0.59769
-0.112989	-0.105292	-0.0324926	0.050423	-0.444021	-0.0315718	-0.00741018	0.254064	-0.169745	0.59904
-0.0813849	-0.0932834	-0.0900533	0.0651823	-0.524058	0.125648	-0.00948549	0.19704	-0.100882	0.511281
-0.0537058	-0.122228	-0.0461288	0.0219847	-0.539481	0.113151	-0.0111737	0.0666074	-0.100495	0.671473
-0.107153	-0.192118	-0.0841827	0.0447884	-0.604682	0.0191373	-0.0156726	0.41988	-0.126186	0.646193
-0.149942	-0.152851	-0.0649265	0.00341167	-0.767551	-0.0152965	-0.013051	0.476333	-0.196729	0.880605
-0.11513	-0.0839978	-0.0860417	0.0178132	-0.658247	0.128479	-0.0106807	0.59065	-0.25289	0.470048
-0.081728	-0.0666357	-0.109131	0.135975	-0.591934	0.0213826	-0.00969212	0.360381	-0.171821	0.513206
-0.11872	-0.044527	-0.128206	0.113815	-0.534337	-0.0487393	-0.00927339	0.36665	-0.0841009	0.487441
-0.0763678	-0.0628827	-0.0808853	0.0654526	-0.55046	-0.0950995	-0.00852881	0.337063	-0.0650376	0.53675
-0.0113404	-0.0357531	-0.0279397	0.0248289	-0.444807	-0.000875176	-0.00509633	0.233314	-0.0882495	0.355919
-0.0600027	-0.0126267	-0.0320519	-0.0122116	-0.226656	0.0655298	-0.00349185	0.0063909	-0.041354	0.316475
-0.0724	-0.00664116	-0.0379721	-0.00958785	-0.114152	0.0613252	-0.00243096	0.00753359	-0.0149121	0.189238
-0.0355654	-0.00109261	-0.013948	0.00156783	-0.0636675	0.0274344	-0.000427014	0.0826676	-0.00367707	0.00670789
-0.00190102	-1.07506e-05	-7.5492e-05	-0.000316389	-0.00484377	0.00041717	-8.20066e-05	-0.00181042	-0.000314941	0.00893762
-5.7694e-06	-1.62592e-09	-6.34106e-07	-1.51133e-06	-0.00155819	-3.77657e-05	-1.6261e-06	-0.000157254	-1.27072e-05	0.00177546
-2.26873e-07	-1.84216e-08	-1.52274e-06	-2.86599e-07	-7.4557e-08	-1.01684e-07	-8.64725e-10	2.45324e-05	-7.1628e-07	-2.15841e-05
0.0	0.0	0.0	0.0	0.0	0.0	0.0	0.0	0.0	0.0
0.0	0.0	0.0	0.0	0.0	0.0	0.0	0.0	0.0	0.0
0.0	0.0	0.0	0.0	0.0	0.0	0.0	0.0	0.0	0.0
0.0	0.0	0.0	0.0	0.0	0.0	0.0	0.0	0.0	0.0
0.0	0.0	0.0	0.0	0.0	0.0	0.0	0.0	0.0	0.0
0.0	0.0	0.0	0.0	0.0	0.0	0.0	0.0	0.0	0.0
-3.34401e-06	-4.30381e-06	-2.18732e-06	-7.08622e-07	-1.24618e-06	-9.92243e-07	-7.39625e-08	0.000202529	-4.38202e-05	-0.000145854
-6.18421e-05	-1.11464e-05	-8.45259e-06	-2.7093e-06	-5.7277e-06	-1.77867e-05	-8.25061e-07	0.000840754	-0.000123214	-0.000609052
-9.42518e-05	-9.87256e-06	-3.36104e-05	-3.91103e-05	-0.00966507	-6.55326e-05	-2.63219e-06	-0.000797546	-0.000160102	0.0108677
-0.000182343	-2.26083e-05	-0.000128577	-0.00010745	-0.0551728	-0.000626465	-3.93302e-05	-0.00724396	-0.000271956	0.0637955
-0.000515298	-4.82178e-05	-0.000194318	-0.000227973	-0.0568257	-0.00132097	-7.16229e-05	0.00945279	-0.000442512	0.0501939
-0.00114604	-4.76769e-05	-0.000297212	-0.00159798	-0.0258802	-0.000940791	-2.9092e-05	0.0110085	-0.00096604	0.0198965
-0.00118829	-0.0048067	-0.00625129	-0.00923699	-0.0580291	0.00396412	-6.60054e-05	0.0751837	-0.0171553	0.017586
-0.00195563	-0.00170178	-0.00270527	-0.00511446	-0.036474	0.0113058	-6.68584e-05	0.0225911	-0.0043974	0.0185187
-0.00403004	-0.00496883	-0.0010955	-0.00514162	-0.0481524	0.00717407	-0.000406561	0.0351477	-0.0107458	0.0322192
-0.00675103	-0.00489758	-0.00136407	-0.00691943	-0.0385007	-0.00322926	-0.000421706	0.172071	-0.00884532	-0.101142
-0.0101692	-0.00229026	-0.00105028	-0.00954821	-0.129789	-0.0130901	-0.000845929	0.139988	-0.00705805	0.0338534
-0.0103429	-0.000524636	-0.00117543	-0.00759856	-0.0653598	-0.00943474	-0.000777332	0.13867	-0.0065212	-0.0369349
-0.00595589	-0.000332657	-0.00102204	-0.00928177	-0.0383887	-0.00744646	-0.000550358	0.118585	-0.00355869	-0.0520488
-0.00450537	-0.00780632	-0.00148364	-0.00689095	-0.0349766	-0.00954969	-0.000524934	0.153677	-0.003595	-0.0843445
-0.00466343	-0.0241897	-0.000892714	-0.0042425	-0.0460649	-0.00673078	-0.000350613	0.185828	-0.00409244	-0.0946009
-0.00232113	-0.000366963	-0.000534687	-0.00301636	-0.0371996	-0.00795736	-0.000200047	0.138092	-0.00278965	-0.0837067
-0.00449185	-9.33158e-05	-0.00670742	-0.00158911	-0.00696769	-0.0206474	-0.000190825	0.0461778	-0.00376262	-0.00172754
-0.0132866	-2.98933e-05	-0.00455872	-0.000471774	-0.00529383	-0.00896905	-8.32836e-05	0.020396	-0.00188363	0.0141808
-0.0396905	-5.18977e-05	-0.0142974	-0.000300291	-0.0131056	-0.00657594	-0.000207804	0.0638981	-0.00158646	0.0119178
-0.00907069	-3.37926e-06	-0.000174324	-2.89618e-05	-0.00297702	-0.00148184	-2.06596e-05	0.0222591	-0.000331102	-0.00817111
0.0	0.0	0.0	0.0	0.0	0.0	0.0	0.0	0.0	0.0
0.0	0.0	0.0	0.0	0.0	0.0	0.0	0.0	0.0	0.0
0.0	0.0	0.0	0.0	0.0	0.0	0.0	0.0	0.0	0.0
0.0	0.0	0.0	0.0	0.0	0.0	0.0	0.0	0.0	0.0
