0.0	0.0	0.0	0.0	0.0	0.0	0.0	0.0	0.0	0.0
0.0	0.0	0.0	0.0	0.0	0.0	0.0	0.0	0.0	0.0
0.0	0.0	0.0	0.0	0.0	0.0	0.0	0.0	0.0	0.0
0.0	0.0	0.0	0.0	0.0	0.0	0.0	0.0	0.0	0.0
0.0	0.0	0.0	0.0	0.0	0.0	0.0	0.0	0.0	0.0
0.0	0.0	0.0	0.0	0.0	0.0	0.0	0.0	0.0	0.0
0.0	0.0	0.0	0.0	0.0	0.0	0.0	0.0	0.0	0.0
0.0	0.0	0.0	0.0	0.0	0.0	0.0	0.0	0.0	0.0
0.0	0.0	0.0	0.0	0.0	0.0	0.0	0.0	0.0	0.0
0.0	0.0	0.0	0.0	0.0	0.0	0.0	0.0	0.0	0.0
0.0	0.0	0.0	0.0	0.0	0.0	0.0	0.0	0.0	0.0
0.0	0.0	0.0	0.0	0.0	0.0	0.0	0.0	0.0	0.0
-3.8568e-06	-6.49131e-06	-0.000722098	-6.78542e-05	-0.00489258	-0.000102701	0.00671789	-6.89663e-06	-0.000166982	-0.000748434
-2.4877e-05	-1.53804e-05	-0.0011913	-0.000165373	-0.0108574	-0.000225769	0.0145626	-1.97248e-05	-0.000375587	-0.00168716
-1.82857e-05	-1.29835e-06	0.000433823	-1.86903e-05	-0.000160673	-9.90396e-07	-0.00016386	-5.14511e-06	-1.10764e-05	-5.38026e-05
-7.61902e-07	-5.40978e-08	1.80759e-05	-7.78761e-07	-6.69471e-06	-4.12665e-08	-6.82751e-06	-2.14379e-07	-4.61515e-07	-2.24177e-06
0.0	0.0	0.0	0.0	0.0	0.0	0.0	0.0	0.0	0.0
0.0	0.0	0.0	0.0	0.0	0.0	0.0	0.0	0.0	0.0
0.0	0.0	0.0	0.0	0.0	0.0	0.0	0.0	0.0	0.0
0.0	0.0	0.0	0.0	0.0	0.0	0.0	0.0	0.0	0.0
0.0	0.0	0.0	0.0	0.0	0.0	0.0	0.0	0.0	0.0
0.0	0.0	0.0	0.0	0.0	0.0	0.0	0.0	0.0	0.0
0.0	0.0	0.0	0.0	0.0	0.0	0.0	0.0	0.0	0.0
0.0	0.0	0.0	0.0	0.0	0.0	0.0	0.0	0.0	0.0
0.0	0.0	0.0	0.0	0.0	0.0	0.0	0.0	0.0	0.0
0.0	0.0	0.0	0.0	0.0	0.0	0.0	0.0	0.0	0.0
0.0	0.0	0.0	0.0	0.0	0.0	0.0	0.0	0.0	0.0
0.0	0.0	0.0	0.0	0.0	0.0	0.0	0.0	0.0	0.0
0.0	0.0	0.0	0.0	0.0	0.0	0.0	0.0	0.0	0.0
0.0	0.0	0.0	0.0	0.0	0.0	0.0	0.0	0.0	0.0
0.0	0.0	0.0	0.0	0.0	0.0	0.0	0.0	0.0	0.0
0.0	0.0	0.0	0.0	0.0	0.0	0.0	0.0	0.0	0.0
-5.25303e-09	-3.51844e-08	-1.25711e-05	-1.01105e-08	-5.35725e-05	-1.12745e-07	6.87176e-05	-8.80561e-08	-7.65832e-07	-1.55691e-06
-1.1422e-07	-1.03786e-07	-3.95243e-05	-4.42247e-08	-0.000562371	-3.39118e-07	0.000611002	-9.02766e-07	-2.27482e-06	-5.32722e-06
-1.98307e-05	-1.07687e-07	-0.000471089	-7.94324e-06	-0.049935	-1.89647e-05	0.0506849	-6.44104e-05	-5.29651e-06	-0.000162343
-4.10308e-05	-8.05217e-05	-0.0011606	-1.89667e-05	-0.110737	-3.5468e-05	0.113083	-0.000537256	-6.74219e-05	-0.00040415
-6.23232e-05	-0.00387684	-0.00230876	-0.000205413	-0.110616	-0.000110205	0.122148	-0.00308929	-0.000966352	-0.000913321
-0.000221249	-0.00315349	-0.00490475	-0.000210567	-0.0456586	-0.000208141	0.0576861	-0.00161835	-0.00100872	-0.000702208
-0.00292451	-0.00186929	-0.00855827	-0.000220005	-0.0540127	-0.000889726	0.0729671	-0.000996882	-0.00092955	-0.00256617
0.0317579	-0.000756514	-0.0318884	-0.000401023	-0.0983699	-0.00102455	0.122922	-0.00874471	-0.00157095	-0.0119239
0.0676082	-0.000725772	-0.0353662	-0.00163776	-0.194141	-0.00794022	0.220886	-0.024886	-0.00164437	-0.0221527
0.0283057	-0.0005571	-0.0203594	-0.00102389	-0.0923679	-0.00736142	0.111447	-0.00669663	-0.00208253	-0.00930408
-0.00139027	0.022348	0.0107247	-0.00708852	-0.0215233	-0.00339882	0.00764374	-0.000404342	-0.00392236	-0.00298867
0.0261338	0.0334913	0.0421303	-0.0092152	-0.124068	-0.00424777	0.0528364	-0.00101797	-0.00302535	-0.013017
0.0749866	-0.011583	0.0952507	-0.00276321	-0.134698	-0.00459045	0.0206265	-0.00210606	-0.00398559	-0.0311372
0.0353639	-0.00571635	0.0160316	-0.00101597	-0.0529588	-0.00271222	0.0330378	-0.000963992	-0.00355266	-0.0175133
-0.00146545	-0.000360956	-0.0261197	-0.000240323	-0.0196021	-0.00377937	0.0558755	-0.000161483	-0.0019347	-0.00221137
-0.000757494	-7.39678e-05	-0.0188294	-0.000156593	-0.0382779	-0.00361803	0.0650633	-0.000222089	-0.00144767	-0.00168013
-0.000343741	-9.68268e-05	-0.00754581	-0.000159402	-0.0313144	-0.00188152	0.0438786	-0.000109168	-0.000865481	-0.00156229
-0.000141812	-0.000227676	-0.00373878	-7.1043e-05	-0.0319603	-0.000368607	0.038024	-9.09108e-06	-0.000997714	-0.000508962
-1.93198e-05	-1.97157e-05	-0.000412239	-5.59211e-06	-0.045546	-1.48516e-05	0.0464716	-2.45145e-05	-0.000138511	-0.000290829
-2.31101e-06	-1.46972e-06	-0.000198406	-6.9695e-07	-0.0183868	-1.38584e-05	0.0188519	-3.38904e-05	-5.66638e-05	-0.000157751
0.0	0.0	0.0	0.0	0.0	0.0	0.0	0.0	0.0	0.0
0.0	0.0	0.0	0.0	0.0	0.0	0.0	0.0	0.0	0.0
0.0	0.0	0.0	0.0	0.0	0.0	0.0	0.0	0.0	0.0
0.0	0.0	0.0	0.0	0.0	0.0	0.0	0.0	0.0	0.0
0.0	0.0	0.0	0.0	0.0	0.0	0.0	0.0	0.0	0.0
0.0	0.0	0.0	0.0	0.0	0.0	0.0	0.0	0.0	0.0
-4.25496e-08	-6.17075e-10	-6.07937e-07	-2.72711e-09	-5.9823e-06	-9.2108e-07	9.52412e-06	-8.45238e-12	-1.5508e-06	-4.15966e-07
0.00478533	-4.59736e-10	-2.84043e-05	-1.01958e-06	-0.00447692	-0.000132295	0.000422208	-0.000268181	-9.13832e-06	-0.000291579
0.00177509	-2.28028e-06	-0.000854746	-1.27709e-06	-0.0019713	-1.58104e-05	0.00131211	-9.38616e-05	-3.74773e-05	-0.00011045
-0.000439676	-1.05128e-05	9.39383e-05	-0.000364192	-0.00163584	-6.91974e-06	0.00240157	-3.42404e-06	-2.52513e-05	-9.69308e-06
-0.030657	-5.83925e-05	-0.00118532	-0.00199155	-0.0521255	-5.56198e-05	0.0868979	-0.000457363	-0.000181221	-0.000185957
-0.0356504	-0.00218694	-0.0072531	-0.00367007	-0.163918	-0.000967182	0.217595	-0.00205634	-0.000947815	-0.000945023
-0.0263098	-0.0396104	0.0343823	-0.0146274	-0.204559	-0.00433062	0.265134	-0.0050433	-0.0031805	-0.00185435
-0.0279678	-0.0785348	0.147937	-0.0245873	-0.168188	-0.0170004	0.191045	-0.00667763	-0.0118806	-0.00414605
-0.0258224	-0.0537885	0.0921078	-0.00865882	-0.292307	-0.0596311	0.404284	-0.0157636	-0.0251734	-0.0152453
-0.0470279	-0.0670706	0.156983	0.0439455	-0.306031	-0.118462	0.450093	-0.038581	-0.0474081	-0.0264369
-0.050313	0.0114866	0.0870476	0.063043	-0.409398	-0.116653	0.54685	-0.0390517	-0.0514713	-0.0415364
-0.0789257	0.188553	0.00944934	0.00755946	-0.277749	-0.12081	0.398801	-0.0178184	-0.0704977	-0.0385548
-0.139216	0.155414	0.0846958	-0.00168618	-0.162861	-0.135491	0.323429	-0.0214204	-0.0683798	-0.0344796
-0.163956	0.313267	0.178184	-0.06528	-0.24617	-0.0816637	0.207037	-0.0264978	-0.0766697	-0.0382448
-0.126052	0.212941	0.143529	-0.0489843	-0.30564	0.0100205	0.263148	-0.013568	-0.0871493	-0.0482401
-0.10834	0.0647963	-0.00424199	-0.0502229	-0.147658	0.088769	0.259512	-0.0083542	-0.0631477	-0.0311099
-0.0674946	-0.0106672	-0.0305761	-0.075661	-0.128761	0.0823973	0.262146	-0.00410945	-0.00591567	-0.0213567
-0.0486379	0.0364934	-0.105874	-0.037055	-0.0909416	0.0123111	0.303732	-0.00223641	-0.0521562	-0.0156336
-0.0351956	-0.00631828	-0.0330699	-0.0122182	-0.0736286	-0.0671907	0.254448	-0.00118657	-0.0189438	-0.00669587
-0.01768	-0.0103001	-0.0318828	-0.0132857	-0.0664475	-0.0781958	0.246819	-0.000999375	-0.0185757	-0.0094516
-0.00879572	-0.00375362	-0.0391463	-0.00962637	-0.0693033	-0.0442689	0.192437	-0.000689903	-0.0124972	-0.00435536
-0.00446269	-0.00194972	-0.00809227	-0.00235299	-0.0438047	-0.0353064	0.101139	-7.96168e-05	-0.00468868	-0.000402333
-0.000644887	-0.000587519	0.0450224	-0.000205538	-0.00442627	-0.0120262	-0.0246502	-3.21825e-05	-0.00241289	-3.67285e-05
-9.27947e-06	-2.62033e-05	0.03138	-1.03518e-06	-0.000516969	-0.00103266	-0.0288767	-2.68792e-08	-0.000915469	-1.6546e-06
0.0	0.0	0.0	0.0	0.0	0.0	0.0	0.0	0.0	0.0
0.0	0.0	0.0	0.0	0.0	0.0	0.0	0.0	0.0	0.0
0.0	0.0	0.0	0.0	0.0	0.0	0.0	0.0	0.0	0.0
0.0	0.0	0.0	0.0	0.0	0.0	0.0	0.0	0.0	0.0
-9.51019e-08	0.00110354	-0.000140178	-5.49416e-05	-1.32005e-05	-9.79412e-06	-0.000589119	-1.06603e-08	-0.000295145	-1.05653e-06
0.0116233	0.000262627	-0.000242943	-4.09712e-05	-0.0144513	0.000228707	0.00493705	-0.000783638	-0.000544925	-0.000987835
-0.00800793	-8.59163e-05	-0.0051932	-0.00548517	-0.00614092	0.0177677	0.00894607	-0.00117522	-0.000265919	-0.000359467
-0.078376	-0.00496344	-0.00357692	0.127948	-0.00824683	-0.0572829	0.0323625	-0.00198642	-0.00489768	-0.00098048
-0.113733	-0.00315058	0.00127431	0.0971201	-0.0939889	-0.0367919	0.163379	-0.00303628	-0.00950423	-0.00156793
-0.124912	-0.0283911	0.0616425	0.143685	-0.155253	-0.0513941	0.203551	-0.0163374	-0.0288803	-0.00371056
-0.0229398	-0.0845909	0.166789	0.184255	-0.307683	-0.062884	0.225822	-0.0524548	-0.0339085	-0.0124015
-0.0621176	-0.129541	0.471452	0.0759775	-0.415849	-0.0844611	0.260101	-0.061978	-0.0224678	-0.0311096
-0.0323173	-0.206276	0.3927	0.195082	-0.399609	-0.0505527	0.313991	-0.116293	-0.0403522	-0.0563642
0.0459331	-0.333205	0.477165	0.450907	-0.47212	-0.150555	0.353928	-0.177961	-0.108055	-0.0860308
0.0202079	-0.143631	0.414919	0.536383	-0.690939	-0.049036	0.266388	-0.129054	-0.108981	-0.11625
0.18197	-0.0665396	0.544272	0.294989	-0.822178	-0.0779143	0.308445	-0.123467	-0.074535	-0.165038
0.171976	-0.15041	0.30807	0.569901	-0.577802	-0.0471815	0.257741	-0.126517	-0.204117	-0.201661
0.0972315	0.0508393	0.21627	0.44173	-0.54739	0.0893194	0.202596	-0.1194	-0.194987	-0.236209
0.115511	0.170888	0.321424	0.309736	-0.475812	-0.0470122	0.0210815	-0.0909079	-0.129747	-0.195158
-0.00224552	-0.0656316	0.211778	0.257156	-0.308028	0.0982963	-0.0104215	-0.0585594	-0.00145369	-0.120889
-0.173352	-0.239437	-0.135628	0.353638	-0.256068	0.247116	0.188609	-0.0494923	0.0959261	-0.0313106
-0.207548	-0.146698	-0.158947	0.306542	-0.0655411	0.232293	0.245813	-0.0271812	-0.129997	-0.0487336
-0.121259	-0.188618	-0.256145	0.355526	0.00951516	0.31536	0.0382462	-0.0271272	-0.0822632	-0.0432306
-0.148185	-0.16961	-0.177477	-0.0753317	0.00887913	0.307296	0.228218	-0.0155732	0.0661946	-0.0244058
-0.109826	-0.134334	-0.169113	-0.170982	0.0312456	0.140968	0.318188	-0.00410148	0.104757	-0.00679943
-0.0529757	-0.0957736	-0.144098	-0.0997388	0.0287492	-0.0628493	0.32697	-0.00121757	0.103557	-0.00262196
-0.0196584	-0.0796025	-0.0111199	-0.0304749	-0.0123324	-0.0268916	0.163822	-0.000468374	0.0173565	-0.00063022
-0.00237946	-0.0230387	0.0257471	-0.000381647	-0.000611486	0.0674525	-0.0715475	-5.78993e-06	0.00480487	-3.98796e-05
-0.00139208	-0.0294957	-0.000458148	-2.12e-05	-0.000227484	0.0123637	0.0224782	-1.67025e-07	-0.00324409	-2.96625e-06
0.0	0.0	0.0	0.0	0.0	0.0	0.0	0.0	0.0	0.0
0.0	0.0	0.0	0.0	0.0	0.0	0.0	0.0	0.0	0.0
-2.60776e-08	-1.93037e-08	-2.31891e-05	3.66611e-05	-1.66777e-07	-1.20191e-05	-2.49673e-08	-1.42605e-08	-1.18642e-06	-1.52446e-08
-3.61244e-05	0.00377914	-0.0011586	0.00164542	-4.85439e-06	-0.00158156	-0.00211527	-6.2892e-08	-0.000525729	-2.37376e-06
-0.000471122	0.000430951	-0.00899275	0.024115	-0.00181398	-0.00838672	-0.0041864	0.000668124	-0.0011111	-0.000251992
-0.0109876	0.00738316	-0.0582125	0.0740895	0.0231201	-0.0500013	0.0247874	-0.00320152	-0.00631853	-0.000658517
-0.114596	0.0526518	0.0182443	0.306988	0.0275222	-0.220181	0.0194728	-0.037976	-0.0440994	-0.00802492
-0.12399	0.0419145	0.195395	0.325299	-0.0680778	-0.23873	0.000411099	-0.0455879	-0.0760378	-0.0105918
-0.0307881	-0.0326339	0.125023	0.345255	-0.0811498	-0.153148	0.00630629	-0.0836288	-0.0621716	-0.0330597
0.0160288	-0.033943	0.212229	0.469471	-0.267239	-0.354417	0.128738	-0.130756	0.0403965	-0.0805018
0.134812	-0.0631229	0.421053	0.375068	-0.360714	-0.273227	-0.00771252	-0.239578	0.180191	-0.166762
0.115284	-0.104205	0.337051	0.500536	-0.498712	-0.0342921	0.0243368	-0.351404	0.21434	-0.20293
0.21889	-0.298226	0.420592	0.578053	-0.46057	0.151985	-0.114509	-0.390549	0.194668	-0.300332
-0.0113672	-0.137234	0.382086	0.446608	-0.326231	0.0436051	-0.113681	-0.327272	0.424028	-0.38054
0.0693233	0.235113	0.192162	0.481771	-0.125096	-0.268239	-0.0456055	-0.330242	0.123952	-0.333142
-0.0546598	0.19017	0.353984	0.333746	-0.336281	-0.0264314	-0.0455521	-0.395662	0.41837	-0.437685
0.0931768	-0.0212469	0.172052	0.365231	-0.445639	0.397513	-0.128333	-0.374023	0.411368	-0.470099
-0.100326	0.0714723	0.143226	0.450405	-0.163598	0.12118	0.0319285	-0.357127	0.319769	-0.516928
0.0946044	-0.0637766	0.0994664	0.153214	-0.0782213	0.187917	0.09956	-0.311438	0.160695	-0.342021
-0.0350555	-0.268343	0.0456504	0.348821	-0.0974141	0.431457	-0.0334867	-0.250944	0.13083	-0.271515
-0.100048	0.111532	-0.150905	0.11654	0.200968	0.168768	0.0166632	-0.160622	0.0987223	-0.301619
-0.0831892	0.0805184	-0.140595	0.015427	0.323221	-0.233921	0.0880494	-0.118238	0.263523	-0.194796
-0.116088	-0.00150253	-0.348621	-0.135797	0.322309	0.262386	0.186637	-0.0347572	0.0754905	-0.210056
-0.0797971	-0.114503	-0.428326	-0.0994231	0.36641	0.128429	0.310217	-0.0497266	0.081862	-0.115137
-0.167984	-0.15768	-0.365532	-0.291279	0.359668	0.382225	0.294221	-0.0227708	0.00771749	-0.0385802
-0.205553	-0.303914	-0.185286	-0.0435121	0.231751	0.480914	-0.100827	-0.00628967	0.143209	-0.0104883
-0.0567243	-0.148758	-0.00694317	-0.00428995	0.00519149	0.182468	-0.0850479	-0.00137029	0.118498	-0.00302357
-0.00634301	-0.0192034	-0.00593869	-0.000113975	-0.0267755	0.0284257	-0.0113061	-0.000347927	0.0430569	-0.00145401
-0.000118492	-0.0107237	-0.00529589	-2.71318e-05	-0.00422196	-0.00458393	0.0200334	-2.22701e-05	0.00514322	-0.000183286
0.0	0.0	0.0	0.0	0.0	0.0	0.0	0.0	0.0	0.0
0.0	0.0	0.0	0.0	0.0	0.0	0.0	0.0	0.0	0.0
-0.000364242	0.000430344	0.000548568	0.00245069	-0.000102709	-0.0026625	6.65086e-05	-6.87154e-06	-0.000357132	-2.66547e-06
-0.00487827	0.0090241	-0.00659616	0.113503	0.00161208	-0.0493045	-0.0451615	-0.00194159	-0.0120415	-0.00421603
-0.0316027	0.021699	0.00550775	0.236335	0.0183292	-0.203599	0.0385264	-0.025972	-0.0454677	-0.013754
-0.15439	0.145315	0.0108229	0.462111	0.0593427	-0.261085	-0.176332	0.116205	-0.158769	-0.0432135
-0.0277968	0.0748617	0.0294892	0.453832	-0.0156034	-0.317927	-0.119182	0.147795	-0.126231	-0.099233
-0.0240729	-0.147578	0.111522	0.311994	-0.0565798	-0.0771755	-0.141296	0.145002	0.0214896	-0.143303
0.062778	-0.352921	0.228778	0.127766	-0.064858	-0.14915	0.102986	0.219581	0.00325598	-0.178213
0.0747509	-0.389614	0.0632238	0.174904	0.000568717	0.100813	-0.0344241	0.132953	0.123138	-0.246314
0.273692	-0.2569	0.164427	0.144241	-0.198469	0.190929	0.0753674	-0.137828	-0.146716	-0.108743
0.1594	-0.355533	0.260886	0.164847	-0.109937	0.082608	-0.480143	-0.211515	0.251081	0.238305
-0.04641	-0.257512	0.152059	0.121148	-0.0181024	-0.012073	-0.273448	-0.0641232	0.242511	0.155951
0.185517	-0.0320975	0.0964998	0.134364	-0.317904	-0.056003	-0.333204	-0.0837869	0.14887	0.257742
0.21764	-0.00215974	0.101883	0.0317325	-0.035841	-0.134598	0.0283677	-0.303013	0.256627	-0.160639
0.141143	0.19776	0.138916	0.21353	-0.0161087	-0.145391	-0.237994	-0.407526	0.102388	0.0132817
0.0825898	-0.167393	0.315454	0.397205	0.0719043	0.0982208	-0.206836	-0.322565	0.159918	-0.428497
0.323205	-0.248486	0.137879	-0.0692564	-0.0959674	0.18197	-0.00165439	-0.392946	0.459214	-0.293953
0.367734	-0.0325922	0.107755	0.0261004	0.100143	0.147938	0.137376	-0.417959	-0.190377	-0.246117
0.0418104	0.000401614	-0.00399091	0.1888	0.18116	0.00323928	0.198398	-0.567029	0.154242	-0.197034
-0.141576	0.132339	0.0665298	0.0311573	0.0367631	0.32557	0.0725928	-0.561661	0.239685	-0.201401
0.00368523	0.3359	0.0580001	-0.12292	0.0429764	0.104251	0.100512	-0.334174	0.082468	-0.2707
0.0278778	0.293393	-0.11265	-0.0954596	0.240061	0.296811	-0.0284528	-0.23006	-0.0238736	-0.367643
-0.242903	0.114979	-0.286136	-0.271235	0.475893	0.380393	0.322244	-0.118063	-0.140143	-0.235025
-0.312973	-0.0295495	-0.274544	-0.0958112	0.108705	0.50566	0.107128	-0.0338032	0.120868	-0.0956787
-0.132777	-0.191443	-0.0617942	-0.0245461	-0.073392	0.347996	-0.072564	-0.0106625	0.250976	-0.031791
-0.0386761	-0.0412176	-0.0214908	-0.00211393	-0.0394835	0.0824925	0.0439785	-0.00452706	0.0253522	-0.00431389
-0.0147342	-0.0139717	-0.0077762	-0.000108639	-0.000427712	0.00998486	0.0299917	-0.000167713	-0.00275377	-3.67009e-05
0.0	0.0	0.0	0.0	0.0	0.0	0.0	0.0	0.0	0.0
-5.26366e-06	-1.66614e-06	-6.45577e-05	0.000733807	-1.92864e-06	-5.91578e-05	-2.86441e-07	-1.4962e-05	-7.00049e-05	-0.00051598
-0.00173788	-0.0254967	-0.00782617	0.0051665	-0.00292152	0.00410561	-0.00162601	0.0390342	-0.00460779	-0.00409022
-0.00380801	0.00339435	0.00843348	0.150847	-0.0435624	-0.161956	-0.046243	0.166489	-0.0424765	-0.0311172
-0.0495991	0.016809	0.127573	0.18043	0.0266755	-0.236111	0.0384613	0.104742	-0.10812	-0.100858
-0.02473	-0.0288714	0.0739093	0.233061	0.206166	-0.144471	-0.125668	0.231649	-0.128207	-0.292832
0.0235731	-0.107273	0.166972	0.283275	0.130074	-0.0799185	-0.295209	0.356227	-0.181433	-0.296282
0.0494191	-0.263203	0.129389	0.0773719	0.0781631	0.0443375	-0.0632579	0.332239	-0.0661583	-0.3183
-0.00648344	-0.383311	0.0568213	0.244081	-0.0372254	-0.0258164	-0.0591241	0.375281	0.00845725	-0.17268
-0.281665	-0.488984	0.27187	0.37879	0.113393	-0.105089	-0.193179	0.202181	0.0697917	0.0328915
0.00127118	-0.202994	0.291903	0.391287	-0.165126	-0.0582018	-0.360939	0.280108	-0.142367	-0.0349384
-0.037637	-0.0453233	-0.0287736	0.172488	-0.297664	-0.0931964	-0.306155	0.418443	-0.0207742	0.238591
-0.237223	-0.224005	0.0615132	-0.0160175	-0.18496	0.00245981	-0.179801	0.28594	0.356235	0.135861
0.304586	-0.278777	0.00144555	0.388414	-0.385226	-0.0675621	-0.4165	-0.0329279	0.0499893	0.43656
0.226086	-0.204273	-0.0409859	0.138103	-0.44082	0.194513	-0.284068	-0.00832307	0.0327242	0.387044
-0.043129	-0.293001	0.0846275	0.136963	-0.490635	-0.0339991	-0.0908076	0.0960578	0.371437	0.262488
0.0598341	-0.218521	0.158676	0.262711	-0.423272	-0.119001	-0.254868	0.0439289	0.0671563	0.423356
0.16309	-0.387819	-0.0333172	0.00165083	-0.213176	0.00853281	-0.209487	0.122539	0.199496	0.34849
0.32821	-0.0998707	-0.0473873	0.366745	-0.400982	0.101936	-0.433269	0.0414922	-0.194457	0.337582
0.0181806	-0.24205	-0.118155	-0.123958	-0.0645238	0.309306	-0.22366	-0.0550164	0.451083	0.0487937
0.0708198	0.0523776	-0.180933	0.0901097	-0.218458	0.198911	-0.0838501	-0.0940262	0.0745206	0.0905303
0.321893	0.0816932	-0.091549	0.0863608	-0.116995	-0.0813281	-0.0898748	-0.0105333	-0.0317281	-0.0679375
0.397926	0.0981107	-0.168304	-0.104019	0.201105	0.178652	-0.0795863	-0.1589	-0.0793746	-0.285608
-0.0130088	0.10933	-0.479689	-0.166959	0.494121	0.249755	0.0811716	-0.246633	0.275668	-0.303758
-0.444825	0.0025077	-0.289146	-0.0710223	0.109874	0.809307	0.0728235	-0.10485	0.121422	-0.206088
-0.320856	-0.137864	-0.0723719	-0.0537108	-0.0416569	0.482373	-0.0331369	-0.0467606	0.289883	-0.0658949
-0.148875	-0.0210831	-0.0124877	-0.0055756	0.0617562	0.173402	-0.0524146	-0.0135461	0.0437814	-0.0249569
-0.0402984	-0.000319766	-0.000557411	-0.000400246	-0.0020519	0.0559354	-0.00325372	-0.000731938	-0.00756518	-0.00075684
0.0	0.0	0.0	0.0	0.0	0.0	0.0	0.0	0.0	0.0
-0.000341637	-0.0022385	-0.00213709	0.0201363	-0.00109032	-0.00212103	-8.49324e-05	0.00691009	-0.00497736	-0.0140555
-0.000678775	-0.0438323	0.0346473	-0.0268114	-0.00446492	-0.0207078	-0.00701134	0.0938083	-0.00829762	-0.0166514
-0.00576156	-0.0175227	0.0649896	0.0603611	-0.0170333	-0.175734	-0.0558164	0.29124	-0.046551	-0.0981689
-0.0893897	0.000281515	0.325859	0.344935	0.108096	-0.527719	0.031408	0.126087	-0.0496082	-0.269941
-0.0120207	-0.155225	0.183516	0.478755	0.34068	-0.287464	-0.0834468	0.0529737	-0.0285945	-0.489166
0.0797438	-0.262659	0.345484	0.19762	0.146715	-0.0263933	-0.354158	0.282452	-0.108238	-0.300562
-0.00760836	-0.281115	-0.0927633	0.107894	0.160526	0.162217	0.00331425	0.276703	-0.0267793	-0.302389
-0.2149	-0.531233	0.187058	0.13523	0.0084766	0.241931	-0.0845742	0.119596	0.180781	-0.0423642
0.0597774	-0.320923	-0.0154429	0.0776723	0.0574418	0.0471094	-0.148749	0.26543	-0.0495725	0.0272574
0.0558966	-0.0906186	-0.128264	-0.037456	-0.224768	0.264408	-0.233797	0.357255	0.0780725	-0.0407274
0.131383	-0.247333	0.105056	-0.0293496	-0.117942	0.142117	-0.0751964	0.268501	-0.234603	0.0573693
0.00309921	-0.0149819	-0.0859027	0.163017	-0.500271	0.0802123	-0.170822	0.258359	-0.154165	0.421455
0.187723	-0.220298	0.29405	-0.0134336	-0.325464	-0.240073	-0.349338	0.190381	-0.03103	0.507489
0.0713436	-0.100574	0.06517	0.34766	-0.430851	0.225776	-0.0707468	-0.0924141	-0.418941	0.40358
-0.077401	-0.438396	-0.100016	0.273759	-0.332856	-0.226885	-0.0891365	0.154948	0.335788	0.500198
-0.0435787	-0.19963	0.0531094	-0.00848157	-0.422539	0.145436	-0.374884	0.239445	0.0634085	0.547713
0.284523	-0.230392	-0.306309	0.191038	-0.0849059	0.0755938	-0.258908	0.271677	-0.206757	0.264442
0.290627	-0.324	-0.0411162	-0.145218	-0.258994	0.110612	-0.359223	0.386797	0.183622	0.156893
0.147099	-0.085837	-0.107491	0.135787	-0.0479417	0.0695858	-0.328804	0.184053	-0.0678419	0.10139
-0.0346638	0.075527	-0.237077	0.0268359	-0.0798188	0.0976777	-0.321614	0.361816	-0.0469988	0.158316
-0.00582591	-0.068061	-0.0204001	-0.249396	-0.0547678	0.194555	-0.205731	0.190789	0.192683	0.0261542
0.0624345	-0.087069	0.194054	-0.237109	0.177256	0.204194	-0.306291	0.139261	0.0159941	-0.162723
0.220703	-0.12361	-0.578149	-0.267659	0.408232	0.323405	-0.174542	0.0137668	0.378305	-0.200452
-0.156996	-0.370881	-0.445502	-0.207327	0.180549	0.718169	0.107368	-0.0554866	0.456747	-0.226634
-0.361059	-0.223039	-0.090569	-0.0683606	0.0114024	0.845157	-0.106456	-0.0703538	0.166129	-0.102849
-0.170853	-0.00866063	-0.0178172	-0.00465393	0.0893448	0.155411	-0.0482987	-0.0131471	0.0625203	-0.0438444
-0.0118959	-0.00428378	-0.00154906	-0.000341809	-0.00286489	0.0260336	-0.011696	-0.00050573	0.00827592	-0.00117238
0.0175283	-2.89837e-07	-0.000269923	-8.22428e-07	-0.000658271	-5.79327e-06	-7.76179e-06	-0.0110178	-2.52965e-05	-0.00554233
-0.000373807	-0.00187324	0.00152097	-0.00925546	-0.0149706	-0.00158407	-0.000257532	0.0739535	-0.00509337	-0.0420664
0.00260932	-0.0282194	0.0128292	-0.0231737	0.0198828	-0.0236895	-0.00650093	0.138192	-0.0123631	-0.0795663
0.012437	-0.00450115	0.0380541	0.0858921	0.00274352	-0.184209	-0.0484829	0.380298	-0.00681313	-0.275415
-0.121272	-0.0305375	0.358953	0.400333	0.0654977	-0.693851	0.0336171	0.306134	0.0370429	-0.355902
-0.063081	-0.096919	0.0855629	0.187381	0.268781	-0.324838	-0.144097	0.264983	0.126286	-0.304053
-0.0396645	-0.239467	0.00724125	0.0298103	0.0633858	-0.0321561	-0.285749	0.264198	0.221691	0.0107122
-0.0664898	-0.181653	0.00113117	0.0734506	0.10123	-0.204631	-0.191284	0.591669	0.197665	-0.321091
0.00609957	-0.457821	0.0840135	-0.0535888	-0.130811	0.129895	-0.194235	0.323257	-0.0187623	0.311954
0.28998	-0.483212	-0.085148	-0.112342	0.156321	0.074903	-0.109892	0.188679	0.171812	-0.0910995
0.0196215	-0.226402	0.265158	0.0726437	-0.184004	0.119705	-0.207406	0.0461436	0.137591	-0.0430498
-0.0194365	-0.311154	0.0809053	0.0579563	0.00591849	0.116899	-0.162718	0.349293	-0.0245355	-0.093126
0.255767	-0.0507173	-0.126862	0.141027	-0.23865	-0.0374805	-0.22925	0.403298	0.252984	-0.370113
-0.00418136	0.0474752	-0.0826865	0.100986	-0.3159	-0.0768351	-0.213086	-0.00581895	0.352779	0.197269
0.239853	-0.00862052	0.0207587	0.18836	-0.40892	-0.0782728	-0.43415	0.276526	-0.201404	0.405872
0.293294	0.0166612	-0.0334066	0.15753	-0.227301	-0.215154	-0.497993	0.375546	-0.0649138	0.195738
0.615319	-0.319105	-0.128151	0.0673221	-0.523198	-0.00885657	-0.446989	0.314617	0.196937	0.232108
0.284116	0.140686	-0.0296821	0.0719308	-0.206738	-0.00999118	-0.366056	0.18594	-0.0599713	-0.0102323
0.107968	-0.233784	-0.266477	0.34255	0.0351162	-0.0954175	-0.659968	0.471824	0.178128	0.120062
0.0101143	-0.099645	0.226673	0.123955	-0.135349	0.0962673	-0.535268	0.117394	0.230987	-0.0351302
0.234264	-0.27365	0.0477504	0.107706	-0.100768	0.266667	-0.390715	0.259056	0.097098	-0.24741
0.105156	-0.280088	-0.137828	0.0705853	-0.0194295	0.13518	-0.284379	-0.0529439	0.209908	0.253838
0.201568	-0.269219	-0.0493412	0.362349	-0.180202	0.00881066	-0.477261	0.262398	0.134506	0.00638991
0.46093	-0.497388	-0.0140218	-0.558177	0.165256	0.672906	-0.510431	0.145918	0.312639	-0.17763
0.100895	-0.546967	-0.498344	-0.449238	0.111986	1.16551	-0.319776	-0.115865	0.691724	-0.139918
-0.378083	-0.250444	-0.175307	-0.0945684	0.129427	0.918651	-0.234927	-0.123501	0.324693	-0.115934
-0.146583	-0.0188683	-0.0258761	-0.00655206	-0.0633817	0.260781	-0.134653	-0.019289	0.196415	-0.0419924
-0.00872721	-0.00320563	-0.00310213	-0.000106539	-0.00249166	0.0079164	-0.0135423	-0.0046467	0.0298416	-0.00193582
-4.23992e-06	-3.45614e-05	-1.26247e-05	-0.000177213	-0.000751796	-8.57665e-05	-3.32567e-06	0.00275481	-2.63033e-05	-0.00165898
-0.000491023	-9.1089e-05	-0.00124034	-0.0079961	-0.0150529	-0.00161564	-0.000136369	0.0857949	-0.00366112	-0.0555102
0.00880918	-0.0183645	-0.033327	0.0492606	0.0108944	-0.0107459	-0.01152	0.150636	-0.0313016	-0.11434
0.0418295	-0.0105206	0.0638524	0.209195	-0.147743	-0.203302	-0.0596407	0.415916	-0.0406892	-0.268892
-0.0633708	-0.0990864	0.231714	0.591936	-0.236596	-0.535561	0.0666495	0.413674	0.0315374	-0.400886
-0.0368733	-0.270751	0.420154	0.152535	-0.036127	-0.313869	-0.257108	0.266227	0.091781	-0.0159646
-0.122034	-0.264156	-0.0959523	0.111468	-0.0970413	-0.0491496	-0.265079	0.273218	0.218124	0.290605
-0.154787	-0.131409	-0.102464	0.220362	-0.075648	-0.000890262	-0.0488249	0.197153	0.0847151	0.011793
-0.119205	-0.244452	-0.0799066	0.164483	-0.0144111	0.132678	-0.189648	0.148522	0.13059	0.0713503
0.107194	-0.410837	0.0933886	0.0595345	0.0109669	-0.0691205	-0.212321	0.246885	0.220283	-0.0459722
0.22664	-0.206292	0.225392	-0.0932941	-0.282501	0.183398	-0.352233	-0.0405057	0.0870761	0.25232
-0.0562381	-0.121948	-0.0561828	-0.312536	-0.055113	0.347039	-0.136478	0.180671	0.0992404	0.111547
0.0089315	-0.147118	0.0232249	-0.177222	-0.144114	0.207375	-0.225096	0.523479	-0.121156	0.051698
0.331093	0.0616343	0.00883461	-0.15206	-0.114859	-0.099049	-0.450947	0.256472	0.082467	0.0764162
-0.0245041	0.172235	0.119045	0.273582	-0.630156	-0.249042	-0.200102	0.592452	-0.242171	0.188664
-0.268197	0.549197	0.228017	0.466361	-0.343734	-0.444408	-0.429303	0.395515	-0.521652	0.368213
0.175826	0.187301	0.244794	0.306852	-0.0359055	-0.438259	-0.598444	0.297412	-0.109219	-0.0303558
0.343427	-0.00201005	-0.0799149	0.113089	-0.104151	-0.184152	-0.77696	0.598864	0.0888634	0.00294692
0.265329	-0.144384	0.0327865	0.0135795	0.148309	-0.0401787	-0.650557	0.266124	-0.0209114	0.129906
0.358865	-0.259383	-0.0439249	0.217396	-0.0911065	-0.0715077	-0.596059	0.331671	0.0589074	0.0951443
0.28	-0.408771	-0.0596827	0.289447	0.066588	0.0143461	-0.366618	-0.0076923	0.0949632	0.097421
-0.15341	-0.315428	-0.181765	0.141933	0.068653	0.375228	-0.173135	0.299291	0.179776	-0.241141
-0.116271	-0.403584	0.0404191	0.430872	0.00748873	0.246634	-0.533063	0.232577	0.111616	-0.0166893
0.525269	-0.506959	-0.0863086	-0.232429	0.0737173	0.580918	-0.400028	-0.0145395	0.330718	-0.270354
0.37843	-0.349155	-0.499535	-0.441502	-0.259355	1.40392	-0.376506	-0.065375	0.431107	-0.222013
-0.347411	-0.179759	-0.132496	-0.0630851	-0.207184	1.18192	-0.38648	-0.0361277	0.327082	-0.15645
-0.134287	-0.022394	-0.00584628	-0.0135365	-0.0871491	0.273471	-0.173335	0.0167392	0.211363	-0.0650236
-0.00160343	-0.0031092	-0.00143976	-0.000511337	-0.00808901	0.0160357	-0.00798708	0.0616	-0.050647	-0.00424882
-6.15836e-06	-4.02529e-05	-2.60114e-05	-0.000298414	-0.000876879	-0.00010774	-3.92052e-06	0.00366967	-3.61536e-05	-0.00227414
-0.00051345	-4.17278e-05	-0.000450522	-0.00518612	-0.0143178	-0.00146997	-4.92688e-05	0.080513	-0.00196309	-0.056521
0.0439356	-0.00940037	-0.0271603	0.0179056	-0.0344206	-0.0130709	-0.0401059	0.236452	-0.0225296	-0.151605
0.0223823	-0.0643473	0.107405	0.344328	-0.139344	-0.180601	-0.0774592	0.322869	-0.121405	-0.21382
-0.0301543	-0.129668	-0.0750093	0.330414	-0.201742	-0.198403	-0.052294	0.382056	0.20687	-0.232066
0.0670036	-0.287755	0.436591	-0.0303855	-0.209138	-0.155955	-0.232	0.244661	0.0298859	0.137098
-0.0977011	-0.440435	0.478801	-0.0140357	-0.216791	-0.0622668	-0.181969	0.162249	0.099376	0.272773
-0.151631	-0.295183	0.0045267	-0.0285287	-0.0890907	0.242264	0.0272602	0.109083	0.167994	0.0133058
-0.0689342	-0.204359	-0.00249762	-0.256088	-0.0146908	0.399609	0.0227952	-0.138232	0.124739	0.137659
0.129316	-0.326342	-0.190263	-0.531959	0.187286	0.415262	-0.240271	0.165368	0.263981	0.127621
-0.0895125	-0.0372238	0.0717564	-0.440854	0.00837485	0.223455	-0.133111	-0.047557	0.262907	0.181763
0.11979	0.126053	0.116205	-0.476948	-0.0129428	0.209494	-0.161104	-0.223216	0.234413	0.0682584
-0.0769857	-0.0757854	0.0794387	-0.550993	0.294679	0.359522	-0.310269	-0.273292	0.388149	0.16554
0.156245	0.343032	-0.153212	0.094148	-0.295725	0.0955416	-0.089475	0.219861	0.00581554	-0.376229
0.0688488	0.551522	0.0876242	0.188018	-0.931973	0.0209086	-0.299352	0.387808	-0.0303793	-0.04302
-0.187445	0.859424	-0.15445	0.107022	-0.0341708	-0.106924	-0.523635	0.495687	-0.365128	-0.0903786
0.0711915	0.269929	0.00438891	0.256761	-0.255329	-0.233567	-0.463295	0.736544	-0.404567	0.0179444
0.387593	0.122777	0.239114	0.181875	0.0663652	-0.446982	-0.473035	0.261589	-0.236634	-0.102663
0.27769	-0.238424	0.0733214	0.176708	0.0130664	-0.484315	-0.496739	0.34008	0.260944	0.0776712
-0.0129487	-0.179249	-0.0533174	0.184428	0.1603	-0.380687	-0.511406	0.442426	0.321102	0.0293511
0.197548	-0.436363	-0.0932942	0.311416	-0.147624	-0.185435	-0.248152	0.432983	0.173677	-0.00475253
0.133675	-0.300956	-0.118887	0.0802088	-0.00177549	-0.0299818	-0.266395	0.400867	0.216255	-0.113012
0.25289	-0.389469	-0.112472	0.221492	-0.0222061	-0.0250234	-0.425084	0.255955	0.267978	-0.0240587
0.528219	-0.396599	-0.177568	-0.0437774	-0.487393	0.723355	-0.0992043	-0.221971	0.306152	-0.131208
0.393102	-0.32021	-0.420548	-0.314641	-0.379548	1.78614	-0.244008	-0.153355	-0.0129528	-0.333968
-0.353909	-0.121614	-0.0737088	-0.0239378	-0.267064	1.54901	-0.487073	-0.0173947	-0.0989917	-0.105305
-0.165463	-0.0341658	0.0317466	-0.0075743	-0.109205	0.442741	-0.172639	0.0116902	0.0637245	-0.0608527
-0.000630729	0.00138626	-0.000795666	-0.000169077	-0.00231648	0.00530904	-0.023962	0.0155001	0.0136771	-0.00799855
-2.96413e-05	-6.98079e-06	-2.54557e-05	-0.000185954	-0.000124586	-9.2489e-05	-4.31285e-06	0.00144941	-4.1012e-05	-0.000938977
0.0107093	0.000553244	-0.000790924	-0.00352416	-0.031703	-0.01191	-0.00022613	0.113068	-0.00238557	-0.0737909
-0.00429082	-0.00014064	-0.0132252	0.019579	-0.140116	-0.0243927	-0.00141917	0.437699	-0.0135822	-0.26011
0.0101999	-0.0436974	-0.0463446	0.343815	-0.0992142	-0.239588	-0.0802878	0.401782	-0.0200789	-0.22658
-0.190992	-0.0797135	-0.170421	0.309953	-0.278149	-0.0893317	-0.0278711	0.459512	0.0686708	-0.00164968
-0.139954	-0.154758	0.0547106	-0.145677	-0.0982595	-0.0434047	-0.0175298	0.105034	0.220192	0.21965
0.00637281	-0.400962	0.0256558	-0.3082	0.121206	0.308827	-0.0791192	-0.00163641	0.127314	0.200545
0.00960168	-0.360994	-0.211583	-0.579189	0.0322835	0.19297	0.189375	0.125495	0.49981	0.10223
-0.00323194	-0.294323	-0.401861	-0.451614	0.154192	0.214293	0.0137236	-0.20185	0.343947	0.626728
-0.226869	-0.344113	-0.419061	-0.510456	0.411644	0.146553	0.176443	0.200161	0.418425	0.147267
-0.0457164	-0.176264	-0.823392	-0.390552	0.541473	0.0745037	0.0115477	0.324977	0.224117	0.259304
-0.0626997	-0.120972	-0.643354	-0.19169	0.0987367	0.09668	-0.0980083	0.324577	0.207857	0.388871
-0.353039	-0.161626	-0.778973	-0.0217995	0.633291	0.22564	0.156004	-0.0477049	0.166067	0.182139
-0.0588011	0.37416	-0.936131	0.295995	-0.849488	0.596435	0.22565	0.117161	0.203682	0.0313395
-0.453654	0.717271	-0.526916	0.0913673	-0.861623	0.0839821	-0.258958	0.496248	0.681957	0.0303282
-0.733189	0.787641	-0.471299	0.23293	0.411311	-0.208972	-0.640284	0.422899	-0.0502994	0.249261
-0.653845	0.227294	-0.172502	-0.0485434	0.442309	-0.224716	-0.175791	0.447133	-0.160453	0.319116
-0.0340571	-0.111458	-0.405387	0.357152	0.196839	-0.16051	-0.41113	0.335106	-0.207686	0.441133
-0.275971	-0.0398078	-0.0809899	0.13029	0.0154387	-0.0403027	-0.31719	0.510039	-0.251813	0.350306
0.0162011	-0.208257	0.318228	0.0956282	-0.0273374	-0.36136	-0.200231	0.213367	-0.0315873	0.185351
0.169082	-0.202435	-0.0965369	0.379522	-0.215732	-0.665035	-0.141521	0.32244	-0.101579	0.551795
0.386141	-0.233483	0.034128	-0.0745246	-0.233705	-0.473002	-0.0629794	0.281651	0.031845	0.343929
0.259	-0.230202	-0.0761037	0.00237256	-0.23228	-0.52383	-0.139568	0.284123	0.322972	0.333515
0.304237	-0.204134	-0.162916	-0.207131	-0.506187	0.227761	0.342844	-0.217439	0.48885	-0.0658834
0.400318	-0.196958	-0.166605	-0.245417	-0.503023	0.829893	-0.0225584	-0.195564	0.368762	-0.268835
-0.237589	-0.11506	0.0747434	0.0119228	-0.227563	1.09548	-0.482787	-0.0843969	0.0953255	-0.130073
-0.116692	-0.036501	0.0403501	-0.0035024	-0.0414966	0.295836	-0.285337	-0.0133997	0.198767	-0.0380236
-0.000440708	0.00657156	-0.00217662	-9.06044e-05	-0.00161626	0.00452428	-0.0146955	0.00402988	0.00675816	-0.00286412
-1.50621e-06	-3.32573e-08	-1.2959e-05	-7.44273e-05	-1.77381e-06	-1.4468e-05	-1.72643e-08	0.0017719	-2.09526e-05	-0.00164576
3.62036e-05	-0.000253345	-5.91978e-05	-0.00331002	-0.0435596	-0.0167743	-0.000310959	0.108684	-0.00131095	-0.0431414
-0.0047984	-0.00388406	-0.00198342	-0.00937059	-0.160672	-0.0227026	-0.00138415	0.441825	-0.00989169	-0.227139
-0.0223734	-0.00419995	-0.170759	0.0682977	-0.213418	-0.0983657	-0.0693661	0.59289	0.0936721	-0.176374
-0.127081	0.00483507	-0.262551	-0.0122181	-0.408989	0.025593	-0.0693756	0.52562	0.000421982	0.323749
-0.0139448	-0.0730084	-0.527242	-0.234801	-0.0497897	0.0324997	-0.0523014	0.273437	0.29044	0.354709
0.250546	-0.134381	-0.927984	-0.3442	0.202635	0.362835	0.171334	0.0090689	0.039472	0.370672
-0.00222158	-0.187049	-1.12225	-0.314891	0.354204	0.124596	0.272389	0.413582	0.265624	0.196015
-0.084026	-0.222939	-0.547418	-0.403885	0.434328	0.00744868	0.199433	0.522449	-0.0487495	0.143355
-0.0593396	-0.139582	-0.540016	-0.152935	0.194188	-0.107351	0.26552	-0.0522732	0.152366	0.439422
0.023518	-0.371804	-0.635875	0.192127	0.564861	0.313734	-0.0214685	-0.173648	-0.177761	0.286318
0.0196625	-0.514745	-0.611889	-0.177051	0.557432	0.151916	0.353498	0.0991462	-0.127541	0.24957
0.156189	0.0692062	-0.56846	-0.0153875	1.05734	0.155136	0.180938	-0.727351	0.0431822	-0.350793
0.0586027	0.190687	-0.362123	0.00854504	0.0226557	0.315627	0.220666	-0.987569	0.476974	0.0559351
-0.610589	0.979201	-0.466051	0.551726	-0.545878	-0.127664	-0.27116	0.0213747	0.208802	0.260235
-0.8929	0.479299	-0.502402	0.18168	0.184114	0.0361276	-0.358514	0.478843	0.0600651	0.333696
-0.683376	0.150753	-0.221717	0.140448	0.343106	-0.352436	-0.0881517	0.522937	-0.0631901	0.25163
-0.0282791	0.131477	-0.336389	-0.0475977	0.0364626	-0.474283	-0.131722	0.473433	0.101569	0.275334
-0.0348848	-0.0349837	-0.288888	0.158893	0.00725392	-0.366338	-0.201484	0.397427	-0.0866438	0.449653
0.113019	-0.214801	0.292082	-0.0575527	0.166244	-0.399129	-0.371225	-0.148343	0.229327	0.390379
0.0790248	-0.146758	-0.0371065	0.0349603	0.164834	-0.457965	-0.169811	-0.0201783	0.205016	0.347986
0.109387	-0.0809158	0.00824252	-0.624304	0.334489	-0.873625	0.0967142	0.119746	0.460028	0.450232
0.314627	-0.0841243	-0.0800853	-0.497082	0.157484	-1.23107	0.374064	0.108995	0.444336	0.492859
0.436909	-0.0536213	-0.402083	-0.293265	-0.195398	-1.17923	0.784731	-0.238535	0.770045	0.370462
0.665605	-0.0657713	0.167646	-0.132316	-0.12487	-1.1042	0.36099	-0.195623	0.749154	-0.320607
-0.0273787	-0.0473749	0.341281	0.0240937	-0.0711332	0.0310467	-0.276378	0.0210931	0.165386	-0.160633
-0.0724142	-0.0364183	0.232569	-0.000503057	-0.0313385	0.190913	-0.307909	0.0456564	0.0328631	-0.0534179
-0.000393898	0.0048621	0.0246303	-0.000126777	-0.0115924	-0.0047731	-0.0168344	0.0210103	-0.0149051	-0.00187713
-6.47142e-09	6.22694e-05	-7.47788e-06	-2.09802e-05	-1.9466e-07	-1.99175e-06	-1.47747e-06	-1.20891e-05	-6.21669e-06	-1.18352e-05
0.000750306	-4.38598e-05	-4.04195e-05	-0.00165076	-0.0320656	-0.0027296	-0.000340493	0.0609977	-0.000260532	-0.0246167
-0.00219561	-0.00125964	-0.000871349	-0.00582001	-0.105578	-0.00591651	-0.000550121	0.271946	-0.00252545	-0.147229
-0.00407839	0.01306	-0.215808	0.0296534	-0.173242	0.000835622	-0.0601423	0.481045	0.0559453	-0.127266
0.04625	0.0402993	-0.62731	-0.229755	-0.17304	0.113211	-0.109963	0.29861	-0.0815157	0.723225
-0.01914	-0.0535971	-0.886013	-0.247017	0.248805	0.237885	0.0932627	0.121907	0.0721938	0.431711
0.31568	-0.106506	-1.14533	-0.28457	0.490987	-0.0972889	0.505592	0.207219	-0.0145233	0.128741
0.315833	-0.174447	-0.873479	-0.33408	0.306971	0.195907	0.0677095	0.166916	0.0213399	0.307328
0.0896511	0.0159986	-0.356451	-0.20539	0.332001	-0.0173767	0.0103479	-0.0198446	-0.0876548	0.238718
0.0958359	-0.0726078	-0.26873	-0.127595	0.37681	0.0553496	0.0751026	-0.178155	0.09986	-0.0558717
0.207604	-0.694325	-0.179653	-0.186021	0.480399	0.160342	0.258973	0.0301553	-0.183832	0.106358
0.0465579	-0.729977	0.128072	-0.212435	0.615273	0.283017	-0.040705	-0.202933	0.104738	0.0083919
0.106596	0.0427833	-0.105924	0.122459	0.496404	0.501783	0.104826	-1.14545	0.198279	-0.32175
-0.497897	0.276156	0.207007	0.424607	-0.282693	0.283401	0.126808	-1.13188	0.492333	0.102162
-0.718715	0.616402	0.0872528	0.271078	-0.0232246	-0.110359	-0.226658	-0.0281251	-0.125697	0.258049
-0.914686	0.396171	-0.26338	-0.254762	0.450174	-0.278345	0.0547285	0.0628012	0.430431	0.316875
-0.637031	0.139088	-0.283906	0.107846	0.218675	-0.453097	0.058582	0.241694	0.115789	0.49236
-0.198385	0.401942	-0.090355	0.049647	0.178896	-0.183767	-0.319674	0.0490442	-0.169008	0.281664
-0.0223608	-0.23365	-0.244557	0.231328	0.241307	-0.152199	-0.16516	0.0572725	0.027899	0.260121
-0.055002	-0.319771	-0.218464	0.0306828	0.084982	0.0220854	0.140395	-0.217487	0.0298492	0.502728
-0.357626	-0.189283	-0.23968	-0.507054	0.367637	0.0125166	-0.0836884	0.289549	0.309416	0.398214
-0.0963952	-0.12964	0.0133916	-0.557388	0.420189	-0.273396	0.296684	0.138055	-0.179186	0.367687
0.240569	-0.144719	-0.0465693	-0.704156	0.355895	-0.332265	0.428758	-0.0931031	0.049015	0.246578
0.452272	-0.135014	-0.10619	-0.308566	-0.0410368	-0.780419	0.894073	-0.0811689	0.355492	-0.249441
0.500749	-0.127409	0.589978	-0.09171	-0.261724	-0.901395	0.450515	0.0465653	0.277773	-0.483328
0.119373	-0.0840764	0.704799	0.00380511	0.0158455	-0.261243	-0.349478	0.0513711	0.0525804	-0.252975
-0.0211214	-0.0435228	0.521856	-0.00161536	-0.0221641	-0.0154142	-0.304598	0.00352208	-0.0380201	-0.0789218
-0.00307498	-0.000711008	0.159508	-0.00424613	-0.039324	-0.0422089	-0.0524176	-0.0120169	-0.0030287	-0.00248026
-4.27509e-05	-1.3322e-06	-2.98574e-05	-0.00229888	-0.000151408	0.0108291	-0.000151574	-7.19038e-05	-0.00029215	-0.00778929
-5.70893e-05	-1.31487e-05	-0.0156438	0.0165996	-0.0174824	-0.00125706	-1.42812e-05	0.0321674	-0.00089988	-0.0133992
-0.000763228	0.00154719	-0.010477	0.00877481	-0.0439357	-0.00197931	-5.68663e-05	0.148067	-0.00133537	-0.0998411
-0.0904688	0.0251507	-0.185095	0.0398004	-0.0140929	0.0319717	-0.0278215	0.240614	-0.00960167	-0.0104549
-0.0278171	0.0425364	-0.416314	-0.122976	0.414182	0.0757915	-0.301763	0.132658	-0.180955	0.384669
0.284126	-0.0716847	-0.670141	-0.357309	0.565602	-0.0319745	0.0390903	0.161915	0.0112278	0.0691491
0.165432	-0.132521	-0.275556	-0.442042	0.319184	-0.0642907	0.296814	-0.0887845	-0.0955309	0.317296
0.523201	-0.193556	0.0759546	-0.361607	0.392929	-0.0159057	-0.0241861	-0.0470008	-0.532754	0.182924
0.233349	0.00822047	-0.0996583	-0.166689	0.31746	0.101991	0.109791	-0.162465	-0.3482	0.00619994
0.301064	-0.228039	-0.103571	-0.0934431	0.257673	0.125391	0.321231	-0.337435	-0.269368	0.0264928
-0.0459949	-0.70581	0.0901758	-0.131105	0.266042	0.335915	0.309756	-0.13231	0.00647148	0.00686223
0.143501	-0.656287	0.12292	-0.252397	0.377008	-0.0223224	0.503631	-0.528751	0.304918	0.00778163
0.248525	0.0989131	-0.0807692	0.232503	0.337104	0.0288029	0.174147	-1.08242	0.182185	-0.138986
-0.253003	0.279135	0.294877	-0.00661884	-0.270688	0.0151764	-0.0542449	-0.578259	0.466386	0.107241
-0.794534	0.582889	0.106588	0.146364	0.0598992	-0.0560671	-0.181178	-0.131428	0.228473	0.0389985
-0.720731	0.423796	-0.189916	0.0154562	0.199429	-0.103288	0.0511785	-0.0820761	0.203663	0.202491
-0.823454	0.24761	-0.0556653	-0.0208134	0.402584	-0.318758	0.228082	0.0262225	-0.0259403	0.340134
-0.143546	-0.165407	-0.341052	0.0803189	0.58732	-0.342733	-0.388939	0.293246	0.106952	0.313842
-0.0485243	-0.634665	0.161163	0.0101865	0.235812	-0.222346	-0.133852	0.497606	-0.109039	0.243662
-0.1795	-0.489399	-0.044141	-0.171382	0.4382	-0.342192	-0.0104424	0.757524	0.0183319	0.0230011
0.0328361	-0.283226	0.0946304	-0.316194	0.229009	-0.0128252	-0.151	0.351173	-0.204603	0.260199
0.214986	-0.195747	-0.165093	0.0186443	0.055685	-0.14465	0.142426	0.00452113	-0.141842	0.211068
0.135795	-0.137404	-0.0960408	-0.319323	0.161129	0.121012	0.34887	0.285827	-0.458286	-0.0415771
0.397464	-0.10041	0.201805	-0.20269	-0.0680962	-0.0184104	0.438321	0.343121	-0.420383	-0.570718
0.554191	-0.0515489	0.410219	-0.0112099	-0.257118	-0.236106	0.313341	0.0363543	-0.229869	-0.528245
0.0913848	-0.0424379	0.638373	-0.0291344	-0.0867597	-0.327916	-0.0934334	-0.0797542	0.0803451	-0.150663
-0.0101456	-0.00618016	0.428621	-0.0177589	-0.0956083	-0.0445239	-0.217006	-0.00917705	-0.0100429	-0.0181781
-0.000284185	-3.25422e-05	0.0156574	-0.00303173	-0.00428057	-0.00187959	-0.0054269	-0.000146371	-0.00052773	-4.78036e-05
-1.6341e-05	-5.28332e-07	-9.82363e-06	-0.000755014	-5.96682e-05	0.0034809	-5.01733e-05	8.1394e-05	-0.000100492	-0.00257026
-5.9632e-05	-7.4268e-06	-0.0333868	0.0368146	-2.75691e-05	-0.00139191	-6.76509e-06	-5.79944e-05	-0.00183958	-3.69814e-05
-0.00174244	0.0097354	-0.0176478	0.0400835	0.0234943	-0.00735827	-0.000306306	0.0337918	-0.0024713	-0.0775789
-0.110345	0.00512404	0.0216992	0.0286801	0.0989202	-0.0382039	-0.090462	0.113344	-0.0148041	-0.0139514
0.15209	-0.00580678	0.108811	0.0649822	0.279466	-0.0615797	-0.468835	0.00199789	-0.171578	0.100459
0.419171	-0.13066	0.320108	-0.0468416	0.216275	-0.292212	-0.082843	-0.121878	-0.318068	0.0369524
-0.102484	-0.227665	0.365949	-0.00718097	0.215047	-0.101337	0.22827	-0.0945471	-0.319609	0.0435558
0.408342	-0.16781	-0.0962353	-0.260953	0.384478	-0.211443	0.272282	-0.17943	-0.240074	0.0908394
0.302307	-0.0581868	-0.142142	-0.334338	0.294757	0.0968889	0.214221	-0.353269	-0.142126	0.121889
0.32952	-0.322917	0.0212813	-0.308818	0.380955	0.223325	0.100155	-0.359456	0.0114995	-0.0755411
0.366814	-0.517174	0.0323182	-0.241977	0.334257	0.0952817	0.212587	-0.170032	-0.137948	0.0258771
0.0428245	-0.172383	-0.0846075	-0.0674211	0.426098	0.0320461	0.408971	-0.548243	-0.119787	0.0824992
-0.0832922	0.255114	-0.0686641	0.0688917	0.183166	0.120728	0.262271	-0.737899	0.105068	-0.105382
-0.626087	0.462117	0.236188	0.0423303	-0.273338	-0.0273161	0.160827	-0.246768	0.375049	-0.103
-0.941103	0.702461	0.11912	0.242081	0.0779455	-0.33538	0.27372	-0.386443	0.475225	-0.227623
-0.683446	5.4937e-05	0.0381958	0.204582	0.236147	-0.246325	0.00530414	0.17738	0.0596974	0.208413
-0.516621	0.363388	-0.0199282	-0.0648122	0.581336	-0.101828	-0.111589	-0.272451	-0.0807167	0.223225
-0.269873	-0.582338	-0.202645	-0.0715694	0.539292	-0.268104	-0.0566699	0.667645	-0.164458	0.408722
-0.0160564	-0.628657	-0.195469	-0.245429	0.154753	0.310025	-0.120135	0.620092	0.0214069	0.0994715
-0.0449436	-0.564494	-0.00980999	0.102107	0.270957	-0.0103525	-0.0143777	0.267546	-0.103941	0.10731
0.255705	-0.395783	-0.363393	0.421952	-0.146418	-0.140943	0.133996	0.378776	-0.281294	0.137397
0.07079	-0.210786	-0.195458	0.268121	-0.0958298	-0.0149877	0.180924	0.320366	-0.253274	-0.0698649
0.176296	-0.170084	-0.375994	0.254526	0.257253	-0.143261	-0.0615438	0.467023	-0.186161	-0.218053
0.361661	-0.113826	-0.0687972	0.30112	-0.113302	0.134166	0.124155	0.194237	-0.368634	-0.450779
0.429517	-0.0641135	0.627392	0.177428	-0.568255	0.12556	0.218669	-0.0767394	-0.405971	-0.463477
0.0203153	-0.0336742	0.683357	-0.0733302	-0.216659	-0.190935	0.136069	-0.197429	0.030294	-0.158001
-0.0178103	-0.0116193	0.415141	-0.0233997	0.0393136	-0.072226	-0.206143	-0.0358338	-0.0273861	-0.0600369
-0.00249589	-0.00132113	0.0666132	-0.000869904	-0.00716694	-0.0298376	-0.0161111	-0.000718479	-0.00373769	-0.00435449
-1.33882e-05	-5.26433e-07	-2.70332e-07	-1.30505e-05	-5.76688e-05	-0.000370994	-3.10153e-06	0.000599644	-2.76135e-05	-0.000113032
-4.99406e-05	3.02471e-05	-0.0164568	0.0206545	-1.71356e-05	-0.000790228	-2.58177e-05	-0.00138422	-0.000957535	-0.00100311
-0.00583959	0.00789497	0.000927234	0.0970309	-0.0119052	-0.0298239	-0.00167575	-0.00654088	-0.00592461	-0.0441433
-0.0713087	-0.00384397	0.333213	0.154313	-0.0870545	-0.0229203	-0.141049	-0.0919037	-0.00752101	-0.0619223
0.222115	-0.0204824	0.410746	0.384646	-0.250472	-0.0757726	-0.4667	-0.0665868	-0.215625	0.0781409
0.495539	-0.164233	0.214526	0.208103	-0.147747	-0.123215	0.095092	-0.202264	-0.388135	0.0123344
0.242047	-0.356729	0.426651	-0.101736	0.0642244	-0.140378	0.327206	-0.0657138	-0.186488	-0.209077
0.170677	-0.324531	0.0538053	-0.286624	0.406756	-0.539238	0.399374	0.153497	0.071844	-0.10556
0.350479	-0.232624	-0.208724	-0.492163	0.350012	-0.23057	0.270927	-0.117262	0.0523247	0.2576
0.302025	-0.0464887	0.21235	-0.0642666	0.154252	-0.405497	0.295233	-0.157206	0.00213395	-0.292536
0.218862	-0.123395	0.183356	-0.150437	-0.126536	-0.0758623	0.349237	-0.520268	0.226056	0.0189881
0.136623	-0.131592	0.225296	-0.0114729	-0.112058	-0.17436	0.797501	-0.857152	0.025872	0.101341
-0.270907	-0.24911	0.249278	0.038189	0.0956197	-0.023177	-0.0366467	-0.206474	0.522839	-0.119611
-0.893412	0.432179	0.446735	0.398607	-0.0180148	-0.0747603	0.0173418	-0.136276	0.0988999	-0.2713
-0.689169	0.710881	0.153221	0.0318968	0.363501	-0.32998	0.208207	-0.522559	0.066101	0.0079031
-0.392056	-0.158569	-0.133655	-0.168941	0.586092	-0.11894	0.118743	0.211577	0.0698259	-0.0140756
-0.297924	0.0565078	0.205358	-0.438537	0.435178	-0.271558	-0.0357561	0.0434323	0.10294	0.200359
0.0107732	-0.932475	0.438865	-0.102547	0.290264	-0.153921	-0.282449	0.387792	0.101072	0.242628
0.0325184	-0.655251	0.0343242	0.354745	0.201272	-0.210773	0.103204	0.133549	-0.137762	0.144175
0.0209146	-0.487627	-0.015908	0.389953	0.12112	0.0733819	0.249585	0.302318	-0.493664	-0.160071
0.270471	-0.30221	-0.192926	0.18783	0.323506	0.143589	0.00350623	0.178931	-0.54131	-0.0713878
0.166951	-0.189692	0.413005	0.0414929	0.199502	-0.0673727	0.074241	0.254336	-0.545283	-0.347183
0.192433	-0.19331	0.284776	0.280216	-0.117394	0.220843	-0.1242	-0.0657116	-0.384343	-0.0933096
0.158541	-0.172009	0.274146	0.52433	-0.261022	0.204451	-0.0676096	-0.149349	-0.00811	-0.503368
0.0688929	-0.0517634	0.59818	0.413313	-0.371346	0.00479141	0.165734	-0.153433	-0.244743	-0.429618
-0.102961	-0.0838943	1.09493	-0.134161	-0.165682	-0.184357	0.0520726	-0.18805	-0.135927	-0.15196
-0.0511371	-0.0442574	0.653967	-0.0249332	-0.114871	-0.116757	-0.169443	-0.030465	-0.0634646	-0.0386379
-0.00161619	-0.00107048	0.108408	-0.00147169	-0.00506976	-0.0543728	-0.0381517	-0.00217005	-0.00393474	-0.000550281
0.0	0.0	0.0	0.0	0.0	0.0	0.0	0.0	0.0	0.0
-6.42133e-05	0.000449752	-0.0063512	0.00777534	-1.27381e-05	-0.000585398	-2.56645e-05	-0.000100622	-0.000811913	-0.000273338
-0.0194521	-0.000173709	0.0679769	0.079978	-0.000126608	-0.0462326	-0.00337245	-0.00364597	-0.00595761	-0.0689937
-0.0573515	-0.0080641	0.315646	0.391436	-0.275444	0.02536	-0.125737	-0.0952365	-0.0408925	-0.129712
0.145643	-0.0416203	0.465481	0.457309	-0.153065	0.0909007	-0.510664	-0.017869	-0.184728	-0.251381
0.377786	-0.312225	0.338382	0.0746039	-0.200169	0.298009	0.0028064	-0.0504716	-0.278488	-0.250231
0.323473	-0.518992	0.278186	-0.0512067	-0.0590164	0.488195	0.110375	-0.229972	-0.090422	-0.250617
0.247999	-0.446487	0.162474	0.00901825	0.197705	-0.321262	0.181903	-0.307761	0.168593	0.107816
0.05596	-0.240615	0.132275	-0.25817	0.241014	-0.314566	0.335281	-0.190406	0.0952197	0.144005
0.282578	-0.151118	0.19638	-0.608303	0.109123	-0.217402	0.363018	-0.210513	0.361178	-0.124942
0.443068	0.101493	0.462202	-0.608678	0.0183021	-0.388337	0.628292	-0.677749	-0.036163	0.0575695
0.119409	-0.179939	0.315885	-0.425477	-0.0610844	-0.318798	0.582558	-0.276277	0.32632	-0.0825966
-0.0826874	0.104728	0.375579	-0.269088	-0.0406236	-0.554307	0.0655247	-0.0149536	0.313721	0.102106
-0.69381	0.481934	0.312157	-0.209359	0.161676	-0.500481	0.142138	0.0629914	0.219594	0.02316
-0.627135	0.569429	0.0543154	-0.403075	0.53587	-0.298712	0.154975	0.0792862	0.0708499	-0.135801
-0.341027	-0.00208686	0.201656	-0.431691	0.363722	-0.0556972	0.04481	0.107903	-0.156853	0.269263
-0.0529427	-0.383686	0.0444168	0.0588131	0.302947	0.00170489	-0.112539	-0.12403	0.23533	0.0299894
0.177097	-0.759901	-0.250147	0.298812	0.256351	0.236671	0.0637729	-0.0159411	-0.0848516	0.0781415
-0.07828	-0.365493	0.0471337	0.0206674	0.367115	0.323962	0.155756	0.0901248	-0.450342	-0.110643
0.109435	-0.237637	0.0544552	0.35047	-0.182392	0.111805	0.172505	-0.165343	0.00150186	-0.214801
0.226203	-0.181434	-0.0649347	0.0167712	0.0668428	0.0109515	0.0133764	0.078536	-0.0231543	-0.143158
-0.0526534	-0.115863	0.073799	0.00955102	0.16888	0.0119631	0.139669	0.0158705	-0.0659474	-0.185271
0.21278	-0.0234913	0.140624	0.265952	-0.18822	-0.0631792	0.113108	0.0494709	-0.20094	-0.306103
0.0520655	-0.0534374	-0.08915	0.474057	-0.232342	0.191768	0.0595967	-0.0994873	0.212847	-0.515913
-0.00622967	-0.0171867	0.495389	-0.106552	-0.334076	0.0803383	0.16501	0.113163	0.0440103	-0.43386
-0.0329489	-0.120908	1.17851	-0.250509	-0.263056	-0.232353	0.0556856	0.0402391	-0.278125	-0.0965263
-0.0221506	-0.0085976	0.320077	-0.0221706	-0.0645739	-0.0466527	-0.11004	0.0280206	-0.0548879	-0.0190239
0.03189	-0.0015696	0.0348019	-0.00112577	-0.0339124	-0.00850415	-0.0135021	-0.0053044	-0.000938384	-0.00183508
-3.98049e-05	-1.93802e-05	-2.18775e-05	-0.000708072	-0.00756256	-0.000337617	-5.35088e-06	0.00756185	-0.000246675	0.00137949
-1.4226e-05	0.000111142	-0.000280855	0.000676063	-2.43171e-06	-0.000298872	-5.85055e-06	-1.88585e-06	-0.000124185	-5.88983e-05
-0.0152019	-0.000696467	0.00486818	0.0730713	-0.00630511	-0.0284315	-0.00248577	0.0193433	-0.00516401	-0.0389979
-0.115018	-0.00952779	0.152623	0.602971	-0.16682	0.00516601	-0.0823798	-0.0352725	-0.141608	-0.210128
0.0665334	-0.0976516	0.532117	0.310554	-0.0238637	0.352663	-0.397038	-0.107943	-0.305592	-0.329769
0.041998	-0.388664	0.675642	0.319493	-0.0624359	0.284443	-0.307735	-0.105433	-0.0726603	-0.384645
0.0813697	-0.71791	0.176121	0.228243	-0.0689771	0.56251	0.0544836	-0.40999	0.144722	-0.05057
0.0377932	-0.480638	0.447225	-0.164923	0.0896213	0.174556	0.236929	-0.347696	0.0312105	-0.0240798
0.297918	-0.0764555	0.0566219	-0.0954368	0.143	-0.00482467	0.108816	-0.279558	0.0363132	-0.186396
0.347412	-0.00649371	-0.0185578	-0.408113	0.146354	-0.217053	0.351706	-0.306962	0.239815	-0.12811
0.398064	-0.222874	0.27349	-0.421639	-0.270658	-0.170885	0.235345	-0.363041	0.246429	0.29577
0.0950167	-0.197579	0.131236	-0.402537	-0.0407818	-0.110338	0.0913805	-0.105585	0.339816	0.199369
-0.31679	-0.0182944	0.330196	-0.559059	0.242694	-0.129393	0.762534	-0.235095	0.273192	-0.349986
-0.666562	0.0593352	0.310149	-0.329262	0.387934	-0.1082	0.455802	0.116074	0.0423003	-0.267568
-0.485985	0.241754	0.13979	-0.248053	0.336252	0.0187623	-0.00848736	-0.123243	-0.119081	0.248294
-0.148495	-0.332887	-0.0526962	0.273496	0.187009	-0.0200787	0.0680435	-0.105124	-0.0291031	0.159838
0.0086252	-0.543381	0.114978	0.457815	0.330316	-0.00960519	0.200255	-0.197642	-0.229634	-0.131725
-0.0019181	-0.132802	0.291485	0.136997	-0.218687	0.165829	0.247253	-0.109941	-0.283851	-0.0943635
-0.0154659	0.0890126	0.0932012	0.105394	-0.0395877	-0.147302	0.244769	-0.117323	-0.063273	-0.149426
-0.0708243	-0.00597279	0.160488	0.16747	-0.127879	0.13296	-0.0354752	-0.0501681	-0.0582391	-0.112359
-0.233172	0.081509	-0.0195007	0.12501	0.024162	0.009413	-0.0457486	-0.0137859	0.0732747	-0.00116374
-0.0937318	0.0126119	0.161126	0.3574	0.0745295	-0.00732671	0.058881	-0.109114	-0.246248	-0.208127
0.281423	-0.0695986	0.149838	0.438727	-0.4083	0.125893	0.0233082	-0.18626	-0.0124646	-0.342566
0.128898	-0.0684291	0.511929	0.167527	-0.267587	0.236054	0.0924483	-0.477068	0.183211	-0.506978
-0.0301255	0.0371486	0.899609	-0.310433	-0.280441	0.247391	0.0873248	-0.247546	-0.0445636	-0.358356
-0.0350557	0.0504847	0.798513	-0.149066	-0.250833	-0.139774	0.0719074	-0.0163747	-0.238849	-0.090949
-0.012323	0.0214152	0.097219	-0.0174137	-0.0204056	-0.035926	-0.032955	0.0354679	-0.0305375	-0.00454128
-0.00809435	-1.01569e-05	0.0472427	-0.000259747	-3.829e-05	-0.0195331	-0.0183247	-2.12539e-05	-0.000443838	-0.000517244
-2.05723e-09	8.28671e-05	-5.44465e-05	-5.14758e-06	-1.34406e-08	-1.31624e-07	-3.03945e-07	-8.04764e-07	-2.16124e-05	-4.04718e-07
0.0084773	0.000426806	-0.00296243	-0.000205344	-0.012848	-0.000820813	-0.000832783	0.0265211	-0.00110817	-0.0166477
-0.00567359	-0.000841716	0.00272256	0.0534228	-0.00456357	-0.0239395	-0.0030483	0.0202715	-0.00957198	-0.0287781
-0.0861557	-0.0121809	-0.0483768	0.613036	0.0562975	0.0171368	-0.0856083	-0.0914733	-0.19605	-0.166622
-0.00851929	-0.164057	0.305752	0.357987	-0.0524382	0.387375	-0.225788	-0.0592365	-0.2635	-0.277567
0.0609792	-0.568658	0.163303	0.501414	0.116896	0.22327	-0.237676	-0.173313	0.160636	-0.246848
0.204962	-0.340467	0.0428191	0.0705188	-0.00471944	0.339512	0.00813017	-0.334533	0.133577	-0.119799
0.173309	0.0584332	0.344026	-0.102238	-0.0470387	0.0403661	0.163388	-0.497435	-0.100703	-0.0321083
0.21609	-0.0338097	0.200809	-0.0670948	-0.247311	0.33308	-0.0481022	-0.263446	0.0549477	-0.145161
0.0722059	0.0803865	0.321907	-0.0054492	-0.432705	0.0655491	0.33555	-0.305662	0.252833	-0.38462
0.264895	-0.153193	0.392153	-0.049598	-0.484883	0.0802957	0.454815	-0.588529	0.286536	-0.20249
0.370952	-0.14392	0.157248	-0.235711	-0.0710953	0.0433678	0.702758	-0.283227	-0.174714	-0.365655
0.262981	-0.122584	0.153256	-0.245127	-0.539541	0.0389942	0.603709	-0.111227	0.0617095	-0.102168
-0.172493	0.234833	0.460573	-0.105295	-0.189683	0.0681777	0.16939	-0.0995708	-0.154606	-0.211323
-0.283931	-0.162958	0.11201	0.0118092	0.299639	-0.0509781	0.346854	0.174517	-0.159149	-0.287814
-0.173307	0.0254523	0.282203	0.0270141	-0.0198673	0.0948873	0.254945	-0.174404	-0.0491431	-0.267778
-0.203631	0.245658	0.306053	0.142871	-0.0762887	-0.08135	0.227752	-0.413469	0.0265638	-0.174156
0.0417427	-0.0612831	0.300878	0.346765	-0.202839	-0.144361	0.207047	-0.346078	0.112973	-0.254845
0.0110052	0.0909932	0.144135	0.238434	-0.164927	0.0644936	0.0693836	-0.477449	0.169172	-0.145241
-0.141966	0.163953	-0.075337	0.216767	-0.249997	-0.00673	0.140419	-0.0787474	0.030989	0.000649629
0.00452893	0.0721384	0.16457	0.0107359	-0.232291	0.242782	0.00980587	-0.269022	0.000756411	-0.00400734
0.0994569	0.0122606	0.267607	0.308281	-0.0535924	0.157711	0.177441	-0.49564	-0.167439	-0.306086
0.332545	-0.0546512	0.425887	0.0887709	-0.582827	0.130198	0.237046	-0.522369	0.284889	-0.339484
0.0520201	-0.0138825	0.361205	0.181617	-0.407257	0.2954	0.100352	-0.540638	0.228492	-0.257298
0.0390143	0.0988373	0.40569	-0.156584	-0.278689	0.28542	-0.00819816	-0.131387	-0.085595	-0.1685
-0.0588211	0.11213	0.644948	-0.0781366	-0.134447	-0.0330419	-0.128642	-0.0427426	-0.220555	-0.0606886
-0.0131291	0.0209155	0.206865	-0.0121958	-0.0030005	-0.0676691	-0.0739821	-0.0032434	-0.0345052	-0.0200555
-0.00258878	6.52413e-05	0.0202909	-0.000128873	-2.13473e-07	-0.00577915	-0.0117318	-5.93868e-07	-0.000126425	-2.96258e-07
0.0	0.0	0.0	0.0	0.0	0.0	0.0	0.0	0.0	0.0
0.0213537	-5.25391e-05	-0.00666918	-0.000725539	-0.000133124	-0.000916808	-0.00208961	-0.000237085	-0.00232883	-0.00820097
-0.00854242	-0.00741858	0.0506715	0.0330633	0.00318985	-0.00988008	-0.00316643	-0.0125681	-0.0186065	-0.0267424
-0.0768532	-0.028592	0.135957	0.479764	-0.0123108	0.0540658	-0.0624542	-0.139382	-0.194849	-0.155341
0.0752098	-0.0938017	0.373099	0.514832	-0.0850405	0.0987198	-0.214324	-0.294444	-0.222378	-0.151866
0.283363	-0.438644	0.309478	0.265582	-0.216773	0.419097	-0.279101	-0.334517	-0.0586215	0.0501392
0.223473	-0.0588109	0.276069	0.43622	-0.228786	0.222843	-0.197679	-0.49062	0.0491144	-0.231827
0.152066	0.0348946	0.635125	0.204993	-0.465065	-0.170637	0.249544	-0.520989	0.394924	-0.514852
0.193561	0.255923	0.2917	0.201782	-0.580337	0.264853	-0.102515	-0.293666	0.0480214	-0.279324
0.182983	0.127641	0.275509	0.380503	-0.370957	0.247735	0.276019	-0.429343	-0.152568	-0.537519
0.276615	0.224871	0.283213	-0.0335825	-0.432653	-0.0148827	0.551169	-0.370543	0.16526	-0.649469
0.418549	0.261512	0.418492	-0.173823	-0.131623	0.112895	0.345856	-0.375626	-0.159681	-0.71655
0.498883	0.167381	0.249997	-0.537164	-0.209701	0.0185295	0.551776	-0.126263	0.0749004	-0.688333
0.182325	-0.0866323	0.0653147	-0.0983413	-0.393258	0.0865688	0.193237	0.0274783	0.173108	-0.1498
0.00566134	-0.0081981	-0.0635775	0.115486	-0.0726072	-0.147713	0.709667	0.0788827	-0.332709	-0.284888
0.0108279	-0.0300019	0.0907303	-0.113118	-0.0233543	0.0403368	0.351655	-0.27015	0.210231	-0.267156
-0.113051	0.334182	0.0204232	0.08484	0.142996	0.174224	0.137382	-0.45002	-0.230472	-0.100501
0.0416015	0.325558	-0.176913	0.208168	0.0726068	0.242747	0.0447958	-0.577667	-0.049613	-0.13128
-0.0457353	0.422949	0.123736	0.337565	-0.0739445	0.205866	0.293628	-0.869952	-0.0805259	-0.313585
-0.0533452	0.399243	0.298714	0.129309	-0.303245	0.168495	0.0208606	-0.519215	-0.0463074	-0.0945086
-0.0394689	0.216277	0.225495	0.333214	-0.189052	-0.0387876	0.271366	-0.720898	0.18082	-0.238967
0.0911247	0.0321269	0.358314	0.1272	-0.0732506	0.149388	0.082066	-0.684638	0.302883	-0.385212
0.177787	-0.044401	0.306406	0.0137111	-0.343626	0.563791	-0.103436	-0.611017	0.322658	-0.281867
-0.0717647	-0.0438071	0.274976	0.13492	-0.33183	0.212605	0.0544803	-0.340967	0.184402	-0.0730067
-0.0268889	-0.00649736	0.512645	-0.109089	-0.188207	0.112895	-0.0802435	-0.0659505	-0.201085	0.052427
-0.0509089	0.0210434	0.288787	-0.0461268	-0.140843	0.121417	-0.0552201	-0.0577089	-0.138933	0.0584958
-0.00184667	0.0219707	0.0553935	-0.00301974	-0.000849254	-0.00944857	-0.0146492	-0.00207571	-0.0309509	-0.0145241
-2.12131e-05	0.000255271	-0.000205837	-4.99886e-05	-4.50981e-05	0.000518767	-5.06011e-06	-3.24418e-05	-0.000380883	-3.35162e-05
-2.23823e-08	0.000156686	-7.18948e-05	-2.7899e-05	-5.05778e-07	-8.55622e-07	-8.78844e-07	-9.8063e-06	-4.264e-05	-2.18295e-06
-5.95587e-05	2.07268e-05	0.000235711	0.000962261	-3.72226e-06	-0.000429005	-3.42271e-05	-0.000271889	-0.000138441	-0.000281857
-0.0296495	-0.0123721	0.100788	0.0784926	-0.000565698	-0.0244687	-0.00229302	-0.068764	-0.0190983	-0.0220685
-0.052613	-0.0118427	0.220107	0.328158	-0.076895	0.0755515	-0.0447582	-0.19237	-0.128563	-0.116771
-0.0605841	0.106646	0.214643	0.29066	-0.124137	0.301136	-0.204236	-0.327257	-0.0519818	-0.144881
0.181958	0.446418	0.159536	-0.011861	-0.116633	0.0864054	-0.30899	-0.37311	-0.0495717	-0.0141487
0.168975	0.32208	0.184651	0.275006	-0.421205	0.168272	-0.408648	-0.468668	0.297785	-0.118252
0.135011	0.115321	0.183003	0.235899	-0.449431	0.341509	-0.0650315	-0.5357	0.33792	-0.298503
-0.114342	0.220094	-0.101084	0.232736	0.0102577	0.134419	0.196173	-0.281118	-0.0670064	-0.230132
0.0224864	0.031323	0.257773	-0.305385	-0.1053	0.155309	0.22492	-0.418666	0.294633	-0.157095
0.238011	0.318262	0.135154	-0.134326	-0.234578	0.0515238	0.226023	-0.19455	-0.176224	-0.229298
0.361941	-0.127765	0.101045	-0.136052	-0.0208254	0.218275	0.303753	-0.276921	0.0186511	-0.442099
0.365407	-0.125942	-0.0837651	-0.0688647	-0.0712095	0.0832795	0.632426	-0.113146	-0.230005	-0.388182
0.113446	-0.157429	0.162401	-0.0342036	-0.219275	0.0785314	0.596142	-0.245943	0.106071	-0.399743
-0.0505927	0.22866	0.142913	-0.135996	-0.153965	0.157654	0.659056	-0.377384	-0.0537557	-0.416585
-0.00568433	0.117352	-0.0790446	0.0497505	0.131187	0.07964	0.273496	-0.173303	-0.028248	-0.365143
0.0524848	-0.0345621	0.12813	0.133089	-0.16456	-0.0637767	0.289545	-0.0216047	-0.153025	-0.165717
-0.183951	0.0314476	0.323988	-0.0415104	0.0492435	0.155464	0.432474	-0.382166	0.0250657	-0.410056
-0.189919	0.457897	0.326586	0.213456	-0.194139	0.0333275	0.310592	-0.45652	-0.106984	-0.394302
-0.280936	0.294177	0.469689	0.326251	-0.0135506	-0.0579582	0.14195	-0.491221	-0.0661902	-0.322212
-0.131725	0.441379	0.0194165	-0.030894	-0.023961	0.26393	0.0780093	-0.552534	0.16928	-0.232898
0.0187373	0.270119	0.173089	-0.158479	0.014157	0.461285	-0.0516468	-0.65731	0.0244928	-0.0944397
0.0496899	-0.213006	0.393352	-0.0449803	-0.110983	0.49632	0.0733675	-0.590188	0.205899	-0.259463
0.0202509	-0.149542	0.56747	-0.169096	-0.0610288	0.263165	-0.0381633	-0.359288	-0.0370725	-0.0366885
-0.0641855	0.0345656	0.397952	-0.174532	-0.133105	0.178338	-0.04154	-0.0589084	-0.277622	0.13904
-0.0315332	0.00489133	0.173581	-0.0358056	-0.126358	0.176297	-0.0515192	-0.0279219	-0.092445	0.0108143
0.0309825	-0.000393608	0.0172058	-0.00488532	-0.00281261	0.00465675	-0.00442863	-0.00315671	-0.00957015	-0.0275981
5.95805e-06	-4.49221e-11	-1.3273e-06	-3.31726e-07	-4.07857e-09	-1.611e-06	-2.43712e-07	-7.74387e-09	-2.41317e-06	-1.93219e-08
-2.16829e-08	0.000151789	-6.96481e-05	-2.70272e-05	-4.89973e-07	-8.28884e-07	-8.5138e-07	-9.49985e-06	-4.13075e-05	-2.11474e-06
-9.28235e-07	4.50915e-05	-2.39521e-05	3.26246e-05	-1.99793e-07	-1.32057e-05	-2.78117e-07	-1.56188e-05	-1.51075e-05	-8.42598e-06
-0.00540492	-0.0119802	0.0748974	0.0912338	-0.000423581	-0.0163618	-0.000234109	-0.0936458	-0.0142717	-0.0238089
-0.0705867	-0.0160555	0.182441	0.273631	-0.0823545	0.0358045	-0.0207426	-0.208696	-0.0407787	-0.0526603
-0.295628	0.160726	0.225392	0.208822	-0.127054	0.309478	-0.0965772	-0.254793	-0.0140295	-0.116326
-0.0415453	0.880505	0.183232	-0.00171238	-0.199292	-0.0892991	-0.206487	-0.124836	-0.0697873	-0.330773
0.0351157	0.523082	0.388193	0.197708	-0.252078	-0.264708	-0.403098	-0.148725	0.107136	-0.182624
0.0608618	0.0723886	0.348582	0.145157	-0.279891	-0.0267296	-0.269715	0.0589337	0.164964	-0.274556
0.197174	0.074533	0.358876	-0.0937573	-0.222935	0.0782917	-0.133957	-0.0838611	-0.141537	-0.0328283
0.156677	0.141803	0.308694	-0.0133486	-0.328978	0.0440376	0.106525	-0.232811	-0.0487887	-0.133812
0.139571	-0.108656	0.0802136	0.00974213	-0.229492	-0.0891836	0.196258	-0.0807167	0.0324943	0.0497687
0.177293	-0.423259	0.180238	0.151122	-0.160521	0.0892747	0.0349565	-0.322511	0.252005	0.021403
0.154953	-0.594147	0.144143	-0.100744	-0.20322	0.132049	0.346611	-0.022383	0.103374	0.0393627
0.56435	-0.383682	0.0382229	-0.146064	-0.104217	0.252246	0.326637	-0.453417	0.130242	-0.224317
0.0832181	-0.0986972	-0.0967405	-0.112245	-0.200088	0.178559	0.0150812	-0.100943	0.305627	0.0262306
0.11614	0.0645008	-0.167525	0.103296	-0.228205	0.0804183	0.29277	-0.0928512	0.127531	-0.296074
0.0391674	0.036989	-0.0115396	0.051572	-0.168482	0.163165	0.192237	-0.0534662	-0.0649327	-0.184708
0.0893863	0.271164	-0.0860008	0.182768	-0.00660325	-0.0095852	0.0526532	-0.260252	0.0648842	-0.298413
-0.114956	0.493909	0.116602	0.0560328	-0.0684596	0.183509	-0.0558572	-0.312549	-0.0182344	-0.279997
-0.117227	0.305506	0.262326	0.173149	0.263642	0.153181	-0.0317413	-0.281425	-0.197471	-0.529941
-0.19555	0.33391	0.301179	0.165423	0.00751345	0.133795	0.125667	-0.545519	-0.164599	-0.161816
-0.0697966	0.0214321	0.215486	-0.051588	0.338571	0.0574199	0.108436	-0.655208	0.141608	-0.106358
0.0809507	-0.201982	0.396581	0.0858881	0.0163718	0.223845	-0.130976	-0.467328	-0.0181613	0.0148176
0.0698241	-0.10535	0.271214	-0.0792667	-0.118057	0.288717	-0.160636	-0.353038	0.0088969	0.177703
-0.0505612	-0.0122349	0.244833	-0.121	-0.118431	0.192424	-0.0717271	-0.0565966	-0.123085	0.116383
-0.0228615	-0.00253029	0.0877525	-0.0312785	-0.0825772	0.10907	-0.0180649	-0.02569	-0.0382011	0.0243809
0.00326991	0.00657458	-0.0319142	0.000205218	0.00494771	0.0319804	-0.000105892	-0.00154991	-0.00585894	-0.00754894
1.09995e-05	-8.29332e-11	-2.4504e-06	-6.12418e-07	-7.52966e-09	-2.97416e-06	-4.49929e-07	-1.42964e-08	-4.45509e-06	-3.56713e-08
0.0	0.0	0.0	0.0	0.0	0.0	0.0	0.0	0.0	0.0
0.0	0.0	0.0	0.0	0.0	0.0	0.0	0.0	0.0	0.0
-0.000354991	-0.000215059	0.00198734	0.0971785	-0.00018382	-0.000529459	-3.07491e-05	-0.0706048	-0.00288904	-0.0243578
-0.0334592	-0.0662649	-0.0377404	0.315083	-0.0161634	0.0555107	-0.00193303	-0.165427	-0.0389553	-0.0106493
-0.214694	-0.0403934	-0.00166578	0.399073	-0.0667774	0.228255	-0.0171149	-0.0412759	-0.0753717	-0.170032
-0.2254	0.464838	-0.0702801	0.339986	-0.131552	0.227454	-0.0625876	0.086594	-0.36178	-0.267266
-0.100774	0.393863	0.0152337	0.279085	-0.0632736	-0.0270937	-0.149064	0.271704	-0.364055	-0.255624
0.134789	0.0744515	0.14092	0.281087	-0.0396732	-0.237637	-0.301086	0.386385	-0.209522	-0.229715
0.19371	-0.0461987	0.186182	0.0154231	-0.0440723	0.129278	-0.307928	-0.384716	0.231939	0.0263828
0.289281	0.077085	0.212223	0.197796	-0.0610373	0.0795964	-0.319923	-0.168757	0.052143	-0.358408
0.342829	-0.0785531	-0.014263	0.0786073	-0.0312808	0.352994	-0.420622	-0.158114	-0.0773479	0.00575356
0.32435	-0.06773	0.259152	0.231255	-0.0140928	0.0618644	-0.283053	-0.403521	0.0418779	-0.150103
0.158118	0.280521	0.172684	-0.259441	-0.159898	0.122084	-0.0256606	-0.36215	0.142261	-0.0685195
0.225261	-0.0281659	-0.133446	0.201271	-0.0951071	-0.100136	-0.0627321	-0.344426	0.456305	-0.118822
0.266468	-0.244612	-0.0582158	-0.165799	0.0106568	0.116128	0.0524706	-0.186135	0.177447	0.0315908
0.217444	0.178168	-0.114196	-0.0256046	-0.102015	-0.0527394	0.000693423	-0.0312356	0.141855	-0.21237
0.00683243	0.0796742	-0.0076236	-0.330545	0.152318	0.198443	-0.0681478	-0.203676	0.32067	-0.147946
0.104389	0.302634	-0.0904585	0.0688994	-0.03955	-0.02657	-0.0263986	-0.144179	0.0244216	-0.173188
-0.371424	-0.00776996	0.266906	0.344266	0.251418	-0.328207	0.0708814	-0.28868	0.17527	-0.112662
-0.406325	0.0489777	0.477698	-0.02768	0.210306	-0.0859673	0.0956815	-0.472714	0.181982	-0.0219593
-0.395048	-0.0886186	0.403393	0.0985908	0.231627	0.0827596	0.0440314	-0.603546	0.199147	0.0276689
-0.184479	-0.177548	0.502861	-0.0324677	0.277008	-0.0215442	-0.0463405	-0.596967	0.0578935	0.221594
-0.0668065	-0.145139	0.457218	-0.169173	-0.119185	0.0687836	-0.0520893	-0.382592	0.0168434	0.392146
-0.0573656	-0.120383	0.308888	-0.098301	-0.167531	0.17837	-0.0558792	-0.363286	0.0875823	0.28791
-0.0807444	-0.0315875	0.256361	-0.0464776	-0.116759	0.11896	-0.0398645	-0.103562	-0.0833891	0.127064
-0.0153111	0.000355385	0.0917234	-0.0282503	-0.00270727	0.0403007	-0.00950051	-0.03026	-0.0307482	-0.0156021
-1.98044e-05	0.0266946	-0.0221137	0.0124495	0.0051308	0.0187754	-0.000165616	-0.00125394	-0.0237924	-0.0157048
0.0	0.0	0.0	0.0	0.0	0.0	0.0	0.0	0.0	0.0
0.0	0.0	0.0	0.0	0.0	0.0	0.0	0.0	0.0	0.0
0.0	0.0	0.0	0.0	0.0	0.0	0.0	0.0	0.0	0.0
-0.00157184	-1.00453e-05	-0.00222683	0.0470514	-1.33923e-05	-0.000525799	-3.95619e-06	-0.0364499	-0.000161678	-0.00608791
-0.00261847	-0.0428321	-0.0959568	0.194315	-0.00035047	0.0587445	-0.000158177	-0.0224245	-0.0719204	-0.0167981
-0.0151985	-0.081522	-0.155691	0.344691	-0.0258776	-0.00235832	-0.00314491	0.117365	-0.224235	0.0459737
-0.100048	0.0449031	-0.291414	0.29178	-0.0256804	0.00358756	-0.0245883	0.440727	-0.404996	0.0657349
-0.144243	0.0261042	-0.400526	0.541553	-0.0258216	-0.0404522	-0.040594	0.467212	-0.424392	0.0411625
-0.198759	-0.0877251	-0.348055	0.493476	-0.0255866	0.0679387	-0.0905183	0.278787	-0.246609	0.157053
-0.117027	-0.198883	-0.151847	0.134836	-0.0684766	0.161192	-0.173517	0.128284	0.211444	0.0739971
-0.0311158	-0.170986	-0.0146286	0.180299	0.0364984	0.435594	-0.25635	-0.0173607	0.0358483	-0.197799
-0.0145201	-0.261968	-0.167636	0.451774	0.0318179	0.181028	-0.350486	0.0259827	0.0430244	0.0609812
-0.0409549	-0.306285	-0.116791	0.401846	0.21403	0.152246	-0.505054	-0.0860896	0.424486	-0.137435
0.293313	-0.291206	0.125313	0.221334	-0.172918	0.216096	-0.427799	-0.0654801	0.317998	-0.216651
0.265922	-0.375857	0.0147759	0.32791	-0.210426	0.4069	-0.454543	0.180139	0.178355	-0.333176
0.164391	-0.375366	0.338191	0.326573	-0.117973	0.301107	-0.393706	-0.0424376	0.252361	-0.453142
-0.0279064	-0.268482	0.0664813	0.155559	-0.138577	0.281282	-0.302361	-0.0426997	0.292025	-0.0153205
-0.0897824	-0.573707	0.0331036	0.306465	0.0300232	0.0907809	-0.123657	-0.109264	0.531366	-0.0953281
-0.136201	-0.161409	0.209201	0.200335	-0.1714	0.289127	-0.0790813	-0.0531473	-0.154345	0.0569203
-0.303206	-0.0151778	0.292748	-0.224507	-0.0154893	0.283202	-0.110597	-0.300746	0.334156	0.0596182
-0.377248	0.0202157	0.0136505	-0.13208	0.126105	0.0540984	-0.133388	-0.236624	0.574611	0.0906607
-0.375254	-0.0410029	0.0186121	-0.0274797	0.0893826	0.073754	-0.0717011	-0.247559	0.162588	0.418666
-0.2546	-0.0447243	0.256104	0.00135734	0.0917451	0.00612775	-0.0764361	-0.274603	-0.0517744	0.346809
-0.118254	-0.092634	0.0793205	-0.0470264	0.0379109	0.218335	-0.0443749	-0.274705	-0.0537188	0.295149
-0.0504669	-0.0372226	0.147827	-0.0347963	-0.0265381	0.147559	-0.0177975	-0.327324	-0.0414919	0.240253
-0.00757031	-0.0184324	0.325558	-0.042919	-0.0682368	0.0835134	-0.0037724	-0.13058	-0.0759544	-0.061606
-0.000578019	0.00892306	0.175181	-0.00782917	0.013161	-0.0378244	-0.000403818	-0.0535475	-0.0379815	-0.0591005
-4.32009e-07	0.00205567	0.0268848	-1.94536e-05	-0.000165824	-0.000660222	-4.20559e-05	-1.76022e-06	-0.0056425	-0.0224082
0.0	0.0	0.0	0.0	0.0	0.0	0.0	0.0	0.0	0.0
0.0	0.0	0.0	0.0	0.0	0.0	0.0	0.0	0.0	0.0
0.0	0.0	0.0	0.0	0.0	0.0	0.0	0.0	0.0	0.0
-2.78366e-05	-2.86711e-07	-6.18364e-05	0.00456332	-9.20398e-05	-1.00442e-05	-3.74544e-07	-0.00625972	-0.000341614	0.00223044
-0.000130875	-0.00429227	-0.0203878	-0.0440612	-7.45908e-05	0.0575364	-5.48086e-05	0.0244363	-0.00460595	-0.00836519
-0.00314248	-0.0607343	-0.0643283	-0.0113995	0.0048783	0.0674312	-0.000959874	0.138597	-0.122235	0.0518931
-0.0223714	-0.127176	-0.097744	0.129945	-0.0572635	-0.00956867	-0.00188692	0.0478119	-0.236334	0.374589
-0.109819	-0.157652	-0.0815779	0.356076	-0.160584	-0.0179533	-0.00575577	-0.032874	-0.152959	0.363105
-0.162162	-0.201562	-0.188549	0.607335	-0.244081	0.00465115	-0.0108772	0.0249701	-0.155894	0.326176
-0.243225	-0.180711	-0.391763	0.873371	-0.455418	0.00215915	-0.0416613	0.330673	-0.26369	0.370275
-0.357311	-0.292507	-0.470288	0.821221	-0.304823	0.207352	-0.0593436	0.409422	-0.211064	0.257348
-0.512558	-0.627375	-0.384566	0.736439	-0.0843982	0.241071	-0.0539193	0.196958	0.153249	0.335107
-0.519374	-0.515018	-0.390851	0.5752	-0.260193	0.379042	-0.0497702	0.47477	0.132283	0.173914
-0.674141	-0.312178	-0.23958	0.754187	-0.469998	0.358557	-0.0388431	0.383915	-0.0692841	0.307368
-0.618327	-0.373755	-0.143116	0.600047	-0.21735	0.368656	-0.115019	0.300137	-0.0391788	0.237911
-0.58959	-0.420469	0.0197035	0.347698	-0.221428	0.11071	-0.114949	0.25898	0.188531	0.420819
-0.521572	-0.457313	0.10369	0.164892	-0.242451	0.430838	-0.123807	0.26306	0.31244	0.0702269
-0.345815	-0.476184	0.0456955	0.283528	-0.42537	0.352834	-0.101196	0.142936	0.296323	0.227252
-0.406457	-0.301793	-0.0381314	0.224256	-0.418381	0.339193	-0.0638589	0.093748	0.33399	0.237441
-0.358477	-0.164734	-0.249015	0.152353	-0.328472	0.222395	-0.055122	0.282482	0.204935	0.293661
-0.198942	-0.136069	-0.31214	0.234772	-0.454291	0.220975	-0.0354915	0.0873988	0.131814	0.46198
-0.21969	-0.050678	-0.217849	0.0182031	-0.259587	0.169478	-0.019398	-0.0912923	0.0487619	0.622056
-0.162957	-0.0107422	-0.182165	-0.110891	-0.189701	0.270136	-0.0108659	-0.0694701	-0.0304765	0.497138
-0.069166	-0.00647802	-0.169253	-0.0392565	-0.0835208	0.325361	-0.00749046	0.00372163	-0.0482146	0.0942989
-0.0188627	-0.000965458	-0.0798172	-0.00716719	-0.0754755	0.224038	-0.00328725	-0.0739671	-0.0143047	0.0498093
-0.00349636	-1.24674e-05	-0.00719215	-0.000264391	-0.050256	0.122914	-0.000613337	-0.00665191	-0.00707633	-0.047351
-5.27636e-07	-1.20741e-05	0.0238725	-0.000283285	-0.00120245	-1.63748e-05	-2.7001e-05	-0.00128146	-0.00458851	-0.0164608
-3.86874e-07	-1.44259e-05	0.0285492	-4.17439e-06	-0.000175815	-1.24948e-05	-3.0761e-05	-1.39254e-06	-0.00453176	-0.023778
0.0	0.0	0.0	0.0	0.0	0.0	0.0	0.0	0.0	0.0
0.0	0.0	0.0	0.0	0.0	0.0	0.0	0.0	0.0	0.0
0.0	0.0	0.0	0.0	0.0	0.0	0.0	0.0	0.0	0.0
0.0	0.0	0.0	0.0	0.0	0.0	0.0	0.0	0.0	0.0
0.0	0.0	0.0	0.0	0.0	0.0	0.0	0.0	0.0	0.0
-0.000207907	-0.00107078	-0.000812633	0.001911	0.00614765	-0.00305921	-3.98398e-05	-0.078623	-0.0129326	0.0886873
-0.00410826	-0.00383264	-0.00324976	0.0308797	0.00473153	-0.00926295	-0.000272477	-0.176942	-0.0466349	0.208692
-0.0213496	-0.00782095	-0.011672	0.0531765	-0.0652443	-0.0456864	-0.001136	-0.154054	-0.0820266	0.335814
-0.0470115	-0.0119318	-0.0282552	0.0640531	-0.173141	-0.147346	-0.00199478	0.00538982	-0.0287576	0.368998
-0.0665655	-0.0192804	-0.0358895	0.0274707	-0.284257	-0.187772	-0.00444906	0.126566	-0.0037435	0.447922
-0.128283	-0.0336738	-0.0381064	0.0013027	-0.450603	-0.120825	-0.00650125	0.242759	-0.0750284	0.608963
-0.115468	-0.10892	-0.0331892	0.051637	-0.453511	-0.0317583	-0.00742118	0.24965	-0.168311	0.617298
-0.0827462	-0.0955069	-0.0908504	0.0675618	-0.532898	0.129391	-0.00949505	0.19321	-0.0963398	0.517677
-0.0541489	-0.125077	-0.0466297	0.0262582	-0.551224	0.113403	-0.0112075	0.0669568	-0.0938512	0.675524
-0.109456	-0.19488	-0.0848639	0.0460223	-0.615663	0.0155263	-0.0157092	0.426958	-0.120189	0.652259
-0.153456	-0.155006	-0.0652697	0.00450023	-0.775559	-0.0163635	-0.013069	0.487243	-0.19676	0.883743
-0.118127	-0.0878535	-0.0863988	0.0227779	-0.66535	0.135891	-0.0107047	0.601398	-0.259613	0.467984
-0.083314	-0.0693115	-0.112948	0.145913	-0.598232	0.0274484	-0.00972161	0.359593	-0.174442	0.515019
-0.119009	-0.0451732	-0.134507	0.122555	-0.540497	-0.0490774	-0.00931714	0.365082	-0.0866879	0.496634
-0.0766406	-0.0640289	-0.0837092	0.0695511	-0.558563	-0.0981065	-0.00856649	0.339543	-0.0685137	0.549037
-0.0114717	-0.0368255	-0.0281387	0.0252734	-0.449885	-0.00261071	-0.0051178	0.231397	-0.0926366	0.370018
-0.0600272	-0.0129434	-0.0320846	-0.0126899	-0.230349	0.0666476	-0.00350237	0.00218869	-0.0430842	0.325845
-0.072402	-0.00666679	-0.0382061	-0.00972871	-0.11745	0.0638274	-0.00243351	0.00156278	-0.015006	0.196503
-0.0355662	-0.00109268	-0.0141003	0.00152615	-0.0656595	0.0289508	-0.000428374	0.0818628	-0.00368339	0.00819072
-0.00190281	-1.08217e-05	-7.59055e-05	-0.000332456	-0.00442357	0.000467384	-8.2666e-05	-0.00237756	-0.000317632	0.00905603
-6.00684e-06	-1.6265e-09	-6.53239e-07	-1.51333e-06	-0.00161659	-4.02344e-05	-1.66005e-06	-0.000166913	-1.29994e-05	0.00184657
-2.31475e-07	-1.85557e-08	-1.56773e-06	-3.02165e-07	-7.5815e-08	-1.03025e-07	-8.64826e-10	2.57977e-05	-7.23422e-07	-2.27741e-05
0.0	0.0	0.0	0.0	0.0	0.0	0.0	0.0	0.0	0.0
0.0	0.0	0.0	0.0	0.0	0.0	0.0	0.0	0.0	0.0
0.0	0.0	0.0	0.0	0.0	0.0	0.0	0.0	0.0	0.0
0.0	0.0	0.0	0.0	0.0	0.0	0.0	0.0	0.0	0.0
0.0	0.0	0.0	0.0	0.0	0.0	0.0	0.0	0.0	0.0
0.0	0.0	0.0	0.0	0.0	0.0	0.0	0.0	0.0	0.0
-3.34409e-06	-4.30381e-06	-2.18735e-06	-7.08675e-07	-1.24633e-06	-9.92256e-07	-7.39625e-08	0.000202953	-4.3821e-05	-0.000146276
-6.18426e-05	-1.11464e-05	-8.45274e-06	-2.70956e-06	-5.72845e-06	-1.77868e-05	-8.25061e-07	0.000842846	-0.000123218	-0.000611139
-9.51345e-05	-9.8726e-06	-3.37407e-05	-4.0957e-05	-0.00966509	-6.85525e-05	-2.63221e-06	-0.000758059	-0.000160489	0.0108345
-0.00018323	-2.26086e-05	-0.000128688	-0.000109063	-0.055173	-0.000642578	-3.93303e-05	-0.00713083	-0.000273993	0.0637034
-0.00051635	-4.82722e-05	-0.00019444	-0.00023081	-0.0568427	-0.00134301	-7.16243e-05	0.00971181	-0.000446174	0.0499816
-0.00114845	-4.83999e-05	-0.000298347	-0.00162477	-0.0259906	-0.000950203	-2.91098e-05	0.0113582	-0.000976852	0.0197086
-0.00119251	-0.00489532	-0.00670393	-0.00931792	-0.0599753	0.00393801	-6.62761e-05	0.0795251	-0.0179261	0.0166144
-0.00195824	-0.00171376	-0.00282754	-0.0051616	-0.0379084	0.0112873	-6.6972e-05	0.0227689	-0.00452468	0.0201052
-0.00403619	-0.0049764	-0.00110153	-0.00519584	-0.0494446	0.00713769	-0.000406887	0.0334948	-0.0108024	0.0353316
-0.00675525	-0.00491019	-0.00136904	-0.00696334	-0.0391452	-0.00325537	-0.000422145	0.173109	-0.00885916	-0.101429
-0.0101776	-0.00233747	-0.00105591	-0.00961624	-0.131568	-0.0131565	-0.000848246	0.142099	-0.00711306	0.0337747
-0.0103893	-0.000526802	-0.00117976	-0.00766277	-0.0655178	-0.00950917	-0.000777825	0.140974	-0.00657384	-0.0388364
-0.00599177	-0.00033406	-0.0010251	-0.00932905	-0.0386224	-0.00749828	-0.000550574	0.116938	-0.00357405	-0.0500126
-0.00453682	-0.0078065	-0.00148755	-0.00691369	-0.0351707	-0.00963048	-0.000525459	0.155212	-0.00361884	-0.0855221
-0.00470164	-0.02419	-0.000897044	-0.00427626	-0.0462022	-0.00680867	-0.000351083	0.188226	-0.00414147	-0.0966574
-0.00232113	-0.000367776	-0.000535539	-0.0031008	-0.0372228	-0.00796901	-0.000200056	0.13887	-0.00281667	-0.084336
-0.00449185	-9.37396e-05	-0.00670778	-0.0016219	-0.00703957	-0.0206515	-0.000190834	0.0461882	-0.00377434	-0.00161667
-0.0132866	-2.9949e-05	-0.00457349	-0.000474535	-0.00532215	-0.00896919	-8.32868e-05	0.0201203	-0.00188696	0.014506
-0.0396907	-5.1899e-05	-0.0145037	-0.000303721	-0.013106	-0.0065761	-0.000207805	0.0611176	-0.00158736	0.0149097
-0.00907069	-3.37926e-06	-0.000174324	-2.89618e-05	-0.00297702	-0.00148184	-2.06596e-05	0.0222591	-0.000331102	-0.00817111
0.0	0.0	0.0	0.0	0.0	0.0	0.0	0.0	0.0	0.0
0.0	0.0	0.0	0.0	0.0	0.0	0.0	0.0	0.0	0.0
0.0	0.0	0.0	0.0	0.0	0.0	0.0	0.0	0.0	0.0
0.0	0.0	0.0	0.0	0.0	0.0	0.0	0.0	0.0	0.0
