0.0	0.0	0.0	0.0	0.0	0.0	0.0	0.0	0.0	0.0
0.0	0.0	0.0	0.0	0.0	0.0	0.0	0.0	0.0	0.0
0.0	0.0	0.0	0.0	0.0	0.0	0.0	0.0	0.0	0.0
0.0	0.0	0.0	0.0	0.0	0.0	0.0	0.0	0.0	0.0
0.0	0.0	0.0	0.0	0.0	0.0	0.0	0.0	0.0	0.0
0.0	0.0	0.0	0.0	0.0	0.0	0.0	0.0	0.0	0.0
0.0	0.0	0.0	0.0	0.0	0.0	0.0	0.0	0.0	0.0
0.0	0.0	0.0	0.0	0.0	0.0	0.0	0.0	0.0	0.0
0.0	0.0	0.0	0.0	0.0	0.0	0.0	0.0	0.0	0.0
0.0	0.0	0.0	0.0	0.0	0.0	0.0	0.0	0.0	0.0
0.0	0.0	0.0	0.0	0.0	0.0	0.0	0.0	0.0	0.0
0.0	0.0	0.0	0.0	0.0	0.0	0.0	0.0	0.0	0.0
-3.86815e-06	-6.50917e-06	-0.000758397	-7.07475e-05	-0.00501987	-0.000104358	0.00690725	-6.91015e-06	-0.000169905	-0.000766686
-2.49019e-05	-1.54196e-05	-0.00127078	-0.000171708	-0.0111362	-0.000229398	0.0149772	-1.97544e-05	-0.000381988	-0.00172713
-1.82857e-05	-1.29835e-06	0.000433823	-1.86903e-05	-0.000160673	-9.90396e-07	-0.00016386	-5.14511e-06	-1.10764e-05	-5.38026e-05
-7.61902e-07	-5.40978e-08	1.80759e-05	-7.78761e-07	-6.69471e-06	-4.12665e-08	-6.82751e-06	-2.14379e-07	-4.61515e-07	-2.24177e-06
0.0	0.0	0.0	0.0	0.0	0.0	0.0	0.0	0.0	0.0
0.0	0.0	0.0	0.0	0.0	0.0	0.0	0.0	0.0	0.0
0.0	0.0	0.0	0.0	0.0	0.0	0.0	0.0	0.0	0.0
0.0	0.0	0.0	0.0	0.0	0.0	0.0	0.0	0.0	0.0
0.0	0.0	0.0	0.0	0.0	0.0	0.0	0.0	0.0	0.0
0.0	0.0	0.0	0.0	0.0	0.0	0.0	0.0	0.0	0.0
0.0	0.0	0.0	0.0	0.0	0.0	0.0	0.0	0.0	0.0
0.0	0.0	0.0	0.0	0.0	0.0	0.0	0.0	0.0	0.0
0.0	0.0	0.0	0.0	0.0	0.0	0.0	0.0	0.0	0.0
0.0	0.0	0.0	0.0	0.0	0.0	0.0	0.0	0.0	0.0
0.0	0.0	0.0	0.0	0.0	0.0	0.0	0.0	0.0	0.0
0.0	0.0	0.0	0.0	0.0	0.0	0.0	0.0	0.0	0.0
0.0	0.0	0.0	0.0	0.0	0.0	0.0	0.0	0.0	0.0
0.0	0.0	0.0	0.0	0.0	0.0	0.0	0.0	0.0	0.0
0.0	0.0	0.0	0.0	0.0	0.0	0.0	0.0	0.0	0.0
0.0	0.0	0.0	0.0	0.0	0.0	0.0	0.0	0.0	0.0
-5.25303e-09	-3.51844e-08	-1.25711e-05	-1.01105e-08	-5.35725e-05	-1.12745e-07	6.87176e-05	-8.80561e-08	-7.65832e-07	-1.55691e-06
-1.1422e-07	-1.03786e-07	-3.95243e-05	-4.42247e-08	-0.000562371	-3.39118e-07	0.000611002	-9.02766e-07	-2.27482e-06	-5.32722e-06
-1.98307e-05	-1.07687e-07	-0.000471089	-7.94324e-06	-0.049935	-1.89647e-05	0.0506849	-6.44104e-05	-5.29651e-06	-0.000162343
-4.10352e-05	-8.05217e-05	-0.00116079	-1.89667e-05	-0.110739	-3.5468e-05	0.113085	-0.000537257	-6.74315e-05	-0.000404157
-6.23534e-05	-0.00387684	-0.00234063	-0.000208224	-0.114479	-0.000111833	0.126059	-0.00309106	-0.000966655	-0.000921962
-0.000221266	-0.00315349	-0.00491549	-0.000211196	-0.0465262	-0.000208505	0.0585679	-0.00161875	-0.00100881	-0.000704153
-0.00292455	-0.00186929	-0.00857077	-0.000220005	-0.0540248	-0.000889726	0.0729919	-0.000996956	-0.000929567	-0.0025662
0.0317579	-0.000756515	-0.0319211	-0.000401036	-0.0985268	-0.00102459	0.123115	-0.00874542	-0.00157154	-0.011926
0.0676081	-0.000725799	-0.035536	-0.00164196	-0.194706	-0.00794374	0.221669	-0.0248869	-0.00165031	-0.0221861
0.0283056	-0.000557129	-0.020657	-0.00102826	-0.0927279	-0.00736878	0.112151	-0.00669703	-0.00208764	-0.00933327
-0.00139043	0.022348	0.0101556	-0.00708863	-0.0216055	-0.00340152	0.00829938	-0.000404495	-0.00392272	-0.00298952
0.0261323	0.0334711	0.0413286	-0.00922014	-0.124082	-0.00424974	0.0536878	-0.00101809	-0.00303117	-0.0130188
0.0749676	-0.011621	0.0943908	-0.00277255	-0.134768	-0.00460934	0.0216547	-0.0021064	-0.00399482	-0.0311405
0.0353417	-0.00571735	0.0153332	-0.00101626	-0.0529915	-0.00272706	0.0338109	-0.000964151	-0.00355451	-0.0175149
-0.00146993	-0.000360956	-0.0267697	-0.000240344	-0.0196157	-0.00378227	0.0565532	-0.000161504	-0.00193961	-0.00221308
-0.000757581	-7.39678e-05	-0.0191171	-0.0001566	-0.0382823	-0.00361809	0.0653585	-0.000222089	-0.0014499	-0.00168086
-0.000343741	-9.68268e-05	-0.00754581	-0.000159402	-0.0313144	-0.00188152	0.0438786	-0.000109168	-0.000865481	-0.00156229
-0.000141812	-0.000227676	-0.00373878	-7.1043e-05	-0.0319603	-0.000368607	0.038024	-9.09108e-06	-0.000997714	-0.000508962
-1.93198e-05	-1.97157e-05	-0.000412239	-5.59211e-06	-0.045546	-1.48516e-05	0.0464716	-2.45145e-05	-0.000138511	-0.000290829
-2.31101e-06	-1.46972e-06	-0.000198406	-6.9695e-07	-0.0183868	-1.38584e-05	0.0188519	-3.38904e-05	-5.66638e-05	-0.000157751
0.0	0.0	0.0	0.0	0.0	0.0	0.0	0.0	0.0	0.0
0.0	0.0	0.0	0.0	0.0	0.0	0.0	0.0	0.0	0.0
0.0	0.0	0.0	0.0	0.0	0.0	0.0	0.0	0.0	0.0
0.0	0.0	0.0	0.0	0.0	0.0	0.0	0.0	0.0	0.0
0.0	0.0	0.0	0.0	0.0	0.0	0.0	0.0	0.0	0.0
0.0	0.0	0.0	0.0	0.0	0.0	0.0	0.0	0.0	0.0
-4.25496e-08	-6.17075e-10	-6.07937e-07	-2.72711e-09	-5.9823e-06	-9.2108e-07	9.52412e-06	-8.45238e-12	-1.5508e-06	-4.15966e-07
0.00477494	-4.6038e-10	-2.89705e-05	-1.03642e-06	-0.00447706	-0.000137705	0.000438742	-0.000268187	-9.13994e-06	-0.000291581
0.00177509	-2.28028e-06	-0.000854746	-1.27709e-06	-0.0019713	-1.58104e-05	0.00131211	-9.38616e-05	-3.74773e-05	-0.00011045
-0.000439676	-1.05128e-05	9.39383e-05	-0.000364192	-0.00163584	-6.91974e-06	0.00240157	-3.42404e-06	-2.52513e-05	-9.69308e-06
-0.0306536	-5.8393e-05	-0.00118509	-0.00199156	-0.0521256	-5.57617e-05	0.0868947	-0.000457406	-0.000181243	-0.000185958
-0.0356496	-0.00218694	-0.00712733	-0.00367047	-0.163925	-0.000967245	0.217476	-0.00205635	-0.000947863	-0.000945035
-0.0263099	-0.0396104	0.0343993	-0.0146304	-0.208429	-0.00433225	0.269002	-0.00504508	-0.00318083	-0.00186299
-0.0279714	-0.0785348	0.149817	-0.0245951	-0.170334	-0.0170016	0.191331	-0.00667877	-0.0118809	-0.00415135
-0.0258454	-0.0537885	0.094786	-0.00867539	-0.29343	-0.0596396	0.402784	-0.0157658	-0.0251748	-0.0152485
-0.0471032	-0.0670716	0.157427	0.0437236	-0.307856	-0.118652	0.452376	-0.0385846	-0.0477853	-0.02647
-0.0503969	0.0111838	0.0847973	0.0625631	-0.410481	-0.117051	0.551913	-0.0390546	-0.0518467	-0.0416239
-0.0790198	0.186857	0.00776539	0.00703073	-0.278901	-0.121259	0.404925	-0.017826	-0.0709191	-0.038648
-0.139385	0.152481	0.0853759	-0.00215759	-0.163548	-0.13569	0.327406	-0.021427	-0.068535	-0.0345157
-0.164386	0.314478	0.179867	-0.0658949	-0.247381	-0.0815166	0.206696	-0.0265227	-0.0769557	-0.0383784
-0.126654	0.213604	0.14335	-0.0513046	-0.307077	0.0124777	0.265307	-0.013596	-0.0876455	-0.0484564
-0.108583	0.0647705	-0.00544926	-0.0539573	-0.148281	0.092367	0.262319	-0.0083642	-0.0635959	-0.0312233
-0.0676467	-0.0106768	-0.0315992	-0.0809619	-0.128975	0.086341	0.265359	-0.00411076	-0.00629743	-0.0214306
-0.0487071	0.036486	-0.106673	-0.0389806	-0.0910366	0.0130336	0.30606	-0.00223684	-0.0522457	-0.0156974
-0.0352321	-0.00632621	-0.0334389	-0.0124998	-0.0742837	-0.0660112	0.254761	-0.00118957	-0.019038	-0.0067416
-0.0177102	-0.0103152	-0.032195	-0.013484	-0.0679893	-0.0764399	0.247393	-0.00100636	-0.0186935	-0.00955962
-0.0087992	-0.00379307	-0.0394142	-0.00973649	-0.0698694	-0.0432389	0.192615	-0.000692676	-0.0126721	-0.00439899
-0.00446318	-0.00196197	-0.00816603	-0.00241936	-0.0438069	-0.0346693	0.100703	-7.96396e-05	-0.00473392	-0.000402338
-0.000644888	-0.000587519	0.0450224	-0.000205538	-0.00442689	-0.012027	-0.0246488	-3.21825e-05	-0.00241291	-3.67285e-05
-9.27947e-06	-2.62033e-05	0.03138	-1.03518e-06	-0.000516969	-0.00103266	-0.0288767	-2.68792e-08	-0.000915469	-1.6546e-06
0.0	0.0	0.0	0.0	0.0	0.0	0.0	0.0	0.0	0.0
0.0	0.0	0.0	0.0	0.0	0.0	0.0	0.0	0.0	0.0
0.0	0.0	0.0	0.0	0.0	0.0	0.0	0.0	0.0	0.0
0.0	0.0	0.0	0.0	0.0	0.0	0.0	0.0	0.0	0.0
-9.51019e-08	0.00110354	-0.000140178	-5.49416e-05	-1.32005e-05	-9.79412e-06	-0.000589119	-1.06603e-08	-0.000295145	-1.05653e-06
0.0115425	0.000262627	-0.000247342	-4.11021e-05	-0.0144524	0.000186678	0.0050655	-0.000783686	-0.000544937	-0.000987843
-0.00807829	-8.59163e-05	-0.00519703	-0.00548529	-0.00614186	0.0177311	0.00905799	-0.00117526	-0.00026593	-0.000359474
-0.078376	-0.00496344	-0.00357514	0.127948	-0.00824684	-0.0572829	0.0323609	-0.00198642	-0.00489769	-0.00098048
-0.113737	-0.0031506	0.00130367	0.0970965	-0.0973305	-0.0367919	0.166729	-0.00304433	-0.00950438	-0.00157021
-0.124918	-0.0283928	0.0624052	0.143425	-0.158031	-0.051395	0.205887	-0.0163711	-0.0288907	-0.00371702
-0.0229718	-0.0846269	0.169711	0.183473	-0.31208	-0.0629491	0.228648	-0.0525124	-0.034244	-0.0124447
-0.0623166	-0.129645	0.480005	0.0783174	-0.420857	-0.0855917	0.255938	-0.0619944	-0.0226976	-0.031152
-0.032815	-0.207037	0.401929	0.200429	-0.402586	-0.0533426	0.307187	-0.116337	-0.0409863	-0.0564332
0.0454582	-0.334234	0.475075	0.462306	-0.475265	-0.148737	0.350229	-0.17921	-0.109485	-0.0861303
0.0199346	-0.145399	0.40833	0.546896	-0.692304	-0.0450006	0.265797	-0.131271	-0.110608	-0.116369
0.181997	-0.0663392	0.543939	0.300028	-0.82471	-0.0760885	0.307391	-0.125209	-0.0758171	-0.165187
0.171261	-0.147553	0.311536	0.570407	-0.580045	-0.0440956	0.251298	-0.126875	-0.203559	-0.202375
0.0946293	0.0506424	0.222317	0.434488	-0.549483	0.0985119	0.198894	-0.119444	-0.193409	-0.237146
0.110249	0.164985	0.32851	0.303735	-0.477905	-0.0386192	0.021209	-0.0909453	-0.12566	-0.195554
-0.0074812	-0.0699584	0.213508	0.252932	-0.309322	0.101759	-0.000815996	-0.0585734	-0.000789789	-0.121257
-0.17927	-0.242868	-0.134489	0.346559	-0.256499	0.247518	0.201181	-0.0495052	0.0988234	-0.0314498
-0.209973	-0.149599	-0.15951	0.299457	-0.0658503	0.229646	0.257659	-0.0272433	-0.125709	-0.0488747
-0.123137	-0.190106	-0.257912	0.354232	0.00865031	0.314632	0.0462979	-0.0271518	-0.0820818	-0.0434177
-0.14978	-0.16976	-0.179029	-0.0761123	0.00945722	0.30865	0.231225	-0.0155869	0.0654468	-0.0245047
-0.110715	-0.134453	-0.170495	-0.171593	0.0317989	0.142118	0.320049	-0.00410838	0.104208	-0.00680683
-0.0520601	-0.0959974	-0.144395	-0.0997446	0.0287988	-0.0643119	0.328172	-0.00121787	0.103381	-0.00262407
-0.0187382	-0.0798934	-0.0111611	-0.0304758	-0.0122975	-0.0278109	0.164166	-0.000468598	0.0173113	-0.000631789
-0.00211597	-0.0241049	0.0257381	-0.000381824	-0.000615993	0.0670277	-0.0702537	-5.83373e-06	0.00475256	-4.0253e-05
-0.00139208	-0.0314504	-0.000473252	-2.12177e-05	-0.00023211	0.01234	0.0245672	-1.67091e-07	-0.0033351	-2.97552e-06
0.0	0.0	0.0	0.0	0.0	0.0	0.0	0.0	0.0	0.0
0.0	0.0	0.0	0.0	0.0	0.0	0.0	0.0	0.0	0.0
-2.60776e-08	-1.93037e-08	-2.31891e-05	3.66611e-05	-1.66777e-07	-1.20191e-05	-2.49673e-08	-1.42605e-08	-1.18642e-06	-1.52446e-08
-3.61244e-05	0.00377914	-0.0011586	0.00164542	-4.85439e-06	-0.00158156	-0.00211527	-6.2892e-08	-0.000525729	-2.37376e-06
-0.000471122	0.000430951	-0.00899275	0.024115	-0.00181398	-0.00838672	-0.0041864	0.000668124	-0.0011111	-0.000251992
-0.011011	0.00804812	-0.0582574	0.0746366	0.0231091	-0.0510536	0.0247851	-0.00320152	-0.00639666	-0.000658529
-0.114804	0.0576138	0.0206644	0.306325	0.0272741	-0.223701	0.017016	-0.0379762	-0.044381	-0.00802872
-0.12446	0.0468266	0.197107	0.325115	-0.0729543	-0.241691	0.00337547	-0.0458392	-0.0768586	-0.0106171
-0.0279711	-0.0280422	0.119185	0.349096	-0.087867	-0.156259	0.0135615	-0.0840799	-0.0644649	-0.033154
0.0211232	-0.0328153	0.208197	0.481203	-0.27525	-0.360436	0.132165	-0.131037	0.037613	-0.0807546
0.13905	-0.0673401	0.423209	0.390576	-0.365519	-0.28074	-0.010621	-0.239643	0.178382	-0.167347
0.122505	-0.109667	0.335974	0.515929	-0.501704	-0.0343161	0.0180129	-0.351569	0.208261	-0.203421
0.223539	-0.299396	0.405315	0.586548	-0.465139	0.159134	-0.112723	-0.392354	0.194329	-0.299251
-0.0114943	-0.138389	0.368447	0.454038	-0.326508	0.0523292	-0.120521	-0.330071	0.429133	-0.376961
0.0663263	0.233876	0.185081	0.495501	-0.119332	-0.266988	-0.0592963	-0.333092	0.128713	-0.330793
-0.0598021	0.192919	0.353074	0.342631	-0.324854	-0.0155622	-0.0741622	-0.398341	0.421623	-0.437527
0.0935705	-0.0268756	0.172751	0.365589	-0.448963	0.404165	-0.147052	-0.375061	0.426485	-0.46461
-0.101089	0.0602533	0.143637	0.44625	-0.171138	0.112209	0.0319935	-0.358128	0.345892	-0.509881
0.0943182	-0.0775682	0.0922663	0.152052	-0.0854538	0.167887	0.112759	-0.312398	0.195266	-0.339129
-0.0397676	-0.273668	0.0446046	0.347115	-0.101884	0.42784	-0.0250381	-0.251567	0.142398	-0.270032
-0.113823	0.113102	-0.152513	0.105891	0.202648	0.17742	0.0181651	-0.160993	0.112729	-0.302628
-0.0943258	0.0800767	-0.139115	0.00808506	0.32702	-0.233785	0.0920892	-0.118363	0.274318	-0.196
-0.125131	-0.000444469	-0.350221	-0.14189	0.322342	0.26993	0.191999	-0.0348285	0.0789948	-0.210749
-0.0880981	-0.110642	-0.4341	-0.101952	0.367653	0.128457	0.322828	-0.0497575	0.0809651	-0.11535
-0.173656	-0.155337	-0.368506	-0.292121	0.363024	0.375404	0.305461	-0.0227748	0.00714861	-0.0386363
-0.206986	-0.30688	-0.186258	-0.0435532	0.234378	0.476635	-0.0933474	-0.006291	0.142809	-0.0105019
-0.0568995	-0.152865	-0.00698893	-0.00429594	0.00534992	0.180252	-0.0784527	-0.00137053	0.118296	-0.00302444
-0.00634301	-0.019478	-0.00594081	-0.000113978	-0.0267761	0.0284224	-0.0110126	-0.000347927	0.0430441	-0.00145401
-0.000118492	-0.0107237	-0.00529589	-2.71318e-05	-0.00422196	-0.00458393	0.0200334	-2.22701e-05	0.00514322	-0.000183286
0.0	0.0	0.0	0.0	0.0	0.0	0.0	0.0	0.0	0.0
0.0	0.0	0.0	0.0	0.0	0.0	0.0	0.0	0.0	0.0
-0.000364242	0.000430344	0.000548568	0.00245069	-0.000102709	-0.0026625	6.65086e-05	-6.87154e-06	-0.000357132	-2.66547e-06
-0.00487922	0.00903175	-0.00673033	0.113725	0.00174148	-0.0493409	-0.0451663	-0.00195185	-0.0120477	-0.00438208
-0.0317031	0.0230311	0.00495422	0.242074	0.0179345	-0.20765	0.0368886	-0.0259878	-0.0457829	-0.0137561
-0.156349	0.1552	0.0171521	0.467316	0.0538594	-0.267804	-0.183118	0.116972	-0.159957	-0.043264
-0.0221102	0.0846304	0.0229725	0.45773	-0.0266834	-0.321335	-0.114703	0.148582	-0.129577	-0.0995023
-0.0175604	-0.139603	0.100133	0.320435	-0.0679031	-0.0789835	-0.138568	0.148691	0.0175269	-0.144165
0.0676516	-0.342832	0.216442	0.140304	-0.0695741	-0.157805	0.100488	0.223777	0.00149478	-0.179945
0.0808335	-0.385135	0.0538162	0.180355	-0.00327233	0.102283	-0.0331459	0.137571	0.115819	-0.249127
0.279468	-0.253704	0.15477	0.14168	-0.201239	0.196331	0.0801059	-0.135676	-0.153496	-0.10824
0.164086	-0.357872	0.253085	0.170012	-0.113498	0.0814073	-0.483187	-0.213654	0.263186	0.236433
-0.0485549	-0.266959	0.160393	0.134489	-0.013861	-0.0191725	-0.289634	-0.0590598	0.252383	0.149977
0.181674	-0.0441335	0.110282	0.147312	-0.306661	-0.0476183	-0.357954	-0.0741419	0.139273	0.251966
0.214689	-0.00928759	0.111372	0.0371212	-0.0203032	-0.125687	0.00913655	-0.292943	0.248861	-0.172959
0.143736	0.19303	0.15202	0.205248	-0.0130102	-0.147544	-0.251172	-0.39726	0.111426	0.00352447
0.0908735	-0.182381	0.326464	0.387236	0.0644661	0.0839603	-0.20539	-0.312195	0.171201	-0.424234
0.32285	-0.263986	0.141397	-0.0666334	-0.106461	0.171113	0.0110301	-0.384777	0.457649	-0.282178
0.356432	-0.0420831	0.114463	0.0388405	0.0947125	0.130968	0.153246	-0.413268	-0.200639	-0.232671
0.0301136	0.00267961	0.00140498	0.196363	0.184711	-0.00672021	0.206997	-0.565096	0.139231	-0.189686
-0.149598	0.134746	0.0729931	0.0197764	0.0486638	0.332754	0.0713594	-0.561606	0.234229	-0.203318
-0.00570933	0.337257	0.0680701	-0.128553	0.0504806	0.116245	0.104617	-0.334647	0.0671341	-0.274895
0.0225917	0.295518	-0.11355	-0.0960372	0.24202	0.303061	-0.0180887	-0.230293	-0.0352448	-0.369972
-0.247722	0.120899	-0.290985	-0.274283	0.480379	0.38396	0.332012	-0.118134	-0.150672	-0.235452
-0.314279	-0.0240779	-0.276839	-0.0961194	0.113063	0.503369	0.114999	-0.0338582	0.109594	-0.0958476
-0.132879	-0.193589	-0.0622754	-0.0245856	-0.0716106	0.345968	-0.0690605	-0.0107021	0.250599	-0.0318603
-0.0387736	-0.0413243	-0.0214933	-0.00211484	-0.0395263	0.0827468	0.0440798	-0.00456284	0.0252839	-0.00431507
-0.0147342	-0.0139717	-0.0077762	-0.000108639	-0.000427712	0.00998486	0.0299917	-0.000167713	-0.00275377	-3.67009e-05
0.0	0.0	0.0	0.0	0.0	0.0	0.0	0.0	0.0	0.0
-5.26366e-06	-1.66614e-06	-6.45577e-05	0.000733807	-1.92864e-06	-5.91578e-05	-2.86441e-07	-1.4962e-05	-7.00049e-05	-0.00051598
-0.00173788	-0.0254967	-0.00782972	0.00487763	-0.00292152	0.0041056	-0.00162601	0.0393268	-0.0046078	-0.00409035
-0.00380992	0.00339576	0.00810013	0.150803	-0.043259	-0.162083	-0.0462575	0.166916	-0.0424834	-0.0313213
-0.0496101	0.0177083	0.126624	0.182604	0.0268255	-0.237261	0.0371977	0.104977	-0.10819	-0.100871
-0.0226931	-0.0215041	0.0737609	0.235477	0.201294	-0.147679	-0.128477	0.233034	-0.130132	-0.293073
0.0304664	-0.0977803	0.159105	0.282508	0.115762	-0.0810019	-0.289153	0.363606	-0.184439	-0.299066
0.0548818	-0.25263	0.118613	0.0698524	0.0638858	0.0500645	-0.0651085	0.351933	-0.0660251	-0.325466
-0.00594071	-0.373948	0.0451768	0.233927	-0.0481139	-0.0264386	-0.0632908	0.400738	0.0175023	-0.179612
-0.278277	-0.478214	0.259937	0.371214	0.102727	-0.106921	-0.189162	0.216639	0.0679949	0.0340625
0.000283678	-0.197577	0.276551	0.388136	-0.171177	-0.0615962	-0.361389	0.285811	-0.125744	-0.0332965
-0.0441163	-0.0515228	-0.0353636	0.186043	-0.3033	-0.0960624	-0.316395	0.419073	0.00438798	0.237255
-0.248457	-0.235904	0.0833325	0.011414	-0.185877	-0.00258161	-0.189508	0.280893	0.35681	0.12988
0.290218	-0.294019	0.0327216	0.405666	-0.379125	-0.0683014	-0.431863	-0.0310849	0.0453486	0.430441
0.213181	-0.218825	0.00179483	0.129945	-0.434607	0.185329	-0.29129	0.00222775	0.0313518	0.380893
-0.0476388	-0.298906	0.123711	0.123577	-0.491447	-0.0496885	-0.0934151	0.119323	0.366354	0.248133
0.0572219	-0.23784	0.191875	0.243817	-0.420605	-0.129513	-0.247691	0.0624636	0.0564536	0.423819
0.156074	-0.40519	-0.0136631	-0.0227537	-0.226269	-0.0024162	-0.189749	0.146555	0.192375	0.365037
0.320868	-0.106747	-0.0345167	0.357463	-0.419807	0.0774432	-0.408236	0.0632624	-0.212991	0.363261
0.0090608	-0.24053	-0.106542	-0.126732	-0.0678049	0.281823	-0.20328	-0.0329852	0.425652	0.0613398
0.0685073	0.0535319	-0.170424	0.0913058	-0.208732	0.172338	-0.0755293	-0.0788672	0.059522	0.0883487
0.322484	0.0830517	-0.0740334	0.0859414	-0.108762	-0.0859201	-0.0876241	-0.00421227	-0.0595987	-0.0713248
0.404539	0.100881	-0.160298	-0.107452	0.198417	0.179147	-0.0707055	-0.156767	-0.10166	-0.286101
-0.00353495	0.114802	-0.479043	-0.164478	0.491851	0.243903	0.0890018	-0.245985	0.258108	-0.304627
-0.445149	0.0064669	-0.291582	-0.0709949	0.110768	0.81367	0.0764922	-0.105021	0.111952	-0.206599
-0.322558	-0.139215	-0.0730404	-0.0538463	-0.0391714	0.482785	-0.0339096	-0.0468982	0.292705	-0.0668474
-0.148918	-0.0210919	-0.0124832	-0.00558478	0.0621895	0.17105	-0.0524247	-0.0135652	0.0462439	-0.0254141
-0.0402984	-0.000319766	-0.000557411	-0.000400246	-0.0020519	0.0559354	-0.00325372	-0.000731938	-0.00756518	-0.00075684
0.0	0.0	0.0	0.0	0.0	0.0	0.0	0.0	0.0	0.0
-0.000351308	-0.00223854	-0.0021605	0.0204761	-0.00109085	-0.0021356	-8.49408e-05	0.0066647	-0.00497863	-0.0141004
-0.000678786	-0.0438323	0.0346425	-0.0272017	-0.00446499	-0.0207078	-0.00701134	0.0942037	-0.00829767	-0.0166516
-0.00576324	-0.0175229	0.0645583	0.0603158	-0.0167275	-0.175956	-0.0558357	0.291684	-0.0465664	-0.098184
-0.0894135	0.000290902	0.326432	0.345831	0.108185	-0.529717	0.0316422	0.126133	-0.049364	-0.270011
-0.00840161	-0.153988	0.183933	0.481581	0.337202	-0.292074	-0.0783482	0.0481749	-0.0279931	-0.490078
0.0848523	-0.255911	0.3421	0.193624	0.133003	-0.0257956	-0.348909	0.287045	-0.103801	-0.306204
-0.0107116	-0.273849	-0.0920798	0.0888304	0.150245	0.16402	0.00281683	0.293696	-0.00881068	-0.314158
-0.217217	-0.527095	0.184499	0.118577	-0.00909309	0.242054	-0.0831621	0.130621	0.20157	-0.0407542
0.0584056	-0.311022	-0.0282901	0.0739816	0.044589	0.0419923	-0.143198	0.265606	-0.0345857	0.032522
0.0493146	-0.0830552	-0.141095	-0.0301873	-0.23151	0.267037	-0.241685	0.359643	0.106106	-0.0545662
0.114036	-0.24961	0.109813	-0.0230374	-0.121431	0.142898	-0.085294	0.262915	-0.210862	0.0605726
-0.0225278	-0.012944	-0.0589889	0.168604	-0.494909	0.0674057	-0.173701	0.254432	-0.144139	0.416769
0.166681	-0.224599	0.322034	-0.0252912	-0.327657	-0.242389	-0.350418	0.199565	-0.0313242	0.513403
0.0523157	-0.101982	0.0916535	0.335839	-0.435287	0.208497	-0.0648391	-0.0914043	-0.418072	0.423282
-0.0934168	-0.449451	-0.06315	0.281177	-0.338259	-0.244895	-0.0868702	0.151195	0.325502	0.518171
-0.0558413	-0.222428	0.0787883	0.00413108	-0.42392	0.134433	-0.360396	0.241661	0.0564106	0.54716
0.287479	-0.239748	-0.289319	0.181516	-0.0984379	0.0637659	-0.234221	0.28344	-0.217767	0.263294
0.296559	-0.330234	-0.034647	-0.149572	-0.272186	0.0902376	-0.333391	0.390403	0.178026	0.164803
0.15101	-0.0861996	-0.109743	0.137486	-0.0457417	0.0454854	-0.310324	0.194886	-0.0901932	0.113333
-0.0345893	0.0754377	-0.222945	0.0347831	-0.0684029	0.0741832	-0.311877	0.373232	-0.0803543	0.160532
-0.00709035	-0.0672259	-0.00518352	-0.254673	-0.0516516	0.195533	-0.19743	0.198652	0.163868	0.0252009
0.0647467	-0.0857538	0.203728	-0.24628	0.169775	0.222401	-0.302525	0.139737	-0.00635374	-0.159475
0.231637	-0.124304	-0.578922	-0.265918	0.400041	0.33048	-0.169961	0.0132475	0.361387	-0.197688
-0.152654	-0.373971	-0.450977	-0.203781	0.179253	0.731261	0.106365	-0.0574854	0.446112	-0.224116
-0.362993	-0.224758	-0.0924999	-0.068419	0.014713	0.854167	-0.111108	-0.0716304	0.166624	-0.104094
-0.171735	-0.00866305	-0.0178353	-0.00465974	0.0917594	0.154951	-0.0486595	-0.0131639	0.0624192	-0.0444123
-0.0118959	-0.00428378	-0.00154906	-0.000341809	-0.00286489	0.0260336	-0.011696	-0.00050573	0.00827592	-0.00117238
0.0175283	-2.89837e-07	-0.000269923	-8.22428e-07	-0.000658271	-5.79327e-06	-7.76179e-06	-0.0110178	-2.52965e-05	-0.00554233
-0.000373819	-0.00187334	0.00152095	-0.00926511	-0.0152765	-0.00158468	-0.000257536	0.0743014	-0.00509352	-0.0420978
0.00271542	-0.0282194	0.0128249	-0.0233732	0.0198823	-0.0236901	-0.00650104	0.138296	-0.0123636	-0.0795711
0.0125631	-0.0045013	0.037665	0.0855912	0.00305311	-0.184336	-0.0485197	0.380785	-0.00684298	-0.275454
-0.122398	-0.0305236	0.361813	0.401472	0.0659121	-0.698433	0.0350673	0.304713	0.0391398	-0.356747
-0.0614765	-0.0976218	0.0760533	0.195546	0.265415	-0.330215	-0.135056	0.26054	0.131581	-0.304759
-0.0422421	-0.237488	0.000871151	0.0362217	0.0549668	-0.0402569	-0.277678	0.260848	0.237016	0.00774272
-0.0739516	-0.175048	-0.00550886	0.0667756	0.0995121	-0.210369	-0.187818	0.583673	0.222159	-0.319428
0.00465366	-0.451574	0.0623376	-0.0674611	-0.13831	0.126404	-0.19098	0.318886	0.00814724	0.327897
0.287164	-0.475812	-0.102255	-0.121265	0.143987	0.0779595	-0.104736	0.192245	0.195906	-0.0931916
0.000244545	-0.215363	0.263062	0.0666987	-0.193791	0.12238	-0.206992	0.0550893	0.152847	-0.0441737
-0.0406913	-0.297718	0.0857111	0.0383893	0.00779086	0.107785	-0.164302	0.356259	-0.00875295	-0.0844691
0.237093	-0.0332206	-0.118979	0.119201	-0.248302	-0.0525464	-0.220345	0.410971	0.257624	-0.351492
-0.0168785	0.0595285	-0.0740553	0.0831177	-0.329909	-0.0770636	-0.20611	-0.00311531	0.342883	0.221603
0.226978	-0.00788385	0.0295211	0.198089	-0.429471	-0.0873977	-0.42526	0.277194	-0.199695	0.417928
0.285068	0.00274064	-0.0134527	0.174741	-0.250935	-0.225727	-0.493981	0.376946	-0.0485715	0.193174
0.611464	-0.342352	-0.112545	0.0815939	-0.525598	-0.0202557	-0.429728	0.300987	0.215398	0.221039
0.293658	0.134771	-0.023121	0.0695173	-0.221665	-0.0164728	-0.336805	0.175903	-0.0630043	-0.0127791
0.118947	-0.234244	-0.269891	0.353349	0.0211996	-0.102212	-0.636378	0.462468	0.161618	0.125143
0.0147315	-0.100136	0.217543	0.130897	-0.137308	0.0917592	-0.51896	0.117763	0.216631	-0.0329199
0.229632	-0.268326	0.0511313	0.107711	-0.0903416	0.269794	-0.377554	0.27144	0.0597534	-0.25324
0.100037	-0.277974	-0.134135	0.0675694	-0.0195866	0.148277	-0.27188	-0.043906	0.18026	0.251336
0.200954	-0.269992	-0.0466854	0.363612	-0.196249	0.0190328	-0.467857	0.25712	0.123926	0.0161363
0.460844	-0.503875	-0.00695391	-0.557192	0.160706	0.676143	-0.509201	0.141323	0.308199	-0.169991
0.10561	-0.553064	-0.502488	-0.448001	0.11657	1.17942	-0.324784	-0.123624	0.686147	-0.135783
-0.38001	-0.250893	-0.176838	-0.0948799	0.134278	0.926296	-0.239341	-0.125964	0.324413	-0.117053
-0.148035	-0.0190471	-0.0260307	-0.00659002	-0.0605092	0.261347	-0.135668	-0.0193065	0.196494	-0.0426543
-0.00872721	-0.00320563	-0.00310213	-0.000106539	-0.00249166	0.0079164	-0.0135423	-0.0046467	0.0298416	-0.00193582
-4.23992e-06	-3.45614e-05	-1.26247e-05	-0.000177213	-0.000751796	-8.57665e-05	-3.32567e-06	0.00275481	-2.63033e-05	-0.00165898
-0.000491033	-9.13776e-05	-0.00124093	-0.0080083	-0.0150882	-0.00161681	-0.00013637	0.0858677	-0.00366128	-0.0555334
0.00885265	-0.0183645	-0.033329	0.0491425	0.0108898	-0.010749	-0.0115201	0.150779	-0.0313069	-0.114394
0.0418807	-0.0108362	0.0640806	0.209596	-0.147387	-0.203316	-0.0596594	0.415449	-0.0408077	-0.268994
-0.0666293	-0.101809	0.236085	0.596888	-0.236219	-0.54032	0.0701935	0.407764	0.0363686	-0.402311
-0.0412906	-0.273677	0.414751	0.164413	-0.0324581	-0.315523	-0.247651	0.254994	0.0968625	-0.0204171
-0.121582	-0.267187	-0.109759	0.121581	-0.0924476	-0.0514476	-0.255727	0.257251	0.229235	0.290085
-0.152762	-0.132199	-0.119217	0.219756	-0.0653073	-0.00172341	-0.045689	0.185506	0.102342	0.00929191
-0.119607	-0.23931	-0.0892048	0.151564	-0.0134377	0.123772	-0.189628	0.13948	0.156302	0.0800699
0.091089	-0.401705	0.106493	0.0547426	0.000924901	-0.083732	-0.209328	0.245364	0.235749	-0.0395941
0.200458	-0.189916	0.241756	-0.10818	-0.287246	0.180809	-0.351524	-0.0425833	0.0926527	0.263775
-0.0754188	-0.102355	-0.0592271	-0.333618	-0.0642067	0.341477	-0.128868	0.176318	0.110117	0.135783
0.00473487	-0.119865	0.0225272	-0.206828	-0.154064	0.207989	-0.218206	0.518386	-0.138629	0.0839563
0.331987	0.0789369	0.00400793	-0.169124	-0.134957	-0.0809601	-0.442653	0.256546	0.0676049	0.0886129
-0.0238644	0.173499	0.11718	0.280983	-0.648029	-0.244875	-0.191293	0.594618	-0.228997	0.170782
-0.271092	0.537862	0.240809	0.478722	-0.355181	-0.450659	-0.420715	0.389498	-0.50193	0.352695
0.181681	0.171549	0.24464	0.321822	-0.0351776	-0.442375	-0.580904	0.278054	-0.0957694	-0.0435177
0.355142	-0.00314656	-0.0917342	0.119733	-0.118415	-0.178571	-0.753881	0.584457	0.0819839	0.0044352
0.285485	-0.140549	0.0148616	0.0238045	0.128729	-0.0280383	-0.618805	0.25268	-0.0454582	0.127293
0.365252	-0.257504	-0.0592711	0.220073	-0.108291	-0.0640735	-0.572516	0.325839	0.0482902	0.102203
0.275959	-0.402376	-0.0632208	0.291259	0.0631679	0.0220274	-0.348028	-0.000802757	0.0650877	0.0969293
-0.161281	-0.310719	-0.175708	0.142472	0.0626041	0.384697	-0.1589	0.301784	0.150204	-0.235154
-0.132034	-0.406189	0.0518877	0.439202	-0.000845938	0.25181	-0.527006	0.226271	0.102826	-0.00592263
0.522087	-0.513357	-0.0793876	-0.230518	0.0734928	0.582292	-0.402196	-0.0225809	0.33143	-0.261259
0.379924	-0.353486	-0.502902	-0.443334	-0.257505	1.41434	-0.379403	-0.0707161	0.432182	-0.219085
-0.349909	-0.181132	-0.133819	-0.0636041	-0.206155	1.18746	-0.388302	-0.0379819	0.330648	-0.157199
-0.135061	-0.0224991	-0.00587451	-0.0137751	-0.08494	0.271296	-0.174052	0.0165022	0.213986	-0.0655815
-0.00160345	-0.00310921	-0.0014421	-0.000511337	-0.00808902	0.0160353	-0.0079918	0.0616	-0.050535	-0.00435336
-6.15836e-06	-4.02529e-05	-2.60114e-05	-0.000298414	-0.000876879	-0.00010774	-3.92052e-06	0.00366967	-3.61536e-05	-0.00227414
-0.000513457	-4.18777e-05	-0.000451994	-0.00522114	-0.0143186	-0.00147265	-4.92691e-05	0.080591	-0.00196336	-0.0565586
0.0439355	-0.00940041	-0.027163	0.0177861	-0.0344261	-0.0130762	-0.0401059	0.236683	-0.0225365	-0.151695
0.0223778	-0.0674647	0.11017	0.348564	-0.138881	-0.180658	-0.0774874	0.318845	-0.121969	-0.21349
-0.034292	-0.133028	-0.0745371	0.333	-0.200925	-0.199614	-0.0478659	0.379429	0.211274	-0.233436
0.0638369	-0.29111	0.431681	-0.0213523	-0.202631	-0.155829	-0.222003	0.231717	0.0345182	0.131178
-0.0913902	-0.444095	0.472886	-0.00303274	-0.207812	-0.0631141	-0.174934	0.144771	0.100068	0.266654
-0.144999	-0.298635	-0.00636805	-0.0219462	-0.0784092	0.237936	0.0245031	0.0957304	0.185153	0.00703473
-0.07262	-0.200791	-0.00241603	-0.256173	-0.0228818	0.377359	0.0230907	-0.144209	0.149897	0.148745
0.113905	-0.312336	-0.177793	-0.545247	0.173571	0.394914	-0.236787	0.169323	0.289477	0.130973
-0.113488	-0.0174669	0.081757	-0.461325	0.00082324	0.222912	-0.124452	-0.0508299	0.272443	0.189625
0.112836	0.151277	0.117871	-0.497162	-0.0167659	0.196504	-0.152408	-0.236151	0.232308	0.0916946
-0.0707918	-0.0449255	0.07783	-0.566212	0.28989	0.355107	-0.307274	-0.275174	0.35714	0.184414
0.171019	0.365627	-0.175674	0.0731116	-0.303936	0.104659	-0.0857699	0.224377	-0.000921088	-0.372489
0.0822332	0.55312	0.0636447	0.177072	-0.939469	0.0282716	-0.287715	0.396265	-0.00321018	-0.0702074
-0.175037	0.850324	-0.168817	0.102778	-0.030059	-0.113945	-0.50887	0.498917	-0.336584	-0.118706
0.090284	0.263874	-0.0029575	0.256725	-0.26486	-0.237875	-0.444639	0.725035	-0.400489	0.0149037
0.412615	0.117902	0.227215	0.189357	0.0482007	-0.449046	-0.449402	0.238674	-0.238482	-0.0970347
0.308105	-0.228479	0.0475262	0.172483	-0.00905473	-0.475859	-0.4753	0.326386	0.258009	0.0761873
0.00367612	-0.177583	-0.0867841	0.192422	0.141028	-0.378357	-0.495158	0.438541	0.318396	0.0438172
0.187877	-0.431529	-0.100901	0.323019	-0.173535	-0.18389	-0.227768	0.442295	0.159564	0.0048709
0.12421	-0.301733	-0.111564	0.0811768	-0.0159158	-0.0248671	-0.254713	0.410599	0.195586	-0.10278
0.238089	-0.39304	-0.0966965	0.223839	-0.0341942	-0.0268099	-0.418535	0.260203	0.253656	-0.00651054
0.517962	-0.399818	-0.16563	-0.0407471	-0.488178	0.715001	-0.101389	-0.224245	0.31259	-0.12554
0.395395	-0.321629	-0.423332	-0.316724	-0.379908	1.78737	-0.241637	-0.154796	-0.0137511	-0.330974
-0.356842	-0.122418	-0.073641	-0.0241422	-0.264983	1.54902	-0.488252	-0.0179339	-0.0954539	-0.105348
-0.165834	-0.0342725	0.031865	-0.00761138	-0.109152	0.44411	-0.172926	0.0113048	0.0641516	-0.0616336
-0.000630775	0.00138626	-0.000800998	-0.000169078	-0.0023165	0.00530823	-0.0239727	0.0155001	0.0139325	-0.00823698
-2.96556e-05	-6.98082e-06	-2.81347e-05	-0.000196587	-0.000124602	-9.27613e-05	-4.31285e-06	0.0014669	-4.15028e-05	-0.000942361
0.0107092	0.000553191	-0.000795763	-0.00356121	-0.031705	-0.0119158	-0.000226131	0.113178	-0.00238652	-0.0738495
-0.00429094	-0.000140723	-0.0132311	0.0195062	-0.140121	-0.0244007	-0.00141918	0.4379	-0.0135864	-0.260215
0.0101972	-0.0457219	-0.0464455	0.346556	-0.0964975	-0.239624	-0.0803059	0.402859	-0.0204616	-0.230551
-0.196713	-0.0829887	-0.172941	0.315598	-0.27541	-0.0900082	-0.0218277	0.462411	0.0664446	-0.00455795
-0.141274	-0.155596	0.0466345	-0.141402	-0.0880594	-0.0485778	-0.00823816	0.10188	0.221136	0.2135
0.0100017	-0.402528	0.012673	-0.293346	0.122976	0.298005	-0.0764793	-0.00258003	0.132573	0.198708
0.0142956	-0.361129	-0.223984	-0.57021	0.0281456	0.181422	0.186163	0.123323	0.5137	0.108273
-0.00437415	-0.289682	-0.406115	-0.438685	0.149269	0.186831	0.0040786	-0.203689	0.360904	0.641467
-0.241441	-0.328066	-0.410617	-0.524344	0.404863	0.139422	0.175414	0.195615	0.443592	0.145555
-0.0573787	-0.156372	-0.817061	-0.410019	0.534904	0.0653011	0.0267515	0.321314	0.22681	0.265749
-0.0581598	-0.0965009	-0.633091	-0.204989	0.0953161	0.0776728	-0.0880382	0.328439	0.187813	0.391535
-0.343748	-0.1329	-0.769962	-0.0293131	0.624749	0.204355	0.162238	-0.0413284	0.136107	0.189801
-0.0449408	0.386726	-0.944098	0.28462	-0.858535	0.602282	0.228749	0.126068	0.192846	0.0262845
-0.434884	0.723948	-0.537832	0.0669592	-0.871809	0.0902468	-0.24764	0.505638	0.698812	0.00656022
-0.710994	0.780414	-0.491469	0.219431	0.406622	-0.200452	-0.632074	0.414603	-0.0257004	0.239616
-0.633159	0.215799	-0.18688	-0.0628171	0.434923	-0.211109	-0.159172	0.437785	-0.145402	0.310034
-0.0165327	-0.121569	-0.412733	0.342314	0.17704	-0.152149	-0.393685	0.331393	-0.201132	0.447057
-0.254513	-0.0396549	-0.106898	0.128689	0.00229106	-0.0216848	-0.30339	0.510988	-0.255095	0.339269
0.0290366	-0.208553	0.281473	0.0950445	-0.0459858	-0.338279	-0.187981	0.216987	-0.0319132	0.190172
0.162102	-0.202311	-0.120144	0.384424	-0.239806	-0.654659	-0.123921	0.327596	-0.101189	0.567909
0.374734	-0.236519	0.0421991	-0.0727435	-0.250268	-0.475074	-0.0448608	0.293983	0.014063	0.354486
0.24962	-0.232227	-0.0607201	0.00375175	-0.246823	-0.536148	-0.123693	0.290883	0.308119	0.347236
0.292977	-0.205438	-0.151703	-0.20489	-0.508372	0.222138	0.350328	-0.224508	0.487732	-0.0582592
0.39909	-0.197895	-0.167231	-0.247561	-0.501851	0.831863	-0.0186174	-0.196486	0.366842	-0.268141
-0.240693	-0.115886	0.0759206	0.011911	-0.227893	1.0991	-0.484859	-0.0846097	0.0970552	-0.130041
-0.117047	-0.0369213	0.0402342	-0.00350657	-0.0415568	0.297365	-0.28617	-0.0134321	0.199542	-0.0385055
-0.000440709	0.00657156	-0.00217678	-9.06045e-05	-0.00161627	0.00452425	-0.0146959	0.00402988	0.00676571	-0.00287117
-1.5218e-06	-3.32834e-08	-1.58702e-05	-8.59817e-05	-1.79145e-06	-1.4764e-05	-1.72694e-08	0.0017909	-2.14859e-05	-0.00164943
3.61838e-05	-0.000253352	-6.07079e-05	-0.00331789	-0.0435601	-0.0167754	-0.000310959	0.108705	-0.00131124	-0.0431511
-0.00479849	-0.00388416	-0.00198539	-0.00938827	-0.160675	-0.0227091	-0.00138415	0.441985	-0.00989246	-0.227267
-0.0223781	-0.0045156	-0.171125	0.0686616	-0.212546	-0.0983847	-0.0693821	0.597942	0.0935975	-0.181866
-0.131949	0.00439868	-0.263688	-0.00902615	-0.405241	0.0259556	-0.0611789	0.528078	-0.00416896	0.316825
-0.0183891	-0.073158	-0.531608	-0.229108	-0.0421089	0.0203214	-0.0420946	0.276238	0.289459	0.350449
0.250939	-0.135603	-0.94183	-0.32112	0.198249	0.349557	0.171334	0.0115999	0.043155	0.373719
0.000383208	-0.186104	-1.12656	-0.300075	0.344716	0.112288	0.263792	0.417493	0.270181	0.203884
-0.0883729	-0.216592	-0.539406	-0.399389	0.434515	0.00109894	0.183424	0.514856	-0.0424178	0.152281
-0.0709733	-0.125731	-0.523988	-0.158105	0.187678	-0.102502	0.264613	-0.0736148	0.163303	0.439319
0.017996	-0.352524	-0.626209	0.190456	0.558104	0.300516	-0.00570777	-0.181497	-0.182302	0.28117
0.023011	-0.489833	-0.605562	-0.175978	0.547726	0.140459	0.36387	0.105493	-0.139431	0.230243
0.167587	0.0834512	-0.559752	-0.0168181	1.03624	0.153815	0.17796	-0.729335	0.043114	-0.356263
0.069347	0.19666	-0.359987	0.00337144	0.00839901	0.32052	0.220014	-0.985373	0.489844	0.0372045
-0.600466	0.984111	-0.477922	0.548004	-0.555442	-0.132267	-0.263368	0.0220115	0.228994	0.246342
-0.883626	0.473919	-0.521335	0.180975	0.170965	0.0463786	-0.341039	0.469545	0.0836987	0.320527
-0.677183	0.14594	-0.237442	0.130098	0.332621	-0.331208	-0.0692665	0.519915	-0.0418512	0.228379
-0.0274337	0.129426	-0.357462	-0.0634086	0.0161185	-0.457254	-0.114427	0.487242	0.117462	0.269741
-0.0323998	-0.0338445	-0.320234	0.156361	-0.0147631	-0.340747	-0.18948	0.410844	-0.0705047	0.434773
0.116612	-0.214625	0.250534	-0.0532933	0.154024	-0.372995	-0.360556	-0.140898	0.240572	0.380625
0.0734144	-0.148947	-0.0541625	0.0339617	0.147553	-0.44956	-0.148677	-0.00700738	0.206521	0.346906
0.0978027	-0.0826789	0.0125548	-0.62995	0.330137	-0.880269	0.117615	0.136169	0.448229	0.450385
0.307625	-0.0856275	-0.0724941	-0.501979	0.152225	-1.24318	0.395878	0.115613	0.42924	0.502704
0.429959	-0.05448	-0.396191	-0.295392	-0.20078	-1.18113	0.800488	-0.2467	0.764155	0.38008
0.666106	-0.0664846	0.171906	-0.134427	-0.126388	-1.10491	0.362956	-0.199264	0.751503	-0.32099
-0.0289452	-0.0480061	0.343202	0.0240925	-0.0693452	0.0358488	-0.278487	0.0201658	0.163759	-0.162282
-0.0724148	-0.0367575	0.232563	-0.00050367	-0.0307247	0.195421	-0.308578	0.0456426	0.0297127	-0.0543599
-0.000393898	0.0048621	0.0246303	-0.000126777	-0.0115924	-0.0047731	-0.0168344	0.0210103	-0.0149051	-0.00187713
-6.47142e-09	6.22694e-05	-7.47788e-06	-2.09802e-05	-1.9466e-07	-1.99175e-06	-1.47747e-06	-1.20891e-05	-6.21669e-06	-1.18352e-05
0.000750306	-4.38598e-05	-4.04195e-05	-0.00165076	-0.0320656	-0.0027296	-0.000340493	0.0609977	-0.000260532	-0.0246167
-0.00219563	-0.00125966	-0.000871349	-0.00582036	-0.10558	-0.00591709	-0.000550121	0.27205	-0.00252578	-0.14733
-0.00479524	0.0130599	-0.216523	0.0295451	-0.172912	0.00201006	-0.0601571	0.486737	0.0559282	-0.132891
0.0440069	0.0402955	-0.629884	-0.23483	-0.169755	0.116656	-0.102876	0.300133	-0.083629	0.719894
-0.0256998	-0.0537346	-0.892684	-0.246845	0.2519	0.226709	0.10555	0.124105	0.075715	0.434982
0.31287	-0.107073	-1.14714	-0.273203	0.4817	-0.103706	0.509698	0.214287	-0.0104051	0.122971
0.316985	-0.175046	-0.863606	-0.322632	0.29486	0.19074	0.057979	0.168613	0.0177344	0.314371
0.0806191	0.0184324	-0.33951	-0.196574	0.329473	-0.0157087	-0.00568772	-0.0319487	-0.085533	0.246437
0.0801941	-0.0686378	-0.249159	-0.129945	0.385245	0.0589162	0.084885	-0.196076	0.101084	-0.066508
0.191715	-0.693528	-0.167832	-0.18877	0.484439	0.175543	0.279928	0.0253364	-0.197951	0.0911194
0.0389965	-0.719913	0.129835	-0.209812	0.608083	0.318626	-0.0351747	-0.205373	0.0862542	-0.011524
0.104662	0.0409019	-0.106071	0.120321	0.473428	0.54403	0.0982381	-1.14826	0.201556	-0.328803
-0.50025	0.267772	0.199372	0.416447	-0.295851	0.309509	0.132525	-1.1306	0.510404	0.0906713
-0.718366	0.603778	0.0726548	0.275825	-0.0255533	-0.105655	-0.213382	-0.0336386	-0.100799	0.245138
-0.913943	0.394951	-0.285361	-0.237361	0.446315	-0.267744	0.0769389	0.055066	0.442632	0.288514
-0.63377	0.142988	-0.302918	0.121676	0.204625	-0.457517	0.0724416	0.249537	0.12748	0.475457
-0.198362	0.408271	-0.10908	0.0690398	0.159882	-0.180714	-0.313773	0.0622625	-0.17177	0.274247
-0.0280653	-0.230348	-0.264738	0.244691	0.221261	-0.134463	-0.160685	0.0601889	0.0490967	0.243063
-0.0647266	-0.321599	-0.239729	0.0435857	0.0855427	0.031536	0.146643	-0.214451	0.0512428	0.481954
-0.36856	-0.190303	-0.236954	-0.503652	0.357903	0.00922763	-0.0749357	0.309123	0.314686	0.383466
-0.104532	-0.129267	0.0232644	-0.562362	0.414787	-0.29304	0.310135	0.159457	-0.183579	0.365138
0.23234	-0.145154	-0.0441958	-0.707386	0.346928	-0.345744	0.452392	-0.0844925	0.048612	0.246703
0.440536	-0.135521	-0.105331	-0.308121	-0.0467559	-0.782941	0.910767	-0.081021	0.358127	-0.249739
0.500601	-0.127834	0.593516	-0.0933002	-0.258466	-0.90176	0.447387	0.046014	0.282257	-0.4884
0.120966	-0.0842946	0.703598	0.00380099	0.0218372	-0.259535	-0.351052	0.0510795	0.0514417	-0.257839
-0.0211216	-0.0435908	0.521841	-0.0016155	-0.0195343	-0.0145124	-0.304771	0.00347861	-0.0387446	-0.0814296
-0.00307498	-0.000711008	0.159508	-0.00424613	-0.039324	-0.0422089	-0.0524176	-0.0120169	-0.0030287	-0.00248026
-4.27509e-05	-1.3322e-06	-2.98574e-05	-0.00229888	-0.000151408	0.0108291	-0.000151574	-7.19038e-05	-0.00029215	-0.00778929
-5.70893e-05	-1.31487e-05	-0.0156438	0.0165996	-0.0174824	-0.00125706	-1.42812e-05	0.0321674	-0.00089988	-0.0133992
-0.00076324	0.00154719	-0.010477	0.00877439	-0.0439373	-0.00197953	-5.68664e-05	0.14817	-0.00133565	-0.0999419
-0.0925924	0.0251506	-0.186414	0.0395571	-0.0144683	0.0355129	-0.0278336	0.245168	-0.00962308	-0.0144554
-0.0293856	0.0425319	-0.418912	-0.125631	0.416952	0.0825045	-0.300957	0.137962	-0.183006	0.377951
0.278254	-0.0718227	-0.673351	-0.362248	0.567381	-0.0342048	0.0529166	0.168218	0.011355	0.0635016
0.163092	-0.132924	-0.265146	-0.437203	0.307667	-0.0737096	0.30561	-0.0833359	-0.0901109	0.306063
0.526126	-0.194467	0.0905417	-0.354625	0.382219	-0.0179389	-0.0227912	-0.0430607	-0.537168	0.171163
0.215603	0.00754983	-0.0873267	-0.167587	0.311076	0.0963888	0.113824	-0.153463	-0.343324	0.00725714
0.270214	-0.230926	-0.0930195	-0.0992009	0.256207	0.125424	0.340471	-0.343426	-0.263714	0.0379662
-0.0701603	-0.718398	0.0972309	-0.125646	0.256316	0.349833	0.330643	-0.134366	0.00111004	0.013441
0.131571	-0.662404	0.125724	-0.248735	0.364085	0.0333115	0.498052	-0.531368	0.286742	0.00302435
0.246496	0.0897878	-0.09111	0.213034	0.316333	0.0924114	0.167486	-1.07569	0.184528	-0.143268
-0.252264	0.262043	0.277874	-0.0234455	-0.287302	0.046196	-0.0500756	-0.568232	0.492176	0.10303
-0.793444	0.574076	0.0993147	0.152634	0.0516677	-0.0494664	-0.170425	-0.128704	0.240104	0.0242469
-0.724873	0.428631	-0.205249	0.0317471	0.194684	-0.0930007	0.0596934	-0.0847049	0.200553	0.192523
-0.831231	0.268811	-0.0737444	0.000654295	0.387531	-0.315	0.234829	0.0401871	-0.0505947	0.338558
-0.155671	-0.155702	-0.342307	0.104302	0.577048	-0.344591	-0.391503	0.306489	0.0982827	0.303653
-0.0595001	-0.63171	0.166781	0.0317039	0.222582	-0.216779	-0.127392	0.488616	-0.0986625	0.224364
-0.197668	-0.49123	-0.0421351	-0.164554	0.433486	-0.327266	-0.00818842	0.757351	0.0338459	0.00635878
0.0215486	-0.284046	0.108628	-0.315183	0.22254	-0.0138872	-0.152144	0.372261	-0.203722	0.244004
0.206104	-0.195344	-0.157028	0.0121902	0.0491514	-0.1558	0.150283	0.0283136	-0.138459	0.200586
0.122089	-0.137997	-0.0994536	-0.312882	0.15678	0.112031	0.363403	0.296621	-0.456222	-0.0443685
0.382809	-0.10091	0.198032	-0.200382	-0.0689027	-0.0248725	0.456372	0.342119	-0.412121	-0.572142
0.553763	-0.0516516	0.401639	-0.012683	-0.253129	-0.233053	0.322282	0.0333833	-0.22799	-0.532554
0.0938966	-0.0424381	0.632921	-0.0291399	-0.0843398	-0.327924	-0.0879156	-0.0827858	0.0802536	-0.152524
-0.0101456	-0.00618017	0.428621	-0.0177591	-0.0953759	-0.0445239	-0.21701	-0.00918192	-0.0100516	-0.0183932
-0.000284185	-3.25422e-05	0.0156574	-0.00303173	-0.00428057	-0.00187959	-0.0054269	-0.000146371	-0.00052773	-4.78036e-05
-1.6341e-05	-5.28332e-07	-9.82363e-06	-0.000755014	-5.96682e-05	0.0034809	-5.01733e-05	8.1394e-05	-0.000100492	-0.00257026
-5.9632e-05	-7.4268e-06	-0.0333868	0.0368146	-2.75691e-05	-0.00139191	-6.76509e-06	-5.79944e-05	-0.00183958	-3.69814e-05
-0.00174547	0.0097354	-0.0179683	0.0405103	0.023494	-0.0074572	-0.000306306	0.0338207	-0.00247576	-0.0776074
-0.112623	0.005124	0.0205059	0.0283545	0.0976385	-0.0319375	-0.0904757	0.113515	-0.0148366	-0.0152633
0.152793	-0.00581107	0.110466	0.0593333	0.278663	-0.0562315	-0.470673	0.00473286	-0.173954	0.100689
0.416881	-0.130834	0.333903	-0.0527449	0.207909	-0.297344	-0.0721991	-0.119522	-0.323064	0.0370172
-0.108951	-0.228085	0.379822	-0.00671756	0.21163	-0.113363	0.243143	-0.0949073	-0.314219	0.0316479
0.409831	-0.168405	-0.0856591	-0.254343	0.383359	-0.221998	0.288893	-0.179516	-0.242037	0.0698742
0.290707	-0.0594646	-0.124175	-0.331062	0.290235	0.0760645	0.226799	-0.353205	-0.144951	0.129052
0.299123	-0.327404	0.0436611	-0.308596	0.380607	0.19991	0.126575	-0.372134	0.00882923	-0.0505691
0.347624	-0.527951	0.0566697	-0.237458	0.336771	0.0750263	0.236877	-0.187143	-0.14346	0.0430462
0.0299729	-0.183451	-0.0729915	-0.0667349	0.427149	0.0502571	0.411688	-0.56009	-0.129599	0.0937977
-0.0892428	0.235884	-0.080643	0.0579365	0.175187	0.150267	0.266392	-0.728898	0.113351	-0.100232
-0.628862	0.44765	0.220405	0.0435071	-0.285218	-0.0238413	0.173918	-0.232853	0.394554	-0.109258
-0.940702	0.705973	0.10864	0.246932	0.0590484	-0.339558	0.272438	-0.379644	0.492027	-0.225152
-0.686927	0.00586487	0.0239689	0.211415	0.221772	-0.254284	-0.00174251	0.196131	0.0773209	0.206483
-0.521027	0.37487	-0.017372	-0.0595648	0.563745	-0.108147	-0.104851	-0.253575	-0.0901535	0.216079
-0.285176	-0.575863	-0.190821	-0.0581139	0.521378	-0.261257	-0.0438986	0.67742	-0.184735	0.401068
-0.0370403	-0.627607	-0.182804	-0.218083	0.133784	0.313633	-0.106665	0.601697	0.019219	0.103868
-0.0672362	-0.566636	0.00546183	0.1116	0.256675	-0.0152824	-0.0133273	0.27573	-0.0885019	0.101517
0.249358	-0.397629	-0.347314	0.415702	-0.16008	-0.136545	0.129312	0.400082	-0.282309	0.12942
0.0660407	-0.210761	-0.190112	0.258019	-0.100457	-0.0117396	0.187332	0.337645	-0.254463	-0.0815028
0.170644	-0.170666	-0.388621	0.253057	0.255324	-0.145319	-0.0460749	0.468256	-0.183878	-0.21272
0.356133	-0.114132	-0.085497	0.304296	-0.107873	0.133729	0.133895	0.188913	-0.361077	-0.448387
0.432201	-0.0642087	0.618483	0.177323	-0.564167	0.125211	0.226707	-0.0832451	-0.403258	-0.465036
0.0210977	-0.0336753	0.68198	-0.0734337	-0.216915	-0.190958	0.140848	-0.201088	0.0302433	-0.158092
-0.0178106	-0.0116196	0.4153	-0.0233281	0.0393135	-0.0722279	-0.206143	-0.0360538	-0.027394	-0.0600371
-0.00249589	-0.00132113	0.0666132	-0.000869904	-0.00716694	-0.0298376	-0.0161111	-0.000718479	-0.00373769	-0.00435449
-1.33882e-05	-5.26433e-07	-2.70332e-07	-1.30505e-05	-5.76688e-05	-0.000370994	-3.10153e-06	0.000599644	-2.76135e-05	-0.000113032
-4.99406e-05	3.02471e-05	-0.0164568	0.0206545	-1.71356e-05	-0.000790228	-2.58177e-05	-0.00138422	-0.000957535	-0.00100311
-0.00584467	0.00789497	0.000390085	0.0977442	-0.0119052	-0.0299898	-0.00167575	-0.00648375	-0.00593204	-0.0441981
-0.0730134	-0.00384403	0.332305	0.154223	-0.0897772	-0.0161143	-0.141093	-0.0928283	-0.00756067	-0.0622943
0.226123	-0.0205002	0.419389	0.377514	-0.254691	-0.0760123	-0.467929	-0.0675249	-0.219447	0.0830875
0.503358	-0.164418	0.217367	0.203675	-0.160916	-0.12828	0.103088	-0.198658	-0.391522	0.0163046
0.239915	-0.358073	0.424509	-0.101098	0.0530622	-0.139216	0.349058	-0.0651445	-0.185168	-0.21784
0.168294	-0.326053	0.063038	-0.27832	0.407336	-0.549729	0.423508	0.162217	0.0585119	-0.128802
0.348483	-0.234538	-0.194378	-0.490476	0.35277	-0.260557	0.294886	-0.125278	0.0531135	0.255973
0.299206	-0.0474999	0.224454	-0.0655142	0.16578	-0.455931	0.32494	-0.176439	0.0136663	-0.282662
0.21938	-0.132423	0.184867	-0.149881	-0.112476	-0.117748	0.374576	-0.537431	0.230267	0.0408705
0.133496	-0.146816	0.210687	-0.0151527	-0.100033	-0.193631	0.821803	-0.859562	0.0242342	0.124974
-0.283052	-0.265606	0.236403	0.0272056	0.093144	-0.0268929	-0.023151	-0.20232	0.547067	-0.102798
-0.893071	0.433899	0.437391	0.393615	-0.0380185	-0.0749428	0.0247693	-0.136418	0.123502	-0.270726
-0.680808	0.723901	0.151192	0.0315528	0.355919	-0.335208	0.196691	-0.523439	0.0765704	0.0036299
-0.391779	-0.154801	-0.127277	-0.166993	0.570035	-0.125536	0.116214	0.216757	0.0744514	-0.0110703
-0.307932	0.0550058	0.212099	-0.441614	0.412149	-0.281892	-0.0182967	0.0484607	0.12166	0.200362
-0.00454594	-0.925221	0.447025	-0.0916124	0.262829	-0.151293	-0.258439	0.381237	0.081605	0.258416
0.0189978	-0.651989	0.0479786	0.387372	0.177992	-0.217491	0.132395	0.118803	-0.160068	0.14601
0.00877258	-0.487561	-0.00246697	0.392492	0.102598	0.0631016	0.26926	0.313767	-0.488917	-0.171045
0.265256	-0.304154	-0.17842	0.17646	0.309376	0.140745	0.0046918	0.190975	-0.529917	-0.0750126
0.166897	-0.18955	0.415137	0.0432215	0.184933	-0.0684493	0.0883125	0.261231	-0.550091	-0.351645
0.187917	-0.193674	0.273604	0.278518	-0.118404	0.229943	-0.114033	-0.0747355	-0.383413	-0.0857217
0.156243	-0.172139	0.259352	0.529374	-0.257841	0.20515	-0.0652544	-0.155208	-0.000950402	-0.498726
0.0688059	-0.0518278	0.584744	0.41814	-0.36961	0.00287837	0.178495	-0.157828	-0.24184	-0.431949
-0.104225	-0.083901	1.09675	-0.134449	-0.165843	-0.184614	0.0542387	-0.189785	-0.136025	-0.152138
-0.0511373	-0.0442602	0.654358	-0.0249305	-0.114872	-0.116802	-0.169592	-0.0305485	-0.0635757	-0.0386382
-0.00161619	-0.00107048	0.108408	-0.00147169	-0.00506976	-0.0543728	-0.0381517	-0.00217005	-0.00393474	-0.000550281
0.0	0.0	0.0	0.0	0.0	0.0	0.0	0.0	0.0	0.0
-6.42133e-05	0.000449752	-0.0063512	0.00777534	-1.27381e-05	-0.000585398	-2.56645e-05	-0.000100622	-0.000811913	-0.000273338
-0.0194569	-0.00017387	0.0673426	0.0806931	-9.10187e-05	-0.0463398	-0.00337246	-0.00362261	-0.00596045	-0.0690186
-0.0566471	-0.00806495	0.312586	0.392107	-0.279847	0.0274278	-0.125749	-0.0908978	-0.0409319	-0.129978
0.153073	-0.0417021	0.466847	0.454391	-0.161381	0.0877612	-0.510851	-0.0135357	-0.187659	-0.246936
0.388914	-0.312519	0.331223	0.0717357	-0.210198	0.292421	0.0091537	-0.0458349	-0.280105	-0.244787
0.318588	-0.520563	0.268929	-0.0442081	-0.0697258	0.50271	0.13159	-0.230953	-0.0966765	-0.259688
0.245527	-0.447732	0.164425	0.0172776	0.192186	-0.31449	0.209588	-0.316587	0.15007	0.0997343
0.0498214	-0.243098	0.142128	-0.252068	0.243479	-0.33128	0.364183	-0.21164	0.0911807	0.147291
0.280408	-0.157465	0.20058	-0.609738	0.121118	-0.242058	0.389631	-0.234933	0.370227	-0.117771
0.447979	0.0891092	0.455002	-0.613816	0.0184045	-0.40568	0.65564	-0.691716	-0.0315041	0.0765799
0.117647	-0.190777	0.313235	-0.438268	-0.0739782	-0.331883	0.607178	-0.277979	0.332838	-0.0580126
-0.084547	0.0973187	0.382969	-0.286049	-0.0574553	-0.552882	0.071918	-0.0219847	0.329146	0.121565
-0.691855	0.488728	0.323011	-0.225282	0.143046	-0.506551	0.151095	0.0478265	0.2451	0.0248825
-0.625004	0.572142	0.060958	-0.404195	0.524662	-0.29752	0.161411	0.0690447	0.0792792	-0.140774
-0.345932	0.00716512	0.208765	-0.439446	0.345313	-0.0446774	0.0515935	0.103694	-0.166853	0.280377
-0.0640164	-0.380351	0.0552664	0.0445987	0.281814	0.00189219	-0.0956274	-0.11868	0.249034	0.0260726
0.177369	-0.751173	-0.240894	0.297129	0.234867	0.239214	0.0794116	-0.0233806	-0.0984927	0.0859527
-0.084365	-0.361356	0.0652776	0.0283415	0.339063	0.318046	0.174755	0.0875857	-0.46702	-0.100327
0.0925427	-0.239335	0.0676017	0.349529	-0.194242	0.103294	0.191613	-0.160692	0.00468008	-0.214993
0.219984	-0.185121	-0.0626811	0.00942791	0.0565897	0.00170471	0.0299901	0.0868249	-0.0146518	-0.142068
-0.0573948	-0.11687	0.0586971	0.0207741	0.16465	0.00251365	0.152389	0.0148652	-0.0590604	-0.180567
0.206041	-0.0234267	0.132255	0.257318	-0.185227	-0.0516984	0.112915	0.0427635	-0.198115	-0.292826
0.0463719	-0.0535422	-0.104159	0.481112	-0.227639	0.190972	0.0657732	-0.104506	0.220382	-0.51476
-0.00428762	-0.0172912	0.478682	-0.0992983	-0.333271	0.0778535	0.175624	0.111956	0.0489428	-0.438904
-0.0332987	-0.120931	1.17852	-0.250789	-0.261778	-0.233431	0.0553746	0.0411937	-0.278244	-0.096613
-0.0221517	-0.00861192	0.320072	-0.0222489	-0.0642937	-0.0468241	-0.110447	0.0287442	-0.0552129	-0.0190265
0.03189	-0.0015696	0.0348019	-0.00112577	-0.0339124	-0.00850415	-0.0135021	-0.0053044	-0.000938384	-0.00183508
-3.98049e-05	-1.93802e-05	-2.18775e-05	-0.000708072	-0.00756256	-0.000337617	-5.35088e-06	0.00756185	-0.000246675	0.00137949
-1.42263e-05	0.000111062	-0.000281838	0.000677756	-2.43597e-06	-0.000298992	-5.8506e-06	-1.88586e-06	-0.000124661	-5.89283e-05
-0.0152768	-0.000697846	0.00218641	0.0742416	-0.00463144	-0.0284994	-0.00248591	0.0193425	-0.00517341	-0.0390057
-0.113217	-0.00952944	0.147343	0.599577	-0.166967	0.00831321	-0.0823901	-0.0308905	-0.141837	-0.210395
0.0696977	-0.097965	0.534507	0.30911	-0.0287789	0.345552	-0.397527	-0.103609	-0.305356	-0.325622
0.0470996	-0.389489	0.667372	0.327679	-0.0706052	0.283682	-0.303285	-0.103807	-0.0793432	-0.3793
0.0733277	-0.718137	0.17831	0.240675	-0.0748768	0.564643	0.0783278	-0.415279	0.129166	-0.0561541
0.0355963	-0.481859	0.454404	-0.165672	0.083056	0.178953	0.271524	-0.355683	0.0103199	-0.0306402
0.292214	-0.0806166	0.0624059	-0.10246	0.131995	-0.00518167	0.137288	-0.297899	0.0376271	-0.175372
0.339851	-0.0173998	-0.0126245	-0.405799	0.135205	-0.214164	0.367615	-0.323038	0.239125	-0.108774
0.388536	-0.241265	0.280281	-0.426387	-0.29313	-0.157784	0.260692	-0.36539	0.239839	0.314608
0.0949196	-0.207297	0.134884	-0.41453	-0.0668752	-0.0939868	0.103973	-0.0958037	0.332025	0.21269
-0.313039	-0.02893	0.351081	-0.564578	0.210088	-0.119489	0.761961	-0.242186	0.281188	-0.336097
-0.661942	0.0483547	0.323992	-0.328969	0.363375	-0.10105	0.460065	0.0989343	0.0640462	-0.266803
-0.478215	0.233984	0.158509	-0.252553	0.314549	0.0248184	0.0118561	-0.134807	-0.130237	0.252099
-0.146855	-0.326139	-0.0477725	0.255497	0.174169	-0.0114976	0.0873167	-0.0963495	-0.0485879	0.160222
0.00985265	-0.536962	0.115954	0.436165	0.326063	-0.00391801	0.222361	-0.196687	-0.23456	-0.138265
-0.000645413	-0.123679	0.297658	0.122879	-0.227982	0.157173	0.262424	-0.121805	-0.283176	-0.0828441
-0.0288721	0.103158	0.0996756	0.109528	-0.0509949	-0.170303	0.256332	-0.122747	-0.0661222	-0.129655
-0.0929377	0.00211145	0.166137	0.162734	-0.131291	0.125275	-0.027067	-0.0491259	-0.0557412	-0.100094
-0.24731	0.0835489	-0.0308106	0.125024	0.0230778	0.00615187	-0.0350538	-0.00598792	0.0740669	0.00729135
-0.103775	0.0181753	0.14815	0.352937	0.0768169	-0.010658	0.0642362	-0.109405	-0.235579	-0.200898
0.269946	-0.0627443	0.135491	0.437998	-0.407716	0.130287	0.0246714	-0.192464	-0.00323311	-0.332236
0.123619	-0.0678203	0.50186	0.18001	-0.267325	0.235305	0.0966617	-0.479609	0.189049	-0.511745
-0.0264622	0.0369923	0.89061	-0.305305	-0.280527	0.245395	0.0900603	-0.247426	-0.0414257	-0.361902
-0.0351407	0.0504211	0.798922	-0.149463	-0.250827	-0.140383	0.0713629	-0.0151936	-0.239265	-0.0904312
-0.0123934	0.0213817	0.0964172	-0.0176017	-0.0203818	-0.0361144	-0.033317	0.0371691	-0.0306158	-0.00454382
-0.0081626	-1.01617e-05	0.0476905	-0.000260618	-3.829e-05	-0.0196612	-0.0185741	-2.12539e-05	-0.000445067	-0.000517244
-2.05723e-09	8.28671e-05	-5.44465e-05	-5.14758e-06	-1.34406e-08	-1.31624e-07	-3.03945e-07	-8.04764e-07	-2.16124e-05	-4.04718e-07
0.00847729	0.000426795	-0.00296257	-0.000204593	-0.0140228	-0.000824611	-0.00083282	0.028085	-0.00110999	-0.0170316
-0.00584525	-0.000842381	-0.00145308	0.0532093	-0.000646293	-0.023277	-0.00304866	0.0202709	-0.00957956	-0.0287878
-0.0843132	-0.0121847	-0.0559167	0.607418	0.057618	0.0249527	-0.0856161	-0.0886737	-0.196399	-0.16688
-0.00746723	-0.164226	0.306375	0.35569	-0.0544957	0.386443	-0.225633	-0.0562251	-0.264437	-0.276017
0.0607675	-0.571781	0.169497	0.505759	0.109725	0.228649	-0.234599	-0.173801	0.14695	-0.241164
0.197959	-0.339955	0.0547146	0.0801336	-0.0119634	0.340364	0.0219737	-0.339978	0.117135	-0.120383
0.175149	0.0603903	0.345385	-0.10065	-0.0581508	0.0340041	0.19227	-0.497687	-0.115948	-0.0347611
0.22278	-0.0352472	0.197465	-0.0746862	-0.262248	0.323988	-0.0219902	-0.258011	0.054432	-0.146481
0.0752096	0.0779088	0.318067	-0.0139249	-0.446485	0.0705705	0.340196	-0.29427	0.245121	-0.372396
0.263067	-0.161042	0.397182	-0.0539651	-0.504466	0.0942247	0.464652	-0.58089	0.26564	-0.184403
0.371504	-0.156526	0.16124	-0.230284	-0.0844871	0.0444185	0.707548	-0.28169	-0.175629	-0.356092
0.268673	-0.140682	0.166029	-0.231323	-0.554367	0.0404465	0.597878	-0.126246	0.0702578	-0.0906646
-0.16842	0.224281	0.472574	-0.09736	-0.204629	0.0774298	0.162864	-0.107561	-0.146377	-0.212798
-0.279239	-0.174219	0.115868	-0.00116535	0.286534	-0.0443751	0.376534	0.1675	-0.164153	-0.283283
-0.174854	0.0288145	0.277577	0.0148506	-0.0177953	0.0994939	0.283249	-0.172809	-0.0630872	-0.275438
-0.202935	0.251563	0.293174	0.125966	-0.0772646	-0.0845827	0.255964	-0.4135	0.0245873	-0.172969
0.0312009	-0.050848	0.285896	0.351084	-0.203866	-0.15635	0.226781	-0.360343	0.114771	-0.238326
-0.0109295	0.109397	0.138222	0.250879	-0.177259	0.0354395	0.0828667	-0.481289	0.174415	-0.121742
-0.16227	0.17987	-0.0836753	0.215892	-0.260848	-0.0187711	0.156765	-0.0776782	0.0291972	0.0215203
-0.00416417	0.0814266	0.154184	0.00107145	-0.240885	0.246964	0.0228471	-0.264153	-0.000280655	0.00298687
0.0919645	0.0211488	0.244571	0.312657	-0.0593281	0.156895	0.184094	-0.491253	-0.158244	-0.302504
0.330997	-0.0492002	0.411446	0.103849	-0.585792	0.119323	0.232374	-0.526157	0.299497	-0.336332
0.0558062	-0.0127985	0.356153	0.193831	-0.41118	0.292813	0.0956456	-0.542804	0.236246	-0.263701
0.0445113	0.0978315	0.399807	-0.153277	-0.277019	0.285801	-0.0106215	-0.13158	-0.0842012	-0.171243
-0.0589732	0.112101	0.646693	-0.0784285	-0.134732	-0.0334419	-0.129169	-0.0433178	-0.221081	-0.0596468
-0.0132367	0.0209114	0.207908	-0.0123652	-0.0030005	-0.0679055	-0.0743552	-0.00324342	-0.0346574	-0.0200555
-0.00265703	6.52365e-05	0.0207387	-0.000129744	-2.13479e-07	-0.00590722	-0.0119812	-5.93868e-07	-0.000127654	-2.96262e-07
0.0	0.0	0.0	0.0	0.0	0.0	0.0	0.0	0.0	0.0
0.0213537	-5.25392e-05	-0.00666946	-0.000722468	-0.000133127	-0.00091681	-0.00208961	-0.000237755	-0.0023289	-0.00820302
-0.00864253	-0.00742441	0.048267	0.0328728	0.00545072	-0.00874948	-0.00316675	-0.0127247	-0.018777	-0.0271055
-0.075994	-0.0286305	0.127079	0.477947	-0.00796935	0.0616448	-0.0624624	-0.139954	-0.195656	-0.156001
0.0708366	-0.0940339	0.379099	0.514539	-0.0849233	0.100643	-0.214544	-0.295036	-0.22628	-0.150294
0.277784	-0.43923	0.323665	0.268272	-0.222546	0.432017	-0.278301	-0.335506	-0.0776359	0.0514828
0.214635	-0.0516534	0.286478	0.451456	-0.242496	0.23326	-0.191915	-0.491634	0.0299872	-0.23812
0.154063	0.0423381	0.630259	0.210624	-0.482916	-0.17421	0.269334	-0.514163	0.384362	-0.51969
0.20892	0.261944	0.272956	0.195955	-0.595198	0.258442	-0.0829321	-0.270533	0.0328732	-0.282429
0.200897	0.128351	0.266253	0.37488	-0.388509	0.251681	0.287543	-0.407959	-0.177609	-0.535527
0.27933	0.214306	0.279118	-0.03823	-0.445183	-0.00239636	0.566929	-0.358668	0.146957	-0.642167
0.41459	0.246002	0.424422	-0.184271	-0.141947	0.124976	0.365964	-0.371214	-0.172589	-0.705931
0.500328	0.151971	0.260944	-0.531974	-0.225307	0.0382574	0.567018	-0.130363	0.0519891	-0.682856
0.178288	-0.101413	0.0640873	-0.103725	-0.400679	0.115735	0.202611	0.0205775	0.178645	-0.154125
-0.00141109	-0.0143292	-0.076401	0.106453	-0.0616317	-0.140516	0.733976	0.0735437	-0.323591	-0.296089
0.00793963	-0.0276771	0.0794543	-0.111895	-0.00552335	0.0392476	0.366138	-0.267904	0.208544	-0.288322
-0.116701	0.334823	0.012843	0.0812348	0.144113	0.166707	0.150713	-0.453112	-0.233026	-0.0875917
0.0312651	0.340834	-0.178636	0.206419	0.0686446	0.215179	0.0599847	-0.585293	-0.0529868	-0.105407
-0.0654731	0.441609	0.121018	0.344242	-0.0781905	0.173885	0.301131	-0.867975	-0.0748005	-0.295445
-0.0644323	0.418447	0.301026	0.131176	-0.317724	0.164593	0.018799	-0.517838	-0.0522088	-0.0818376
-0.0449893	0.224819	0.226069	0.339084	-0.20775	-0.0323458	0.27361	-0.718575	0.182715	-0.242636
0.0907141	0.0346728	0.351371	0.145937	-0.0855501	0.136843	0.0814781	-0.678005	0.311855	-0.389314
0.185483	-0.0399998	0.304354	0.0288101	-0.348633	0.547489	-0.111108	-0.612745	0.328932	-0.282577
-0.066652	-0.0441361	0.27896	0.140888	-0.334422	0.209114	0.0471488	-0.343025	0.189496	-0.0773636
-0.0246023	-0.00811837	0.520437	-0.108636	-0.189152	0.112975	-0.08452	-0.0662735	-0.202345	0.0502401
-0.0509727	0.0210393	0.290863	-0.0462768	-0.141098	0.120995	-0.0564057	-0.058314	-0.139328	0.0594994
-0.00185485	0.0219706	0.0555384	-0.00302066	-0.000849254	-0.00948369	-0.0147496	-0.00207571	-0.0309513	-0.0145241
-2.12131e-05	0.000255271	-0.000205837	-4.99886e-05	-4.50981e-05	0.000518767	-5.06011e-06	-3.24418e-05	-0.000380883	-3.35162e-05
-2.23823e-08	0.000156686	-7.18948e-05	-2.7899e-05	-5.05778e-07	-8.55622e-07	-8.78844e-07	-9.8063e-06	-4.264e-05	-2.18295e-06
-5.95587e-05	2.07267e-05	0.000235539	0.000964106	-3.72377e-06	-0.000429006	-3.42271e-05	-0.000272292	-0.000138477	-0.000283089
-0.029652	-0.012378	0.100644	0.079305	-0.00053035	-0.0244824	-0.00229303	-0.068919	-0.0192701	-0.0224232
-0.0513118	-0.0119056	0.222178	0.323542	-0.0761684	0.0782918	-0.0447632	-0.193158	-0.129268	-0.117432
-0.0666986	0.106244	0.226658	0.28467	-0.124653	0.303357	-0.204945	-0.328078	-0.0543978	-0.142148
0.176705	0.452128	0.174678	-0.0161725	-0.11807	0.0953782	-0.309898	-0.373197	-0.0651324	-0.0164168
0.159681	0.331576	0.183563	0.277464	-0.426594	0.18148	-0.407977	-0.461647	0.287543	-0.125091
0.13188	0.125527	0.172284	0.248682	-0.459493	0.337862	-0.056998	-0.520222	0.327782	-0.307306
-0.113408	0.229437	-0.106496	0.239123	-0.00377088	0.122125	0.214066	-0.258933	-0.0857668	-0.236379
0.0333544	0.0414357	0.259554	-0.309757	-0.114644	0.154003	0.241504	-0.401466	0.256217	-0.160204
0.238958	0.319164	0.138203	-0.149829	-0.239576	0.0542785	0.239811	-0.180827	-0.192681	-0.227503
0.351538	-0.139075	0.0988829	-0.153823	-0.0312166	0.245239	0.327994	-0.259878	-0.000127714	-0.439532
0.351416	-0.146137	-0.0942832	-0.0621468	-0.0856464	0.107848	0.652832	-0.10022	-0.239664	-0.383999
0.101342	-0.171823	0.149551	-0.0135719	-0.219287	0.0986643	0.60345	-0.258501	0.11228	-0.402106
-0.0497691	0.221718	0.135368	-0.113654	-0.137641	0.158402	0.659749	-0.387676	-0.0473329	-0.439159
-0.00436024	0.112752	-0.0767423	0.0651175	0.142619	0.0757345	0.26424	-0.177373	-0.0267522	-0.375234
0.0461849	-0.0423465	0.14148	0.148763	-0.166291	-0.0891017	0.282081	-0.0223483	-0.15234	-0.146078
-0.199348	0.0381976	0.352589	-0.0306174	0.0410955	0.12711	0.429715	-0.381205	0.00399295	-0.38153
-0.203893	0.471212	0.353707	0.224011	-0.201118	0.00861852	0.304222	-0.453321	-0.112338	-0.391104
-0.289448	0.306333	0.49144	0.334931	-0.0262053	-0.0568424	0.128999	-0.48812	-0.0786145	-0.322473
-0.126925	0.450113	0.0329219	-0.02284	-0.0461322	0.26169	0.0696178	-0.549207	0.173116	-0.242351
0.0272877	0.275244	0.179714	-0.141734	-0.00330373	0.444996	-0.055167	-0.651414	0.0245583	-0.100177
0.0598661	-0.209316	0.387263	-0.0409056	-0.114037	0.488752	0.0728188	-0.590497	0.210865	-0.264801
0.0245894	-0.149111	0.569354	-0.17162	-0.0567	0.266195	-0.043871	-0.359546	-0.032478	-0.046806
-0.0638612	0.0345005	0.405182	-0.175107	-0.132162	0.176681	-0.0455338	-0.0592305	-0.278412	0.137946
-0.0316602	0.00488861	0.178481	-0.0358584	-0.126497	0.17479	-0.0541888	-0.0286005	-0.0928252	0.0114723
0.0309697	-0.000393622	0.0175241	-0.00488537	-0.00281261	0.00462249	-0.00469965	-0.00315671	-0.00957029	-0.0275981
5.95805e-06	-4.49221e-11	-1.3273e-06	-3.31726e-07	-4.07857e-09	-1.611e-06	-2.43712e-07	-7.74387e-09	-2.41317e-06	-1.93219e-08
-2.16829e-08	0.000151789	-6.96481e-05	-2.70272e-05	-4.89973e-07	-8.28884e-07	-8.5138e-07	-9.49985e-06	-4.13075e-05	-2.11474e-06
-9.28236e-07	4.50915e-05	-2.39585e-05	3.26936e-05	-1.99849e-07	-1.32058e-05	-2.78117e-07	-1.56339e-05	-1.51088e-05	-8.47204e-06
-0.00540506	-0.011983	0.0760576	0.0902551	-0.000423627	-0.0164094	-0.00023411	-0.0937162	-0.0143011	-0.0238401
-0.0703334	-0.0161273	0.184523	0.272472	-0.0823557	0.0353554	-0.0207431	-0.208963	-0.041032	-0.0527931
-0.301047	0.160361	0.240918	0.200804	-0.127232	0.307305	-0.0969922	-0.254438	-0.0141418	-0.115527
-0.0433934	0.887655	0.191161	-0.00350854	-0.199889	-0.0947853	-0.207155	-0.11754	-0.0783888	-0.334151
0.0276548	0.529299	0.377537	0.192417	-0.253668	-0.25208	-0.404481	-0.133395	0.103774	-0.187057
0.054933	0.0759994	0.330389	0.140297	-0.285617	-0.0178923	-0.26385	0.0822334	0.16278	-0.279274
0.197994	0.0815149	0.350782	-0.0887148	-0.229943	0.0687245	-0.128549	-0.0679973	-0.14899	-0.0348234
0.162115	0.149141	0.304881	-0.00785647	-0.326674	0.0291592	0.115267	-0.223411	-0.0652967	-0.137326
0.142385	-0.113818	0.0818868	0.0115605	-0.228003	-0.0965218	0.201257	-0.0654315	0.019428	0.0472567
0.173364	-0.430523	0.171758	0.159944	-0.17066	0.0895148	0.045062	-0.306684	0.240757	0.0274669
0.151056	-0.602201	0.121749	-0.0881068	-0.211458	0.132038	0.360111	-0.0184767	0.116184	0.0391032
0.566937	-0.386511	0.0281161	-0.126966	-0.0960907	0.237261	0.336789	-0.46627	0.13911	-0.232375
0.0846801	-0.100335	-0.0874826	-0.0886863	-0.19324	0.153582	0.0184019	-0.107763	0.303892	0.0169529
0.117444	0.0517403	-0.152298	0.116792	-0.221698	0.0649059	0.287455	-0.0978733	0.119821	-0.286287
0.0372012	0.0250235	0.0118618	0.0578031	-0.162076	0.149147	0.184977	-0.0568013	-0.0871887	-0.159946
0.0808348	0.273996	-0.0504579	0.181549	-0.0131654	-0.013528	0.0424983	-0.262939	0.0378945	-0.276681
-0.122136	0.500774	0.148999	0.0560993	-0.0790188	0.185093	-0.0642584	-0.31007	-0.034705	-0.280778
-0.114781	0.319519	0.28309	0.175555	0.255293	0.158173	-0.0468238	-0.276701	-0.204457	-0.548868
-0.18428	0.345961	0.309214	0.176019	-0.00830371	0.121541	0.120666	-0.540588	-0.157945	-0.182284
-0.0585771	0.0288316	0.21849	-0.0459592	0.326748	0.0461728	0.110536	-0.651682	0.143142	-0.117699
0.087903	-0.200728	0.394899	0.0859024	0.0127799	0.225524	-0.132984	-0.466861	-0.0124381	0.00600774
0.0739624	-0.105244	0.268946	-0.0805911	-0.117131	0.290788	-0.163795	-0.353292	0.0141794	0.172186
-0.0503271	-0.0122363	0.24799	-0.121134	-0.118371	0.191011	-0.0727057	-0.0568282	-0.12275	0.115355
-0.0228657	-0.0025308	0.0896919	-0.0313099	-0.0825915	0.10779	-0.0181507	-0.0259397	-0.0383791	0.0242859
0.00326991	0.00657458	-0.0319142	0.000205218	0.00494771	0.0319804	-0.000105892	-0.00154991	-0.00585894	-0.00754894
1.09995e-05	-8.29332e-11	-2.4504e-06	-6.12418e-07	-7.52966e-09	-2.97416e-06	-4.49929e-07	-1.42964e-08	-4.45509e-06	-3.56713e-08
0.0	0.0	0.0	0.0	0.0	0.0	0.0	0.0	0.0	0.0
0.0	0.0	0.0	0.0	0.0	0.0	0.0	0.0	0.0	0.0
-0.000355325	-0.000216403	0.0024969	0.097022	-0.00018385	-0.000571621	-3.07492e-05	-0.0708292	-0.00290948	-0.0244222
-0.0334602	-0.0663091	-0.0368012	0.314735	-0.0161636	0.0554101	-0.00193349	-0.165695	-0.039034	-0.0107474
-0.218187	-0.0409153	0.0034213	0.397242	-0.0668045	0.227008	-0.0172357	-0.0363284	-0.0770557	-0.171141
-0.225285	0.467649	-0.069731	0.33741	-0.131829	0.221696	-0.0628788	0.0978406	-0.365776	-0.269092
-0.0994758	0.398565	0.00495308	0.266725	-0.0640844	-0.0222042	-0.149479	0.286019	-0.364405	-0.256611
0.135511	0.0809117	0.119033	0.271631	-0.0413977	-0.237513	-0.299872	0.402074	-0.201612	-0.228767
0.195822	-0.0418325	0.167272	0.00899105	-0.0441472	0.130775	-0.305548	-0.376287	0.241364	0.0235905
0.295686	0.078676	0.203569	0.199736	-0.0576931	0.073779	-0.316173	-0.158909	0.0450261	-0.363698
0.349705	-0.0811385	-0.0180273	0.0911479	-0.0309752	0.334875	-0.418789	-0.142014	-0.0835853	-0.00119584
0.33299	-0.0737129	0.253392	0.256239	-0.0238784	0.0325737	-0.282205	-0.387113	0.0425629	-0.150849
0.164964	0.280276	0.164705	-0.244475	-0.159959	0.0908658	-0.0182394	-0.365193	0.152577	-0.0655219
0.227828	-0.015872	-0.141188	0.198855	-0.0815422	-0.123537	-0.050152	-0.357653	0.466163	-0.1229
0.266099	-0.24253	-0.0583752	-0.183424	0.0176361	0.11895	0.0578736	-0.195971	0.183358	0.0363833
0.215037	0.162353	-0.105904	-0.0410216	-0.0958092	-0.0374018	0.00168565	-0.0487601	0.143816	-0.193994
0.00636684	0.065919	-0.00289721	-0.337314	0.156626	0.218641	-0.0711983	-0.219471	0.313043	-0.129715
0.105784	0.297712	-0.0948161	0.0628559	-0.0411439	-0.01812	-0.0284918	-0.144915	0.023841	-0.162707
-0.369021	-0.00709768	0.267652	0.347593	0.24227	-0.329267	0.0751168	-0.285925	0.182751	-0.124074
-0.396556	0.0562419	0.482098	-0.0262902	0.201703	-0.0919706	0.0993937	-0.464647	0.189094	-0.0490692
-0.387249	-0.0808798	0.40574	0.099568	0.225002	0.0774018	0.0477262	-0.598596	0.208406	0.00288492
-0.181602	-0.17124	0.512606	-0.0326479	0.26982	-0.0219912	-0.0442038	-0.593883	0.0580809	0.205071
-0.064687	-0.141435	0.461129	-0.17375	-0.122916	0.0729831	-0.0541646	-0.381275	0.02005	0.384072
-0.0567143	-0.120201	0.305206	-0.0987755	-0.167433	0.178871	-0.0573465	-0.36351	0.0911597	0.288749
-0.0807556	-0.0315876	0.256275	-0.0465007	-0.116421	0.117686	-0.0400609	-0.103903	-0.0836872	0.128955
-0.0153111	0.000355259	0.0935044	-0.0282677	-0.00270795	0.0390422	-0.00950059	-0.0304613	-0.0308762	-0.0157772
-1.98044e-05	0.0266946	-0.0221137	0.0124495	0.0051308	0.0187754	-0.000165616	-0.00125394	-0.0237924	-0.0157048
0.0	0.0	0.0	0.0	0.0	0.0	0.0	0.0	0.0	0.0
0.0	0.0	0.0	0.0	0.0	0.0	0.0	0.0	0.0	0.0
0.0	0.0	0.0	0.0	0.0	0.0	0.0	0.0	0.0	0.0
-0.00157196	-1.0056e-05	-0.00222691	0.0471553	-1.33934e-05	-0.000532695	-3.95622e-06	-0.0365329	-0.00016169	-0.00610175
-0.00261909	-0.0430598	-0.0969561	0.19401	-0.000350691	0.0587113	-0.000158178	-0.0206113	-0.0720917	-0.0168741
-0.014346	-0.0821341	-0.158141	0.343647	-0.025886	-0.00324322	-0.00314658	0.123369	-0.225241	0.0451232
-0.100818	0.0446639	-0.295149	0.290281	-0.0259433	0.00370964	-0.024594	0.45141	-0.410547	0.0669924
-0.143832	0.0273668	-0.408901	0.542399	-0.026292	-0.0342925	-0.0406006	0.473561	-0.43097	0.041566
-0.199619	-0.0877179	-0.358993	0.496814	-0.0251141	0.0768628	-0.0905363	0.283704	-0.251465	0.156065
-0.116827	-0.198979	-0.160972	0.137003	-0.0686419	0.168652	-0.174132	0.131687	0.209323	0.0728897
-0.0326917	-0.168438	-0.00659612	0.177549	0.0398678	0.439138	-0.257865	-0.0148953	0.0266693	-0.202737
-0.0147915	-0.263915	-0.155838	0.446092	0.0226447	0.180142	-0.351461	0.0432188	0.0302872	0.0636195
-0.0455386	-0.307691	-0.104113	0.399753	0.203727	0.152992	-0.505941	-0.0715656	0.41168	-0.133303
0.293216	-0.291993	0.137818	0.208009	-0.162565	0.220363	-0.428556	-0.0721364	0.312565	-0.216721
0.26498	-0.369077	0.0229176	0.312354	-0.200617	0.412383	-0.455536	0.163943	0.178198	-0.329547
0.164272	-0.371515	0.343354	0.320738	-0.114225	0.305952	-0.394797	-0.0565447	0.253056	-0.450291
-0.0295401	-0.272017	0.0677789	0.159171	-0.136238	0.280107	-0.303554	-0.0698704	0.307284	-0.00311902
-0.0898369	-0.579112	0.0337466	0.307937	0.0255651	0.0814463	-0.123567	-0.128546	0.562807	-0.0904381
-0.137765	-0.16432	0.209876	0.202063	-0.174944	0.277392	-0.0784362	-0.0599299	-0.125981	0.0520456
-0.303286	-0.00950954	0.295303	-0.2225	-0.0234221	0.272959	-0.107502	-0.301349	0.349918	0.0493892
-0.376301	0.0283847	0.0159127	-0.134034	0.12231	0.0476512	-0.132318	-0.226551	0.58232	0.0726263
-0.375309	-0.0325542	0.0222706	-0.0290498	0.0927676	0.0756155	-0.0713961	-0.241171	0.163134	0.395698
-0.257627	-0.0388162	0.257148	0.00457575	0.0908025	0.00748797	-0.0767695	-0.270434	-0.0515215	0.33516
-0.119484	-0.091523	0.0825043	-0.0473365	0.0341415	0.218553	-0.0445221	-0.272793	-0.0519568	0.29242
-0.0504719	-0.0372226	0.147311	-0.0348458	-0.0300094	0.147044	-0.0179054	-0.327544	-0.041076	0.244722
-0.00757471	-0.0184326	0.325298	-0.04294	-0.0683229	0.0822402	-0.00381254	-0.130981	-0.0762162	-0.0592581
-0.000577926	0.00892294	0.176962	-0.00784656	0.0131603	-0.0390828	-0.000403901	-0.0537489	-0.0381094	-0.0592756
-4.32009e-07	0.00205567	0.0268848	-1.94536e-05	-0.000165824	-0.000660222	-4.20559e-05	-1.76022e-06	-0.0056425	-0.0224082
0.0	0.0	0.0	0.0	0.0	0.0	0.0	0.0	0.0	0.0
0.0	0.0	0.0	0.0	0.0	0.0	0.0	0.0	0.0	0.0
0.0	0.0	0.0	0.0	0.0	0.0	0.0	0.0	0.0	0.0
-2.78366e-05	-2.86711e-07	-6.18364e-05	0.00456332	-9.20398e-05	-1.00442e-05	-3.74544e-07	-0.00625972	-0.000341614	0.00223044
-0.000131571	-0.00459595	-0.0215294	-0.0449104	-7.50509e-05	0.0575102	-5.54068e-05	0.0270801	-0.00481555	-0.00847705
-0.00314792	-0.0614291	-0.0653812	-0.01294	0.00478405	0.0672713	-0.000962886	0.142111	-0.122531	0.052226
-0.022541	-0.127674	-0.0981103	0.126742	-0.0575867	-0.0110797	-0.0018894	0.0525771	-0.238001	0.377565
-0.110067	-0.157683	-0.0817312	0.353911	-0.160921	-0.0168245	-0.00575639	-0.0290762	-0.154748	0.362901
-0.163935	-0.201799	-0.188624	0.607501	-0.244551	0.00815214	-0.0108783	0.0224732	-0.153179	0.324847
-0.247417	-0.179967	-0.391882	0.872179	-0.458509	0.0034472	-0.0420182	0.324996	-0.255697	0.374877
-0.362366	-0.289836	-0.471145	0.818229	-0.309089	0.206844	-0.0598306	0.417319	-0.202916	0.252795
-0.518008	-0.630254	-0.386534	0.72836	-0.0889799	0.241914	-0.0540504	0.21579	0.163239	0.328528
-0.523007	-0.516434	-0.392625	0.566303	-0.264706	0.383303	-0.0498419	0.480531	0.14189	0.174589
-0.678881	-0.311155	-0.240933	0.747157	-0.460755	0.36452	-0.0389267	0.378672	-0.057262	0.297567
-0.621192	-0.368861	-0.141652	0.594768	-0.206304	0.375771	-0.115156	0.283885	-0.0280734	0.22682
-0.591124	-0.415512	0.0243313	0.347963	-0.222392	0.110544	-0.115104	0.243522	0.197612	0.420164
-0.524746	-0.456675	0.110403	0.16928	-0.245289	0.424118	-0.123954	0.237608	0.325551	0.0837098
-0.350197	-0.477614	0.0515637	0.282542	-0.429657	0.343511	-0.101317	0.128562	0.313307	0.239302
-0.40953	-0.302772	-0.0328001	0.223459	-0.422792	0.331489	-0.063983	0.0881714	0.350614	0.238149
-0.359794	-0.165555	-0.24983	0.152468	-0.336208	0.221422	-0.055298	0.287246	0.212556	0.292999
-0.200933	-0.136212	-0.31708	0.237514	-0.459395	0.225572	-0.0357406	0.0938064	0.134013	0.458461
-0.220833	-0.0506931	-0.223101	0.0225577	-0.259563	0.17253	-0.0194907	-0.090401	0.0484735	0.620525
-0.16535	-0.0107437	-0.184817	-0.10849	-0.192014	0.269889	-0.0109205	-0.0664664	-0.0305533	0.49947
-0.0709525	-0.00647809	-0.169444	-0.0392662	-0.0859785	0.325108	-0.00754332	0.0070867	-0.0482756	0.0957447
-0.0188635	-0.000965458	-0.0802127	-0.00717415	-0.0795782	0.224028	-0.00332935	-0.0740019	-0.0143278	0.0544249
-0.00349697	-1.24678e-05	-0.00749467	-0.000264852	-0.051479	0.122912	-0.000616689	-0.00661737	-0.00709497	-0.0458347
-5.27636e-07	-1.20741e-05	0.0238725	-0.000283285	-0.00120245	-1.63748e-05	-2.7001e-05	-0.00128146	-0.00458851	-0.0164608
-3.86874e-07	-1.44259e-05	0.0285492	-4.17439e-06	-0.000175815	-1.24948e-05	-3.0761e-05	-1.39254e-06	-0.00453176	-0.023778
0.0	0.0	0.0	0.0	0.0	0.0	0.0	0.0	0.0	0.0
0.0	0.0	0.0	0.0	0.0	0.0	0.0	0.0	0.0	0.0
0.0	0.0	0.0	0.0	0.0	0.0	0.0	0.0	0.0	0.0
0.0	0.0	0.0	0.0	0.0	0.0	0.0	0.0	0.0	0.0
0.0	0.0	0.0	0.0	0.0	0.0	0.0	0.0	0.0	0.0
-0.000207983	-0.00107243	-0.000813005	0.00189833	0.00591162	-0.00305999	-3.98434e-05	-0.0809295	-0.0129831	0.0912959
-0.0041773	-0.00383431	-0.00325048	0.030866	0.00452215	-0.00929144	-0.000272512	-0.178784	-0.0466886	0.210911
-0.0215163	-0.00782169	-0.0116731	0.0531655	-0.065323	-0.0458193	-0.00113608	-0.153899	-0.0820726	0.336096
-0.047528	-0.0119322	-0.0282566	0.0640342	-0.173205	-0.148016	-0.00199487	0.00682903	-0.0288445	0.368916
-0.0669703	-0.0192807	-0.0358926	0.0272465	-0.284369	-0.19014	-0.00444911	0.128117	-0.00203549	0.447776
-0.128436	-0.0337054	-0.0381174	0.00076247	-0.450907	-0.124974	-0.00650167	0.245783	-0.0707388	0.606838
-0.115538	-0.109036	-0.0332266	0.0509675	-0.455774	-0.0324315	-0.00742557	0.248849	-0.165817	0.619437
-0.0829626	-0.0959826	-0.0909092	0.0667199	-0.536072	0.134888	-0.00951076	0.190236	-0.0966618	0.52026
-0.0542641	-0.12529	-0.0466627	0.0249908	-0.549686	0.120619	-0.0112162	0.0608079	-0.0960236	0.676728
-0.109473	-0.195034	-0.0854658	0.0482328	-0.616624	0.0184978	-0.0157222	0.43145	-0.121882	0.646024
-0.153486	-0.155171	-0.0657702	0.00653361	-0.779967	-0.0161297	-0.0130827	0.49083	-0.199179	0.885426
-0.118174	-0.0879675	-0.0865742	0.0228626	-0.667691	0.135132	-0.0107195	0.590841	-0.260512	0.482806
-0.0833402	-0.0694323	-0.113066	0.147497	-0.598856	0.0251765	-0.00973967	0.348022	-0.174647	0.528389
-0.119018	-0.0454581	-0.134586	0.124435	-0.540948	-0.0505419	-0.00932611	0.361394	-0.0836125	0.497665
-0.076644	-0.0643708	-0.0837835	0.0710887	-0.562116	-0.0966373	-0.0085715	0.342869	-0.0645983	0.542766
-0.0114736	-0.036834	-0.0281683	0.0250838	-0.452721	5.6308e-05	-0.00512258	0.236922	-0.0919987	0.364257
-0.0600274	-0.0129465	-0.0321373	-0.012797	-0.230586	0.0666887	-0.00350385	0.00318458	-0.0431002	0.325226
-0.0734476	-0.00666681	-0.0383068	-0.00973084	-0.11782	0.0636623	-0.00243391	0.00376563	-0.0150286	0.196007
-0.0374213	-0.00109272	-0.0141457	0.00152547	-0.0663101	0.0286585	-0.000429089	0.0859337	-0.00370738	0.0069886
-0.0019787	-1.0823e-05	-7.74956e-05	-0.000332478	-0.00445018	0.000455425	-8.26953e-05	-0.00221101	-0.000318582	0.00900654
-6.00684e-06	-1.6265e-09	-6.53239e-07	-1.51333e-06	-0.00161659	-4.02344e-05	-1.66005e-06	-0.000166913	-1.29994e-05	0.00184657
-2.31475e-07	-1.85557e-08	-1.56773e-06	-3.02165e-07	-7.5815e-08	-1.03025e-07	-8.64826e-10	2.57977e-05	-7.23422e-07	-2.27741e-05
0.0	0.0	0.0	0.0	0.0	0.0	0.0	0.0	0.0	0.0
0.0	0.0	0.0	0.0	0.0	0.0	0.0	0.0	0.0	0.0
0.0	0.0	0.0	0.0	0.0	0.0	0.0	0.0	0.0	0.0
0.0	0.0	0.0	0.0	0.0	0.0	0.0	0.0	0.0	0.0
0.0	0.0	0.0	0.0	0.0	0.0	0.0	0.0	0.0	0.0
0.0	0.0	0.0	0.0	0.0	0.0	0.0	0.0	0.0	0.0
-3.36767e-06	-4.30381e-06	-2.18752e-06	-7.08686e-07	-1.24671e-06	-9.96061e-07	-7.3964e-08	0.000203341	-4.38286e-05	-0.000146628
-6.23343e-05	-1.11464e-05	-8.4579e-06	-2.71099e-06	-5.7358e-06	-1.78587e-05	-8.25089e-07	0.00085041	-0.000123363	-0.00061798
-9.57294e-05	-9.87279e-06	-3.37909e-05	-4.10494e-05	-0.00966511	-6.86193e-05	-2.63224e-06	-0.00074983	-0.000160622	0.0108272
-0.000183394	-2.26094e-05	-0.000128838	-0.000109391	-0.0551731	-0.000642593	-3.93303e-05	-0.00712716	-0.000274013	0.0637004
-0.00051661	-4.82723e-05	-0.00019446	-0.00023089	-0.0568431	-0.00134302	-7.16243e-05	0.00974535	-0.000446653	0.0499493
-0.00114903	-4.84e-05	-0.000298348	-0.00162487	-0.0259914	-0.000950225	-2.91098e-05	0.0114592	-0.000978209	0.0196104
-0.00119298	-0.00489591	-0.0067049	-0.00934451	-0.0614102	0.00393494	-6.631e-05	0.0790126	-0.0179298	0.0185971
-0.00195879	-0.00171385	-0.00282934	-0.00518581	-0.0381575	0.0112862	-6.69779e-05	0.0213042	-0.00452869	0.0218506
-0.00403681	-0.00497642	-0.00110291	-0.00520553	-0.0494971	0.00713684	-0.000406887	0.0309915	-0.010807	0.0379046
-0.00675568	-0.00491021	-0.00136954	-0.00697162	-0.0391454	-0.0032592	-0.000422145	0.173215	-0.00885972	-0.101521
-0.0101871	-0.00233748	-0.00105642	-0.00961845	-0.131575	-0.0131832	-0.000848251	0.142793	-0.00711629	0.0331298
-0.0104004	-0.000526813	-0.0011804	-0.00766938	-0.0655258	-0.00953593	-0.000777832	0.141768	-0.00657748	-0.0395741
-0.00599291	-0.000334151	-0.00102623	-0.00934727	-0.038626	-0.00757676	-0.000550635	0.117148	-0.003576	-0.0501183
-0.00453878	-0.00780666	-0.0014894	-0.00693191	-0.0351772	-0.00976747	-0.000525569	0.15558	-0.00362189	-0.0857204
-0.00470166	-0.02419	-0.000897371	-0.0042812	-0.0465829	-0.00681118	-0.000351085	0.188437	-0.00414265	-0.0964792
-0.00232114	-0.000367787	-0.000535883	-0.00310822	-0.0381319	-0.00797055	-0.000200062	0.138943	-0.00281832	-0.083489
-0.00449185	-9.3747e-05	-0.00670806	-0.00162743	-0.00703958	-0.0206522	-0.000190834	0.0462173	-0.00377457	-0.00163899
-0.0139528	-2.99606e-05	-0.00458745	-0.000474724	-0.00555578	-0.00907416	-8.35436e-05	0.0215822	-0.00189529	0.0140715
-0.0418325	-5.19364e-05	-0.0145486	-0.000304329	-0.0138571	-0.0069136	-0.000208631	0.0658179	-0.00161417	0.0135129
-0.00955976	-3.38781e-06	-0.000184571	-2.91007e-05	-0.00314854	-0.00155891	-2.08481e-05	0.0233324	-0.000337223	-0.00849006
0.0	0.0	0.0	0.0	0.0	0.0	0.0	0.0	0.0	0.0
0.0	0.0	0.0	0.0	0.0	0.0	0.0	0.0	0.0	0.0
0.0	0.0	0.0	0.0	0.0	0.0	0.0	0.0	0.0	0.0
0.0	0.0	0.0	0.0	0.0	0.0	0.0	0.0	0.0	0.0
