0.0	0.0	0.0	0.0	0.0	0.0	0.0	0.0	0.0	0.0
0.0	0.0	0.0	0.0	0.0	0.0	0.0	0.0	0.0	0.0
0.0	0.0	0.0	0.0	0.0	0.0	0.0	0.0	0.0	0.0
0.0	0.0	0.0	0.0	0.0	0.0	0.0	0.0	0.0	0.0
0.0	0.0	0.0	0.0	0.0	0.0	0.0	0.0	0.0	0.0
0.0	0.0	0.0	0.0	0.0	0.0	0.0	0.0	0.0	0.0
0.0	0.0	0.0	0.0	0.0	0.0	0.0	0.0	0.0	0.0
0.0	0.0	0.0	0.0	0.0	0.0	0.0	0.0	0.0	0.0
0.0	0.0	0.0	0.0	0.0	0.0	0.0	0.0	0.0	0.0
0.0	0.0	0.0	0.0	0.0	0.0	0.0	0.0	0.0	0.0
0.0	0.0	0.0	0.0	0.0	0.0	0.0	0.0	0.0	0.0
0.0	0.0	0.0	0.0	0.0	0.0	0.0	0.0	0.0	0.0
-3.86815e-06	-6.50917e-06	-0.000758397	-7.07475e-05	-0.00501987	-0.000104358	0.00690725	-6.91015e-06	-0.000169905	-0.000766686
-2.49019e-05	-1.54196e-05	-0.00127078	-0.000171708	-0.0111362	-0.000229398	0.0149772	-1.97544e-05	-0.000381988	-0.00172713
-1.82857e-05	-1.29835e-06	0.000433823	-1.86903e-05	-0.000160673	-9.90396e-07	-0.00016386	-5.14511e-06	-1.10764e-05	-5.38026e-05
-7.61902e-07	-5.40978e-08	1.80759e-05	-7.78761e-07	-6.69471e-06	-4.12665e-08	-6.82751e-06	-2.14379e-07	-4.61515e-07	-2.24177e-06
0.0	0.0	0.0	0.0	0.0	0.0	0.0	0.0	0.0	0.0
0.0	0.0	0.0	0.0	0.0	0.0	0.0	0.0	0.0	0.0
0.0	0.0	0.0	0.0	0.0	0.0	0.0	0.0	0.0	0.0
0.0	0.0	0.0	0.0	0.0	0.0	0.0	0.0	0.0	0.0
0.0	0.0	0.0	0.0	0.0	0.0	0.0	0.0	0.0	0.0
0.0	0.0	0.0	0.0	0.0	0.0	0.0	0.0	0.0	0.0
0.0	0.0	0.0	0.0	0.0	0.0	0.0	0.0	0.0	0.0
0.0	0.0	0.0	0.0	0.0	0.0	0.0	0.0	0.0	0.0
0.0	0.0	0.0	0.0	0.0	0.0	0.0	0.0	0.0	0.0
0.0	0.0	0.0	0.0	0.0	0.0	0.0	0.0	0.0	0.0
0.0	0.0	0.0	0.0	0.0	0.0	0.0	0.0	0.0	0.0
0.0	0.0	0.0	0.0	0.0	0.0	0.0	0.0	0.0	0.0
0.0	0.0	0.0	0.0	0.0	0.0	0.0	0.0	0.0	0.0
0.0	0.0	0.0	0.0	0.0	0.0	0.0	0.0	0.0	0.0
0.0	0.0	0.0	0.0	0.0	0.0	0.0	0.0	0.0	0.0
0.0	0.0	0.0	0.0	0.0	0.0	0.0	0.0	0.0	0.0
-5.27836e-09	-3.55482e-08	-1.30578e-05	-1.03027e-08	-5.53642e-05	-1.13768e-07	7.10434e-05	-9.01537e-08	-7.76745e-07	-1.58964e-06
-1.14294e-07	-1.04855e-07	-4.09541e-05	-4.47891e-08	-0.000567635	-3.42124e-07	0.000617834	-9.08928e-07	-2.30687e-06	-5.42336e-06
-1.98499e-05	-1.07689e-07	-0.000484649	-8.15701e-06	-0.0519356	-1.95305e-05	0.0527033	-6.59435e-05	-5.32091e-06	-0.00016414
-4.107e-05	-8.05221e-05	-0.00118701	-1.93121e-05	-0.115558	-3.64299e-05	0.117941	-0.000542004	-6.79196e-05	-0.000408452
-6.23803e-05	-0.00387684	-0.00241003	-0.000210954	-0.118454	-0.000115266	0.130123	-0.00309473	-0.00096709	-0.000931148
-0.00022189	-0.0031535	-0.00495861	-0.000211901	-0.0477883	-0.000209526	0.0598851	-0.00161979	-0.00100987	-0.00071172
-0.00293488	-0.00186945	-0.008943	-0.000223962	-0.0552812	-0.000891281	0.0747143	-0.00101074	-0.000940161	-0.00261959
0.0334574	-0.000757839	-0.0331552	-0.000414516	-0.101152	-0.00102785	0.126105	-0.00911611	-0.00159705	-0.0123416
0.0709723	-0.00073364	-0.0370534	-0.00171057	-0.200089	-0.0081741	0.227621	-0.0259962	-0.00167523	-0.0231604
0.0296876	-0.00056634	-0.0217639	-0.00105752	-0.0945224	-0.00757498	0.114599	-0.00702237	-0.00212298	-0.00965609
-0.00144744	0.0230414	0.0102638	-0.00735434	-0.0204053	-0.00344139	0.00679754	-0.00041136	-0.00398458	-0.00305832
0.025919	0.0344161	0.0453509	-0.0095853	-0.127625	-0.00430111	0.0529843	-0.00102019	-0.00307912	-0.0130597
0.0746048	-0.0123998	0.100234	-0.00286648	-0.138004	-0.00467082	0.0205075	-0.00211029	-0.00408913	-0.0312062
0.0352168	-0.0059054	0.0163316	-0.00104219	-0.0537778	-0.00282838	0.0341858	-0.000966149	-0.00363821	-0.0175759
-0.00148848	-0.000361487	-0.0272496	-0.000245875	-0.0201337	-0.00399509	0.0578462	-0.000163233	-0.00197123	-0.00223755
-0.000774386	-7.40591e-05	-0.0197833	-0.000162632	-0.0422952	-0.00386633	0.0704052	-0.000229098	-0.00148124	-0.00173893
-0.00035284	-9.69437e-05	-0.00794878	-0.000166742	-0.0339708	-0.00202477	0.0471661	-0.000113157	-0.000891827	-0.00160016
-0.000144085	-0.000227713	-0.00385567	-7.26795e-05	-0.0340016	-0.000384398	0.0402496	-9.09352e-06	-0.0010342	-0.000520202
-1.95504e-05	-1.97185e-05	-0.000421943	-5.70355e-06	-0.0479155	-1.4984e-05	0.0488588	-2.45149e-05	-0.000141592	-0.0002953
-2.31101e-06	-1.46972e-06	-0.000198413	-6.9695e-07	-0.0185779	-1.38584e-05	0.0190432	-3.38904e-05	-5.66695e-05	-0.000158047
0.0	0.0	0.0	0.0	0.0	0.0	0.0	0.0	0.0	0.0
0.0	0.0	0.0	0.0	0.0	0.0	0.0	0.0	0.0	0.0
0.0	0.0	0.0	0.0	0.0	0.0	0.0	0.0	0.0	0.0
0.0	0.0	0.0	0.0	0.0	0.0	0.0	0.0	0.0	0.0
0.0	0.0	0.0	0.0	0.0	0.0	0.0	0.0	0.0	0.0
0.0	0.0	0.0	0.0	0.0	0.0	0.0	0.0	0.0	0.0
-4.44028e-08	-6.25684e-10	-7.22714e-07	-2.87105e-09	-6.2667e-06	-9.71697e-07	1.01497e-05	-8.46778e-12	-1.71382e-06	-4.26799e-07
0.00476056	-4.61242e-10	-2.97988e-05	-1.06928e-06	-0.00447724	-0.000143577	0.000460037	-0.000268193	-9.14189e-06	-0.000291583
0.00177504	-2.35834e-06	-0.000887642	-1.30775e-06	-0.0020055	-1.61434e-05	0.00138053	-9.38632e-05	-3.82624e-05	-0.000110492
-0.000441971	-1.06738e-05	0.000103101	-0.000379521	-0.00164025	-7.09646e-06	0.00241525	-3.42805e-06	-2.56441e-05	-9.77189e-06
-0.0321442	-5.91583e-05	-0.00115915	-0.00207159	-0.0543681	-5.66692e-05	0.090692	-0.0004626	-0.000182584	-0.000187899
-0.0373896	-0.00219616	-0.00747154	-0.00377717	-0.170448	-0.000973249	0.226232	-0.00206705	-0.000957216	-0.000952208
-0.0272413	-0.0412294	0.0357312	-0.0153544	-0.216362	-0.00435391	0.278973	-0.00506309	-0.00321959	-0.00188056
-0.0285368	-0.081969	0.15168	-0.0256655	-0.174883	-0.0172401	0.199556	-0.0067121	-0.0120393	-0.00418946
-0.0261213	-0.0556385	0.0898315	-0.0077006	-0.300249	-0.0622974	0.419284	-0.0160818	-0.0255549	-0.0154707
-0.0485171	-0.0699865	0.1636	0.0472571	-0.314992	-0.124571	0.462585	-0.0395399	-0.0486663	-0.0271658
-0.0524455	0.00943727	0.0958655	0.0632693	-0.422283	-0.121066	0.56339	-0.0403727	-0.0529465	-0.0428435
-0.082397	0.182282	0.0217704	0.005646	-0.283482	-0.123574	0.410006	-0.0183938	-0.0723633	-0.0394885
-0.144683	0.154269	0.0891583	-0.00216504	-0.161412	-0.14032	0.33213	-0.0218422	-0.0699054	-0.0352243
-0.169194	0.320464	0.186715	-0.0670457	-0.252302	-0.0847141	0.210911	-0.0269638	-0.0787966	-0.0390669
-0.130557	0.217789	0.150879	-0.0521821	-0.317146	0.0141707	0.270411	-0.0136973	-0.0906486	-0.049013
-0.111289	0.0635544	0.00177468	-0.0561637	-0.151655	0.0975131	0.262506	-0.00845195	-0.0661604	-0.0316256
-0.0690518	-0.00668242	-0.0298458	-0.084902	-0.132996	0.0910711	0.26331	-0.00412742	-0.00517052	-0.0216028
-0.049224	0.0455525	-0.112692	-0.0405925	-0.095861	0.0154601	0.30872	-0.00224256	-0.0532759	-0.0158421
-0.0355009	-0.00483467	-0.0370041	-0.0127572	-0.0786841	-0.0702962	0.266592	-0.00119633	-0.0194669	-0.00685212
-0.0178731	-0.0105607	-0.0339381	-0.0138682	-0.0731555	-0.080628	0.259856	-0.00103175	-0.0190154	-0.00978498
-0.00888527	-0.00379897	-0.040229	-0.0100495	-0.0748143	-0.045253	0.201056	-0.000708307	-0.0128208	-0.004497
-0.00447218	-0.00196312	-0.00829292	-0.00244486	-0.0458831	-0.0363652	0.104674	-7.96809e-05	-0.00476802	-0.000405319
-0.00064838	-0.000588001	0.0449848	-0.000208246	-0.00449591	-0.0129234	-0.023629	-3.21826e-05	-0.00242286	-3.68172e-05
-9.30726e-06	-2.63162e-05	0.0313793	-1.03684e-06	-0.000524464	-0.00103285	-0.0288679	-2.68833e-08	-0.000915798	-1.66192e-06
0.0	0.0	0.0	0.0	0.0	0.0	0.0	0.0	0.0	0.0
0.0	0.0	0.0	0.0	0.0	0.0	0.0	0.0	0.0	0.0
0.0	0.0	0.0	0.0	0.0	0.0	0.0	0.0	0.0	0.0
0.0	0.0	0.0	0.0	0.0	0.0	0.0	0.0	0.0	0.0
-9.91951e-08	0.00129101	-0.000157466	-6.38286e-05	-1.38274e-05	-1.087e-05	-0.000702301	-1.08786e-08	-0.000341519	-1.08687e-06
0.0114308	0.000307262	-0.000257994	-4.33636e-05	-0.0144538	0.000140821	0.00520374	-0.000783733	-0.000555887	-0.000987863
-0.00824172	-8.80761e-05	-0.00549039	-0.00600534	-0.00616175	0.0176677	0.0101395	-0.0011894	-0.00027101	-0.000359573
-0.0826606	-0.00501414	-0.00325509	0.137514	-0.00826715	-0.0635502	0.0332064	-0.00200115	-0.00499076	-0.000981559
-0.119495	-0.00320447	0.0023317	0.103559	-0.103333	-0.0401673	0.174634	-0.0030772	-0.0096497	-0.00159776
-0.130432	-0.0289536	0.0637719	0.151274	-0.167989	-0.0529823	0.215358	-0.0170633	-0.0292056	-0.00377697
-0.023165	-0.0873066	0.168652	0.196445	-0.324695	-0.064762	0.235197	-0.0544416	-0.0331452	-0.0127738
-0.0680494	-0.13227	0.480775	0.0820951	-0.43194	-0.0886341	0.274059	-0.0635569	-0.0203973	-0.0320748
-0.0352041	-0.212209	0.388212	0.206366	-0.404085	-0.0548672	0.328632	-0.120352	-0.0386476	-0.0578362
0.048572	-0.34898	0.47663	0.479951	-0.484113	-0.151396	0.362109	-0.184922	-0.10862	-0.0892256
0.027947	-0.157178	0.413778	0.561367	-0.708712	-0.0346948	0.256595	-0.133459	-0.106675	-0.118962
0.19984	-0.0808814	0.561148	0.301953	-0.845675	-0.0651319	0.289061	-0.127942	-0.0643822	-0.167986
0.192618	-0.153344	0.317247	0.57166	-0.593738	-0.0336785	0.23409	-0.130319	-0.197395	-0.20714
0.114811	0.060926	0.210671	0.428946	-0.562779	0.105916	0.198753	-0.120925	-0.192689	-0.243629
0.13149	0.171804	0.319729	0.296718	-0.490264	-0.034597	0.0215684	-0.0914748	-0.124643	-0.200327
0.010381	-0.0612697	0.197744	0.25208	-0.319417	0.102963	-0.00352217	-0.059095	0.00381109	-0.123674
-0.171264	-0.234147	-0.157615	0.35666	-0.266419	0.247982	0.193882	-0.0498152	0.113225	-0.032489
-0.204219	-0.154889	-0.168975	0.319382	-0.0672028	0.226677	0.247966	-0.0274236	-0.121631	-0.0496813
-0.120904	-0.201772	-0.2662	0.378841	0.00741961	0.312157	0.0397979	-0.0278387	-0.0771504	-0.0443458
-0.152739	-0.180348	-0.182694	-0.0705573	0.00749803	0.308649	0.237835	-0.0160186	0.0733872	-0.0250069
-0.112531	-0.139024	-0.173443	-0.174332	0.0329775	0.142719	0.32304	-0.00412735	0.111599	-0.00687597
-0.0517907	-0.0987097	-0.147214	-0.101031	0.0310051	-0.0749895	0.337567	-0.00122324	0.109044	-0.00265581
-0.0180883	-0.0826124	-0.0119691	-0.030533	-0.0126816	-0.0378416	0.176031	-0.000469349	0.0188014	-0.00063708
-0.00186247	-0.0243913	0.0256373	-0.000385939	-0.000624298	0.0659984	-0.0695999	-5.89127e-06	0.00527467	-4.06139e-05
-0.00139208	-0.0314504	-0.000473252	-2.12177e-05	-0.00023211	0.01234	0.0245672	-1.67091e-07	-0.0033351	-2.97552e-06
0.0	0.0	0.0	0.0	0.0	0.0	0.0	0.0	0.0	0.0
0.0	0.0	0.0	0.0	0.0	0.0	0.0	0.0	0.0	0.0
-2.63569e-08	-1.93468e-08	-2.47791e-05	3.92137e-05	-1.72759e-07	-1.29041e-05	-2.49933e-08	-1.432e-08	-1.25686e-06	-1.61229e-08
-3.61304e-05	0.00442187	-0.00126132	0.00161201	-4.89061e-06	-0.00160129	-0.00250935	-6.36404e-08	-0.000618445	-2.40062e-06
-0.000463328	0.000566186	-0.00944834	0.0245607	-0.00181593	-0.00843854	-0.00427109	0.000718201	-0.00115394	-0.000253912
-0.0111211	0.00792071	-0.0600764	0.0753843	0.0225969	-0.0512596	0.0268948	-0.00325218	-0.00641952	-0.000667786
-0.119666	0.0583265	0.0233665	0.317665	0.0271965	-0.230105	0.0145942	-0.0379863	-0.0453485	-0.0080416
-0.129044	0.0462904	0.209192	0.327011	-0.0793543	-0.245449	0.00716026	-0.0462844	-0.0787508	-0.0107659
-0.0301742	-0.03088	0.133901	0.349316	-0.0861426	-0.159789	0.0135288	-0.0875604	-0.0683388	-0.033856
0.0209163	-0.0306745	0.219298	0.486958	-0.277024	-0.371543	0.139602	-0.13524	0.0308474	-0.0831324
0.140695	-0.0604284	0.42235	0.383205	-0.372517	-0.276962	0.0092056	-0.247482	0.172884	-0.170942
0.116446	-0.091725	0.323993	0.512744	-0.506565	-0.0191788	0.0311889	-0.364583	0.203193	-0.205509
0.231131	-0.311607	0.409098	0.587579	-0.47086	0.170383	-0.116199	-0.406944	0.208806	-0.301384
-0.00823868	-0.161612	0.386082	0.445549	-0.334838	0.0628312	-0.129041	-0.342633	0.458426	-0.376523
0.0694744	0.206178	0.223886	0.482384	-0.130304	-0.256813	-0.0783473	-0.344125	0.153471	-0.325808
-0.0478181	0.161981	0.403402	0.320562	-0.349486	0.00810669	-0.0951983	-0.408095	0.439145	-0.432601
0.11497	-0.0372277	0.209023	0.331771	-0.47377	0.423941	-0.15255	-0.383474	0.428506	-0.46119
-0.0965625	0.0881143	0.174613	0.415109	-0.189842	0.0906612	0.0594929	-0.363951	0.3403	-0.517936
0.0970347	-0.0440368	0.105779	0.143164	-0.100068	0.129908	0.131897	-0.317363	0.201724	-0.348039
-0.0337266	-0.226544	0.0365666	0.355094	-0.109509	0.392947	-0.0260782	-0.255575	0.145046	-0.278221
-0.109233	0.137058	-0.15758	0.103354	0.204622	0.167213	0.0206632	-0.163385	0.113991	-0.316704
-0.0898247	0.064485	-0.139732	0.0221625	0.330317	-0.25291	0.0998124	-0.120326	0.289984	-0.203969
-0.123762	-0.0233875	-0.354452	-0.137483	0.331302	0.250187	0.214374	-0.0267447	0.0855598	-0.215593
-0.0899652	-0.12929	-0.435333	-0.0933707	0.376411	0.0960304	0.339009	-0.0484915	0.102645	-0.117639
-0.173574	-0.160669	-0.37217	-0.294792	0.373291	0.354568	0.324181	-0.0231029	0.0114222	-0.0391476
-0.21264	-0.312323	-0.190302	-0.0441682	0.240825	0.477117	-0.0941141	-0.00633904	0.152641	-0.0106921
-0.0576457	-0.156025	-0.00795681	-0.00433474	0.00166456	0.182124	-0.0803984	-0.00138629	0.127048	-0.0030884
-0.00634414	-0.0195141	-0.00594438	-0.000114528	-0.0277979	0.0283896	-0.0111062	-0.000349713	0.0442431	-0.00146173
-0.000118492	-0.0107237	-0.00529589	-2.71318e-05	-0.00422196	-0.00458393	0.0200334	-2.22701e-05	0.00514322	-0.000183286
0.0	0.0	0.0	0.0	0.0	0.0	0.0	0.0	0.0	0.0
0.0	0.0	0.0	0.0	0.0	0.0	0.0	0.0	0.0	0.0
-0.00038146	0.000516303	0.000585397	0.00246155	-0.000102734	-0.00270712	1.77163e-05	-6.8717e-06	-0.000380118	-2.66932e-06
-0.00491869	0.0108436	-0.00731542	0.114299	0.00169342	-0.0496493	-0.045326	-0.00201466	-0.013065	-0.00454737
-0.0320039	0.0235884	0.00830862	0.238031	0.0160713	-0.208034	0.0415756	-0.0267799	-0.0468685	-0.0138874
-0.160849	0.157667	0.0286934	0.465597	0.0534902	-0.269508	-0.190409	0.121729	-0.162684	-0.0437198
-0.0221631	0.0842164	0.0319967	0.451606	-0.0303084	-0.321259	-0.112582	0.152296	-0.13211	-0.101687
-0.0168571	-0.145248	0.0986383	0.331331	-0.0588949	-0.080862	-0.13819	0.146673	0.0118854	-0.148473
0.0697438	-0.351353	0.207537	0.137578	-0.0619751	-0.158956	0.112378	0.227487	0.00266385	-0.185102
0.0761732	-0.382036	0.0229065	0.170804	0.00460534	0.104077	-0.0126088	0.146933	0.12813	-0.258985
0.278109	-0.233059	0.110771	0.155352	-0.199052	0.206784	0.100335	-0.127193	-0.172636	-0.119413
0.157614	-0.363345	0.242306	0.184033	-0.116322	0.0812661	-0.492819	-0.208537	0.277422	0.23838
-0.0558265	-0.285594	0.160878	0.128671	-0.0189614	-0.00827861	-0.294555	-0.0511565	0.27856	0.146264
0.183508	-0.0676016	0.119924	0.154905	-0.323709	-0.0400335	-0.366887	-0.0640923	0.151221	0.252764
0.211108	-0.0391786	0.109344	0.0637799	-0.031163	-0.127241	-0.00702366	-0.292725	0.273751	-0.160652
0.141682	0.198289	0.156484	0.187833	-0.0240633	-0.142456	-0.281255	-0.402804	0.122934	0.043355
0.0922091	-0.157881	0.333845	0.38	0.0472624	0.0787679	-0.213646	-0.313782	0.181895	-0.428669
0.328483	-0.231799	0.159667	-0.0666461	-0.0924226	0.158728	-0.00292303	-0.389882	0.454616	-0.317818
0.35675	0.00224868	0.139841	0.0203255	0.110239	0.14858	0.145009	-0.430494	-0.231125	-0.261375
0.0373341	0.0138737	0.014186	0.192702	0.186944	0.00724462	0.200692	-0.583292	0.140739	-0.210426
-0.140062	0.113916	0.0863549	0.0243894	0.0594885	0.336561	0.0651689	-0.578268	0.246633	-0.214184
-0.00808898	0.319428	0.0759922	-0.129523	0.0618461	0.114767	0.110447	-0.3361	0.0740668	-0.282835
0.0165721	0.280082	-0.102705	-0.072489	0.253745	0.293112	-0.0208281	-0.235187	-0.0330058	-0.379294
-0.25531	0.122771	-0.285922	-0.262322	0.49696	0.378117	0.343499	-0.120614	-0.176889	-0.240287
-0.32097	-0.022326	-0.279741	-0.0946119	0.117849	0.501847	0.115331	-0.0341913	0.114558	-0.0977414
-0.13494	-0.198892	-0.0635841	-0.0250261	-0.0719062	0.349204	-0.0734554	-0.0108449	0.261734	-0.0322854
-0.0390547	-0.0414101	-0.0215373	-0.0021272	-0.0395482	0.0828684	0.0438881	-0.00462589	0.0259314	-0.00438419
-0.0153321	-0.0139717	-0.00777623	-0.000108642	-0.000427752	0.010587	0.0299896	-0.000167753	-0.00275576	-3.67027e-05
0.0	0.0	0.0	0.0	0.0	0.0	0.0	0.0	0.0	0.0
-5.57718e-06	-1.70568e-06	-6.91847e-05	0.000780924	-1.99586e-06	-6.12985e-05	-2.91627e-07	-1.62664e-05	-7.40551e-05	-0.000550549
-0.00187962	-0.027528	-0.00791485	0.00580496	-0.00297499	0.00449157	-0.00168346	0.0406884	-0.0047736	-0.00423035
-0.00396861	0.00699605	0.00741149	0.150844	-0.0458287	-0.163903	-0.0471872	0.173789	-0.0458699	-0.0322826
-0.0507344	0.0204765	0.136599	0.174072	0.0244895	-0.236217	0.0422513	0.104992	-0.112383	-0.103542
-0.0191879	-0.0244641	0.0810895	0.217522	0.207792	-0.135004	-0.130402	0.238083	-0.13412	-0.301301
0.0318381	-0.102583	0.164515	0.27136	0.116449	-0.0560759	-0.288842	0.367941	-0.197643	-0.306952
0.060449	-0.265605	0.117647	0.0555245	0.0726775	0.0608503	-0.0461516	0.352661	-0.0750826	-0.332969
-0.00365856	-0.380203	0.0473247	0.226098	-0.0417454	-0.0376186	-0.0510619	0.394316	0.021043	-0.174493
-0.289282	-0.485116	0.250971	0.377587	0.100705	-0.105871	-0.177123	0.228411	0.0585027	0.0412151
-0.00620932	-0.175373	0.253274	0.381252	-0.187299	-0.0509002	-0.365217	0.324954	-0.126698	-0.0477803
-0.0484331	-0.0321718	-0.0537873	0.186058	-0.313293	-0.092618	-0.312485	0.468419	-0.00382804	0.202138
-0.260453	-0.242311	0.0709181	0.00413579	-0.180978	0.0190856	-0.180419	0.312312	0.342302	0.115408
0.289222	-0.298152	0.00132381	0.433845	-0.383656	-0.0339318	-0.449682	-0.0151539	0.0234317	0.432754
0.221979	-0.219995	-0.0418947	0.147184	-0.439218	0.210228	-0.300116	0.00268471	0.0273985	0.39175
-0.0243513	-0.280575	0.0914796	0.116538	-0.496212	-0.047782	-0.112494	0.12538	0.39337	0.234648
0.0766798	-0.220384	0.16258	0.231439	-0.432579	-0.1351	-0.262698	0.0765883	0.0872473	0.416225
0.170769	-0.406446	-0.0370827	-0.0134529	-0.244331	-0.0113293	-0.197883	0.168616	0.196884	0.374256
0.342375	-0.0797089	-0.0356658	0.354264	-0.43926	0.0901794	-0.424704	0.0527269	-0.23866	0.378454
0.0282637	-0.237606	-0.090867	-0.164218	-0.0786961	0.310068	-0.228554	-0.051914	0.457775	0.0557491
0.0967258	0.0454703	-0.177762	0.0793333	-0.200862	0.184291	-0.109702	-0.10589	0.0983875	0.0900103
0.341058	0.0653887	-0.0870932	0.0869219	-0.108569	-0.0900861	-0.109296	-0.00464764	-0.0403384	-0.0533369
0.408069	0.0835029	-0.156275	-0.100311	0.197873	0.173477	-0.077942	-0.159129	-0.0910336	-0.27823
-0.0157074	0.11582	-0.479353	-0.153425	0.497804	0.261476	0.0889202	-0.253903	0.244501	-0.306136
-0.461482	0.00577659	-0.28967	-0.0593771	0.103302	0.83333	0.0750455	-0.107172	0.109347	-0.209098
-0.328366	-0.141569	-0.0718585	-0.05482	-0.0442308	0.479792	-0.0347692	-0.047593	0.310889	-0.0674703
-0.153689	-0.0212127	-0.0126924	-0.00573287	0.0625678	0.170411	-0.0532347	-0.0137636	0.0534307	-0.0260836
-0.0418491	-0.000319911	-0.000557825	-0.0004029	-0.00218698	0.0582298	-0.00326221	-0.000737875	-0.00815379	-0.000759263
0.0	0.0	0.0	0.0	0.0	0.0	0.0	0.0	0.0	0.0
-0.000357782	-0.002493	-0.00225635	0.0214383	-0.00118702	-0.00218036	-8.50629e-05	0.00725141	-0.00522183	-0.0149083
-0.00068116	-0.0476672	0.0376046	-0.0278575	-0.00453229	-0.0206344	-0.00726432	0.096355	-0.00846453	-0.0168581
-0.00583966	-0.0186502	0.0684779	0.0587843	-0.0179688	-0.17896	-0.0572648	0.301566	-0.0483743	-0.101767
-0.0913228	-0.00233909	0.347284	0.328349	0.107606	-0.530503	0.0368248	0.135013	-0.0517234	-0.279179
-0.00599313	-0.163904	0.195872	0.466077	0.343884	-0.27643	-0.0715778	0.0502414	-0.0343611	-0.503799
0.0926888	-0.268856	0.350437	0.188163	0.136432	-0.0182285	-0.348037	0.299192	-0.121737	-0.310051
0.0069552	-0.285362	-0.093097	0.0718114	0.161037	0.169609	0.0178357	0.297426	-0.0271378	-0.319079
-0.206962	-0.547344	0.207103	0.106527	-0.000702966	0.249097	-0.0813697	0.133898	0.185293	-0.0455379
0.0616418	-0.31122	-0.0163874	0.0420665	0.0404257	0.0454478	-0.131778	0.290332	-0.0651437	0.0446165
0.0359713	-0.0712274	-0.133654	-0.0703328	-0.23632	0.277388	-0.228238	0.374568	0.0824755	-0.0306281
0.106253	-0.245066	0.0925038	-0.037443	-0.0834344	0.163416	-0.0732768	0.249824	-0.253364	0.0805882
-0.025818	-0.0227339	-0.0951849	0.175128	-0.466841	0.0940975	-0.166702	0.254857	-0.176584	0.429783
0.163847	-0.235709	0.300863	-0.00606341	-0.302466	-0.241945	-0.349867	0.224327	-0.0484	0.495419
0.0550665	-0.0937589	0.0676092	0.354265	-0.438752	0.21395	-0.088346	-0.0845001	-0.409269	0.423739
-0.0769901	-0.450101	-0.0850897	0.268207	-0.335548	-0.244808	-0.104964	0.161648	0.357237	0.510412
-0.0352328	-0.205969	0.0442969	0.00865755	-0.433458	0.146987	-0.375186	0.237609	0.0516663	0.560629
0.320374	-0.229245	-0.295533	0.202066	-0.103455	0.0543021	-0.256899	0.287336	-0.238042	0.259099
0.326612	-0.30354	-0.0350001	-0.142655	-0.301235	0.0913633	-0.352416	0.384006	0.160144	0.17272
0.172514	-0.0673315	-0.10761	0.11918	-0.0263945	0.060043	-0.339879	0.170265	-0.0874243	0.106637
-0.0237395	0.0742747	-0.221039	0.0155713	-0.0524972	0.0871563	-0.357495	0.341571	-0.0328131	0.169009
-0.0130716	-0.0782577	0.00955234	-0.297104	-0.0505265	0.20955	-0.220589	0.180144	0.208715	0.0515875
0.0382799	-0.091956	0.220351	-0.275892	0.174717	0.243939	-0.324095	0.142007	0.0205368	-0.147889
0.210289	-0.129004	-0.597654	-0.26285	0.397268	0.360133	-0.177421	0.0165768	0.3673	-0.184638
-0.17009	-0.391448	-0.454538	-0.191597	0.166141	0.750868	0.109186	-0.06166	0.462632	-0.219489
-0.37897	-0.231233	-0.095483	-0.0692764	0.00664342	0.870022	-0.111309	-0.0719943	0.186666	-0.105063
-0.180436	-0.00869828	-0.018039	-0.00471746	0.0907411	0.160908	-0.0495698	-0.0133258	0.0682665	-0.0451285
-0.0120898	-0.00428383	-0.00154985	-0.000344883	-0.00296436	0.0262354	-0.0117039	-0.000507885	0.00838711	-0.00117799
0.0175283	-2.89837e-07	-0.000269923	-8.22428e-07	-0.000658271	-5.79327e-06	-7.76179e-06	-0.0110178	-2.52965e-05	-0.00554233
-0.00037978	-0.00208104	0.00164762	-0.00943199	-0.0160347	-0.00159487	-0.000257762	0.0769116	-0.00524875	-0.0435302
0.00301957	-0.0307518	0.0147222	-0.0233121	0.0217675	-0.0239567	-0.006707	0.139109	-0.0125736	-0.0813168
0.0128143	-0.00456523	0.0412038	0.0845409	0.00489917	-0.186917	-0.0490331	0.389483	-0.00885625	-0.283565
-0.125928	-0.0357335	0.385945	0.388939	0.060396	-0.700402	0.040895	0.313307	0.0386249	-0.366029
-0.0664604	-0.107924	0.0847767	0.175481	0.26614	-0.31474	-0.131532	0.26461	0.138446	-0.308791
-0.0354417	-0.252308	0.00758023	0.0257809	0.0634675	-0.0353893	-0.284068	0.271873	0.231225	0.007283
-0.060825	-0.189703	0.0138869	0.0563827	0.110384	-0.219376	-0.186463	0.595465	0.209857	-0.329612
0.00696436	-0.479378	0.0876674	-0.0864273	-0.133767	0.102682	-0.191522	0.351233	-0.00992478	0.352472
0.278578	-0.495642	-0.0778576	-0.137195	0.143281	0.0422932	-0.0938311	0.213008	0.18409	-0.056724
-0.0277047	-0.217678	0.28804	0.0712447	-0.162485	0.110674	-0.19789	0.0514833	0.0944671	-0.0101496
-0.0599661	-0.321403	0.103724	0.0211949	0.062112	0.11582	-0.163665	0.350026	-0.0340745	-0.0737676
0.248226	-0.0621574	-0.110175	0.101188	-0.212027	-0.0222896	-0.228223	0.401339	0.247581	-0.363459
-0.0205792	0.0454035	-0.0687599	0.0676035	-0.309769	-0.0484633	-0.227701	-0.0083338	0.351544	0.219056
0.260887	-0.00776188	0.0352956	0.184871	-0.433279	-0.0879109	-0.465224	0.273815	-0.198524	0.437832
0.313797	0.0160499	-0.0337466	0.140759	-0.26064	-0.203453	-0.530488	0.366448	-0.0239237	0.2152
0.651369	-0.32993	-0.139055	0.0709475	-0.551562	0.00378491	-0.464587	0.302446	0.23132	0.22527
0.304127	0.15645	-0.0160149	0.0743812	-0.239678	0.0253894	-0.366791	0.18517	-0.103676	-0.0193558
0.108227	-0.223824	-0.267251	0.366466	0.0103347	-0.0611094	-0.670341	0.496012	0.116711	0.124776
0.0129193	-0.0973342	0.226179	0.131393	-0.127764	0.123654	-0.543426	0.112887	0.194548	-0.0330562
0.241756	-0.290243	0.0535185	0.102186	-0.0808924	0.319171	-0.40809	0.267219	0.0550338	-0.259658
0.099465	-0.286177	-0.133486	0.0352441	-0.0170334	0.172854	-0.282267	-0.0665231	0.19219	0.285733
0.191239	-0.270859	-0.0461655	0.34371	-0.205799	0.0494515	-0.486081	0.251341	0.138164	0.0349972
0.455675	-0.51114	-0.0133039	-0.563046	0.151125	0.689724	-0.518113	0.139987	0.316393	-0.147298
0.104778	-0.567662	-0.513462	-0.44879	0.111724	1.19334	-0.328484	-0.131255	0.702088	-0.122274
-0.394228	-0.257362	-0.181504	-0.0961691	0.134992	0.940818	-0.239826	-0.128437	0.336257	-0.114533
-0.152933	-0.0190858	-0.0261775	-0.00665055	-0.0618246	0.264853	-0.139135	-0.019565	0.203773	-0.0432552
-0.00882981	-0.00320719	-0.00311651	-0.000107672	-0.00255453	0.00763991	-0.0135438	-0.00475432	0.0304305	-0.00195656
-4.24172e-06	-3.45615e-05	-1.30061e-05	-0.000179546	-0.000751797	-8.58694e-05	-3.32567e-06	0.00275946	-2.6338e-05	-0.00166077
-0.000491138	-9.13902e-05	-0.00124737	-0.00835596	-0.0154883	-0.00161881	-0.000136372	0.0883682	-0.00366538	-0.0572734
0.00949244	-0.0200094	-0.0356257	0.0511889	0.0126512	-0.0109423	-0.0119887	0.154632	-0.0319591	-0.117439
0.0418576	-0.0112268	0.0660257	0.219453	-0.15152	-0.208462	-0.0609309	0.425798	-0.0439328	-0.277054
-0.069739	-0.109562	0.24275	0.601088	-0.248149	-0.533785	0.0761572	0.422141	0.0349353	-0.415825
-0.0465452	-0.288042	0.433606	0.142249	-0.0378692	-0.299369	-0.250586	0.271148	0.104518	-0.029104
-0.112192	-0.27539	-0.0997058	0.110111	-0.0855715	-0.0692185	-0.262245	0.27058	0.231454	0.292181
-0.142641	-0.132958	-0.123994	0.209483	-0.0630949	-0.0219011	-0.0492314	0.193444	0.0992047	0.0316886
-0.122904	-0.249444	-0.121783	0.162834	-0.0129363	0.100029	-0.184742	0.153329	0.158362	0.117255
0.0807516	-0.417574	0.0813494	0.100082	0.000678766	-0.0979411	-0.206207	0.277107	0.194398	-0.0126425
0.193442	-0.187023	0.239131	-0.0740683	-0.250142	0.195475	-0.364365	-0.0427729	0.0358176	0.254507
-0.0635673	-0.120046	-0.0765205	-0.366747	-0.0270818	0.405586	-0.14845	0.173221	0.111001	0.112607
0.0187757	-0.151555	0.00827371	-0.227844	-0.123609	0.236241	-0.229876	0.531118	-0.134079	0.0725575
0.358293	0.083019	-0.00369779	-0.203524	-0.109945	-0.0781747	-0.471495	0.2637	0.0656604	0.0961642
-0.0163213	0.179636	0.116725	0.263268	-0.631231	-0.230962	-0.230059	0.612447	-0.230209	0.166709
-0.28298	0.552171	0.23006	0.466317	-0.367206	-0.428981	-0.458204	0.405286	-0.478219	0.361763
0.170003	0.203821	0.231243	0.304514	-0.0636432	-0.391393	-0.610232	0.284069	-0.0856069	-0.0427735
0.328729	0.0143829	-0.0868162	0.134146	-0.155799	-0.123497	-0.780434	0.590989	0.0488057	0.0294947
0.257242	-0.132432	0.0252557	0.0483811	0.121501	-0.0143754	-0.636331	0.294156	-0.0882472	0.124855
0.355001	-0.253835	-0.0653774	0.245328	-0.118504	-0.0442691	-0.595896	0.374423	0.0169613	0.0861697
0.28653	-0.406375	-0.0718763	0.299577	0.0696312	0.0365618	-0.36648	0.034366	0.0345206	0.0835475
-0.16957	-0.300931	-0.186665	0.129145	0.0603646	0.392033	-0.141938	0.316918	0.135108	-0.234464
-0.139809	-0.398858	0.0552309	0.4318	-0.00641532	0.250546	-0.522251	0.228303	0.0895611	0.0118925
0.528864	-0.518705	-0.0936708	-0.236099	0.0801282	0.573995	-0.391615	-0.0236048	0.330603	-0.249891
0.386635	-0.359515	-0.519409	-0.456767	-0.266266	1.42524	-0.383026	-0.0704876	0.454831	-0.21122
-0.35887	-0.185385	-0.136615	-0.0646174	-0.214504	1.19535	-0.401173	-0.0354886	0.358972	-0.157661
-0.137412	-0.0229367	-0.00497933	-0.0142587	-0.0871608	0.275678	-0.18102	0.0188526	0.219815	-0.066576
-0.00160503	-0.0031637	-0.00145529	-0.000511465	-0.00809184	0.0158555	-0.0080453	0.0655945	-0.0540911	-0.00448631
-6.16289e-06	-4.02531e-05	-2.69279e-05	-0.000304027	-0.00087688	-0.000107992	-3.92052e-06	0.00368086	-3.62376e-05	-0.00227845
-0.000513548	-4.20259e-05	-0.000454373	-0.00555021	-0.0146968	-0.00148633	-4.93893e-05	0.0830938	-0.00196911	-0.0583319
0.0466192	-0.0102324	-0.0289958	0.0176015	-0.0343904	-0.0136674	-0.0419017	0.244035	-0.0228751	-0.156192
0.0247378	-0.0702914	0.111825	0.361608	-0.14318	-0.187735	-0.0800717	0.329665	-0.125404	-0.221146
-0.0324435	-0.137836	-0.0832967	0.337718	-0.206318	-0.192894	-0.0451093	0.393376	0.217357	-0.250549
0.0652216	-0.300176	0.444782	-0.0173211	-0.21187	-0.157734	-0.225384	0.257195	0.0261239	0.119167
-0.0796421	-0.446213	0.476934	0.0131334	-0.209563	-0.103901	-0.182215	0.17699	0.093249	0.261229
-0.131169	-0.295027	-0.0272878	-0.013706	-0.0744681	0.202608	0.0225111	0.106215	0.190357	0.0199674
-0.0702861	-0.194196	-0.0467544	-0.245267	-0.024977	0.369427	0.0394971	-0.1314	0.140775	0.163182
0.113797	-0.314662	-0.213447	-0.514619	0.183891	0.415694	-0.241105	0.202994	0.247448	0.120008
-0.115868	-0.0087303	0.0597758	-0.438163	0.0122633	0.242033	-0.159897	-0.0368573	0.279368	0.166073
0.137744	0.149516	0.0873357	-0.499425	-0.00183907	0.227623	-0.185712	-0.235503	0.27736	0.0429034
-0.0480078	-0.060553	0.0376905	-0.59463	0.319801	0.381435	-0.332104	-0.270282	0.400202	0.166452
0.187291	0.380196	-0.18946	0.0750529	-0.286788	0.106021	-0.117941	0.211826	0.020846	-0.387042
0.0789736	0.55522	0.0584078	0.188755	-0.932698	0.0397469	-0.325796	0.400036	-0.00233311	-0.0603065
-0.197577	0.873091	-0.185014	0.116826	-0.0430655	-0.100833	-0.534273	0.504437	-0.341188	-0.0924013
0.0757985	0.305107	-0.0275745	0.268382	-0.285944	-0.229363	-0.465615	0.734608	-0.403508	0.0281107
0.386829	0.140579	0.248237	0.212029	0.029275	-0.464516	-0.470235	0.229725	-0.230501	-0.0814214
0.28183	-0.232374	0.0796499	0.206921	-0.00670222	-0.525357	-0.484088	0.325873	0.278143	0.0761081
-0.024042	-0.163657	-0.0914054	0.220595	0.152026	-0.431358	-0.521954	0.486583	0.341273	0.0319388
0.207896	-0.425112	-0.110244	0.313437	-0.163811	-0.216885	-0.249895	0.502548	0.155432	-0.0133641
0.142583	-0.301065	-0.115892	0.0705306	-0.0192584	-0.0285147	-0.255764	0.432851	0.181792	-0.107264
0.247939	-0.399295	-0.0822102	0.222256	-0.0511396	-0.035218	-0.410903	0.271402	0.242177	-0.0050082
0.514607	-0.405197	-0.182043	-0.0298469	-0.49956	0.716217	-0.0888309	-0.220851	0.316428	-0.12092
0.386442	-0.326512	-0.433735	-0.323541	-0.377745	1.81128	-0.251933	-0.150888	0.00488348	-0.338238
-0.364413	-0.124224	-0.0723129	-0.0236261	-0.262428	1.57034	-0.509086	-0.0137489	-0.094502	-0.105987
-0.16922	-0.0356314	0.0344105	-0.00780234	-0.113379	0.455858	-0.181358	0.0130159	0.0669373	-0.0628306
-0.000631243	0.00137039	-0.000810837	-0.000169137	-0.00236921	0.00530112	-0.0248729	0.0165702	0.0141137	-0.00850207
-2.96813e-05	-6.98236e-06	-2.8438e-05	-0.000198956	-0.000124606	-9.3452e-05	-4.31289e-06	0.00147395	-4.1603e-05	-0.000945915
0.0113541	0.000549107	-0.000799874	-0.00381569	-0.0329666	-0.0122459	-0.000231172	0.11665	-0.0024336	-0.0760599
-0.00429212	-0.000150197	-0.0138503	0.0199042	-0.144944	-0.0250639	-0.00144062	0.454866	-0.0139082	-0.271121
0.0133857	-0.0475572	-0.0479182	0.358805	-0.0978957	-0.249286	-0.0826494	0.418282	-0.0170611	-0.2481
-0.197903	-0.0857262	-0.175502	0.328278	-0.283656	-0.0944575	-0.0171101	0.476302	0.0734809	-0.0236981
-0.145933	-0.156333	0.0584813	-0.125108	-0.102386	-0.0554977	-0.0100545	0.13007	0.201746	0.205019
0.0166497	-0.406929	0.0298	-0.28445	0.13163	0.263896	-0.0897617	0.014962	0.120541	0.203666
0.0303672	-0.365536	-0.218634	-0.574991	0.0369338	0.150952	0.19559	0.111711	0.499418	0.13419
0.0135324	-0.289414	-0.426727	-0.434861	0.171892	0.166118	0.0232402	-0.221972	0.344618	0.653578
-0.240165	-0.333684	-0.432179	-0.493036	0.40925	0.158755	0.179265	0.202549	0.419584	0.129655
-0.0608731	-0.16069	-0.837129	-0.382924	0.547589	0.0943088	-0.0080562	0.311425	0.234879	0.261469
-0.0641945	-0.101555	-0.659788	-0.20975	0.0851791	0.114705	-0.106739	0.307289	0.224819	0.410031
-0.362282	-0.14749	-0.82722	-0.0303279	0.654042	0.218752	0.169376	-0.058992	0.188399	0.19574
-0.0445335	0.397834	-0.984606	0.292097	-0.852658	0.596519	0.227692	0.115643	0.218615	0.0334006
-0.451879	0.728386	-0.54307	0.0524485	-0.876002	0.090788	-0.246444	0.502647	0.70841	0.0347167
-0.730965	0.786385	-0.492148	0.241418	0.416762	-0.219476	-0.643634	0.397939	-0.0233492	0.267064
-0.650136	0.248172	-0.205848	-0.0526704	0.470834	-0.250586	-0.167586	0.415592	-0.113471	0.305702
-0.0211277	-0.120208	-0.40505	0.345713	0.184369	-0.192915	-0.39403	0.317739	-0.172264	0.457775
-0.286777	-0.0342653	-0.0605382	0.139832	0.00644981	-0.040577	-0.309949	0.497797	-0.240086	0.328115
0.0261509	-0.198475	0.314116	0.0657037	-0.0181103	-0.350366	-0.200243	0.223871	-0.0268506	0.164205
0.201242	-0.198848	-0.139216	0.380141	-0.235613	-0.674974	-0.143496	0.343809	-0.101364	0.568321
0.41146	-0.250618	0.0504006	-0.0803962	-0.265271	-0.460326	-0.0558254	0.305634	-0.00640916	0.351352
0.262049	-0.23885	-0.0380972	0.00548761	-0.268441	-0.538126	-0.135914	0.320395	0.289121	0.342376
0.281089	-0.210708	-0.146941	-0.20365	-0.520711	0.231545	0.353414	-0.213443	0.496291	-0.0668838
0.384113	-0.202046	-0.165883	-0.250964	-0.502532	0.839463	-0.0178252	-0.194644	0.385872	-0.275539
-0.250178	-0.118632	0.0815359	0.0136091	-0.222016	1.12052	-0.505908	-0.0877184	0.103957	-0.135166
-0.119936	-0.0386485	0.041905	-0.00356278	-0.0433148	0.307389	-0.29934	-0.0139332	0.208557	-0.0391146
-0.000441113	0.00721698	-0.00217954	-9.38856e-05	-0.00165661	0.00452701	-0.0153657	0.00401992	0.00686801	-0.00289507
-1.5218e-06	-3.32834e-08	-1.58702e-05	-8.59817e-05	-1.79145e-06	-1.4764e-05	-1.72694e-08	0.0017909	-2.14859e-05	-0.00164943
4.28007e-05	-0.000259065	-6.12795e-05	-0.00344891	-0.0447212	-0.0173073	-0.000319761	0.111456	-0.00137807	-0.0440034
-0.00480025	-0.00389323	-0.00199666	-0.00981646	-0.166382	-0.0233491	-0.00140109	0.456887	-0.0100636	-0.235185
-0.0206868	-0.00480306	-0.176785	0.0716286	-0.220114	-0.101189	-0.0712483	0.620606	0.0998283	-0.197234
-0.136805	0.00509137	-0.272161	-0.00385236	-0.420275	0.0197145	-0.0559918	0.555703	0.000502386	0.30808
-0.0117982	-0.0719259	-0.531395	-0.228912	-0.0566862	0.012195	-0.0512605	0.308087	0.282813	0.348883
0.255769	-0.135223	-0.933161	-0.335492	0.195973	0.321803	0.16011	0.0397849	0.0358045	0.39463
0.0138622	-0.185341	-1.1344	-0.322952	0.346896	0.0804726	0.265381	0.442169	0.265013	0.228891
-0.0809324	-0.215263	-0.54116	-0.42757	0.460695	0.000562044	0.198313	0.510775	-0.0739539	0.168532
-0.0620844	-0.12168	-0.517979	-0.1511	0.182007	-0.0640445	0.253876	-0.0699531	0.119185	0.431773
0.0080254	-0.357324	-0.608717	0.217879	0.53404	0.327834	-0.0322569	-0.176874	-0.179434	0.26683
-0.000815489	-0.501022	-0.598819	-0.15226	0.551614	0.122068	0.361316	0.0995612	-0.120471	0.238827
0.170182	0.0757296	-0.564117	-0.0132875	1.05791	0.104268	0.181772	-0.726277	0.0764244	-0.362607
0.0929486	0.193022	-0.362499	-0.00473795	4.09558e-05	0.299172	0.212004	-0.979962	0.494398	0.0556121
-0.594513	1.00418	-0.471848	0.543828	-0.564809	-0.151084	-0.27138	0.02041	0.210139	0.275073
-0.889145	0.472285	-0.519046	0.196572	0.182948	0.0363793	-0.369723	0.469239	0.0988109	0.321687
-0.681156	0.17162	-0.259053	0.120304	0.362144	-0.354542	-0.0995744	0.516157	0.0135828	0.21052
-0.0253418	0.143852	-0.346805	-0.0827779	0.0207301	-0.472549	-0.123836	0.48871	0.123828	0.274195
-0.057167	-0.0240683	-0.284151	0.131699	-0.0317277	-0.334562	-0.185244	0.429233	-0.0735635	0.429556
0.121507	-0.219684	0.271344	-0.0698285	0.175102	-0.416043	-0.375871	-0.135128	0.270986	0.377615
0.116632	-0.156386	-0.0555707	0.0319123	0.155249	-0.47118	-0.186721	-0.0204151	0.226032	0.360451
0.126691	-0.0884151	0.00892139	-0.627617	0.335024	-0.89774	0.0836261	0.138503	0.448977	0.472023
0.311927	-0.0896045	-0.0617251	-0.514187	0.15339	-1.26852	0.375267	0.137612	0.428785	0.527065
0.418214	-0.0556744	-0.38997	-0.303995	-0.197796	-1.19911	0.795364	-0.243989	0.780372	0.396593
0.654636	-0.0671584	0.187167	-0.137719	-0.117811	-1.12946	0.359524	-0.199205	0.778812	-0.328773
-0.0290174	-0.0481005	0.35542	0.0254085	-0.071315	0.0345425	-0.294384	0.0196473	0.174653	-0.166851
-0.0735098	-0.0371455	0.240351	-0.000509611	-0.0334467	0.205749	-0.320829	0.0453287	0.0288814	-0.0548698
-0.000394297	0.00572912	0.0257521	-0.000131105	-0.0120876	-0.00479557	-0.0174314	0.0210103	-0.015769	-0.00188256
-6.47142e-09	6.22694e-05	-7.47788e-06	-2.09802e-05	-1.9466e-07	-1.99175e-06	-1.47747e-06	-1.20891e-05	-6.21669e-06	-1.18352e-05
0.000776631	-4.45023e-05	-4.25972e-05	-0.00166759	-0.0322604	-0.00279215	-0.000349039	0.0614074	-0.000268523	-0.0247593
-0.00219687	-0.00126101	-0.000866606	-0.00592846	-0.109418	-0.00604872	-0.000551948	0.281493	-0.00258149	-0.15264
-0.00307839	0.0137627	-0.223313	0.028359	-0.176951	0.003722	-0.0620609	0.50179	0.059753	-0.141982
0.0464008	0.0405716	-0.652703	-0.238226	-0.177128	0.114836	-0.100376	0.323614	-0.0806341	0.723657
-0.0336816	-0.0537	-0.907806	-0.247003	0.237942	0.226664	0.0988158	0.147885	0.0823814	0.448501
0.317605	-0.106236	-1.15865	-0.284788	0.497376	-0.13598	0.489138	0.238632	0.00928106	0.13362
0.331376	-0.176726	-0.851876	-0.357128	0.288673	0.175573	0.033924	0.189113	0.0275283	0.339541
0.079477	0.0180655	-0.329221	-0.22786	0.349301	-0.00783054	-0.00667188	-0.0116818	-0.115739	0.252161
0.0849452	-0.0694303	-0.250882	-0.118788	0.398129	0.085468	0.0754292	-0.187956	0.0687046	-0.0856225
0.204031	-0.69723	-0.173419	-0.170984	0.463491	0.17098	0.269109	0.0469573	-0.192174	0.0792399
0.0385313	-0.722179	0.13592	-0.213867	0.614457	0.272139	-0.0405408	-0.198519	0.127721	-0.0136641
0.126614	0.050742	-0.0852617	0.111975	0.455436	0.495655	0.0796276	-1.14002	0.222606	-0.317369
-0.490243	0.269316	0.232253	0.40498	-0.328322	0.265009	0.127404	-1.10975	0.519095	0.110257
-0.706482	0.612605	0.0957915	0.24992	-0.0233917	-0.128617	-0.225228	-0.0302291	-0.114663	0.270298
-0.906011	0.396928	-0.289171	-0.230943	0.470106	-0.290978	0.0528683	0.0532163	0.458057	0.285936
-0.627331	0.159141	-0.299503	0.120308	0.223079	-0.474304	0.0348166	0.237842	0.142132	0.483821
-0.211015	0.440915	-0.113651	0.0620665	0.161294	-0.186614	-0.340428	0.069248	-0.166641	0.284829
-0.0510793	-0.228478	-0.275767	0.242362	0.223656	-0.114005	-0.173179	0.0686039	0.0525544	0.255333
-0.0455622	-0.331964	-0.259061	0.0291308	0.0896451	0.022408	0.140785	-0.222986	0.0680817	0.509523
-0.319896	-0.193687	-0.241529	-0.537661	0.351277	-0.0235912	-0.102653	0.316901	0.34551	0.40533
-0.0800448	-0.130991	0.0270553	-0.564428	0.391349	-0.311145	0.292926	0.17787	-0.186228	0.383639
0.228754	-0.147319	-0.0313406	-0.708946	0.349321	-0.357662	0.425131	-0.0833135	0.0462092	0.279169
0.431722	-0.137393	-0.100183	-0.314148	-0.0478297	-0.792412	0.904412	-0.0802524	0.368075	-0.23199
0.485296	-0.129791	0.623964	-0.0991611	-0.26889	-0.916255	0.443771	0.0558984	0.294821	-0.489637
0.125819	-0.0854499	0.730473	0.004503	0.0186553	-0.27094	-0.369762	0.0528725	0.0548129	-0.260982
-0.0213286	-0.0447042	0.535131	-0.00165698	-0.0201871	-0.0136928	-0.31482	0.00267571	-0.0396053	-0.0818111
-0.0030941	-0.000712173	0.164584	-0.00444459	-0.0413986	-0.0423077	-0.0549428	-0.0120169	-0.0031781	-0.00248883
-4.27509e-05	-1.3322e-06	-2.98574e-05	-0.00229888	-0.000151408	0.0108291	-0.000151574	-7.19038e-05	-0.00029215	-0.00778929
-5.74705e-05	-1.31496e-05	-0.0165283	0.0175239	-0.0174825	-0.00128463	-1.43838e-05	0.0321907	-0.000911853	-0.0134223
-0.000772557	0.00164336	-0.0110443	0.00933344	-0.0450312	-0.0020107	-5.70795e-05	0.152594	-0.00136127	-0.103293
-0.0978124	0.0266671	-0.188368	0.0377106	-0.0150425	0.0391117	-0.0294096	0.251264	-0.00887117	-0.0152482
-0.0295561	0.0433209	-0.421273	-0.125103	0.406715	0.0875232	-0.308873	0.159083	-0.193245	0.381419
0.27306	-0.0721039	-0.68239	-0.360056	0.567056	-0.045794	0.041779	0.181012	0.0258475	0.0715898
0.156856	-0.134122	-0.262743	-0.44799	0.317612	-0.106045	0.280934	-0.06867	-0.0684505	0.33262
0.544261	-0.198037	0.117808	-0.375945	0.364927	-0.0524063	-0.022372	-0.0273817	-0.533329	0.182476
0.223485	0.0062515	-0.0942001	-0.177152	0.314855	0.0767203	0.140572	-0.130511	-0.356745	-0.00327715
0.300323	-0.231099	-0.105276	-0.101366	0.257023	0.116035	0.36781	-0.34562	-0.298124	0.0402904
-0.0603451	-0.715359	0.0840464	-0.136252	0.256486	0.308918	0.345162	-0.143079	0.0476819	0.0127431
0.147392	-0.647923	0.10299	-0.285291	0.368641	-0.00815254	0.514607	-0.5416	0.343184	0.00615458
0.276463	0.110848	-0.0987119	0.190879	0.331824	0.0767487	0.147828	-1.0868	0.186426	-0.135505
-0.225428	0.266269	0.280851	-0.0437668	-0.286352	0.0477985	-0.0715567	-0.582093	0.466326	0.147953
-0.777333	0.577181	0.0841132	0.130662	0.0738543	-0.0706878	-0.171435	-0.149367	0.243297	0.0597193
-0.708614	0.441873	-0.226025	0.0264905	0.210004	-0.104614	0.0723582	-0.100834	0.204413	0.184951
-0.827801	0.287168	-0.0739766	0.000750693	0.372948	-0.338225	0.235549	0.0264089	-0.0373501	0.354528
-0.161717	-0.146051	-0.354945	0.127111	0.577406	-0.352282	-0.408715	0.313704	0.0954142	0.310076
-0.069882	-0.636104	0.160394	0.00330119	0.211075	-0.188407	-0.141336	0.484672	-0.104379	0.280667
-0.164271	-0.49574	-0.0533612	-0.221834	0.431303	-0.325528	-0.00952526	0.76409	0.0401321	0.0347339
0.0914125	-0.28646	0.135597	-0.36928	0.208585	-0.0257662	-0.16734	0.394727	-0.233513	0.252038
0.244746	-0.198222	-0.141026	-7.33788e-05	0.0251282	-0.1669	0.13279	0.0400434	-0.147627	0.211139
0.108708	-0.138155	-0.0935217	-0.308085	0.145678	0.110657	0.355565	0.308602	-0.461086	-0.0283617
0.382536	-0.0997793	0.201054	-0.203931	-0.0894759	-0.0198276	0.450303	0.348577	-0.413538	-0.555916
0.565344	-0.0498092	0.405897	-0.0152372	-0.272597	-0.223999	0.319249	0.0366992	-0.22881	-0.536728
0.0941052	-0.0426776	0.647708	-0.0296002	-0.0949978	-0.334113	-0.0845166	-0.0862843	0.0853427	-0.154961
-0.0103071	-0.00627585	0.436889	-0.0184936	-0.0991118	-0.0450415	-0.219661	-0.00943892	-0.00983108	-0.0187281
-0.000297338	-3.33696e-05	0.0164449	-0.00318032	-0.00451109	-0.00194967	-0.00572574	-0.000146379	-0.000552435	-4.85663e-05
-1.6341e-05	-5.28332e-07	-9.82363e-06	-0.000755014	-5.96682e-05	0.0034809	-5.01733e-05	8.1394e-05	-0.000100492	-0.00257026
-5.97638e-05	-7.4286e-06	-0.0352286	0.0387288	-2.76112e-05	-0.00144011	-6.76893e-06	-5.80145e-05	-0.00186323	-3.72471e-05
-0.0017676	0.010295	-0.0189653	0.0420015	0.0236502	-0.0075348	-0.000307363	0.0343402	-0.00249787	-0.0792139
-0.118701	0.00514813	0.0249273	0.0272718	0.0931587	-0.0338351	-0.0937896	0.12594	-0.0157262	-0.0143932
0.162511	-0.00571116	0.122364	0.0642357	0.265115	-0.0585438	-0.484658	0.0206658	-0.183072	0.097099
0.428579	-0.131232	0.360128	-0.0516708	0.201766	-0.321284	-0.0988141	-0.111773	-0.323906	0.0482118
-0.106866	-0.22925	0.411629	-0.0177644	0.21851	-0.131991	0.220881	-0.0879469	-0.325327	0.0481253
0.443601	-0.166679	-0.0825712	-0.261904	0.371549	-0.242139	0.308501	-0.177846	-0.266706	0.0741915
0.318297	-0.0580429	-0.138621	-0.340761	0.28973	0.0596367	0.257302	-0.342333	-0.144723	0.0995146
0.315101	-0.320021	0.0272363	-0.284951	0.385465	0.189048	0.135028	-0.387942	-3.52502e-05	-0.058927
0.359493	-0.511396	0.0260866	-0.214486	0.349613	0.0656169	0.223948	-0.203926	-0.134677	0.0397313
0.0340572	-0.149211	-0.105233	-0.0739408	0.435298	0.0354452	0.38888	-0.580193	-0.0898752	0.104771
-0.0795212	0.272592	-0.11224	0.0420262	0.194447	0.177343	0.242676	-0.757399	0.112812	-0.0927348
-0.605855	0.442358	0.219944	0.0207239	-0.273208	0.00270608	0.16129	-0.257955	0.37239	-0.0823911
-0.9318	0.717496	0.104198	0.226877	0.0966714	-0.353751	0.278936	-0.394296	0.494345	-0.238675
-0.692347	0.0256984	0.0380108	0.210925	0.237164	-0.290067	-0.00192219	0.181381	0.0908439	0.200317
-0.532388	0.410159	-1.33901e-05	-0.0362172	0.559537	-0.145101	-0.0936152	-0.276348	-0.0863529	0.200343
-0.304757	-0.580652	-0.18718	-0.0516757	0.514766	-0.286956	-0.0412977	0.676633	-0.183109	0.444229
-0.0209162	-0.633285	-0.180309	-0.24853	0.119037	0.338106	-0.120846	0.584601	0.00650969	0.155635
-0.0159032	-0.568114	0.0148598	0.0696404	0.258347	-0.0202535	-0.0194942	0.239809	-0.101735	0.142844
0.311431	-0.398101	-0.316342	0.362795	-0.176378	-0.134642	0.122764	0.405357	-0.313285	0.136397
0.0858425	-0.210789	-0.17317	0.247147	-0.108048	-0.0112155	0.18111	0.33916	-0.285363	-0.0646737
0.15218	-0.172027	-0.392845	0.248643	0.252044	-0.157969	-0.0412919	0.473119	-0.168832	-0.193019
0.354421	-0.11451	-0.104034	0.304672	-0.113701	0.132325	0.140804	0.190369	-0.341125	-0.449222
0.445205	-0.0643282	0.623405	0.181062	-0.577647	0.138248	0.228467	-0.0953714	-0.406928	-0.4721
0.0230304	-0.0340351	0.685694	-0.0760896	-0.221497	-0.192985	0.157991	-0.211166	0.0319823	-0.162919
-0.018154	-0.0118338	0.421562	-0.024028	0.0425293	-0.0737274	-0.206963	-0.039761	-0.0276933	-0.0619316
-0.00260468	-0.00135627	0.0695018	-0.000887405	-0.0079293	-0.030689	-0.0168516	-0.000767364	-0.00378371	-0.0046325
-1.33882e-05	-5.26433e-07	-2.70332e-07	-1.30505e-05	-5.76688e-05	-0.000370994	-3.10153e-06	0.000599644	-2.76135e-05	-0.000113032
-5.00031e-05	3.38634e-05	-0.017329	0.02156	-1.71567e-05	-0.000813103	-2.58257e-05	-0.00138424	-0.000971165	-0.00100336
-0.0059776	0.00826246	-0.000613064	0.101408	-0.0118981	-0.0312102	-0.0016784	-0.00696352	-0.00603074	-0.0452986
-0.0760612	-0.00387201	0.34887	0.1513	-0.09415	-0.0176464	-0.145606	-0.0846896	-0.00977099	-0.0683704
0.237645	-0.0206456	0.428012	0.390151	-0.278474	-0.0789003	-0.481962	-0.0498564	-0.224224	0.0782636
0.53353	-0.162045	0.230175	0.212234	-0.16834	-0.14532	0.0824019	-0.189174	-0.407375	0.0139138
0.267302	-0.35758	0.442365	-0.0994485	0.0516577	-0.132959	0.333344	-0.0710713	-0.224472	-0.209134
0.205045	-0.320149	0.0586797	-0.284854	0.38148	-0.551098	0.426578	0.16993	0.0352453	-0.120856
0.358958	-0.228473	-0.20909	-0.497395	0.344064	-0.25811	0.317651	-0.127688	0.0449826	0.255098
0.286579	-0.0290905	0.214607	-0.0336908	0.167162	-0.458236	0.326813	-0.188739	0.017935	-0.30334
0.207704	-0.111847	0.160627	-0.144589	-0.109707	-0.0794945	0.348878	-0.547347	0.225644	0.0501328
0.118166	-0.124728	0.210764	-0.0397002	-0.0921835	-0.155239	0.793163	-0.865455	0.0193903	0.135822
-0.28355	-0.270496	0.239166	0.0186327	0.10761	-0.00382392	-0.0528035	-0.198469	0.549295	-0.10556
-0.895738	0.41521	0.450284	0.396648	-0.037008	-0.0660715	0.00946278	-0.135768	0.125353	-0.262373
-0.685992	0.734999	0.16736	0.0275714	0.373506	-0.348603	0.183038	-0.533201	0.0955531	-0.0142299
-0.397382	-0.12938	-0.116754	-0.177961	0.563827	-0.142103	0.0965389	0.183975	0.119667	-0.000427301
-0.328706	0.0911848	0.220616	-0.450851	0.409241	-0.309094	-0.0144506	0.0330277	0.149397	0.199637
-0.00339833	-0.940863	0.463273	-0.0927353	0.261306	-0.177589	-0.266942	0.399899	0.0776243	0.279426
0.0444155	-0.662419	0.0360591	0.389976	0.178902	-0.221458	0.119435	0.112442	-0.156728	0.159375
0.0378217	-0.490357	0.00790301	0.3635	0.113254	0.0893082	0.262111	0.291415	-0.520041	-0.154914
0.300866	-0.300911	-0.172363	0.150562	0.333688	0.159526	-0.00498884	0.186689	-0.574427	-0.0786412
0.164974	-0.18511	0.429318	0.0402661	0.209796	-0.0760284	0.0815184	0.269943	-0.584125	-0.350556
0.173732	-0.192214	0.263024	0.278067	-0.110015	0.203003	-0.0974543	-0.0707267	-0.378557	-0.0688565
0.156504	-0.172167	0.23584	0.528885	-0.250961	0.188314	-0.0526393	-0.156575	0.028249	-0.505447
0.0693019	-0.0482708	0.57642	0.427177	-0.369954	0.00191842	0.182316	-0.164755	-0.235406	-0.438739
-0.105762	-0.0858419	1.11126	-0.140248	-0.160786	-0.188746	0.0652898	-0.200055	-0.138859	-0.15624
-0.0537982	-0.0454347	0.672401	-0.0255463	-0.117225	-0.119984	-0.172405	-0.0333537	-0.0650706	-0.0395834
-0.00161084	-0.00112754	0.111523	-0.00152163	-0.00533197	-0.0550612	-0.0399136	-0.0024438	-0.00394859	-0.000563742
0.0	0.0	0.0	0.0	0.0	0.0	0.0	0.0	0.0	0.0
-6.47184e-05	0.000464967	-0.00672012	0.00817757	-1.27784e-05	-0.000603986	-2.60768e-05	-0.000100861	-0.000829377	-0.000284618
-0.0205639	-0.000168612	0.0687974	0.082542	0.00150175	-0.0480552	-0.00338016	-0.00359676	-0.00607964	-0.0709968
-0.0570285	-0.00810546	0.328924	0.391449	-0.28353	0.0304621	-0.128755	-0.0943233	-0.0429189	-0.136168
0.152073	-0.0420325	0.476136	0.459415	-0.168917	0.0986656	-0.524222	0.000814438	-0.187634	-0.264293
0.407859	-0.310847	0.330922	0.0857087	-0.214554	0.277274	-0.00910218	-0.0240274	-0.286095	-0.257134
0.353422	-0.515345	0.27225	-0.0285727	-0.0728587	0.508948	0.100772	-0.230553	-0.121493	-0.266565
0.280349	-0.439118	0.150826	0.0185477	0.164207	-0.309552	0.201939	-0.3174	0.12647	0.123731
0.0321286	-0.232926	0.145054	-0.240756	0.23218	-0.309835	0.368073	-0.221929	0.0653963	0.162612
0.256842	-0.141642	0.195935	-0.600598	0.108064	-0.220105	0.397862	-0.23343	0.356125	-0.119053
0.429436	0.113389	0.459397	-0.620994	0.00769392	-0.383212	0.652191	-0.672607	-0.0657694	0.0804768
0.104056	-0.186882	0.315542	-0.445035	-0.0608906	-0.289209	0.574957	-0.236354	0.318379	-0.0945619
-0.0896333	0.0881561	0.388104	-0.279953	-0.0572417	-0.523091	0.0646794	0.00118838	0.325302	0.0824864
-0.705189	0.466514	0.337485	-0.224643	0.15238	-0.485976	0.146255	0.0431605	0.267799	0.00221602
-0.632515	0.586231	0.0699331	-0.411978	0.549587	-0.289152	0.130893	0.0606554	0.0977958	-0.161447
-0.348286	0.03699	0.219304	-0.47443	0.346389	-0.0402953	0.0115505	0.100854	-0.143925	0.291847
-0.0628638	-0.363576	0.0375108	0.0169356	0.273106	0.0230066	-0.121947	-0.0947116	0.269454	0.023089
0.199029	-0.757059	-0.278368	0.295651	0.250836	0.26697	0.0644934	0.0242505	-0.124477	0.0586764
-0.0761268	-0.36046	0.0248746	0.0214333	0.348196	0.324266	0.151093	0.125508	-0.472131	-0.0866524
0.10267	-0.233452	0.0568886	0.347944	-0.186039	0.133643	0.179863	-0.160908	-0.0199699	-0.220641
0.229743	-0.174319	-0.0876192	-0.0126934	0.0734425	0.0353673	0.0290448	0.0905565	-0.034776	-0.148747
-0.0717691	-0.107176	0.040249	0.0188525	0.205768	0.00558698	0.149869	0.0230111	-0.0826202	-0.181773
0.215102	-0.00943848	0.115333	0.258873	-0.164484	-0.0988572	0.120262	0.0496426	-0.194621	-0.291811
0.0543424	-0.0425097	-0.132732	0.483076	-0.223851	0.165322	0.0770425	-0.102287	0.24765	-0.526049
-0.00573295	-0.00283466	0.442284	-0.0961834	-0.338833	0.0701393	0.190694	0.124076	0.0612511	-0.444855
-0.03317	-0.11946	1.18771	-0.25817	-0.270155	-0.236269	0.0705801	0.040983	-0.283881	-0.0981575
-0.022439	-0.00739534	0.324993	-0.0230129	-0.0648957	-0.0478396	-0.112005	0.0292567	-0.0571674	-0.0194943
0.0338321	-0.00171072	0.0367639	-0.00118822	-0.035937	-0.00885699	-0.0140678	-0.00598018	-0.00097065	-0.00188441
-4.15339e-05	-2.20817e-05	-2.21713e-05	-0.000757624	-0.00818418	-0.000358277	-5.43671e-06	0.00801093	-0.000274399	0.00165477
-1.43498e-05	0.000112545	-0.00029909	0.000703443	-2.44561e-06	-0.000303204	-5.95186e-06	-1.94457e-06	-0.000127226	-6.17752e-05
-0.0159679	-0.000699546	0.00304942	0.0742207	-0.00351141	-0.0296208	-0.00249644	0.0206321	-0.0052449	-0.0403612
-0.112435	-0.00956113	0.165905	0.589784	-0.16724	0.0153029	-0.0836989	-0.0364302	-0.146187	-0.215432
0.0642698	-0.0996099	0.553112	0.280438	-0.0261566	0.37579	-0.400076	-0.100578	-0.308928	-0.338251
0.0452484	-0.38766	0.673535	0.334608	-0.0679844	0.266935	-0.307198	-0.0803702	-0.0742694	-0.402842
0.095966	-0.723936	0.165027	0.247355	-0.0919797	0.565053	0.0631104	-0.393513	0.131455	-0.0585347
0.0609197	-0.476328	0.434412	-0.151446	0.0594464	0.207667	0.25549	-0.328996	-0.0330437	-0.0281232
0.288177	-0.0547882	0.0551145	-0.0875671	0.119479	0.0218565	0.112004	-0.289857	0.0101488	-0.174568
0.341339	0.00226218	-0.0175171	-0.400689	0.126937	-0.212778	0.35889	-0.314517	0.235665	-0.119596
0.387699	-0.232384	0.292673	-0.426983	-0.310837	-0.140906	0.231208	-0.355051	0.246468	0.308115
0.0914759	-0.212412	0.15549	-0.398059	-0.0704437	-0.0695328	0.046571	-0.107616	0.355306	0.209218
-0.317495	-0.0315401	0.353447	-0.539407	0.210397	-0.0795323	0.740629	-0.262424	0.284569	-0.358646
-0.665286	0.0395726	0.332902	-0.324942	0.359532	-0.0990973	0.459448	0.0928334	0.0839472	-0.278908
-0.469277	0.261035	0.148629	-0.253012	0.315008	0.0188967	-0.012974	-0.130817	-0.118147	0.240661
-0.139365	-0.310796	-0.0519428	0.237323	0.14044	-0.00411534	0.0594316	-0.0929842	-0.0170124	0.179024
0.0288588	-0.543841	0.109788	0.397557	0.29995	0.00980133	0.219924	-0.175137	-0.229533	-0.117365
0.00360129	-0.124555	0.290231	0.105613	-0.220334	0.181665	0.26434	-0.0987953	-0.292995	-0.10877
-0.0236278	0.105084	0.0703378	0.115227	-0.0718869	-0.15425	0.250654	-0.0971531	-0.084217	-0.110169
-0.100953	-0.00282464	0.165334	0.169951	-0.131227	0.159599	-0.0211918	-0.0544742	-0.0762101	-0.108002
-0.247307	0.0837766	-0.0300397	0.100494	0.0404077	0.0522397	-0.041266	-0.0343404	0.0678568	0.00817675
-0.0998081	0.0170489	0.158375	0.351051	0.10187	-0.0128016	0.053958	-0.109841	-0.255969	-0.203882
0.301764	-0.0618418	0.128392	0.436777	-0.401444	0.106867	0.0159855	-0.18609	-0.000355872	-0.340054
0.135503	-0.0588681	0.484985	0.179109	-0.257973	0.216578	0.10175	-0.488453	0.211345	-0.523969
-0.028269	0.0496767	0.880133	-0.303256	-0.286449	0.238967	0.110164	-0.25215	-0.0416244	-0.367183
-0.0346328	0.0559644	0.809841	-0.152922	-0.259842	-0.145648	0.0785335	-0.0152706	-0.243121	-0.0929003
-0.012799	0.0232357	0.0982762	-0.0182188	-0.0204663	-0.0376532	-0.0359344	0.0396473	-0.0315134	-0.00457385
-0.00845694	-1.03994e-05	0.0498451	-0.000266326	-3.88366e-05	-0.0205947	-0.0194695	-2.18711e-05	-0.000457514	-0.000528956
-2.05723e-09	8.28671e-05	-5.44465e-05	-5.14758e-06	-1.34406e-08	-1.31624e-07	-3.03945e-07	-8.04764e-07	-2.16124e-05	-4.04718e-07
0.00847729	0.000426685	-0.00296299	-0.000204208	-0.014023	-0.000826188	-0.00083282	0.028137	-0.00111166	-0.0170801
-0.00599719	-0.00085025	-0.000360792	0.0512771	0.000906209	-0.02424	-0.00305769	0.0216835	-0.00973272	-0.029628
-0.0794962	-0.0122656	-0.0446065	0.590496	0.0682197	0.0291966	-0.0867466	-0.0971267	-0.19847	-0.169196
-0.0127391	-0.170506	0.315363	0.317406	-0.0501631	0.411142	-0.223595	-0.0495472	-0.253843	-0.28351
0.0494051	-0.585377	0.161697	0.515105	0.115573	0.22133	-0.221231	-0.150842	0.156003	-0.261659
0.213317	-0.340231	0.0114885	0.092987	-0.0237942	0.351664	0.0338478	-0.318083	0.0990825	-0.120278
0.186102	0.0751895	0.325994	-0.0836441	-0.0753205	0.0665841	0.182936	-0.486899	-0.167936	-0.0230059
0.219193	-0.0146911	0.207315	-0.0714923	-0.280938	0.339051	-0.0591156	-0.246918	0.0495777	-0.14198
0.0884962	0.10416	0.321947	-0.00993492	-0.462971	0.0574819	0.308545	-0.302777	0.288711	-0.393662
0.27193	-0.157245	0.394571	-0.0383745	-0.512255	0.097161	0.438949	-0.608775	0.308264	-0.194226
0.370794	-0.170307	0.191546	-0.205257	-0.075107	0.0428949	0.681767	-0.310961	-0.153736	-0.371632
0.277736	-0.144718	0.172184	-0.206219	-0.566296	0.0496549	0.589734	-0.134797	0.0690314	-0.10631
-0.15607	0.220663	0.462149	-0.0842889	-0.217928	0.0624947	0.155158	-0.096747	-0.135596	-0.209832
-0.279724	-0.17335	0.0994591	0.00750919	0.280103	-0.0631783	0.36216	0.181942	-0.133525	-0.281395
-0.173051	0.0472779	0.263799	0.0100186	-0.0509119	0.104144	0.269658	-0.177801	-0.0471574	-0.245974
-0.194423	0.256724	0.288732	0.0951706	-0.100384	-0.0715767	0.271125	-0.431241	0.034602	-0.148725
0.046179	-0.0671043	0.302317	0.332449	-0.208599	-0.110645	0.242282	-0.353901	0.0779182	-0.260897
-0.00673644	0.0993367	0.127135	0.23482	-0.195167	0.0794214	0.0890318	-0.459244	0.144345	-0.112942
-0.159661	0.161055	-0.102769	0.243183	-0.264188	0.0120353	0.165238	-0.0728649	-0.0024496	0.0204208
0.0234862	0.0597197	0.13542	-0.0149802	-0.223744	0.281942	0.00730884	-0.267659	0.00075678	-0.00225226
0.12145	0.00683854	0.238854	0.30441	-0.0428448	0.151979	0.184574	-0.487009	-0.164589	-0.313662
0.36029	-0.0540167	0.408033	0.093322	-0.588578	0.11021	0.237048	-0.526957	0.305987	-0.345336
0.0581408	-0.01043	0.345758	0.203534	-0.414017	0.277243	0.115507	-0.557766	0.249916	-0.267874
0.0469632	0.104136	0.39536	-0.148946	-0.27977	0.277552	0.00286799	-0.135836	-0.0898409	-0.172478
-0.0598199	0.118562	0.65986	-0.0805035	-0.135189	-0.0370786	-0.13105	-0.0447629	-0.228671	-0.0613435
-0.013416	0.0227921	0.212734	-0.012615	-0.00309023	-0.0698816	-0.0777617	-0.00324797	-0.0354254	-0.0200883
-0.00273921	6.88073e-05	0.021627	-0.000131966	-2.18074e-07	-0.00606222	-0.0126301	-6.22981e-07	-0.000131228	-3.05622e-07
0.0	0.0	0.0	0.0	0.0	0.0	0.0	0.0	0.0	0.0
0.0213536	-5.25845e-05	-0.00666831	-0.000700528	-0.00013316	-0.00092912	-0.00208961	-0.000235599	-0.00232932	-0.00821533
-0.00873907	-0.00743933	0.0485333	0.0325618	0.00683346	-0.00880417	-0.00317296	-0.0127569	-0.0191854	-0.0278306
-0.0719158	-0.0288318	0.13152	0.469241	-0.00242705	0.0667539	-0.0629787	-0.147852	-0.193529	-0.159977
0.0754753	-0.0961631	0.382059	0.493446	-0.077713	0.110331	-0.21344	-0.307094	-0.213765	-0.153129
0.277194	-0.451954	0.329068	0.251895	-0.218592	0.433604	-0.268473	-0.330992	-0.073217	0.051469
0.218549	-0.0624588	0.273183	0.449995	-0.242281	0.236986	-0.176679	-0.492032	0.0264036	-0.231669
0.149107	0.0354647	0.616187	0.219301	-0.494232	-0.152499	0.278326	-0.509232	0.372708	-0.515129
0.208557	0.272174	0.27611	0.187793	-0.612843	0.276082	-0.103651	-0.25555	0.0349769	-0.283649
0.209704	0.134692	0.273191	0.351178	-0.402534	0.242092	0.271036	-0.416915	-0.128907	-0.533537
0.291703	0.213986	0.297774	-0.04726	-0.453633	-0.000228165	0.528744	-0.380965	0.179632	-0.629756
0.39619	0.245497	0.439744	-0.174931	-0.141846	0.160501	0.320545	-0.379786	-0.151541	-0.714372
0.487427	0.166725	0.267808	-0.547708	-0.224971	0.0633726	0.547677	-0.121677	0.0489836	-0.687632
0.179335	-0.109464	0.0584175	-0.123387	-0.420126	0.120831	0.181487	0.0588391	0.186573	-0.132504
0.00857799	-0.0186976	-0.0725402	0.0863089	-0.0872065	-0.143484	0.740567	0.0863187	-0.329701	-0.27014
0.0185715	-0.0222321	0.0890271	-0.106087	-0.0530975	0.037145	0.384662	-0.278885	0.186685	-0.255786
-0.124792	0.340045	0.0438555	0.0733885	0.129682	0.198791	0.163572	-0.464299	-0.293552	-0.0666896
0.0249071	0.334068	-0.159846	0.191462	0.065596	0.263353	0.0732232	-0.573998	-0.0919565	-0.126806
-0.0559036	0.436413	0.130662	0.326806	-0.100295	0.21245	0.313671	-0.854989	-0.104411	-0.304402
-0.0428079	0.400603	0.323844	0.105561	-0.323246	0.208709	0.00229876	-0.511656	-0.0638798	-0.0994256
-0.0148211	0.196788	0.24891	0.325524	-0.191987	-0.0171787	0.263698	-0.725191	0.178457	-0.264198
0.109518	0.0143637	0.387105	0.135289	-0.0701807	0.122654	0.0681271	-0.672302	0.316661	-0.411231
0.197282	-0.0490057	0.335385	0.021375	-0.352373	0.536431	-0.106511	-0.621354	0.32985	-0.291075
-0.0713749	-0.0469161	0.282001	0.148134	-0.340211	0.191934	0.0662022	-0.349553	0.199679	-0.0798862
-0.023926	-0.00748421	0.533175	-0.105706	-0.191063	0.100676	-0.0873236	-0.0676216	-0.208133	0.0574109
-0.0520538	0.0244367	0.298338	-0.0473804	-0.141692	0.118839	-0.0590589	-0.0605432	-0.142903	0.0620201
-0.00188286	0.0235943	0.0556628	-0.00262249	-0.00085431	-0.00990044	-0.0152821	-0.00207659	-0.0320977	-0.0145406
-2.12283e-05	0.000269453	-0.000216975	-5.06362e-05	-4.63269e-05	0.000533039	-5.1157e-06	-3.25562e-05	-0.000396023	-3.36312e-05
-2.23909e-08	0.000160503	-7.34087e-05	-2.86371e-05	-5.08346e-07	-8.74274e-07	-8.8626e-07	-1.00187e-05	-4.39067e-05	-2.24089e-06
-6.03082e-05	2.18093e-05	0.000254094	0.000974209	-3.86236e-06	-0.000445373	-3.44997e-05	-0.000279147	-0.000139278	-0.000287646
-0.0295983	-0.012297	0.099587	0.0841548	-0.000503022	-0.026235	-0.00233241	-0.069814	-0.0196916	-0.02327
-0.0469383	-0.0122551	0.221822	0.330231	-0.0770866	0.0817736	-0.0457957	-0.199517	-0.129229	-0.123
-0.0686936	0.116175	0.225122	0.282889	-0.125749	0.31207	-0.208177	-0.340878	-0.0416861	-0.151062
0.167829	0.472273	0.172946	-0.0411534	-0.11188	0.101908	-0.308384	-0.376181	-0.061584	-0.0157721
0.161132	0.331003	0.168502	0.262039	-0.429672	0.178996	-0.388535	-0.462808	0.293481	-0.114142
0.128481	0.108128	0.157322	0.247258	-0.467807	0.339475	-0.01806	-0.523967	0.332151	-0.302983
-0.122403	0.226662	-0.0949899	0.223479	0.000310361	0.119784	0.232643	-0.258276	-0.0848612	-0.24235
0.0369352	0.0373625	0.307764	-0.331024	-0.10741	0.134141	0.217536	-0.425404	0.281418	-0.15132
0.235703	0.325313	0.167479	-0.15032	-0.225544	0.0394819	0.203155	-0.199714	-0.17165	-0.223906
0.331681	-0.134172	0.124189	-0.136187	-0.0223368	0.245239	0.292783	-0.275391	0.0264731	-0.452276
0.326764	-0.125409	-0.0734035	-0.0613828	-0.0953968	0.115815	0.613939	-0.0935009	-0.219447	-0.387978
0.0945162	-0.168539	0.165881	-0.0412354	-0.260667	0.0767939	0.576178	-0.219967	0.155352	-0.378314
-0.044671	0.247443	0.156144	-0.133712	-0.170585	0.136583	0.656193	-0.377491	-0.0685225	-0.401377
-0.00731943	0.13771	-0.0314199	0.05129	0.111506	0.0868542	0.269	-0.176448	-0.0895228	-0.351648
0.0425859	-0.0522402	0.187406	0.123197	-0.181293	-0.0564575	0.300037	-0.0263867	-0.197205	-0.13964
-0.192354	0.0218936	0.3675	-0.0795024	0.0460343	0.17943	0.449522	-0.378412	-0.00870522	-0.405407
-0.201706	0.469574	0.355319	0.178186	-0.216329	0.0551172	0.301545	-0.436377	-0.107226	-0.398105
-0.281874	0.288161	0.534488	0.32133	-0.0272215	-0.0351787	0.114736	-0.485475	-0.0881213	-0.340846
-0.115079	0.441207	0.0719691	-0.0482411	-0.0341494	0.265129	0.0718805	-0.54629	0.160699	-0.267122
0.0287615	0.278271	0.210642	-0.165906	-0.00141542	0.431038	-0.05711	-0.650875	0.031905	-0.105307
0.0637271	-0.217995	0.425759	-0.0570043	-0.115995	0.477178	0.0845751	-0.601784	0.214301	-0.272752
0.0272015	-0.148753	0.58985	-0.17684	-0.0576528	0.258399	-0.0371612	-0.366953	-0.0344272	-0.0536567
-0.0649252	0.0425518	0.408598	-0.17739	-0.132658	0.173074	-0.0475661	-0.0593288	-0.287173	0.144822
-0.0319884	0.00555282	0.186117	-0.0366672	-0.126952	0.172573	-0.0568415	-0.0288185	-0.0940912	0.0111177
0.032836	-0.000342688	0.0182673	-0.0048389	-0.0030592	0.00450032	-0.00495356	-0.00350806	-0.00998558	-0.0289156
6.10302e-06	-4.49384e-11	-1.39764e-06	-3.33171e-07	-4.12197e-09	-1.62055e-06	-2.45096e-07	-7.75105e-09	-2.47473e-06	-1.99927e-08
-2.16912e-08	0.000155488	-7.11147e-05	-2.77422e-05	-4.9246e-07	-8.46953e-07	-8.58564e-07	-9.70561e-06	-4.25347e-05	-2.17086e-06
-9.31191e-07	4.62836e-05	-2.444e-05	3.33001e-05	-2.00725e-07	-1.36656e-05	-2.80436e-07	-1.59876e-05	-1.55079e-05	-8.57029e-06
-0.00543921	-0.0118985	0.0766899	0.0975358	-0.000425258	-0.0176492	-0.000234819	-0.0995593	-0.014603	-0.0244162
-0.0706	-0.0178124	0.187361	0.279715	-0.0846599	0.0417743	-0.0217945	-0.2158	-0.0396667	-0.0585133
-0.304859	0.168437	0.236488	0.209444	-0.131164	0.31542	-0.0992097	-0.265673	-0.00895247	-0.119921
-0.0453798	0.925968	0.193466	-0.0141163	-0.205859	-0.0979072	-0.209899	-0.123305	-0.0769008	-0.346063
0.0171875	0.549429	0.384631	0.194917	-0.257785	-0.255144	-0.409138	-0.139653	0.0923859	-0.176828
0.044357	0.0766436	0.3416	0.144832	-0.288629	-0.0311398	-0.260226	0.0776898	0.162449	-0.267579
0.196687	0.0756227	0.37661	-0.0943796	-0.226715	0.0539907	-0.11886	-0.0891005	-0.159435	-0.0144231
0.159974	0.159078	0.338001	-0.00833663	-0.323245	0.00928088	0.112248	-0.250975	-0.0695173	-0.126509
0.126459	-0.100637	0.0839822	0.0303575	-0.21647	-0.111349	0.19415	-0.0757853	0.0312848	0.0380068
0.154288	-0.42721	0.163744	0.198559	-0.164778	0.0808821	0.0463136	-0.322244	0.239586	0.030861
0.149943	-0.613568	0.135803	-0.0819604	-0.227586	0.13495	0.345381	0.00196443	0.0905516	0.0645204
0.58982	-0.394967	0.0209129	-0.145852	-0.131568	0.251137	0.316997	-0.418782	0.12783	-0.215528
0.100377	-0.0835142	-0.0857361	-0.107375	-0.23065	0.170814	0.00561134	-0.0748504	0.264494	0.0408313
0.119002	0.0685801	-0.127216	0.106077	-0.241271	0.0982132	0.305369	-0.0961512	0.0583924	-0.290994
0.0517398	0.0148119	0.029538	0.0201251	-0.16261	0.184295	0.195219	-0.070774	-0.0790057	-0.183337
0.106375	0.262443	-0.080769	0.159623	0.00459099	-0.0102234	0.0496773	-0.269897	0.0888397	-0.310659
-0.110883	0.506737	0.119137	0.0245234	-0.0726844	0.192545	-0.0749794	-0.289052	0.0092893	-0.304633
-0.100426	0.315201	0.292841	0.173434	0.24984	0.152408	-0.0533294	-0.262045	-0.208285	-0.559639
-0.182258	0.344576	0.316415	0.159048	-0.00982482	0.115193	0.137337	-0.541919	-0.139843	-0.198721
-0.0551556	0.0232015	0.219545	-0.0594219	0.336518	0.0340634	0.124006	-0.656135	0.15388	-0.120499
0.0954394	-0.209702	0.416467	0.0851104	0.0119325	0.218466	-0.130559	-0.475776	-0.016766	0.00539393
0.0795307	-0.110312	0.286296	-0.0814049	-0.121623	0.288773	-0.166096	-0.361389	0.0122463	0.173989
-0.0521203	-0.0118799	0.255089	-0.123931	-0.120578	0.189239	-0.0747438	-0.0576474	-0.126598	0.123173
-0.0228868	-0.00240523	0.0937608	-0.0323339	-0.0822753	0.106735	-0.0183234	-0.0263806	-0.0397583	0.0238686
0.00346442	0.00687907	-0.031983	0.000238925	0.00512376	0.0319786	-0.000108787	-0.00164483	-0.00606795	-0.00788021
1.12671e-05	-8.29632e-11	-2.58026e-06	-6.15086e-07	-7.6098e-09	-2.99178e-06	-4.52485e-07	-1.43096e-08	-4.56874e-06	-3.69095e-08
0.0	0.0	0.0	0.0	0.0	0.0	0.0	0.0	0.0	0.0
0.0	0.0	0.0	0.0	0.0	0.0	0.0	0.0	0.0	0.0
-0.000362794	-0.000220838	0.00291557	0.100451	-0.000186358	-0.000416349	-3.08799e-05	-0.0744162	-0.00296185	-0.0247716
-0.0346296	-0.0735885	-0.0388842	0.3293	-0.0163702	0.0631607	-0.00193655	-0.172469	-0.0401302	-0.0144508
-0.222664	-0.0473048	0.0040397	0.402264	-0.0694358	0.242638	-0.017318	-0.0374508	-0.0768974	-0.177867
-0.225507	0.4795	-0.0779661	0.351915	-0.135724	0.233326	-0.0632317	0.0918889	-0.373677	-0.280518
-0.0992343	0.413636	0.00159964	0.271659	-0.0645626	-0.0173176	-0.150513	0.275915	-0.373665	-0.257514
0.141799	0.0840871	0.122948	0.266307	-0.0327655	-0.263672	-0.306426	0.397576	-0.19362	-0.216234
0.193789	-0.0413442	0.17697	0.00299624	-0.0248875	0.126821	-0.307116	-0.418696	0.248463	0.043003
0.284258	0.0685468	0.221878	0.200869	-0.0384782	0.0531804	-0.313667	-0.177314	0.0559899	-0.355264
0.32699	-0.0861039	-0.0101574	0.112857	-0.0181189	0.33231	-0.430246	-0.158592	-0.0714823	0.00254732
0.323746	-0.0751666	0.250688	0.296265	-0.0230916	0.0426421	-0.296882	-0.400657	0.0347847	-0.152329
0.17188	0.287104	0.161962	-0.241011	-0.168542	0.105853	-0.0262964	-0.336369	0.107382	-0.061964
0.24358	-0.0178375	-0.156809	0.21468	-0.10875	-0.10849	-0.0569428	-0.330947	0.417525	-0.0960082
0.268062	-0.229729	-0.0753332	-0.17558	-0.00155574	0.133986	0.0678828	-0.186333	0.161463	0.0371365
0.229665	0.179006	-0.121328	-0.0448884	-0.108682	-0.0342654	0.00806625	-0.0492077	0.153236	-0.211602
0.0165341	0.0719803	-0.026813	-0.346475	0.174077	0.213406	-0.0724382	-0.222591	0.352242	-0.159922
0.11881	0.300901	-0.108768	0.0640314	-0.0216113	-0.0355689	-0.0410098	-0.140957	0.058024	-0.193851
-0.381926	-0.0197731	0.269613	0.365522	0.256391	-0.356846	0.063479	-0.263662	0.199921	-0.13272
-0.403131	0.0492754	0.494359	-0.0322254	0.208559	-0.0942752	0.103464	-0.46456	0.190284	-0.0517514
-0.393811	-0.0964691	0.422966	0.091303	0.223286	0.085512	0.0563551	-0.610164	0.211786	0.00924153
-0.180261	-0.184354	0.527196	-0.0279597	0.266166	-0.0198293	-0.0402242	-0.607896	0.0485135	0.218659
-0.0619107	-0.15005	0.473758	-0.175966	-0.130492	0.0702571	-0.0517899	-0.388771	0.0215469	0.393424
-0.0569494	-0.126162	0.322085	-0.0972338	-0.174544	0.174931	-0.0580609	-0.371622	0.0944072	0.293155
-0.085193	-0.0327847	0.271919	-0.050964	-0.120466	0.116507	-0.0407968	-0.104668	-0.0876562	0.134104
-0.015322	2.83001e-05	0.100033	-0.0310519	-0.00212149	0.0380882	-0.00958639	-0.0310134	-0.0324652	-0.016589
-2.01859e-05	0.0280587	-0.0223755	0.0133664	0.00532819	0.0187468	-0.000168016	-0.0013137	-0.0248782	-0.0167444
0.0	0.0	0.0	0.0	0.0	0.0	0.0	0.0	0.0	0.0
0.0	0.0	0.0	0.0	0.0	0.0	0.0	0.0	0.0	0.0
0.0	0.0	0.0	0.0	0.0	0.0	0.0	0.0	0.0	0.0
-0.00157203	-1.00803e-05	-0.00222733	0.0483187	-1.3403e-05	-0.000537429	-3.9563e-06	-0.037434	-0.000161734	-0.00635875
-0.00262033	-0.0474022	-0.101443	0.207664	-0.000355101	0.0589541	-0.000158367	-0.0213398	-0.0756977	-0.0176014
-0.0155556	-0.0861561	-0.161646	0.352761	-0.0261108	-0.00320186	-0.00315274	0.128495	-0.233075	0.0476441
-0.104353	0.044183	-0.300265	0.291333	-0.0234033	0.00377281	-0.024662	0.454075	-0.419937	0.0792639
-0.143959	0.0264265	-0.419186	0.551098	-0.0235005	-0.0378467	-0.0408302	0.469628	-0.436283	0.0544557
-0.195757	-0.0973417	-0.374191	0.503931	-0.013968	0.0605557	-0.0932493	0.270022	-0.2328	0.1728
-0.107124	-0.206524	-0.170019	0.129784	-0.0488365	0.152228	-0.179182	0.105301	0.236527	0.0878474
-0.0269074	-0.166253	-0.00445282	0.180062	0.0547141	0.425992	-0.262154	-0.0410374	0.0456025	-0.205565
-0.00950314	-0.260009	-0.164538	0.451546	0.0321579	0.162048	-0.356985	0.0270739	0.0582675	0.0599409
-0.0359739	-0.298681	-0.112063	0.388123	0.215527	0.146499	-0.524423	-0.0668455	0.443556	-0.15572
0.320383	-0.30177	0.126502	0.22207	-0.168701	0.203803	-0.441481	-0.065513	0.316883	-0.212177
0.288902	-0.382586	-0.0120714	0.374013	-0.217013	0.399881	-0.468072	0.167738	0.148162	-0.298955
0.173352	-0.366724	0.304981	0.367139	-0.108963	0.307648	-0.404939	-0.0441274	0.234107	-0.462472
-0.0237439	-0.26069	0.0105697	0.196533	-0.117879	0.283513	-0.318274	-0.0675022	0.302308	-0.00483519
-0.0968389	-0.586907	-0.00905457	0.335927	0.0586372	0.0912231	-0.141884	-0.116014	0.563232	-0.0983195
-0.140251	-0.165615	0.186754	0.223172	-0.155125	0.290424	-0.0909755	-0.0503415	-0.147924	0.0498828
-0.310691	-0.0137841	0.291744	-0.230081	-0.0170056	0.287122	-0.11658	-0.292531	0.338092	0.0637145
-0.388601	0.0273646	0.0183582	-0.149698	0.128977	0.0487367	-0.136966	-0.218402	0.586728	0.0835057
-0.383085	-0.033983	0.0263775	-0.0362467	0.0938809	0.0839684	-0.073264	-0.247279	0.167791	0.401846
-0.261271	-0.0412889	0.264958	0.00144107	0.0940923	0.00713964	-0.0788198	-0.277418	-0.0529839	0.344156
-0.121387	-0.0988109	0.0818394	-0.0471036	0.0397821	0.220883	-0.0455702	-0.275284	-0.0530963	0.29875
-0.0513691	-0.0396358	0.150821	-0.0329916	-0.0303543	0.147006	-0.018303	-0.332257	-0.0428307	0.249917
-0.00774539	-0.0194613	0.33513	-0.0432214	-0.0701563	0.0837565	-0.0038434	-0.13175	-0.0797761	-0.0629314
-0.000577762	0.00958219	0.182766	-0.00794189	0.014111	-0.040506	-0.000410056	-0.0540643	-0.0397057	-0.0632529
-4.34522e-07	0.00219864	0.0285244	-2.0166e-05	-0.000170359	-0.000762957	-4.31751e-05	-1.77232e-06	-0.00593787	-0.0237863
0.0	0.0	0.0	0.0	0.0	0.0	0.0	0.0	0.0	0.0
0.0	0.0	0.0	0.0	0.0	0.0	0.0	0.0	0.0	0.0
0.0	0.0	0.0	0.0	0.0	0.0	0.0	0.0	0.0	0.0
-2.84459e-05	-2.86711e-07	-6.20588e-05	0.00464576	-9.76608e-05	-1.03276e-05	-3.77803e-07	-0.00641759	-0.000356053	0.00232704
-0.000132079	-0.00484058	-0.021964	-0.0448537	-7.53368e-05	0.0574928	-5.57998e-05	0.0281287	-0.00489447	-0.0088056
-0.00316829	-0.0631755	-0.0663463	-0.0125732	0.0045127	0.0694354	-0.000969877	0.14359	-0.125225	0.0539204
-0.0232192	-0.132137	-0.0998415	0.129646	-0.0619171	-0.0124037	-0.00189465	0.0447245	-0.241487	0.39853
-0.112594	-0.162616	-0.0798569	0.356471	-0.16656	-0.0169346	-0.00576601	-0.0448048	-0.146317	0.378984
-0.164633	-0.206486	-0.186885	0.615874	-0.247673	0.00347995	-0.0109219	-0.0038322	-0.13602	0.337105
-0.251764	-0.177841	-0.394909	0.890263	-0.465328	-0.00879991	-0.0423209	0.305817	-0.23422	0.379114
-0.367699	-0.291202	-0.48097	0.839101	-0.311026	0.194027	-0.0601741	0.411812	-0.190354	0.256492
-0.529876	-0.649802	-0.394404	0.738875	-0.0799999	0.235474	-0.0543058	0.224839	0.186613	0.322594
-0.532469	-0.526837	-0.399991	0.572042	-0.268458	0.387214	-0.0503282	0.510612	0.149483	0.158735
-0.68789	-0.317689	-0.239773	0.776513	-0.482281	0.369365	-0.0398839	0.377343	-0.0696284	0.313928
-0.631666	-0.37899	-0.134782	0.62033	-0.22241	0.379568	-0.116757	0.269086	-0.0414278	0.257058
-0.603272	-0.420447	0.0250576	0.358046	-0.226016	0.10034	-0.117486	0.251152	0.196179	0.436451
-0.538271	-0.459657	0.103117	0.174232	-0.240249	0.41483	-0.126402	0.257051	0.324306	0.0910477
-0.359756	-0.484057	0.0436809	0.29199	-0.40339	0.328072	-0.103134	0.131843	0.306039	0.248716
-0.427856	-0.308544	-0.0460996	0.235018	-0.406126	0.346596	-0.0651057	0.0784575	0.345487	0.248181
-0.378122	-0.173104	-0.261904	0.149295	-0.326592	0.245313	-0.0563326	0.302996	0.210411	0.288047
-0.207685	-0.14449	-0.328127	0.242629	-0.459732	0.242983	-0.0362413	0.0998267	0.139264	0.451578
-0.225895	-0.053546	-0.229358	0.0256891	-0.25572	0.186305	-0.0196324	-0.0955965	0.0531205	0.614639
-0.169503	-0.0108784	-0.188852	-0.111279	-0.1956	0.277123	-0.0109957	-0.0690174	-0.0294304	0.508438
-0.073416	-0.00648697	-0.172023	-0.0405267	-0.0863773	0.333083	-0.00764901	0.00508119	-0.0487642	0.097081
-0.0191269	-0.000968013	-0.080725	-0.00731459	-0.0811708	0.225657	-0.00340701	-0.0750624	-0.0142233	0.0563412
-0.00360646	-1.26444e-05	-0.00731976	-0.000265051	-0.0530592	0.124673	-0.00062092	-0.00664574	-0.00716207	-0.0459812
-5.29651e-07	-1.28778e-05	0.025329	-0.000283316	-0.00120648	-1.674e-05	-2.77137e-05	-0.00128146	-0.0048157	-0.0176842
-3.89283e-07	-1.53866e-05	0.0302903	-4.21159e-06	-0.000180627	-1.29313e-05	-3.16129e-05	-1.39412e-06	-0.00480335	-0.0252404
0.0	0.0	0.0	0.0	0.0	0.0	0.0	0.0	0.0	0.0
0.0	0.0	0.0	0.0	0.0	0.0	0.0	0.0	0.0	0.0
0.0	0.0	0.0	0.0	0.0	0.0	0.0	0.0	0.0	0.0
0.0	0.0	0.0	0.0	0.0	0.0	0.0	0.0	0.0	0.0
0.0	0.0	0.0	0.0	0.0	0.0	0.0	0.0	0.0	0.0
-0.00020816	-0.00108504	-0.000817502	0.00206649	0.00570227	-0.00306511	-3.98454e-05	-0.0841281	-0.0131754	0.0947504
-0.00429123	-0.00386438	-0.00329723	0.0327434	0.000861621	-0.00937002	-0.000272872	-0.187946	-0.0471371	0.222574
-0.0220979	-0.00796041	-0.0119022	0.0566357	-0.0707849	-0.0482496	-0.00113909	-0.158901	-0.0842642	0.348665
-0.0485117	-0.0122174	-0.0285028	0.0690092	-0.17931	-0.156274	-0.00199788	0.00665211	-0.0271165	0.378271
-0.0682162	-0.0196809	-0.0363687	0.0313111	-0.290681	-0.199996	-0.00445981	0.127295	-0.00108829	0.461887
-0.131344	-0.0345877	-0.0383238	0.00427724	-0.46171	-0.128866	-0.00652303	0.239536	-0.0731138	0.630659
-0.117674	-0.114176	-0.0335689	0.056477	-0.462318	-0.0346943	-0.00746269	0.257593	-0.171737	0.627566
-0.0839966	-0.0994892	-0.0934937	0.0736526	-0.54649	0.137075	-0.00960077	0.204826	-0.100006	0.517527
-0.0547198	-0.130949	-0.0474785	0.0279659	-0.55455	0.116662	-0.0113204	0.0691856	-0.0991769	0.684386
-0.112839	-0.20257	-0.0879068	0.0487565	-0.622877	0.0153507	-0.0160239	0.439535	-0.128716	0.667296
-0.15876	-0.156281	-0.0677235	0.0111414	-0.798431	-0.02464	-0.0132817	0.498614	-0.208941	0.918306
-0.12153	-0.0847738	-0.0895478	0.0277163	-0.687738	0.124714	-0.0108031	0.605541	-0.270436	0.506862
-0.0850712	-0.068837	-0.115737	0.1555	-0.614508	0.0150639	-0.0098191	0.355402	-0.178913	0.546924
-0.124055	-0.0466183	-0.137364	0.128545	-0.551216	-0.0519145	-0.00940161	0.360788	-0.0869377	0.518177
-0.0800627	-0.0684623	-0.0855307	0.0711452	-0.569668	-0.0996289	-0.00867743	0.354804	-0.0682184	0.554304
-0.0115867	-0.0388431	-0.0284801	0.0228356	-0.456149	0.000310175	-0.00516013	0.250771	-0.0959933	0.362298
-0.0628716	-0.0132966	-0.0323484	-0.0143419	-0.233906	0.0673135	-0.00353476	0.0101515	-0.0448849	0.32772
-0.0769892	-0.0067203	-0.0389736	-0.0104281	-0.121145	0.0617225	-0.00247145	0.00306916	-0.0152432	0.207179
-0.0394115	-0.00109282	-0.0145254	0.00149624	-0.0679084	0.0284362	-0.000430145	0.0864515	-0.00375109	0.0107354
-0.00205958	-1.09513e-05	-7.89542e-05	-0.00035507	-0.00404365	0.000446378	-8.30134e-05	-0.00224559	-0.000321192	0.00875161
-6.01643e-06	-1.62653e-09	-6.63011e-07	-1.51336e-06	-0.00160448	-4.02388e-05	-1.6677e-06	-0.000175742	-1.30312e-05	0.00184335
-2.36046e-07	-1.86439e-08	-1.62966e-06	-3.22244e-07	-7.67577e-08	-1.04927e-07	-8.64947e-10	2.85728e-05	-7.34326e-07	-2.54488e-05
0.0	0.0	0.0	0.0	0.0	0.0	0.0	0.0	0.0	0.0
0.0	0.0	0.0	0.0	0.0	0.0	0.0	0.0	0.0	0.0
0.0	0.0	0.0	0.0	0.0	0.0	0.0	0.0	0.0	0.0
0.0	0.0	0.0	0.0	0.0	0.0	0.0	0.0	0.0	0.0
0.0	0.0	0.0	0.0	0.0	0.0	0.0	0.0	0.0	0.0
0.0	0.0	0.0	0.0	0.0	0.0	0.0	0.0	0.0	0.0
-3.40577e-06	-4.32172e-06	-2.19064e-06	-7.16349e-07	-1.24799e-06	-1.00113e-06	-7.39655e-08	0.000213977	-4.40513e-05	-0.000156969
-6.31049e-05	-1.11914e-05	-8.55796e-06	-2.73855e-06	-5.75672e-06	-1.79617e-05	-8.25118e-07	0.000891492	-0.000124278	-0.000657082
-9.76302e-05	-9.91216e-06	-3.42949e-05	-4.28724e-05	-0.0102636	-7.0685e-05	-2.64179e-06	-0.000771115	-0.000163447	0.0114562
-0.000185507	-2.26253e-05	-0.000130609	-0.000113347	-0.0585751	-0.000659555	-3.93846e-05	-0.00753252	-0.000281471	0.0675401
-0.000518933	-4.83453e-05	-0.000197029	-0.00023702	-0.0601385	-0.00136886	-7.16752e-05	0.00961187	-0.000455159	0.0534238
-0.0011511	-4.90774e-05	-0.000301317	-0.00167149	-0.0271738	-0.000960969	-2.91341e-05	0.0104348	-0.00100092	0.021903
-0.00120523	-0.00501852	-0.00671655	-0.00966159	-0.0635365	0.00411849	-6.65332e-05	0.0812507	-0.0184265	0.0192623
-0.00199023	-0.00175735	-0.00283627	-0.00534965	-0.0396537	0.0117445	-6.70649e-05	0.0215558	-0.00463994	0.0229941
-0.00407251	-0.00505185	-0.00112891	-0.00525821	-0.049694	0.00747426	-0.000406907	0.0315182	-0.010852	0.0374721
-0.00679011	-0.00503984	-0.00140379	-0.00705083	-0.0397283	-0.00330377	-0.000422416	0.180297	-0.00889781	-0.10766
-0.0102462	-0.00238699	-0.00106383	-0.00972282	-0.136684	-0.0134582	-0.000849836	0.147513	-0.00718481	0.0340851
-0.0105544	-0.000530372	-0.00118739	-0.00779243	-0.0684522	-0.00966276	-0.000777891	0.142806	-0.00660434	-0.0372444
-0.0060901	-0.000335795	-0.00103199	-0.00963014	-0.0396791	-0.00767901	-0.000550973	0.117937	-0.00360721	-0.0493322
-0.00457484	-0.00853001	-0.00151091	-0.00710748	-0.035649	-0.0099456	-0.000526296	0.158874	-0.00366112	-0.0873682
-0.00474472	-0.0265293	-0.000909704	-0.00436126	-0.0468242	-0.00691418	-0.000351794	0.192157	-0.00421554	-0.0973061
-0.00232132	-0.000392669	-0.000539345	-0.00316472	-0.0381629	-0.007986	-0.000200075	0.144643	-0.00284613	-0.0890294
-0.00449186	-9.40424e-05	-0.00671223	-0.00165721	-0.00708419	-0.020658	-0.000190841	0.0535083	-0.00378428	-0.00883568
-0.0146582	-3.00183e-05	-0.00462632	-0.000479046	-0.00594821	-0.00915041	-8.38324e-05	0.0236355	-0.00190332	0.0132439
-0.0441008	-5.19717e-05	-0.0149878	-0.000309194	-0.0150656	-0.00715735	-0.000209552	0.0680598	-0.00163437	0.0154569
-0.0100777	-3.39544e-06	-0.000190937	-2.92448e-05	-0.00342445	-0.0016145	-2.10583e-05	0.0244008	-0.000341628	-0.0086979
0.0	0.0	0.0	0.0	0.0	0.0	0.0	0.0	0.0	0.0
0.0	0.0	0.0	0.0	0.0	0.0	0.0	0.0	0.0	0.0
0.0	0.0	0.0	0.0	0.0	0.0	0.0	0.0	0.0	0.0
0.0	0.0	0.0	0.0	0.0	0.0	0.0	0.0	0.0	0.0
