0.0	0.0	0.0	0.0	0.0	0.0	0.0	0.0	0.0	0.0
0.0	0.0	0.0	0.0	0.0	0.0	0.0	0.0	0.0	0.0
0.0	0.0	0.0	0.0	0.0	0.0	0.0	0.0	0.0	0.0
0.0	0.0	0.0	0.0	0.0	0.0	0.0	0.0	0.0	0.0
0.0	0.0	0.0	0.0	0.0	0.0	0.0	0.0	0.0	0.0
0.0	0.0	0.0	0.0	0.0	0.0	0.0	0.0	0.0	0.0
0.0	0.0	0.0	0.0	0.0	0.0	0.0	0.0	0.0	0.0
0.0	0.0	0.0	0.0	0.0	0.0	0.0	0.0	0.0	0.0
0.0	0.0	0.0	0.0	0.0	0.0	0.0	0.0	0.0	0.0
0.0	0.0	0.0	0.0	0.0	0.0	0.0	0.0	0.0	0.0
0.0	0.0	0.0	0.0	0.0	0.0	0.0	0.0	0.0	0.0
0.0	0.0	0.0	0.0	0.0	0.0	0.0	0.0	0.0	0.0
-3.88329e-06	-6.53603e-06	-0.000786541	-7.25994e-05	-0.00511321	-0.000108857	0.00706205	-6.92957e-06	-0.000174427	-0.00078907
-2.49351e-05	-1.54784e-05	-0.00133241	-0.000175763	-0.0113405	-0.000239249	0.0153162	-1.97969e-05	-0.000391889	-0.00177614
-1.82857e-05	-1.29835e-06	0.000433823	-1.86903e-05	-0.000160673	-9.90396e-07	-0.00016386	-5.14511e-06	-1.10764e-05	-5.38026e-05
-7.61902e-07	-5.40978e-08	1.80759e-05	-7.78761e-07	-6.69471e-06	-4.12665e-08	-6.82751e-06	-2.14379e-07	-4.61515e-07	-2.24177e-06
0.0	0.0	0.0	0.0	0.0	0.0	0.0	0.0	0.0	0.0
0.0	0.0	0.0	0.0	0.0	0.0	0.0	0.0	0.0	0.0
0.0	0.0	0.0	0.0	0.0	0.0	0.0	0.0	0.0	0.0
0.0	0.0	0.0	0.0	0.0	0.0	0.0	0.0	0.0	0.0
0.0	0.0	0.0	0.0	0.0	0.0	0.0	0.0	0.0	0.0
0.0	0.0	0.0	0.0	0.0	0.0	0.0	0.0	0.0	0.0
0.0	0.0	0.0	0.0	0.0	0.0	0.0	0.0	0.0	0.0
0.0	0.0	0.0	0.0	0.0	0.0	0.0	0.0	0.0	0.0
0.0	0.0	0.0	0.0	0.0	0.0	0.0	0.0	0.0	0.0
0.0	0.0	0.0	0.0	0.0	0.0	0.0	0.0	0.0	0.0
0.0	0.0	0.0	0.0	0.0	0.0	0.0	0.0	0.0	0.0
0.0	0.0	0.0	0.0	0.0	0.0	0.0	0.0	0.0	0.0
0.0	0.0	0.0	0.0	0.0	0.0	0.0	0.0	0.0	0.0
0.0	0.0	0.0	0.0	0.0	0.0	0.0	0.0	0.0	0.0
0.0	0.0	0.0	0.0	0.0	0.0	0.0	0.0	0.0	0.0
0.0	0.0	0.0	0.0	0.0	0.0	0.0	0.0	0.0	0.0
-5.27836e-09	-3.55482e-08	-1.30578e-05	-1.03027e-08	-5.53642e-05	-1.13768e-07	7.10434e-05	-9.01537e-08	-7.76745e-07	-1.58964e-06
-1.14294e-07	-1.04855e-07	-4.09541e-05	-4.47891e-08	-0.000567635	-3.42124e-07	0.000617834	-9.08928e-07	-2.30687e-06	-5.42336e-06
-1.98499e-05	-1.07689e-07	-0.000484649	-8.15701e-06	-0.0519356	-1.95305e-05	0.0527033	-6.59435e-05	-5.32091e-06	-0.00016414
-4.10727e-05	-8.39122e-05	-0.00117944	-1.94218e-05	-0.115559	-3.64376e-05	0.117937	-0.000542008	-6.80001e-05	-0.000408471
-6.24119e-05	-0.00404182	-0.00203488	-0.000216343	-0.118492	-0.000115595	0.129964	-0.00309702	-0.000971037	-0.000932658
-0.000222037	-0.0032812	-0.0046769	-0.000216448	-0.0480296	-0.000209783	0.0599999	-0.00163399	-0.00101332	-0.000716582
-0.00293494	-0.00193163	-0.00881192	-0.000226387	-0.0554274	-0.000891406	0.0748029	-0.00101364	-0.000943275	-0.00262232
0.0334574	-0.000757844	-0.0331765	-0.000414904	-0.101285	-0.00102786	0.126262	-0.00911615	-0.00159751	-0.0123436
0.0709722	-0.000733679	-0.0371127	-0.00171332	-0.200276	-0.00818066	0.227915	-0.0259962	-0.00168179	-0.0231926
0.0296868	-0.000570179	-0.0212719	-0.00106897	-0.0949147	-0.0075929	0.11458	-0.00702244	-0.00213597	-0.00968993
-0.00145547	0.0230323	0.011372	-0.00737558	-0.0207684	-0.00355595	0.0062282	-0.000412285	-0.00400028	-0.00306446
0.0259148	0.0344136	0.0454811	-0.00959099	-0.127863	-0.00436193	0.0531797	-0.00102141	-0.00308605	-0.0130661
0.0746043	-0.0123999	0.100193	-0.00286819	-0.138042	-0.00467487	0.0206066	-0.00211047	-0.00409741	-0.0312117
0.0352129	-0.00590632	0.0162746	-0.00105717	-0.053892	-0.00285676	0.0345025	-0.000966473	-0.00369645	-0.0176148
-0.00148946	-0.000361728	-0.0272698	-0.000249695	-0.0201829	-0.00400311	0.057956	-0.00016332	-0.00198805	-0.00224803
-0.000774386	-7.40596e-05	-0.0197837	-0.000162633	-0.0422962	-0.00386637	0.0704069	-0.000229098	-0.00148135	-0.00173896
-0.00035284	-9.69437e-05	-0.00794878	-0.000166742	-0.0339708	-0.00202477	0.0471661	-0.000113157	-0.000891827	-0.00160016
-0.000144085	-0.000227713	-0.00385567	-7.26795e-05	-0.0340016	-0.000384398	0.0402496	-9.09352e-06	-0.0010342	-0.000520202
-1.95521e-05	-1.97192e-05	-0.000426624	-5.70431e-06	-0.048684	-1.52622e-05	0.0496436	-2.53403e-05	-0.000143223	-0.000304208
-2.3134e-06	-1.47071e-06	-0.000204952	-6.98002e-07	-0.0196516	-1.42472e-05	0.0201398	-3.50437e-05	-5.89477e-05	-0.000170492
0.0	0.0	0.0	0.0	0.0	0.0	0.0	0.0	0.0	0.0
0.0	0.0	0.0	0.0	0.0	0.0	0.0	0.0	0.0	0.0
0.0	0.0	0.0	0.0	0.0	0.0	0.0	0.0	0.0	0.0
0.0	0.0	0.0	0.0	0.0	0.0	0.0	0.0	0.0	0.0
0.0	0.0	0.0	0.0	0.0	0.0	0.0	0.0	0.0	0.0
0.0	0.0	0.0	0.0	0.0	0.0	0.0	0.0	0.0	0.0
-4.44028e-08	-6.25684e-10	-7.22714e-07	-2.87105e-09	-6.2667e-06	-9.71697e-07	1.01497e-05	-8.46778e-12	-1.71382e-06	-4.26799e-07
0.00476056	-4.61242e-10	-2.97988e-05	-1.06928e-06	-0.00447724	-0.000143577	0.000460037	-0.000268193	-9.14189e-06	-0.000291583
0.00177504	-2.35834e-06	-0.000887642	-1.30775e-06	-0.0020055	-1.61434e-05	0.00138053	-9.38632e-05	-3.82624e-05	-0.000110492
-0.000441971	-1.06738e-05	0.000103101	-0.000379521	-0.00164025	-7.09646e-06	0.00241525	-3.42805e-06	-2.56441e-05	-9.77189e-06
-0.0321442	-5.91583e-05	-0.00115915	-0.00207159	-0.0543681	-5.66692e-05	0.090692	-0.0004626	-0.000182584	-0.000187899
-0.0373897	-0.0022617	-0.00735979	-0.0037793	-0.170448	-0.00097535	0.226193	-0.00206712	-0.000958815	-0.000952559
-0.0272432	-0.0414739	0.0378226	-0.0153638	-0.216453	-0.00436605	0.277256	-0.00506858	-0.0032264	-0.00188342
-0.0285592	-0.0821898	0.159445	-0.025707	-0.175212	-0.0172585	0.192476	-0.00673533	-0.0120607	-0.00419768
-0.0261735	-0.0558667	0.094472	-0.00778611	-0.300814	-0.0623224	0.415706	-0.016137	-0.0255881	-0.0154884
-0.0485908	-0.0699819	0.165446	0.0471907	-0.315655	-0.124695	0.462067	-0.039873	-0.0486962	-0.0272078
-0.0525547	0.00972486	0.0970857	0.0631305	-0.42274	-0.121413	0.563116	-0.0404638	-0.0529808	-0.0429007
-0.0829085	0.186334	0.0157811	0.00515759	-0.284264	-0.124758	0.415218	-0.0184253	-0.0725773	-0.0395523
-0.145333	0.155267	0.0835623	-0.00251066	-0.163002	-0.141193	0.341124	-0.0222002	-0.0703051	-0.0354032
-0.169614	0.323124	0.181787	-0.06745	-0.254524	-0.085238	0.218024	-0.0275946	-0.0791992	-0.0393075
-0.131003	0.221387	0.146572	-0.0524303	-0.318999	0.0134431	0.275446	-0.0139796	-0.0911678	-0.0492631
-0.111829	0.0638009	0.000703679	-0.0562939	-0.152516	0.0979393	0.265679	-0.0085151	-0.0671526	-0.0318125
-0.0693221	-0.00755483	-0.0285348	-0.0851659	-0.133155	0.0931683	0.263659	-0.0041283	-0.00710219	-0.0218622
-0.0493509	0.044806	-0.109912	-0.0407621	-0.0959694	0.0150508	0.309544	-0.00224335	-0.0550628	-0.0160982
-0.0356086	-0.00483522	-0.0329642	-0.0127611	-0.0787025	-0.0706908	0.26314	-0.00119633	-0.0195286	-0.00685252
-0.0179873	-0.0105613	-0.0317724	-0.013872	-0.0731896	-0.082842	0.260079	-0.00103176	-0.0190373	-0.00978512
-0.00898714	-0.00379925	-0.0400698	-0.0100538	-0.0755846	-0.0476029	0.204139	-0.000709563	-0.0128264	-0.00450604
-0.00453947	-0.00196314	-0.00818634	-0.0024469	-0.0467276	-0.0379951	0.107127	-8.06013e-05	-0.00477327	-0.00041503
-0.000648417	-0.000588004	0.0461524	-0.000208252	-0.00449695	-0.0129497	-0.0247374	-3.21826e-05	-0.00245473	-3.68172e-05
-9.32747e-06	-2.63174e-05	0.0321349	-1.04074e-06	-0.000524464	-0.00104928	-0.0295864	-2.68833e-08	-0.000936408	-1.66192e-06
0.0	0.0	0.0	0.0	0.0	0.0	0.0	0.0	0.0	0.0
0.0	0.0	0.0	0.0	0.0	0.0	0.0	0.0	0.0	0.0
0.0	0.0	0.0	0.0	0.0	0.0	0.0	0.0	0.0	0.0
0.0	0.0	0.0	0.0	0.0	0.0	0.0	0.0	0.0	0.0
-9.91951e-08	0.00129101	-0.000157466	-6.38286e-05	-1.38274e-05	-1.087e-05	-0.000702301	-1.08786e-08	-0.000341519	-1.08687e-06
0.0114308	0.000307262	-0.000257994	-4.33636e-05	-0.0144538	0.000140821	0.00520374	-0.000783733	-0.000555887	-0.000987863
-0.00824172	-8.80761e-05	-0.00549016	-0.00600557	-0.00616175	0.0176677	0.0101395	-0.0011894	-0.00027101	-0.000359573
-0.0824621	-0.00501417	-0.00324025	0.137509	-0.00826715	-0.0635502	0.0329988	-0.00200115	-0.00499086	-0.00098156
-0.119379	-0.00320924	0.00265823	0.103296	-0.103333	-0.0401674	0.174461	-0.0030772	-0.0096505	-0.00159777
-0.130642	-0.0289745	0.0651345	0.149812	-0.168213	-0.0531013	0.21644	-0.0170838	-0.0295924	-0.00377862
-0.0237384	-0.0873462	0.174239	0.194666	-0.328033	-0.0650689	0.237045	-0.0548683	-0.0340983	-0.0127927
-0.0686007	-0.132347	0.485147	0.0841464	-0.435337	-0.0871597	0.271057	-0.0640668	-0.0207059	-0.0321265
-0.035814	-0.212826	0.390072	0.210129	-0.40714	-0.0523166	0.325486	-0.120581	-0.0390357	-0.0579663
0.0500943	-0.350915	0.478291	0.481587	-0.488309	-0.148006	0.362027	-0.18616	-0.109243	-0.0893586
0.0306669	-0.151586	0.410603	0.556266	-0.713908	-0.0297322	0.262172	-0.135339	-0.109034	-0.120101
0.20326	-0.0731688	0.553409	0.295852	-0.848945	-0.0638556	0.301268	-0.12975	-0.0680248	-0.170041
0.196165	-0.159256	0.309125	0.579083	-0.590643	-0.0385855	0.243265	-0.131572	-0.199204	-0.208377
0.115944	0.0476418	0.213063	0.438149	-0.561128	0.103361	0.201075	-0.122959	-0.191064	-0.244081
0.131203	0.161606	0.322941	0.299326	-0.489528	-0.0352362	0.0268507	-0.0931228	-0.123275	-0.200761
0.0090566	-0.0756771	0.204769	0.256734	-0.317623	0.105115	-0.00196741	-0.0592852	0.0031717	-0.124292
-0.171249	-0.240971	-0.159699	0.364289	-0.261167	0.246313	0.195182	-0.0498818	0.110403	-0.0332184
-0.199954	-0.153136	-0.169493	0.321224	-0.0645585	0.218121	0.251595	-0.0274556	-0.126116	-0.0502236
-0.117162	-0.19976	-0.263045	0.380229	0.0090352	0.297802	0.0454092	-0.0278998	-0.0800177	-0.044586
-0.153	-0.180041	-0.179251	-0.0683259	0.00834687	0.297339	0.242389	-0.0161598	0.0737498	-0.025042
-0.113217	-0.139076	-0.172562	-0.174133	0.0329264	0.134779	0.329814	-0.00421378	0.112574	-0.00688885
-0.0520104	-0.0989464	-0.147829	-0.101105	0.0310241	-0.0804092	0.3442	-0.00122338	0.108957	-0.0026564
-0.0181108	-0.0829286	-0.0111359	-0.0305656	-0.0127065	-0.0372383	0.175075	-0.000469352	0.0187172	-0.000637169
-0.00195812	-0.0255289	0.0263841	-0.000385958	-0.000626562	0.0691058	-0.0721337	-5.89374e-06	0.00518983	-4.06802e-05
-0.00141562	-0.0335359	-0.00048063	-2.12455e-05	-0.00023787	0.0130761	0.0260678	-1.67124e-07	-0.00344939	-2.9875e-06
0.0	0.0	0.0	0.0	0.0	0.0	0.0	0.0	0.0	0.0
0.0	0.0	0.0	0.0	0.0	0.0	0.0	0.0	0.0	0.0
-2.63569e-08	-1.93468e-08	-2.47791e-05	3.92137e-05	-1.72759e-07	-1.29041e-05	-2.49933e-08	-1.432e-08	-1.25686e-06	-1.61229e-08
-3.61304e-05	0.00442187	-0.00126132	0.00161201	-4.89061e-06	-0.00160129	-0.00250935	-6.36404e-08	-0.000618445	-2.40062e-06
-0.00046334	0.000566186	-0.00944509	0.0245575	-0.00181594	-0.00843855	-0.00427109	0.000718201	-0.00115394	-0.000253916
-0.0111738	0.00791997	-0.0600801	0.0762701	0.0226363	-0.0519913	0.0268734	-0.0032523	-0.0065342	-0.000667942
-0.11973	0.0583205	0.0246597	0.317938	0.0270915	-0.231574	0.0162557	-0.0394059	-0.0455081	-0.00804504
-0.128	0.0462582	0.208795	0.332033	-0.0799171	-0.253011	0.00865294	-0.0473578	-0.0766644	-0.0107849
-0.0260278	-0.0309573	0.12814	0.355557	-0.0878599	-0.169174	0.0172147	-0.0877562	-0.0650031	-0.0341292
0.0241257	-0.0321187	0.222587	0.491665	-0.281964	-0.378742	0.143148	-0.135965	0.0310849	-0.0838137
0.139687	-0.0644358	0.431071	0.388114	-0.376365	-0.276757	0.00607195	-0.248248	0.172828	-0.17196
0.116289	-0.0996289	0.334249	0.516414	-0.510953	-0.0152449	0.0298567	-0.365595	0.201045	-0.206427
0.234293	-0.314026	0.413782	0.581676	-0.471899	0.186911	-0.113036	-0.411315	0.197178	-0.303562
0.0017896	-0.153503	0.380127	0.430255	-0.330295	0.0771895	-0.12223	-0.342854	0.437504	-0.37798
0.083817	0.218676	0.201354	0.46524	-0.121704	-0.251779	-0.0586943	-0.343784	0.128785	-0.321913
-0.0383691	0.17134	0.377221	0.321304	-0.335878	0.00895288	-0.0801796	-0.408003	0.409904	-0.426295
0.124796	-0.0387534	0.192757	0.348872	-0.462313	0.426372	-0.155411	-0.382133	0.401672	-0.455861
-0.0843528	0.0835826	0.161533	0.446321	-0.183904	0.090181	0.0537758	-0.364585	0.315149	-0.517701
0.115328	-0.0575273	0.0943347	0.163139	-0.0966909	0.132517	0.133912	-0.319017	0.17951	-0.345505
-0.0246006	-0.240091	0.0205796	0.364945	-0.105933	0.390922	-0.00107675	-0.256795	0.128127	-0.276079
-0.0946456	0.132038	-0.178606	0.103332	0.207312	0.159329	0.0453441	-0.163917	0.103649	-0.313836
-0.0775023	0.0698817	-0.152665	0.0163156	0.33351	-0.268526	0.117659	-0.120787	0.285737	-0.203623
-0.12127	-0.0201262	-0.357811	-0.140577	0.33125	0.24405	0.224593	-0.0281014	0.084385	-0.216391
-0.0895278	-0.12976	-0.438616	-0.0930722	0.374787	0.0969309	0.339791	-0.0495006	0.10696	-0.117987
-0.176507	-0.165306	-0.376544	-0.296178	0.371617	0.363565	0.323423	-0.0231044	0.0182231	-0.0391828
-0.212445	-0.316624	-0.192438	-0.0443351	0.240084	0.484355	-0.0959964	-0.00633963	0.154442	-0.0106962
-0.0577367	-0.160403	-0.00722222	-0.0043403	0.00166357	0.184694	-0.0793568	-0.00138656	0.12718	-0.00309048
-0.00635165	-0.0198072	-0.00594542	-0.000114532	-0.0277987	0.0286323	-0.0110304	-0.000349713	0.044227	-0.00146173
-0.000118492	-0.0107237	-0.00529589	-2.71318e-05	-0.00422196	-0.00458393	0.0200334	-2.22701e-05	0.00514322	-0.000183286
0.0	0.0	0.0	0.0	0.0	0.0	0.0	0.0	0.0	0.0
0.0	0.0	0.0	0.0	0.0	0.0	0.0	0.0	0.0	0.0
-0.00038146	0.000516303	0.000585397	0.00246155	-0.000102734	-0.00270712	1.77163e-05	-6.8717e-06	-0.000380118	-2.66932e-06
-0.00491938	0.0108436	-0.00694866	0.113936	0.001693	-0.0496498	-0.0453261	-0.00201469	-0.0130662	-0.00454759
-0.032226	0.023585	0.00881792	0.240374	0.0161239	-0.210474	0.0434328	-0.0283418	-0.0474009	-0.0138884
-0.160564	0.15764	0.0268721	0.461342	0.0531699	-0.271653	-0.185696	0.125172	-0.162523	-0.0437527
-0.0181144	0.083251	0.0250634	0.450799	-0.0302646	-0.332025	-0.107924	0.156044	-0.124919	-0.101906
-0.0143727	-0.1482	0.0916593	0.32947	-0.0602943	-0.0868665	-0.133861	0.151305	0.0194027	-0.14824
0.0665746	-0.35432	0.203619	0.142366	-0.0665376	-0.16034	0.116415	0.231617	0.00428703	-0.183678
0.0705348	-0.39038	0.025928	0.176483	-1.68055e-05	0.109701	-0.0116002	0.149409	0.126957	-0.257017
0.275793	-0.24156	0.113615	0.159413	-0.203001	0.211001	0.0995747	-0.132319	-0.170071	-0.112448
0.158281	-0.359351	0.230358	0.184621	-0.111679	0.0906719	-0.487663	-0.21602	0.271939	0.238841
-0.0456785	-0.276463	0.146334	0.118483	-0.0109822	-0.000853703	-0.28386	-0.0562093	0.267471	0.141759
0.203075	-0.0538339	0.0977975	0.129187	-0.315364	-0.0413321	-0.354455	-0.066135	0.15071	0.250349
0.229158	-0.0223969	0.0976951	0.0392582	-0.0245811	-0.126254	-0.0024441	-0.293468	0.26904	-0.166007
0.152362	0.209423	0.153286	0.192557	-0.0184259	-0.145439	-0.281815	-0.401058	0.102828	0.0362806
0.0995532	-0.161066	0.329073	0.387612	0.0579242	0.0942656	-0.218846	-0.305167	0.158952	-0.442299
0.344388	-0.247865	0.149756	-0.0698757	-0.0839701	0.175003	-0.00746152	-0.380979	0.453447	-0.332439
0.360629	-0.0067666	0.121953	0.0107011	0.110589	0.154163	0.169521	-0.42657	-0.228955	-0.265265
0.0384334	0.0118643	-0.0064317	0.187091	0.18466	0.012175	0.221367	-0.579787	0.136053	-0.205429
-0.136907	0.120285	0.0626674	0.0247461	0.0552428	0.343717	0.0795022	-0.579045	0.236249	-0.206459
-0.00357173	0.321837	0.0721001	-0.131737	0.0567617	0.11098	0.12255	-0.337454	0.0658097	-0.277277
0.0214734	0.279079	-0.102826	-0.0761949	0.247034	0.288446	-0.0142767	-0.235549	-0.0292735	-0.37791
-0.253865	0.117536	-0.288511	-0.264916	0.495481	0.373904	0.348629	-0.121878	-0.165533	-0.240844
-0.318182	-0.0269405	-0.282146	-0.0950424	0.118152	0.503646	0.115768	-0.0343234	0.117311	-0.0982383
-0.135486	-0.200734	-0.063375	-0.0251502	-0.0699172	0.351509	-0.0741377	-0.0108561	0.26078	-0.0326295
-0.0394348	-0.041514	-0.0215808	-0.00212942	-0.0395139	0.0831544	0.0438725	-0.00463186	0.0261658	-0.00438761
-0.0153321	-0.0139717	-0.00777623	-0.000108642	-0.000427752	0.010587	0.0299896	-0.000167753	-0.00275576	-3.67027e-05
0.0	0.0	0.0	0.0	0.0	0.0	0.0	0.0	0.0	0.0
-5.57718e-06	-1.70568e-06	-6.91847e-05	0.000780924	-1.99586e-06	-6.12985e-05	-2.91627e-07	-1.62664e-05	-7.40551e-05	-0.000550549
-0.00187962	-0.027528	-0.00792247	0.00578415	-0.002975	0.00449156	-0.00168346	0.0407249	-0.00478165	-0.00423036
-0.00397006	0.00699594	0.00780045	0.151	-0.0458454	-0.164434	-0.0471889	0.173822	-0.0458958	-0.0322836
-0.0507215	0.0204755	0.137346	0.172268	0.0245399	-0.235259	0.0444681	0.103265	-0.112758	-0.103619
-0.018923	-0.0245265	0.0753078	0.220873	0.207588	-0.140264	-0.12643	0.238174	-0.130323	-0.30147
0.0358889	-0.105216	0.151669	0.277772	0.118895	-0.06854	-0.284986	0.369301	-0.187434	-0.307344
0.0587148	-0.270417	0.10844	0.0662351	0.075791	0.0533266	-0.0439776	0.354574	-0.0662856	-0.336399
-0.011353	-0.384239	0.0449286	0.226648	-0.0392177	-0.035256	-0.044999	0.395776	0.0266283	-0.178915
-0.296661	-0.492097	0.246852	0.363285	0.0944506	-0.0909118	-0.169218	0.228446	0.0776426	0.0382103
-0.00834413	-0.180573	0.247307	0.369653	-0.198781	-0.0369899	-0.372035	0.321866	-0.0926385	-0.0494629
-0.0426312	-0.027573	-0.0764168	0.17714	-0.318478	-0.0833118	-0.318425	0.463498	0.0136509	0.212545
-0.256564	-0.232576	0.0531948	-0.0131042	-0.184073	0.00584571	-0.177276	0.311439	0.368662	0.124453
0.293318	-0.283089	-0.0103952	0.408292	-0.386713	-0.0653046	-0.429346	-0.0127902	0.0442141	0.441817
0.227138	-0.199429	-0.0484314	0.13461	-0.447265	0.183939	-0.287292	0.00833281	0.0251093	0.40329
-0.0220666	-0.275194	0.0967319	0.112952	-0.496763	-0.0597202	-0.112797	0.134419	0.391001	0.23144
0.0810783	-0.224606	0.177846	0.244089	-0.429584	-0.140158	-0.272719	0.0809417	0.0660547	0.417056
0.157091	-0.415669	-0.026089	0.00023106	-0.235853	-0.0119332	-0.190026	0.165472	0.194448	0.362328
0.324906	-0.0810003	-0.0378197	0.364811	-0.441689	0.0993939	-0.40884	0.0597407	-0.248596	0.369093
0.0156861	-0.238376	-0.0822675	-0.154743	-0.0894782	0.319267	-0.21656	-0.0444651	0.437564	0.0533744
0.0891793	0.0458156	-0.183021	0.0938946	-0.21363	0.186799	-0.10007	-0.0963804	0.0817355	0.0956792
0.340999	0.0629256	-0.0908717	0.0963265	-0.117379	-0.0970149	-0.0982641	-0.0041202	-0.0458985	-0.0467011
0.412739	0.0792628	-0.160127	-0.0920232	0.191371	0.169391	-0.0701857	-0.156741	-0.0949665	-0.27872
-0.0148447	0.109031	-0.481848	-0.155499	0.504223	0.260699	0.0950642	-0.255143	0.249729	-0.311415
-0.458852	0.00383528	-0.293994	-0.0609205	0.104945	0.837491	0.0738456	-0.106422	0.112086	-0.21201
-0.330181	-0.141851	-0.0720344	-0.0549967	-0.0430119	0.483532	-0.0359629	-0.0478387	0.31034	-0.0679916
-0.154549	-0.0212142	-0.0127133	-0.00573798	0.0626064	0.170209	-0.0533941	-0.0137984	0.0547123	-0.026119
-0.0418918	-0.000320267	-0.000562103	-0.000402961	-0.00218748	0.0584124	-0.00338496	-0.000738029	-0.00816549	-0.000759333
0.0	0.0	0.0	0.0	0.0	0.0	0.0	0.0	0.0	0.0
-0.000357782	-0.002493	-0.00225636	0.0214348	-0.00118702	-0.00218038	-8.50629e-05	0.00725526	-0.00522193	-0.0149085
-0.000681169	-0.0476673	0.0375779	-0.0279736	-0.00453233	-0.0206345	-0.00726432	0.0965277	-0.00849314	-0.0168591
-0.00582132	-0.0186505	0.067296	0.0618509	-0.0178943	-0.180825	-0.0572997	0.301771	-0.0484854	-0.101939
-0.0914117	-0.00234099	0.341262	0.338261	0.107284	-0.534655	0.0374296	0.134842	-0.0506249	-0.280037
-0.00548761	-0.164323	0.182116	0.479519	0.343682	-0.281822	-0.070196	0.0475446	-0.0252496	-0.505776
0.095573	-0.273615	0.340367	0.195052	0.139888	-0.0301491	-0.346656	0.296482	-0.10028	-0.316657
0.00148496	-0.293237	-0.0960941	0.0774545	0.163864	0.163814	0.0247492	0.302186	-0.0106655	-0.333557
-0.218663	-0.55412	0.215914	0.104915	-3.2935e-06	0.257959	-0.0743912	0.131537	0.195246	-0.0583932
0.0547119	-0.317543	-0.0184521	0.0372046	0.0355506	0.069448	-0.126371	0.283555	-0.0413209	0.0232175
0.0322893	-0.0759827	-0.139025	-0.0709202	-0.238432	0.292093	-0.237632	0.380066	0.108698	-0.0511534
0.0988712	-0.243373	0.0749758	-0.023251	-0.0914572	0.160363	-0.0660064	0.249911	-0.221844	0.0618116
-0.0394736	-0.0139943	-0.106921	0.186025	-0.473063	0.0671995	-0.148146	0.25806	-0.150476	0.42079
0.163496	-0.218866	0.301834	-0.0137538	-0.317217	-0.269035	-0.335042	0.221475	-0.0429111	0.510024
0.0498019	-0.0757955	0.0690288	0.349844	-0.448351	0.213569	-0.0777272	-0.086581	-0.417934	0.424148
-0.0810334	-0.450247	-0.0573097	0.273739	-0.339117	-0.247329	-0.115978	0.156845	0.345219	0.515213
-0.0437221	-0.220614	0.0760095	0.0260402	-0.434321	0.130578	-0.376853	0.236825	0.0465372	0.559519
0.299833	-0.236939	-0.279121	0.212887	-0.0837879	0.0408652	-0.240122	0.294585	-0.248396	0.240197
0.3078	-0.303687	-0.0288124	-0.137534	-0.282913	0.093138	-0.342296	0.38986	0.14791	0.156532
0.159207	-0.0649576	-0.105263	0.122861	-0.0293938	0.0664819	-0.334907	0.175886	-0.0968988	0.106985
-0.0332885	0.0711154	-0.230792	0.0337783	-0.0542175	0.0863612	-0.350815	0.356004	-0.0410529	0.162906
-0.016507	-0.0842713	0.013682	-0.278807	-0.0591781	0.207999	-0.215555	0.183293	0.201639	0.0477047
0.0387447	-0.0988291	0.226106	-0.25857	0.17165	0.236428	-0.325631	0.138604	0.0225296	-0.151033
0.210106	-0.134191	-0.595051	-0.256012	0.403687	0.34575	-0.175331	0.0159566	0.376254	-0.191169
-0.162954	-0.393746	-0.454647	-0.193445	0.163471	0.741485	0.108352	-0.0592264	0.472268	-0.221552
-0.379727	-0.231316	-0.0920053	-0.069324	0.00307009	0.86907	-0.116374	-0.0721386	0.194625	-0.105877
-0.180517	-0.00869974	-0.0181296	-0.00471882	0.0910638	0.158233	-0.0498214	-0.0133356	0.0713271	-0.0454013
-0.0121419	-0.00428427	-0.00155506	-0.000344951	-0.00296496	0.0264499	-0.0118534	-0.000508073	0.00838082	-0.00117807
0.0175283	-2.89837e-07	-0.000269923	-8.22428e-07	-0.000658271	-5.79327e-06	-7.76179e-06	-0.0110178	-2.52965e-05	-0.00554233
-0.000379781	-0.00208104	0.00164722	-0.00953105	-0.0160348	-0.00159503	-0.000257762	0.0770143	-0.00524977	-0.0435323
0.00303031	-0.0307518	0.0146957	-0.0237195	0.0217672	-0.02397	-0.00670894	0.139588	-0.0125894	-0.0813411
0.0127873	-0.00457955	0.0378706	0.0865224	0.00438262	-0.189046	-0.0492598	0.391267	-0.00607218	-0.283868
-0.126092	-0.0357707	0.375241	0.403192	0.0589858	-0.706275	0.0408061	0.315707	0.0418259	-0.367604
-0.0668009	-0.108792	0.0720092	0.183097	0.267786	-0.31828	-0.128376	0.263248	0.149071	-0.312955
-0.0388794	-0.258098	-0.000742008	0.0276637	0.0660782	-0.0390588	-0.279016	0.264005	0.258776	-0.000725809
-0.0701796	-0.196721	0.0158877	0.0601049	0.112476	-0.214613	-0.178548	0.591329	0.227144	-0.346883
-0.000897171	-0.483477	0.10416	-0.0834888	-0.132616	0.124654	-0.191781	0.338642	-0.00490689	0.329711
0.273905	-0.498255	-0.0697881	-0.132476	0.145674	0.0633364	-0.0904713	0.194022	0.196066	-0.0820117
-0.0401226	-0.220382	0.272601	0.0756107	-0.162906	0.122957	-0.183963	0.0488656	0.125656	-0.0383146
-0.0694408	-0.319984	0.0640809	0.0300419	0.0541098	0.10806	-0.140928	0.348815	0.0035476	-0.0783015
0.241924	-0.0537863	-0.117336	0.119041	-0.221229	-0.0511126	-0.207936	0.382438	0.25266	-0.34466
-0.0280657	0.0494876	-0.0624017	0.0876376	-0.326376	-0.0568409	-0.213032	-0.0286474	0.340686	0.237554
0.248155	0.00677423	0.0436796	0.202018	-0.438429	-0.0784267	-0.457896	0.258272	-0.220517	0.436371
0.291125	0.0148192	-0.00467056	0.163076	-0.252233	-0.204932	-0.533737	0.355334	-0.0303075	0.201529
0.629369	-0.346046	-0.0986933	0.0832259	-0.538442	-0.00888984	-0.456109	0.291691	0.220313	0.223584
0.276988	0.145562	0.000876489	0.068074	-0.209077	0.0087244	-0.347713	0.19584	-0.106474	-0.0328004
0.087888	-0.224243	-0.267665	0.347237	0.0306287	-0.0705541	-0.658036	0.503462	0.131689	0.119592
-0.0028579	-0.09924	0.220203	0.116235	-0.129876	0.119176	-0.521885	0.118349	0.216548	-0.0366526
0.234435	-0.296274	0.0485486	0.101162	-0.0831757	0.311555	-0.39239	0.263955	0.0845706	-0.272387
0.0982841	-0.292492	-0.116559	0.0513684	-0.0258331	0.169437	-0.275187	-0.0764404	0.198819	0.268602
0.191115	-0.273348	-0.0337416	0.357837	-0.210516	0.040027	-0.48281	0.252398	0.142651	0.0163839
0.455214	-0.51451	0.0015951	-0.562898	0.145052	0.684011	-0.519429	0.1448	0.327528	-0.161361
0.109503	-0.571871	-0.510845	-0.450447	0.0991094	1.19415	-0.332525	-0.130264	0.717213	-0.124011
-0.395813	-0.257507	-0.181268	-0.0963893	0.13207	0.939201	-0.243157	-0.128548	0.346748	-0.115329
-0.153906	-0.0191328	-0.0262214	-0.00666666	-0.0625713	0.264406	-0.139199	-0.0195805	0.206221	-0.0433487
-0.00882981	-0.00320719	-0.00311651	-0.000107672	-0.00255453	0.00763991	-0.0135438	-0.00475432	0.0304305	-0.00195656
-4.31377e-06	-3.75225e-05	-1.30878e-05	-0.000183607	-0.000789683	-8.76298e-05	-3.36282e-06	0.00286065	-2.66505e-05	-0.00171479
-0.000491201	-9.39173e-05	-0.00124821	-0.00852298	-0.0155207	-0.00162048	-0.000136404	0.0886228	-0.00366664	-0.0573222
0.00949182	-0.0200095	-0.0356386	0.0507876	0.0126451	-0.0110752	-0.0119887	0.155038	-0.0319616	-0.117288
0.0417714	-0.0112765	0.0660254	0.216574	-0.153542	-0.210427	-0.0616468	0.430538	-0.0405497	-0.277461
-0.0697992	-0.111814	0.240677	0.605174	-0.24927	-0.537696	0.0800022	0.421763	0.036407	-0.415433
-0.0477829	-0.293948	0.434402	0.14501	-0.0382167	-0.299285	-0.244923	0.266439	0.105268	-0.026959
-0.118981	-0.28408	-0.0998695	0.122613	-0.0863237	-0.0665746	-0.258554	0.268516	0.242239	0.281017
-0.153458	-0.144008	-0.110763	0.210765	-0.0620966	-0.012835	-0.0452806	0.187681	0.118354	0.0116411
-0.132322	-0.257301	-0.097013	0.16028	-0.0184856	0.115885	-0.18649	0.149567	0.170821	0.0950591
0.0715859	-0.424565	0.102317	0.0978502	-0.0068821	-0.0987587	-0.196895	0.263727	0.214626	-0.0230036
0.183751	-0.193817	0.237483	-0.0795951	-0.250695	0.178854	-0.347354	-0.0607385	0.0732809	0.258832
-0.0734988	-0.12204	-0.0888024	-0.364075	-0.0250931	0.377428	-0.122705	0.153705	0.126504	0.138578
0.00916987	-0.154199	0.0222337	-0.222015	-0.135513	0.217377	-0.207983	0.523725	-0.136265	0.0834728
0.351203	0.0796326	0.0104502	-0.183698	-0.118362	-0.0754432	-0.453769	0.24826	0.0469994	0.0947283
-0.0275307	0.189476	0.124426	0.275059	-0.631408	-0.234195	-0.219538	0.601314	-0.2337	0.1561
-0.294428	0.549839	0.256477	0.464751	-0.352049	-0.450187	-0.451926	0.400211	-0.471131	0.34845
0.164026	0.182897	0.268682	0.29747	-0.0390613	-0.409311	-0.599674	0.268656	-0.0884385	-0.0452444
0.32971	0.00112601	-0.0724721	0.123217	-0.146207	-0.132496	-0.770541	0.585556	0.0476951	0.034413
0.260874	-0.135105	0.0154872	0.0315855	0.130682	-0.0240643	-0.615984	0.296314	-0.0770953	0.117311
0.352951	-0.255407	-0.0857386	0.235215	-0.133309	-0.0548231	-0.561314	0.380764	0.030375	0.0912886
0.284378	-0.412001	-0.0639978	0.298744	0.0603019	0.0249443	-0.345	0.00577714	0.0550045	0.091851
-0.185204	-0.304834	-0.160053	0.137472	0.0479637	0.39522	-0.127786	0.2952	0.149182	-0.24716
-0.150133	-0.401121	0.0728966	0.438787	-0.0139049	0.253066	-0.519273	0.226967	0.103935	-0.0112192
0.531738	-0.523161	-0.0786584	-0.23907	0.0741162	0.574655	-0.3949	-0.0210171	0.345625	-0.269323
0.394299	-0.362681	-0.521282	-0.457882	-0.271245	1.42538	-0.384674	-0.0713157	0.462554	-0.213137
-0.358856	-0.185946	-0.137198	-0.0647844	-0.215731	1.202	-0.40229	-0.0360493	0.357412	-0.158545
-0.138414	-0.0229756	-0.00535609	-0.0142745	-0.0882969	0.277776	-0.181524	0.0187105	0.221014	-0.0666586
-0.00162905	-0.0031762	-0.0014581	-0.000516796	-0.00822287	0.0160572	-0.00814629	0.0655803	-0.0540008	-0.00448738
-6.24668e-06	-4.36968e-05	-2.70229e-05	-0.00030875	-0.000920944	-0.000110039	-3.96373e-06	0.00379854	-3.66011e-05	-0.00234128
-0.000513564	-4.26535e-05	-0.000454784	-0.00562642	-0.0147049	-0.00148674	-4.93972e-05	0.0831922	-0.00196935	-0.0583443
0.0466191	-0.0102324	-0.0289987	0.0174157	-0.0343904	-0.0136675	-0.0419017	0.244238	-0.0228756	-0.156205
0.0247036	-0.0703105	0.111604	0.360138	-0.143844	-0.189785	-0.0803152	0.332562	-0.124029	-0.220717
-0.0327021	-0.143952	-0.0801754	0.337088	-0.207597	-0.193509	-0.0408783	0.393132	0.216816	-0.248217
0.0647642	-0.308033	0.456759	-0.0250897	-0.217213	-0.149271	-0.218016	0.257608	0.0198528	0.118645
-0.088341	-0.457263	0.494523	0.00665773	-0.217309	-0.097905	-0.180502	0.184292	0.0972015	0.258647
-0.143238	-0.307866	-0.0101698	-0.0161044	-0.0854098	0.215493	0.0253371	0.115587	0.207216	-0.000845517
-0.0873265	-0.208301	-0.0205031	-0.242422	-0.0404998	0.368395	0.0467994	-0.1244	0.153848	0.15441
0.10209	-0.327584	-0.206858	-0.518316	0.179927	0.396347	-0.218639	0.205228	0.260939	0.126865
-0.116129	-0.0197783	0.0652678	-0.446014	0.0178193	0.212493	-0.132661	-0.0495331	0.289682	0.178853
0.133599	0.146398	0.10901	-0.505387	0.000117483	0.20431	-0.161372	-0.253682	0.262401	0.0646087
-0.0562627	-0.0687655	0.0647486	-0.579287	0.318914	0.37751	-0.312563	-0.291182	0.378399	0.168493
0.175504	0.373246	-0.169322	0.0840413	-0.284267	0.120352	-0.107729	0.211333	-0.0119484	-0.391207
0.0788379	0.564538	0.0593842	0.185104	-0.925343	0.0476336	-0.326894	0.419648	-0.017716	-0.0851873
-0.188436	0.8674	-0.196808	0.103661	-0.0223043	-0.115977	-0.531904	0.517564	-0.332043	-0.101151
0.087317	0.278005	-0.0157915	0.260169	-0.271396	-0.23637	-0.465241	0.725065	-0.399039	0.0372826
0.40347	0.122329	0.261725	0.21513	0.0202268	-0.461815	-0.459592	0.210809	-0.255106	-0.0571769
0.294384	-0.232124	0.0564051	0.205939	-0.0155586	-0.514263	-0.464152	0.324294	0.263605	0.0814738
-0.0221546	-0.166593	-0.121821	0.230994	0.148203	-0.42015	-0.498813	0.484889	0.327858	0.0375873
0.197994	-0.431936	-0.0940399	0.324213	-0.172426	-0.215318	-0.233086	0.464656	0.157999	0.00194659
0.122481	-0.302122	-0.0912452	0.074444	-0.0245788	-0.0315882	-0.244324	0.41023	0.199749	-0.113045
0.235946	-0.399399	-0.0703909	0.217681	-0.0504431	-0.0333988	-0.405693	0.271213	0.258309	-0.0238216
0.526123	-0.40623	-0.172983	-0.0375896	-0.49504	0.71305	-0.091392	-0.227442	0.32433	-0.132822
0.396725	-0.32712	-0.435638	-0.324935	-0.374121	1.81106	-0.25173	-0.151988	0.00161348	-0.343849
-0.362861	-0.124202	-0.0726109	-0.0237311	-0.263722	1.57547	-0.510615	-0.0138228	-0.097179	-0.106722
-0.169478	-0.0349982	0.0340416	-0.00783361	-0.113592	0.456811	-0.181579	0.01299	0.0666241	-0.0629852
-0.000632238	0.00158885	-0.000812657	-0.000172954	-0.00242066	0.00523826	-0.0249154	0.0165693	0.0140602	-0.00850266
-2.96903e-05	-7.35249e-06	-2.84482e-05	-0.000199464	-0.000129341	-9.36721e-05	-4.31754e-06	0.0014866	-4.1642e-05	-0.000952667
0.0113541	0.000576867	-0.000808661	-0.00382644	-0.0329669	-0.012247	-0.000231174	0.116722	-0.00244723	-0.0761258
-0.00429498	-0.000135422	-0.0138558	0.0197918	-0.145865	-0.0250653	-0.00144268	0.455025	-0.0139159	-0.270241
0.0133838	-0.0475594	-0.0491489	0.361561	-0.0976325	-0.25247	-0.0826747	0.420607	-0.0196671	-0.246394
-0.198395	-0.0911304	-0.169404	0.327472	-0.285561	-0.0917438	-0.0123203	0.471473	0.0708166	-0.0211986
-0.147531	-0.162636	0.0680102	-0.134188	-0.101613	-0.0442916	-0.00112504	0.118275	0.198644	0.206458
0.0103751	-0.416808	0.0504796	-0.288513	0.128614	0.279203	-0.09036	0.00446914	0.117107	0.205437
0.0163999	-0.374481	-0.204908	-0.577475	0.0249516	0.163366	0.200208	0.126171	0.509392	0.116378
-0.00597596	-0.299441	-0.419961	-0.427595	0.155151	0.163465	0.0417329	-0.205135	0.344205	0.653559
-0.25012	-0.340362	-0.443355	-0.490874	0.409383	0.125658	0.215369	0.208401	0.427796	0.138098
-0.0685225	-0.160513	-0.855195	-0.387511	0.564312	0.0732951	0.0232651	0.30719	0.233842	0.269837
-0.0629491	-0.0905826	-0.670503	-0.203865	0.100488	0.114883	-0.0977848	0.301806	0.202033	0.406473
-0.361233	-0.150435	-0.824748	-0.0176827	0.660153	0.226799	0.177092	-0.0587825	0.156017	0.192819
-0.0425285	0.394428	-0.977536	0.29469	-0.84538	0.617201	0.218037	0.124013	0.196529	0.0205499
-0.438962	0.732374	-0.554508	0.0414447	-0.853285	0.102362	-0.256904	0.516712	0.701409	0.00935876
-0.720943	0.775783	-0.515754	0.216687	0.437596	-0.205028	-0.643871	0.408666	-0.0147741	0.261635
-0.640204	0.227233	-0.212199	-0.0492227	0.466693	-0.235029	-0.159284	0.401797	-0.13973	0.339948
-0.0110686	-0.137923	-0.410108	0.364432	0.164921	-0.167579	-0.379548	0.301181	-0.214026	0.48972
-0.279116	-0.0402072	-0.0896555	0.157443	0.00770137	-0.0238712	-0.296006	0.494996	-0.261226	0.329944
0.0266297	-0.204733	0.290426	0.0855925	-0.0073998	-0.344274	-0.19481	0.218641	-0.0349321	0.164861
0.19109	-0.202362	-0.126471	0.391661	-0.228293	-0.670173	-0.139979	0.321986	-0.102348	0.564892
0.393365	-0.251508	0.0673081	-0.079646	-0.262517	-0.462971	-0.0516592	0.282313	0.0161836	0.349131
0.249807	-0.238553	-0.0352999	5.00489e-05	-0.261074	-0.534	-0.132772	0.312419	0.301752	0.337671
0.292089	-0.20964	-0.142035	-0.208902	-0.516825	0.236174	0.349734	-0.223055	0.498635	-0.0761711
0.390193	-0.201845	-0.166078	-0.252461	-0.503247	0.847693	-0.0210395	-0.196702	0.383582	-0.280081
-0.24818	-0.118504	0.0812382	0.0135534	-0.223221	1.12819	-0.50978	-0.087793	0.100238	-0.13574
-0.119972	-0.0381355	0.0424887	-0.0035827	-0.0433353	0.308848	-0.29967	-0.0139519	0.206678	-0.0393676
-0.000441113	0.00726995	-0.00217968	-9.44031e-05	-0.00165661	0.00452698	-0.0153657	0.00401991	0.00681579	-0.00289514
-1.52329e-06	-3.32928e-08	-1.58727e-05	-8.64288e-05	-1.79164e-06	-1.50933e-05	-1.72709e-08	0.00181071	-2.15624e-05	-0.00166838
4.27925e-05	-0.000259065	-6.12895e-05	-0.00345065	-0.0447212	-0.0173091	-0.000319761	0.111542	-0.00137838	-0.0440857
-0.004801	-0.00412535	-0.00199676	-0.00982647	-0.167054	-0.0233573	-0.00140324	0.458084	-0.0101182	-0.235402
-0.0207574	-0.00480378	-0.178873	0.0748132	-0.217966	-0.101814	-0.0712539	0.618472	0.0972402	-0.195054
-0.136548	0.000979707	-0.264283	-0.00335846	-0.42316	0.0270883	-0.0512967	0.547926	-0.00890636	0.311565
-0.0167034	-0.0738509	-0.523424	-0.23563	-0.053628	0.0257476	-0.0431994	0.288462	0.274612	0.357615
0.250406	-0.135756	-0.919439	-0.333863	0.19248	0.337303	0.160693	0.0204308	0.0249703	0.402773
-0.00104146	-0.188701	-1.12319	-0.315737	0.33246	0.0964313	0.276014	0.449598	0.257097	0.217062
-0.0981564	-0.221461	-0.542775	-0.419986	0.441669	-0.000251501	0.22223	0.526035	-0.0772735	0.169967
-0.0842933	-0.123939	-0.547849	-0.148713	0.183554	-0.0728688	0.290127	-0.0648137	0.131066	0.43773
-0.00746256	-0.353157	-0.64174	0.217097	0.563796	0.326964	-0.0120398	-0.177006	-0.176413	0.259963
0.00660252	-0.489039	-0.633015	-0.154927	0.575363	0.133362	0.358514	0.107757	-0.129276	0.224656
0.173856	0.0765147	-0.582085	-0.00521792	1.07592	0.120971	0.174906	-0.724226	0.0641623	-0.374798
0.0991632	0.195129	-0.368935	-0.0025963	0.0144025	0.323038	0.194264	-0.987173	0.488235	0.0444722
-0.580507	1.00609	-0.488883	0.527642	-0.568217	-0.122732	-0.276485	0.0229961	0.216662	0.263426
-0.880388	0.466931	-0.539207	0.181306	0.18277	0.0576446	-0.357248	0.480452	0.0787115	0.329035
-0.667484	0.154762	-0.256771	0.126928	0.349481	-0.337742	-0.0887436	0.506461	-0.0365875	0.249699
-0.0140374	0.121051	-0.352896	-0.0814438	0.0105892	-0.44905	-0.117411	0.475108	0.100016	0.308078
-0.0552065	-0.0350342	-0.300647	0.136764	-0.0244962	-0.315024	-0.185491	0.42103	-0.0790589	0.437168
0.113949	-0.21937	0.268085	-0.0565886	0.191854	-0.399842	-0.376556	-0.141602	0.264392	0.355679
0.106163	-0.157756	-0.045482	0.0386228	0.174638	-0.465052	-0.188665	-0.0327612	0.227849	0.342444
0.108405	-0.0903582	0.0149688	-0.634139	0.339814	-0.893298	0.0954943	0.119182	0.467257	0.472667
0.305526	-0.0896875	-0.0646449	-0.519487	0.164336	-1.26581	0.389592	0.123206	0.432272	0.524704
0.429902	-0.0552911	-0.393649	-0.305064	-0.193043	-1.20362	0.79546	-0.252346	0.787892	0.389765
0.6646	-0.0673048	0.190183	-0.137824	-0.115669	-1.13896	0.354893	-0.203309	0.785649	-0.332244
-0.0274049	-0.0485314	0.357963	0.0254049	-0.0701307	0.0334469	-0.296428	0.018704	0.174177	-0.167198
-0.0735115	-0.038037	0.243459	-0.000510129	-0.0335121	0.205675	-0.321725	0.0452753	0.0278734	-0.0549871
-0.000394297	0.00572912	0.0257521	-0.000131105	-0.0120876	-0.00479557	-0.0174314	0.0210103	-0.015769	-0.00188256
-6.47142e-09	6.22694e-05	-7.47788e-06	-2.09802e-05	-1.9466e-07	-1.99175e-06	-1.47747e-06	-1.20891e-05	-6.21669e-06	-1.18352e-05
0.000776627	-4.45023e-05	-4.25987e-05	-0.00166786	-0.0322604	-0.00279299	-0.000349039	0.061431	-0.000268589	-0.0247817
-0.00219694	-0.00133838	-0.000866625	-0.00593079	-0.109567	-0.00606183	-0.000552495	0.282077	-0.00259997	-0.152964
-0.00380048	0.0137626	-0.225317	0.0324007	-0.176164	0.00346097	-0.0620688	0.501084	0.0576404	-0.140997
0.0471611	0.0400486	-0.651085	-0.238721	-0.175992	0.121857	-0.0960756	0.311947	-0.0872538	0.728125
-0.0394552	-0.0537062	-0.901174	-0.250995	0.241712	0.237969	0.102988	0.124412	0.0781538	0.460095
0.308942	-0.106283	-1.13958	-0.281891	0.49053	-0.131937	0.495656	0.219959	0.00128931	0.143312
0.322176	-0.177088	-0.846733	-0.351554	0.280026	0.177063	0.0445096	0.193051	0.02845	0.330099
0.065467	0.0191042	-0.344345	-0.224338	0.353011	-0.0114726	0.0062216	-0.00326329	-0.103319	0.242933
0.0621467	-0.0652458	-0.281499	-0.118041	0.411869	0.0879313	0.0869459	-0.175368	0.0835313	-0.0922739
0.194738	-0.689428	-0.19852	-0.17553	0.478862	0.17955	0.273517	0.051401	-0.189684	0.0750947
0.0409954	-0.717159	0.120866	-0.210325	0.628167	0.283019	-0.0558219	-0.182176	0.116958	-0.0245254
0.12545	0.0561302	-0.103529	0.11614	0.474153	0.504268	0.0714056	-1.12235	0.220095	-0.341767
-0.484474	0.274958	0.214792	0.41709	-0.328453	0.266729	0.119746	-1.09934	0.535908	0.0830433
-0.703749	0.611483	0.0784436	0.270007	-0.0407104	-0.132062	-0.218295	-0.0126752	-0.103852	0.251412
-0.907051	0.391849	-0.286341	-0.218896	0.456422	-0.299846	0.0657327	0.0670366	0.443077	0.288026
-0.622615	0.135619	-0.295471	0.139279	0.211453	-0.478085	0.0503273	0.246983	0.113622	0.498889
-0.20515	0.417949	-0.104429	0.0597059	0.163173	-0.174462	-0.337762	0.0668175	-0.191134	0.305294
-0.0480663	-0.234793	-0.272652	0.237574	0.251698	-0.089672	-0.180098	0.0642867	0.0408796	0.230845
-0.0521194	-0.330915	-0.261317	0.0319649	0.117919	0.0498115	0.134487	-0.224296	0.0633194	0.471145
-0.335023	-0.195594	-0.251981	-0.523935	0.371792	-0.0123201	-0.0905854	0.318794	0.335575	0.383278
-0.0962522	-0.132653	0.018759	-0.565571	0.411793	-0.301698	0.314144	0.169077	-0.193758	0.37616
0.225241	-0.147862	-0.0473949	-0.70818	0.365337	-0.350204	0.440713	-0.0944428	0.0445931	0.2722
0.432687	-0.137669	-0.106173	-0.315087	-0.035783	-0.791165	0.902085	-0.0826592	0.375271	-0.241505
0.492837	-0.131332	0.629925	-0.0995866	-0.258418	-0.924468	0.430885	0.0550012	0.299721	-0.494548
0.12811	-0.087144	0.74261	0.00447727	0.0229251	-0.273895	-0.380138	0.0537085	0.0527192	-0.263372
-0.0213349	-0.0452285	0.54275	-0.00165827	-0.0214028	-0.0141032	-0.318988	0.00264863	-0.0405675	-0.0821152
-0.0030941	-0.000712173	0.164584	-0.00444459	-0.0413986	-0.0423077	-0.0549428	-0.0120169	-0.0031781	-0.00248883
-4.27509e-05	-1.3322e-06	-2.98574e-05	-0.00229888	-0.000151408	0.0108291	-0.000151574	-7.19038e-05	-0.00029215	-0.00778929
-5.74705e-05	-1.31496e-05	-0.0165283	0.0175239	-0.0174825	-0.00128463	-1.43838e-05	0.0321907	-0.000911853	-0.0134223
-0.000772562	0.00164336	-0.0110443	0.00933136	-0.0450312	-0.00201071	-5.70795e-05	0.152596	-0.00136128	-0.103294
-0.0985257	0.0267542	-0.190274	0.0393887	-0.0156887	0.0389092	-0.0294171	0.252164	-0.00895736	-0.0143518
-0.0291156	0.0433208	-0.422464	-0.125224	0.409184	0.0881364	-0.306706	0.151051	-0.194393	0.386222
0.265519	-0.0721231	-0.672423	-0.361741	0.567535	-0.0394784	0.0462836	0.161198	0.0259065	0.0793233
0.141146	-0.134225	-0.245456	-0.442801	0.313708	-0.110268	0.286391	-0.0851022	-0.0621946	0.338802
0.529664	-0.196969	0.114431	-0.372188	0.371092	-0.0579747	-0.0184695	-0.0216411	-0.518575	0.170631
0.198757	0.0117392	-0.109964	-0.178163	0.329294	0.0780243	0.151749	-0.120645	-0.333114	-0.0276794
0.288274	-0.226156	-0.123623	-0.106218	0.271659	0.123989	0.369755	-0.332657	-0.279213	0.0141862
-0.0614647	-0.709716	0.07389	-0.146026	0.257758	0.320262	0.330246	-0.127355	0.0521225	0.0102864
0.158134	-0.649229	0.106089	-0.290481	0.376295	-0.0165074	0.492068	-0.521115	0.345698	-0.000949782
0.289264	0.108675	-0.104817	0.189363	0.335669	0.0573988	0.138121	-1.06343	0.205499	-0.155739
-0.219704	0.272055	0.271385	-0.0499769	-0.300377	0.0324369	-0.0715577	-0.558364	0.490151	0.133952
-0.784035	0.57229	0.0907276	0.146316	0.0554267	-0.0761482	-0.170931	-0.131284	0.238954	0.0586888
-0.712702	0.424008	-0.213001	0.0431026	0.194215	-0.1143	0.0712315	-0.0825625	0.190894	0.199118
-0.831078	0.258209	-0.0595133	0.0115433	0.362619	-0.347796	0.240813	0.0472051	-0.0501731	0.368171
-0.159439	-0.165725	-0.334289	0.124095	0.580558	-0.362163	-0.405978	0.335104	0.0837182	0.30412
-0.0759597	-0.646033	0.173469	0.00305688	0.240185	-0.177107	-0.147194	0.494392	-0.102203	0.237397
-0.178075	-0.498675	-0.0610658	-0.212164	0.450982	-0.29891	-0.02034	0.765112	0.0469974	0.00613922
0.0706294	-0.288412	0.127148	-0.352529	0.226943	-0.01171	-0.157525	0.387564	-0.231692	0.229584
0.230318	-0.199421	-0.14177	0.0125946	0.0352674	-0.160228	0.148131	0.0317252	-0.15967	0.203051
0.103396	-0.139466	-0.0939151	-0.304418	0.153347	0.123961	0.358815	0.305679	-0.46974	-0.0376568
0.376394	-0.101712	0.205464	-0.203099	-0.0805063	-0.0109806	0.442773	0.350477	-0.412342	-0.566466
0.561299	-0.0522127	0.416563	-0.0156651	-0.263128	-0.22211	0.309985	0.0327816	-0.226688	-0.540817
0.0940909	-0.0436821	0.660648	-0.0297053	-0.0928076	-0.336622	-0.0954149	-0.0876823	0.0871846	-0.156005
-0.0103115	-0.006304	0.440556	-0.0184938	-0.0997944	-0.0450869	-0.22242	-0.00944014	-0.0099456	-0.0187591
-0.000297338	-3.33696e-05	0.0164449	-0.00318032	-0.00451109	-0.00194967	-0.00572574	-0.000146379	-0.000552435	-4.85663e-05
-1.6341e-05	-5.28332e-07	-9.82363e-06	-0.000755014	-5.96682e-05	0.0034809	-5.01733e-05	8.1394e-05	-0.000100492	-0.00257026
-5.97638e-05	-7.4286e-06	-0.0352286	0.0387288	-2.76112e-05	-0.00144011	-6.76893e-06	-5.80145e-05	-0.00186323	-3.72471e-05
-0.00176763	0.010295	-0.0189667	0.0420025	0.0236502	-0.00753526	-0.000307363	0.0343414	-0.00249794	-0.0792142
-0.119243	0.00535604	0.023332	0.028216	0.0939908	-0.0339575	-0.0937943	0.124972	-0.0158494	-0.0130213
0.161292	-0.00570791	0.125514	0.0655338	0.263744	-0.057028	-0.483183	0.0148697	-0.184061	0.0990317
0.413604	-0.132557	0.369686	-0.0485141	0.191153	-0.316269	-0.0925672	-0.119153	-0.3238	0.0584209
-0.132303	-0.229909	0.425912	-0.00575563	0.217188	-0.138752	0.222064	-0.103347	-0.315182	0.0600844
0.41676	-0.164348	-0.0823625	-0.253407	0.372835	-0.260799	0.310587	-0.166664	-0.239359	0.0667554
0.29959	-0.0533581	-0.149698	-0.341249	0.291882	0.0570898	0.264489	-0.33594	-0.111139	0.0783311
0.317165	-0.323007	0.0176497	-0.305568	0.396673	0.196958	0.130518	-0.374656	0.0243991	-0.0801279
0.365089	-0.521718	0.0370555	-0.23624	0.348156	0.069672	0.202933	-0.180419	-0.123827	0.0393015
0.055736	-0.157511	-0.0928544	-0.087978	0.430713	0.0252105	0.378507	-0.554613	-0.0893635	0.0921519
-0.0620318	0.268076	-0.104746	0.0257826	0.181002	0.159833	0.245992	-0.734413	0.120797	-0.10029
-0.604733	0.446238	0.235464	0.0130626	-0.289795	-0.00982653	0.164544	-0.238471	0.357198	-0.0736796
-0.937977	0.710733	0.134207	0.222726	0.0868415	-0.360473	0.279184	-0.376641	0.471249	-0.229846
-0.684656	-0.000224908	0.0661529	0.207842	0.234479	-0.3034	0.00668179	0.216763	0.0618011	0.194564
-0.527669	0.389853	0.0204252	-0.0446304	0.557713	-0.164371	-0.0813699	-0.259889	-0.0958803	0.205821
-0.306942	-0.590446	-0.153484	-0.0620553	0.519897	-0.312848	-0.0307784	0.693221	-0.175234	0.41867
-0.03571	-0.64197	-0.162617	-0.242962	0.133552	0.31838	-0.112597	0.586614	0.0275065	0.129805
-0.026999	-0.571578	0.0261821	0.08348	0.265344	-0.00695415	-0.0273046	0.223971	-0.0935728	0.127431
0.301688	-0.400414	-0.316422	0.383321	-0.176751	-0.122568	0.137966	0.389739	-0.316826	0.120262
0.0737755	-0.212121	-0.168933	0.263584	-0.11321	-0.0109183	0.194043	0.326086	-0.283679	-0.0686264
0.15472	-0.173625	-0.390045	0.255882	0.254924	-0.149202	-0.0451022	0.469198	-0.176023	-0.200726
0.352705	-0.115666	-0.0964275	0.307277	-0.109657	0.144449	0.134513	0.184985	-0.34791	-0.454268
0.438988	-0.0647204	0.637575	0.178486	-0.57894	0.142012	0.226643	-0.10047	-0.405916	-0.473646
0.0184922	-0.0343743	0.695358	-0.0763074	-0.224247	-0.193245	0.154883	-0.213478	0.0364053	-0.163481
-0.018154	-0.0118338	0.421609	-0.0240282	0.0425222	-0.0737276	-0.207001	-0.039761	-0.0276941	-0.0619316
-0.00260468	-0.00135627	0.0695018	-0.000887405	-0.0079293	-0.030689	-0.0168516	-0.000767364	-0.00378371	-0.0046325
-1.33882e-05	-5.26433e-07	-2.70332e-07	-1.30505e-05	-5.76688e-05	-0.000370994	-3.10153e-06	0.000599644	-2.76135e-05	-0.000113032
-5.00031e-05	3.38634e-05	-0.017329	0.02156	-1.71567e-05	-0.000813103	-2.58257e-05	-0.00138424	-0.000971165	-0.00100336
-0.00597767	0.0082624	-0.000623801	0.101429	-0.0118981	-0.0312131	-0.00167841	-0.00696876	-0.00603124	-0.0453
-0.0764106	-0.00387146	0.348449	0.152946	-0.0962152	-0.0174532	-0.145613	-0.0861156	-0.00979007	-0.0659226
0.236995	-0.020645	0.439825	0.390021	-0.286008	-0.0771841	-0.482276	-0.0501773	-0.225874	0.0753331
0.511095	-0.165371	0.2388	0.21295	-0.179116	-0.135553	0.085373	-0.19323	-0.397822	0.0228731
0.239842	-0.359388	0.453668	-0.0927613	0.0459772	-0.144106	0.343586	-0.0846248	-0.209482	-0.192706
0.181975	-0.319547	0.0682494	-0.281314	0.372809	-0.583911	0.444741	0.162486	0.0638759	-0.109364
0.357049	-0.22879	-0.218712	-0.491565	0.33774	-0.271921	0.327736	-0.128468	0.0608593	0.256071
0.296079	-0.0371753	0.216996	-0.0406104	0.172446	-0.457929	0.325122	-0.197004	0.0224538	-0.300378
0.208374	-0.125461	0.175622	-0.145332	-0.106809	-0.0763437	0.340701	-0.565953	0.23197	0.0632334
0.134387	-0.130466	0.221943	-0.0477172	-0.0942322	-0.156363	0.798496	-0.883727	0.0109115	0.146767
-0.278724	-0.261341	0.245501	0.00405642	0.114252	-0.0158253	-0.0369172	-0.207501	0.531234	-0.0947346
-0.901962	0.418771	0.467515	0.386855	-0.013207	-0.0822623	0.0129984	-0.137758	0.10419	-0.255139
-0.686451	0.725248	0.204345	0.0260442	0.389189	-0.367904	0.189671	-0.530593	0.0578255	-0.00737276
-0.392351	-0.153451	-0.0794751	-0.18496	0.584752	-0.167617	0.127409	0.201732	0.0755658	-0.0116027
-0.326187	0.0791416	0.255295	-0.470758	0.419265	-0.334233	0.024533	0.0222521	0.136926	0.193767
-0.00737183	-0.95002	0.503386	-0.118114	0.267006	-0.197386	-0.232451	0.385448	0.0883712	0.261132
0.0276988	-0.669775	0.0653003	0.39435	0.18933	-0.248053	0.133942	0.0827903	-0.139222	0.163639
0.0344661	-0.492766	0.0108877	0.396769	0.123116	0.0655345	0.268004	0.255934	-0.507361	-0.154583
0.303994	-0.303765	-0.170546	0.167487	0.336086	0.160137	0.00868968	0.155109	-0.574934	-0.0822583
0.167998	-0.188111	0.435332	0.047418	0.208027	-0.0697926	0.0906673	0.247397	-0.586429	-0.352509
0.174364	-0.196309	0.274197	0.287411	-0.113175	0.215899	-0.106662	-0.0812389	-0.386958	-0.067526
0.14564	-0.175506	0.252912	0.529958	-0.252306	0.206103	-0.0583945	-0.166397	0.0259121	-0.507919
0.0577208	-0.048351	0.585809	0.426368	-0.369936	0.00735666	0.184744	-0.170702	-0.232669	-0.440333
-0.109807	-0.085959	1.11797	-0.140429	-0.161841	-0.189184	0.0640901	-0.202866	-0.135541	-0.156423
-0.0537983	-0.0454347	0.670911	-0.0255469	-0.115613	-0.119985	-0.172479	-0.0333782	-0.0650793	-0.0395957
-0.00161084	-0.00112754	0.111523	-0.00152163	-0.00533197	-0.0550612	-0.0399136	-0.0024438	-0.00394859	-0.000563742
0.0	0.0	0.0	0.0	0.0	0.0	0.0	0.0	0.0	0.0
-6.47184e-05	0.000464967	-0.00672012	0.00817757	-1.27784e-05	-0.000603986	-2.60768e-05	-0.000100861	-0.000829377	-0.000284618
-0.020564	-0.000168672	0.0687766	0.0825737	0.00150174	-0.0480585	-0.00338016	-0.00360218	-0.00608019	-0.0709983
-0.0574004	-0.0081057	0.329367	0.394538	-0.287262	0.0303785	-0.128783	-0.094976	-0.0429375	-0.134813
0.154105	-0.0420512	0.484332	0.45542	-0.171221	0.0971549	-0.525507	0.00142413	-0.187842	-0.265805
0.38888	-0.314292	0.340005	0.0843521	-0.220191	0.282799	-0.00453233	-0.027403	-0.280131	-0.249485
0.336433	-0.518649	0.279556	-0.0344767	-0.0830015	0.502596	0.112987	-0.2421	-0.102607	-0.250733
0.271826	-0.442181	0.146948	0.0222928	0.143506	-0.334329	0.222054	-0.329834	0.153676	0.14604
0.0436286	-0.240734	0.13108	-0.233486	0.216821	-0.316737	0.386221	-0.244163	0.0713741	0.185992
0.266834	-0.15416	0.200749	-0.592057	0.111632	-0.220887	0.404729	-0.274084	0.351709	-0.0944667
0.430934	0.10538	0.460847	-0.61358	0.018935	-0.369015	0.653581	-0.723886	-0.0706785	0.107484
0.109906	-0.173661	0.320855	-0.447882	-0.0500574	-0.293472	0.587324	-0.270543	0.297682	-0.0801509
-0.0868659	0.110035	0.38334	-0.289566	-0.0302556	-0.537498	0.0749995	-0.0136994	0.303582	0.0859275
-0.712505	0.473985	0.349586	-0.234006	0.181362	-0.502855	0.156134	0.0454067	0.240046	0.00284692
-0.640077	0.578117	0.0832966	-0.40204	0.5763	-0.301797	0.156397	0.072874	0.0547888	-0.177856
-0.35542	0.0121233	0.236232	-0.472607	0.370107	-0.0459575	0.0552512	0.0951552	-0.176116	0.281232
-0.0687827	-0.377405	0.0572502	0.00523411	0.285965	-0.0031765	-0.0628325	-0.128399	0.265867	0.0262822
0.186563	-0.766119	-0.26574	0.278097	0.255322	0.248947	0.115432	0.0031285	-0.114419	0.0587914
-0.0853818	-0.364149	0.0390624	0.0162153	0.349253	0.290449	0.186418	0.106247	-0.451394	-0.0867172
0.108283	-0.233702	0.047285	0.374515	-0.183743	0.0914918	0.203353	-0.184478	-0.00251371	-0.220493
0.234682	-0.179691	-0.0819774	0.000117724	0.0676187	0.015711	0.0475909	0.0766302	-0.0293248	-0.151358
-0.0699069	-0.113367	0.0540206	0.0178804	0.193221	0.0144654	0.152457	0.0147703	-0.0778724	-0.185671
0.207726	-0.0150592	0.132038	0.267028	-0.174481	-0.0841463	0.119143	0.044671	-0.205825	-0.291095
0.0420777	-0.0462811	-0.111705	0.479746	-0.232777	0.180162	0.0750614	-0.108138	0.247963	-0.526105
-0.0157129	-0.00396236	0.455701	-0.0996766	-0.342247	0.0767267	0.186475	0.122112	0.0677215	-0.447131
-0.0336646	-0.122723	1.19917	-0.258891	-0.271356	-0.238016	0.0663238	0.0417577	-0.284522	-0.098072
-0.022439	-0.00739535	0.324995	-0.0230136	-0.0648957	-0.0478397	-0.112006	0.0292567	-0.0571681	-0.0194943
0.0338321	-0.00171072	0.0367639	-0.00118822	-0.035937	-0.00885699	-0.0140678	-0.00598018	-0.00097065	-0.00188441
-4.15339e-05	-2.20817e-05	-2.21713e-05	-0.000757624	-0.00818418	-0.000358277	-5.43671e-06	0.00801093	-0.000274399	0.00165477
-1.43509e-05	0.000112467	-0.000299101	0.00071633	-2.44591e-06	-0.000315709	-5.95186e-06	-1.94983e-06	-0.000127482	-6.18056e-05
-0.015968	-0.000702493	0.00302552	0.0743231	-0.00351158	-0.0296422	-0.00249644	0.0206282	-0.0052509	-0.0404049
-0.11289	-0.00956477	0.162736	0.595981	-0.167688	0.0147744	-0.0837671	-0.037343	-0.146486	-0.215746
0.066771	-0.0998134	0.554634	0.277472	-0.0222824	0.374417	-0.398822	-0.10415	-0.310138	-0.338077
0.0444389	-0.389251	0.682731	0.33796	-0.0719621	0.26167	-0.305292	-0.0857862	-0.0763758	-0.39813
0.0898382	-0.729506	0.176432	0.243693	-0.099667	0.550926	0.075752	-0.40465	0.141513	-0.0443274
0.0553811	-0.48809	0.438621	-0.156045	0.0466941	0.18486	0.269245	-0.340657	0.0043419	-0.0143525
0.289391	-0.0669548	0.0578788	-0.0786374	0.109847	-0.000902313	0.128632	-0.304426	0.0249755	-0.159805
0.344454	-0.0107452	-0.00915007	-0.386039	0.126078	-0.221928	0.375633	-0.34393	0.230652	-0.105028
0.381739	-0.238339	0.294173	-0.409353	-0.315339	-0.138289	0.245126	-0.385415	0.249053	0.316646
0.0940337	-0.190288	0.145016	-0.396355	-0.0638755	-0.0803831	0.0538362	-0.117408	0.348993	0.206429
-0.317178	-0.0178163	0.352878	-0.552147	0.215238	-0.0908483	0.759211	-0.261656	0.270266	-0.35795
-0.672994	0.0423303	0.336744	-0.327376	0.370794	-0.103262	0.488906	0.0974323	0.0439974	-0.27657
-0.473178	0.257792	0.156337	-0.243774	0.349531	0.0140005	0.0220247	-0.137454	-0.164053	0.218777
-0.14381	-0.331412	-0.0774084	0.265187	0.179319	0.00442872	0.0919667	-0.115166	-0.0421369	0.169035
0.0214189	-0.557273	0.0838601	0.417589	0.318677	0.00361618	0.258953	-0.18929	-0.238133	-0.119414
-0.0044375	-0.123965	0.267822	0.102543	-0.218964	0.17592	0.305131	-0.0988496	-0.295466	-0.109731
-0.0180373	0.107958	0.0451188	0.121232	-0.0770012	-0.192707	0.286751	-0.0934214	-0.0636599	-0.116233
-0.0938122	-0.00108941	0.150534	0.176605	-0.125175	0.12001	0.00466265	-0.0599804	-0.0603122	-0.111442
-0.245927	0.0795244	-0.0306438	0.0970761	0.0311606	0.0327177	-0.0212086	-0.0241595	0.0788848	0.00257327
-0.110432	0.0102215	0.168352	0.359844	0.0879008	-0.00160871	0.051989	-0.104129	-0.253665	-0.208472
0.286862	-0.0696563	0.134795	0.446508	-0.411309	0.121506	0.0230192	-0.187043	-0.00519351	-0.339489
0.122813	-0.0646608	0.508107	0.170151	-0.270193	0.23063	0.107371	-0.491248	0.210795	-0.52376
-0.0331403	0.0466867	0.899457	-0.309105	-0.291577	0.241378	0.105135	-0.253346	-0.0376699	-0.367809
-0.0347201	0.0552736	0.816358	-0.153127	-0.263258	-0.14552	0.0787463	-0.0156989	-0.245361	-0.0926902
-0.0127993	0.0231798	0.0983863	-0.018241	-0.0213768	-0.0377014	-0.0347789	0.039433	-0.0315244	-0.00457711
-0.00845694	-1.03994e-05	0.0498451	-0.000266326	-3.88366e-05	-0.0205947	-0.0194695	-2.18711e-05	-0.000457514	-0.000528956
-2.05723e-09	8.28671e-05	-5.44465e-05	-5.14758e-06	-1.34406e-08	-1.31624e-07	-3.03945e-07	-8.04764e-07	-2.16124e-05	-4.04718e-07
0.00847728	0.000426146	-0.00296306	-0.000173223	-0.014023	-0.000855877	-0.00083282	0.028137	-0.00111226	-0.0170802
-0.00617109	-0.00084058	-0.000655534	0.0522753	0.000900133	-0.0243838	-0.00306505	0.0216402	-0.00979815	-0.0299013
-0.0821565	-0.0122649	-0.0463284	0.596833	0.0690832	0.0281571	-0.0867879	-0.0979	-0.19896	-0.169671
-0.0124743	-0.170888	0.320234	0.316968	-0.0461559	0.405741	-0.221328	-0.0528285	-0.255802	-0.283459
0.0562589	-0.589643	0.164035	0.52336	0.11423	0.213819	-0.216413	-0.156093	0.146294	-0.255846
0.212614	-0.349593	0.0233846	0.0897505	-0.0255087	0.335385	0.0384384	-0.32336	0.111496	-0.112606
0.181127	0.0641092	0.337619	-0.0909031	-0.0817718	0.0352208	0.196672	-0.490148	-0.135164	-0.0167608
0.210217	-0.029716	0.223285	-0.0671	-0.285996	0.308459	-0.0395903	-0.25293	0.0699876	-0.136616
0.0712653	0.0867487	0.342679	0.00577535	-0.465159	0.0425466	0.333084	-0.310024	0.284973	-0.391893
0.254673	-0.157445	0.419195	-0.0298666	-0.513349	0.0887298	0.451219	-0.614764	0.310657	-0.209049
0.362218	-0.154829	0.187124	-0.20535	-0.0692711	0.0460364	0.688115	-0.300367	-0.160501	-0.393174
0.279312	-0.132943	0.170319	-0.20571	-0.561508	0.0429409	0.603568	-0.122955	0.0410254	-0.114047
-0.158961	0.229794	0.476207	-0.0736423	-0.198263	0.0580865	0.192084	-0.110617	-0.196139	-0.218546
-0.283292	-0.17931	0.10027	0.0247272	0.316223	-0.0667538	0.401147	0.159677	-0.172087	-0.300601
-0.181858	0.0276736	0.255789	0.0333181	-0.0208947	0.0991629	0.292199	-0.194754	-0.0630435	-0.247592
-0.201556	0.243135	0.281284	0.112471	-0.0986753	-0.0670259	0.305474	-0.438214	0.0174533	-0.154344
0.0467337	-0.0721182	0.286673	0.349249	-0.220569	-0.123218	0.279367	-0.348663	0.075138	-0.272594
0.000936217	0.0912926	0.121657	0.237661	-0.208576	0.0438828	0.122769	-0.454324	0.160436	-0.115735
-0.155507	0.16066	-0.0936244	0.231737	-0.264709	-0.0187965	0.186737	-0.0760269	0.0155454	0.013986
0.0127227	0.0556528	0.144043	-0.0124584	-0.233618	0.272168	0.0192319	-0.2584	0.00775998	-0.00710529
0.105111	-0.000509568	0.23009	0.320575	-0.0490382	0.159964	0.187028	-0.480832	-0.15353	-0.318857
0.346567	-0.0620437	0.401374	0.105768	-0.594611	0.11953	0.241334	-0.526824	0.314203	-0.345294
0.0491046	-0.0150244	0.351635	0.199518	-0.416575	0.284879	0.117428	-0.558256	0.252907	-0.265606
0.0464205	0.101846	0.406743	-0.152798	-0.285336	0.278573	0.00303469	-0.136229	-0.0929528	-0.169293
-0.0600734	0.117649	0.665787	-0.0806601	-0.138147	-0.0390138	-0.131211	-0.0457401	-0.229268	-0.0593202
-0.0136725	0.0225465	0.215607	-0.012687	-0.00309032	-0.0718376	-0.0780451	-0.00324848	-0.0354828	-0.0200893
-0.00273921	6.88073e-05	0.021627	-0.000131966	-2.18074e-07	-0.00606222	-0.0126301	-6.22981e-07	-0.000131228	-3.05622e-07
0.0	0.0	0.0	0.0	0.0	0.0	0.0	0.0	0.0	0.0
0.0213536	-5.3353e-05	-0.00666904	-0.000692679	-0.00013316	-0.000934589	-0.00208961	-0.000235602	-0.00233018	-0.00821534
-0.0100114	-0.00744272	0.0503225	0.0323615	0.00683231	-0.00890725	-0.00317298	-0.0128161	-0.0192076	-0.0279582
-0.0760193	-0.028875	0.133615	0.473414	-0.00244143	0.067638	-0.063009	-0.148009	-0.195596	-0.160714
0.0749538	-0.0967611	0.395128	0.497975	-0.077778	0.101775	-0.214124	-0.307527	-0.219554	-0.154082
0.283392	-0.462201	0.337824	0.257083	-0.22359	0.43397	-0.266965	-0.333471	-0.0836327	0.057593
0.225225	-0.0772891	0.27857	0.452961	-0.248541	0.233019	-0.172586	-0.494921	0.0314981	-0.227939
0.154385	0.0229278	0.630975	0.211495	-0.497007	-0.162317	0.287191	-0.517912	0.382965	-0.512699
0.199893	0.260041	0.292191	0.193566	-0.616205	0.263259	-0.0853781	-0.271404	0.0466859	-0.28265
0.194988	0.124478	0.283756	0.36892	-0.403244	0.248659	0.286831	-0.427213	-0.133288	-0.543888
0.280879	0.218493	0.314129	-0.0299236	-0.45621	0.00281442	0.532318	-0.377893	0.165483	-0.650092
0.392365	0.260296	0.452952	-0.1758	-0.144982	0.155275	0.329456	-0.372186	-0.179358	-0.718017
0.488832	0.177048	0.276861	-0.538894	-0.224897	0.0537161	0.566853	-0.123792	0.00981036	-0.685532
0.180326	-0.106105	0.071723	-0.0992556	-0.39666	0.122667	0.201276	0.0272404	0.137675	-0.138886
0.0052288	-0.0209785	-0.0784961	0.11675	-0.0638981	-0.146131	0.750604	0.0616976	-0.34141	-0.283362
0.017251	-0.0423737	0.0929641	-0.0928226	-0.0351224	0.0377462	0.392345	-0.289955	0.185277	-0.265308
-0.118812	0.324922	0.045762	0.0880598	0.134699	0.195912	0.179445	-0.469922	-0.298404	-0.0816597
0.0340202	0.329817	-0.158822	0.19832	0.0609546	0.252042	0.0840195	-0.563746	-0.0988221	-0.13778
-0.0466688	0.43142	0.14134	0.323507	-0.107599	0.190261	0.314932	-0.857514	-0.0851406	-0.304537
-0.0486206	0.399098	0.336654	0.0965713	-0.322836	0.191689	0.00249952	-0.519111	-0.0327149	-0.103228
-0.028865	0.197571	0.252477	0.333852	-0.200325	-0.0207124	0.2646	-0.725362	0.188904	-0.262138
0.0939129	0.0106783	0.372223	0.147571	-0.0767647	0.133153	0.075373	-0.675421	0.331098	-0.411819
0.190498	-0.054078	0.325968	0.0245321	-0.352804	0.549157	-0.104248	-0.622462	0.335851	-0.292409
-0.072198	-0.0496251	0.287617	0.149869	-0.342094	0.195564	0.0676399	-0.351269	0.192986	-0.0784807
-0.0219452	-0.00760927	0.537026	-0.108148	-0.194144	0.0994683	-0.0865078	-0.0683995	-0.211017	0.0612816
-0.0521898	0.0242924	0.30048	-0.0474664	-0.144781	0.117816	-0.0591318	-0.0615949	-0.143779	0.0663566
-0.0018906	0.0235264	0.0559916	-0.00267179	-0.000854344	-0.00996289	-0.0153687	-0.00207666	-0.0321519	-0.014541
-2.12283e-05	0.000269453	-0.000216975	-5.06362e-05	-4.63269e-05	0.000533039	-5.1157e-06	-3.25562e-05	-0.000396023	-3.36312e-05
-2.23909e-08	0.000160503	-7.34087e-05	-2.86371e-05	-5.08346e-07	-8.74274e-07	-8.8626e-07	-1.00187e-05	-4.39067e-05	-2.24089e-06
-6.03189e-05	2.10657e-05	0.000252825	0.000981433	-3.86242e-06	-0.000449574	-3.45034e-05	-0.000279149	-0.00014027	-0.000287648
-0.0321031	-0.0122982	0.103219	0.0832059	-0.000503022	-0.0263139	-0.00233241	-0.0699107	-0.0196928	-0.0232702
-0.0515944	-0.0122994	0.22557	0.331791	-0.0771349	0.0843864	-0.0458057	-0.19966	-0.131505	-0.123742
-0.0722579	0.115694	0.234334	0.288768	-0.125956	0.309184	-0.208525	-0.341368	-0.0462965	-0.153567
0.170281	0.463038	0.182834	-0.035611	-0.115203	0.106178	-0.310105	-0.380677	-0.0656285	-0.0151041
0.170144	0.31639	0.178011	0.270037	-0.436212	0.187882	-0.392491	-0.471908	0.289985	-0.11184
0.144013	0.0912921	0.163953	0.251992	-0.470212	0.348326	-0.0195598	-0.537958	0.333566	-0.305412
-0.116962	0.214457	-0.0940726	0.22093	0.000921344	0.128054	0.244194	-0.268169	-0.0824768	-0.24688
0.0291335	0.0254534	0.30713	-0.325456	-0.109203	0.141651	0.233071	-0.425665	0.284802	-0.160919
0.232821	0.325678	0.160448	-0.136467	-0.232875	0.0450181	0.20092	-0.183041	-0.189806	-0.222696
0.331727	-0.131675	0.118149	-0.136475	-0.0214355	0.255251	0.287242	-0.262276	0.00340546	-0.443912
0.331128	-0.124914	-0.0930242	-0.0604899	-0.0859328	0.125719	0.622927	-0.0934834	-0.241729	-0.380202
0.099361	-0.16666	0.160851	-0.0160281	-0.232655	0.0841712	0.583671	-0.251878	0.118369	-0.379202
-0.0437166	0.246653	0.138186	-0.108968	-0.154567	0.13511	0.672567	-0.393938	-0.0743827	-0.416939
0.000245536	0.122847	-0.0458467	0.0648354	0.121679	0.0582396	0.288708	-0.173071	-0.0698237	-0.367812
0.0515587	-0.0597516	0.183015	0.143468	-0.178124	-0.0863702	0.30977	-0.0126102	-0.196591	-0.154359
-0.183118	0.0204269	0.380446	-0.0744028	0.041984	0.155945	0.439722	-0.364438	-0.00213445	-0.414432
-0.198337	0.471162	0.356876	0.167636	-0.223682	0.045963	0.298297	-0.437271	-0.088099	-0.392549
-0.285943	0.286411	0.534188	0.318937	-0.0315684	-0.0297165	0.115091	-0.495491	-0.0766138	-0.335296
-0.124873	0.442018	0.0600989	-0.0321454	-0.0427216	0.275444	0.0796301	-0.552205	0.155215	-0.260457
0.0208028	0.275538	0.199829	-0.1539	-0.00713499	0.439116	-0.0500859	-0.656299	0.0335655	-0.101427
0.0632612	-0.219566	0.421128	-0.0476241	-0.11698	0.486689	0.0873785	-0.605057	0.205372	-0.274592
0.0320329	-0.149231	0.592104	-0.174392	-0.058517	0.26051	-0.0383758	-0.369868	-0.0433038	-0.0509534
-0.0642597	0.0424846	0.410654	-0.178168	-0.135512	0.172403	-0.047553	-0.0601704	-0.288637	0.148763
-0.0319986	0.00554666	0.188466	-0.0368473	-0.129009	0.172412	-0.0568529	-0.0295947	-0.0962733	0.0141515
0.0328323	-0.000342716	0.018366	-0.00488619	-0.0030592	0.00447441	-0.00495357	-0.00350806	-0.0100073	-0.0289156
6.10302e-06	-4.49384e-11	-1.39764e-06	-3.33171e-07	-4.12197e-09	-1.62055e-06	-2.45096e-07	-7.75105e-09	-2.47473e-06	-1.99927e-08
-2.16912e-08	0.000155488	-7.11147e-05	-2.77422e-05	-4.9246e-07	-8.46953e-07	-8.58564e-07	-9.70561e-06	-4.25347e-05	-2.17086e-06
-9.33291e-07	4.61221e-05	-2.44569e-05	3.39227e-05	-2.00736e-07	-1.41008e-05	-2.80436e-07	-1.59883e-05	-1.55139e-05	-8.57059e-06
-0.00576717	-0.0118994	0.0771633	0.0988644	-0.0004253	-0.0176664	-0.000234819	-0.100865	-0.0146107	-0.0245588
-0.0721241	-0.0178435	0.188319	0.284374	-0.0846936	0.0428458	-0.0217951	-0.218218	-0.0411819	-0.0596798
-0.309089	0.168297	0.244673	0.211039	-0.13139	0.317788	-0.0992804	-0.269358	-0.0105605	-0.122108
-0.0433397	0.921151	0.198373	-0.00202368	-0.207787	-0.0955191	-0.210351	-0.129647	-0.0830527	-0.347798
0.0283471	0.543713	0.389297	0.192081	-0.261453	-0.244873	-0.410765	-0.148357	0.0912467	-0.179236
0.0610056	0.069209	0.332206	0.143175	-0.290834	-0.0118362	-0.25972	0.0711441	0.162317	-0.276669
0.210973	0.0667187	0.374736	-0.101659	-0.230734	0.0709362	-0.116195	-0.0885391	-0.161931	-0.0243076
0.160754	0.145453	0.330804	-0.0209032	-0.330058	0.0348805	0.122288	-0.232552	-0.0754826	-0.135184
0.126643	-0.109787	0.0771391	0.0141401	-0.215986	-0.100314	0.204267	-0.0523531	0.0174691	0.0387804
0.155614	-0.425636	0.142891	0.171121	-0.158822	0.0998784	0.0440835	-0.298281	0.237004	0.0321502
0.160427	-0.612493	0.105697	-0.104591	-0.20596	0.147112	0.34805	0.00181733	0.0983456	0.0615946
0.603041	-0.39408	0.00531969	-0.148368	-0.106193	0.259018	0.332512	-0.451676	0.126976	-0.226551
0.110191	-0.0861138	-0.0908487	-0.108979	-0.222434	0.159136	0.030485	-0.0765715	0.269377	0.015759
0.13505	0.0609673	-0.124651	0.0976987	-0.243673	0.0700132	0.319181	-0.0930912	0.0781421	-0.299636
0.0603072	0.0176168	0.036004	0.0235154	-0.155165	0.166643	0.198203	-0.0570082	-0.0960512	-0.194064
0.104601	0.268912	-0.0704788	0.159811	0.00146955	-0.0126823	0.0584925	-0.262124	0.0622742	-0.310275
-0.109825	0.509098	0.118598	0.0186976	-0.0872464	0.1945	-0.0682284	-0.294167	0.0123619	-0.293789
-0.101632	0.31149	0.285219	0.186885	0.24293	0.160193	-0.0490093	-0.273349	-0.207121	-0.555608
-0.191961	0.341624	0.314517	0.176378	-0.0196809	0.12229	0.147205	-0.548182	-0.144831	-0.197357
-0.0564815	0.0198121	0.218219	-0.0516013	0.331814	0.0356636	0.132508	-0.660684	0.151652	-0.1209
0.0997362	-0.213087	0.414141	0.0877983	0.0131577	0.223771	-0.129199	-0.479377	-0.0209718	0.00403658
0.0827393	-0.110729	0.283063	-0.0811451	-0.121188	0.290212	-0.166162	-0.364348	0.0101056	0.177462
-0.0520591	-0.0119491	0.255501	-0.124078	-0.120767	0.188689	-0.0748141	-0.0579263	-0.126655	0.124062
-0.0228752	-0.00240532	0.093993	-0.0323579	-0.0823032	0.10668	-0.0183366	-0.0264205	-0.0399291	0.0239552
0.00346438	0.00687907	-0.0319815	0.000237782	0.00512376	0.0319784	-0.000108787	-0.00164483	-0.00606806	-0.00788021
1.12671e-05	-8.29632e-11	-2.58026e-06	-6.15086e-07	-7.6098e-09	-2.99178e-06	-4.52485e-07	-1.43096e-08	-4.56874e-06	-3.69095e-08
0.0	0.0	0.0	0.0	0.0	0.0	0.0	0.0	0.0	0.0
0.0	0.0	0.0	0.0	0.0	0.0	0.0	0.0	0.0	0.0
-0.000363024	-0.000221019	0.0028284	0.10255	-0.000188053	-0.000429965	-3.08801e-05	-0.0754709	-0.00299201	-0.0256821
-0.0347464	-0.0735893	-0.0387465	0.331258	-0.0163707	0.0630956	-0.00193656	-0.174173	-0.0401452	-0.0146443
-0.223473	-0.0474093	0.0108071	0.40313	-0.0696795	0.244644	-0.0173775	-0.0412064	-0.0789889	-0.180442
-0.226874	0.479001	-0.0649155	0.352624	-0.136611	0.235889	-0.0633263	0.0845168	-0.375559	-0.28474
-0.0973193	0.41513	0.0156721	0.270995	-0.0655348	-0.00841666	-0.152049	0.26852	-0.38014	-0.266855
0.152803	0.0876728	0.131415	0.254378	-0.0315219	-0.249171	-0.308409	0.392676	-0.196905	-0.23294
0.209036	-0.0396211	0.180298	-0.0144616	-0.0290086	0.145045	-0.309014	-0.417137	0.245268	0.0295939
0.29328	0.0710781	0.208286	0.182644	-0.0454059	0.0760282	-0.313893	-0.157847	0.0487041	-0.362875
0.326179	-0.0821039	-0.0365374	0.0933963	-0.0138708	0.341768	-0.429616	-0.131518	-0.0659675	-0.00172566
0.328108	-0.0614048	0.230908	0.268737	-0.0110896	0.0544259	-0.296535	-0.393713	0.0325464	-0.151984
0.172014	0.290978	0.160788	-0.264796	-0.149776	0.105389	-0.0217865	-0.35456	0.125428	-0.0636802
0.250493	-0.0225244	-0.141487	0.18951	-0.0937909	-0.133597	-0.0487119	-0.346624	0.457649	-0.110916
0.278214	-0.23179	-0.0544725	-0.210862	0.00121019	0.111052	0.0763262	-0.182529	0.198269	0.0145827
0.236365	0.181501	-0.104194	-0.0713684	-0.117268	-0.0479538	0.0126917	-0.0490283	0.17441	-0.215155
0.0148574	0.0748617	-0.0114273	-0.3605	0.180884	0.21156	-0.0645375	-0.222506	0.338884	-0.162076
0.117331	0.30085	-0.101567	0.0479601	-0.020231	-0.0351409	-0.0301548	-0.136876	0.0490735	-0.191245
-0.380416	-0.023	0.268174	0.356728	0.246034	-0.352227	0.0743962	-0.26756	0.202974	-0.125105
-0.404511	0.0472645	0.489958	-0.0268146	0.198523	-0.0887736	0.111636	-0.471745	0.190394	-0.0459342
-0.395209	-0.0969749	0.416862	0.0981761	0.216357	0.0850302	0.0626981	-0.613837	0.220129	0.00677406
-0.178567	-0.184602	0.524806	-0.0325754	0.264752	-0.0180194	-0.039572	-0.609456	0.054595	0.21865
-0.0603086	-0.152174	0.475072	-0.179676	-0.128676	0.072406	-0.051795	-0.393864	0.0213011	0.397722
-0.0567923	-0.12627	0.32039	-0.0976655	-0.173194	0.175238	-0.0581286	-0.374533	0.0939445	0.297017
-0.0851004	-0.0327873	0.271398	-0.0489413	-0.120577	0.116067	-0.0408894	-0.106362	-0.0872851	0.134479
-0.0153057	2.81804e-05	0.0999954	-0.030947	-0.0021215	0.0380535	-0.0096024	-0.0310878	-0.0324072	-0.0166054
-2.01859e-05	0.0280587	-0.0223755	0.0133664	0.00532819	0.0187468	-0.000168016	-0.0013137	-0.0248782	-0.0167444
0.0	0.0	0.0	0.0	0.0	0.0	0.0	0.0	0.0	0.0
0.0	0.0	0.0	0.0	0.0	0.0	0.0	0.0	0.0	0.0
0.0	0.0	0.0	0.0	0.0	0.0	0.0	0.0	0.0	0.0
-0.00157206	-1.01062e-05	-0.00224297	0.0485162	-1.37045e-05	-0.000539202	-3.95633e-06	-0.0374595	-0.000166366	-0.00650839
-0.00262034	-0.0474023	-0.101447	0.20769	-0.000355232	0.0589421	-0.000158367	-0.0213417	-0.0757024	-0.0176046
-0.0141505	-0.0861679	-0.161647	0.355821	-0.0261877	-0.00340585	-0.00318009	0.12659	-0.233467	0.0457984
-0.104849	0.0443368	-0.294745	0.292454	-0.0235805	0.0043315	-0.0247394	0.451513	-0.420815	0.076101
-0.148416	0.0270599	-0.403202	0.55172	-0.0218291	-0.0335768	-0.0409323	0.461868	-0.438493	0.0458042
-0.200475	-0.0936744	-0.358367	0.509697	-0.0148798	0.0663343	-0.0933771	0.264993	-0.234703	0.154453
-0.105042	-0.204458	-0.16259	0.134472	-0.0540477	0.154026	-0.17961	0.107925	0.233895	0.075433
-0.0164129	-0.171034	-0.0121909	0.185003	0.049934	0.425097	-0.263193	-0.0229606	0.0387563	-0.212999
-0.00136558	-0.268217	-0.179502	0.46697	0.0346223	0.154828	-0.358336	0.0456418	0.0506595	0.0546986
-0.036668	-0.305036	-0.12313	0.400312	0.226688	0.13206	-0.526981	-0.0650763	0.453488	-0.155657
0.316042	-0.304157	0.122043	0.227343	-0.155103	0.194279	-0.444185	-0.075049	0.342277	-0.223491
0.281528	-0.387573	-0.00739843	0.356025	-0.205715	0.390952	-0.470702	0.165481	0.19127	-0.313868
0.163281	-0.368492	0.321269	0.343356	-0.10819	0.29899	-0.40567	-0.0566499	0.274001	-0.461895
-0.0320655	-0.26449	0.0212429	0.175761	-0.118647	0.287738	-0.31713	-0.0792886	0.333812	-0.00693176
-0.101631	-0.593033	-0.00788047	0.324441	0.0566842	0.0913031	-0.137383	-0.112027	0.586028	-0.106499
-0.143124	-0.168073	0.182424	0.213219	-0.161109	0.295705	-0.0888376	-0.0370954	-0.136851	0.0437426
-0.309545	-0.0148945	0.288841	-0.233779	-0.0236197	0.291085	-0.115275	-0.292089	0.343074	0.0662031
-0.390426	0.0267373	0.0127869	-0.149458	0.123326	0.0530013	-0.137364	-0.217442	0.600769	0.0780702
-0.387022	-0.0340212	0.0223518	-0.0363732	0.0935276	0.084044	-0.0734364	-0.243259	0.174149	0.400046
-0.262692	-0.0412907	0.261532	-0.000211242	0.0937697	0.0070349	-0.078872	-0.276778	-0.0498178	0.347332
-0.121441	-0.0988111	0.0772963	-0.0474272	0.0405001	0.220203	-0.0455778	-0.277441	-0.0516906	0.304392
-0.0513918	-0.0396358	0.149134	-0.0329947	-0.0294664	0.146905	-0.0183059	-0.333999	-0.0428005	0.252557
-0.00774556	-0.0194613	0.335104	-0.0432216	-0.0703983	0.0836495	-0.00384618	-0.13178	-0.0797841	-0.0625163
-0.000577762	0.00958219	0.182766	-0.00794189	0.014111	-0.040506	-0.000410056	-0.0540643	-0.0397057	-0.0632529
-4.34522e-07	0.00219864	0.0285244	-2.0166e-05	-0.000170359	-0.000762957	-4.31751e-05	-1.77232e-06	-0.00593787	-0.0237863
0.0	0.0	0.0	0.0	0.0	0.0	0.0	0.0	0.0	0.0
0.0	0.0	0.0	0.0	0.0	0.0	0.0	0.0	0.0	0.0
0.0	0.0	0.0	0.0	0.0	0.0	0.0	0.0	0.0	0.0
-2.84459e-05	-2.86711e-07	-6.20588e-05	0.00464576	-9.76608e-05	-1.03276e-05	-3.77803e-07	-0.00641759	-0.000356053	0.00232704
-0.000132079	-0.00484058	-0.021964	-0.0448537	-7.53368e-05	0.0574928	-5.57998e-05	0.0281287	-0.00489447	-0.0088056
-0.00316924	-0.0631773	-0.0663502	-0.0122488	0.00575301	0.0694217	-0.000969896	0.142682	-0.125241	0.0532994
-0.023404	-0.132148	-0.0999782	0.132774	-0.0579511	-0.0125082	-0.00189499	0.0388618	-0.241754	0.398004
-0.114632	-0.162724	-0.0802901	0.363468	-0.166164	-0.016678	-0.00577329	-0.0439369	-0.148478	0.375213
-0.168041	-0.206885	-0.18783	0.626668	-0.251245	0.00825461	-0.0109317	0.00520634	-0.14102	0.325832
-0.252807	-0.179373	-0.398349	0.900787	-0.47083	-0.00141079	-0.0425079	0.314634	-0.241175	0.371043
-0.366622	-0.29372	-0.487261	0.845084	-0.314967	0.198439	-0.0605277	0.422027	-0.195395	0.25295
-0.527009	-0.654	-0.39761	0.740174	-0.075445	0.233602	-0.0544753	0.227024	0.181571	0.326176
-0.530022	-0.529509	-0.401947	0.577128	-0.264714	0.377639	-0.0504125	0.506292	0.149458	0.166088
-0.688553	-0.321296	-0.24228	0.781635	-0.474828	0.35609	-0.0401543	0.384491	-0.0634572	0.308358
-0.631978	-0.38336	-0.138249	0.623516	-0.219089	0.364223	-0.117126	0.276068	-0.0248706	0.250874
-0.606153	-0.423836	0.0235242	0.359407	-0.227729	0.0867983	-0.117657	0.243108	0.217556	0.444986
-0.543154	-0.462547	0.102608	0.177315	-0.241136	0.412955	-0.126529	0.244928	0.341182	0.0943842
-0.362614	-0.487678	0.0445126	0.292549	-0.412444	0.328429	-0.103325	0.129167	0.324039	0.247369
-0.428762	-0.311469	-0.0435794	0.229732	-0.41912	0.340716	-0.0652917	0.0878277	0.363216	0.246738
-0.378237	-0.17378	-0.261707	0.155351	-0.335418	0.238497	-0.0564348	0.302551	0.220736	0.288449
-0.208342	-0.145149	-0.328395	0.250861	-0.463007	0.240765	-0.0363115	0.097694	0.142503	0.449388
-0.228749	-0.0535699	-0.230512	0.0281012	-0.257504	0.184807	-0.0196721	-0.0939716	0.0546051	0.616471
-0.170301	-0.0108795	-0.189363	-0.111646	-0.196734	0.276321	-0.0110006	-0.0699466	-0.0291874	0.512741
-0.0734221	-0.0064871	-0.173495	-0.0405745	-0.0869931	0.332622	-0.00764954	0.00565305	-0.0487707	0.0991185
-0.0191274	-0.000968021	-0.0807377	-0.00731709	-0.0812033	0.225584	-0.00340705	-0.074681	-0.0142234	0.0560809
-0.00360647	-1.26444e-05	-0.00731978	-0.000265058	-0.0530601	0.124661	-0.000620921	-0.00664587	-0.00716211	-0.0459682
-5.29651e-07	-1.28778e-05	0.025329	-0.000283316	-0.00120648	-1.674e-05	-2.77137e-05	-0.00128146	-0.0048157	-0.0176842
-3.89283e-07	-1.53866e-05	0.0302903	-4.21159e-06	-0.000180627	-1.29313e-05	-3.16129e-05	-1.39412e-06	-0.00480335	-0.0252404
0.0	0.0	0.0	0.0	0.0	0.0	0.0	0.0	0.0	0.0
0.0	0.0	0.0	0.0	0.0	0.0	0.0	0.0	0.0	0.0
0.0	0.0	0.0	0.0	0.0	0.0	0.0	0.0	0.0	0.0
0.0	0.0	0.0	0.0	0.0	0.0	0.0	0.0	0.0	0.0
0.0	0.0	0.0	0.0	0.0	0.0	0.0	0.0	0.0	0.0
-0.000209114	-0.0010856	-0.000820506	0.00206233	0.00672224	-0.0031076	-3.99006e-05	-0.0867607	-0.0132266	0.0964655
-0.00429298	-0.00388119	-0.0033381	0.0326855	0.00541905	-0.00942889	-0.000273154	-0.194331	-0.0472473	0.224689
-0.0221011	-0.008075	-0.0122066	0.0561985	-0.0662241	-0.0483734	-0.0011409	-0.162842	-0.0844093	0.349175
-0.0485167	-0.012309	-0.0290011	0.0676913	-0.178328	-0.156427	-0.00199911	0.00957543	-0.0272062	0.376523
-0.0682209	-0.0197208	-0.0366326	0.0287872	-0.291465	-0.200258	-0.00446036	0.131208	-0.00162807	0.462393
-0.13137	-0.0346303	-0.0396801	0.00115573	-0.462885	-0.131071	-0.00652583	0.250894	-0.0742577	0.628374
-0.117705	-0.114495	-0.0340566	0.0537476	-0.463054	-0.0350583	-0.00746749	0.261328	-0.172747	0.629512
-0.0840229	-0.0998631	-0.0936093	0.0728762	-0.546806	0.137201	-0.00960495	0.193781	-0.0971476	0.5272
-0.0547439	-0.13179	-0.0478732	0.0274897	-0.554493	0.118668	-0.0113236	0.0633975	-0.0947659	0.685439
-0.112891	-0.203613	-0.088695	0.0485413	-0.626722	0.0116111	-0.0160315	0.445361	-0.120403	0.662846
-0.15881	-0.156681	-0.0681405	0.0115846	-0.801062	-0.027514	-0.0132885	0.498387	-0.203508	0.919036
-0.121588	-0.085232	-0.0896082	0.0304843	-0.690425	0.130377	-0.0108076	0.599157	-0.270556	0.508204
-0.0851297	-0.0697562	-0.115844	0.15765	-0.617564	0.0198745	-0.00982389	0.354018	-0.17905	0.54563
-0.124074	-0.04666	-0.137453	0.131587	-0.554529	-0.0521149	-0.00940348	0.364103	-0.0837368	0.512285
-0.0800657	-0.0688638	-0.0856225	0.0756445	-0.573244	-0.100728	-0.00868313	0.3561	-0.0657926	0.55126
-0.0115893	-0.0393304	-0.0285533	0.0273818	-0.457641	-0.000442119	-0.00517067	0.250389	-0.0972788	0.362236
-0.0628739	-0.0133051	-0.0323783	-0.0132488	-0.234685	0.0671791	-0.00353647	0.00919801	-0.0449953	0.328647
-0.0769894	-0.00672044	-0.0389837	-0.0106365	-0.121704	0.0616015	-0.00247161	0.00194796	-0.0152648	0.209221
-0.0394115	-0.00109282	-0.0145254	0.00149589	-0.0679088	0.0284362	-0.000430145	0.0864668	-0.00375118	0.010721
-0.00205958	-1.09513e-05	-7.89542e-05	-0.00035507	-0.00404365	0.000446378	-8.30134e-05	-0.0022432	-0.000321192	0.00874921
-6.01643e-06	-1.62653e-09	-6.63011e-07	-1.51336e-06	-0.00160448	-4.02388e-05	-1.6677e-06	-0.000175742	-1.30312e-05	0.00184335
-2.36046e-07	-1.86439e-08	-1.62966e-06	-3.22244e-07	-7.67577e-08	-1.04927e-07	-8.64947e-10	2.85728e-05	-7.34326e-07	-2.54488e-05
0.0	0.0	0.0	0.0	0.0	0.0	0.0	0.0	0.0	0.0
0.0	0.0	0.0	0.0	0.0	0.0	0.0	0.0	0.0	0.0
0.0	0.0	0.0	0.0	0.0	0.0	0.0	0.0	0.0	0.0
0.0	0.0	0.0	0.0	0.0	0.0	0.0	0.0	0.0	0.0
0.0	0.0	0.0	0.0	0.0	0.0	0.0	0.0	0.0	0.0
0.0	0.0	0.0	0.0	0.0	0.0	0.0	0.0	0.0	0.0
-3.40582e-06	-4.32172e-06	-2.19067e-06	-7.16398e-07	-1.2481e-06	-1.00114e-06	-7.39655e-08	0.000214363	-4.40522e-05	-0.000157354
-6.31121e-05	-1.11914e-05	-8.62673e-06	-2.74283e-06	-5.7635e-06	-1.79665e-05	-8.25118e-07	0.000896387	-0.00012433	-0.000661832
-9.76511e-05	-9.91216e-06	-3.44908e-05	-4.28845e-05	-0.0102637	-7.07004e-05	-2.64179e-06	-0.000754019	-0.000163697	0.0114396
-0.000185538	-2.26255e-05	-0.000130653	-0.000113397	-0.0585751	-0.000659566	-3.93846e-05	-0.00751323	-0.000281705	0.0675212
-0.000519004	-4.83456e-05	-0.000197035	-0.000237157	-0.0601385	-0.00136888	-7.16752e-05	0.0096267	-0.000455271	0.0534093
-0.00115111	-4.90774e-05	-0.000301317	-0.00167151	-0.0271738	-0.000960972	-2.91341e-05	0.0104398	-0.00100094	0.0218982
-0.00120737	-0.0050192	-0.00671801	-0.00967029	-0.0635396	0.00411469	-6.65384e-05	0.0814926	-0.0184292	0.019043
-0.00199153	-0.00176346	-0.0028378	-0.00535825	-0.0397714	0.0117359	-6.70738e-05	0.0218641	-0.00464426	0.0228339
-0.00407266	-0.0050648	-0.00112924	-0.00527472	-0.0504343	0.00744559	-0.000406953	0.0314166	-0.0108562	0.0383769
-0.00679028	-0.00504063	-0.00140395	-0.007056	-0.0397795	-0.00331088	-0.00042242	0.180513	-0.00890054	-0.107809
-0.0102465	-0.00238708	-0.00106407	-0.00972743	-0.136764	-0.0134663	-0.000849855	0.147242	-0.00719671	0.0344615
-0.0105545	-0.000530427	-0.00118768	-0.0078023	-0.0684955	-0.00966645	-0.000777901	0.142648	-0.00661716	-0.0370154
-0.00609035	-0.000335826	-0.00103224	-0.00964532	-0.0397028	-0.00769136	-0.000550974	0.118564	-0.00361347	-0.0499017
-0.00457505	-0.00853006	-0.00151189	-0.00713652	-0.0360849	-0.00995616	-0.000526446	0.159385	-0.00366406	-0.0873996
-0.00474475	-0.0265294	-0.000910388	-0.00437173	-0.0474197	-0.00691729	-0.000351972	0.191963	-0.00421928	-0.0964983
-0.00232134	-0.000392724	-0.000544073	-0.00318114	-0.0384166	-0.0079866	-0.000200087	0.143881	-0.00285381	-0.0879845
-0.00449188	-9.40632e-05	-0.00671831	-0.00167834	-0.00717591	-0.0206582	-0.000190845	0.053232	-0.00378739	-0.00843712
-0.0146582	-3.00188e-05	-0.00462754	-0.000484565	-0.00594916	-0.00915055	-8.38324e-05	0.0236163	-0.00190359	0.0132713
-0.0441008	-5.19717e-05	-0.0149878	-0.000309534	-0.0150658	-0.00715737	-0.000209552	0.0680544	-0.00163442	0.0154629
-0.0100777	-3.39544e-06	-0.000190937	-2.92448e-05	-0.00342445	-0.0016145	-2.10583e-05	0.0244008	-0.000341628	-0.0086979
0.0	0.0	0.0	0.0	0.0	0.0	0.0	0.0	0.0	0.0
0.0	0.0	0.0	0.0	0.0	0.0	0.0	0.0	0.0	0.0
0.0	0.0	0.0	0.0	0.0	0.0	0.0	0.0	0.0	0.0
0.0	0.0	0.0	0.0	0.0	0.0	0.0	0.0	0.0	0.0
