0.0	0.0	0.0	0.0	0.0	0.0	0.0	0.0	0.0	0.0
0.0	0.0	0.0	0.0	0.0	0.0	0.0	0.0	0.0	0.0
0.0	0.0	0.0	0.0	0.0	0.0	0.0	0.0	0.0	0.0
0.0	0.0	0.0	0.0	0.0	0.0	0.0	0.0	0.0	0.0
0.0	0.0	0.0	0.0	0.0	0.0	0.0	0.0	0.0	0.0
0.0	0.0	0.0	0.0	0.0	0.0	0.0	0.0	0.0	0.0
0.0	0.0	0.0	0.0	0.0	0.0	0.0	0.0	0.0	0.0
0.0	0.0	0.0	0.0	0.0	0.0	0.0	0.0	0.0	0.0
0.0	0.0	0.0	0.0	0.0	0.0	0.0	0.0	0.0	0.0
0.0	0.0	0.0	0.0	0.0	0.0	0.0	0.0	0.0	0.0
0.0	0.0	0.0	0.0	0.0	0.0	0.0	0.0	0.0	0.0
0.0	0.0	0.0	0.0	0.0	0.0	0.0	0.0	0.0	0.0
-3.48696e-06	-6.33427e-06	-0.000506246	-3.57392e-05	-0.0035129	-6.59286e-05	0.00476196	-7.24312e-06	-0.000123402	-0.000500682
-2.07668e-05	-1.50392e-05	-0.0007558	-9.17039e-05	-0.007829	-0.00014508	0.0103026	-2.04763e-05	-0.00028026	-0.00114447
-1.46129e-05	-1.30129e-06	0.000392491	-1.49643e-05	-0.000152413	-8.0025e-07	-0.000138499	-5.13713e-06	-1.11865e-05	-5.3578e-05
-6.0887e-07	-5.42203e-08	1.63538e-05	-6.23513e-07	-6.35054e-06	-3.33438e-08	-5.7708e-06	-2.14047e-07	-4.66103e-07	-2.23242e-06
0.0	0.0	0.0	0.0	0.0	0.0	0.0	0.0	0.0	0.0
0.0	0.0	0.0	0.0	0.0	0.0	0.0	0.0	0.0	0.0
0.0	0.0	0.0	0.0	0.0	0.0	0.0	0.0	0.0	0.0
0.0	0.0	0.0	0.0	0.0	0.0	0.0	0.0	0.0	0.0
0.0	0.0	0.0	0.0	0.0	0.0	0.0	0.0	0.0	0.0
0.0	0.0	0.0	0.0	0.0	0.0	0.0	0.0	0.0	0.0
0.0	0.0	0.0	0.0	0.0	0.0	0.0	0.0	0.0	0.0
0.0	0.0	0.0	0.0	0.0	0.0	0.0	0.0	0.0	0.0
0.0	0.0	0.0	0.0	0.0	0.0	0.0	0.0	0.0	0.0
0.0	0.0	0.0	0.0	0.0	0.0	0.0	0.0	0.0	0.0
0.0	0.0	0.0	0.0	0.0	0.0	0.0	0.0	0.0	0.0
0.0	0.0	0.0	0.0	0.0	0.0	0.0	0.0	0.0	0.0
0.0	0.0	0.0	0.0	0.0	0.0	0.0	0.0	0.0	0.0
0.0	0.0	0.0	0.0	0.0	0.0	0.0	0.0	0.0	0.0
0.0	0.0	0.0	0.0	0.0	0.0	0.0	0.0	0.0	0.0
0.0	0.0	0.0	0.0	0.0	0.0	0.0	0.0	0.0	0.0
-4.93502e-09	-2.42581e-08	-7.46598e-06	-5.56801e-09	-2.84542e-05	-8.5161e-08	3.76922e-05	-4.78964e-08	-6.28317e-07	-9.75919e-07
-1.05996e-07	-7.16896e-08	-2.42925e-05	-3.0265e-08	-0.000308322	-2.57577e-07	0.000339215	-6.88161e-07	-1.86905e-06	-3.57792e-06
-1.92318e-05	-1.08444e-07	-0.00027112	-6.09337e-06	-0.0262895	-1.35837e-05	0.0267959	-4.9158e-05	-4.80481e-06	-0.000142307
-4.04616e-05	-5.98868e-05	-0.000651549	-1.5609e-05	-0.0585158	-2.58374e-05	0.0600488	-0.000332402	-5.29553e-05	-0.00035427
-6.43929e-05	-0.00287216	-0.00057112	-0.000156409	-0.0583763	-7.56444e-05	0.0654501	-0.00187209	-0.000756268	-0.000705693
-0.000126973	-0.00235265	-0.00232203	-0.000191077	-0.0274903	-0.000105758	0.0352826	-0.00134541	-0.000797405	-0.000550975
-0.00133718	-0.00142975	-0.00521218	-0.000166459	-0.0381384	-0.000417408	0.0498527	-0.000766032	-0.000682218	-0.00170305
0.0170709	-0.000657157	-0.0176724	-0.000275216	-0.0665356	-0.000567487	0.0835004	-0.00627237	-0.00115837	-0.00743267
0.0368808	-0.000582142	-0.0203002	-0.000863999	-0.123543	-0.00412533	0.141874	-0.0150413	-0.00122571	-0.0130733
0.0155083	-0.000427255	-0.0131388	-0.000537899	-0.0637298	-0.00385893	0.0779786	-0.00460021	-0.00155069	-0.00564331
-0.000801136	0.016364	0.00409804	-0.00479219	-0.0226829	-0.00215583	0.0148027	-0.000302595	-0.00261288	-0.00191714
0.0114593	0.0237943	0.0227323	-0.00623131	-0.0691589	-0.00260025	0.0318256	-0.00073448	-0.00214735	-0.00893925
0.0334209	-0.00678907	0.0572273	-0.00195767	-0.0670036	-0.00251933	0.0129501	-0.00147933	-0.00261659	-0.0212327
0.0154055	-0.00355175	0.0101103	-0.000614285	-0.027308	-0.00166078	0.0219234	-0.000657112	-0.00213892	-0.0115083
-0.00133306	-0.000247379	-0.0161501	-0.000149134	-0.0140337	-0.00266982	0.0376874	-0.000144255	-0.00138036	-0.00157962
-0.000664421	-7.27527e-05	-0.0121851	-9.77375e-05	-0.023957	-0.00254577	0.0420666	-0.000191748	-0.00112153	-0.00123049
-0.000291	-9.18469e-05	-0.00553436	-9.37412e-05	-0.0184968	-0.00125317	0.0274673	-9.35299e-05	-0.000604977	-0.00100787
-0.000111722	-0.000214501	-0.00295997	-6.22888e-05	-0.0159744	-0.000225724	0.0205401	-9.42076e-06	-0.000628802	-0.000353349
-1.41921e-05	-1.86089e-05	-0.000300173	-5.08094e-06	-0.0216116	-1.06911e-05	0.0222867	-2.12051e-05	-9.8852e-05	-0.000206347
-2.2575e-06	-1.45954e-06	-0.000129606	-6.84108e-07	-0.0079872	-1.07805e-05	0.00832504	-2.92652e-05	-4.596e-05	-0.00011782
0.0	0.0	0.0	0.0	0.0	0.0	0.0	0.0	0.0	0.0
0.0	0.0	0.0	0.0	0.0	0.0	0.0	0.0	0.0	0.0
0.0	0.0	0.0	0.0	0.0	0.0	0.0	0.0	0.0	0.0
0.0	0.0	0.0	0.0	0.0	0.0	0.0	0.0	0.0	0.0
0.0	0.0	0.0	0.0	0.0	0.0	0.0	0.0	0.0	0.0
0.0	0.0	0.0	0.0	0.0	0.0	0.0	0.0	0.0	0.0
-2.88343e-08	-5.44529e-10	-4.02318e-07	-2.60065e-09	-3.56169e-06	-4.67094e-07	5.63076e-06	-8.17213e-12	-8.19435e-07	-3.48377e-07
0.00203189	-4.19702e-10	-1.22872e-05	-5.46706e-07	-0.00181005	-7.0108e-05	0.000205905	-0.000149285	-6.07955e-06	-0.000189438
0.00076069	-2.22293e-06	-0.000728147	-1.13511e-06	-0.000883266	-1.35649e-05	0.00102885	-5.30741e-05	-3.27081e-05	-7.5427e-05
-0.000248097	-9.61365e-06	-2.65412e-07	-0.000216209	-0.000919962	-5.17957e-06	0.00143271	-2.83471e-06	-2.23552e-05	-8.19667e-06
-0.0144284	-5.40221e-05	-0.000740094	-0.00119628	-0.0276596	-4.15527e-05	0.0448403	-0.000392078	-0.000156147	-0.000172018
-0.0166888	-0.00177757	-0.00424345	-0.0023072	-0.0890511	-0.000748543	0.117742	-0.00132491	-0.000792268	-0.000808343
-0.0136078	-0.0223182	0.015727	-0.00715437	-0.114716	-0.00274054	0.152358	-0.00348492	-0.00248525	-0.00157786
-0.017891	-0.0425099	0.0802758	-0.0131609	-0.104972	-0.0124414	0.127559	-0.00520613	-0.00867924	-0.00297339
-0.0175279	-0.0318388	0.0514315	-0.00506208	-0.190121	-0.0328306	0.264193	-0.0111097	-0.0172956	-0.00983783
-0.0298405	-0.036561	0.0804993	0.0197154	-0.206104	-0.0611009	0.305777	-0.0254938	-0.0291179	-0.0177725
-0.0325508	0.0116292	0.0408028	0.0286963	-0.280089	-0.0668791	0.386617	-0.0248836	-0.0348758	-0.0284662
-0.0523206	0.0994191	-0.000482514	0.00294657	-0.21109	-0.0766132	0.325946	-0.0130309	-0.0475502	-0.0272243
-0.089188	0.0964596	0.0460397	0.0013629	-0.139209	-0.0826862	0.254536	-0.0149129	-0.046635	-0.0257656
-0.102273	0.193171	0.102608	-0.030523	-0.186542	-0.056368	0.179083	-0.0179756	-0.0513299	-0.0298492
-0.0801315	0.128117	0.0950929	-0.0214332	-0.216598	-0.00752592	0.207427	-0.00988344	-0.0580493	-0.037013
-0.0691207	0.0306664	0.0134659	-0.0200287	-0.10675	0.0381784	0.189799	-0.00664534	-0.0442937	-0.0252707
-0.048435	-0.00538935	-0.0218993	-0.0353526	-0.0806808	0.0333982	0.191474	-0.00386315	-0.0122493	-0.0170022
-0.0362907	0.0184928	-0.0764479	-0.0194401	-0.0505473	-0.00551361	0.214325	-0.00215496	-0.0305488	-0.0118737
-0.0249571	-0.00652892	-0.0374312	-0.00696929	-0.0344628	-0.0495973	0.177116	-0.0010471	-0.0118659	-0.004256
-0.012465	-0.00814407	-0.0343301	-0.00736636	-0.0287625	-0.0475767	0.156527	-0.000741469	-0.0121705	-0.00497043
-0.00627241	-0.00296829	-0.0301404	-0.00550801	-0.0288454	-0.0243393	0.109209	-0.00053688	-0.00810351	-0.00249459
-0.00305378	-0.00158358	-0.0079971	-0.0015416	-0.0187025	-0.0210973	0.0574403	-7.08984e-05	-0.00305954	-0.000333987
-0.000524744	-0.000535979	0.021656	-0.000138743	-0.00235357	-0.00885889	-0.00736783	-2.8902e-05	-0.00181296	-3.44018e-05
-9.79453e-06	-3.90503e-05	0.0160216	-1.02013e-06	-0.000309032	-0.000814706	-0.0141035	-2.68745e-08	-0.00074322	-1.21091e-06
0.0	0.0	0.0	0.0	0.0	0.0	0.0	0.0	0.0	0.0
0.0	0.0	0.0	0.0	0.0	0.0	0.0	0.0	0.0	0.0
0.0	0.0	0.0	0.0	0.0	0.0	0.0	0.0	0.0	0.0
0.0	0.0	0.0	0.0	0.0	0.0	0.0	0.0	0.0	0.0
-6.52544e-08	0.000532177	-6.5527e-05	-2.51225e-05	-7.86755e-06	-4.07156e-06	-0.000304473	-1.0486e-08	-0.000124144	-8.95659e-07
0.00470502	0.000126592	-0.000130869	-2.67991e-05	-0.00587925	3.86203e-05	0.0026091	-0.000438356	-0.000294426	-0.000709626
-0.00675311	-6.33068e-05	-0.00238575	-0.00278717	-0.00293455	0.00828233	0.00791105	-0.000828263	-0.000192288	-0.000248951
-0.0411422	-0.00239887	-0.00012382	0.0660416	-0.00522296	-0.0315177	0.0206089	-0.0017086	-0.0037177	-0.000818657
-0.0569273	-0.00249041	0.0021519	0.052164	-0.050586	-0.0215782	0.0885443	-0.00253828	-0.00747045	-0.00126948
-0.0641345	-0.0177403	0.0348468	0.082404	-0.0887391	-0.0345909	0.119475	-0.0100287	-0.0183094	-0.00318262
-0.0178113	-0.0538132	0.113757	0.0964659	-0.181717	-0.0422453	0.146319	-0.0291042	-0.0232241	-0.00862553
-0.0511205	-0.0811853	0.320257	0.0352906	-0.259573	-0.067983	0.191782	-0.0394511	-0.0279963	-0.0200199
-0.0367358	-0.137634	0.314048	0.10122	-0.289707	-0.0602976	0.263413	-0.0729708	-0.0438183	-0.0375145
0.00242018	-0.213118	0.365483	0.280325	-0.336055	-0.125954	0.281781	-0.111115	-0.0843735	-0.0593919
-0.0117787	-0.103381	0.356038	0.346459	-0.476386	-0.0758529	0.224938	-0.0863205	-0.0932003	-0.0805139
0.0854828	-0.0535382	0.433179	0.226261	-0.556788	-0.0968803	0.253618	-0.0839588	-0.0954287	-0.111945
0.0734914	-0.0665452	0.264275	0.407841	-0.428568	-0.0779131	0.218159	-0.0846078	-0.168331	-0.137801
0.0343522	0.0572348	0.173242	0.361575	-0.4296	0.00524955	0.19866	-0.0825692	-0.157877	-0.160267
0.0319626	0.0974114	0.243423	0.281704	-0.373034	-0.0345787	0.0826261	-0.0659054	-0.127183	-0.136425
-0.0521266	-0.0634028	0.163016	0.227373	-0.248725	0.0745904	0.0878237	-0.0458561	-0.0518311	-0.0908599
-0.156667	-0.150721	-0.0729281	0.237184	-0.169196	0.181761	0.179903	-0.038193	0.0236686	-0.0348102
-0.164965	-0.108869	-0.136143	0.194459	-0.029889	0.179653	0.199484	-0.0230741	-0.0740672	-0.0365876
-0.112073	-0.127968	-0.191635	0.193373	0.0236767	0.207743	0.101429	-0.0190996	-0.0457542	-0.0296896
-0.116358	-0.103497	-0.150901	-0.0447706	0.0298439	0.188014	0.202088	-0.00989	0.0214586	-0.0159861
-0.0880998	-0.0786938	-0.132942	-0.0906576	0.030891	0.0857083	0.241296	-0.00313645	0.040787	-0.0051526
-0.0444121	-0.0523023	-0.103573	-0.050227	0.0204541	-0.0412529	0.232037	-0.00108856	0.04255	-0.00218505
-0.0178395	-0.0413854	-0.0206087	-0.0156386	-0.00895644	-0.0302804	0.131399	-0.000425752	0.00425511	-0.000519134
-0.00319537	-0.0111496	0.0118722	-0.000335546	-0.000371874	0.0296671	-0.0274401	-5.00311e-06	0.000993747	-3.55822e-05
-0.000932072	-0.0153848	-0.000477328	-1.99999e-05	-0.000201599	0.0059564	0.0136602	-1.52366e-07	-0.00259811	-2.56497e-06
0.0	0.0	0.0	0.0	0.0	0.0	0.0	0.0	0.0	0.0
0.0	0.0	0.0	0.0	0.0	0.0	0.0	0.0	0.0	0.0
-2.69935e-08	-2.94729e-08	-1.45807e-05	2.09247e-05	-1.54843e-07	-5.33463e-06	-2.64977e-08	-9.49223e-09	-7.48098e-07	-1.38947e-08
-3.12764e-05	0.00182078	-0.000544345	0.000893103	-2.98923e-06	-0.000820993	-0.00110173	-6.10192e-08	-0.000210922	-1.56702e-06
-0.000380207	0.000206132	-0.00410679	0.011754	-0.000814093	-0.00438588	-0.0016846	0.000310038	-0.00065219	-0.000246411
-0.00885877	0.00398705	-0.0309563	0.043349	0.0135731	-0.0302065	0.0156522	-0.00197298	-0.00404138	-0.000525381
-0.0638848	0.0267995	0.00990508	0.189335	0.0159719	-0.129357	0.00744311	-0.0214571	-0.0291102	-0.00564441
-0.0691138	0.0141052	0.100967	0.232784	-0.0362033	-0.158975	-0.00257437	-0.0244937	-0.0479556	-0.00853963
-0.028875	-0.0372414	0.0857196	0.281798	-0.0532581	-0.139407	0.0174825	-0.047551	-0.0566487	-0.0220177
0.00389987	-0.0617889	0.162606	0.383619	-0.178482	-0.281063	0.104685	-0.081237	-0.00139706	-0.05084
0.0596185	-0.0878384	0.34928	0.332053	-0.265204	-0.250323	0.0452126	-0.147542	0.0713319	-0.106589
0.0524442	-0.108296	0.332628	0.389921	-0.38524	-0.0874569	0.0518621	-0.213705	0.104056	-0.136214
0.10483	-0.218676	0.370365	0.462224	-0.377072	0.0396264	-0.075242	-0.251939	0.150598	-0.204713
-0.0191938	-0.0869954	0.351528	0.42508	-0.331085	-0.0255231	-0.103433	-0.242186	0.313984	-0.282175
0.0218125	0.159919	0.244437	0.401547	-0.23142	-0.187725	-0.0486312	-0.259357	0.182053	-0.282636
-0.0556852	0.193401	0.286385	0.319525	-0.341205	-0.026032	-0.0607902	-0.302931	0.352607	-0.365274
0.0519055	0.0741607	0.13251	0.332497	-0.40873	0.256972	-0.0985623	-0.284422	0.336901	-0.393233
-0.0350625	0.0575396	0.101792	0.384548	-0.229522	0.110216	0.021435	-0.269588	0.274555	-0.415914
0.0665092	-0.045546	0.0775254	0.178587	-0.133466	0.149235	0.104246	-0.230639	0.120622	-0.287074
-0.051855	-0.128234	0.00751547	0.256899	-0.0909971	0.32472	0.03114	-0.186219	0.0562764	-0.219247
-0.102651	0.113964	-0.142816	0.0992701	0.126344	0.138182	0.0603542	-0.125122	0.0454573	-0.212984
-0.0899376	0.0980408	-0.140008	-0.0130685	0.212271	-0.121913	0.145039	-0.0925965	0.143124	-0.140951
-0.111861	0.0641641	-0.266679	-0.131135	0.200938	0.179876	0.238047	-0.0378912	-0.00148139	-0.133976
-0.103573	-0.00348072	-0.318558	-0.106753	0.226879	0.135824	0.306923	-0.0400359	-0.0182434	-0.0789803
-0.13525	-0.0458958	-0.258433	-0.182895	0.220313	0.242163	0.259565	-0.0190768	-0.0515279	-0.0289597
-0.13387	-0.154714	-0.129419	-0.0313252	0.131277	0.269848	0.0110226	-0.00557298	0.0507651	-0.00801071
-0.0376888	-0.0788364	-0.0119042	-0.00358588	0.00801196	0.100796	-0.0230399	-0.00108898	0.0497914	-0.00245478
-0.00463409	-0.00912309	-0.00379345	-9.88697e-05	-0.0120011	0.0121727	-0.00135277	-0.000257739	0.0201519	-0.00106351
-7.04016e-05	-0.00493747	-0.0032621	-2.22109e-05	-0.00241194	-0.00212213	0.0106834	-1.5922e-05	0.00227191	-0.000113097
0.0	0.0	0.0	0.0	0.0	0.0	0.0	0.0	0.0	0.0
0.0	0.0	0.0	0.0	0.0	0.0	0.0	0.0	0.0	0.0
-0.000156429	0.000210961	0.000214625	0.00160333	-5.90523e-05	-0.00161656	5.24479e-06	-6.48108e-06	-0.000193433	-2.21259e-06
-0.0031768	0.00564116	-0.000409464	0.0580534	0.00108635	-0.026819	-0.0213269	-0.000831726	-0.00961947	-0.00259761
-0.0237654	0.0113704	0.00062024	0.152057	0.0126171	-0.126783	0.0242511	-0.0093133	-0.0302964	-0.0107576
-0.086279	0.0765265	0.0102161	0.332092	0.0357641	-0.20188	-0.101759	0.0621397	-0.0935061	-0.0333124
-0.0343973	0.0234957	0.064441	0.365429	0.00278032	-0.255573	-0.0782416	0.0767887	-0.0897091	-0.0750125
-0.0280602	-0.118967	0.139575	0.277547	-0.0138269	-0.117731	-0.074334	0.0745321	-0.0268151	-0.111919
0.0172187	-0.267784	0.221304	0.16016	-0.0345298	-0.132004	0.0749395	0.103872	0.00301631	-0.146194
0.0478246	-0.286966	0.149947	0.151154	-0.0253514	0.0425543	-0.0090455	0.0428659	0.0937492	-0.206732
0.195978	-0.184736	0.19622	0.140205	-0.189086	0.142166	0.00388446	-0.126662	-0.0861989	-0.091769
0.134613	-0.224207	0.241118	0.15893	-0.16051	0.117573	-0.373584	-0.217452	0.201582	0.121938
0.0122046	-0.163412	0.152065	0.129912	-0.104207	0.0192002	-0.246905	-0.165625	0.267396	0.0993709
0.185577	-0.0272659	0.121926	0.121429	-0.257581	-0.0662537	-0.272233	-0.205035	0.208892	0.190547
0.211622	0.0474834	0.115465	0.0625607	-0.0837769	-0.149582	-0.0525465	-0.327934	0.253482	-0.0767715
0.174434	0.176117	0.168349	0.197453	-0.0782849	-0.146333	-0.173862	-0.382379	0.134369	-0.0698635
0.14209	-0.0823444	0.274307	0.304446	-0.0139184	0.0366863	-0.142627	-0.347727	0.185864	-0.356778
0.332069	-0.171646	0.153682	-0.0104057	-0.0895999	0.112467	-0.0179317	-0.384255	0.370199	-0.294579
0.315511	-0.0249729	0.108888	0.0179715	0.0611661	0.158211	0.0871102	-0.382396	-0.0778169	-0.263669
0.0546251	0.0465233	0.0163159	0.0797842	0.155732	0.0545589	0.145859	-0.43101	0.114128	-0.236516
-0.0767725	0.151518	0.0282725	-0.025824	0.0910463	0.226966	0.0828483	-0.399549	0.158173	-0.23668
0.0226754	0.285291	0.0012723	-0.166228	0.0982175	0.1208	0.105579	-0.24762	0.0275823	-0.24757
-0.00779074	0.239383	-0.14132	-0.154749	0.244502	0.256793	0.093576	-0.172176	-0.0843147	-0.273903
-0.191074	0.122733	-0.254875	-0.239935	0.382357	0.332173	0.248673	-0.0900268	-0.136285	-0.173739
-0.218616	0.00478978	-0.198688	-0.0824814	0.117747	0.367753	0.0989798	-0.0287299	0.0116474	-0.072401
-0.0896597	-0.109166	-0.0464512	-0.018958	-0.028184	0.232657	-0.0255064	-0.00894097	0.118856	-0.0246466
-0.0252866	-0.0192679	-0.0138529	-0.00165503	-0.0182139	0.0526255	0.0234368	-0.00352864	0.00931318	-0.00357041
-0.00792298	-0.00643425	-0.00478976	-7.96657e-05	-0.00022521	0.00605502	0.0159532	-9.82433e-05	-0.00243006	-2.80689e-05
0.0	0.0	0.0	0.0	0.0	0.0	0.0	0.0	0.0	0.0
-2.87877e-06	-1.02689e-06	-2.71408e-05	0.000302911	-8.57158e-07	-2.01866e-05	-1.91735e-07	-6.20442e-06	-2.59648e-05	-0.00021846
-0.000835188	-0.0104773	-0.00737107	0.0086833	-0.00246701	0.00114379	-0.000942406	0.0180009	-0.00315913	-0.0025759
-0.00268988	0.00514022	0.0111715	0.0951998	-0.023637	-0.0919785	-0.0250751	0.0829224	-0.0307598	-0.0202934
-0.0358961	0.00911801	0.0698725	0.172968	0.0259224	-0.175519	0.0201204	0.051798	-0.0665926	-0.0717904
-0.0234289	-0.0229745	0.0783639	0.270343	0.13266	-0.176562	-0.0791932	0.123331	-0.106667	-0.195871
-0.00404026	-0.0834934	0.18633	0.259297	0.108698	-0.12074	-0.175681	0.213165	-0.151196	-0.232339
-0.00551742	-0.195798	0.166075	0.074338	0.0748228	0.0270139	-0.0336861	0.226954	-0.0596328	-0.274569
-0.0350301	-0.311636	0.104216	0.163017	-0.00718625	0.0252323	-0.0325703	0.270012	0.0308765	-0.20693
-0.153628	-0.387621	0.221652	0.279967	0.0320704	-0.0402006	-0.134509	0.185812	0.0469228	-0.0504655
0.0280542	-0.190928	0.18172	0.31356	-0.134543	0.00623594	-0.275428	0.218926	-0.112137	-0.0354615
-0.0223712	-0.0757498	-0.0242398	0.182819	-0.224322	-0.0746981	-0.258787	0.300966	0.0496105	0.146774
-0.133411	-0.200577	0.0431856	0.0846401	-0.174144	-0.0344426	-0.154626	0.194051	0.259761	0.115563
0.179417	-0.237273	0.0651298	0.308891	-0.319833	-0.0414447	-0.311422	-0.0679421	0.0786144	0.345864
0.167607	-0.170673	0.0147011	0.14067	-0.390225	0.0987082	-0.223726	-0.0674277	0.103412	0.326954
0.00949469	-0.245045	0.0686403	0.142415	-0.400005	-0.0796353	-0.107122	0.0298197	0.367401	0.214037
0.0700302	-0.229399	0.147895	0.223834	-0.355392	-0.0980927	-0.214468	0.0218326	0.134188	0.299572
0.200507	-0.299681	0.00180745	0.0780545	-0.217461	-0.0284979	-0.193307	0.0420614	0.146871	0.269645
0.305951	-0.112901	-0.00484051	0.261281	-0.301977	0.0469781	-0.288179	-0.0463727	-0.111957	0.252016
0.0925577	-0.141039	-0.0948725	-0.093911	-0.0297977	0.210746	-0.159486	-0.0902994	0.306589	-0.00048823
0.0784314	0.0686635	-0.126477	0.0713349	-0.110585	0.142033	-0.0631244	-0.115642	0.0662074	-0.0108409
0.236935	0.100168	-0.0671697	0.0490066	-0.0209232	-0.0222293	-0.0584439	-0.0487885	-0.0404447	-0.12811
0.252938	0.108402	-0.149373	-0.135137	0.255117	0.176695	-0.0378816	-0.13344	-0.0615322	-0.275789
-0.032285	0.0862984	-0.364827	-0.213243	0.430257	0.320892	0.0391183	-0.167921	0.176863	-0.275153
-0.307721	-0.0118283	-0.217468	-0.101716	0.126464	0.626347	0.0312834	-0.078821	0.101316	-0.167854
-0.209621	-0.0893685	-0.0590157	-0.0411818	-0.018632	0.358286	-0.0186094	-0.0347228	0.170788	-0.0579215
-0.0946288	-0.010048	-0.00904799	-0.00440134	0.0353506	0.130672	-0.0310907	-0.0109572	0.0143587	-0.0202076
-0.0232726	-0.000314961	-0.000475235	-0.000354015	-0.00161385	0.0329536	-0.00158067	-0.000609829	-0.00402169	-0.000710739
0.0	0.0	0.0	0.0	0.0	0.0	0.0	0.0	0.0	0.0
-0.00022295	-0.000794481	-0.00116109	0.0096584	-0.000636334	-0.00101178	-8.29599e-05	0.00344593	-0.00219775	-0.00699699
-0.000630931	-0.0138395	0.00978449	-0.00660464	-0.00369902	-0.0142883	-0.00398516	0.0514824	-0.00651819	-0.0117011
-0.00481043	-0.00911981	0.0362756	0.0659522	-0.00751512	-0.110582	-0.0317212	0.161244	-0.0306817	-0.0690402
-0.0599006	-0.00839747	0.190763	0.311637	0.0703918	-0.360642	0.0103347	0.0813547	-0.0470047	-0.188533
-0.0180203	-0.101642	0.157644	0.382279	0.207468	-0.260377	-0.0692762	0.105006	-0.051387	-0.351694
0.0211941	-0.180362	0.292331	0.157729	0.110884	-0.075383	-0.218737	0.268222	-0.0670356	-0.308841
-0.0319224	-0.228491	0.0413339	0.0203864	0.0992194	0.114486	-0.0119641	0.272457	0.0356565	-0.311164
-0.153033	-0.417327	0.152822	0.0343437	-0.00729101	0.184903	-0.0423691	0.168617	0.144815	-0.0654796
0.0178097	-0.319442	0.00108732	0.0832065	-0.0120107	0.0644617	-0.128992	0.260873	-0.0254078	0.0584138
0.0344597	-0.15242	-0.117582	0.00958227	-0.173427	0.201168	-0.209916	0.328353	0.0753579	0.00442439
0.0558745	-0.19527	0.0337606	0.0185435	-0.182488	0.111354	-0.0921533	0.292403	-0.141425	0.099402
-0.00283848	-0.0953022	-0.0340868	0.164254	-0.418301	0.0360681	-0.147333	0.240526	-0.0917389	0.348753
0.133403	-0.175493	0.212727	0.0699886	-0.362508	-0.168131	-0.268962	0.141504	-0.0471507	0.464622
0.0880474	-0.115875	0.0631659	0.229243	-0.409066	0.117229	-0.136719	-0.0495052	-0.260154	0.473633
-0.00625666	-0.35072	-0.0608473	0.202706	-0.340052	-0.17149	-0.132522	0.102935	0.263688	0.492561
0.0246156	-0.227787	0.0577275	0.0196296	-0.398499	0.0647181	-0.325691	0.179521	0.121828	0.48394
0.223022	-0.192157	-0.197292	0.175488	-0.186278	0.0525479	-0.265571	0.248443	-0.142012	0.283813
0.249312	-0.244575	-0.0573615	-0.0391971	-0.251349	0.0374549	-0.31349	0.308311	0.134526	0.176369
0.144836	-0.0660011	-0.0687387	0.0777978	-0.0522619	0.0715075	-0.301044	0.188715	-0.0579003	0.0630905
0.0038834	0.0447554	-0.162797	0.0483691	-0.0918149	0.0763001	-0.251837	0.240233	-0.0134851	0.106393
0.0394665	-0.0375346	-0.015808	-0.118785	-0.0736132	0.137595	-0.204148	0.124249	0.12332	0.025257
0.118479	-0.0434039	0.0825246	-0.185152	0.172264	0.182891	-0.268725	0.0779415	0.027315	-0.164135
0.151139	-0.102221	-0.397841	-0.272453	0.333022	0.390821	-0.18803	-0.00638807	0.341825	-0.249876
-0.137872	-0.256423	-0.306886	-0.192985	0.125652	0.645941	0.00964705	-0.0666196	0.393717	-0.214172
-0.24284	-0.145265	-0.0726805	-0.0531083	0.00681692	0.636623	-0.0800511	-0.0554281	0.100826	-0.0948921
-0.111068	-0.00682515	-0.012334	-0.00383714	0.0471886	0.144171	-0.0320882	-0.0108443	0.0182641	-0.0326271
-0.00787766	-0.00330846	-0.00078265	-0.000232856	-0.00167574	0.0183096	-0.00689732	-0.00044906	0.00383799	-0.000923833
0.00823658	-2.84591e-07	-0.000131045	-6.1827e-07	-0.00028114	-4.57556e-06	-7.20615e-06	-0.00454197	-1.85788e-05	-0.00325116
-0.000252884	-0.000698586	0.000587256	-0.00451095	-0.0124823	-0.00116012	-0.000254814	0.043705	-0.00254706	-0.0223856
0.00139001	-0.00794528	0.00316931	-0.0101803	0.00264801	-0.0165938	-0.00403257	0.0915918	-0.00909554	-0.0509516
0.00234559	-0.0030134	0.0288628	0.0785673	-0.00378444	-0.122022	-0.0308564	0.245336	-0.0171488	-0.178286
-0.0873511	-0.0268162	0.231654	0.347095	0.0345353	-0.473293	0.00349106	0.238644	-0.000177859	-0.267777
-0.0617575	-0.0772944	0.130378	0.235168	0.158298	-0.312113	-0.118026	0.238228	0.0856026	-0.278482
-0.0413224	-0.177555	0.0747796	0.080083	0.0390107	-0.111868	-0.218111	0.267434	0.191354	-0.103806
-0.0759293	-0.188395	0.0612282	0.0375592	0.0458894	-0.130193	-0.134547	0.445851	0.196084	-0.257547
-0.0313298	-0.377314	0.0613448	-0.0076862	-0.10197	0.0975537	-0.125714	0.266569	0.0212041	0.197344
0.155314	-0.395953	-0.0459354	0.00926702	0.0792633	0.0770253	-0.128148	0.167558	0.129322	-0.0477124
0.0211687	-0.23453	0.198871	0.0690761	-0.149905	0.111976	-0.192563	0.0988554	0.101372	-0.0243196
-0.0193716	-0.216646	0.109729	0.0125541	-0.0753813	0.0734746	-0.117087	0.306578	-0.018733	-0.0551173
0.142963	-0.0629939	-0.0483751	0.105168	-0.245231	-0.0392755	-0.196971	0.347873	0.212023	-0.21518
0.0308896	0.0194168	-0.0441248	0.0986479	-0.286945	-0.0927866	-0.239175	0.0753936	0.230472	0.208212
0.203553	-0.0357161	0.0381526	0.196184	-0.426708	-0.0961216	-0.359323	0.232489	-0.179757	0.427247
0.258794	0.0312677	-0.00850959	0.154598	-0.318913	-0.197443	-0.419847	0.321393	-0.0404281	0.219087
0.439572	-0.189999	-0.0551563	0.112352	-0.431136	-0.040823	-0.419651	0.258652	0.158367	0.167824
0.247057	0.105364	-0.0220606	0.131134	-0.204403	-0.0135273	-0.386472	0.215945	-0.0499074	-0.0231284
0.126589	-0.168839	-0.141704	0.261295	-0.0364562	-0.0574818	-0.553664	0.362441	0.119181	0.0886383
0.0862516	-0.106337	0.149967	0.12706	-0.100519	0.0762836	-0.478399	0.140913	0.121562	-0.0167814
0.152693	-0.192314	0.00209003	0.13609	-0.0783026	0.222158	-0.354242	0.20512	0.03674	-0.130032
0.0497976	-0.224265	-0.0867505	0.0908551	-0.0515286	0.147375	-0.281404	0.00462484	0.159604	0.19169
0.176201	-0.245856	-0.0491645	0.172088	-0.062801	0.11305	-0.40586	0.164385	0.158552	-0.020595
0.331132	-0.370734	-0.101596	-0.416645	0.143602	0.615369	-0.413927	0.0576723	0.352431	-0.197303
0.0233527	-0.374538	-0.347595	-0.329993	0.054513	0.99249	-0.251522	-0.122252	0.518107	-0.162562
-0.254475	-0.162607	-0.121764	-0.0728522	0.0403607	0.760093	-0.159569	-0.0914337	0.167871	-0.10562
-0.090799	-0.0139914	-0.0168603	-0.00508245	-0.0435722	0.201013	-0.083677	-0.0155765	0.0989207	-0.0303754
-0.00527658	-0.00246846	-0.0015187	-6.75927e-05	-0.001458	0.00950537	-0.0089259	-0.00362914	0.0152327	-0.00139369
-3.31223e-06	-1.1067e-05	-8.29056e-06	-0.000131272	-0.00052378	-6.49561e-05	-2.81743e-06	0.00207352	-2.40322e-05	-0.00130399
-0.000446307	-6.67423e-05	-0.000836737	-0.00426288	-0.0141107	-0.00121307	-0.00013584	0.053509	-0.00196782	-0.0304688
0.00364246	-0.00520081	-0.0135604	0.0229168	-0.00716807	-0.00818102	-0.00610068	0.107322	-0.0207689	-0.0729007
0.0094002	-0.00579369	0.0476925	0.130934	-0.0945219	-0.13505	-0.0433	0.312964	-0.0342718	-0.188051
-0.0662663	-0.0599247	0.170302	0.421691	-0.136775	-0.384894	0.00717583	0.342698	0.0206132	-0.314617
-0.0417299	-0.170854	0.30126	0.168709	-0.0356925	-0.302344	-0.189065	0.240384	0.120619	-0.0912837
-0.0783889	-0.187286	0.0287193	0.0990729	-0.104504	-0.0929358	-0.219564	0.204839	0.203008	0.147039
-0.0997521	-0.149635	-0.0438813	0.13066	-0.0595461	-0.0101646	-0.0545616	0.169898	0.137037	-0.0200526
-0.0791445	-0.243434	-0.070593	0.099438	-0.0320882	0.106157	-0.093619	0.0972778	0.146039	0.069967
0.0351528	-0.328393	0.112396	0.0353899	-0.0123084	-0.00158968	-0.171438	0.153766	0.177028	-2.13372e-06
0.119819	-0.188246	0.21644	-0.115747	-0.209012	0.151083	-0.23487	-0.0313726	0.0840836	0.207824
-0.0549737	-0.0634337	0.0492278	-0.320624	-0.089013	0.286818	-0.112984	0.154153	0.0710968	0.0797349
0.0214962	-0.0801327	0.0714021	-0.26102	-0.108209	0.206712	-0.223771	0.376927	-0.0556158	0.0522134
0.23323	0.05308	0.0755241	-0.125481	-0.162138	-0.0560471	-0.371641	0.254417	0.0051067	0.0939493
0.0305854	0.178046	0.110877	0.2777	-0.628661	-0.209164	-0.242716	0.502362	-0.2691	0.250068
-0.116684	0.499674	0.200337	0.420356	-0.377665	-0.3935	-0.418551	0.391642	-0.485316	0.279709
0.186556	0.174379	0.214947	0.29097	-0.0713397	-0.397172	-0.539014	0.327168	-0.140587	-0.0459034
0.312389	0.0263715	-0.0193394	0.157558	-0.0914781	-0.21526	-0.636259	0.452539	0.0433764	-0.0298954
0.237375	-0.137524	0.0431832	0.0843362	0.0544582	-0.0820207	-0.575621	0.260529	0.0101075	0.105178
0.2572	-0.232674	0.00227066	0.193116	-0.0612717	-0.085425	-0.508056	0.293278	0.0706512	0.0709127
0.197432	-0.327648	-0.0531474	0.263482	0.0155105	0.00894871	-0.320122	0.0856492	0.0935431	0.036352
-0.0801763	-0.316683	-0.147632	0.172807	0.0387544	0.267806	-0.223822	0.25627	0.179394	-0.146719
0.00355114	-0.374055	0.00907147	0.272491	-0.0175301	0.268572	-0.454117	0.181249	0.161047	-0.0502814
0.407262	-0.407698	-0.133635	-0.211251	-0.0206698	0.656582	-0.354949	-0.0540706	0.34046	-0.222032
0.205126	-0.276643	-0.338106	-0.298516	-0.24836	1.28257	-0.302192	-0.099012	0.266565	-0.191432
-0.240167	-0.127836	-0.0955808	-0.0503656	-0.181173	1.0069	-0.261742	-0.0428162	0.111543	-0.118758
-0.0829041	-0.0150645	-0.0075021	-0.0081064	-0.062835	0.222414	-0.110953	0.00684787	0.102748	-0.0446451
-0.00129534	-0.00225841	-0.00126018	-0.000423369	-0.00590823	0.0155465	-0.00622561	0.0343	-0.0291782	-0.00329722
-4.9075e-06	-1.29235e-05	-1.68624e-05	-0.000207	-0.000611348	-8.26601e-05	-3.32977e-06	0.00281236	-3.3083e-05	-0.00184024
-0.000488765	-3.30779e-05	-0.000271063	-0.0028786	-0.0134977	-0.00116542	-4.74408e-05	0.0511057	-0.0010864	-0.0316373
0.0195107	-0.0027385	-0.0140036	0.0112601	-0.0334268	-0.00888537	-0.0195178	0.156009	-0.0162548	-0.0919528
-0.00599911	-0.032266	0.0644134	0.21168	-0.102154	-0.118538	-0.0492571	0.274331	-0.07739	-0.164819
-0.048219	-0.0701643	-0.0239369	0.222581	-0.142239	-0.175623	-0.0533142	0.344838	0.143639	-0.197559
0.00867473	-0.176585	0.256993	-0.0153628	-0.155732	-0.160455	-0.177079	0.230407	0.109335	0.0798046
-0.0687974	-0.280233	0.299063	-0.0477995	-0.168319	-0.0206469	-0.157683	0.0978162	0.141166	0.205434
-0.0974501	-0.227057	-0.0247577	-0.094129	-0.0575458	0.165735	0.0204923	0.0781487	0.218416	0.0181474
-0.0781517	-0.191049	-0.0290339	-0.253372	-0.00553921	0.263301	0.03229	-0.119089	0.185079	0.195564
0.0457462	-0.258405	-0.143784	-0.45602	0.177812	0.320331	-0.145082	0.0753264	0.266295	0.117782
-0.0743737	-0.0598653	-0.0325062	-0.480468	0.0252904	0.222204	-0.0524824	-0.025418	0.294543	0.183078
0.0581764	0.0920064	0.0233238	-0.52624	0.00168685	0.24446	-0.133138	-0.125953	0.194807	0.170871
-0.00834748	0.0150284	-0.010476	-0.505525	0.220108	0.317594	-0.270799	-0.174472	0.239323	0.177567
0.116859	0.271519	-0.198504	0.0704537	-0.290752	0.124775	-0.114549	0.206969	0.0485748	-0.235344
0.00496062	0.52185	0.0176223	0.221286	-0.862496	0.0203048	-0.294484	0.399697	-0.0269483	-0.00179152
-0.165497	0.762045	-0.106584	0.138401	-0.116802	-0.119545	-0.486781	0.488927	-0.307275	-0.0868906
0.0196247	0.271172	0.00685186	0.232734	-0.0936127	-0.239332	-0.458252	0.591437	-0.35458	0.023957
0.320776	0.0824631	0.11485	0.228091	0.0188055	-0.403835	-0.455156	0.296697	-0.194116	-0.00857373
0.267799	-0.187646	0.0543242	0.199278	-0.0345678	-0.407982	-0.464007	0.335571	0.177135	0.0600974
0.0633965	-0.200845	0.00672833	0.227594	0.0926077	-0.341	-0.439413	0.362676	0.218094	0.0101621
0.173199	-0.373652	-0.0757011	0.295681	-0.128126	-0.195172	-0.241019	0.374928	0.15827	0.0115929
0.0983235	-0.324584	-0.114472	0.115231	-0.0347876	-0.0239203	-0.235155	0.40179	0.175225	-0.0576514
0.194518	-0.340597	-0.0711092	0.131187	-0.119157	0.103587	-0.321436	0.226184	0.204745	-0.00792306
0.437924	-0.317408	-0.144498	-0.106043	-0.399806	0.684673	-0.152354	-0.16173	0.274111	-0.114868
0.253575	-0.233359	-0.257173	-0.209036	-0.345835	1.41694	-0.229534	-0.122599	-0.0143826	-0.258593
-0.250076	-0.0853552	-0.0551937	-0.0263924	-0.223651	1.19775	-0.329614	-0.0283735	-0.09606	-0.103027
-0.107454	-0.0226202	0.0145636	-0.00512995	-0.0704855	0.31426	-0.107825	0.00365263	0.0264438	-0.0454059
-0.000615184	0.000400147	-0.000756629	-0.000118392	-0.00158468	0.00730597	-0.0151	0.00837266	0.00839886	-0.00630271
-2.87973e-05	-3.83653e-06	-1.92747e-05	-0.000132128	-9.57658e-05	-7.34793e-05	-4.25432e-06	0.00116766	-3.50405e-05	-0.000775087
0.00492527	0.000314138	-0.000513101	-0.00186842	-0.0213471	-0.00833988	-0.00015771	0.0732109	-0.0014841	-0.0447399
-0.00424455	-0.000187286	-0.0074382	0.0109099	-0.0992733	-0.0178657	-0.00116765	0.282077	-0.0105582	-0.152252
-0.00803634	-0.021655	-0.0276976	0.19317	-0.0894737	-0.140918	-0.0514242	0.343832	-0.0211834	-0.176613
-0.135635	-0.043559	-0.123259	0.152982	-0.204416	-0.0733297	-0.0347224	0.394925	0.0731894	-0.00617313
-0.0989888	-0.101169	-0.0475485	-0.161912	-0.114295	-0.0332858	-0.033237	0.141124	0.228941	0.220372
-0.000776262	-0.25218	-0.100277	-0.286685	0.0244413	0.224066	-0.0562128	0.0242047	0.189142	0.234279
0.0055585	-0.253552	-0.251397	-0.508425	0.0271504	0.140209	0.139879	0.110299	0.439871	0.150407
-0.0353375	-0.224397	-0.371024	-0.498152	0.16593	0.140939	0.0550639	-0.0910055	0.332338	0.52564
-0.151106	-0.250072	-0.439481	-0.482264	0.361186	0.12457	0.12802	0.167134	0.369848	0.172165
-0.0617178	-0.176683	-0.710129	-0.355064	0.385001	0.0965982	0.058483	0.252379	0.25259	0.258544
-0.063381	-0.120188	-0.592954	-0.216254	0.168993	0.10728	-0.0661697	0.222631	0.20553	0.354513
-0.178121	-0.0620182	-0.684482	-0.0493656	0.480778	0.185751	0.102967	-0.0590934	0.184522	0.0790625
-0.0356399	0.309177	-0.81285	0.240416	-0.626718	0.457707	0.141929	0.0777114	0.27768	-0.0294085
-0.367032	0.715805	-0.535195	0.137161	-0.772163	0.0763896	-0.246783	0.366472	0.598018	0.0273284
-0.618052	0.721443	-0.434398	0.197838	0.225442	-0.181011	-0.560968	0.417887	0.0399745	0.191843
-0.52717	0.205733	-0.173955	0.0377841	0.404452	-0.203436	-0.273132	0.426869	-0.170877	0.273733
-0.0405152	-0.0558788	-0.301654	0.297618	0.126328	-0.184399	-0.366778	0.338584	-0.196202	0.382899
-0.119145	-0.0485022	-0.0750082	0.118779	-0.029843	-0.104476	-0.312671	0.4275	-0.1453	0.288669
0.0546932	-0.192588	0.210673	0.121981	-0.037386	-0.326263	-0.241429	0.191413	0.0108471	0.208058
0.189323	-0.212624	-0.0914998	0.286411	-0.185682	-0.591789	-0.152413	0.279714	-0.00909603	0.487657
0.26659	-0.217152	0.00986461	-0.0785904	-0.173411	-0.470948	-0.0238052	0.308893	0.0589775	0.31958
0.229951	-0.185401	-0.056417	-0.0742425	-0.233351	-0.457398	-0.0130438	0.207764	0.312832	0.269306
0.329624	-0.153565	-0.138054	-0.181021	-0.392622	0.0616817	0.222681	-0.147247	0.454609	-0.0560841
0.310767	-0.125096	-0.111356	-0.162228	-0.346736	0.512893	-0.0435264	-0.133886	0.299564	-0.200394
-0.157072	-0.0683183	0.0446683	-0.00452297	-0.154599	0.704477	-0.290636	-0.0519806	0.0776493	-0.0996647
-0.0702658	-0.0210993	0.0210882	-0.00271624	-0.023425	0.185439	-0.151066	-0.0108252	0.104861	-0.0319902
-0.000418699	0.003793	-0.00057765	-5.83344e-05	-0.000942813	0.00398176	-0.00894068	0.00133347	0.00421103	-0.00238107
-1.12493e-06	-2.61144e-08	-9.51232e-06	-4.96622e-05	-1.65972e-06	-8.91023e-06	-1.57395e-08	0.00142285	-1.66619e-05	-0.00133528
-2.05797e-05	-0.000159213	-3.96356e-05	-0.00236179	-0.028002	-0.0118557	-0.000227357	0.0732272	-0.000950268	-0.0296106
-0.00477052	-0.00189584	-0.00180071	-0.00728992	-0.110301	-0.0165709	-0.00118468	0.289572	-0.00662823	-0.13913
-0.0221497	-0.00146918	-0.10315	0.0333627	-0.158797	-0.0565724	-0.0430575	0.436574	0.0465917	-0.131332
-0.104159	-0.00374827	-0.210885	-0.0357311	-0.286815	0.0152089	-0.0613559	0.421084	0.0270204	0.239383
-0.0226377	-0.0544584	-0.460735	-0.238363	-0.0793014	0.0512078	-0.0279665	0.226382	0.255405	0.350468
0.17014	-0.10071	-0.772701	-0.326624	0.133392	0.263023	0.141193	0.0399642	0.118772	0.333548
0.025832	-0.133827	-0.877247	-0.346399	0.265865	0.106674	0.211729	0.313214	0.239973	0.194188
-0.0559453	-0.161476	-0.532426	-0.404519	0.402599	0.0182249	0.157045	0.344583	0.00293051	0.228984
-0.0468063	-0.151212	-0.5507	-0.189035	0.244382	-0.0792304	0.243338	-0.00167044	0.149447	0.381485
0.0028288	-0.344038	-0.624341	0.124236	0.47158	0.243437	0.0370031	-0.0489666	-0.125318	0.263579
0.0133659	-0.436018	-0.574267	-0.117414	0.535661	0.194677	0.252321	-0.00496548	-0.0505659	0.187207
0.138825	0.0119648	-0.576062	0.00843993	0.834845	0.217366	0.189905	-0.620702	0.0734145	-0.277996
0.0111199	0.224138	-0.449853	0.109155	-0.0608333	0.282633	0.178226	-0.795487	0.455803	0.0450978
-0.550459	0.870415	-0.456196	0.489181	-0.51213	-0.0906537	-0.239498	-0.0962949	0.291096	0.294542
-0.793933	0.481309	-0.474483	0.208248	0.218173	-0.0429942	-0.289949	0.348962	0.0505913	0.294079
-0.624462	0.130338	-0.263129	0.0991231	0.363837	-0.318976	-0.0942687	0.47571	-0.0321874	0.264017
-0.0910671	0.118735	-0.31888	-0.00601599	0.0628823	-0.399012	-0.167362	0.409557	0.0796747	0.311489
-0.0168267	-0.039192	-0.200621	0.11521	0.000305099	-0.324688	-0.220113	0.313946	-0.018654	0.390636
0.074299	-0.181777	0.170369	-0.0458471	0.111483	-0.333156	-0.291141	-0.0767354	0.17351	0.398996
0.0762954	-0.15225	-0.0544891	-0.0687864	0.111595	-0.467599	-0.13113	0.0590299	0.238046	0.389288
0.138306	-0.0945682	0.0158426	-0.500034	0.202211	-0.805403	0.109769	0.0959643	0.402869	0.435042
0.3185	-0.0811827	-0.0745688	-0.384601	0.06272	-1.01414	0.346281	0.0496966	0.408001	0.369292
0.409797	-0.0513797	-0.291336	-0.227447	-0.181565	-0.908079	0.601524	-0.127945	0.587593	0.188837
0.45936	-0.0464603	0.0757757	-0.0965654	-0.113755	-0.68641	0.260651	-0.114962	0.478358	-0.215987
-0.0199448	-0.0298717	0.205373	0.00641487	-0.0392114	0.0270502	-0.167764	0.0104939	0.112437	-0.104977
-0.0358621	-0.0179004	0.126959	-0.000411185	-0.0177271	0.097336	-0.162704	0.0203372	0.0242549	-0.0342826
-0.000228554	0.00319786	0.0126966	-7.75019e-05	-0.0061431	-0.00251779	-0.00780241	0.00983055	-0.0078992	-0.00105641
-6.92283e-09	4.67995e-05	-5.85217e-06	-1.36171e-05	-1.91634e-07	-1.73781e-06	-1.55724e-06	-8.00203e-06	-6.63898e-06	-9.19532e-06
0.00051889	-2.83524e-05	-3.93379e-05	-0.00159913	-0.0250679	-0.00201322	-0.00025436	0.0444552	-0.00020345	-0.0157683
-0.00216021	-0.000629229	-0.000823558	-0.00493338	-0.0691054	-0.00450759	-0.000519904	0.174608	-0.00172249	-0.0902067
-0.0106217	0.00589302	-0.124064	0.00957002	-0.124481	-0.000637127	-0.0378904	0.334378	0.0269648	-0.0791109
-0.00621755	0.0126891	-0.403707	-0.156278	-0.133911	0.0705301	-0.089867	0.257865	-0.0364841	0.485382
0.0215714	-0.0406905	-0.709377	-0.248543	0.175772	0.160484	0.0650682	0.119803	0.0560857	0.399828
0.252885	-0.0833498	-0.924725	-0.289632	0.383741	0.00427822	0.349708	0.111316	0.00785188	0.187927
0.244353	-0.123196	-0.741328	-0.329398	0.302957	0.147285	0.097952	0.143143	-0.000113318	0.258343
0.0770587	-0.0314885	-0.378071	-0.225299	0.369131	-0.00772762	0.110193	0.000330859	-0.122737	0.208608
0.0821426	-0.14687	-0.288991	-0.139763	0.368916	0.0359479	0.166063	-0.130342	0.0256298	0.0272654
0.143383	-0.604155	-0.172114	-0.158578	0.414177	0.195136	0.223708	-0.0281442	-0.139834	0.126422
0.0873141	-0.645745	0.0248469	-0.189128	0.605451	0.30134	0.0653184	-0.343903	0.102431	-0.00792475
0.121537	-0.0859381	-0.120849	0.112421	0.450565	0.414414	0.138816	-1.00246	0.226329	-0.254832
-0.376336	0.267947	0.113742	0.391785	-0.256502	0.218947	0.0660706	-0.998946	0.451333	0.121961
-0.660084	0.623904	0.000791441	0.299032	-0.132877	-0.0665433	-0.147437	-0.175362	-0.00152453	0.2601
-0.817803	0.380705	-0.273432	-0.12779	0.366353	-0.274369	0.0767639	0.0483043	0.359017	0.262252
-0.592746	0.153648	-0.268976	0.0712361	0.244646	-0.432788	0.0447951	0.203517	0.123806	0.452862
-0.207407	0.228814	-0.110093	0.0501832	0.221133	-0.194077	-0.245314	0.100607	-0.138057	0.294213
-0.067399	-0.216994	-0.186174	0.174906	0.222601	-0.146466	-0.201264	0.0940726	0.0544232	0.272297
-0.0866998	-0.274235	-0.153539	-0.0425328	0.120135	-0.0492828	0.0133066	-0.0697414	0.100664	0.441926
-0.214965	-0.18013	-0.149022	-0.433339	0.318053	-0.080727	-0.103519	0.231349	0.245489	0.366811
0.0127599	-0.119725	0.0128752	-0.460514	0.321253	-0.345072	0.207367	0.0757106	-0.0551524	0.350497
0.260401	-0.11023	-0.0693376	-0.501324	0.231015	-0.434499	0.427632	-0.050626	0.0859246	0.161046
0.413983	-0.0983813	-0.12279	-0.243811	-0.0325705	-0.683826	0.724621	-0.00577301	0.227534	-0.178986
0.369859	-0.081581	0.319496	-0.0776996	-0.153053	-0.593389	0.355293	0.0296813	0.147741	-0.316344
0.0570273	-0.0465123	0.424523	-0.00517653	0.0112738	-0.132997	-0.203011	0.0275214	0.0239463	-0.156595
-0.0120263	-0.0214549	0.284564	-0.00101313	-0.0109599	-0.00730876	-0.16922	0.000316873	-0.0163285	-0.0465699
-0.00183364	-0.000589613	0.081098	-0.00222761	-0.0201686	-0.0212912	-0.0253907	-0.00616263	-0.00190127	-0.00153271
-3.84684e-05	-1.1328e-06	-1.45967e-05	-0.00152085	-7.95334e-05	0.006324	-0.000100662	-5.52301e-05	-0.000290959	-0.00422257
-5.29234e-05	-9.20794e-06	-0.00870459	0.00906196	-0.0151547	-0.000809924	-1.27995e-05	0.0244218	-0.000633376	-0.00810621
-0.000667126	0.000644598	-0.00597706	0.00418282	-0.0322231	-0.00148407	-5.35586e-05	0.0957749	-0.000900399	-0.059297
-0.0518871	0.0107094	-0.0998343	0.0181779	-0.0258386	0.0121062	-0.0212063	0.173048	-0.0133477	-0.0019273
-0.022836	0.0167442	-0.273615	-0.0741666	0.250435	0.037399	-0.198668	0.0933079	-0.10471	0.276112
0.218699	-0.0526567	-0.539952	-0.254006	0.435214	-0.0323705	0.0384238	0.0973555	-0.0425506	0.131843
0.191146	-0.0982679	-0.319025	-0.35564	0.311133	-0.0486703	0.243256	-0.0547464	-0.128266	0.259079
0.375991	-0.138761	-0.049169	-0.354022	0.364656	-0.00999431	0.0660332	-0.0472533	-0.386749	0.179267
0.191685	-0.0478437	-0.101036	-0.213655	0.346608	0.0862297	0.170155	-0.15588	-0.320448	0.0441837
0.23707	-0.233252	-0.0826217	-0.13564	0.293383	0.132019	0.290212	-0.249356	-0.268321	0.0165048
0.0627589	-0.635429	0.044356	-0.153559	0.295551	0.287958	0.281944	-0.175655	-0.032698	0.0247726
0.161505	-0.611374	0.0865609	-0.223644	0.381325	0.0578672	0.415817	-0.544251	0.275365	0.000827278
0.155871	0.02784	-0.0345547	0.171701	0.245628	0.0705194	0.177941	-0.935341	0.191164	-0.0707682
-0.309907	0.312766	0.256239	0.0437266	-0.260532	0.0447279	-0.0541467	-0.602458	0.460727	0.108857
-0.714177	0.555789	0.0806305	0.134335	-0.01167	-0.0656725	-0.0982351	-0.167391	0.256725	0.0296648
-0.700706	0.389087	-0.153234	-0.00478285	0.198017	-0.117478	0.0838652	-0.0858537	0.189239	0.201849
-0.681894	0.205684	-0.0813729	-0.0307699	0.369571	-0.285788	0.172178	0.00618029	-0.049997	0.37621
-0.180971	-0.217534	-0.228962	0.021714	0.530808	-0.285258	-0.271708	0.253709	0.08586	0.292344
-0.096056	-0.5112	0.0586373	-0.0116483	0.272712	-0.135203	-0.17492	0.43559	-0.0602384	0.222328
-0.143048	-0.39851	-0.0759558	-0.132312	0.358714	-0.23238	-0.0401588	0.583481	0.00880646	0.0713619
0.0227214	-0.244592	0.0346997	-0.253691	0.211837	-0.048721	-0.0998349	0.348498	-0.205176	0.234258
0.191507	-0.161761	-0.0871159	-0.0794004	0.0971107	-0.143957	0.0983708	0.125922	-0.203958	0.163281
0.165955	-0.11416	-0.0682398	-0.267729	0.117377	-0.0259761	0.331784	0.266746	-0.322208	-0.0835502
0.373024	-0.0820637	0.0956968	-0.185642	-0.0528862	-0.165541	0.436912	0.250203	-0.26889	-0.400811
0.39591	-0.0427654	0.319232	-0.0397002	-0.160484	-0.242025	0.228919	0.0453647	-0.155658	-0.348791
0.036282	-0.0305541	0.457663	-0.0229486	-0.0607988	-0.169891	-0.0995422	-0.0304808	0.0211614	-0.10089
-0.00546994	-0.0050172	0.26392	-0.0102313	-0.0536972	-0.0255472	-0.137356	-0.00510486	-0.00894936	-0.0125467
-0.000196359	-2.37851e-05	0.00803454	-0.00160865	-0.00219157	-0.000944424	-0.00263075	-7.5185e-05	-0.00033319	-3.0619e-05
-1.47616e-05	-4.61171e-07	-4.82552e-06	-0.000500042	-3.53112e-05	0.00201701	-3.34997e-05	7.02976e-05	-9.9639e-05	-0.00139876
-5.52149e-05	-7.45446e-06	-0.0187719	0.0210372	-2.79027e-05	-0.000797566	-6.77988e-06	-5.72627e-05	-0.00128185	-3.12368e-05
-0.00139907	0.00416561	-0.0109308	0.0234286	0.00964511	-0.00404588	-0.000294591	0.0258964	-0.00176255	-0.0447028
-0.0669162	0.00287488	0.0231727	0.0319206	0.0438697	-0.0233152	-0.0624419	0.0731877	-0.0118794	-0.0104725
0.0929614	-0.00733216	0.0559112	0.0595213	0.19895	-0.0534946	-0.31138	0.00242691	-0.109268	0.0717045
0.31959	-0.0928985	0.140277	-0.0466279	0.206261	-0.234295	-0.0218354	-0.101839	-0.230411	0.0617802
0.0317448	-0.169501	0.232596	-0.085447	0.209001	-0.14566	0.208876	-0.0759042	-0.263097	0.0573924
0.315776	-0.150681	-0.00321272	-0.257483	0.330582	-0.187829	0.257689	-0.147895	-0.240887	0.08394
0.265331	-0.107591	-0.0853009	-0.303246	0.329934	0.032945	0.23118	-0.30169	-0.161041	0.0994789
0.285439	-0.294147	-0.0136005	-0.271656	0.371777	0.163392	0.161613	-0.316133	-0.00693918	-0.0797431
0.320308	-0.46226	0.0303217	-0.190683	0.293647	0.100572	0.270288	-0.261953	-0.0952287	-0.00501191
0.0961128	-0.21871	-0.0552522	-0.0763781	0.367347	0.076109	0.402903	-0.563835	-0.0734897	0.0451981
-0.125718	0.144744	-0.0213223	0.0295825	0.193518	0.166106	0.216829	-0.664329	0.138974	-0.078382
-0.608383	0.433174	0.221452	0.0592062	-0.168614	-0.0281931	0.136537	-0.317146	0.40305	-0.13108
-0.830096	0.650908	0.112853	0.184096	0.087528	-0.305096	0.217775	-0.293326	0.36856	-0.193201
-0.671502	0.120879	0.0119309	0.129158	0.265584	-0.246582	0.0819852	0.0581663	0.0673644	0.183019
-0.48344	0.178437	-0.0181749	-0.0602408	0.509548	-0.179315	-0.024065	-0.132533	-0.0731515	0.282937
-0.23324	-0.53266	-0.137392	-0.0556307	0.486665	-0.249534	-0.0566988	0.522925	-0.121108	0.376679
-0.0575692	-0.536359	-0.172286	-0.15055	0.165749	0.186089	-0.0904148	0.544314	-0.0307679	0.141795
-0.0210902	-0.441119	-0.0241107	0.0932043	0.192117	-0.0546136	0.00375684	0.352643	-0.167184	0.066397
0.219072	-0.307488	-0.226167	0.287313	-0.0957053	-0.163846	0.107777	0.438343	-0.354864	0.0955674
0.113648	-0.177626	-0.124354	0.198487	-0.0480601	-0.0389009	0.119225	0.364547	-0.326318	-0.0806476
0.196909	-0.137791	-0.245691	0.183714	0.0901262	-0.0724542	0.0331693	0.408201	-0.230377	-0.225805
0.338651	-0.0922448	-0.0132885	0.147696	-0.119564	0.0229468	0.189948	0.166893	-0.282919	-0.358117
0.302274	-0.0547527	0.514706	0.0637873	-0.345046	-0.0116236	0.130921	-0.0216354	-0.268938	-0.30969
-0.00645773	-0.0256451	0.55008	-0.0441347	-0.1493	-0.11284	-0.00903387	-0.0887991	-0.0127681	-0.101099
-0.00982663	-0.00881416	0.269052	-0.0150647	0.0154887	-0.0407124	-0.137007	-0.0144305	-0.0223669	-0.0363179
-0.00176057	-0.000998644	0.0393195	-0.0005948	-0.00363972	-0.0152618	-0.0107782	-0.000398839	-0.00329167	-0.0025952
-1.23756e-05	-5.15734e-07	-2.63283e-07	-1.18024e-05	-5.29673e-05	-0.000306768	-3.08427e-06	0.000505039	-2.49663e-05	-9.22955e-05
-4.75777e-05	1.28059e-05	-0.00941755	0.0125827	-1.72518e-05	-0.000495765	-2.58328e-05	-0.0010167	-0.000698631	-0.000876179
-0.00430774	0.00344343	-0.00443885	0.0634183	-0.00628733	-0.0156919	-0.00155341	-0.000626424	-0.00436653	-0.0295895
-0.0493632	-0.00339766	0.199988	0.131392	-0.0708763	-0.0115883	-0.100621	-0.0472314	-0.00722772	-0.0410742
0.14215	-0.0188253	0.299505	0.256221	-0.129549	-0.0722654	-0.339878	-0.0277896	-0.14691	0.0373433
0.389934	-0.131065	0.237236	0.10718	-0.0485636	-0.144937	0.0203979	-0.146976	-0.272254	-0.0109524
0.233825	-0.279518	0.34427	-0.0865395	0.0886738	-0.157797	0.258649	-0.0681396	-0.179567	-0.153856
0.172172	-0.28216	0.0753781	-0.226578	0.327455	-0.43057	0.362144	0.0617115	0.00991768	-0.069473
0.288413	-0.237863	-0.129831	-0.386996	0.346892	-0.277851	0.281539	-0.152391	0.0659699	0.202115
0.288182	-0.140034	0.140754	-0.158023	0.22003	-0.330153	0.280467	-0.196461	0.0584375	-0.163198
0.286833	-0.116886	0.165118	-0.182439	-0.0485272	-0.134823	0.384494	-0.485043	0.103388	0.0278838
0.117142	-0.133438	0.215425	-0.0567547	-0.0659982	-0.121732	0.654515	-0.705243	0.00990124	0.0861836
-0.287526	-0.17599	0.290966	0.0389551	0.0803941	-0.0201592	0.0360299	-0.286508	0.419429	-0.0955877
-0.76915	0.425587	0.370166	0.277069	0.0214532	-0.102097	0.0726798	-0.195705	0.155041	-0.255042
-0.680819	0.669182	0.107956	0.00687679	0.34437	-0.313257	0.222621	-0.380701	0.0670557	-0.0432838
-0.446551	-0.0358874	-0.0955054	-0.199117	0.551103	-0.120035	0.108698	0.109003	0.0938223	0.0344721
-0.288874	-0.0792833	0.161563	-0.322863	0.404418	-0.245261	-0.0513704	0.0801488	0.107529	0.233997
-0.0135246	-0.747353	0.2706	-0.0666906	0.290753	-0.158269	-0.189208	0.317149	0.0375057	0.259038
0.0314028	-0.550997	0.0220305	0.245551	0.180424	-0.133337	0.1144	0.164477	-0.21884	0.14489
0.0815218	-0.393631	-0.0447948	0.333822	0.0763756	0.0329906	0.192513	0.301669	-0.444718	-0.135749
0.241338	-0.253083	-0.121691	0.177705	0.199928	0.072928	0.0167819	0.239956	-0.465347	-0.108518
0.138316	-0.159921	0.248781	0.139332	0.133826	-0.0342138	0.0219284	0.270049	-0.454509	-0.303589
0.177655	-0.145697	0.174675	0.272505	-0.126001	0.145283	-0.0564066	0.0489093	-0.303531	-0.18739
0.199008	-0.122862	0.221779	0.355675	-0.230059	0.116986	0.0205386	-0.0641806	-0.0833885	-0.413495
0.0630633	-0.0526437	0.55009	0.212219	-0.245198	-0.0060904	0.0688504	-0.0850663	-0.201833	-0.303387
-0.072987	-0.0543651	0.789171	-0.0757465	-0.120677	-0.115858	-0.0560318	-0.0916563	-0.10407	-0.0977798
-0.0321097	-0.0248049	0.392017	-0.0161945	-0.0647183	-0.0629936	-0.114672	-0.0101499	-0.0433277	-0.0230461
-0.00190865	-0.000501527	0.0624122	-0.000997675	-0.00292598	-0.0281116	-0.0241489	-0.000856221	-0.00260171	-0.000359871
0.0	0.0	0.0	0.0	0.0	0.0	0.0	0.0	0.0	0.0
-5.87104e-05	0.000296269	-0.00359909	0.00468579	-1.25232e-05	-0.000424827	-2.46077e-05	-8.00531e-05	-0.000578819	-0.000203428
-0.00977208	-0.000233483	0.0297268	0.0654388	-0.00619319	-0.0254282	-0.00314876	-0.00249627	-0.00467365	-0.04322
-0.04983	-0.00738345	0.224236	0.272717	-0.184383	0.0138646	-0.0993082	-0.0472699	-0.0314377	-0.0912039
0.100945	-0.0360248	0.413012	0.328657	-0.118611	0.0298745	-0.38135	-0.00917269	-0.155407	-0.171919
0.30151	-0.238769	0.33951	0.108823	-0.125193	0.177705	-0.0754175	-0.0723558	-0.218812	-0.196999
0.27096	-0.410817	0.245234	-0.0224482	-0.0160696	0.342754	0.0995121	-0.197323	-0.108618	-0.203184
0.186183	-0.381499	0.178064	-0.030842	0.164369	-0.267809	0.23936	-0.24557	0.116976	0.0407653
0.12255	-0.251722	0.104346	-0.235343	0.238153	-0.307992	0.328195	-0.190016	0.105835	0.0859935
0.26156	-0.143708	0.188002	-0.513587	0.133547	-0.270746	0.335581	-0.225435	0.283012	-0.0482254
0.399199	0.0519762	0.372001	-0.551087	-0.0124657	-0.333487	0.570511	-0.521198	-0.0418366	0.0663865
0.0992725	-0.166267	0.330851	-0.433454	-0.103652	-0.270459	0.546639	-0.271841	0.26334	0.00557193
-0.182348	0.060171	0.3702	-0.288922	0.0191667	-0.444773	0.136813	-0.0443365	0.336747	0.0372817
-0.655155	0.450374	0.267854	-0.231873	0.223162	-0.455821	0.141202	0.0447128	0.241383	-0.0258381
-0.614164	0.49902	0.0399375	-0.341571	0.559434	-0.318235	0.141542	0.0400379	0.093073	-0.0990713
-0.318998	-0.0115441	0.129764	-0.400533	0.382588	-0.0493249	0.0311949	0.0667098	-0.0798246	0.249967
-0.0632037	-0.350347	0.0529688	-0.0127329	0.304223	0.00779078	-0.0860876	-0.0379982	0.165719	0.0196703
0.128527	-0.612861	-0.117581	0.205177	0.221771	0.121859	0.0640945	0.0242087	-0.0962136	0.061021
-0.0105148	-0.370048	0.0386398	0.040706	0.26509	0.220702	0.183519	0.0743799	-0.365841	-0.0766327
0.105597	-0.239471	0.00833985	0.322812	-0.1151	0.0764802	0.169803	-0.0489473	-0.102078	-0.177435
0.132743	-0.168358	-0.0263017	0.0600193	0.0318133	0.0758531	0.0375899	0.0985045	-0.0868848	-0.154979
-0.024538	-0.108896	0.0994468	0.138424	0.104896	0.0282058	0.081522	0.0433788	-0.136594	-0.225847
0.186871	-0.0523948	0.147789	0.301896	-0.186349	-0.0373248	0.0847654	0.0156193	-0.15324	-0.307634
0.0788958	-0.0676257	0.0684657	0.356959	-0.200763	0.133041	0.0492279	-0.0754196	0.0741796	-0.416958
-0.00142568	-0.0380828	0.531034	-0.0548814	-0.22737	0.0608662	0.0345557	0.0366843	-0.0372733	-0.304107
-0.036855	-0.0767412	0.828926	-0.142009	-0.167997	-0.136937	-0.0380344	0.0157904	-0.180668	-0.0654725
-0.0152215	-0.00840029	0.210165	-0.0158273	-0.0348671	-0.0285801	-0.0769495	0.0197573	-0.0384274	-0.0116493
0.0166135	-0.00070536	0.0201647	-0.00085494	-0.0177923	-0.00444158	-0.00935721	-0.0021059	-0.000539446	-0.000981381
-2.37691e-05	-1.00098e-05	-1.22888e-05	-0.000417906	-0.00358261	-0.000207286	-5.14264e-06	0.00390256	-9.53555e-05	0.000451814
-1.28539e-05	6.10535e-05	-0.000165583	0.000436848	-2.36368e-06	-0.000181751	-5.5412e-06	-1.93795e-06	-8.56314e-05	-4.22403e-05
-0.00846271	-0.000646619	-0.0107263	0.0707881	-0.00926139	-0.0178379	-0.00237593	0.00772545	-0.00433971	-0.0248629
-0.0935361	-0.00905189	0.141697	0.414494	-0.129671	0.00264189	-0.0790631	-0.0187491	-0.0923134	-0.136447
0.0177724	-0.072326	0.472149	0.302298	-0.070162	0.215518	-0.323444	-0.085716	-0.236975	-0.219112
0.115008	-0.292735	0.508477	0.2806	-0.0848061	0.23858	-0.258032	-0.13936	-0.085342	-0.28239
0.113554	-0.534444	0.206286	0.15807	-0.0910914	0.519233	0.0364605	-0.354195	0.0670276	-0.120901
0.0916248	-0.402544	0.397839	-0.1131	0.0400002	0.193198	0.203825	-0.314319	0.0104327	-0.106957
0.245367	-0.110199	0.103493	-0.11499	0.119913	-0.0145687	0.195817	-0.289106	0.0383787	-0.174104
0.276548	-0.0102463	0.0551076	-0.354595	0.0939756	-0.185782	0.309703	-0.324233	0.232266	-0.0927442
0.35932	-0.153661	0.260106	-0.432734	-0.232943	-0.143976	0.292185	-0.362961	0.233441	0.181222
0.0845472	-0.139698	0.151898	-0.428163	-0.0800104	-0.0969025	0.278213	-0.131281	0.267706	0.0936925
-0.306485	0.0117068	0.306862	-0.513886	0.150558	-0.103239	0.613525	-0.127242	0.232749	-0.264546
-0.591381	0.137495	0.312558	-0.319369	0.289435	-0.0940486	0.359707	0.0733007	0.0489757	-0.21667
-0.46138	0.195011	0.144122	-0.229764	0.34462	-0.0296634	0.0416101	-0.0241623	-0.110909	0.130519
-0.157484	-0.237855	-0.0420424	0.140072	0.1872	-0.0345924	0.0840719	-0.0701787	-0.0120172	0.142828
-0.00418246	-0.374278	0.129311	0.345963	0.224557	-0.0119145	0.221915	-0.180571	-0.184939	-0.16586
0.0159162	-0.180396	0.218853	0.182818	-0.159486	0.127349	0.253046	-0.103897	-0.223363	-0.130842
0.00178043	-0.0372552	0.100638	0.157687	-0.0417942	-0.047594	0.22973	-0.137974	-0.0715746	-0.153642
-0.0227899	-0.046783	0.111348	0.18681	-0.135358	0.0753046	-0.000109747	-0.0830529	-0.0129505	-0.0724181
-0.126181	0.0196332	0.0233218	0.12246	-0.0394709	0.0694352	-0.00550005	-0.0448401	0.0174447	-0.0363024
-0.00734769	-0.017894	0.157213	0.345011	-0.0204732	-0.00255686	0.085008	-0.144548	-0.179401	-0.215011
0.226918	-0.077768	0.168674	0.379498	-0.336182	0.0715314	0.0561374	-0.178081	0.00955677	-0.320284
0.0837162	-0.0795915	0.455241	0.14034	-0.237048	0.17941	0.0409081	-0.297967	0.0983608	-0.383369
-0.028915	-0.0113413	0.745297	-0.202333	-0.203494	0.168161	-0.00395463	-0.162631	-0.0550041	-0.245783
-0.0303289	0.0152218	0.570622	-0.096857	-0.160529	-0.0844238	0.00990451	-0.0157729	-0.1518	-0.056036
-0.00787348	0.00987263	0.0717033	-0.0128068	-0.013177	-0.0211169	-0.0231791	0.0195925	-0.0200317	-0.00298344
-0.00485846	-8.81656e-06	0.0264873	-0.000215798	-3.11996e-05	-0.0100138	-0.0107451	-1.55553e-05	-0.000281291	-0.00031728
-2.29894e-09	4.02886e-05	-2.58761e-05	-3.19226e-06	-8.85145e-09	-1.06522e-07	-2.3363e-07	-4.96805e-07	-1.01182e-05	-2.5394e-07
0.00528014	0.000197389	-0.00183186	-0.000203566	-0.00646907	-0.000471795	-0.000610504	0.0152104	-0.000743585	-0.0103575
-0.0037963	-0.000825951	-0.00912571	0.0598225	-0.00831602	-0.0159131	-0.00266755	0.00836228	-0.00777062	-0.0197695
-0.0743354	-0.0113393	0.00754648	0.446363	-0.00786568	0.00589921	-0.0750156	-0.0554386	-0.133174	-0.102639
-0.0415565	-0.113148	0.307151	0.359152	-0.0788894	0.268202	-0.220394	-0.0834231	-0.217661	-0.179432
0.0780553	-0.386345	0.199301	0.414631	-0.00465067	0.255519	-0.242131	-0.195445	0.071323	-0.190257
0.162185	-0.294337	0.130229	0.157198	-0.0966692	0.336238	-0.0260352	-0.331421	0.110631	-0.148021
0.145694	-0.0549831	0.379113	-0.0192009	-0.129065	0.145253	0.127887	-0.433323	-0.0441832	-0.117193
0.189232	-0.0418029	0.24897	-0.018168	-0.230779	0.303402	0.0348002	-0.303156	0.0533315	-0.23583
0.139428	0.0597675	0.276651	-0.00951308	-0.365411	0.0927685	0.268106	-0.329937	0.216386	-0.348246
0.286663	-0.119284	0.347291	-0.085551	-0.427007	0.0780905	0.401329	-0.444641	0.221595	-0.258484
0.326665	-0.0912114	0.230393	-0.21459	-0.212326	0.0703774	0.634734	-0.238133	-0.162823	-0.343087
0.191847	-0.0839703	0.214008	-0.261852	-0.432849	0.0857347	0.586224	-0.104358	0.0310133	-0.225798
-0.120164	0.17778	0.386393	-0.165819	-0.198687	0.106752	0.224607	-0.0629854	-0.129167	-0.218708
-0.208382	-0.095351	0.125317	-0.0293304	0.153933	-0.00242522	0.290117	0.141951	-0.149128	-0.226698
-0.12041	-0.0149832	0.18346	0.0624135	0.0125692	0.0424782	0.246262	-0.13292	-0.0322067	-0.246663
-0.118416	0.151323	0.232832	0.176951	-0.0553238	-0.042221	0.234224	-0.353598	-0.0334036	-0.192367
0.0295206	-0.00228997	0.23836	0.312196	-0.186916	-0.0673812	0.160768	-0.309795	0.0661883	-0.24065
0.0119401	0.0982743	0.08928	0.25014	-0.147544	0.0748597	0.0692531	-0.410044	0.125179	-0.161339
-0.102037	0.142849	-0.0258117	0.202265	-0.230618	0.0182738	0.132922	-0.172044	0.037672	-0.00347155
-0.00682779	0.0714691	0.127713	0.0806247	-0.194234	0.140891	0.0673462	-0.297394	0.0317269	-0.0213158
0.0873438	0.0178545	0.230215	0.291406	-0.109283	0.0874714	0.156246	-0.444418	-0.0487454	-0.268091
0.217383	-0.0569743	0.353487	0.121267	-0.418816	0.116121	0.126705	-0.401612	0.218155	-0.275714
0.0229674	-0.0391133	0.365234	0.0984525	-0.2938	0.232018	0.00284872	-0.34177	0.16332	-0.210154
0.00640804	0.036899	0.39599	-0.124655	-0.18379	0.182898	-0.0366797	-0.0888884	-0.0732956	-0.114885
-0.040293	0.0563604	0.426782	-0.0561766	-0.0810352	-0.0257233	-0.0886914	-0.0267764	-0.134253	-0.0301923
-0.00857591	0.00994804	0.127459	-0.00878357	-0.00248791	-0.0364572	-0.0439147	-0.00268402	-0.0231937	-0.0113102
-0.00147564	3.9229e-05	0.0107582	-7.53976e-05	-1.63648e-07	-0.00292833	-0.0062269	-4.83699e-07	-9.02907e-05	-2.13629e-07
0.0	0.0	0.0	0.0	0.0	0.0	0.0	0.0	0.0	0.0
0.0132985	-4.99629e-05	-0.00422113	-0.000572585	-0.000110457	-0.00062048	-0.0015339	-0.000110946	-0.00163079	-0.00444829
-0.00446059	-0.00650844	0.0241711	0.0370491	-0.002697	-0.00635989	-0.00271787	-0.00914448	-0.0116061	-0.0177257
-0.0657604	-0.0242653	0.0947544	0.375359	-0.0358983	0.028575	-0.0521398	-0.0898248	-0.13736	-0.0934386
0.00586359	-0.0741515	0.32882	0.423938	-0.102821	0.117403	-0.187112	-0.203305	-0.205418	-0.103216
0.17731	-0.26315	0.287506	0.248107	-0.181304	0.336675	-0.27224	-0.264697	-0.0478229	-0.0203862
0.174348	-0.0373171	0.246631	0.335333	-0.249378	0.223999	-0.171897	-0.399609	0.0702429	-0.192352
0.136234	0.0327843	0.474404	0.192814	-0.401506	-0.0570104	0.150799	-0.436209	0.290521	-0.382832
0.159251	0.189725	0.282986	0.173857	-0.496814	0.254398	0.00301939	-0.302467	0.0453819	-0.309337
0.200402	0.138238	0.278583	0.273052	-0.402985	0.214474	0.241376	-0.375841	-0.0833089	-0.48399
0.307788	0.180705	0.261752	-0.0428792	-0.391451	0.0262516	0.458498	-0.333304	0.104052	-0.571412
0.43243	0.182064	0.367197	-0.191675	-0.189821	0.137935	0.364662	-0.287778	-0.213347	-0.601663
0.423513	0.0750042	0.236926	-0.417357	-0.2456	0.0489096	0.498937	-0.102228	0.0587884	-0.576892
0.17193	-0.0656519	0.0786016	-0.142699	-0.364634	0.0863816	0.312612	0.0270973	0.0962979	-0.199932
0.00315922	-0.00285056	-0.0245174	0.043743	-0.103627	-0.0706991	0.583708	0.0695598	-0.197287	-0.301188
-0.00241196	-0.0206474	0.0646177	-0.051199	-0.0420869	0.0130271	0.334996	-0.172372	0.117981	-0.241904
-0.0823757	0.237986	0.0700815	0.0887221	0.0454496	0.12934	0.161074	-0.339919	-0.180973	-0.129384
0.000963959	0.294856	-0.0773268	0.208813	0.013871	0.183987	0.0535206	-0.441647	-0.0558657	-0.18117
-0.0987082	0.36199	0.140365	0.280019	-0.109658	0.148675	0.21962	-0.646608	-0.0466209	-0.249073
-0.0860221	0.321921	0.250101	0.158458	-0.245357	0.0900659	0.0820218	-0.443124	-0.0280606	-0.100005
-0.0482342	0.175023	0.193026	0.258961	-0.17933	-0.00209823	0.202926	-0.579171	0.15015	-0.171253
0.0816428	0.0365362	0.284636	0.102989	-0.0917365	0.145557	0.0695489	-0.55466	0.223883	-0.298398
0.112395	-0.0493109	0.286914	-0.00412138	-0.266722	0.420059	-0.0796703	-0.459057	0.251764	-0.21225
-0.0415335	-0.0466659	0.32497	0.0250366	-0.230352	0.19651	-0.00960481	-0.245856	0.111549	-0.0840518
-0.0287579	-0.017209	0.416683	-0.0977376	-0.128124	0.0928245	-0.0656137	-0.049556	-0.142957	0.0204482
-0.0318172	0.00873898	0.200414	-0.0324957	-0.0799069	0.0598231	-0.0404808	-0.0300224	-0.0886848	0.0344321
-0.00147066	0.0111915	0.0385408	-0.00294143	-0.000621834	-0.00578109	-0.00905212	-0.00170611	-0.0200998	-0.00805933
-2.10545e-05	0.000151975	-0.000121258	-4.56145e-05	-2.76132e-05	0.000395276	-4.71321e-06	-3.19967e-05	-0.000262386	-3.26147e-05
-2.25771e-08	8.78742e-05	-3.50295e-05	-1.63989e-05	-4.59255e-07	-5.79273e-07	-7.26755e-07	-4.814e-06	-2.83739e-05	-1.46972e-06
-5.26325e-05	1.11518e-05	2.32661e-05	0.000744842	-2.86544e-06	-0.000244977	-3.30329e-05	-0.000148909	-9.0012e-05	-0.000206831
-0.0165542	-0.0113453	0.0519535	0.0516701	-0.000533973	-0.0140846	-0.00163359	-0.0350342	-0.0106893	-0.0137483
-0.0486297	-0.0121334	0.141141	0.238572	-0.0502817	0.0426117	-0.0328704	-0.110455	-0.0923844	-0.0755696
-0.0664229	0.0618601	0.203313	0.268408	-0.0972447	0.198811	-0.153884	-0.205432	-0.108992	-0.100414
0.102228	0.296362	0.195652	0.0691351	-0.12473	0.0932477	-0.251337	-0.256963	-0.0716854	-0.051909
0.123663	0.25076	0.186015	0.203135	-0.329447	0.168324	-0.3254	-0.341811	0.195888	-0.131126
0.123368	0.134851	0.148535	0.185856	-0.383328	0.260207	-0.0701452	-0.383435	0.247561	-0.26347
-0.00239929	0.20799	0.00466613	0.150863	-0.16086	0.161295	0.150303	-0.263677	-0.0238782	-0.224303
0.0888364	0.0907587	0.238182	-0.213336	-0.186482	0.137816	0.212088	-0.357136	0.178217	-0.188944
0.249461	0.230492	0.108948	-0.13383	-0.218445	0.061516	0.28058	-0.222251	-0.105699	-0.25077
0.368195	-0.0993021	0.0858391	-0.154644	-0.0776283	0.193524	0.349189	-0.216225	-0.0312278	-0.41772
0.335604	-0.16389	-0.0274098	-0.0999593	-0.149879	0.135197	0.550471	-0.107361	-0.112811	-0.359961
0.13153	-0.183776	0.128145	-0.0880206	-0.209618	0.0892862	0.538642	-0.152884	0.0604943	-0.313797
0.0147359	0.104438	0.119136	-0.114955	-0.119397	0.116416	0.539574	-0.26268	-0.0663358	-0.330932
0.0207485	0.0648127	-0.0413595	0.0167837	0.0870847	0.0774569	0.286235	-0.126574	-0.0553624	-0.329825
0.0140371	-0.0111738	0.126869	0.112699	-0.0919814	0.0179985	0.222698	-0.0694916	-0.151898	-0.169757
-0.14785	0.113797	0.25117	0.0300506	0.0281595	0.0745101	0.331036	-0.333072	-0.0188603	-0.328939
-0.161208	0.361327	0.295169	0.170586	-0.131095	-0.00681681	0.267308	-0.402122	-0.056484	-0.336665
-0.204822	0.252738	0.374937	0.240974	-0.0438695	-0.0198443	0.145073	-0.445986	-0.0182787	-0.28092
-0.0821885	0.27055	0.0580624	0.0292698	-0.0469474	0.233151	0.0777413	-0.490079	0.152507	-0.202068
0.00501147	0.139053	0.164035	-0.0883307	-0.00547763	0.36265	-0.0219264	-0.504812	0.0751995	-0.125402
0.022484	-0.141551	0.341117	-0.0576335	-0.10632	0.371985	0.0248715	-0.414172	0.124986	-0.165765
-0.000685749	-0.10128	0.469814	-0.158053	-0.065291	0.20473	-0.0328451	-0.235461	-0.0538741	-0.0270535
-0.0360215	0.00978999	0.307087	-0.127314	-0.0822934	0.109636	-0.031983	-0.0465701	-0.173295	0.070966
-0.0170912	-0.000161882	0.121656	-0.0253285	-0.0699416	0.0917851	-0.0310948	-0.0173204	-0.0612675	0.00876566
0.0162403	-0.00113178	0.0129036	-0.00413492	-0.00106166	0.00253477	-0.00242211	-0.00214584	-0.00611861	-0.0146638
5.77228e-06	-4.50672e-11	-1.12557e-06	-3.02414e-07	-3.77111e-09	-1.60416e-06	-2.37478e-07	-7.7807e-09	-2.47354e-06	-1.74024e-08
-2.18716e-08	8.51281e-05	-3.39348e-05	-1.58864e-05	-4.44903e-07	-5.6117e-07	-7.04044e-07	-4.66356e-06	-2.74872e-05	-1.42379e-06
-8.65611e-07	2.58928e-05	-1.20413e-05	1.99281e-05	-1.82902e-07	-7.53704e-06	-2.30402e-07	-8.22912e-06	-1.02335e-05	-6.50085e-06
-0.00329333	-0.0109211	0.0345619	0.0633961	-0.000397162	-0.0103229	-0.000228117	-0.0499315	-0.00805513	-0.0148087
-0.0487343	-0.0116992	0.0991826	0.188819	-0.0471889	0.0152446	-0.0128987	-0.106673	-0.0376449	-0.038407
-0.192019	0.116703	0.159568	0.187255	-0.0764693	0.192475	-0.0713958	-0.142309	-0.085272	-0.0885342
-0.0464843	0.577245	0.168272	0.0875028	-0.132799	-0.0479267	-0.157798	-0.071599	-0.159352	-0.217058
0.0515386	0.407891	0.28517	0.167664	-0.190892	-0.191907	-0.305781	-0.0894243	0.03578	-0.170042
0.0828381	0.119635	0.272531	0.0964447	-0.227199	-0.024652	-0.262323	0.0256218	0.173389	-0.256289
0.179616	0.0876523	0.315225	-0.0913719	-0.1948	0.110942	-0.169115	-0.095938	-0.0527022	-0.0895092
0.16557	0.105791	0.247311	-0.006569	-0.223646	0.0950364	0.0160697	-0.217094	-0.0638965	-0.118572
0.153489	-0.0906964	0.0802889	0.0270598	-0.129084	-0.0630145	0.121496	-0.104521	0.024317	-0.0193331
0.197111	-0.348308	0.15678	0.107149	-0.120445	0.0620751	0.0435682	-0.269989	0.190126	-0.0180663
0.173697	-0.493316	0.0980117	-0.0558891	-0.16645	0.164944	0.232862	-0.106194	0.144877	0.00745909
0.411565	-0.360935	0.0299201	-0.112767	-0.0979472	0.245154	0.217142	-0.335739	0.164647	-0.161041
0.149056	-0.116922	-0.037871	-0.109494	-0.156627	0.154869	0.047733	-0.138744	0.23169	-0.0236891
0.127329	0.00272409	-0.111636	0.0500624	-0.105676	0.0772465	0.200308	-0.0383615	0.0624282	-0.264424
0.037887	0.0178899	-0.0236641	0.0668797	-0.094578	0.126853	0.150799	-0.0648143	-0.0347088	-0.182544
0.0354935	0.236952	-0.0259513	0.108612	0.0193184	0.0209565	0.0615835	-0.240995	0.0574766	-0.273447
-0.108843	0.37091	0.139983	0.0639753	-0.0115297	0.122696	-0.0182995	-0.290251	0.0182056	-0.286848
-0.134992	0.214569	0.295199	0.191953	0.2109	0.140419	-0.0411081	-0.315873	-0.122167	-0.438902
-0.171546	0.170703	0.307699	0.138936	0.0562451	0.134147	0.0374714	-0.45356	-0.0598232	-0.160272
-0.0844692	-0.0232241	0.283558	-0.0703792	0.220607	0.0791119	0.0334506	-0.465067	0.102969	-0.0765556
0.0150903	-0.140372	0.364448	0.00261161	0.00197946	0.166218	-0.087444	-0.316484	-0.0300902	0.0240459
0.0290867	-0.07137	0.258097	-0.0875284	-0.0831179	0.174588	-0.0949241	-0.221509	-0.0220189	0.1187
-0.0244254	-0.0121099	0.182731	-0.0843599	-0.0663837	0.113548	-0.0444147	-0.0430406	-0.0816067	0.0600625
-0.0127111	-0.00212783	0.0569013	-0.0215735	-0.0425676	0.067394	-0.012833	-0.0177244	-0.0265983	0.0118408
0.0017133	0.00372688	-0.0167468	-0.000159216	0.00209069	0.0169352	-0.000135796	-0.000555824	-0.00320442	-0.00366398
1.06565e-05	-8.3201e-11	-2.07798e-06	-5.58302e-07	-6.96206e-09	-2.96152e-06	-4.38421e-07	-1.43644e-08	-4.56653e-06	-3.21275e-08
0.0	0.0	0.0	0.0	0.0	0.0	0.0	0.0	0.0	0.0
0.0	0.0	0.0	0.0	0.0	0.0	0.0	0.0	0.0	0.0
-0.000315846	-0.000153083	0.000775126	0.0548676	-0.000144564	-0.000971664	-3.08192e-05	-0.0385627	-0.00209118	-0.0133728
-0.021831	-0.0387547	-0.0235181	0.199944	-0.00984659	0.0213446	-0.00194174	-0.0833749	-0.0299943	-0.0120273
-0.138079	0.0113571	-0.0133433	0.278136	-0.0384502	0.128389	-0.0132677	0.00853141	-0.113295	-0.109977
-0.156289	0.338422	-0.0495655	0.288554	-0.0781981	0.121538	-0.0429611	0.110758	-0.351276	-0.18098
-0.0606191	0.328189	-0.019296	0.304464	-0.0628256	-0.0685106	-0.109127	0.246414	-0.356601	-0.202088
0.104615	0.0913527	0.0608785	0.243495	-0.0555613	-0.183412	-0.221602	0.299722	-0.152624	-0.186864
0.163578	-0.0185266	0.13418	-0.0179685	-0.0491634	0.0945426	-0.274101	-0.214781	0.18415	-0.00190999
0.255401	0.00987494	0.166363	0.13082	-0.0345349	0.113074	-0.313074	-0.131197	0.0349425	-0.231669
0.315637	-0.083762	0.019245	0.0821018	-0.0278961	0.263008	-0.377408	-0.115483	-0.0607491	-0.0146948
0.309884	-0.0933086	0.194426	0.16563	-0.0251957	0.0910732	-0.300742	-0.284777	0.0376783	-0.0946676
0.229856	0.0741909	0.121912	-0.162277	-0.135832	0.122738	-0.111041	-0.263108	0.180472	-0.0569111
0.264715	-0.120405	-0.0856092	0.0772551	-0.0833676	-0.0445131	-0.0588058	-0.23941	0.397845	-0.107705
0.263433	-0.22133	-0.0714044	-0.127006	-0.014156	0.0812042	0.00198124	-0.104573	0.231374	-0.0395243
0.18614	0.044694	-0.081545	-0.0398686	-0.0437449	-0.021445	-0.0225818	-6.7221e-05	0.185267	-0.206848
0.00105318	0.0461644	-0.0362141	-0.208262	0.140331	0.142468	-0.0949446	-0.146159	0.3161	-0.160536
0.0127427	0.230854	-0.052243	0.0978057	0.0398339	-0.0360777	-0.0753725	-0.1374	0.0900047	-0.170148
-0.278554	0.0480197	0.236746	0.268592	0.21092	-0.229898	-0.00780447	-0.228572	0.140093	-0.159543
-0.335089	0.0394189	0.428547	0.0250661	0.197402	-0.0696666	0.00983149	-0.362075	0.137182	-0.070615
-0.30875	-0.0549339	0.358043	0.0187483	0.198521	0.0416688	-0.00801016	-0.43163	0.168161	0.018183
-0.150428	-0.123931	0.392355	-0.0666033	0.203318	-0.0186525	-0.049681	-0.406834	0.0379057	0.182553
-0.0519246	-0.104099	0.326602	-0.114903	-0.0467556	0.0403711	-0.0443501	-0.262443	-0.0131569	0.270661
-0.0251498	-0.0790322	0.19519	-0.0725664	-0.0898893	0.103621	-0.0379391	-0.223396	0.0363923	0.192771
-0.0369562	-0.0196381	0.15471	-0.0319854	-0.0595626	0.073758	-0.0248487	-0.0669559	-0.0568364	0.0683153
-0.0088071	0.000623305	0.0535898	-0.0187743	-0.00166649	0.0311881	-0.00673153	-0.0206985	-0.020874	-0.0078492
-1.31555e-05	0.0151816	-0.0117365	0.00498332	0.00212386	0.00989954	-0.000131361	-0.000354449	-0.0135696	-0.00638326
0.0	0.0	0.0	0.0	0.0	0.0	0.0	0.0	0.0	0.0
0.0	0.0	0.0	0.0	0.0	0.0	0.0	0.0	0.0	0.0
0.0	0.0	0.0	0.0	0.0	0.0	0.0	0.0	0.0	0.0
-0.00118046	-9.70696e-06	-0.00199169	0.0254464	-1.08504e-05	-0.000402646	-3.836e-06	-0.0183925	-0.000124595	-0.00333012
-0.00203577	-0.0257639	-0.0594975	0.122356	-0.000308768	0.0209406	-0.000154997	-0.00301612	-0.0415127	-0.0110063
-0.0179885	-0.0457809	-0.105102	0.222144	-0.0165335	-0.00763552	-0.00211339	0.115451	-0.1561	0.0136603
-0.071144	0.0416354	-0.211486	0.24245	-0.0204618	-0.00906962	-0.0132717	0.331164	-0.309471	0.0196562
-0.0926601	0.0376918	-0.318257	0.427314	-0.0308097	-0.0319785	-0.0275591	0.385033	-0.368726	0.0199539
-0.148224	-0.0605981	-0.297759	0.455879	-0.0424563	0.0471509	-0.067709	0.263857	-0.274702	0.124564
-0.113684	-0.165309	-0.191009	0.233944	-0.0530691	0.123594	-0.134299	0.148166	0.0743839	0.0772809
-0.0660909	-0.183748	-0.10743	0.22008	0.0217805	0.344333	-0.197633	0.054478	0.035739	-0.121508
-0.0159079	-0.247439	-0.202904	0.355106	0.00871922	0.185712	-0.262718	0.0942574	0.0686375	0.0165375
-0.00159844	-0.290785	-0.127708	0.340007	0.0962549	0.142876	-0.362305	0.0147208	0.312791	-0.124252
0.196684	-0.28462	0.0522725	0.196113	-0.168428	0.205988	-0.323771	0.0282796	0.263606	-0.166123
0.178964	-0.356919	0.0212714	0.28779	-0.191575	0.32569	-0.342622	0.164808	0.153425	-0.240832
0.0904855	-0.340324	0.212242	0.291123	-0.0893335	0.281437	-0.297703	0.0212345	0.150043	-0.319205
-0.053765	-0.274856	0.0601231	0.174182	-0.0779806	0.214219	-0.249417	-0.0127928	0.279047	-0.0587586
-0.114057	-0.398182	0.02533	0.248493	0.0349067	0.069764	-0.149303	-0.0612959	0.434387	-0.0900404
-0.163529	-0.118223	0.119594	0.17589	-0.115776	0.148972	-0.0985977	-0.0335438	0.0178032	0.0674101
-0.264248	-0.00845581	0.169774	-0.144902	-0.00934434	0.152485	-0.0891583	-0.149838	0.266125	0.0775638
-0.279724	0.0173782	-0.00319367	-0.142655	0.0955829	0.034651	-0.0912864	-0.167754	0.404174	0.132827
-0.253777	-0.0164335	0.0160759	-0.0564954	0.067702	0.0162698	-0.0526419	-0.207014	0.11084	0.375476
-0.171131	-0.0266799	0.142141	-0.0225554	0.0652667	-0.0244497	-0.0535895	-0.204681	-0.0450987	0.340778
-0.0714878	-0.0545722	0.0605693	-0.037487	0.0164193	0.101218	-0.0314745	-0.180664	-0.0538698	0.25135
-0.0257399	-0.0231299	0.080254	-0.0248779	-0.0179938	0.0770875	-0.0130042	-0.201045	-0.0340709	0.18252
-0.00496528	-0.00923266	0.175316	-0.0257429	-0.0359943	0.0495691	-0.00303015	-0.0747837	-0.0483565	-0.0227795
-0.000526644	0.00410478	0.0936623	-0.00487151	0.00706891	-0.0151615	-0.000330548	-0.0293772	-0.0222453	-0.0323234
-3.92129e-07	0.000961559	0.0144585	-1.23433e-05	-0.000119551	-0.000283951	-3.18349e-05	-1.68773e-06	-0.00324787	-0.0117225
0.0	0.0	0.0	0.0	0.0	0.0	0.0	0.0	0.0	0.0
0.0	0.0	0.0	0.0	0.0	0.0	0.0	0.0	0.0	0.0
0.0	0.0	0.0	0.0	0.0	0.0	0.0	0.0	0.0	0.0
-1.41797e-05	-2.31331e-07	-3.44585e-05	0.00249925	-3.79447e-05	-6.25265e-06	-2.89476e-07	-0.0034321	-0.00019266	0.00121887
-0.000122518	-0.00186509	-0.0143924	-0.0132058	-7.17828e-05	0.0228522	-5.00164e-05	0.0162191	-0.00373338	-0.00563034
-0.00260824	-0.0361982	-0.0433661	0.0109978	0.000313143	0.0262266	-0.000843847	0.0988334	-0.0799244	0.0265699
-0.0149324	-0.071243	-0.0692373	0.0892501	-0.0370219	-0.0209308	-0.00176218	0.0811055	-0.156966	0.201739
-0.0670113	-0.0909665	-0.0765058	0.222685	-0.102871	-0.0258515	-0.00528432	0.056373	-0.139535	0.228969
-0.111477	-0.128344	-0.145943	0.386484	-0.181342	-0.0138583	-0.0100264	0.0910706	-0.151892	0.265332
-0.179911	-0.126511	-0.277305	0.585691	-0.322302	0.000796352	-0.0344278	0.29322	-0.221596	0.282347
-0.268907	-0.20357	-0.33132	0.608717	-0.252846	0.135587	-0.0493958	0.348326	-0.192943	0.206351
-0.362727	-0.402571	-0.285113	0.594364	-0.148734	0.163907	-0.0472688	0.218974	0.0215107	0.247661
-0.371985	-0.344307	-0.277784	0.518664	-0.280589	0.263902	-0.0474699	0.374365	0.0380094	0.127193
-0.457088	-0.247871	-0.196635	0.596578	-0.44035	0.267241	-0.0478674	0.345633	-0.0756473	0.256008
-0.419747	-0.294016	-0.123333	0.492099	-0.268294	0.265624	-0.0886906	0.289556	-0.0447967	0.1916
-0.39006	-0.308142	-0.0291425	0.312816	-0.252574	0.0908905	-0.0839826	0.226368	0.134701	0.299128
-0.349878	-0.335161	0.0171805	0.141649	-0.273586	0.269431	-0.0835971	0.245804	0.24834	0.119818
-0.244676	-0.310385	-0.0207072	0.181348	-0.360314	0.231282	-0.0710858	0.159407	0.225825	0.209307
-0.261935	-0.178695	-0.0637009	0.122819	-0.397046	0.213598	-0.0503244	0.14562	0.237115	0.232551
-0.220741	-0.0815377	-0.173586	0.0624541	-0.336716	0.121061	-0.0420008	0.221378	0.156767	0.292925
-0.139118	-0.0619068	-0.214418	0.101144	-0.347159	0.117621	-0.0273055	0.042968	0.0781155	0.450059
-0.144728	-0.0246288	-0.136466	-0.00267956	-0.179442	0.0733776	-0.0148458	-0.0882821	0.014938	0.502758
-0.105679	-0.00622533	-0.108667	-0.0663311	-0.122161	0.121112	-0.00881441	-0.0709522	-0.0322723	0.399991
-0.0414968	-0.0042193	-0.0871444	-0.0267036	-0.0607698	0.15831	-0.00563334	-0.0228295	-0.0336857	0.124173
-0.00950205	-0.000932366	-0.045438	-0.00519287	-0.0450775	0.113245	-0.00247728	-0.0551584	-0.00853699	0.059071
-0.00228266	-1.12431e-05	-0.0052712	-0.000208445	-0.0284323	0.0624232	-0.000592067	-0.00472988	-0.00406409	-0.0168313
-4.36585e-07	-6.68583e-06	0.0128366	-0.000172508	-0.000678907	-1.01353e-05	-2.24027e-05	-0.00075352	-0.00274145	-0.00845052
-3.47945e-07	-7.98466e-06	0.0153514	-3.83377e-06	-0.000126723	-7.67442e-06	-2.53309e-05	-1.43154e-06	-0.00273953	-0.0124385
0.0	0.0	0.0	0.0	0.0	0.0	0.0	0.0	0.0	0.0
0.0	0.0	0.0	0.0	0.0	0.0	0.0	0.0	0.0	0.0
0.0	0.0	0.0	0.0	0.0	0.0	0.0	0.0	0.0	0.0
0.0	0.0	0.0	0.0	0.0	0.0	0.0	0.0	0.0	0.0
0.0	0.0	0.0	0.0	0.0	0.0	0.0	0.0	0.0	0.0
-0.000191867	-0.000785101	-0.00073654	0.00049848	0.00310784	-0.00228399	-4.05957e-05	-0.0383278	-0.00914164	0.0479012
-0.00315135	-0.00303872	-0.0027704	0.0141072	0.00140311	-0.00678497	-0.000266926	-0.0903355	-0.0284531	0.119291
-0.0143336	-0.00581779	-0.0081955	0.0246723	-0.0409363	-0.0223909	-0.00110765	-0.082231	-0.0482895	0.19863
-0.0329228	-0.00890805	-0.018805	0.0346511	-0.105262	-0.0737203	-0.00196087	0.00879374	-0.0219021	0.220037
-0.0482424	-0.0146773	-0.0241142	0.0151341	-0.182586	-0.0962355	-0.00433864	0.0956329	-0.0211792	0.280608
-0.08837	-0.0249412	-0.0247655	7.18267e-05	-0.286476	-0.0621182	-0.00627834	0.159333	-0.0702863	0.403832
-0.0811111	-0.0648499	-0.0231141	0.0137964	-0.306204	-0.0145295	-0.00701184	0.151005	-0.117451	0.449472
-0.0626688	-0.0568069	-0.0478893	0.0165215	-0.361535	0.0737025	-0.00853087	0.137868	-0.0850743	0.394414
-0.0426175	-0.0731196	-0.0295095	-0.00964462	-0.402094	0.0578783	-0.0101795	0.073916	-0.0922365	0.527608
-0.0750951	-0.118601	-0.0484025	-0.00331263	-0.434914	-0.00837642	-0.0133414	0.287349	-0.105981	0.520675
-0.102065	-0.0999551	-0.0408879	-0.0254694	-0.537953	-0.0352613	-0.0113591	0.345636	-0.136593	0.643909
-0.0811785	-0.064646	-0.0532029	-0.0128445	-0.470351	0.0531877	-0.00962238	0.410562	-0.159627	0.387724
-0.058419	-0.0481112	-0.0630622	0.05461	-0.411393	0.00425562	-0.00876912	0.268896	-0.108987	0.370982
-0.0756182	-0.0259769	-0.0741714	0.0430438	-0.368833	-0.0330527	-0.00836082	0.270203	-0.0575455	0.330314
-0.0504549	-0.0315563	-0.0485584	0.0178241	-0.369374	-0.0637331	-0.00747668	0.248461	-0.0409625	0.345831
-0.0107474	-0.0171633	-0.0188479	-0.0033684	-0.285831	-0.0111169	-0.0045806	0.133248	-0.0511064	0.269515
-0.0323926	-0.00609153	-0.0198023	-0.0162565	-0.139962	0.0250558	-0.00301926	-0.00465076	-0.0261889	0.223308
-0.0393332	-0.00295469	-0.0222661	-0.00913229	-0.0678536	0.0242557	-0.00198589	-0.00245525	-0.0107531	0.132479
-0.019816	-0.000495286	-0.00830223	0.000175415	-0.0337198	0.0131783	-0.000390801	0.0401097	-0.00271499	0.0119756
-0.00126836	-9.1804e-06	-5.78814e-05	-0.000179629	-0.00163131	0.000166946	-7.20946e-05	-0.00332555	-0.000254766	0.00663183
-4.24858e-06	-1.71913e-09	-4.8494e-07	-1.54911e-06	-0.000943634	-1.28878e-05	-1.3271e-06	-8.22626e-05	-9.10966e-06	0.00105551
-1.72372e-07	-1.2469e-08	-1.41581e-06	-1.92196e-07	-4.51276e-08	-6.31806e-08	-7.57437e-10	1.13217e-05	-4.09543e-07	-9.01017e-06
0.0	0.0	0.0	0.0	0.0	0.0	0.0	0.0	0.0	0.0
0.0	0.0	0.0	0.0	0.0	0.0	0.0	0.0	0.0	0.0
0.0	0.0	0.0	0.0	0.0	0.0	0.0	0.0	0.0	0.0
0.0	0.0	0.0	0.0	0.0	0.0	0.0	0.0	0.0	0.0
0.0	0.0	0.0	0.0	0.0	0.0	0.0	0.0	0.0	0.0
0.0	0.0	0.0	0.0	0.0	0.0	0.0	0.0	0.0	0.0
-2.71179e-06	-4.03177e-06	-2.26172e-06	-6.2258e-07	-1.23297e-06	-8.13426e-07	-7.41146e-08	0.000124428	-4.50854e-05	-6.75941e-05
-4.97141e-05	-1.04631e-05	-7.86756e-06	-2.39682e-06	-5.51118e-06	-1.43527e-05	-8.2661e-07	0.000485608	-0.00012338	-0.000271095
-7.41336e-05	-9.25589e-06	-2.47652e-05	-2.55747e-05	-0.00474126	-3.97535e-05	-2.44969e-06	-4.99496e-05	-0.000144479	0.00511162
-0.000161848	-2.2424e-05	-9.05446e-05	-7.22294e-05	-0.0271634	-0.00042445	-3.83145e-05	-0.00135337	-0.00020072	0.0295273
-0.000464066	-4.74438e-05	-0.000128412	-0.000157536	-0.0296987	-0.000973322	-7.07276e-05	0.0093741	-0.000339284	0.0225054
-0.0010351	-4.12327e-05	-0.000243667	-0.00100078	-0.0165381	-0.000738635	-2.93686e-05	0.00857482	-0.00071567	0.0117678
-0.000947896	-0.00340031	-0.00291123	-0.00543531	-0.0331728	0.00248426	-6.27153e-05	0.040438	-0.00875321	0.0117612
-0.00147941	-0.00101771	-0.00131448	-0.00303768	-0.0219205	0.00721594	-6.49334e-05	0.013509	-0.00285137	0.0109612
-0.00343028	-0.00262751	-0.000727665	-0.00344465	-0.0317938	0.00473688	-0.000393415	0.0238197	-0.00756719	0.0214279
-0.00562851	-0.00269301	-0.000884952	-0.00482545	-0.0265438	-0.00251635	-0.000408056	0.104137	-0.00639082	-0.0542454
-0.00850278	-0.00157377	-0.000831841	-0.00683328	-0.0803124	-0.00971683	-0.000812353	0.0921649	-0.00593937	0.0223579
-0.00956026	-0.000471173	-0.001005	-0.00539732	-0.0399158	-0.0073041	-0.000764343	0.093843	-0.00559058	-0.0238343
-0.00597402	-0.000317661	-0.000857569	-0.00615619	-0.0251273	-0.00555889	-0.000543253	0.083605	-0.00302898	-0.0360412
-0.00409683	-0.00374064	-0.000934403	-0.00497222	-0.0234608	-0.0068052	-0.00051206	0.107869	-0.00305832	-0.0602882
-0.00422236	-0.0112294	-0.000678472	-0.00335325	-0.0326783	-0.00556108	-0.000343765	0.123625	-0.00350776	-0.0620508
-0.00234896	-0.000217915	-0.000487935	-0.00237946	-0.0239728	-0.0055763	-0.000200895	0.080815	-0.00218823	-0.0434425
-0.00456644	-8.62267e-05	-0.00419057	-0.00122835	-0.00582124	-0.0102355	-0.000193581	0.0258291	-0.00263017	0.00312295
-0.00772524	-2.90477e-05	-0.00249421	-0.000439098	-0.00291674	-0.00402981	-8.15034e-05	0.00775034	-0.00133442	0.0112997
-0.0217874	-5.29732e-05	-0.00883744	-0.000266913	-0.00604383	-0.00363469	-0.000200481	0.0310165	-0.00131993	0.0111271
-0.00498428	-3.61972e-06	-8.38369e-05	-2.80259e-05	-0.00134254	-0.000809635	-1.8946e-05	0.0110615	-0.000271247	-0.00351935
0.0	0.0	0.0	0.0	0.0	0.0	0.0	0.0	0.0	0.0
0.0	0.0	0.0	0.0	0.0	0.0	0.0	0.0	0.0	0.0
0.0	0.0	0.0	0.0	0.0	0.0	0.0	0.0	0.0	0.0
0.0	0.0	0.0	0.0	0.0	0.0	0.0	0.0	0.0	0.0
