0.0	0.0	0.0	0.0	0.0	0.0	0.0	0.0	0.0	0.0
0.0	0.0	0.0	0.0	0.0	0.0	0.0	0.0	0.0	0.0
0.0	0.0	0.0	0.0	0.0	0.0	0.0	0.0	0.0	0.0
0.0	0.0	0.0	0.0	0.0	0.0	0.0	0.0	0.0	0.0
0.0	0.0	0.0	0.0	0.0	0.0	0.0	0.0	0.0	0.0
0.0	0.0	0.0	0.0	0.0	0.0	0.0	0.0	0.0	0.0
0.0	0.0	0.0	0.0	0.0	0.0	0.0	0.0	0.0	0.0
0.0	0.0	0.0	0.0	0.0	0.0	0.0	0.0	0.0	0.0
0.0	0.0	0.0	0.0	0.0	0.0	0.0	0.0	0.0	0.0
0.0	0.0	0.0	0.0	0.0	0.0	0.0	0.0	0.0	0.0
0.0	0.0	0.0	0.0	0.0	0.0	0.0	0.0	0.0	0.0
0.0	0.0	0.0	0.0	0.0	0.0	0.0	0.0	0.0	0.0
-3.56647e-06	-6.40489e-06	-0.00056295	-4.21222e-05	-0.00396816	-7.72934e-05	0.00536142	-7.31134e-06	-0.000134585	-0.00055902
-2.17473e-05	-1.51939e-05	-0.000872822	-0.000106445	-0.00882684	-0.000170022	0.0116109	-2.06326e-05	-0.000304933	-0.00127228
-1.55103e-05	-1.30134e-06	0.000400438	-1.58151e-05	-0.000153494	-8.63983e-07	-0.00014326	-5.14488e-06	-1.13945e-05	-5.36549e-05
-6.46264e-07	-5.42227e-08	1.66849e-05	-6.58961e-07	-6.39559e-06	-3.59993e-08	-5.96918e-06	-2.1437e-07	-4.74769e-07	-2.23562e-06
0.0	0.0	0.0	0.0	0.0	0.0	0.0	0.0	0.0	0.0
0.0	0.0	0.0	0.0	0.0	0.0	0.0	0.0	0.0	0.0
0.0	0.0	0.0	0.0	0.0	0.0	0.0	0.0	0.0	0.0
0.0	0.0	0.0	0.0	0.0	0.0	0.0	0.0	0.0	0.0
0.0	0.0	0.0	0.0	0.0	0.0	0.0	0.0	0.0	0.0
0.0	0.0	0.0	0.0	0.0	0.0	0.0	0.0	0.0	0.0
0.0	0.0	0.0	0.0	0.0	0.0	0.0	0.0	0.0	0.0
0.0	0.0	0.0	0.0	0.0	0.0	0.0	0.0	0.0	0.0
0.0	0.0	0.0	0.0	0.0	0.0	0.0	0.0	0.0	0.0
0.0	0.0	0.0	0.0	0.0	0.0	0.0	0.0	0.0	0.0
0.0	0.0	0.0	0.0	0.0	0.0	0.0	0.0	0.0	0.0
0.0	0.0	0.0	0.0	0.0	0.0	0.0	0.0	0.0	0.0
0.0	0.0	0.0	0.0	0.0	0.0	0.0	0.0	0.0	0.0
0.0	0.0	0.0	0.0	0.0	0.0	0.0	0.0	0.0	0.0
0.0	0.0	0.0	0.0	0.0	0.0	0.0	0.0	0.0	0.0
0.0	0.0	0.0	0.0	0.0	0.0	0.0	0.0	0.0	0.0
-5.00825e-09	-2.56037e-08	-8.52411e-06	-5.93129e-09	-3.22196e-05	-9.20826e-08	4.2661e-05	-5.6018e-08	-6.72567e-07	-1.06019e-06
-1.06785e-07	-7.56423e-08	-2.74995e-05	-3.14753e-08	-0.000351343	-2.7801e-07	0.00038591	-7.46111e-07	-1.99918e-06	-3.83054e-06
-1.93316e-05	-1.08465e-07	-0.000305436	-6.87379e-06	-0.0348872	-1.60563e-05	0.0354422	-5.46163e-05	-4.87708e-06	-0.000147673
-4.0788e-05	-6.99283e-05	-0.000725783	-1.71799e-05	-0.0782712	-3.00531e-05	0.0799597	-0.000376016	-5.80358e-05	-0.000370667
-6.57e-05	-0.00336073	-0.000281542	-0.000183921	-0.0787907	-9.19961e-05	0.0865098	-0.00211706	-0.000843738	-0.000774384
-0.000156367	-0.00274369	-0.00220843	-0.000208078	-0.0349397	-0.000139094	0.043431	-0.00153384	-0.000884026	-0.000617779
-0.00184328	-0.0016393	-0.00589587	-0.00018303	-0.044257	-0.000559477	0.0580114	-0.000879989	-0.000749699	-0.00200378
0.0208664	-0.000696434	-0.0208706	-0.000305398	-0.0756748	-0.000701769	0.0944739	-0.00729262	-0.00126933	-0.00852928
0.0453962	-0.000633146	-0.0241303	-0.00108155	-0.143035	-0.00514443	0.163105	-0.0179806	-0.00133029	-0.0151667
0.0191368	-0.00048202	-0.0163352	-0.000673101	-0.0743493	-0.00480642	0.0911838	-0.00543521	-0.00175556	-0.00648363
-0.000981859	0.0196159	0.00183868	-0.00575044	-0.0211606	-0.00263686	0.0148568	-0.000337809	-0.00313121	-0.0023126
0.0163759	0.0294122	0.0242124	-0.007498	-0.0840707	-0.00324104	0.0391286	-0.000809449	-0.00237959	-0.0111302
0.0472513	-0.0078124	0.0673492	-0.0023006	-0.0855094	-0.00321974	0.0156704	-0.00163097	-0.00292559	-0.0268721
0.0220177	-0.00418455	0.0124211	-0.000738563	-0.0346189	-0.00201288	0.0247062	-0.000728454	-0.00246492	-0.0143967
-0.00139186	-0.000281062	-0.0188823	-0.000173436	-0.0159867	-0.00315918	0.043307	-0.000151367	-0.00155091	-0.00173024
-0.000695263	-7.31993e-05	-0.0141678	-0.000111718	-0.0288754	-0.00300751	0.0496984	-0.000207155	-0.00121954	-0.00134078
-0.000304859	-9.23752e-05	-0.00625178	-0.000108738	-0.023116	-0.00146574	0.0333012	-0.00010178	-0.00066442	-0.00119557
-0.000118083	-0.00021468	-0.00317757	-6.52705e-05	-0.0212486	-0.000259328	0.0261984	-9.60451e-06	-0.000705168	-0.00040003
-1.5615e-05	-1.86253e-05	-0.000326779	-5.26088e-06	-0.0289425	-1.17097e-05	0.0296934	-2.39904e-05	-0.000110106	-0.000238781
-2.26794e-06	-1.46517e-06	-0.000150055	-6.88631e-07	-0.0103251	-1.19744e-05	0.0107134	-3.31534e-05	-5.23187e-05	-0.000136347
0.0	0.0	0.0	0.0	0.0	0.0	0.0	0.0	0.0	0.0
0.0	0.0	0.0	0.0	0.0	0.0	0.0	0.0	0.0	0.0
0.0	0.0	0.0	0.0	0.0	0.0	0.0	0.0	0.0	0.0
0.0	0.0	0.0	0.0	0.0	0.0	0.0	0.0	0.0	0.0
0.0	0.0	0.0	0.0	0.0	0.0	0.0	0.0	0.0	0.0
0.0	0.0	0.0	0.0	0.0	0.0	0.0	0.0	0.0	0.0
-3.08155e-08	-5.51796e-10	-4.38606e-07	-2.68473e-09	-3.71078e-06	-4.92891e-07	5.9722e-06	-8.2076e-12	-9.36112e-07	-3.59967e-07
0.00276214	-4.26793e-10	-1.74967e-05	-7.02014e-07	-0.00242455	-0.000104083	0.000281324	-0.000243658	-6.74409e-06	-0.000246224
0.00103385	-2.37702e-06	-0.000791406	-1.22175e-06	-0.00118988	-1.53871e-05	0.00118241	-8.56066e-05	-3.52366e-05	-9.51497e-05
-0.000307633	-1.07625e-05	1.29611e-05	-0.000252832	-0.00104662	-6.30311e-06	0.00164648	-2.98968e-06	-2.38088e-05	-8.48753e-06
-0.0187343	-5.98742e-05	-0.00084554	-0.00139428	-0.0367707	-4.61848e-05	0.0586028	-0.0004097	-0.000163343	-0.000178763
-0.0217469	-0.00204774	-0.00527782	-0.00273005	-0.117123	-0.000834251	0.15298	-0.00150154	-0.000847292	-0.000871542
-0.0174985	-0.0270628	0.0205482	-0.00923815	-0.150754	-0.00323821	0.195534	-0.00386882	-0.00271997	-0.00170182
-0.0210837	-0.0518762	0.0999211	-0.0163098	-0.128779	-0.0145781	0.151386	-0.00577688	-0.00961115	-0.00329189
-0.0202161	-0.0389916	0.0660235	-0.00599422	-0.22595	-0.0430142	0.311544	-0.0126464	-0.0194671	-0.011287
-0.0341812	-0.0479365	0.11199	0.0261412	-0.237284	-0.0809145	0.345631	-0.0293529	-0.0339512	-0.0201398
-0.0383492	0.0118069	0.0626191	0.0370621	-0.323056	-0.0828901	0.433373	-0.0290711	-0.0395949	-0.0318988
-0.0620632	0.132316	0.00401261	0.00265736	-0.238103	-0.0901803	0.351898	-0.0149079	-0.0549215	-0.030707
-0.105836	0.120637	0.0673167	-0.00318268	-0.150618	-0.0996613	0.271297	-0.0171624	-0.0540306	-0.0287571
-0.120102	0.239418	0.138785	-0.0463769	-0.206323	-0.0679543	0.176001	-0.0206574	-0.0602544	-0.0325332
-0.0921452	0.15917	0.119277	-0.0347335	-0.244025	-0.00339914	0.215822	-0.0108122	-0.0682	-0.0409496
-0.080679	0.0421534	0.0184486	-0.0336839	-0.121432	0.0550199	0.205358	-0.00714877	-0.0507669	-0.0272689
-0.0547376	-0.00717928	-0.0203742	-0.0523463	-0.0971005	0.0535507	0.209216	-0.00395303	-0.00894718	-0.0181274
-0.0399232	0.0279029	-0.09035	-0.02653	-0.0627292	-0.00140144	0.244317	-0.00219804	-0.0363572	-0.0127306
-0.0285473	-0.00477506	-0.0390239	-0.00871954	-0.0463231	-0.0584735	0.20545	-0.00111137	-0.0134593	-0.00501703
-0.0138563	-0.00901085	-0.035269	-0.00953065	-0.0415094	-0.0570153	0.187509	-0.000849135	-0.0141016	-0.00636656
-0.00680227	-0.00312946	-0.0331704	-0.00715141	-0.0419852	-0.0284876	0.133609	-0.000604824	-0.00920302	-0.00307452
-0.0033255	-0.00167775	-0.0086667	-0.00188656	-0.0262031	-0.026397	0.0720217	-7.65396e-05	-0.00342718	-0.000361373
-0.000563248	-0.000566093	0.026203	-0.000157915	-0.00326557	-0.0109332	-0.00866552	-3.11127e-05	-0.00198498	-3.53735e-05
-1.00538e-05	-4.04638e-05	0.0191954	-1.04437e-06	-0.000346333	-0.000865506	-0.0171357	-2.69054e-08	-0.000794988	-1.23845e-06
0.0	0.0	0.0	0.0	0.0	0.0	0.0	0.0	0.0	0.0
0.0	0.0	0.0	0.0	0.0	0.0	0.0	0.0	0.0	0.0
0.0	0.0	0.0	0.0	0.0	0.0	0.0	0.0	0.0	0.0
0.0	0.0	0.0	0.0	0.0	0.0	0.0	0.0	0.0	0.0
-6.965e-08	0.000699984	-8.13468e-05	-2.99331e-05	-8.19681e-06	-4.67234e-06	-0.000388986	-1.08981e-08	-0.000185838	-9.30156e-07
0.0064659	0.000166546	-0.0001745	-3.23603e-05	-0.00800369	-5.75414e-06	0.0035961	-0.000712251	-0.000375167	-0.000924822
-0.00769006	-7.1313e-05	-0.00291049	-0.00340951	-0.0037684	0.011324	0.00803447	-0.000987156	-0.000214298	-0.000307277
-0.0552741	-0.00349248	9.18375e-07	0.0906187	-0.0057945	-0.0427499	0.0235252	-0.00178894	-0.00419095	-0.000853928
-0.0758841	-0.00280243	0.00515876	0.0697909	-0.0668425	-0.0279199	0.1108	-0.00272842	-0.00820501	-0.00136769
-0.0840386	-0.0209743	0.0441933	0.102361	-0.116233	-0.0402352	0.151169	-0.0120159	-0.0208167	-0.00340903
-0.0207292	-0.0623698	0.13002	0.124881	-0.230852	-0.0495728	0.17891	-0.0361502	-0.0244418	-0.00969393
-0.0589375	-0.0924748	0.3749	0.0447726	-0.314801	-0.0768057	0.216911	-0.0455932	-0.0252858	-0.0226836
-0.0378986	-0.15891	0.334309	0.143864	-0.331223	-0.0612968	0.281259	-0.0852665	-0.0419956	-0.0428368
0.0147312	-0.254317	0.388341	0.364178	-0.385337	-0.136601	0.301596	-0.131149	-0.0924826	-0.0689557
0.00185317	-0.119052	0.359866	0.434576	-0.550363	-0.063479	0.232354	-0.100757	-0.100064	-0.094934
0.122647	-0.0609546	0.460233	0.276418	-0.645757	-0.0911902	0.265081	-0.0986223	-0.0963534	-0.131499
0.11314	-0.0932346	0.279161	0.480308	-0.474697	-0.0711645	0.212405	-0.100296	-0.187023	-0.158598
0.0612965	0.0549169	0.197669	0.394934	-0.473996	0.0319159	0.17534	-0.0935971	-0.166639	-0.181841
0.0695108	0.126139	0.266328	0.283003	-0.409746	-0.0316704	0.0425004	-0.0723993	-0.12001	-0.153655
-0.0325798	-0.0612666	0.163028	0.250752	-0.263395	0.088723	0.0423564	-0.0499377	-0.0366166	-0.101063
-0.160939	-0.180595	-0.11338	0.28245	-0.191823	0.210765	0.18461	-0.0421477	0.0467261	-0.0356641
-0.178384	-0.118249	-0.166763	0.238388	-0.0404012	0.186475	0.23507	-0.0247715	-0.0907055	-0.0406572
-0.11991	-0.148741	-0.217598	0.247003	0.0138898	0.227173	0.112378	-0.0230462	-0.0565738	-0.0345724
-0.135294	-0.130997	-0.161779	-0.0468111	0.0207958	0.211312	0.234491	-0.0124568	0.0400196	-0.0192788
-0.102399	-0.0971392	-0.14868	-0.113036	0.0312783	0.100968	0.270327	-0.00342744	0.0679095	-0.00580181
-0.0502275	-0.0636772	-0.121317	-0.062739	0.0241909	-0.0456876	0.256759	-0.00112937	0.066204	-0.00237557
-0.0194157	-0.0506333	-0.0223571	-0.0188742	-0.0105294	-0.0260526	0.137987	-0.000435845	0.0108702	-0.000559029
-0.00235343	-0.014208	0.0145406	-0.000354058	-0.000426831	0.0412891	-0.0408404	-5.29404e-06	0.00239638	-3.79491e-05
-0.000992788	-0.0192488	-0.000498967	-2.01269e-05	-0.000218115	0.00751638	0.0164643	-1.5252e-07	-0.00299912	-2.61695e-06
0.0	0.0	0.0	0.0	0.0	0.0	0.0	0.0	0.0	0.0
0.0	0.0	0.0	0.0	0.0	0.0	0.0	0.0	0.0	0.0
-2.80144e-08	-2.95969e-08	-1.6488e-05	2.42391e-05	-1.64675e-07	-6.61986e-06	-2.65631e-08	-9.64295e-09	-8.58076e-07	-1.45688e-08
-3.39907e-05	0.00239596	-0.000769045	0.00125068	-3.34808e-06	-0.00117878	-0.00139691	-6.29309e-08	-0.00026271	-1.78551e-06
-0.000447577	0.000271629	-0.00549786	0.0155379	-0.00121549	-0.00557656	-0.00249047	0.000535041	-0.000805647	-0.000311002
-0.00996006	0.00552468	-0.0377063	0.0530684	0.0157852	-0.037366	0.0182468	-0.00203322	-0.00499313	-0.000566251
-0.0821965	0.034095	0.0176258	0.235486	0.0192853	-0.16714	0.0125818	-0.0269614	-0.0360278	-0.00674658
-0.0868248	0.0238202	0.136119	0.268637	-0.0512418	-0.189809	-0.00204144	-0.0318947	-0.0574016	-0.00936199
-0.0293785	-0.0354275	0.0973002	0.303572	-0.0700394	-0.138617	0.0158268	-0.0611495	-0.0567411	-0.0253431
0.00617187	-0.0538031	0.166659	0.413438	-0.217958	-0.30102	0.113743	-0.0990489	0.0312969	-0.0594762
0.0778034	-0.0792163	0.3422	0.360795	-0.307232	-0.247747	0.0327168	-0.175665	0.120413	-0.124066
0.0616295	-0.102616	0.292134	0.44724	-0.430297	-0.0487211	0.0423621	-0.253639	0.148447	-0.156537
0.137082	-0.243878	0.32453	0.522042	-0.408918	0.103247	-0.0911609	-0.28732	0.179949	-0.235572
-0.0188883	-0.102956	0.301428	0.453157	-0.333946	0.0195686	-0.109587	-0.264519	0.372332	-0.316588
0.0308545	0.186872	0.192645	0.452232	-0.193786	-0.199177	-0.0598232	-0.281685	0.180449	-0.308583
-0.0548684	0.188442	0.310776	0.350428	-0.330049	-0.0188995	-0.0912917	-0.334942	0.38764	-0.407234
0.0719658	0.048567	0.167428	0.365607	-0.423848	0.318863	-0.147283	-0.311887	0.345241	-0.434654
-0.0510355	0.080344	0.118037	0.414362	-0.214291	0.115411	0.0187075	-0.295874	0.273714	-0.459374
0.065616	-0.037565	0.0683918	0.189743	-0.115599	0.156904	0.10926	-0.257334	0.135951	-0.31537
-0.0630908	-0.164243	-0.00687537	0.321669	-0.0975157	0.346205	0.0253255	-0.209101	0.085814	-0.238187
-0.109293	0.102525	-0.174866	0.12165	0.152363	0.135332	0.0671576	-0.138684	0.0866868	-0.242871
-0.0961545	0.0760694	-0.157199	0.00486204	0.250528	-0.173654	0.150939	-0.103695	0.208058	-0.159754
-0.13152	0.0263139	-0.299847	-0.129282	0.236919	0.19568	0.237692	-0.0385676	0.0623887	-0.159776
-0.117082	-0.0432891	-0.363226	-0.0999655	0.272095	0.131829	0.312106	-0.0433648	0.0426315	-0.0917337
-0.156155	-0.0784777	-0.302912	-0.21289	0.272204	0.286609	0.264914	-0.0205053	-0.0206525	-0.0321307
-0.159275	-0.193663	-0.153743	-0.0344718	0.166602	0.332948	-0.025451	-0.00593044	0.0818296	-0.00884418
-0.0427281	-0.0968859	-0.012491	-0.00378146	0.00465452	0.125575	-0.0424102	-0.00115956	0.0719548	-0.00272841
-0.00559807	-0.0113087	-0.00450025	-0.000104971	-0.0169899	0.0168744	-0.00414386	-0.000276995	0.0272573	-0.00120901
-8.13765e-05	-0.00614266	-0.00392457	-2.348e-05	-0.00298034	-0.00282194	0.0130489	-1.76376e-05	0.00307821	-0.000135117
0.0	0.0	0.0	0.0	0.0	0.0	0.0	0.0	0.0	0.0
0.0	0.0	0.0	0.0	0.0	0.0	0.0	0.0	0.0	0.0
-0.000199099	0.000285011	0.0002937	0.00177839	-7.69076e-05	-0.0018513	1.64021e-05	-6.48628e-06	-0.000237424	-2.29183e-06
-0.00386903	0.00696491	-0.00148716	0.0759316	0.00108619	-0.0340142	-0.0297147	-0.000954216	-0.010796	-0.0031474
-0.0268792	0.0150151	0.00317567	0.186897	0.0153341	-0.158455	0.0255816	-0.013044	-0.0354802	-0.0121446
-0.108326	0.0938086	0.0149517	0.385034	0.0450042	-0.235485	-0.124929	0.0818575	-0.115008	-0.0369049
-0.024446	0.0348162	0.0535315	0.399011	-0.00210643	-0.286236	-0.0899155	0.0955022	-0.0959164	-0.0842387
-0.0261448	-0.132455	0.119935	0.295112	-0.0315664	-0.0994298	-0.0922528	0.0913538	0.000102919	-0.124652
0.0242516	-0.295646	0.205443	0.169669	-0.047489	-0.131954	0.0814726	0.141914	0.0150374	-0.1627
0.041005	-0.315318	0.0993525	0.186923	-0.0265697	0.0613566	-0.00631216	0.0719848	0.108005	-0.220426
0.21332	-0.203461	0.172981	0.167606	-0.197042	0.171324	0.0138	-0.129017	-0.121463	-0.0880471
0.131268	-0.253287	0.228396	0.16755	-0.153493	0.126194	-0.421282	-0.207316	0.209857	0.172114
-0.00979058	-0.17655	0.141403	0.103506	-0.0808341	0.024464	-0.265229	-0.121459	0.26484	0.119649
0.176634	-0.0132617	0.128454	0.118768	-0.279769	-0.0511566	-0.30833	-0.161812	0.18015	0.210326
0.218293	0.0477259	0.103474	0.0525964	-0.0408632	-0.146167	-0.0377926	-0.320912	0.25626	-0.132612
0.161545	0.204409	0.184062	0.191969	-0.0525539	-0.13373	-0.205374	-0.390225	0.105893	-0.0659953
0.127311	-0.115434	0.328722	0.328395	0.00768784	0.0574116	-0.165999	-0.336778	0.170684	-0.402
0.34067	-0.196689	0.167555	-0.039645	-0.0884866	0.143174	-0.0135952	-0.384658	0.383211	-0.311535
0.348749	-0.0164304	0.0995834	0.0327874	0.0710349	0.131284	0.123864	-0.400164	-0.131624	-0.259083
0.0422712	0.02558	-0.00285332	0.122456	0.161732	0.0313461	0.194656	-0.478156	0.113111	-0.210142
-0.106179	0.12213	0.0341943	-0.00354019	0.0761705	0.25807	0.0958725	-0.454849	0.193047	-0.214918
0.00721249	0.28716	0.0118192	-0.149273	0.078245	0.124476	0.0989011	-0.277632	0.0656412	-0.24655
-0.0257779	0.247295	-0.155294	-0.132442	0.253913	0.295589	0.0483991	-0.193879	-0.0326763	-0.305127
-0.225635	0.123227	-0.280996	-0.255286	0.426432	0.368898	0.255627	-0.100522	-0.117047	-0.194696
-0.25461	0.000879214	-0.229127	-0.087051	0.131441	0.412841	0.09737	-0.0305558	0.0397806	-0.0809659
-0.1031	-0.132798	-0.0531381	-0.0210466	-0.0371554	0.268712	-0.0402037	-0.00957254	0.156345	-0.0280423
-0.0297924	-0.0241475	-0.0163679	-0.00175958	-0.0238488	0.0617864	0.0281436	-0.00386297	0.0137346	-0.00388545
-0.0107781	-0.00805151	-0.00576163	-8.56372e-05	-0.000263943	0.00840038	0.0194983	-0.000112574	-0.00281597	-2.93076e-05
0.0	0.0	0.0	0.0	0.0	0.0	0.0	0.0	0.0	0.0
-3.62255e-06	-1.16087e-06	-4.19409e-05	0.000425668	-1.14293e-06	-3.11019e-05	-2.36159e-07	-8.82794e-06	-3.93582e-05	-0.000298277
-0.00112381	-0.0143976	-0.00813558	0.00896778	-0.00272411	0.000820436	-0.00119675	0.02456	-0.00382299	-0.00294737
-0.00306242	0.00601716	0.0106404	0.111412	-0.0285094	-0.114383	-0.0317134	0.108895	-0.0354355	-0.0238607
-0.0411536	0.0120616	0.0902775	0.177853	0.0305145	-0.200869	0.0226182	0.070947	-0.0791277	-0.0831191
-0.0194132	-0.0277607	0.0790258	0.254644	0.15934	-0.175877	-0.0929307	0.161819	-0.11046	-0.228384
0.0158801	-0.0995187	0.177918	0.259703	0.11749	-0.106733	-0.21082	0.261475	-0.155524	-0.259869
0.0137373	-0.227777	0.150952	0.0767271	0.0709377	0.043902	-0.0440412	0.264955	-0.0482765	-0.301117
-0.0465183	-0.336333	0.0836124	0.198838	-0.012654	0.0309598	-0.0382595	0.310682	0.0196009	-0.209926
-0.222875	-0.412039	0.246371	0.323916	0.0589544	-0.0514485	-0.139527	0.194418	0.0299544	-0.0277267
0.00531123	-0.184796	0.224382	0.341445	-0.135183	-0.013271	-0.318378	0.246284	-0.13458	-0.0312151
-0.0403839	-0.0400939	-0.040081	0.191132	-0.232238	-0.0727695	-0.28666	0.347182	-0.00660534	0.180519
-0.162005	-0.204314	0.0524961	0.0436558	-0.175846	-0.0112741	-0.159374	0.229045	0.254097	0.13352
0.228868	-0.245893	0.0584777	0.321617	-0.323105	-0.0537502	-0.354491	-0.0582683	0.0462034	0.380343
0.204315	-0.1665	-0.0108686	0.138961	-0.393351	0.104077	-0.23642	-0.0504671	0.0535407	0.356716
0.000145703	-0.254309	0.0669884	0.127505	-0.448274	-0.0793559	-0.100902	0.0612	0.377771	0.249232
0.0629475	-0.233934	0.173611	0.217329	-0.402908	-0.104019	-0.224449	0.0440009	0.118778	0.348643
0.186711	-0.33711	0.0110183	0.0274469	-0.21774	-0.0105835	-0.191914	0.101056	0.161093	0.270022
0.331407	-0.10923	-0.0313041	0.287569	-0.36762	0.0752045	-0.320026	-0.0197317	-0.161758	0.315488
0.074797	-0.199777	-0.118524	-0.0948567	-0.0641708	0.256167	-0.180631	-0.0793993	0.343008	0.0633854
0.0863804	0.0385986	-0.150624	0.0690428	-0.16331	0.146355	-0.0751245	-0.0947267	0.0900838	0.0533243
0.269761	0.0820183	-0.0696841	0.0483602	-0.0644617	-0.070246	-0.0709145	-0.0308385	-0.0162434	-0.0777509
0.284855	0.102015	-0.171453	-0.135197	0.244654	0.168627	-0.0504986	-0.14182	-0.0298698	-0.271314
-0.0393589	0.0986991	-0.422364	-0.201767	0.465117	0.30915	0.0472642	-0.202413	0.234252	-0.28858
-0.359742	-0.00475253	-0.244024	-0.0908338	0.131188	0.694785	0.0409376	-0.0903804	0.105555	-0.18273
-0.248293	-0.105705	-0.0649419	-0.0455104	-0.0176053	0.403941	-0.0238069	-0.038219	0.20287	-0.0627279
-0.1148	-0.0129409	-0.0101043	-0.00480224	0.0474389	0.145585	-0.0369073	-0.0116699	0.0204678	-0.0222671
-0.0305295	-0.000316419	-0.000491565	-0.000374279	-0.00199637	0.0420987	-0.00190688	-0.000631554	-0.00511789	-0.000734229
0.0	0.0	0.0	0.0	0.0	0.0	0.0	0.0	0.0	0.0
-0.00025488	-0.00118921	-0.00156172	0.0125547	-0.00080974	-0.00131831	-8.39241e-05	0.00478356	-0.00313365	-0.00898678
-0.000644768	-0.0223293	0.0167772	-0.0112532	-0.00406617	-0.0184563	-0.00510778	0.065372	-0.00743042	-0.0128611
-0.00492308	-0.0112002	0.0465692	0.0573272	-0.00840947	-0.130789	-0.0379798	0.20522	-0.0348594	-0.0809546
-0.0705739	-0.00483419	0.23575	0.310779	0.0877035	-0.411114	0.0158783	0.102991	-0.0463683	-0.220207
-0.0110384	-0.120591	0.172923	0.393592	0.255502	-0.269097	-0.0793249	0.0989832	-0.039678	-0.40127
0.0491992	-0.211181	0.298026	0.15254	0.121014	-0.0479059	-0.265204	0.286627	-0.0648359	-0.318277
-0.0350615	-0.249195	-0.0172056	0.0502914	0.117462	0.159829	-0.0149115	0.282831	0.0259947	-0.320037
-0.206234	-0.460036	0.169989	0.0739067	0.0078161	0.236983	-0.0509863	0.155846	0.12867	-0.0559524
0.0123315	-0.314518	-0.00522302	0.0819885	0.0116815	0.0531215	-0.130772	0.255551	-0.0398535	0.0756945
0.0386191	-0.131891	-0.111811	-0.010089	-0.184164	0.222221	-0.231408	0.329245	0.0750973	0.00418257
0.0909583	-0.197172	0.0627769	0.00700353	-0.147198	0.126772	-0.100199	0.288172	-0.211209	0.0800959
0.02829	-0.0692436	-0.0557519	0.153932	-0.425527	0.0270567	-0.1312	0.241068	-0.135371	0.366748
0.191664	-0.202987	0.229778	0.00735491	-0.312881	-0.203068	-0.280721	0.149442	-0.0474595	0.468879
0.105323	-0.118684	0.0446696	0.253209	-0.411693	0.136884	-0.115725	-0.0495533	-0.322477	0.478047
-0.0174622	-0.412913	-0.0878517	0.253094	-0.375597	-0.184611	-0.119791	0.13312	0.277142	0.534873
0.00776131	-0.255693	0.0269497	0.0319264	-0.435231	0.104303	-0.337774	0.217479	0.0817152	0.558566
0.249773	-0.224957	-0.260133	0.157162	-0.163491	0.0793518	-0.261272	0.300644	-0.167922	0.290848
0.288193	-0.284141	-0.0797584	-0.0840286	-0.269368	0.0660574	-0.335597	0.365732	0.161906	0.171006
0.171905	-0.102546	-0.0952783	0.122822	-0.0478381	0.0785029	-0.342544	0.184228	-0.0785836	0.109333
-0.000785831	0.0300164	-0.187611	0.0431977	-0.089256	0.0844769	-0.294007	0.280175	-0.0263222	0.160116
0.0284902	-0.0539427	-0.0146176	-0.175515	-0.0785608	0.13684	-0.21156	0.149936	0.160712	0.0582162
0.0958187	-0.0530768	0.114768	-0.210629	0.180392	0.180802	-0.284577	0.0969546	0.0309356	-0.151389
0.159842	-0.108761	-0.463737	-0.275071	0.372299	0.376179	-0.181712	-0.00555062	0.360244	-0.233733
-0.155591	-0.29449	-0.350289	-0.192799	0.14618	0.697806	0.0319634	-0.068234	0.40913	-0.223677
-0.28918	-0.172582	-0.0819314	-0.0576963	0.0145842	0.72887	-0.0950612	-0.0608988	0.114735	-0.100837
-0.132189	-0.00772294	-0.0146336	-0.00422875	0.062883	0.154738	-0.0369539	-0.0114263	0.0261451	-0.0366111
-0.00955934	-0.00385448	-0.00104512	-0.000281875	-0.00219687	0.0218734	-0.00853832	-0.000463535	0.00512007	-0.00105394
0.0113352	-3.04196e-07	-0.000153782	-7.34105e-07	-0.00037087	-5.007e-06	-7.51647e-06	-0.00654486	-2.11972e-05	-0.00423096
-0.000273187	-0.0010203	0.000538743	-0.00569182	-0.013865	-0.00130282	-0.000255127	0.0534451	-0.00337819	-0.0281973
0.00189746	-0.0138309	0.00587289	-0.0126467	0.00605458	-0.0197634	-0.00494474	0.106776	-0.0100842	-0.0593307
0.00583794	-0.00344865	0.0342226	0.0745491	-0.00129478	-0.141893	-0.0350145	0.292343	-0.0124307	-0.21287
-0.102091	-0.0297959	0.272978	0.367846	0.0484224	-0.547864	0.0117881	0.271487	0.0109809	-0.303744
-0.0582867	-0.0885114	0.108669	0.223375	0.190933	-0.326472	-0.131847	0.26306	0.109566	-0.290483
-0.044988	-0.207189	0.0328401	0.0652052	0.0455722	-0.0776417	-0.253135	0.275734	0.226598	-0.0629965
-0.0997755	-0.197776	0.0265325	0.0555671	0.0701002	-0.130525	-0.160871	0.495489	0.205717	-0.264458
-0.0268483	-0.414122	0.0562402	-0.0301059	-0.104553	0.135163	-0.14747	0.291696	-0.0171793	0.25718
0.206362	-0.421905	-0.0644191	-0.0454623	0.0874904	0.0719953	-0.118212	0.191389	0.154726	-0.0619638
0.0312984	-0.240256	0.234963	0.0590936	-0.183414	0.134301	-0.198256	0.11077	0.104097	-0.0525953
-0.00180718	-0.251044	0.105327	0.00788071	-0.0342048	0.0992233	-0.128817	0.342073	-0.0320826	-0.106547
0.206622	-0.0633172	-0.0832668	0.101667	-0.228284	-0.0660251	-0.179041	0.386602	0.22341	-0.298367
0.0511719	0.0157027	-0.0756085	0.064807	-0.287552	-0.108261	-0.226632	0.0722037	0.310884	0.183285
0.227742	-0.0454993	0.0116421	0.196569	-0.41167	-0.115294	-0.377355	0.25667	-0.154847	0.412043
0.275254	-0.014036	-0.0328018	0.186572	-0.30305	-0.205356	-0.450909	0.340927	-0.0395301	0.24293
0.52257	-0.271783	-0.0892247	0.0915487	-0.484421	-0.0360809	-0.447709	0.286942	0.181881	0.246276
0.281876	0.108217	-0.0472464	0.0968305	-0.225727	-0.0165454	-0.40064	0.232855	-0.0460952	0.0164772
0.142511	-0.195687	-0.217953	0.274028	-0.0250236	-0.0652394	-0.611046	0.42217	0.142029	0.134211
0.0758083	-0.120625	0.159156	0.12316	-0.104386	0.093551	-0.541133	0.157894	0.151179	0.00539533
0.18076	-0.234825	0.0261917	0.130059	-0.0886292	0.255635	-0.397917	0.216297	0.0479947	-0.135567
0.0680521	-0.24545	-0.108721	0.0838087	-0.0556861	0.157415	-0.284398	-0.0216328	0.16078	0.245831
0.191984	-0.253259	-0.0438611	0.24455	-0.0989782	0.0588742	-0.431694	0.201366	0.136384	-0.00536713
0.381037	-0.409297	-0.0678599	-0.462072	0.15419	0.619745	-0.450342	0.0907403	0.336367	-0.192508
0.0475541	-0.428333	-0.394092	-0.368035	0.068127	1.07135	-0.28352	-0.11841	0.565981	-0.160624
-0.298899	-0.191394	-0.141726	-0.0799899	0.0672422	0.848291	-0.190811	-0.101776	0.204667	-0.115599
-0.111376	-0.016168	-0.0205266	-0.00553715	-0.0465451	0.231116	-0.102743	-0.0170177	0.123674	-0.0348768
-0.00681457	-0.00287727	-0.00203768	-8.06661e-05	-0.00186342	0.0108812	-0.0110822	-0.00415041	0.0196454	-0.00162034
-3.54867e-06	-1.58547e-05	-9.87127e-06	-0.000151379	-0.000625883	-7.10813e-05	-2.91641e-06	0.00231795	-2.51018e-05	-0.00141231
-0.000460383	-7.18553e-05	-0.00105321	-0.00506503	-0.0154307	-0.0013613	-0.000135938	0.0642059	-0.00251789	-0.0381096
0.00540303	-0.00902448	-0.0201449	0.0315503	-0.00444377	-0.00942019	-0.0078236	0.124835	-0.0232773	-0.0876539
0.019415	-0.00758163	0.05103	0.157817	-0.109211	-0.15974	-0.0485774	0.350908	-0.0345299	-0.219528
-0.0707417	-0.0765058	0.198696	0.493799	-0.168182	-0.440711	0.0227992	0.370774	0.0220597	-0.351982
-0.0362801	-0.211765	0.322259	0.179732	-0.0349281	-0.318681	-0.221092	0.257627	0.131863	-0.0687337
-0.110911	-0.229165	-0.0157342	0.120966	-0.0970928	-0.0768989	-0.245382	0.217175	0.231008	0.206035
-0.130241	-0.161627	-0.0708248	0.188269	-0.0704676	0.00760682	-0.0601952	0.182038	0.105224	0.0102189
-0.0844827	-0.259875	-0.104847	0.124574	-0.0388718	0.170219	-0.123293	0.127466	0.120634	0.0684767
0.072599	-0.355903	0.0780407	0.019688	-0.0356347	0.00459641	-0.177159	0.225526	0.211298	-0.0430506
0.157218	-0.203971	0.204676	-0.132314	-0.242163	0.202327	-0.271441	-0.0151682	0.10482	0.196019
-0.0559685	-0.0908316	-0.0260718	-0.336455	-0.0504462	0.31958	-0.105907	0.177073	0.0993814	0.0696487
0.0207712	-0.104107	0.0390862	-0.249171	-0.110455	0.170027	-0.203085	0.446645	-0.0546844	0.0449746
0.265682	0.0439392	0.0528973	-0.149604	-0.12236	-0.0771464	-0.391752	0.254421	0.0561795	0.0677437
0.00670265	0.173925	0.108441	0.273245	-0.620483	-0.218895	-0.223944	0.512346	-0.224631	0.213291
-0.172523	0.498268	0.222167	0.438387	-0.382727	-0.412772	-0.431667	0.385218	-0.475724	0.331375
0.196049	0.162039	0.232586	0.286786	-0.0713444	-0.416797	-0.582135	0.319177	-0.129966	0.00360596
0.341822	0.0211024	-0.0120662	0.103043	-0.110253	-0.198898	-0.701749	0.500184	0.0387238	0.0180916
0.267237	-0.151077	0.0434398	0.0352077	0.0690145	-0.0590374	-0.623409	0.28015	-0.00772317	0.146199
0.3097	-0.255262	-0.0265539	0.178242	-0.0614794	-0.0729375	-0.572488	0.332527	0.0687419	0.0995109
0.24594	-0.367399	-0.0525076	0.274222	0.0336141	0.0212492	-0.352065	0.0625065	0.0753275	0.0591116
-0.0902852	-0.325331	-0.162216	0.196373	0.0279211	0.300402	-0.20488	0.258785	0.162467	-0.163234
-0.01943	-0.385871	0.0468133	0.344046	-0.0221366	0.236457	-0.491494	0.193448	0.136878	-0.0387121
0.472077	-0.4424	-0.102762	-0.20489	0.00683821	0.605312	-0.386467	-0.0378153	0.336962	-0.246854
0.270288	-0.300679	-0.390652	-0.340674	-0.250492	1.32544	-0.337513	-0.0855207	0.327776	-0.217974
-0.275262	-0.145362	-0.108764	-0.0553206	-0.188101	1.08562	-0.311643	-0.0400746	0.177905	-0.138997
-0.1015	-0.0172185	-0.00855923	-0.00997316	-0.068887	0.246677	-0.13345	0.00983828	0.134653	-0.0515789
-0.00140147	-0.00247609	-0.00135478	-0.00046152	-0.00657088	0.0163118	-0.00695345	0.0421553	-0.0354569	-0.00379196
-5.19344e-06	-1.84931e-05	-2.02195e-05	-0.000241621	-0.000730105	-9.02862e-05	-3.4449e-06	0.00312514	-3.46134e-05	-0.00198116
-0.00049609	-3.57776e-05	-0.000348649	-0.00318125	-0.014774	-0.00130741	-4.79911e-05	0.0610682	-0.00137044	-0.0395066
0.0276123	-0.0046776	-0.0180639	0.0121867	-0.0378081	-0.0109835	-0.0256714	0.187756	-0.0177568	-0.112593
0.00112856	-0.0461115	0.0797073	0.258022	-0.119346	-0.13939	-0.057515	0.304333	-0.0918105	-0.189015
-0.048186	-0.0907519	-0.0346704	0.279521	-0.16731	-0.195156	-0.0547594	0.36367	0.161981	-0.214334
0.0221237	-0.217197	0.294168	-0.00463552	-0.170304	-0.163365	-0.194454	0.245071	0.0913784	0.0972156
-0.0969274	-0.337282	0.350573	-0.0208404	-0.160905	-0.0364925	-0.171728	0.116477	0.135604	0.221523
-0.119204	-0.253124	-0.0325934	-0.0535266	-0.0611052	0.192966	0.0180956	0.0949446	0.198075	0.0154717
-0.0758837	-0.197572	-0.0374617	-0.233678	-0.0353747	0.333685	0.0345307	-0.118108	0.156468	0.173394
0.0720165	-0.273859	-0.202382	-0.484011	0.143665	0.389463	-0.16565	0.114418	0.290699	0.115641
-0.105085	-0.0475632	-0.00994671	-0.497128	0.0317949	0.261155	-0.0757023	-0.0377769	0.307371	0.172882
0.077698	0.0944413	0.0163717	-0.525883	0.0177684	0.214929	-0.13975	-0.175259	0.252693	0.16699
-0.043764	-0.0046801	-0.0297765	-0.508648	0.264598	0.328914	-0.274996	-0.220992	0.283814	0.205532
0.125465	0.298448	-0.232354	0.0812074	-0.263836	0.14896	-0.103368	0.208358	0.0235617	-0.286439
0.0222119	0.540414	0.00301412	0.200436	-0.887976	0.0554613	-0.284301	0.408895	-0.0195094	-0.0386444
-0.168956	0.799167	-0.148753	0.148052	-0.101872	-0.111495	-0.500244	0.503274	-0.32211	-0.0970645
0.0355256	0.279341	0.00870489	0.241421	-0.145146	-0.23635	-0.471438	0.630971	-0.380342	0.0373128
0.341972	0.0970688	0.173619	0.176459	0.0271924	-0.421645	-0.463034	0.263591	-0.206927	0.0117058
0.273674	-0.214311	0.0818841	0.152466	-0.0163818	-0.444531	-0.47427	0.330505	0.217018	0.0939475
0.0431645	-0.206536	-0.0130641	0.213656	0.129965	-0.379139	-0.476153	0.412842	0.253371	0.021894
0.191882	-0.397253	-0.0917202	0.339063	-0.13091	-0.210538	-0.256788	0.392089	0.15178	0.0123951
0.111987	-0.318927	-0.110655	0.132986	-0.0297422	-0.0292002	-0.249596	0.406345	0.163798	-0.0769951
0.227463	-0.359345	-0.0487729	0.184903	-0.0977397	0.0513672	-0.364543	0.226359	0.205642	-0.0253326
0.499465	-0.345671	-0.141099	-0.069169	-0.442974	0.688434	-0.149173	-0.183493	0.277904	-0.134221
0.328304	-0.263747	-0.312632	-0.241488	-0.356681	1.53859	-0.250642	-0.13422	0.000510846	-0.307984
-0.28159	-0.0959736	-0.0641452	-0.0279267	-0.240262	1.33312	-0.37943	-0.0270834	-0.0995318	-0.117178
-0.126828	-0.0246556	0.0184545	-0.00591561	-0.0815284	0.360129	-0.128185	0.00555439	0.035188	-0.0522131
-0.000627749	0.000905012	-0.000833374	-0.000130207	-0.0018663	0.0072178	-0.017062	0.0104558	0.00926058	-0.00731953
-2.91417e-05	-4.4867e-06	-2.30952e-05	-0.000150422	-0.000108614	-8.07873e-05	-4.26743e-06	0.00127156	-3.78937e-05	-0.000832849
0.00685499	0.000394734	-0.000633432	-0.00199009	-0.0249809	-0.0100221	-0.000179796	0.0889638	-0.00181243	-0.0565948
-0.00425452	-0.000170462	-0.00914488	0.0116043	-0.114424	-0.0210814	-0.00123946	0.338755	-0.0114216	-0.188623
-0.00693983	-0.0308995	-0.0388065	0.236656	-0.102125	-0.169098	-0.0584312	0.387196	-0.0188165	-0.198733
-0.162856	-0.0555022	-0.139329	0.215141	-0.240142	-0.0806107	-0.0296941	0.430307	0.0668021	-0.00411302
-0.133851	-0.117009	-0.0364055	-0.140272	-0.111279	-0.0285221	-0.0237716	0.136719	0.225105	0.229288
-0.015611	-0.297192	-0.0702083	-0.269032	0.0661232	0.243123	-0.0590828	0.02372	0.15538	0.222782
0.00485615	-0.283804	-0.262205	-0.512919	0.0353207	0.144076	0.163756	0.134273	0.455811	0.120834
-0.0230604	-0.241008	-0.398872	-0.467385	0.124493	0.164392	0.0465673	-0.118132	0.343087	0.569914
-0.186061	-0.268956	-0.473429	-0.487475	0.361692	0.158531	0.158512	0.172962	0.410346	0.153877
-0.0542673	-0.161491	-0.759376	-0.379786	0.465982	0.118824	0.0337585	0.252312	0.233137	0.250905
-0.0694019	-0.124309	-0.647817	-0.222237	0.174944	0.106269	-0.0791283	0.245713	0.199095	0.416874
-0.254057	-0.0847077	-0.761775	-0.0687694	0.538807	0.210781	0.128735	-0.050029	0.180316	0.160699
-0.0419433	0.34338	-0.883106	0.233368	-0.693705	0.523812	0.16829	0.105184	0.248701	-0.00397512
-0.394436	0.716744	-0.546048	0.0978796	-0.830658	0.100387	-0.23646	0.42816	0.640778	0.0236547
-0.644065	0.751171	-0.478423	0.202716	0.271385	-0.17487	-0.588593	0.428203	0.031698	0.200776
-0.567351	0.205896	-0.187877	-0.010542	0.402196	-0.178711	-0.239164	0.432631	-0.150084	0.293008
-0.0581743	-0.0905348	-0.324286	0.283852	0.15675	-0.168812	-0.35737	0.30289	-0.183675	0.439364
-0.174783	-0.0501482	-0.0620094	0.110346	-0.00593066	-0.0865957	-0.288823	0.444325	-0.19883	0.312452
0.0255122	-0.191869	0.250285	0.134511	-0.0313071	-0.335037	-0.227571	0.201362	-0.0249862	0.199102
0.178607	-0.20292	-0.10245	0.351849	-0.213072	-0.611632	-0.162248	0.285427	-0.0619518	0.538392
0.288488	-0.222632	0.0172636	-0.0512045	-0.189817	-0.455891	-0.0371033	0.304852	0.0176205	0.328422
0.235615	-0.201897	-0.0477185	-0.0409208	-0.236326	-0.481891	-0.0418939	0.230167	0.292481	0.292387
0.344045	-0.17229	-0.146242	-0.182309	-0.433572	0.104228	0.266995	-0.177183	0.465226	-0.0688941
0.38422	-0.14923	-0.141642	-0.190429	-0.400254	0.612608	-0.0483551	-0.158184	0.324368	-0.233096
-0.178071	-0.0824129	0.0494656	-0.00186214	-0.181381	0.843525	-0.35305	-0.0640623	0.0845638	-0.116712
-0.0848808	-0.0247605	0.0273701	-0.00296505	-0.028034	0.223839	-0.194735	-0.0116804	0.131361	-0.0355137
-0.000430559	0.00423236	-0.000854099	-6.76197e-05	-0.00114716	0.00408204	-0.0101594	0.00230894	0.00456372	-0.0025282
-1.16889e-06	-2.63513e-08	-1.23775e-05	-5.83471e-05	-1.7043e-06	-1.10405e-05	-1.5766e-08	0.00156129	-1.8909e-05	-0.0014577
-3.93673e-06	-0.000197684	-4.94641e-05	-0.00259317	-0.0330207	-0.0144632	-0.000259949	0.0863906	-0.00110842	-0.034694
-0.00477569	-0.00240233	-0.00191104	-0.0080406	-0.128443	-0.0197099	-0.00124402	0.341587	-0.00737804	-0.167681
-0.0273424	-0.00242493	-0.131141	0.0391392	-0.188019	-0.0675967	-0.0495106	0.509204	0.0659674	-0.148276
-0.120611	0.00239925	-0.220748	-0.0268369	-0.338427	0.0224612	-0.0615495	0.450259	0.0149969	0.278061
-0.0324592	-0.0586833	-0.502418	-0.248869	-0.0731911	0.0500686	-0.030442	0.247926	0.274956	0.373112
0.194743	-0.109057	-0.846816	-0.325842	0.16455	0.293916	0.150532	0.0544533	0.0781689	0.345352
0.0315838	-0.14799	-0.969264	-0.337939	0.290978	0.0875626	0.239935	0.362923	0.237835	0.204379
-0.0700595	-0.169961	-0.528135	-0.382217	0.384175	0.0103304	0.173998	0.403866	-0.00322468	0.181228
-0.0505754	-0.131303	-0.568347	-0.141046	0.224733	-0.074416	0.24651	-0.0320456	0.164216	0.362273
0.0112203	-0.334672	-0.641289	0.173989	0.516514	0.280948	-0.00125144	-0.100665	-0.165742	0.260947
0.00390227	-0.461332	-0.583817	-0.124558	0.559417	0.156223	0.282319	0.0204603	-0.101814	0.249202
0.129576	0.0519445	-0.577259	-0.032246	0.898373	0.191815	0.19234	-0.651752	0.0680627	-0.270851
0.0311822	0.219368	-0.419384	0.0160676	-0.0390884	0.300033	0.190043	-0.853311	0.507972	0.0471151
-0.569457	0.917046	-0.452798	0.459922	-0.536362	-0.0895019	-0.263776	-0.0420186	0.285957	0.290991
-0.836474	0.484488	-0.507039	0.17268	0.208914	0.00127738	-0.329752	0.399504	0.0809794	0.325426
-0.650001	0.128575	-0.257455	0.0911158	0.343257	-0.336212	-0.0895683	0.475569	0.0139139	0.280807
-0.0949301	0.121363	-0.310316	-0.0333758	0.0646015	-0.42642	-0.133626	0.411137	0.0917149	0.309854
-0.0359166	-0.0417678	-0.229855	0.149166	0.0240963	-0.298644	-0.194727	0.325224	-0.0982331	0.40066
0.079385	-0.187203	0.21863	-0.0313343	0.120678	-0.305204	-0.309746	-0.123146	0.142774	0.395169
0.0612431	-0.146442	-0.0440825	-0.0161143	0.109297	-0.401429	-0.149563	0.0225635	0.184927	0.379601
0.101182	-0.0913008	0.0123792	-0.5249	0.263488	-0.774268	0.0997266	0.0999637	0.378703	0.435026
0.298273	-0.0850075	-0.0824274	-0.420598	0.0878382	-1.05451	0.371644	0.0661931	0.394471	0.424123
0.418184	-0.0545008	-0.336185	-0.24671	-0.202128	-0.991628	0.678159	-0.170791	0.646767	0.258833
0.564745	-0.0539828	0.101965	-0.109166	-0.131745	-0.824216	0.283061	-0.148165	0.56657	-0.249058
-0.0193432	-0.0365104	0.257534	0.0103045	-0.0543136	0.0376997	-0.215862	0.0139732	0.133125	-0.126607
-0.0467295	-0.0250637	0.167454	-0.000445342	-0.0235149	0.13073	-0.215392	0.0291135	0.0261777	-0.0423295
-0.000274683	0.00296612	0.0166818	-9.08125e-05	-0.00796666	-0.00314098	-0.0107257	0.0136365	-0.00975917	-0.00132645
-6.93484e-09	5.42404e-05	-6.78973e-06	-1.59891e-05	-1.99897e-07	-1.89049e-06	-1.63817e-06	-9.93894e-06	-7.38148e-06	-1.04054e-05
0.000589412	-3.44306e-05	-4.19955e-05	-0.00171255	-0.0294113	-0.0023578	-0.000281926	0.0514839	-0.000222571	-0.0180107
-0.00216457	-0.000783191	-0.000876282	-0.00527398	-0.0813688	-0.00520806	-0.000529722	0.206079	-0.00195631	-0.107918
-0.0151286	0.00874287	-0.158492	0.0125477	-0.149096	0.00173778	-0.0434974	0.396733	0.0391643	-0.092711
0.00465357	0.0228843	-0.472088	-0.18603	-0.156469	0.0886056	-0.0951124	0.270407	-0.0519213	0.575075
0.00420726	-0.0447643	-0.771372	-0.260437	0.202007	0.177835	0.0694572	0.130633	0.0616584	0.430778
0.283944	-0.0898965	-0.994705	-0.30171	0.433118	-0.0263565	0.393542	0.162116	-0.0179071	0.157857
0.292508	-0.135755	-0.762032	-0.321757	0.30016	0.130981	0.0908022	0.147745	-0.0232329	0.28058
0.0740457	-0.00426416	-0.356352	-0.171346	0.34645	-0.0442755	0.0817838	-0.0321039	-0.0934913	0.199553
0.0886362	-0.112437	-0.279452	-0.079431	0.380849	0.0250124	0.125983	-0.16818	0.0717053	-0.0526888
0.161883	-0.628953	-0.161471	-0.15319	0.450841	0.164856	0.23829	-0.0307629	-0.152989	0.111497
0.0575528	-0.659472	0.0748673	-0.212059	0.617182	0.281491	0.0340359	-0.313853	0.118436	0.00182212
0.116101	-0.0209657	-0.109714	0.0918073	0.453652	0.426006	0.141846	-1.06267	0.223369	-0.259425
-0.413722	0.27391	0.134294	0.382582	-0.25077	0.233784	0.0839142	-1.04121	0.488967	0.108256
-0.685034	0.621339	0.0333101	0.270409	-0.0837306	-0.087853	-0.189154	-0.123209	-0.0455041	0.289427
-0.865194	0.389254	-0.289556	-0.168118	0.404843	-0.278104	0.0584147	0.0376346	0.371658	0.339173
-0.616262	0.159133	-0.299087	0.10235	0.236536	-0.462656	0.0466427	0.200671	0.153845	0.478826
-0.211721	0.294341	-0.103033	0.0692769	0.210481	-0.199876	-0.26544	0.0619559	-0.162635	0.306652
-0.0534516	-0.230034	-0.213856	0.228257	0.20775	-0.122232	-0.170665	0.0778693	0.00556388	0.270802
-0.0660752	-0.287482	-0.176457	0.00381571	0.087512	-0.00622667	0.0712607	-0.148705	0.054738	0.467621
-0.26911	-0.186014	-0.174993	-0.468461	0.34657	0.00219702	-0.0876315	0.232609	0.255439	0.349394
-0.0414946	-0.124987	0.0235496	-0.481052	0.348509	-0.268014	0.228752	0.0938079	-0.133038	0.353967
0.224911	-0.123231	-0.0502926	-0.564667	0.260372	-0.364223	0.433215	-0.0601092	0.0459372	0.198088
0.434038	-0.111827	-0.105752	-0.262092	-0.042664	-0.70949	0.778329	-0.0246062	0.2531	-0.209034
0.443841	-0.0973425	0.424573	-0.0846874	-0.204038	-0.696952	0.364436	0.0380574	0.185686	-0.373568
0.0763284	-0.0592963	0.535825	-0.0033721	0.00327793	-0.170328	-0.265824	0.041378	0.0362037	-0.194192
-0.0146236	-0.0290122	0.363063	-0.00120419	-0.0163572	-0.00922632	-0.214706	0.00423328	-0.0227528	-0.0594132
-0.00223854	-0.000649829	0.104901	-0.00303408	-0.0266086	-0.0269404	-0.0339678	-0.00738464	-0.00231161	-0.00176557
-4.06882e-05	-1.24426e-06	-1.72789e-05	-0.00185509	-9.57762e-05	0.00747275	-0.000116014	-6.20748e-05	-0.000305932	-0.00497865
-5.49307e-05	-1.05991e-05	-0.0108234	0.0114231	-0.0178399	-0.000972827	-1.31412e-05	0.0284051	-0.000804298	-0.0093092
-0.000726508	0.000988203	-0.00739268	0.00563394	-0.0384971	-0.0016803	-5.439e-05	0.115108	-0.00109033	-0.0722892
-0.0691877	0.0160406	-0.131022	0.0230486	-0.0286411	0.0221435	-0.0242238	0.20572	-0.0121543	-0.00172399
-0.0268348	0.0252377	-0.31899	-0.0909965	0.294684	0.0547496	-0.236959	0.120291	-0.133778	0.312599
0.245893	-0.0595167	-0.567177	-0.303773	0.484356	-0.0421025	0.0262028	0.123787	-0.0285728	0.120904
0.196429	-0.111258	-0.263504	-0.408441	0.30847	-0.0572175	0.255178	-0.0540824	-0.132709	0.267132
0.442523	-0.150659	0.0152621	-0.368461	0.377271	-0.0360072	0.0443409	-0.0412602	-0.442262	0.159253
0.211218	-0.0204051	-0.0872621	-0.185107	0.327308	0.0450336	0.169413	-0.182345	-0.303014	0.0251606
0.256805	-0.231817	-0.0773701	-0.105676	0.29012	0.112166	0.305622	-0.327924	-0.237973	0.0160482
0.00591629	-0.662282	0.0883903	-0.175583	0.295109	0.310836	0.293215	-0.186822	0.0141296	0.0170886
0.14102	-0.609788	0.116662	-0.248749	0.393488	0.0152841	0.468449	-0.545336	0.287064	-0.0180939
0.198022	0.0590935	-0.0620365	0.192044	0.280747	0.0405637	0.18573	-0.984162	0.209195	-0.119196
-0.279175	0.289402	0.257459	0.0362146	-0.231916	0.0425928	-0.0598164	-0.595833	0.449472	0.0916008
-0.738464	0.557152	0.0720147	0.175704	0.0391677	-0.0749407	-0.134635	-0.161259	0.206937	0.0583243
-0.723009	0.404509	-0.185122	0.0578994	0.194535	-0.147367	0.0589183	-0.0917143	0.193672	0.23768
-0.733392	0.26001	-0.0828142	0.0111797	0.391669	-0.349327	0.171876	0.0170019	-0.0479218	0.361722
-0.164183	-0.190276	-0.267421	0.0559145	0.560629	-0.333372	-0.304673	0.270761	0.0642119	0.308411
-0.0629009	-0.554216	0.108135	-0.00425945	0.215547	-0.164781	-0.138944	0.463554	-0.100376	0.238243
-0.151759	-0.432809	-0.0532169	-0.148929	0.383183	-0.279851	-0.00884393	0.633531	0.0342356	0.0244593
0.0207342	-0.261695	0.0578391	-0.273588	0.228021	-0.016186	-0.107081	0.330114	-0.200172	0.222013
0.179942	-0.175039	-0.1147	-0.0445687	0.0813656	-0.105161	0.111361	0.0864719	-0.182061	0.162387
0.129137	-0.122431	-0.0831594	-0.270433	0.137396	0.0535332	0.331233	0.285963	-0.380233	-0.0810057
0.391089	-0.0889231	0.129005	-0.179228	-0.0538269	-0.102791	0.424888	0.284181	-0.333336	-0.471056
0.462552	-0.0464659	0.364727	-0.034213	-0.198227	-0.235499	0.244347	0.044334	-0.18939	-0.412162
0.0517385	-0.0347539	0.532913	-0.0253763	-0.0758095	-0.221634	-0.10041	-0.0439809	0.0375227	-0.120208
-0.00677158	-0.00552103	0.316352	-0.0129622	-0.06737	-0.0326511	-0.160865	-0.00609249	-0.00978775	-0.0143307
-0.000252949	-3.07483e-05	0.0107516	-0.00219021	-0.0028991	-0.00125612	-0.00359254	-9.0047e-05	-0.000404302	-3.55942e-05
-1.55361e-05	-4.98162e-07	-5.70429e-06	-0.000609612	-4.12018e-05	0.00238379	-3.85271e-05	8.10071e-05	-0.000105009	-0.00164871
-5.7216e-05	-7.48872e-06	-0.0233352	0.0262462	-2.82658e-05	-0.0010627	-6.83515e-06	-5.74404e-05	-0.00165799	-3.31171e-05
-0.00157943	0.00626601	-0.0131404	0.0296725	0.0138889	-0.00497439	-0.000311847	0.0299528	-0.00208995	-0.0576842
-0.0842868	0.00337586	0.0179802	0.0313628	0.0575067	-0.021309	-0.0729367	0.0956184	-0.0119437	-0.015367
0.10233	-0.0068836	0.0767075	0.0642561	0.214525	-0.0440515	-0.372915	0.0205813	-0.134842	0.0802941
0.357868	-0.105974	0.21649	-0.0431976	0.205216	-0.268541	-0.0542739	-0.105011	-0.267686	0.0651093
-0.00709312	-0.19173	0.311934	-0.0665311	0.218216	-0.144704	0.217771	-0.0863196	-0.302366	0.0508249
0.35255	-0.152065	-0.0111306	-0.270567	0.373198	-0.207915	0.27903	-0.15543	-0.260995	0.0533219
0.284436	-0.0901435	-0.0912381	-0.329898	0.30862	0.0350698	0.23541	-0.312846	-0.143369	0.103961
0.285693	-0.296448	0.0179352	-0.305803	0.375135	0.156626	0.157352	-0.354142	0.0191298	-0.055477
0.3067	-0.478661	0.0569403	-0.225057	0.298163	0.105017	0.266063	-0.255548	-0.0936229	0.0200053
0.0820064	-0.19301	-0.087202	-0.0926224	0.366592	0.0868854	0.427536	-0.560726	-0.0675029	0.03805
-0.078828	0.163548	-0.0578078	0.0534434	0.179788	0.181593	0.216632	-0.687419	0.15478	-0.125729
-0.595441	0.420496	0.224366	0.080925	-0.207124	0.00436357	0.127693	-0.295373	0.386982	-0.146885
-0.865988	0.664086	0.121943	0.2188	0.0581113	-0.325881	0.21934	-0.324428	0.427086	-0.193067
-0.681117	0.0740786	0.0505214	0.19261	0.253749	-0.259218	0.037954	0.0958307	0.0631496	0.172444
-0.489893	0.283437	-0.00426997	-0.0228171	0.547824	-0.191284	-0.0621327	-0.193763	-0.116425	0.249326
-0.238521	-0.545797	-0.117574	-0.0560868	0.492337	-0.272135	-0.0625497	0.571289	-0.170792	0.399835
-0.0313531	-0.563819	-0.147005	-0.180967	0.114799	0.221512	-0.0858077	0.575363	-0.036706	0.133983
-0.0413313	-0.483308	0.0201477	0.0855559	0.224483	-0.07075	0.0199468	0.326633	-0.134803	0.0534269
0.221981	-0.340511	-0.256065	0.339586	-0.0873894	-0.176633	0.13192	0.399542	-0.312614	0.0801866
0.0851499	-0.191732	-0.162396	0.240238	-0.0547555	-0.0295828	0.157386	0.345128	-0.290547	-0.0988877
0.180869	-0.15075	-0.300529	0.220204	0.15861	-0.0720848	0.00595745	0.427093	-0.216449	-0.25292
0.357136	-0.101376	-0.0452083	0.227348	-0.115761	0.0745021	0.158649	0.18032	-0.326554	-0.409053
0.352069	-0.0592849	0.550245	0.101438	-0.419625	0.036076	0.160095	-0.0314793	-0.324909	-0.36462
0.00158926	-0.0287549	0.609131	-0.053801	-0.168031	-0.138301	0.0345368	-0.12416	-0.00898698	-0.123219
-0.0123404	-0.010192	0.318679	-0.0173029	0.0236012	-0.0529673	-0.156469	-0.021788	-0.0249567	-0.0462632
-0.00217318	-0.00115495	0.0492304	-0.000680403	-0.00496792	-0.019678	-0.0130284	-0.000511164	-0.00377747	-0.00325887
-1.26478e-05	-5.18557e-07	-2.66257e-07	-1.25231e-05	-5.62371e-05	-0.000360237	-3.08771e-06	0.000579043	-2.76354e-05	-0.00010589
-4.8893e-05	2.6305e-05	-0.0116094	0.015194	-1.74404e-05	-0.000629213	-2.58983e-05	-0.00109868	-0.000886648	-0.000904197
-0.00492129	0.00507169	-0.00301865	0.0758541	-0.00740511	-0.0192959	-0.00163519	-0.00198577	-0.00508899	-0.0375749
-0.0570893	-0.00351433	0.234173	0.139368	-0.07823	-0.00821441	-0.115067	-0.0574184	-0.00566275	-0.0483433
0.16231	-0.0192744	0.340419	0.302114	-0.184863	-0.0585539	-0.391356	-0.0311879	-0.174092	0.0544876
0.437948	-0.142083	0.25197	0.152467	-0.105348	-0.150727	0.0299448	-0.154408	-0.323256	0.00349269
0.243808	-0.307681	0.378377	-0.0882145	0.0720398	-0.145909	0.285896	-0.0619335	-0.207468	-0.168912
0.184011	-0.294545	0.0736001	-0.249004	0.376899	-0.465087	0.380427	0.0896639	-0.00267228	-0.0932931
0.316346	-0.232293	-0.153816	-0.430324	0.376958	-0.265162	0.284931	-0.143255	0.0483638	0.198251
0.279963	-0.0932462	0.176487	-0.148206	0.201014	-0.379694	0.303778	-0.211516	0.0680324	-0.196614
0.249115	-0.0985525	0.15779	-0.195858	-0.068439	-0.0988381	0.402599	-0.532513	0.165045	0.0196495
0.137445	-0.128675	0.202069	-0.0347531	-0.0932198	-0.116341	0.708502	-0.779781	0.0263838	0.0783713
-0.248877	-0.221436	0.260222	0.0733116	0.0768421	-0.00983681	-0.00912437	-0.282961	0.465017	-0.103155
-0.780049	0.41495	0.39603	0.345244	-0.0050821	-0.0740199	0.0309189	-0.185238	0.128056	-0.270809
-0.680298	0.670291	0.147978	0.0250029	0.338597	-0.311347	0.194168	-0.437724	0.0951733	-0.0418405
-0.429523	-0.0642476	-0.0961513	-0.174285	0.546198	-0.137946	0.121225	0.138285	0.0892963	0.00715178
-0.2866	-0.00657584	0.196123	-0.348019	0.404754	-0.30069	-0.0229048	0.0410715	0.105503	0.217341
0.000495173	-0.802673	0.349651	-0.0434707	0.275304	-0.185673	-0.225934	0.331619	0.0404321	0.260248
0.0220374	-0.584113	0.0372192	0.31097	0.171683	-0.156143	0.120153	0.144999	-0.217529	0.150725
0.0460781	-0.423844	-0.0113956	0.368951	0.087407	0.00960688	0.2418	0.276637	-0.462038	-0.133199
0.243275	-0.276538	-0.147725	0.189973	0.24401	0.0753106	0.0329554	0.208322	-0.470946	-0.0986367
0.137915	-0.172687	0.287451	0.122714	0.150407	-0.0542316	0.0489029	0.2589	-0.452808	-0.326563
0.171029	-0.163097	0.20843	0.272222	-0.124771	0.200445	-0.0768003	0.00584696	-0.312993	-0.180311
0.19134	-0.139911	0.221547	0.418331	-0.241761	0.172867	-0.00471788	-0.0902697	-0.0660903	-0.461335
0.0714218	-0.0562304	0.556044	0.28136	-0.288406	0.00448278	0.1089	-0.1028	-0.222811	-0.351955
-0.0854375	-0.0654509	0.900659	-0.0933616	-0.134526	-0.136794	-0.0220194	-0.124349	-0.11964	-0.119079
-0.0395854	-0.0309268	0.476823	-0.0183773	-0.0815221	-0.0798296	-0.130024	-0.0160418	-0.0508723	-0.0296439
-0.00241419	-0.000628962	0.0773916	-0.00120013	-0.00347741	-0.0351916	-0.0298211	-0.00118852	-0.00305556	-0.000414139
0.0	0.0	0.0	0.0	0.0	0.0	0.0	0.0	0.0	0.0
-5.98994e-05	0.000371084	-0.00440113	0.00561088	-1.26278e-05	-0.000482407	-2.52801e-05	-8.45491e-05	-0.000698787	-0.000217284
-0.012262	-0.000207431	0.0406678	0.0724641	-0.00474775	-0.0307739	-0.00330696	-0.00262028	-0.00535986	-0.0538537
-0.0498487	-0.0075537	0.249432	0.30568	-0.210693	0.0239194	-0.109245	-0.0626529	-0.0355282	-0.103508
0.115661	-0.038329	0.425159	0.384767	-0.14288	0.0632165	-0.430075	-0.00975605	-0.178303	-0.189457
0.332008	-0.263707	0.329168	0.118247	-0.164543	0.223249	-0.059647	-0.0603129	-0.255153	-0.199309
0.310186	-0.450129	0.24653	-0.0324899	-0.0407416	0.408923	0.0969637	-0.205323	-0.136117	-0.1978
0.23046	-0.406591	0.177107	-0.0263134	0.175346	-0.285964	0.217935	-0.276525	0.0914498	0.103092
0.111074	-0.237727	0.103064	-0.261253	0.250541	-0.312922	0.339413	-0.210163	0.0948073	0.123164
0.252407	-0.126133	0.186228	-0.564975	0.120898	-0.263341	0.368055	-0.247089	0.329467	-0.0555159
0.413366	0.0844167	0.37509	-0.574225	-0.00241531	-0.364354	0.597774	-0.612467	-0.00454307	0.0873574
0.132479	-0.179453	0.288081	-0.408576	-0.0883851	-0.302955	0.551105	-0.301757	0.311877	-0.00241526
-0.124359	0.0677228	0.332446	-0.24075	-0.00277281	-0.503236	0.105503	-0.050187	0.339908	0.0757239
-0.661678	0.466266	0.278867	-0.197347	0.196715	-0.477029	0.140807	0.048606	0.227989	-0.0231955
-0.633223	0.525275	0.0435983	-0.337296	0.536541	-0.313899	0.155323	0.0585286	0.0810439	-0.115891
-0.337778	0.020687	0.137939	-0.385813	0.366657	-0.0787039	0.0564399	0.0536796	-0.107804	0.274698
-0.0516477	-0.360268	0.0260362	0.0361174	0.302304	-0.0175191	-0.0737441	-0.0763946	0.200948	0.0141695
0.14539	-0.653551	-0.192409	0.257	0.218648	0.160393	0.0649101	0.027001	-0.0929171	0.0655369
-0.0439918	-0.36881	0.0265952	0.0499296	0.281046	0.262557	0.187691	0.0917942	-0.418985	-0.0678263
0.08917	-0.24586	0.0135929	0.358289	-0.151517	0.0613405	0.196253	-0.0735474	-0.0713325	-0.176386
0.155146	-0.177436	-0.058898	0.065226	0.0309371	0.0391199	0.0393811	0.0966809	-0.0628013	-0.127356
-0.0530105	-0.108155	0.0843054	0.105146	0.131025	0.00767137	0.0917657	0.018417	-0.0814461	-0.195719
0.191414	-0.0436761	0.139011	0.273313	-0.177469	-0.0286848	0.0883032	0.00470837	-0.137091	-0.30983
0.0811946	-0.0668601	-0.00959954	0.401293	-0.213003	0.169537	0.0641999	-0.091104	0.114784	-0.45044
0.00062373	-0.0330807	0.514657	-0.0648806	-0.258733	0.0722075	0.0858229	0.0540545	-0.0250815	-0.345588
-0.0375865	-0.0909326	0.942464	-0.175395	-0.196173	-0.166946	-0.00790151	0.0216965	-0.214065	-0.0751582
-0.0176604	-0.00709756	0.243819	-0.018222	-0.0434148	-0.0343968	-0.0856606	0.0218312	-0.0446325	-0.014565
0.0203296	-0.000917593	0.025334	-0.0010301	-0.0217529	-0.00591267	-0.0112903	-0.00291631	-0.000655055	-0.00118865
-2.96844e-05	-1.30242e-05	-1.61567e-05	-0.000541225	-0.00475401	-0.000262212	-5.57905e-06	0.00515066	-0.00013206	0.000603284
-1.30829e-05	8.25472e-05	-0.000188182	0.000520647	-2.38661e-06	-0.000247757	-5.71465e-06	-1.97131e-06	-9.81385e-05	-4.59622e-05
-0.0100238	-0.000658221	-0.0078703	0.0734555	-0.00882454	-0.021347	-0.00245504	0.0119419	-0.00465877	-0.0295597
-0.097684	-0.00921754	0.14642	0.470309	-0.13742	0.00788664	-0.082827	-0.0269866	-0.110496	-0.159982
0.0373579	-0.0817105	0.478391	0.320323	-0.0534556	0.269824	-0.356052	-0.0982344	-0.275854	-0.240584
0.0968159	-0.32417	0.52588	0.334327	-0.0834321	0.267993	-0.278959	-0.128141	-0.106399	-0.303914
0.130013	-0.604212	0.173055	0.188011	-0.0841343	0.538486	0.0448089	-0.364941	0.0670275	-0.0881141
0.0992555	-0.436769	0.412872	-0.148333	0.0657425	0.186309	0.202374	-0.32675	-0.0111475	-0.0435541
0.264729	-0.0832858	0.0540843	-0.129248	0.127675	-0.0224537	0.168407	-0.294911	0.0495679	-0.134565
0.294234	0.00510726	-0.00783109	-0.39112	0.103899	-0.197486	0.329534	-0.336162	0.255078	-0.0552544
0.382677	-0.191317	0.241824	-0.428445	-0.269784	-0.146574	0.265176	-0.390797	0.25572	0.281519
0.121749	-0.180739	0.105416	-0.400032	-0.085974	-0.11431	0.212657	-0.152525	0.317558	0.176203
-0.277439	-0.00766148	0.293466	-0.51071	0.181374	-0.130796	0.653723	-0.180573	0.264099	-0.285479
-0.60032	0.130078	0.311869	-0.319032	0.307635	-0.108621	0.400281	0.0871952	0.0229566	-0.232038
-0.483732	0.235936	0.131963	-0.231541	0.312719	-0.00922389	0.0405267	-0.069562	-0.11778	0.190698
-0.159086	-0.242416	-0.0805541	0.205329	0.176434	-0.0327126	0.0997691	-0.112201	-0.016185	0.161624
0.00343044	-0.412836	0.093139	0.382807	0.269281	-0.00242697	0.224301	-0.185128	-0.195816	-0.17675
0.0054248	-0.149016	0.24017	0.136003	-0.181775	0.161469	0.261146	-0.0864422	-0.257687	-0.129292
-0.0138325	0.0235208	0.0907537	0.132005	-0.0639127	-0.0983836	0.258644	-0.0979836	-0.100729	-0.13008
-0.0468111	-0.0220086	0.0957107	0.191654	-0.170433	0.0718795	0.00555199	-0.0394504	-0.0278633	-0.0582292
-0.168767	0.0437368	-0.0306145	0.133455	-0.0269621	0.0485783	-0.0188546	-0.0232676	0.0441588	-0.00146367
-0.041152	0.00441076	0.130497	0.358833	0.0169984	0.00406147	0.0699478	-0.147192	-0.208316	-0.188089
0.251255	-0.0620463	0.114148	0.396735	-0.351056	0.0903662	0.0590018	-0.201407	0.0233885	-0.320387
0.104112	-0.0691199	0.431689	0.162438	-0.241623	0.200223	0.0658066	-0.35494	0.128197	-0.426781
-0.0246982	0.00543753	0.791751	-0.240899	-0.223252	0.194637	0.0276346	-0.188087	-0.0618159	-0.280705
-0.0322405	0.0249618	0.651609	-0.115385	-0.190769	-0.102058	0.0307737	-0.0169202	-0.182838	-0.0671317
-0.00932704	0.0149822	0.0812712	-0.0147395	-0.0161853	-0.0267094	-0.0258495	0.0241515	-0.0241277	-0.00346643
-0.0058596	-9.54278e-06	0.0332147	-0.000235002	-3.329e-05	-0.0132391	-0.0130934	-1.80482e-05	-0.000333192	-0.000393475
-2.35776e-09	5.79656e-05	-3.85845e-05	-4.11258e-06	-1.00344e-08	-1.20854e-07	-2.58078e-07	-6.44294e-07	-1.39203e-05	-3.1266e-07
0.00652849	0.000291989	-0.0021796	-0.000153816	-0.00960823	-0.000644219	-0.000771899	0.0203112	-0.000905041	-0.0128689
-0.00357741	-0.000830457	-0.0089427	0.0598374	-0.00537327	-0.0180485	-0.00288617	0.0112286	-0.00845406	-0.0229533
-0.0771309	-0.0117799	-0.0108416	0.505625	0.00914356	0.0127822	-0.0804596	-0.0688084	-0.158041	-0.120488
-0.0269983	-0.130521	0.291376	0.382879	-0.0743755	0.308703	-0.22834	-0.0788688	-0.245582	-0.198272
0.0796812	-0.445818	0.147862	0.476774	0.0397398	0.264435	-0.250765	-0.188018	0.0670874	-0.190979
0.193722	-0.314807	0.0811102	0.137152	-0.0651272	0.328342	-0.00854026	-0.329854	0.0971717	-0.119172
0.166625	-0.017335	0.339635	-0.0492869	-0.0970774	0.0864101	0.135807	-0.445922	-0.0552813	-0.0635769
0.200419	-0.0217656	0.196817	-0.0317264	-0.236064	0.293175	-0.0176054	-0.288701	0.0822227	-0.176773
0.111345	0.0789574	0.249081	-0.0198059	-0.386217	0.0843828	0.278707	-0.320929	0.246583	-0.322106
0.293943	-0.147465	0.344631	-0.0737915	-0.45796	0.0698013	0.421364	-0.49043	0.228686	-0.188778
0.364265	-0.127438	0.204192	-0.21824	-0.170439	0.0353182	0.65722	-0.264907	-0.167821	-0.312149
0.23868	-0.10959	0.195223	-0.245694	-0.460523	0.0612048	0.596256	-0.100553	-0.0042531	-0.170749
-0.139934	0.204844	0.41189	-0.150457	-0.209401	0.0843825	0.209306	-0.0626527	-0.154272	-0.193703
-0.250699	-0.101649	0.0987239	-0.00808004	0.190578	-0.00128481	0.331973	0.144367	-0.159388	-0.244539
-0.133826	0.00124279	0.187881	0.0311498	-0.0159012	0.0861788	0.277521	-0.164217	-0.0146495	-0.255379
-0.130771	0.214189	0.243255	0.125426	-0.0721616	-0.0320556	0.253486	-0.381686	-0.0409986	-0.178682
0.0541649	-0.00290553	0.258399	0.295652	-0.219146	-0.0844188	0.189167	-0.315888	0.051256	-0.226279
0.000970641	0.128896	0.0847791	0.236849	-0.181971	0.0551381	0.116514	-0.413129	0.113519	-0.141565
-0.140464	0.17656	-0.0747627	0.234572	-0.27596	-0.00424803	0.171378	-0.121257	0.0209613	0.013221
-0.0286824	0.0849311	0.103319	0.058494	-0.216721	0.183171	0.0463794	-0.276929	0.0423645	0.003673
0.0912706	0.0283802	0.234009	0.294881	-0.09134	0.110073	0.158469	-0.463911	-0.101369	-0.260462
0.262319	-0.0477745	0.353834	0.109723	-0.469431	0.116361	0.170626	-0.44892	0.247103	-0.29384
0.0416275	-0.0253796	0.334008	0.124922	-0.326142	0.255383	0.0365196	-0.400288	0.193643	-0.23429
0.0258915	0.0574305	0.402333	-0.147504	-0.208821	0.223587	-0.0358186	-0.0993403	-0.0832409	-0.134516
-0.0452136	0.0708458	0.502001	-0.0654201	-0.0973875	-0.0277314	-0.102355	-0.0313761	-0.162076	-0.041287
-0.0097887	0.0146926	0.149232	-0.0102354	-0.00271631	-0.0450972	-0.0513468	-0.00283322	-0.0277315	-0.0141753
-0.00172182	4.58939e-05	0.0127578	-8.44191e-05	-1.77496e-07	-0.0034764	-0.00741884	-5.27183e-07	-0.000101291	-2.40515e-07
0.0	0.0	0.0	0.0	0.0	0.0	0.0	0.0	0.0	0.0
0.0164434	-5.29725e-05	-0.00491856	-0.000697855	-0.000125965	-0.000709163	-0.00193978	-0.000134844	-0.00197054	-0.00589375
-0.00540195	-0.00699208	0.0286603	0.039002	-0.000156643	-0.00612163	-0.00303361	-0.0110172	-0.0134805	-0.0214586
-0.0700155	-0.0259687	0.102474	0.422555	-0.0319536	0.0352076	-0.0551293	-0.105987	-0.15904	-0.112139
0.0389336	-0.0813975	0.336327	0.481113	-0.110726	0.115819	-0.197194	-0.235009	-0.234041	-0.113823
0.216085	-0.322464	0.289982	0.264458	-0.197232	0.397775	-0.281762	-0.293395	-0.090016	0.0165668
0.197559	-0.0531583	0.239783	0.368795	-0.243155	0.236258	-0.181125	-0.438789	0.0592906	-0.185459
0.147026	0.0266608	0.530487	0.213768	-0.429695	-0.120448	0.175088	-0.475491	0.349884	-0.41728
0.168826	0.210036	0.300022	0.193334	-0.539936	0.254344	-0.0547032	-0.307191	0.0659554	-0.290689
0.200265	0.12052	0.284822	0.324264	-0.417725	0.225654	0.225509	-0.399144	-0.0939061	-0.470262
0.303396	0.172406	0.253379	-0.0280119	-0.410405	0.0315534	0.476691	-0.344792	0.129435	-0.583653
0.431989	0.195046	0.374091	-0.17055	-0.170412	0.163634	0.348093	-0.295352	-0.223944	-0.652592
0.448428	0.0978755	0.230875	-0.414458	-0.24516	0.0492532	0.516665	-0.0755452	0.0173648	-0.625295
0.163999	-0.0710342	0.0728299	-0.0898257	-0.38333	0.0771767	0.284833	0.0367747	0.099712	-0.191131
-0.00161832	1.47067e-05	-0.0378958	0.067019	-0.091848	-0.0839537	0.656164	0.0665158	-0.249911	-0.324485
0.0164071	-0.0329639	0.0567282	-0.0858987	-0.0506834	0.0427816	0.379158	-0.240148	0.173787	-0.259166
-0.0710367	0.283949	0.0543881	0.0724577	0.0394262	0.160358	0.179372	-0.378875	-0.222205	-0.117832
0.00777711	0.322596	-0.117384	0.202945	0.00683257	0.196203	0.0782663	-0.490018	-0.0535726	-0.153644
-0.109122	0.399269	0.131256	0.319584	-0.116569	0.169571	0.259985	-0.713994	-0.0536205	-0.28636
-0.109716	0.366886	0.276442	0.187462	-0.296873	0.112828	0.061389	-0.451298	-0.050145	-0.0969755
-0.056239	0.192915	0.206326	0.289225	-0.189252	-0.0108739	0.212353	-0.621303	0.156007	-0.179158
0.0935511	0.0349469	0.321703	0.0998917	-0.0920986	0.151369	0.071758	-0.608999	0.239553	-0.311675
0.145248	-0.0459745	0.307514	-0.0117195	-0.29557	0.47452	-0.097006	-0.51968	0.276924	-0.234253
-0.0308502	-0.0480194	0.311867	0.057658	-0.262523	0.196859	0.0032307	-0.279455	0.140111	-0.088877
-0.0215195	-0.019312	0.458554	-0.108445	-0.139265	0.107501	-0.075992	-0.0527023	-0.173871	0.0250535
-0.0368984	0.0109139	0.237188	-0.0382009	-0.0955382	0.0755182	-0.0473179	-0.03799	-0.106716	0.0390425
-0.00160683	0.015688	0.0442139	-0.00311321	-0.000682286	-0.00711554	-0.0107943	-0.00180465	-0.0246254	-0.0101596
-2.11337e-05	0.000178908	-0.000142056	-4.72305e-05	-3.49055e-05	0.000445277	-4.80841e-06	-3.21709e-05	-0.000308755	-3.31236e-05
-2.27775e-08	0.00011212	-4.45252e-05	-2.09925e-05	-4.76622e-07	-7.16365e-07	-8.08961e-07	-6.07967e-06	-3.66294e-05	-1.86845e-06
-5.45528e-05	1.61591e-05	4.85188e-05	0.000881039	-3.26003e-06	-0.000300524	-3.42708e-05	-0.000188716	-0.000106292	-0.0002581
-0.0215553	-0.0120898	0.0639801	0.0720467	-0.000551197	-0.0183992	-0.00185083	-0.0519644	-0.01261	-0.0170057
-0.0515237	-0.0128116	0.170994	0.276494	-0.0633551	0.0529615	-0.0360861	-0.143275	-0.103077	-0.0903198
-0.0604991	0.0689647	0.210953	0.299725	-0.114505	0.239831	-0.16687	-0.249319	-0.113493	-0.114784
0.13846	0.337691	0.20819	0.0432766	-0.130867	0.105622	-0.267882	-0.309343	-0.0925317	-0.0326143
0.140685	0.257512	0.178974	0.231561	-0.361394	0.190586	-0.345888	-0.402989	0.224073	-0.113121
0.135789	0.107403	0.142183	0.247577	-0.402517	0.271317	-0.0627607	-0.449306	0.27769	-0.267377
-0.0501907	0.188692	0.00220344	0.215944	-0.118598	0.155907	0.159345	-0.278574	-0.0682522	-0.206476
0.044342	0.0493862	0.257597	-0.216022	-0.18263	0.15618	0.198007	-0.379004	0.211872	-0.139728
0.23597	0.232559	0.122019	-0.141061	-0.225349	0.0839524	0.258326	-0.199457	-0.126965	-0.239995
0.355975	-0.135495	0.111419	-0.160508	-0.0622759	0.235696	0.318094	-0.204013	-0.0225482	-0.436344
0.327298	-0.170119	-0.0298047	-0.0836094	-0.126818	0.134835	0.564988	-0.0864635	-0.160218	-0.370085
0.117247	-0.184152	0.142841	-0.0511995	-0.20807	0.0513021	0.565382	-0.178961	0.10613	-0.360517
0.00316416	0.139017	0.110028	-0.116667	-0.1256	0.109537	0.585153	-0.307472	-0.0216244	-0.375534
0.0242157	0.0590716	-0.0673273	0.048708	0.07572	0.0851491	0.288318	-0.171393	-0.0128091	-0.329652
0.0188333	-0.0219764	0.138191	0.129617	-0.147605	0.00508764	0.246609	-0.0667578	-0.132415	-0.169584
-0.183924	0.10568	0.293744	0.015542	0.0145565	0.101647	0.375341	-0.353177	-0.00400217	-0.365406
-0.200112	0.401105	0.318907	0.223085	-0.168199	-0.015875	0.284518	-0.411205	-0.0532451	-0.37898
-0.246399	0.282863	0.400404	0.294054	-0.0355955	-0.0445723	0.124245	-0.44165	-0.0328783	-0.30047
-0.0927287	0.339048	0.0298786	-0.0115625	-0.034079	0.242779	0.0667754	-0.509624	0.161174	-0.191662
0.0260052	0.190658	0.144891	-0.123233	0.00259476	0.387355	-0.0346097	-0.563757	0.0810142	-0.110917
0.054801	-0.160135	0.341353	-0.0682396	-0.118252	0.415244	0.0305237	-0.482414	0.172415	-0.185294
0.0214005	-0.122642	0.509928	-0.170514	-0.0700094	0.224935	-0.0411885	-0.276658	-0.0461934	-0.0290558
-0.0448649	0.00943124	0.356308	-0.144062	-0.093964	0.134006	-0.0413588	-0.0524008	-0.214044	0.0909528
-0.0218427	0.000727455	0.148378	-0.0299222	-0.0843453	0.113376	-0.039953	-0.0214004	-0.0725368	0.00751965
0.0198957	-0.000994111	0.0155296	-0.00506272	-0.00129185	0.00293634	-0.00312844	-0.00257013	-0.00737522	-0.0179391
6.57086e-06	-4.51178e-11	-1.3265e-06	-3.15224e-07	-3.88027e-09	-1.71222e-06	-2.42976e-07	-7.81798e-09	-2.94111e-06	-2.08934e-08
-2.20657e-08	0.000108616	-4.31337e-05	-2.03365e-05	-4.61728e-07	-6.93979e-07	-7.83681e-07	-5.88968e-06	-3.54847e-05	-1.81006e-06
-8.90862e-07	3.30266e-05	-1.52538e-05	2.34458e-05	-1.89935e-07	-9.01657e-06	-2.56105e-07	-1.01584e-05	-1.28731e-05	-7.83356e-06
-0.00408595	-0.0116487	0.0460723	0.0798115	-0.000410182	-0.0134483	-0.000230701	-0.0685957	-0.00955273	-0.0179114
-0.0568737	-0.0138524	0.129551	0.225406	-0.0630325	0.0240387	-0.0153558	-0.145064	-0.038495	-0.0463205
-0.223917	0.12952	0.185415	0.208646	-0.0963518	0.23496	-0.078664	-0.183232	-0.0756093	-0.100763
-0.0313941	0.669994	0.184905	0.058009	-0.154456	-0.0552882	-0.170438	-0.0999887	-0.148883	-0.252455
0.0526622	0.436378	0.328053	0.154699	-0.211823	-0.197797	-0.333768	-0.119412	0.0696806	-0.178677
0.0782305	0.0911981	0.299004	0.116842	-0.24845	-0.0140014	-0.259051	0.0267316	0.172422	-0.262926
0.184747	0.0602638	0.347236	-0.0761377	-0.210122	0.0864361	-0.152842	-0.110159	-0.0936025	-0.0358196
0.153311	0.0898994	0.279702	0.00191707	-0.270991	0.0970598	0.0416374	-0.227536	-0.0740596	-0.0909405
0.138986	-0.131167	0.101304	0.0189653	-0.156412	-0.0681462	0.143456	-0.0687223	0.00965896	0.0120774
0.175026	-0.416525	0.190849	0.107397	-0.127337	0.0655575	0.0353837	-0.244527	0.217678	-0.00350267
0.163924	-0.543367	0.121529	-0.0712084	-0.158262	0.142115	0.260367	-0.0591288	0.13058	0.013453
0.45785	-0.367715	0.0298762	-0.109492	-0.0695682	0.236578	0.252079	-0.37834	0.163113	-0.214382
0.112903	-0.105259	-0.0596232	-0.0801862	-0.160336	0.148239	0.0381478	-0.136635	0.259103	-0.0163531
0.10746	0.0209683	-0.13339	0.0929647	-0.160969	0.0717055	0.230086	-0.0600738	0.101077	-0.269829
0.022401	0.0295909	-0.0141433	0.0730499	-0.128699	0.131435	0.167337	-0.0731135	-0.0197626	-0.188095
0.0451003	0.263155	-0.0452048	0.140483	-0.00746811	0.00865103	0.0617385	-0.243265	0.0641742	-0.287366
-0.11166	0.414835	0.117109	0.0753152	-0.039138	0.138562	-0.0288302	-0.282541	0.0164467	-0.300098
-0.126527	0.256377	0.263928	0.172787	0.241029	0.152047	-0.0412067	-0.285789	-0.151383	-0.481264
-0.165066	0.235908	0.273822	0.12625	0.0537443	0.132374	0.0587728	-0.48288	-0.0820961	-0.15083
-0.0595866	-0.00563427	0.228141	-0.083593	0.264995	0.0654718	0.0519233	-0.535849	0.151893	-0.0777604
0.0512017	-0.157968	0.354182	0.0189918	-0.00376148	0.195569	-0.10071	-0.376815	-0.0145983	0.0339116
0.0434586	-0.0840002	0.266499	-0.0936762	-0.09912	0.216345	-0.115709	-0.264513	-0.00912833	0.139849
-0.0332712	-0.0129289	0.212684	-0.0994429	-0.0809412	0.140711	-0.0548204	-0.0484916	-0.0987547	0.0752579
-0.0165645	-0.00230216	0.0727415	-0.0255839	-0.0540094	0.0788193	-0.0150382	-0.0206425	-0.0316104	0.0141905
0.00209824	0.00454189	-0.0204707	-0.000236655	0.00328658	0.0206979	-0.000138163	-0.000881748	-0.00389948	-0.00499787
1.21308e-05	-8.32944e-11	-2.44893e-06	-5.81952e-07	-7.16357e-09	-3.16102e-06	-4.48571e-07	-1.44332e-08	-5.42974e-06	-3.85724e-08
0.0	0.0	0.0	0.0	0.0	0.0	0.0	0.0	0.0	0.0
0.0	0.0	0.0	0.0	0.0	0.0	0.0	0.0	0.0	0.0
-0.000336988	-0.000184336	0.00198844	0.0716503	-0.00016129	-0.000966002	-3.15745e-05	-0.0530483	-0.0023589	-0.0165513
-0.0258148	-0.0470974	-0.0228082	0.236576	-0.0128901	0.034716	-0.00197032	-0.115007	-0.0327073	-0.0129968
-0.165034	-0.000651267	-0.0034712	0.31983	-0.0465355	0.163306	-0.0141909	-0.00896246	-0.11393	-0.130358
-0.172959	0.382755	-0.0515356	0.303101	-0.0914521	0.162654	-0.0475139	0.108734	-0.380212	-0.21357
-0.0661872	0.346516	0.0013794	0.261161	-0.0606405	-0.0344805	-0.119783	0.2516	-0.356729	-0.222836
0.122195	0.0688017	0.0825855	0.245686	-0.0539236	-0.202676	-0.246304	0.314253	-0.147282	-0.183337
0.171187	-0.0508741	0.160508	-0.0123629	-0.0542201	0.104078	-0.288564	-0.290456	0.219205	0.0414986
0.268892	0.0247592	0.18125	0.14946	-0.0544232	0.0892705	-0.323412	-0.1434	0.0547934	-0.24719
0.335083	-0.101577	-0.00013582	0.090319	-0.0243822	0.272129	-0.409886	-0.0972852	-0.072367	0.00810054
0.328526	-0.113251	0.208314	0.199498	-0.00937983	0.0487677	-0.311772	-0.283203	0.0323467	-0.0998446
0.223794	0.138356	0.140799	-0.194454	-0.124251	0.0987688	-0.0884982	-0.265631	0.147414	-0.0762982
0.253332	-0.0835941	-0.100366	0.130956	-0.0662037	-0.0610337	-0.052271	-0.281939	0.395507	-0.134388
0.252367	-0.214394	-0.0693063	-0.125383	-0.00728742	0.111139	0.0218238	-0.133998	0.198728	-0.0336881
0.191804	0.0936828	-0.0908952	-0.03723	-0.0706384	-0.0139145	-0.00701398	-0.0142075	0.166822	-0.218409
0.00701005	0.0672194	-0.0319329	-0.259104	0.123569	0.187753	-0.0804921	-0.179286	0.316643	-0.151379
0.041936	0.261834	-0.0619344	0.0737297	0.00492525	-0.0247127	-0.0486877	-0.141429	0.0718565	-0.177519
-0.301678	0.0300645	0.25397	0.265634	0.224013	-0.246686	0.0217702	-0.254695	0.166285	-0.158678
-0.355989	0.0488789	0.447249	-0.0126168	0.213802	-0.0721208	0.0346695	-0.394103	0.17201	-0.0817789
-0.327167	-0.0550278	0.348773	0.0220709	0.21727	0.0609568	0.00623896	-0.484857	0.196753	0.0149898
-0.151862	-0.137455	0.403548	-0.0659607	0.230107	-0.0162597	-0.0476234	-0.46752	0.0521094	0.20092
-0.0504149	-0.117824	0.347788	-0.134211	-0.0724642	0.0524306	-0.0458667	-0.306444	-0.00142897	0.328438
-0.0328994	-0.0939275	0.229922	-0.0857878	-0.115319	0.129461	-0.0437721	-0.270093	0.0538922	0.228527
-0.0499831	-0.0240812	0.18988	-0.0390132	-0.0786812	0.0901774	-0.0300621	-0.0776799	-0.0681207	0.0875645
-0.0114217	0.000708114	0.0709896	-0.0231288	-0.00137599	0.0331518	-0.00792045	-0.0240785	-0.0248453	-0.0120788
-1.49907e-05	0.0184023	-0.0142473	0.00620378	0.00333561	0.0121309	-0.000141359	-0.000638146	-0.0165366	-0.00849407
0.0	0.0	0.0	0.0	0.0	0.0	0.0	0.0	0.0	0.0
0.0	0.0	0.0	0.0	0.0	0.0	0.0	0.0	0.0	0.0
0.0	0.0	0.0	0.0	0.0	0.0	0.0	0.0	0.0	0.0
-0.00122704	-9.97291e-06	-0.00210976	0.0374141	-1.17226e-05	-0.000487226	-3.85727e-06	-0.0289262	-0.000141392	-0.00449694
-0.00211742	-0.0305697	-0.0688552	0.147387	-0.000326164	0.032367	-0.000156346	-0.0147049	-0.0496586	-0.0133655
-0.0202721	-0.0567798	-0.121361	0.26227	-0.0188453	-0.00626246	-0.00227417	0.119226	-0.179022	0.0233219
-0.0813767	0.0406432	-0.243356	0.263494	-0.0204951	-0.00618187	-0.0157671	0.374873	-0.343817	0.031988
-0.109943	0.0309691	-0.354084	0.462866	-0.0295549	-0.0279569	-0.0306036	0.406457	-0.381027	0.0328793
-0.164059	-0.0843045	-0.334374	0.480312	-0.0442381	0.0663212	-0.0754992	0.255262	-0.252395	0.152976
-0.118438	-0.190037	-0.194476	0.210891	-0.0681142	0.125322	-0.14956	0.122299	0.163088	0.0990267
-0.0680488	-0.195771	-0.0863511	0.221751	0.00666422	0.367447	-0.219836	0.026908	0.0724625	-0.125226
-0.0217088	-0.276809	-0.199164	0.381777	0.00447155	0.196036	-0.293576	0.0790565	0.0726395	0.0572781
-0.0205503	-0.317485	-0.122401	0.344752	0.145454	0.158595	-0.414596	0.00110866	0.354442	-0.129319
0.229885	-0.282998	0.0922083	0.193293	-0.148805	0.231805	-0.362899	-0.00533469	0.27019	-0.217344
0.217782	-0.3529	0.0420204	0.296604	-0.169028	0.387321	-0.388018	0.143536	0.142964	-0.320283
0.124766	-0.352002	0.274928	0.302299	-0.102902	0.314629	-0.33729	-0.0350118	0.175439	-0.364855
-0.038523	-0.272997	0.0562654	0.18505	-0.114532	0.26135	-0.269848	-0.0507445	0.2691	-0.0251215
-0.106355	-0.456861	0.0158592	0.284361	0.0215983	0.119583	-0.138578	-0.104473	0.46132	-0.0964543
-0.153419	-0.1348	0.151663	0.179373	-0.147085	0.217135	-0.0924988	-0.0503763	-0.0327341	0.0627415
-0.278272	-0.0120995	0.221248	-0.1902	-0.0240935	0.197882	-0.0943065	-0.207682	0.30385	0.0836742
-0.310781	0.0208638	0.00849015	-0.159496	0.103096	0.0530783	-0.1025	-0.179842	0.467618	0.0994735
-0.287846	-0.0192867	0.00569657	-0.0560054	0.0725827	0.0411959	-0.0581688	-0.212267	0.129685	0.384415
-0.195826	-0.0316687	0.156538	-0.0165205	0.0743224	-0.0168507	-0.059993	-0.229289	-0.0500159	0.369306
-0.0831807	-0.0684726	0.0573276	-0.0436042	0.0235741	0.14034	-0.0352349	-0.215847	-0.0566703	0.281769
-0.0313136	-0.0284395	0.0983092	-0.0288106	-0.0238736	0.103562	-0.0146138	-0.246327	-0.0357995	0.207307
-0.00597769	-0.0125333	0.218472	-0.0307006	-0.0474525	0.0636822	-0.00332989	-0.0930374	-0.058543	-0.0305799
-0.000589793	0.00597755	0.117568	-0.0054141	0.00957396	-0.0211129	-0.000351425	-0.0378232	-0.0286635	-0.0391642
-4.08399e-07	0.00137952	0.0171249	-1.50561e-05	-0.000131995	-0.000426762	-3.50248e-05	-1.72437e-06	-0.00431967	-0.0135737
0.0	0.0	0.0	0.0	0.0	0.0	0.0	0.0	0.0	0.0
0.0	0.0	0.0	0.0	0.0	0.0	0.0	0.0	0.0	0.0
0.0	0.0	0.0	0.0	0.0	0.0	0.0	0.0	0.0	0.0
-1.77117e-05	-2.50375e-07	-3.9642e-05	0.00375058	-5.01531e-05	-7.54845e-06	-3.06936e-07	-0.004976	-0.000279294	0.00162033
-0.000126279	-0.00249348	-0.0164662	-0.0200287	-7.3883e-05	0.0333382	-5.34877e-05	0.0167853	-0.0041396	-0.00674179
-0.00277846	-0.0460773	-0.0501425	0.00543762	0.000523058	0.0399893	-0.000899532	0.116975	-0.0946945	0.0316673
-0.0172259	-0.0918104	-0.0792864	0.10404	-0.0443226	-0.0189812	-0.00180383	0.0800143	-0.183556	0.252933
-0.0795903	-0.113873	-0.0795132	0.269211	-0.124065	-0.0253224	-0.00539071	0.030597	-0.144188	0.272136
-0.124327	-0.152182	-0.160408	0.469199	-0.208155	-0.00960742	-0.0102609	0.0591927	-0.155607	0.29216
-0.197356	-0.144809	-0.314118	0.685889	-0.36361	-0.00682918	-0.0373966	0.289843	-0.23558	0.323972
-0.300107	-0.234839	-0.382968	0.693423	-0.278167	0.153166	-0.0532989	0.364548	-0.200767	0.23901
-0.413315	-0.487871	-0.324275	0.65292	-0.140348	0.185576	-0.0494463	0.220809	0.0630698	0.292882
-0.426247	-0.40432	-0.321046	0.543909	-0.28108	0.309289	-0.0486633	0.414066	0.0794771	0.134613
-0.534198	-0.264586	-0.221022	0.656076	-0.448546	0.319668	-0.046387	0.346312	-0.0636005	0.256286
-0.488313	-0.318655	-0.136411	0.538092	-0.238971	0.316527	-0.0971573	0.279741	-0.0358842	0.181033
-0.453735	-0.352921	-0.0127845	0.335637	-0.235418	0.105375	-0.0948203	0.228348	0.164827	0.315495
-0.4068	-0.386488	0.0394647	0.159213	-0.27955	0.328275	-0.0960638	0.240813	0.287221	0.113916
-0.273922	-0.366737	-0.00943218	0.217871	-0.391732	0.283658	-0.0804094	0.144625	0.262752	0.213329
-0.303906	-0.215904	-0.064699	0.144113	-0.427237	0.2716	-0.0554385	0.128946	0.265556	0.256973
-0.263077	-0.106074	-0.201769	0.0742482	-0.361749	0.163626	-0.0467067	0.245794	0.170306	0.325406
-0.160239	-0.0829293	-0.242616	0.135402	-0.394622	0.160606	-0.0298786	0.0665986	0.0935334	0.454147
-0.16817	-0.0319326	-0.167706	0.00635043	-0.214118	0.107745	-0.0160792	-0.0866153	0.0241323	0.546394
-0.124033	-0.0077608	-0.146823	-0.079011	-0.142369	0.172137	-0.00933094	-0.0739506	-0.0336665	0.44481
-0.0501092	-0.00506442	-0.122034	-0.0310128	-0.0671893	0.216416	-0.00620281	-0.0158343	-0.0404078	0.12144
-0.0116157	-0.000951116	-0.0577953	-0.00592469	-0.057136	0.151714	-0.0027228	-0.064121	-0.0105474	0.0590998
-0.00274139	-1.15291e-05	-0.00610116	-0.00022602	-0.0367526	0.0823816	-0.000622146	-0.00576709	-0.00518158	-0.0249781
-4.56437e-07	-7.86294e-06	0.0152064	-0.000190092	-0.00074641	-1.25728e-05	-2.42972e-05	-0.000939577	-0.00352611	-0.00975907
-3.64012e-07	-9.39177e-06	0.0181853	-3.9964e-06	-0.000139927	-1.01802e-05	-2.75889e-05	-1.43783e-06	-0.00358946	-0.014403
0.0	0.0	0.0	0.0	0.0	0.0	0.0	0.0	0.0	0.0
0.0	0.0	0.0	0.0	0.0	0.0	0.0	0.0	0.0	0.0
0.0	0.0	0.0	0.0	0.0	0.0	0.0	0.0	0.0	0.0
0.0	0.0	0.0	0.0	0.0	0.0	0.0	0.0	0.0	0.0
0.0	0.0	0.0	0.0	0.0	0.0	0.0	0.0	0.0	0.0
-0.000201797	-0.000885537	-0.000780718	0.00076109	0.00255067	-0.00263924	-4.13795e-05	-0.051721	-0.0102322	0.0631901
-0.00356083	-0.00335512	-0.00300632	0.019213	0.0010422	-0.00776027	-0.000269393	-0.118667	-0.0333833	0.149747
-0.0167558	-0.00665696	-0.00943087	0.0334829	-0.0493381	-0.0291146	-0.00111885	-0.107858	-0.0584391	0.245229
-0.0378778	-0.0102722	-0.02168	0.0434419	-0.125663	-0.0946726	-0.00197459	0.00585153	-0.025195	0.268043
-0.0544509	-0.0167215	-0.0292214	0.0193533	-0.22069	-0.124361	-0.00439044	0.110917	-0.020822	0.340389
-0.0998328	-0.0288473	-0.0298297	0.00152171	-0.343148	-0.0857189	-0.00637928	0.183637	-0.0780755	0.486675
-0.0900643	-0.0846233	-0.0262349	0.0278832	-0.355057	-0.0202812	-0.00715859	0.171448	-0.138086	0.522177
-0.0677974	-0.0714737	-0.0619796	0.0341267	-0.41866	0.0955341	-0.0089043	0.143033	-0.0887418	0.444865
-0.0456384	-0.0902011	-0.0354848	-0.000145296	-0.4492	0.0804784	-0.0105835	0.0489553	-0.0956117	0.59743
-0.087347	-0.14542	-0.0615128	0.00998621	-0.497633	-0.00539806	-0.0140807	0.343303	-0.116615	0.574721
-0.120878	-0.119186	-0.0496402	-0.0165071	-0.62273	-0.0335433	-0.0119213	0.4091	-0.159542	0.72485
-0.094541	-0.0720257	-0.0644653	-0.00208271	-0.537676	0.0760879	-0.0100257	0.471601	-0.195253	0.428383
-0.0669848	-0.054813	-0.0782552	0.08372	-0.477385	0.0114887	-0.00910328	0.290479	-0.133839	0.434695
-0.0901232	-0.0316506	-0.0925433	0.066151	-0.434649	-0.039818	-0.00871346	0.298437	-0.0705189	0.403432
-0.0585123	-0.042402	-0.0596757	0.0305255	-0.440785	-0.0789354	-0.00791496	0.283479	-0.0526132	0.426836
-0.0112076	-0.0231932	-0.0217653	0.00502493	-0.344937	-0.0130311	-0.00474555	0.175079	-0.0633471	0.302124
-0.0415448	-0.00804179	-0.0241703	-0.0135144	-0.171771	0.036433	-0.00313778	0.00298954	-0.030476	0.253234
-0.0509345	-0.00417588	-0.027244	-0.00774153	-0.0863817	0.035955	-0.00207892	0.00120042	-0.0122252	0.153626
-0.0254389	-0.000698803	-0.0100465	0.000669565	-0.044042	0.0177269	-0.000404828	0.0524934	-0.00316605	0.0129072
-0.00151464	-1.00297e-05	-6.44796e-05	-0.000245856	-0.00132623	0.000238073	-7.71066e-05	-0.00422226	-0.000287787	0.00751031
-5.54878e-06	-1.7352e-09	-5.7281e-07	-1.56546e-06	-0.00125585	-2.43055e-05	-1.51912e-06	-0.000130746	-1.05518e-05	0.00143066
-1.89341e-07	-1.31346e-08	-1.75145e-06	-2.20012e-07	-4.83396e-08	-7.11153e-08	-7.58164e-10	1.66847e-05	-4.41597e-07	-1.39488e-05
0.0	0.0	0.0	0.0	0.0	0.0	0.0	0.0	0.0	0.0
0.0	0.0	0.0	0.0	0.0	0.0	0.0	0.0	0.0	0.0
0.0	0.0	0.0	0.0	0.0	0.0	0.0	0.0	0.0	0.0
0.0	0.0	0.0	0.0	0.0	0.0	0.0	0.0	0.0	0.0
0.0	0.0	0.0	0.0	0.0	0.0	0.0	0.0	0.0	0.0
0.0	0.0	0.0	0.0	0.0	0.0	0.0	0.0	0.0	0.0
-2.82659e-06	-4.19928e-06	-2.30558e-06	-6.80736e-07	-1.25007e-06	-8.47095e-07	-7.41254e-08	0.000154668	-4.83525e-05	-9.41322e-05
-5.20099e-05	-1.08837e-05	-8.47179e-06	-2.56067e-06	-5.62138e-06	-1.50373e-05	-8.26809e-07	0.000605065	-0.000132254	-0.000377399
-7.96597e-05	-9.62333e-06	-2.81525e-05	-2.9647e-05	-0.00700388	-4.71458e-05	-2.53323e-06	-0.000389025	-0.000159466	0.00774913
-0.000170293	-2.25717e-05	-0.000109675	-8.55515e-05	-0.0400288	-0.000484365	-3.87899e-05	-0.00377514	-0.000231516	0.0449467
-0.000477932	-4.78047e-05	-0.00015825	-0.000184456	-0.0419729	-0.00106986	-7.11712e-05	0.00859219	-0.000376749	0.035767
-0.00106614	-4.325e-05	-0.000293565	-0.00121967	-0.0204637	-0.000808004	-2.95609e-05	0.00780049	-0.000795558	0.016919
-0.001028	-0.00396347	-0.00398081	-0.00673779	-0.0431268	0.00316598	-6.43496e-05	0.0488988	-0.0110857	0.0179222
-0.0016166	-0.00130086	-0.00174828	-0.00378791	-0.0275097	0.00903019	-6.58125e-05	0.0142924	-0.00334064	0.0160473
-0.00359553	-0.00345189	-0.000837135	-0.00413353	-0.0376385	0.00614574	-0.000398008	0.0262346	-0.00930251	0.0269768
-0.0058141	-0.00345886	-0.00103838	-0.00562606	-0.0308637	-0.00249725	-0.000412806	0.127579	-0.00776202	-0.0701053
-0.00877063	-0.00180907	-0.000931528	-0.00787935	-0.0966141	-0.0107953	-0.000829079	0.111622	-0.00637777	0.0223855
-0.0100081	-0.000487844	-0.00108869	-0.00612	-0.0471629	-0.00783931	-0.000767546	0.111407	-0.00590916	-0.032023
-0.00618056	-0.000326127	-0.000946053	-0.00724056	-0.0299732	-0.00612414	-0.000545309	0.0959577	-0.00331491	-0.0413069
-0.00419075	-0.00524609	-0.00110964	-0.00564661	-0.027126	-0.00778379	-0.000516193	0.127097	-0.00337144	-0.0721063
-0.00432333	-0.0159981	-0.000760385	-0.00375897	-0.0378339	-0.00604021	-0.000347462	0.152759	-0.0038438	-0.0798525
-0.00238505	-0.000274313	-0.000530124	-0.00287597	-0.0280217	-0.00616039	-0.000201223	0.104993	-0.00239841	-0.0621462
-0.00468566	-9.00883e-05	-0.00523615	-0.00147219	-0.00638285	-0.0123705	-0.000194186	0.034367	-0.00301821	-0.000917205
-0.00974853	-2.97188e-05	-0.00320406	-0.000470795	-0.00367324	-0.00527926	-8.33554e-05	0.0111745	-0.00156139	0.0128758
-0.0281978	-5.33311e-05	-0.0104203	-0.000279114	-0.00810771	-0.00486459	-0.000206003	0.0424062	-0.00150243	0.011225
-0.00644882	-3.69895e-06	-0.000106985	-2.90104e-05	-0.00182057	-0.00109088	-2.02095e-05	0.0146881	-0.000312385	-0.00485554
0.0	0.0	0.0	0.0	0.0	0.0	0.0	0.0	0.0	0.0
0.0	0.0	0.0	0.0	0.0	0.0	0.0	0.0	0.0	0.0
0.0	0.0	0.0	0.0	0.0	0.0	0.0	0.0	0.0	0.0
0.0	0.0	0.0	0.0	0.0	0.0	0.0	0.0	0.0	0.0
