0.0	0.0	0.0	0.0	0.0	0.0	0.0	0.0	0.0	0.0
0.0	0.0	0.0	0.0	0.0	0.0	0.0	0.0	0.0	0.0
0.0	0.0	0.0	0.0	0.0	0.0	0.0	0.0	0.0	0.0
0.0	0.0	0.0	0.0	0.0	0.0	0.0	0.0	0.0	0.0
0.0	0.0	0.0	0.0	0.0	0.0	0.0	0.0	0.0	0.0
0.0	0.0	0.0	0.0	0.0	0.0	0.0	0.0	0.0	0.0
0.0	0.0	0.0	0.0	0.0	0.0	0.0	0.0	0.0	0.0
0.0	0.0	0.0	0.0	0.0	0.0	0.0	0.0	0.0	0.0
0.0	0.0	0.0	0.0	0.0	0.0	0.0	0.0	0.0	0.0
0.0	0.0	0.0	0.0	0.0	0.0	0.0	0.0	0.0	0.0
0.0	0.0	0.0	0.0	0.0	0.0	0.0	0.0	0.0	0.0
0.0	0.0	0.0	0.0	0.0	0.0	0.0	0.0	0.0	0.0
-3.88334e-06	-6.59396e-06	-0.00068483	-5.72374e-05	-0.00479847	-0.00010298	0.00649942	-7.44277e-06	-0.000162375	-0.000675603
-2.61347e-05	-1.5608e-05	-0.00111073	-0.000142495	-0.010651	-0.000226504	0.0140874	-2.09509e-05	-0.000366238	-0.0015277
-1.96205e-05	-1.30149e-06	0.000432679	-1.91008e-05	-0.000160247	-1.12644e-06	-0.000160391	-5.17875e-06	-1.18972e-05	-5.38196e-05
-8.17519e-07	-5.42286e-08	1.80283e-05	-7.95866e-07	-6.67696e-06	-4.6935e-08	-6.68297e-06	-2.15781e-07	-4.95718e-07	-2.24248e-06
0.0	0.0	0.0	0.0	0.0	0.0	0.0	0.0	0.0	0.0
0.0	0.0	0.0	0.0	0.0	0.0	0.0	0.0	0.0	0.0
0.0	0.0	0.0	0.0	0.0	0.0	0.0	0.0	0.0	0.0
0.0	0.0	0.0	0.0	0.0	0.0	0.0	0.0	0.0	0.0
0.0	0.0	0.0	0.0	0.0	0.0	0.0	0.0	0.0	0.0
0.0	0.0	0.0	0.0	0.0	0.0	0.0	0.0	0.0	0.0
0.0	0.0	0.0	0.0	0.0	0.0	0.0	0.0	0.0	0.0
0.0	0.0	0.0	0.0	0.0	0.0	0.0	0.0	0.0	0.0
0.0	0.0	0.0	0.0	0.0	0.0	0.0	0.0	0.0	0.0
0.0	0.0	0.0	0.0	0.0	0.0	0.0	0.0	0.0	0.0
0.0	0.0	0.0	0.0	0.0	0.0	0.0	0.0	0.0	0.0
0.0	0.0	0.0	0.0	0.0	0.0	0.0	0.0	0.0	0.0
0.0	0.0	0.0	0.0	0.0	0.0	0.0	0.0	0.0	0.0
0.0	0.0	0.0	0.0	0.0	0.0	0.0	0.0	0.0	0.0
0.0	0.0	0.0	0.0	0.0	0.0	0.0	0.0	0.0	0.0
0.0	0.0	0.0	0.0	0.0	0.0	0.0	0.0	0.0	0.0
-5.21226e-09	-2.8789e-08	-1.13241e-05	-6.75894e-09	-4.47277e-05	-1.02168e-07	5.83308e-05	-6.72985e-08	-7.87752e-07	-1.28121e-06
-1.10716e-07	-8.49992e-08	-3.61346e-05	-3.42412e-08	-0.000527847	-3.07841e-07	0.000572311	-9.48251e-07	-2.33807e-06	-4.50612e-06
-1.94934e-05	-1.08491e-07	-0.000389616	-7.88855e-06	-0.0541373	-1.85421e-05	0.0548033	-6.56706e-05	-5.02617e-06	-0.000159648
-4.14816e-05	-8.42617e-05	-0.00094874	-1.94136e-05	-0.120904	-3.43725e-05	0.123089	-0.000581045	-6.80868e-05	-0.000407368
-6.90392e-05	-0.00405817	-0.000553993	-0.000224067	-0.118507	-0.000108182	0.12887	-0.00340231	-0.00101169	-0.000935644
-0.000190934	-0.00329041	-0.00305628	-0.000235508	-0.0506507	-0.000201724	0.0614633	-0.0020196	-0.00104706	-0.000771138
-0.00234576	-0.00191696	-0.00905015	-0.00021305	-0.0565161	-0.00084865	0.0755154	-0.00107148	-0.000869049	-0.0026843
0.0343033	-0.000722344	-0.0322464	-0.000365127	-0.101721	-0.000982653	0.125379	-0.0105107	-0.00148295	-0.0116512
0.072814	-0.000694122	-0.0353955	-0.00166579	-0.202089	-0.00722529	0.225582	-0.0280962	-0.00162836	-0.0216022
0.0304787	-0.000555897	-0.0209251	-0.000958657	-0.0964481	-0.00667334	0.114192	-0.00819701	-0.00217455	-0.00873786
-0.001488	0.0246246	0.00975609	-0.0071346	-0.0214173	-0.00356231	0.00665409	-0.000402619	-0.0040469	-0.00298287
0.0274653	0.0368737	0.0428047	-0.00940089	-0.128057	-0.00452644	0.0545522	-0.000936552	-0.00293959	-0.0158357
0.0787547	-0.0140899	0.101679	-0.00291115	-0.13399	-0.00455018	0.0198682	-0.00188369	-0.00378958	-0.0390873
0.0371107	-0.00644965	0.0178468	-0.00102382	-0.0539522	-0.00280796	0.0342671	-0.000847187	-0.00333368	-0.0208102
-0.00163123	-0.000395821	-0.0271799	-0.000240365	-0.0225308	-0.00472649	0.0609191	-0.000169381	-0.00194493	-0.00210022
-0.000819655	-7.41517e-05	-0.0201344	-0.000150842	-0.0479202	-0.00448317	0.0770346	-0.000254656	-0.0014756	-0.00172194
-0.000353801	-9.35547e-05	-0.0083431	-0.000152956	-0.0378255	-0.00217907	0.0515822	-0.000127657	-0.000828756	-0.00167785
-0.00013722	-0.000214987	-0.0036473	-7.62195e-05	-0.0318934	-0.000375694	0.0377642	-9.81021e-06	-0.000898331	-0.000511229
-1.8663e-05	-1.86523e-05	-0.000393547	-5.9754e-06	-0.047306	-1.41678e-05	0.0482394	-2.97281e-05	-0.00013834	-0.000314223
-2.29305e-06	-1.47412e-06	-0.000209109	-7.05474e-07	-0.0220988	-1.42867e-05	0.0226199	-4.11653e-05	-6.78942e-05	-0.000184177
0.0	0.0	0.0	0.0	0.0	0.0	0.0	0.0	0.0	0.0
0.0	0.0	0.0	0.0	0.0	0.0	0.0	0.0	0.0	0.0
0.0	0.0	0.0	0.0	0.0	0.0	0.0	0.0	0.0	0.0
0.0	0.0	0.0	0.0	0.0	0.0	0.0	0.0	0.0	0.0
0.0	0.0	0.0	0.0	0.0	0.0	0.0	0.0	0.0	0.0
0.0	0.0	0.0	0.0	0.0	0.0	0.0	0.0	0.0	0.0
-3.87682e-08	-5.87232e-10	-6.08598e-07	-3.36947e-09	-4.94047e-06	-6.28807e-07	8.50348e-06	-8.37155e-12	-1.8656e-06	-4.17697e-07
0.00514022	-4.35529e-10	-2.66487e-05	-9.63954e-07	-0.00466129	-0.000165706	0.0004601	-0.000384396	-7.71934e-06	-0.000353597
0.00189906	-2.92598e-06	-0.00105302	-1.53926e-06	-0.00209043	-1.93892e-05	0.00157826	-0.00013412	-4.3384e-05	-0.000132516
-0.000386581	-1.44597e-05	5.99288e-05	-0.000374985	-0.00159305	-8.44713e-06	0.00235862	-3.63176e-06	-2.80793e-05	-9.31554e-06
-0.0325481	-7.86778e-05	-0.000839636	-0.00204673	-0.0572957	-5.26199e-05	0.0936748	-0.000441629	-0.000180741	-0.000190913
-0.0372621	-0.0024719	-0.00719948	-0.00374575	-0.177532	-0.000947011	0.233288	-0.00214132	-0.000956734	-0.00103106
-0.0270311	-0.0408199	0.0390356	-0.0152835	-0.221585	-0.00385491	0.280157	-0.00542439	-0.00322541	-0.0019685
-0.0276314	-0.0804035	0.170738	-0.0257169	-0.181313	-0.0184926	0.185938	-0.00721286	-0.0117513	-0.00415343
-0.025637	-0.0549035	0.109314	-0.00956377	-0.30691	-0.0637956	0.40727	-0.0157837	-0.0249714	-0.0150168
-0.0465275	-0.0696229	0.176891	0.0433828	-0.309286	-0.124717	0.441517	-0.0398221	-0.0457597	-0.0260515
-0.0538803	0.010204	0.0940177	0.0658919	-0.426103	-0.11942	0.563234	-0.0420413	-0.0509947	-0.040904
-0.0887808	0.194612	-0.000331747	0.00479433	-0.288503	-0.123547	0.431888	-0.0195247	-0.0730007	-0.0376019
-0.148553	0.164428	0.0787405	-0.0109842	-0.164297	-0.138688	0.345788	-0.0209577	-0.0710741	-0.0343978
-0.172653	0.332937	0.189254	-0.0736976	-0.25106	-0.0853483	0.206383	-0.025814	-0.0806803	-0.0393133
-0.135986	0.227927	0.1505	-0.0500157	-0.320383	0.0144549	0.273029	-0.013733	-0.0950097	-0.0507775
-0.113388	0.0715535	0.00421561	-0.051843	-0.157466	0.100003	0.257608	-0.00840539	-0.0702796	-0.0319949
-0.0712503	-0.00747564	-0.0209878	-0.0832414	-0.141589	0.093259	0.263186	-0.0041377	-0.00677158	-0.0209897
-0.0509166	0.0473225	-0.111841	-0.0398453	-0.0987486	0.0129472	0.31146	-0.00228144	-0.0530542	-0.0150407
-0.0376287	-0.00278278	-0.0388945	-0.011648	-0.0792092	-0.0756007	0.272618	-0.00121077	-0.0187676	-0.00687527
-0.0177242	-0.0107886	-0.0371911	-0.013091	-0.075156	-0.0835576	0.269014	-0.00104075	-0.0206096	-0.00985475
-0.00836131	-0.00370689	-0.0403006	-0.00984438	-0.0739754	-0.0456455	0.200218	-0.000724054	-0.013137	-0.00452284
-0.00410579	-0.00194417	-0.00910738	-0.00245	-0.0470328	-0.0409312	0.110903	-8.52904e-05	-0.0048253	-0.000421328
-0.000623793	-0.000623557	0.0452966	-0.000193499	-0.00493449	-0.0148963	-0.0212215	-3.31035e-05	-0.00273355	-3.67167e-05
-1.09548e-05	-4.23929e-05	0.0319383	-1.12925e-06	-0.000426609	-0.00101287	-0.0293471	-2.69808e-08	-0.0010959	-1.28998e-06
0.0	0.0	0.0	0.0	0.0	0.0	0.0	0.0	0.0	0.0
0.0	0.0	0.0	0.0	0.0	0.0	0.0	0.0	0.0	0.0
0.0	0.0	0.0	0.0	0.0	0.0	0.0	0.0	0.0	0.0
0.0	0.0	0.0	0.0	0.0	0.0	0.0	0.0	0.0	0.0
-8.72399e-08	0.00133195	-0.000145916	-6.7458e-05	-1.09078e-05	-8.31108e-06	-0.000804791	-1.24596e-08	-0.00029338	-1.08321e-06
0.0125879	0.000317014	-0.000272695	-4.70333e-05	-0.0158781	4.81053e-05	0.00631716	-0.0011208	-0.00062494	-0.00132662
-0.00897142	-8.8907e-05	-0.0055072	-0.00603718	-0.0065127	0.018663	0.0104767	-0.0013399	-0.000265097	-0.000417287
-0.0804707	-0.00537006	-0.00495663	0.137365	-0.00820059	-0.0621872	0.0320951	-0.00206287	-0.00524113	-0.00097122
-0.117476	-0.00343785	0.00098551	0.105253	-0.109606	-0.0394681	0.178525	-0.00320952	-0.00992957	-0.00163613
-0.131003	-0.0273247	0.0557495	0.152903	-0.172643	-0.0535549	0.224614	-0.0169781	-0.0278056	-0.00395629
-0.0307527	-0.0845893	0.174186	0.190606	-0.328004	-0.0640849	0.239763	-0.0546715	-0.0300133	-0.0124362
-0.075493	-0.122481	0.500721	0.0707143	-0.435551	-0.094879	0.270341	-0.0638082	-0.0188306	-0.0307278
-0.0339526	-0.209158	0.401705	0.20275	-0.410936	-0.0623369	0.32851	-0.120126	-0.0403107	-0.0561335
0.0472542	-0.34737	0.484124	0.493744	-0.479554	-0.171423	0.355969	-0.187747	-0.105112	-0.0898751
0.0226197	-0.146772	0.416964	0.5715	-0.723853	-0.0485878	0.274502	-0.137293	-0.103682	-0.125389
0.202637	-0.0730633	0.575697	0.28743	-0.868275	-0.072554	0.330384	-0.131969	-0.0738154	-0.176465
0.209057	-0.15222	0.313406	0.581322	-0.593166	-0.0454309	0.242634	-0.132268	-0.213658	-0.209673
0.100661	0.0531862	0.214436	0.444298	-0.563428	0.0936773	0.212695	-0.124729	-0.191476	-0.239316
0.121029	0.175218	0.328668	0.303162	-0.499513	-0.0451641	0.0346527	-0.0955382	-0.124045	-0.198469
0.00338232	-0.0756668	0.21505	0.258176	-0.318268	0.0899643	0.0103144	-0.0588564	-0.00113039	-0.122964
-0.162577	-0.252277	-0.136102	0.353824	-0.265432	0.232789	0.204332	-0.0493762	0.105082	-0.0302568
-0.196806	-0.14671	-0.173669	0.313625	-0.0618139	0.208707	0.254073	-0.0281096	-0.119853	-0.0494389
-0.123013	-0.198736	-0.267034	0.374266	0.000495505	0.294866	0.0651923	-0.0294891	-0.071077	-0.0454671
-0.167624	-0.179667	-0.183173	-0.0749469	0.00967862	0.301294	0.259459	-0.0170551	0.0779947	-0.0259575
-0.12748	-0.13744	-0.175199	-0.176815	0.0427905	0.132693	0.335282	-0.00422171	0.1174	-0.00700532
-0.0578778	-0.0975864	-0.153562	-0.101777	0.0348256	-0.0744264	0.340435	-0.00118169	0.113892	-0.00274113
-0.0198017	-0.0809552	-0.0163957	-0.0306703	-0.0147028	-0.0260353	0.167821	-0.000447681	0.0218211	-0.000633189
-0.000627135	-0.0248502	0.0262537	-0.000391835	-0.000568019	0.0714136	-0.0767493	-5.90941e-06	0.0055672	-4.22024e-05
-0.00121607	-0.0331716	-0.000564433	-2.05309e-05	-0.000282205	0.0127552	0.0261748	-1.5292e-07	-0.00367224	-2.76461e-06
0.0	0.0	0.0	0.0	0.0	0.0	0.0	0.0	0.0	0.0
0.0	0.0	0.0	0.0	0.0	0.0	0.0	0.0	0.0	0.0
-3.02179e-08	-2.98603e-08	-2.68663e-05	3.94007e-05	-1.85976e-07	-1.10652e-05	-2.67125e-08	-9.95142e-09	-1.1697e-06	-1.70326e-08
-3.96835e-05	0.00456242	-0.00116664	0.00179417	-3.99835e-06	-0.00182406	-0.00284627	-6.90588e-08	-0.000473586	-2.28182e-06
-0.000621182	0.000583996	-0.00885324	0.0244286	-0.00279934	-0.00798626	-0.003895	0.000765219	-0.0011959	-0.00042689
-0.0122094	0.00894294	-0.062209	0.0748958	0.0257822	-0.0538673	0.0290884	-0.00295725	-0.00681521	-0.000651024
-0.11885	0.0586463	0.0211447	0.327074	0.0309727	-0.239473	0.0222651	-0.0440035	-0.0491265	-0.00864758
-0.133028	0.0477642	0.211741	0.335461	-0.0813983	-0.246348	0.0074462	-0.0526174	-0.0780059	-0.0110118
-0.0301228	-0.0309581	0.129289	0.336662	-0.0897274	-0.139215	0.0128326	-0.0912798	-0.0637346	-0.0337409
0.0279063	-0.0334349	0.224695	0.469948	-0.283737	-0.356879	0.129136	-0.142209	0.0478384	-0.083256
0.137437	-0.0586915	0.436363	0.374056	-0.375757	-0.27261	0.00523367	-0.255362	0.178123	-0.168791
0.0983345	-0.0942931	0.326602	0.511905	-0.498138	-0.0171368	0.0308923	-0.363924	0.207861	-0.2021
0.227874	-0.309977	0.392666	0.576125	-0.447527	0.180322	-0.121519	-0.400413	0.206871	-0.304418
-0.0163591	-0.143089	0.361527	0.45992	-0.332667	0.0513252	-0.105022	-0.330528	0.441354	-0.386459
0.0586609	0.237582	0.209599	0.477478	-0.120392	-0.258163	-0.041802	-0.340881	0.118761	-0.340845
-0.0645279	0.182119	0.39834	0.321724	-0.31177	-0.00680727	-0.0812644	-0.413875	0.427163	-0.451101
0.098695	-0.0313908	0.211181	0.362063	-0.451424	0.426566	-0.161336	-0.382479	0.397061	-0.468938
-0.0983552	0.0779693	0.185168	0.457209	-0.170751	0.0975012	0.0235193	-0.365586	0.318173	-0.524846
0.084493	-0.0451635	0.123169	0.153876	-0.0834589	0.158318	0.107631	-0.322781	0.167442	-0.343526
-0.0550407	-0.243919	0.0581404	0.352933	-0.11055	0.432566	-0.0364247	-0.261579	0.131289	-0.267415
-0.0864834	0.131989	-0.151249	0.0940178	0.224492	0.168204	0.00397205	-0.166625	0.0963605	-0.314678
-0.0714673	0.0696888	-0.128747	-0.00258325	0.355102	-0.261845	0.107771	-0.123739	0.262765	-0.206944
-0.130154	-0.0112959	-0.347657	-0.146472	0.336617	0.240015	0.23888	-0.0315149	0.075134	-0.22355
-0.104514	-0.114538	-0.445447	-0.0870524	0.375111	0.099496	0.33989	-0.0509531	0.111066	-0.123057
-0.180758	-0.160904	-0.383472	-0.289056	0.370094	0.357186	0.317384	-0.0236575	0.0326645	-0.0394724
-0.213483	-0.314257	-0.196186	-0.0419253	0.238283	0.485219	-0.0984611	-0.00665928	0.157985	-0.0105101
-0.0562844	-0.159732	-0.00881133	-0.00426365	0.00487952	0.186323	-0.0835059	-0.00128557	0.125973	-0.00329304
-0.00779177	-0.0199838	-0.00635792	-0.000120586	-0.0270621	0.0277235	-0.00842347	-0.000310418	0.0439356	-0.00160905
-0.000119975	-0.011234	-0.00568418	-2.73676e-05	-0.00424549	-0.00470838	0.0212056	-2.09782e-05	0.00503806	-0.000203293
0.0	0.0	0.0	0.0	0.0	0.0	0.0	0.0	0.0	0.0
0.0	0.0	0.0	0.0	0.0	0.0	0.0	0.0	0.0	0.0
-0.000384423	0.000553882	0.000587114	0.00209688	-0.000125823	-0.00238265	-2.3117e-05	-6.49559e-06	-0.000312902	-2.47122e-06
-0.00552888	0.0112194	-0.00618828	0.116991	0.00170765	-0.0478379	-0.0498444	-0.00205355	-0.0138805	-0.00458417
-0.0325455	0.0252696	0.00176633	0.256645	0.0218531	-0.224907	0.0427878	-0.0285793	-0.0478458	-0.0144434
-0.163021	0.161097	0.0126779	0.482373	0.0583899	-0.284006	-0.180891	0.122088	-0.164563	-0.0441354
-0.0246721	0.0856491	0.0359402	0.457674	-0.0341801	-0.332526	-0.111185	0.146033	-0.120444	-0.102283
-0.0150482	-0.154329	0.1149	0.303355	-0.0704335	-0.0657908	-0.135835	0.144488	0.0276737	-0.148976
0.0693828	-0.367904	0.229429	0.112672	-0.0577337	-0.148172	0.107072	0.239311	0.00805459	-0.192109
0.0781591	-0.398821	0.0298787	0.164346	0.00932974	0.0865382	-0.0033086	0.151813	0.148799	-0.266732
0.305749	-0.25384	0.130143	0.127006	-0.186464	0.204066	0.0898558	-0.136719	-0.163601	-0.116194
0.17193	-0.363511	0.264236	0.139097	-0.129807	0.104475	-0.488012	-0.221801	0.267786	0.255607
-0.0449579	-0.273828	0.163479	0.105547	-0.0235877	-0.010788	-0.277266	-0.0420803	0.261443	0.142037
0.175535	-0.0590075	0.117882	0.15148	-0.333118	-0.0433243	-0.361473	-0.0569574	0.151153	0.257835
0.210142	-0.0273051	0.102977	0.044751	-0.0201452	-0.127812	0.00899007	-0.290777	0.273497	-0.174314
0.137096	0.204426	0.150822	0.214569	-0.0222228	-0.13073	-0.293451	-0.390604	0.115841	0.0142543
0.0967164	-0.183651	0.340672	0.38359	0.0566517	0.0917397	-0.220201	-0.286122	0.174581	-0.453974
0.351248	-0.258209	0.145982	-0.0913926	-0.095919	0.204513	-0.0334823	-0.366111	0.450535	-0.307165
0.39445	-0.0203545	0.127245	0.0170395	0.101781	0.124618	0.138744	-0.410856	-0.226389	-0.246274
0.0543566	0.00811195	0.027723	0.155232	0.197505	-0.0160161	0.211153	-0.576252	0.140657	-0.202471
-0.134675	0.127373	0.0942535	0.0109294	0.0705011	0.305246	0.0700169	-0.580618	0.248272	-0.211301
0.0235469	0.335903	0.0853287	-0.145737	0.03131	0.0953454	0.124297	-0.342514	0.0680865	-0.275567
0.0163251	0.293411	-0.114874	-0.0814602	0.247139	0.29557	-0.00120901	-0.244152	-0.0292118	-0.381538
-0.260631	0.123602	-0.300905	-0.278288	0.497777	0.369264	0.359086	-0.125337	-0.140677	-0.243887
-0.327351	-0.0243885	-0.287706	-0.0993274	0.122889	0.504546	0.132009	-0.0345998	0.111831	-0.0978984
-0.138497	-0.207779	-0.0649316	-0.0253222	-0.0731049	0.355078	-0.0618881	-0.010792	0.26074	-0.0335002
-0.0402991	-0.0434051	-0.022952	-0.00202174	-0.0399394	0.082614	0.0481829	-0.00455328	0.0269841	-0.00461011
-0.0162581	-0.0149142	-0.00834481	-9.8946e-05	-0.000359205	0.0120282	0.0317386	-0.000145734	-0.00361434	-3.1444e-05
0.0	0.0	0.0	0.0	0.0	0.0	0.0	0.0	0.0	0.0
-6.02939e-06	-1.52347e-06	-8.52428e-05	0.000800161	-1.93559e-06	-5.43093e-05	-3.12208e-07	-1.63369e-05	-7.75447e-05	-0.000556926
-0.00181588	-0.0267431	-0.0114791	0.0112089	-0.00323563	0.00222026	-0.00164154	0.0406687	-0.00515325	-0.00402933
-0.00388613	0.00823708	0.00803758	0.14977	-0.0446943	-0.165414	-0.0482776	0.176826	-0.0475537	-0.033045
-0.0523674	0.0207335	0.132894	0.173793	0.0333831	-0.245028	0.044059	0.109073	-0.110222	-0.106316
-0.0268727	-0.0198807	0.0590569	0.249027	0.211072	-0.149498	-0.122093	0.241887	-0.141276	-0.301415
0.0327842	-0.103376	0.17326	0.274235	0.117812	-0.0776959	-0.28739	0.368689	-0.197245	-0.301069
0.0458952	-0.268074	0.133582	0.0360895	0.0605373	0.0662189	-0.0484452	0.347618	-0.0524517	-0.32097
-0.0314013	-0.387606	0.0564944	0.204966	-0.0426557	0.00383968	-0.0445782	0.405071	0.00331168	-0.167438
-0.304866	-0.496471	0.25981	0.33747	0.108873	-0.0870439	-0.172892	0.228991	0.0796292	0.0464971
-0.0114149	-0.188599	0.273192	0.374322	-0.181128	-0.0366268	-0.377254	0.298303	-0.109876	-0.0409191
-0.0529603	-0.0238938	-0.0569167	0.19016	-0.316378	-0.111382	-0.302465	0.435793	0.00322682	0.234817
-0.254584	-0.239593	0.0569533	0.00261727	-0.215567	0.00882147	-0.166672	0.295594	0.37383	0.138602
0.289747	-0.311234	0.0170435	0.415748	-0.396331	-0.0162431	-0.443323	-0.0364605	0.0639086	0.417144
0.218585	-0.225523	-0.0420247	0.140692	-0.439496	0.221115	-0.299109	-0.0222184	0.0678158	0.380165
-0.0439935	-0.29708	0.0859447	0.125397	-0.495635	-0.0189667	-0.114314	0.105778	0.407098	0.245772
0.0798497	-0.229808	0.161668	0.259297	-0.423998	-0.0836575	-0.27065	0.0489364	0.0592212	0.399142
0.16343	-0.419113	-0.0178916	-0.00497833	-0.212623	0.0212938	-0.205911	0.145794	0.194685	0.335313
0.338738	-0.0782436	-0.0158939	0.360861	-0.431747	0.0541693	-0.417397	0.043441	-0.216932	0.363004
0.0156307	-0.239942	-0.0998834	-0.170991	-0.0704142	0.310648	-0.21839	-0.044875	0.453413	0.0648019
0.0979594	0.0441937	-0.153481	0.0863215	-0.21746	0.161478	-0.0822371	-0.0840437	0.0690197	0.0782481
0.352066	0.0692065	-0.0566145	0.0912911	-0.137817	-0.115887	-0.0680215	9.36728e-05	-0.0605685	-0.0737496
0.419119	0.0973371	-0.181686	-0.0951376	0.189223	0.164461	-0.0530311	-0.166481	-0.0846098	-0.289195
0.0002855	0.1278	-0.51189	-0.170024	0.511176	0.246562	0.116347	-0.277126	0.273337	-0.316466
-0.467892	0.00701995	-0.299619	-0.0752981	0.116548	0.82251	0.0972685	-0.109816	0.11902	-0.209739
-0.339321	-0.147078	-0.0737324	-0.055518	-0.0401266	0.479941	-0.0256303	-0.04697	0.318642	-0.0702016
-0.162178	-0.0209801	-0.0130317	-0.00550212	0.0703663	0.172547	-0.0529184	-0.0132882	0.0538463	-0.0288611
-0.0444441	-0.000321328	-0.000558247	-0.000398004	-0.0027165	0.0614698	-0.00348645	-0.000705622	-0.00807213	-0.000767456
0.0	0.0	0.0	0.0	0.0	0.0	0.0	0.0	0.0	0.0
-0.00038217	-0.00246143	-0.00269698	0.0225753	-0.00136978	-0.00203412	-8.55797e-05	0.00734276	-0.00544589	-0.0154421
-0.00066768	-0.0459968	0.0327626	-0.0247164	-0.00475818	-0.0213534	-0.0070786	0.0976888	-0.00930385	-0.0165764
-0.00527966	-0.0184637	0.0640148	0.0510396	-0.0122981	-0.175864	-0.0560428	0.30593	-0.0465301	-0.106505
-0.0915219	-1.89585e-05	0.336335	0.332791	0.117912	-0.538791	0.0406899	0.13789	-0.0524266	-0.282847
-0.0112245	-0.163202	0.173227	0.480793	0.356583	-0.27297	-0.0764296	0.0481867	-0.0304492	-0.504511
0.0977882	-0.265211	0.345708	0.184166	0.138243	-0.0159875	-0.36158	0.292079	-0.107747	-0.307458
-0.00455648	-0.285801	-0.101443	0.0800199	0.158346	0.183875	0.0184561	0.283629	-0.0177097	-0.314817
-0.241793	-0.561778	0.201798	0.109714	0.0107889	0.274656	-0.0601101	0.101112	0.199812	-0.0341978
0.0395441	-0.320795	-0.0376871	0.0686311	0.0438127	0.0640301	-0.140312	0.242037	-0.0164541	0.0571938
0.0424287	-0.0667035	-0.164606	-0.0189083	-0.250925	0.286475	-0.243491	0.325542	0.126265	-0.0360743
0.125362	-0.23386	0.0748994	-0.0367126	-0.117828	0.166617	-0.067144	0.238773	-0.199716	0.0496089
-0.0260373	-0.0199404	-0.111819	0.186434	-0.488643	0.0949384	-0.143219	0.236622	-0.13569	0.407357
0.180558	-0.23373	0.305245	-0.0135129	-0.316152	-0.214524	-0.351167	0.183503	-0.0267368	0.486518
0.0744681	-0.090078	0.0647854	0.342063	-0.422998	0.212962	-0.0880205	-0.119234	-0.394678	0.420734
-0.0532714	-0.454572	-0.089454	0.288287	-0.318009	-0.248635	-0.104699	0.133859	0.319252	0.527242
-0.0194494	-0.215645	0.0673853	-0.00045091	-0.404775	0.122739	-0.375017	0.189865	0.0744745	0.560874
0.315258	-0.218666	-0.304819	0.192081	-0.0765869	0.0593588	-0.23519	0.231932	-0.23558	0.272214
0.318364	-0.304188	-0.00218862	-0.181295	-0.279397	0.0788515	-0.328005	0.369674	0.179273	0.14891
0.171692	-0.0752141	-0.0951786	0.120878	-0.0188842	0.0633831	-0.325823	0.176256	-0.118748	0.101638
-0.0216055	0.0625474	-0.218449	0.0224832	-0.0508258	0.0880945	-0.337048	0.355203	-0.0860938	0.185694
-0.00799825	-0.0736186	0.0202274	-0.283133	-0.0644082	0.198242	-0.211211	0.202532	0.193274	0.0260908
0.06348	-0.0869568	0.218761	-0.269481	0.175097	0.241656	-0.316661	0.141783	-0.00601306	-0.161667
0.235642	-0.134788	-0.61801	-0.276249	0.41975	0.353445	-0.162074	0.0143055	0.372177	-0.204201
-0.154905	-0.39081	-0.456852	-0.199388	0.179955	0.739178	0.115257	-0.0578121	0.456476	-0.231099
-0.381411	-0.236928	-0.0941148	-0.0690533	0.0291417	0.878993	-0.118956	-0.0683172	0.166703	-0.106051
-0.187311	-0.00946938	-0.018892	-0.00481784	0.101589	0.165079	-0.0506754	-0.0125838	0.062997	-0.0459146
-0.0121924	-0.00504386	-0.00152278	-0.000350785	-0.00319457	0.0278054	-0.012811	-0.000499604	0.00913053	-0.00132096
0.0185608	-3.3155e-07	-0.000245263	-8.70321e-07	-0.000684795	-6.38706e-06	-8.16616e-06	-0.0109008	-3.11462e-05	-0.00668298
-0.000329238	-0.00205863	0.00086102	-0.00830306	-0.0189926	-0.00165032	-0.000256048	0.0796425	-0.0055942	-0.0433194
0.00388191	-0.0295577	0.00986819	-0.0212955	0.0199326	-0.0236639	-0.00655243	0.140283	-0.0130113	-0.0798844
0.0137748	-0.00486508	0.0329692	0.0770175	0.0118877	-0.184661	-0.0496831	0.395802	-0.00175326	-0.290483
-0.127782	-0.03645	0.369742	0.398605	0.0728173	-0.711517	0.0421521	0.321843	0.0396934	-0.369088
-0.0704383	-0.11306	0.0837022	0.184779	0.273705	-0.319256	-0.141507	0.261061	0.144444	-0.303425
-0.0289396	-0.258157	-0.0252537	0.00308095	0.0705869	-0.0335797	-0.299522	0.269673	0.285789	0.0163225
-0.0877639	-0.184176	0.0175376	0.038844	0.122939	-0.219639	-0.183273	0.599637	0.233724	-0.337829
0.00268613	-0.485867	0.0747425	-0.091043	-0.124817	0.145586	-0.195704	0.329647	-0.0120265	0.356797
0.300666	-0.490148	-0.0924354	-0.121423	0.127618	0.0741932	-0.108528	0.185714	0.192954	-0.0686118
-0.0201682	-0.219407	0.287335	0.0960271	-0.214027	0.12461	-0.192392	0.0547319	0.146517	-0.0632239
-0.0749904	-0.312875	0.0869657	0.020804	0.0297047	0.101371	-0.129046	0.383557	0.000401337	-0.10589
0.217874	-0.0393825	-0.126468	0.156505	-0.225887	-0.0603318	-0.211407	0.439508	0.247038	-0.397449
-0.0213043	0.0574073	-0.0782733	0.112191	-0.329286	-0.0650253	-0.236275	0.0191674	0.341788	0.199611
0.262094	-0.0246612	0.0299112	0.206583	-0.410422	-0.0971832	-0.455105	0.295063	-0.231065	0.42479
0.312553	0.0131438	-0.0293045	0.153668	-0.223151	-0.21924	-0.512192	0.374645	-0.0888557	0.218733
0.637263	-0.331342	-0.117064	0.0927566	-0.529976	-0.0268569	-0.445791	0.284428	0.205206	0.231379
0.270911	0.193288	-0.0254198	0.0715778	-0.21611	-0.0191969	-0.330882	0.146271	-0.0886241	-0.00181307
0.105812	-0.229098	-0.266162	0.341454	0.0398066	-0.0632056	-0.643759	0.439659	0.113002	0.16249
0.0134466	-0.102437	0.247914	0.115102	-0.122198	0.12808	-0.550752	0.0922232	0.180347	-0.00172312
0.242071	-0.285101	0.0936178	0.0870679	-0.0651687	0.302913	-0.411042	0.232765	0.0269662	-0.224091
0.106794	-0.284628	-0.143559	0.038074	0.00895179	0.16214	-0.266289	-0.0713286	0.180828	0.269016
0.207256	-0.277994	-0.0438812	0.32597	-0.190015	0.0432249	-0.474877	0.276888	0.131873	0.00155492
0.473101	-0.513662	-0.00191969	-0.588242	0.174614	0.690675	-0.527625	0.149297	0.309797	-0.166038
0.117545	-0.567495	-0.51043	-0.463093	0.113368	1.20411	-0.339933	-0.127999	0.697475	-0.123539
-0.402333	-0.260806	-0.184752	-0.0960238	0.148373	0.972485	-0.2471	-0.131134	0.315639	-0.114338
-0.157213	-0.0209804	-0.0272317	-0.00653209	-0.0618803	0.272463	-0.141889	-0.0202622	0.207982	-0.044455
-0.00885128	-0.00376963	-0.00293706	-0.000105531	-0.00272529	0.00865623	-0.0151394	-0.00538637	0.0323808	-0.00212255
-4.3366e-06	-3.49898e-05	-1.42767e-05	-0.000192045	-0.000861172	-9.26791e-05	-3.2153e-06	0.00301008	-2.82632e-05	-0.0017791
-0.000488834	-9.12425e-05	-0.00148774	-0.00789372	-0.0193025	-0.00172925	-0.000136234	0.093063	-0.00431296	-0.0576205
0.00984424	-0.0192213	-0.0390798	0.0519025	0.00806409	-0.0112903	-0.0119712	0.163097	-0.0323449	-0.119
0.0366801	-0.0111346	0.0634549	0.20916	-0.144196	-0.211744	-0.0653668	0.443556	-0.0350114	-0.285392
-0.0782832	-0.110234	0.258717	0.619583	-0.250676	-0.547801	0.0771915	0.42134	0.0293972	-0.419223
-0.0370557	-0.300145	0.431764	0.158933	-0.0335741	-0.321587	-0.271476	0.269016	0.122457	-0.0183263
-0.11972	-0.288615	-0.141383	0.116232	-0.0814828	-0.0561252	-0.277923	0.288176	0.270567	0.290277
-0.162363	-0.142613	-0.115826	0.200694	-0.0601188	-0.00852238	-0.0497002	0.20017	0.117259	0.0210212
-0.133872	-0.252066	-0.106826	0.119449	-0.0174422	0.144904	-0.193159	0.145873	0.193971	0.0991689
0.0772554	-0.40427	0.136578	0.0379697	-0.0467994	-0.0826111	-0.205218	0.289751	0.216802	-0.0194567
0.200185	-0.197471	0.254415	-0.0961694	-0.307204	0.165549	-0.335918	-0.0285498	0.0823861	0.262778
-0.0898356	-0.117808	-0.0911373	-0.335058	-0.0253045	0.358238	-0.0953694	0.210029	0.0681699	0.11808
0.0100889	-0.141044	0.0239663	-0.191996	-0.130188	0.197574	-0.228111	0.557836	-0.178244	0.0801198
0.36719	0.0627097	-0.00623236	-0.153805	-0.101097	-0.0845766	-0.464434	0.255573	0.039673	0.0850023
-0.0107681	0.154509	0.0745543	0.315837	-0.623708	-0.252932	-0.204717	0.622143	-0.257361	0.182442
-0.298558	0.563512	0.262369	0.473733	-0.37762	-0.453619	-0.445171	0.389491	-0.518817	0.404684
0.18683	0.212846	0.264582	0.285047	-0.0210182	-0.442589	-0.615712	0.296887	-0.116703	-0.0501649
0.338268	0.0106424	-0.0861795	0.106351	-0.110177	-0.167168	-0.782512	0.593485	0.060719	0.0365744
0.273457	-0.139594	0.0223029	0.0351766	0.134125	-0.00284999	-0.665204	0.262666	-0.0704674	0.15039
0.379811	-0.264542	-0.0556612	0.24873	-0.0932448	-0.0652282	-0.62459	0.347626	0.0215701	0.105532
0.303864	-0.41341	-0.0354006	0.281533	0.0898938	0.0190754	-0.371046	-0.00683815	0.0310631	0.101266
-0.177343	-0.321416	-0.181986	0.122053	0.0736487	0.406348	-0.129182	0.2933	0.138555	-0.223976
-0.145576	-0.400843	0.0584203	0.437347	-0.000910082	0.266842	-0.544774	0.233101	0.0978049	-0.00141066
0.541227	-0.520453	-0.0811912	-0.263534	0.0871081	0.58968	-0.408637	-0.0117252	0.326713	-0.259187
0.418943	-0.357475	-0.515683	-0.457729	-0.279035	1.43041	-0.391203	-0.0704463	0.434245	-0.212019
-0.360269	-0.185187	-0.136092	-0.064004	-0.213601	1.21169	-0.404984	-0.0352195	0.351435	-0.163765
-0.140578	-0.022383	-0.00723792	-0.013103	-0.0827326	0.272752	-0.185325	0.0212035	0.224287	-0.066881
-0.00171006	-0.00328162	-0.00160354	-0.000559919	-0.008643	0.0172014	-0.00870686	0.0697903	-0.0576912	-0.00479548
-6.12529e-06	-4.07495e-05	-2.94376e-05	-0.000310478	-0.00100377	-0.000116366	-3.79255e-06	0.00398613	-3.87423e-05	-0.00243667
-0.000510892	-4.25712e-05	-0.000541024	-0.00542474	-0.0183803	-0.00161642	-4.88837e-05	0.0879189	-0.00230515	-0.0590489
0.0465264	-0.00983743	-0.0339068	0.0158714	-0.0415477	-0.0139477	-0.0422656	0.259231	-0.0233779	-0.156745
0.015289	-0.0678992	0.118465	0.359198	-0.141551	-0.194106	-0.0815096	0.350641	-0.128214	-0.230306
-0.0396889	-0.138613	-0.0621227	0.338786	-0.220837	-0.205745	-0.0514963	0.392141	0.227242	-0.239658
0.0748204	-0.309458	0.441568	-0.035942	-0.207798	-0.172513	-0.244315	0.260937	0.0586928	0.134015
-0.0981309	-0.469086	0.489503	0.00127717	-0.191562	-0.0918964	-0.19481	0.184558	0.115398	0.254753
-0.144449	-0.308564	-0.0234543	-0.0277709	-0.0740959	0.240503	0.0109825	0.114796	0.20268	0.0093743
-0.103185	-0.193906	-0.0233921	-0.260611	-0.0525094	0.396178	0.0313327	-0.143277	0.16371	0.185658
0.105136	-0.31989	-0.218981	-0.564413	0.164063	0.409553	-0.223798	0.204753	0.294789	0.14879
-0.123594	-0.0223385	0.0575043	-0.45561	-0.00780526	0.213483	-0.101328	-0.0168569	0.294823	0.161724
0.146176	0.143298	0.091148	-0.477511	-0.0209621	0.20392	-0.166249	-0.223705	0.216586	0.0872998
-0.0665422	-0.0596378	0.0538943	-0.54893	0.30028	0.377405	-0.327836	-0.280916	0.357613	0.194672
0.187806	0.371657	-0.203579	0.0974632	-0.298557	0.102236	-0.0972193	0.229945	-0.0208712	-0.368877
0.0972295	0.549046	0.0556455	0.201103	-0.945364	0.0131533	-0.30177	0.404709	-0.0323314	-0.0414179
-0.180803	0.876915	-0.168038	0.111817	-0.041687	-0.138893	-0.505973	0.498416	-0.357896	-0.0938602
0.0879866	0.295892	0.0283484	0.237812	-0.261595	-0.227905	-0.480058	0.740561	-0.428588	0.00754696
0.413311	0.134774	0.25546	0.196454	0.0241508	-0.448275	-0.468648	0.234989	-0.24975	-0.0924618
0.305668	-0.223425	0.0594966	0.158924	0.00369018	-0.481622	-0.493983	0.340376	0.285152	0.0457251
-0.0227612	-0.18185	-0.0792754	0.211824	0.181916	-0.394743	-0.529901	0.464702	0.327276	0.0228134
0.206679	-0.447264	-0.0860987	0.303842	-0.155355	-0.218271	-0.259569	0.464917	0.182816	0.00830381
0.113218	-0.291303	-0.110228	0.0354191	-0.00435874	-0.0350221	-0.256379	0.427236	0.200909	-0.0794915
0.240067	-0.387253	-0.097193	0.238775	-0.0371583	-0.0439244	-0.425372	0.263216	0.245273	0.00357306
0.53121	-0.402772	-0.173385	-0.0342938	-0.486437	0.714149	-0.118876	-0.219669	0.30699	-0.116913
0.421503	-0.329852	-0.436139	-0.328611	-0.375182	1.81874	-0.255823	-0.14674	-0.011696	-0.356181
-0.362086	-0.121364	-0.0773496	-0.0249713	-0.264845	1.58256	-0.503948	-0.0118251	-0.104736	-0.111429
-0.170862	-0.0335926	0.0338495	-0.00737638	-0.108134	0.45277	-0.179882	0.0148353	0.0636985	-0.0653054
-0.000654242	0.0015264	-0.000975259	-0.000161392	-0.00251973	0.0061094	-0.0223029	0.0178661	0.0102525	-0.00914088
-2.95421e-05	-6.91499e-06	-3.38824e-05	-0.000227014	-0.000138159	-9.21068e-05	-4.30535e-06	0.00152065	-4.2231e-05	-0.000946489
0.0113589	0.000562128	-0.000869929	-0.00319509	-0.0329444	-0.0130296	-0.000213471	0.119779	-0.00274635	-0.078701
-0.00428416	-0.000116259	-0.0147041	0.0149995	-0.148886	-0.0267645	-0.00141843	0.467201	-0.0143032	-0.271724
0.00669536	-0.0453679	-0.0499245	0.360777	-0.0984641	-0.255268	-0.0812395	0.439506	-0.0236091	-0.253101
-0.200534	-0.0850555	-0.174623	0.330662	-0.291735	-0.098619	-0.0184411	0.471186	0.0764705	-0.00930324
-0.170276	-0.165622	0.0536075	-0.149025	-0.0929855	-0.0508572	-0.013165	0.100518	0.258801	0.229006
0.012819	-0.425603	0.0431582	-0.280677	0.134727	0.275398	-0.105438	0.00622391	0.126856	0.21254
0.0284175	-0.373276	-0.206747	-0.601142	0.035041	0.181373	0.167843	0.11585	0.522711	0.129928
-0.0142617	-0.297049	-0.430217	-0.458209	0.141321	0.187291	0.0111007	-0.202212	0.358582	0.70365
-0.261998	-0.336084	-0.436043	-0.529825	0.418743	0.118442	0.198771	0.241918	0.436462	0.149613
-0.0560084	-0.167978	-0.836686	-0.398292	0.536007	0.0473586	0.0312567	0.369838	0.228783	0.24572
-0.0496794	-0.108513	-0.678707	-0.210647	0.104134	0.132337	-0.103095	0.344112	0.193643	0.376417
-0.368611	-0.148147	-0.803263	-0.0451895	0.651572	0.216026	0.173162	-0.0354255	0.148856	0.211018
-0.0371989	0.392674	-0.97602	0.289097	-0.8446	0.58331	0.216991	0.144578	0.183151	0.0480238
-0.421208	0.721376	-0.569102	0.0948499	-0.866886	0.0741447	-0.257793	0.510364	0.676476	0.0377796
-0.704775	0.788845	-0.525746	0.261205	0.428678	-0.226857	-0.654433	0.402722	-0.0261099	0.256472
-0.643942	0.223994	-0.18755	-0.0520615	0.466277	-0.210777	-0.178746	0.422466	-0.14096	0.3013
-0.0111165	-0.132616	-0.374893	0.35469	0.174487	-0.166616	-0.411253	0.317926	-0.20497	0.454365
-0.260246	-0.034806	-0.0726588	0.0971682	0.0301075	-0.0397059	-0.319698	0.520201	-0.228829	0.308471
0.0321391	-0.209311	0.298179	0.0712375	-0.00486553	-0.352253	-0.208472	0.223783	-0.00862937	0.158193
0.21006	-0.186396	-0.123851	0.359446	-0.250182	-0.679802	-0.165525	0.337002	-0.0968513	0.596102
0.395861	-0.235407	0.0628632	-0.0911553	-0.25676	-0.475487	-0.0494279	0.318268	-0.0188875	0.350131
0.24661	-0.232688	-0.0515066	0.00482119	-0.254314	-0.561448	-0.115144	0.307758	0.287822	0.368091
0.295425	-0.208671	-0.16578	-0.197444	-0.514806	0.237204	0.345936	-0.223115	0.492385	-0.0611292
0.428481	-0.203263	-0.176122	-0.259109	-0.514981	0.860503	-0.030851	-0.195356	0.3727	-0.28199
-0.24286	-0.117064	0.0715891	0.0125646	-0.233001	1.1363	-0.494855	-0.0890193	0.0960824	-0.139726
-0.122365	-0.0367068	0.0441635	-0.00363896	-0.0421762	0.308856	-0.295905	-0.0142928	0.204278	-0.0422132
-0.000463643	0.00681943	-0.00276792	-8.66307e-05	-0.00154963	0.00421974	-0.0123096	0.00462408	0.00430329	-0.00278909
-1.27705e-06	-2.66316e-08	-2.09655e-05	-0.000121007	-1.80273e-06	-1.47409e-05	-1.58032e-08	0.00197837	-2.28252e-05	-0.00179571
3.73374e-05	-0.000247241	-7.57048e-05	-0.00320678	-0.0417363	-0.0189769	-0.00031398	0.111099	-0.00148681	-0.0450927
-0.00479012	-0.00415013	-0.00211157	-0.0105775	-0.173157	-0.0252434	-0.00138644	0.467215	-0.0101031	-0.235695
-0.0259614	-0.00372	-0.180534	0.0704297	-0.225136	-0.102641	-0.0703219	0.631283	0.104797	-0.19819
-0.130468	0.00650756	-0.268402	-0.00403358	-0.431672	0.0200369	-0.0604925	0.529733	0.00346556	0.335335
-0.0307561	-0.0753046	-0.535131	-0.256837	-0.0511644	0.0120451	-0.0588431	0.268836	0.340479	0.386681
0.267178	-0.136667	-0.945157	-0.33202	0.193408	0.353417	0.128382	0.0152	0.0338627	0.422399
0.00573813	-0.191064	-1.13796	-0.323359	0.348207	0.0945216	0.24891	0.431421	0.269429	0.254158
-0.087332	-0.216914	-0.547575	-0.441158	0.435208	0.00621833	0.187707	0.54338	-0.0616536	0.182118
-0.0571108	-0.121239	-0.555571	-0.172033	0.16143	-0.119682	0.29178	-0.0330178	0.147716	0.457728
0.0275801	-0.351983	-0.649955	0.204251	0.561761	0.331367	-0.0126455	-0.158492	-0.2022	0.250315
0.0349734	-0.492535	-0.626287	-0.190284	0.55189	0.135621	0.379518	0.123498	-0.135058	0.218661
0.168294	0.0854678	-0.572139	-0.0387986	1.04752	0.161368	0.160215	-0.722546	0.0547647	-0.344145
0.119677	0.192664	-0.369375	-0.0515058	0.0488998	0.315828	0.213215	-0.996537	0.487201	0.0399296
-0.578346	0.98569	-0.482775	0.539175	-0.58562	-0.110704	-0.272446	0.0149964	0.205636	0.284392
-0.877646	0.471023	-0.538911	0.189662	0.187373	0.0706551	-0.350596	0.461622	0.0517032	0.335121
-0.653262	0.162486	-0.230432	0.132141	0.324875	-0.324851	-0.0922157	0.48758	-0.033168	0.226852
-0.0112369	0.119811	-0.308752	-0.0967575	0.0179426	-0.464549	-0.121083	0.490472	0.125105	0.249051
-0.0330823	-0.0461298	-0.305822	0.139721	0.0147718	-0.344754	-0.207335	0.435806	-0.0627385	0.409566
0.137567	-0.209167	0.267461	-0.0629518	0.174686	-0.385232	-0.395566	-0.128823	0.240692	0.361332
0.119002	-0.144977	-0.0346534	0.0286232	0.129162	-0.427691	-0.217073	-0.004271	0.211129	0.340748
0.117931	-0.0828685	0.0312296	-0.656928	0.355635	-0.89149	0.0791204	0.146183	0.436907	0.464277
0.312316	-0.0876982	-0.0598341	-0.515635	0.152036	-1.26636	0.40699	0.136347	0.413587	0.508254
0.412307	-0.0570622	-0.415753	-0.303701	-0.209235	-1.20404	0.819486	-0.244696	0.792717	0.409979
0.701888	-0.0702171	0.177729	-0.142141	-0.134954	-1.13795	0.373446	-0.212672	0.77758	-0.332685
-0.0277181	-0.0518166	0.353358	0.0249466	-0.0730627	0.0410793	-0.282874	0.0210433	0.163875	-0.168829
-0.0759917	-0.0405115	0.245865	-0.00051374	-0.0347851	0.207656	-0.322803	0.048209	0.029054	-0.0561786
-0.000452252	0.00454775	0.0253646	-0.000126415	-0.0122017	-0.00489286	-0.016411	0.0221389	-0.0161213	-0.00184566
-6.94631e-09	6.57897e-05	-8.17156e-06	-1.96205e-05	-2.15263e-07	-2.12124e-06	-1.73126e-06	-1.30507e-05	-8.54747e-06	-1.23247e-05
0.000761985	-4.55708e-05	-5.25703e-05	-0.00189826	-0.038731	-0.00299061	-0.000353336	0.068403	-0.000265667	-0.024828
-0.00216902	-0.00134232	-0.000951743	-0.00618817	-0.113358	-0.00647951	-0.000549563	0.282392	-0.00259468	-0.148759
-0.0138892	0.0145428	-0.222871	0.0382074	-0.185599	0.00170181	-0.062113	0.511871	0.0623943	-0.144242
0.0541904	0.0438445	-0.658949	-0.242755	-0.190055	0.119523	-0.104693	0.308409	-0.0873007	0.757796
-0.0247709	-0.0551639	-0.907743	-0.281873	0.250188	0.227198	0.0885558	0.133994	0.0924086	0.477212
0.333157	-0.11024	-1.15459	-0.295598	0.492887	-0.114565	0.477459	0.234952	0.000689425	0.135854
0.328976	-0.1801	-0.875128	-0.345581	0.288659	0.191453	0.0451845	0.175332	0.0119113	0.359289
0.0660662	0.0287705	-0.355878	-0.207638	0.332527	-0.0179163	0.015597	-0.0120565	-0.099035	0.249562
0.0968642	-0.0630881	-0.304352	-0.125471	0.381217	0.0567006	0.112211	-0.16207	0.0775307	-0.0695434
0.226997	-0.71464	-0.209181	-0.182549	0.492633	0.155933	0.304939	0.0413654	-0.203302	0.0878081
0.048496	-0.708393	0.114192	-0.216305	0.61683	0.280535	-0.0394661	-0.193213	0.114344	-0.0170163
0.125976	0.0364278	-0.108935	0.0806692	0.484807	0.510419	0.10595	-1.14127	0.239588	-0.333627
-0.479064	0.278395	0.197293	0.403123	-0.322184	0.264985	0.146725	-1.12194	0.53977	0.0928992
-0.703776	0.598853	0.0669276	0.2768	-0.0437266	-0.112542	-0.209913	-0.030732	-0.103005	0.261114
-0.903681	0.400425	-0.298204	-0.237988	0.453898	-0.254926	0.0586908	0.0263109	0.436978	0.318501
-0.613132	0.137257	-0.276842	0.120377	0.187389	-0.441223	0.0519594	0.221696	0.132692	0.479827
-0.194326	0.413796	-0.0685659	0.0413477	0.153224	-0.169426	-0.343879	0.0519132	-0.159669	0.275585
-0.0338957	-0.23627	-0.249901	0.222967	0.237372	-0.127797	-0.183163	0.0815355	0.0575193	0.231634
-0.0389677	-0.333982	-0.23002	0.0517533	0.0753187	0.0328188	0.120308	-0.222388	0.0536316	0.491528
-0.332964	-0.199782	-0.227875	-0.539042	0.372645	0.0120132	-0.12604	0.31803	0.327086	0.395925
-0.0847841	-0.135596	0.047431	-0.581387	0.409806	-0.295458	0.291529	0.173166	-0.202106	0.3774
0.232624	-0.151994	-0.0196612	-0.730491	0.346488	-0.325137	0.41311	-0.0807542	0.04895	0.266866
0.442737	-0.141631	-0.0974945	-0.317367	-0.0509598	-0.801461	0.90745	-0.082342	0.374235	-0.233164
0.51909	-0.1342	0.624691	-0.0985406	-0.279894	-0.928972	0.460365	0.0455446	0.290454	-0.498527
0.129356	-0.0885483	0.731507	0.00412579	0.0161534	-0.270412	-0.367067	0.0583986	0.0525108	-0.266021
-0.023202	-0.0461311	0.546044	-0.00169403	-0.0254618	-0.0138167	-0.319083	0.00508684	-0.0383152	-0.0834266
-0.00366157	-0.000816586	0.167474	-0.00459248	-0.0421874	-0.042769	-0.0541533	-0.0137025	-0.00312901	-0.00246256
-4.42362e-05	-1.51379e-06	-3.07444e-05	-0.00264096	-0.000157878	0.0111132	-0.000178403	-8.19903e-05	-0.000384054	-0.00759342
-5.85857e-05	-1.49757e-05	-0.0168776	0.0179341	-0.0239911	-0.00137564	-1.41276e-05	0.0388979	-0.00102651	-0.0134735
-0.000801762	0.00169376	-0.0114414	0.00967419	-0.0527005	-0.00212529	-5.70331e-05	0.159125	-0.00140614	-0.101961
-0.105518	0.0272383	-0.184977	0.0476866	-0.0347174	0.0381177	-0.0318516	0.266726	-0.0122588	-0.0104444
-0.0387345	0.0439655	-0.423723	-0.12223	0.412709	0.0879227	-0.315485	0.156177	-0.196693	0.396099
0.27886	-0.0739865	-0.683869	-0.385426	0.582596	-0.040029	0.0278812	0.176576	0.0241133	0.093286
0.16548	-0.138649	-0.254194	-0.472892	0.28171	-0.0742328	0.27343	-0.084176	-0.0585197	0.362041
0.522631	-0.194988	0.0897151	-0.391822	0.388146	-0.0291093	-0.0206704	-0.0330895	-0.521176	0.190362
0.198898	0.0224997	-0.117257	-0.177547	0.33374	0.0846594	0.147108	-0.133785	-0.350309	-0.00800704
0.295779	-0.236592	-0.137444	-0.0717192	0.266808	0.10033	0.39081	-0.328466	-0.319726	0.040218
-0.0687054	-0.73313	0.0713234	-0.11852	0.269414	0.336592	0.337329	-0.119005	-0.00730172	0.0319994
0.147207	-0.658312	0.104261	-0.271967	0.387092	0.00573162	0.525937	-0.533154	0.2986	-0.00539468
0.292029	0.0968926	-0.119753	0.221504	0.337496	0.0187268	0.183233	-1.09549	0.218625	-0.153263
-0.227292	0.259952	0.258535	-0.016582	-0.291925	-0.0043535	-0.036169	-0.58177	0.519971	0.119633
-0.799567	0.584444	0.0657554	0.206942	0.0768876	-0.0860583	-0.179507	-0.165274	0.24343	0.0529494
-0.709092	0.45244	-0.226743	0.0345027	0.177864	-0.124697	0.0746607	-0.107095	0.212144	0.216022
-0.811755	0.26013	-0.0593255	-0.0150912	0.359731	-0.357105	0.252148	0.0340632	-0.0190843	0.356293
-0.135763	-0.162966	-0.325285	0.0752368	0.580696	-0.371202	-0.4006	0.32524	0.127596	0.287052
-0.0525206	-0.648425	0.185632	0.0151636	0.223766	-0.196286	-0.123487	0.499731	-0.115816	0.212244
-0.165388	-0.503651	-0.0623137	-0.196614	0.443822	-0.341214	0.0152726	0.764387	0.0386312	0.00706962
0.0678607	-0.291873	0.118807	-0.361807	0.195807	0.0105719	-0.159523	0.369339	-0.225766	0.276585
0.239037	-0.202303	-0.13699	-0.0223889	0.0381671	-0.152024	0.140654	0.0331666	-0.150241	0.21292
0.119406	-0.137581	-0.0767863	-0.317722	0.149572	0.119127	0.32794	0.315848	-0.472749	-0.0270531
0.413997	-0.099947	0.207389	-0.207003	-0.084192	-0.00328372	0.425101	0.353178	-0.431348	-0.573888
0.578938	-0.0503228	0.418355	-0.0106357	-0.272331	-0.220266	0.316941	0.031842	-0.244025	-0.548487
0.0981611	-0.045069	0.653223	-0.030181	-0.0961312	-0.334769	-0.0868002	-0.0859483	0.0859877	-0.158468
-0.0102688	-0.00686949	0.449995	-0.0186182	-0.104843	-0.0472709	-0.224237	-0.00942998	-0.0100963	-0.0183606
-0.000349742	-3.92778e-05	0.0167254	-0.00325538	-0.00459207	-0.00202412	-0.00570363	-0.000166843	-0.000546676	-4.76909e-05
-1.67914e-05	-5.87226e-07	-1.01145e-05	-0.000867228	-6.24331e-05	0.00355386	-5.89562e-05	0.000102096	-0.000131476	-0.00250837
-6.05692e-05	-7.5187e-06	-0.0364062	0.0404063	-2.87814e-05	-0.00168002	-6.92244e-06	-5.764e-05	-0.00212238	-3.62657e-05
-0.00191428	0.0106149	-0.0196763	0.0441212	0.0230962	-0.00741134	-0.000364931	0.0371794	-0.00261018	-0.0830345
-0.12455	0.00486829	0.0325707	0.037859	0.0824064	-0.0323797	-0.0928461	0.128656	-0.0118162	-0.0247675
0.145075	-0.00594155	0.122148	0.0768389	0.263261	-0.050199	-0.492596	0.018268	-0.183143	0.106293
0.416378	-0.136123	0.346908	-0.0492401	0.199249	-0.300892	-0.100084	-0.124043	-0.335732	0.0835835
-0.119778	-0.237859	0.36342	-0.00417412	0.212061	-0.118836	0.232973	-0.112522	-0.309076	0.0937924
0.418684	-0.161476	-0.116243	-0.253696	0.380582	-0.252841	0.309998	-0.181922	-0.25234	0.109252
0.316012	-0.0441878	-0.143674	-0.326674	0.279572	0.0437986	0.242861	-0.348488	-0.15745	0.13823
0.313849	-0.321918	0.0166934	-0.314844	0.379303	0.190898	0.136744	-0.357864	-0.00112796	-0.0417306
0.37488	-0.541775	0.0376687	-0.232213	0.341231	0.0635513	0.21394	-0.164279	-0.151209	0.0582054
0.0529676	-0.17717	-0.0925907	-0.0726693	0.424416	0.038949	0.409246	-0.571755	-0.109768	0.0983833
-0.0650024	0.244003	-0.0951027	0.0658126	0.177335	0.152797	0.256192	-0.747007	0.142915	-0.131941
-0.617938	0.446812	0.196458	0.0375615	-0.290679	-0.0165118	0.177418	-0.245389	0.411596	-0.0993257
-0.943659	0.733436	0.0864312	0.242834	0.0737152	-0.37949	0.271534	-0.402392	0.528516	-0.210922
-0.647672	0.00988416	0.0339759	0.213042	0.217578	-0.292157	0.00421727	0.185897	0.0687631	0.206476
-0.503171	0.388408	-0.004814	-0.0450385	0.569131	-0.142913	-0.0842174	-0.300456	-0.0978953	0.220969
-0.26842	-0.585446	-0.203911	-0.0282222	0.556913	-0.275523	-0.0414325	0.683358	-0.228698	0.391392
-0.0125037	-0.640168	-0.2322	-0.198303	0.139316	0.313341	-0.082177	0.619973	0.00498274	0.0877391
-0.0444166	-0.575857	0.0177513	0.0748505	0.256203	-0.0197653	0.0143532	0.246315	-0.0879243	0.118491
0.267077	-0.40879	-0.325191	0.397014	-0.174271	-0.142911	0.147664	0.40933	-0.310413	0.140493
0.0618165	-0.216579	-0.176763	0.247087	-0.109448	0.00179704	0.196339	0.334464	-0.273621	-0.065092
0.169955	-0.177065	-0.416294	0.264612	0.246602	-0.143129	-0.0487079	0.482158	-0.180236	-0.197894
0.377018	-0.117918	-0.104432	0.341765	-0.130061	0.126534	0.126629	0.196759	-0.368979	-0.447312
0.45419	-0.0664195	0.657222	0.179464	-0.578682	0.142104	0.211122	-0.0918432	-0.425384	-0.481761
0.0188516	-0.0356571	0.713532	-0.0799941	-0.215224	-0.192664	0.144531	-0.21915	0.0290054	-0.163224
-0.018595	-0.0127206	0.436105	-0.0240435	0.0472085	-0.076529	-0.214647	-0.0480395	-0.0290682	-0.0596703
-0.00299262	-0.00146806	0.0735323	-0.000892551	-0.00805387	-0.0312906	-0.0186111	-0.000772036	-0.00473054	-0.00472101
-1.31829e-05	-5.23203e-07	-2.73025e-07	-1.42298e-05	-6.13619e-05	-0.000485543	-3.092e-06	0.000736814	-3.27091e-05	-0.0001259
-5.1718e-05	4.4525e-05	-0.0179773	0.0224398	-1.77217e-05	-0.000946007	-2.59808e-05	-0.00137459	-0.00112283	-0.000968162
-0.0063638	0.00850659	0.000541462	0.105159	-0.0107664	-0.0314707	-0.00188303	-0.00615026	-0.00645961	-0.0511128
-0.0761814	-0.00372296	0.361776	0.16173	-0.105471	-0.0161074	-0.142819	-0.101126	-0.000460197	-0.0776158
0.228034	-0.0202605	0.42913	0.399032	-0.283288	-0.072439	-0.488348	-0.0580972	-0.223328	0.0895738
0.505437	-0.169908	0.225519	0.208177	-0.165833	-0.127831	0.0860137	-0.202201	-0.405916	0.0465444
0.257088	-0.369083	0.419245	-0.103192	0.0432685	-0.144267	0.345327	-0.0833094	-0.194993	-0.17008
0.170508	-0.322064	0.0614303	-0.265438	0.377439	-0.5685	0.419648	0.170492	0.0416579	-0.085173
0.366236	-0.218575	-0.226528	-0.474489	0.339492	-0.263029	0.288094	-0.130307	0.0226783	0.296426
0.313499	-0.0322569	0.211486	-0.0450065	0.176133	-0.484844	0.316821	-0.176228	-0.0106526	-0.268952
0.224301	-0.130736	0.158724	-0.154071	-0.0871023	-0.0805249	0.362499	-0.53369	0.199612	0.0409867
0.141282	-0.13838	0.203254	-0.0291403	-0.0909177	-0.150027	0.8195	-0.894912	0.0102721	0.129069
-0.26596	-0.279639	0.238189	0.0207306	0.0962473	-0.000787003	-0.0551485	-0.215256	0.555214	-0.0935872
-0.88195	0.443019	0.428705	0.390222	-0.0303631	-0.0790091	0.0142868	-0.126225	0.124667	-0.283352
-0.665507	0.746922	0.124424	0.0200562	0.377889	-0.36374	0.205089	-0.561447	0.116566	-0.000253897
-0.358104	-0.149367	-0.156828	-0.156778	0.583858	-0.137768	0.11606	0.188885	0.0795335	-0.00948923
-0.284029	0.0744798	0.219377	-0.447636	0.406005	-0.311922	0.00832134	0.0418384	0.0899978	0.203574
0.0398921	-0.957518	0.460746	-0.0673443	0.283933	-0.160291	-0.273663	0.375093	0.0586218	0.240535
0.0276383	-0.667192	0.0311363	0.396572	0.181651	-0.23324	0.143471	0.12947	-0.165144	0.155638
0.0248391	-0.496627	-0.0148945	0.425511	0.0977855	0.0621096	0.273117	0.316472	-0.510887	-0.177423
0.290983	-0.304442	-0.198399	0.167399	0.325152	0.160561	-0.00693679	0.198267	-0.547306	-0.0852797
0.160967	-0.186047	0.412187	0.0287304	0.186197	-0.042096	0.0799692	0.269246	-0.558742	-0.350412
0.173826	-0.198721	0.267802	0.260376	-0.158079	0.27173	-0.106266	-0.0724523	-0.36826	-0.0699556
0.161921	-0.180232	0.267273	0.548088	-0.27298	0.198779	-0.0613048	-0.167604	0.0199742	-0.513913
0.0715869	-0.0527518	0.606947	0.44143	-0.361	-0.0028307	0.171136	-0.178124	-0.247776	-0.448604
-0.111234	-0.0888383	1.13082	-0.138547	-0.154269	-0.191132	0.0595772	-0.212309	-0.136367	-0.157697
-0.055677	-0.0423911	0.671914	-0.0245074	-0.111499	-0.120783	-0.174359	-0.0354489	-0.0685195	-0.038728
-0.00252632	-0.0011752	0.118088	-0.00162502	-0.00552055	-0.055173	-0.0446131	-0.00242842	-0.00447155	-0.00055438
0.0	0.0	0.0	0.0	0.0	0.0	0.0	0.0	0.0	0.0
-6.47682e-05	0.000506221	-0.00709608	0.00866516	-1.29432e-05	-0.000667905	-2.70378e-05	-0.000100134	-0.000906336	-0.000296172
-0.0196791	-0.000158719	0.0729182	0.0863075	-0.000472246	-0.0493049	-0.00376008	-0.00340828	-0.00656428	-0.075878
-0.0558784	-0.00797659	0.339026	0.395057	-0.296548	0.0357025	-0.125894	-0.100824	-0.0411839	-0.141476
0.153184	-0.0407425	0.464292	0.470602	-0.164136	0.0903727	-0.522305	-0.000810488	-0.195027	-0.255421
0.368748	-0.320935	0.33794	0.0797572	-0.197541	0.286561	-0.00603214	-0.0299944	-0.283428	-0.23507
0.344581	-0.534559	0.27843	-0.0481109	-0.0581527	0.496798	0.0932762	-0.236064	-0.107728	-0.228467
0.247902	-0.447237	0.207411	0.0210937	0.162779	-0.329018	0.174328	-0.323672	0.126755	0.159654
0.0659061	-0.232711	0.12213	-0.266182	0.220616	-0.321596	0.354286	-0.223948	0.0762224	0.205273
0.285932	-0.167671	0.196701	-0.62154	0.115053	-0.25914	0.40254	-0.241198	0.36569	-0.0763664
0.451219	0.0962772	0.430624	-0.626307	0.0295791	-0.384326	0.655862	-0.692423	-0.048423	0.0879193
0.122794	-0.175997	0.30032	-0.448565	-0.0576408	-0.290504	0.593325	-0.270592	0.307245	-0.0803813
-0.071415	0.115866	0.384278	-0.264744	-0.0346628	-0.544698	0.0528801	-0.0149587	0.276499	0.100953
-0.698606	0.505774	0.304627	-0.235412	0.167369	-0.525441	0.153261	0.0469059	0.280794	0.000728917
-0.615833	0.599064	0.00676935	-0.387956	0.548136	-0.330486	0.160159	0.0729727	0.112117	-0.164941
-0.338132	0.0346897	0.19287	-0.467931	0.365314	-0.0658175	0.0394268	0.0801151	-0.163502	0.322968
-0.0340585	-0.386831	0.0648981	0.0250582	0.276861	-0.00405342	-0.0914645	-0.100402	0.222849	0.0271456
0.187846	-0.792801	-0.253576	0.301682	0.238148	0.246222	0.104053	0.0108414	-0.111375	0.0689612
-0.113277	-0.370726	0.0375493	-0.00472774	0.347107	0.332258	0.189323	0.125744	-0.463347	-0.0799022
0.100159	-0.239724	0.0331561	0.373655	-0.220957	0.0950357	0.206238	-0.15934	0.0198568	-0.208077
0.222727	-0.181135	-0.0897455	0.0140543	0.0356881	0.021357	0.024225	0.110279	-0.0169147	-0.140536
-0.0743369	-0.110725	0.0420645	0.0190282	0.1778	-0.000739036	0.138792	0.0157146	-0.0447505	-0.162849
0.209179	-0.0141184	0.131271	0.214006	-0.194361	-0.0477865	0.107845	0.0425777	-0.168627	-0.279988
0.050924	-0.0525217	-0.118543	0.484523	-0.240347	0.192616	0.0769786	-0.110087	0.234427	-0.517965
-0.00438654	-0.0111613	0.488924	-0.100593	-0.340823	0.0568721	0.188158	0.121446	0.0490667	-0.4475
-0.0375603	-0.122863	1.20447	-0.256682	-0.270964	-0.242636	0.0729187	0.0381124	-0.285933	-0.0988574
-0.0230021	-0.00279916	0.329745	-0.0247599	-0.0636536	-0.0493677	-0.11314	0.0289984	-0.0629812	-0.0190395
0.0335377	-0.00181884	0.0394271	-0.00137864	-0.0362256	-0.00904217	-0.0157083	-0.00594505	-0.00105742	-0.0017888
-4.11868e-05	-2.14429e-05	-2.2196e-05	-0.000745239	-0.00767571	-0.0003551	-6.18662e-06	0.00821391	-0.000207456	0.000860608
-1.41835e-05	0.000117663	-0.000341467	0.000792728	-2.46196e-06	-0.000350101	-6.17696e-06	-1.92417e-06	-0.000128171	-6.59072e-05
-0.0146498	-0.000694435	0.00138811	0.0783802	-0.00443149	-0.03182	-0.00264813	0.0206402	-0.00530132	-0.0408632
-0.110545	-0.00964032	0.171367	0.593628	-0.168607	0.0129698	-0.0828227	-0.0413731	-0.146195	-0.218776
0.0649538	-0.0984873	0.535967	0.286608	-0.00895469	0.377218	-0.397205	-0.115531	-0.32367	-0.320889
0.033945	-0.396561	0.676297	0.313139	-0.0471384	0.271078	-0.301507	-0.0952109	-0.0682305	-0.385809
0.102733	-0.745912	0.183243	0.242322	-0.0696916	0.562236	0.0500084	-0.410101	0.135012	-0.0498488
0.0709908	-0.494033	0.482516	-0.180771	0.0831954	0.175637	0.22898	-0.341889	-0.0146586	-0.00996813
0.323938	-0.0725359	0.0521571	-0.0955345	0.135985	-0.0288313	0.114468	-0.284683	0.0300966	-0.175062
0.352713	-0.0253926	-0.00380325	-0.412452	0.149637	-0.255659	0.362112	-0.343488	0.268107	-0.0917754
0.412919	-0.229781	0.275045	-0.431278	-0.32112	-0.161389	0.222574	-0.37432	0.267633	0.339718
0.110181	-0.184379	0.103202	-0.39937	-0.0644271	-0.10545	0.0735523	-0.0932693	0.339728	0.220234
-0.315244	-0.00790519	0.349224	-0.562845	0.241234	-0.0970489	0.75197	-0.262761	0.270989	-0.367609
-0.674467	0.0685873	0.322532	-0.311221	0.381744	-0.0905483	0.457766	0.0861846	0.052141	-0.292714
-0.466923	0.251686	0.134556	-0.246251	0.33072	0.0175904	-0.00677787	-0.142581	-0.108575	0.23656
-0.128866	-0.33035	-0.06603	0.286656	0.163544	-0.0218716	0.0791074	-0.124133	-0.0371239	0.179068
0.0182289	-0.550147	0.119242	0.443274	0.31899	0.00112266	0.227161	-0.211077	-0.244358	-0.122434
-0.0201454	-0.132779	0.30788	0.115748	-0.231758	0.18838	0.276465	-0.105064	-0.306589	-0.0921363
-0.0372477	0.110547	0.0640678	0.114688	-0.0493394	-0.190482	0.292657	-0.117672	-0.0692812	-0.117937
-0.0826079	0.00509594	0.167928	0.157122	-0.133211	0.0674265	-0.00542645	-0.059777	-0.0276746	-0.0888759
-0.260159	0.0961519	-0.0354451	0.111007	0.0242295	0.00641537	-0.0296394	-0.011905	0.0896844	0.00966055
-0.110186	0.0307578	0.159369	0.345584	0.0961669	-0.0199852	0.0439101	-0.106882	-0.263859	-0.174876
0.305286	-0.056906	0.136888	0.396013	-0.415363	0.147623	0.00131062	-0.199558	0.00567046	-0.320965
0.127998	-0.0640471	0.524902	0.166586	-0.277474	0.241603	0.0795104	-0.491896	0.209869	-0.517048
-0.0288845	0.0434552	0.896181	-0.32056	-0.285721	0.240213	0.107886	-0.241358	-0.0365499	-0.374653
-0.0385854	0.0587547	0.810137	-0.158135	-0.26326	-0.146672	0.0936261	-0.0176995	-0.24549	-0.092672
-0.0134781	0.0293852	0.0986354	-0.0198523	-0.0217053	-0.0384447	-0.0336548	0.0397591	-0.0359248	-0.00471932
-0.00872299	-1.14342e-05	0.049153	-0.000299965	-3.8347e-05	-0.0203898	-0.0186409	-2.51478e-05	-0.000452152	-0.000572132
-2.44792e-09	8.4409e-05	-5.54806e-05	-5.21105e-06	-1.17187e-08	-1.43011e-07	-3.12053e-07	-8.97933e-07	-2.19425e-05	-4.07852e-07
0.0100222	0.000432303	-0.00306328	-0.000372907	-0.0154945	-0.00093923	-0.00111363	0.0301225	-0.00127122	-0.0183222
-0.00288795	-0.000765355	-0.00829963	0.0589039	0.00399134	-0.0258074	-0.00340108	0.0208653	-0.0103477	-0.0322512
-0.0778518	-0.0127388	-0.0484015	0.610724	0.0689493	0.0241204	-0.0861249	-0.103276	-0.203696	-0.171701
-0.0142775	-0.171851	0.304837	0.336232	-0.049076	0.412073	-0.224228	-0.0599462	-0.265237	-0.268524
0.0406692	-0.597301	0.140278	0.519507	0.12172	0.238819	-0.226599	-0.162972	0.158053	-0.232169
0.212939	-0.343184	0.0476855	0.0690968	-0.0169973	0.311753	0.0268274	-0.33103	0.121953	-0.0990434
0.186101	0.0920718	0.353862	-0.13482	-0.0687439	0.0415786	0.172792	-0.495669	-0.133429	-0.0137471
0.238146	-0.0263365	0.225139	-0.0688733	-0.257101	0.304392	-0.0656032	-0.234563	0.0515409	-0.166742
0.0741853	0.102688	0.320985	-0.0121554	-0.458127	0.0391348	0.324097	-0.289365	0.291299	-0.392744
0.282542	-0.135015	0.400974	-0.0524394	-0.516183	0.0859091	0.451168	-0.600137	0.28233	-0.199147
0.391349	-0.145839	0.156678	-0.211436	-0.0731279	0.00704252	0.7206	-0.275169	-0.191978	-0.37812
0.300356	-0.127738	0.128564	-0.207987	-0.553075	0.0402294	0.616951	-0.116253	0.0202154	-0.101258
-0.149524	0.248005	0.464151	-0.0785238	-0.215046	0.0748257	0.164708	-0.128993	-0.151261	-0.228339
-0.280951	-0.182738	0.0944668	0.0182192	0.290761	-0.0502672	0.382834	0.152853	-0.145499	-0.279675
-0.161571	0.0368033	0.271845	0.0205448	-0.0352235	0.0904526	0.262335	-0.194146	-0.0386654	-0.252372
-0.196078	0.267482	0.303241	0.139632	-0.0714575	-0.0759402	0.231538	-0.456216	-0.00659758	-0.135603
0.0549632	-0.067584	0.297712	0.361362	-0.223098	-0.152703	0.224758	-0.342098	0.110255	-0.263562
-0.00298713	0.100363	0.113096	0.238449	-0.16852	0.0230822	0.117044	-0.468507	0.174706	-0.126725
-0.185053	0.181019	-0.10342	0.216722	-0.265807	-0.0577491	0.207814	-0.0589729	0.0397502	0.0256976
-0.0135135	0.0844437	0.122121	-0.0301889	-0.240493	0.265254	0.010546	-0.247942	0.0296212	0.0201518
0.0978744	0.0250897	0.230026	0.291794	-0.0496151	0.153728	0.171818	-0.488069	-0.132589	-0.300056
0.358322	-0.0465395	0.409781	0.0733198	-0.600647	0.136143	0.227958	-0.538276	0.31925	-0.339308
0.044747	-0.0165463	0.325216	0.214371	-0.424002	0.308393	0.0941797	-0.562534	0.277886	-0.261702
0.0483974	0.104237	0.388765	-0.155606	-0.282673	0.298107	-1.69027e-05	-0.135117	-0.0901748	-0.175912
-0.0606062	0.122296	0.666692	-0.0846159	-0.140001	-0.029859	-0.132855	-0.0480075	-0.232157	-0.0608843
-0.0136314	0.0289174	0.20975	-0.0130663	-0.00326319	-0.0687667	-0.0743631	-0.00323637	-0.0412894	-0.0210509
-0.0023536	6.69386e-05	0.018946	-0.000109033	-2.2637e-07	-0.00553369	-0.0108829	-6.77527e-07	-0.000132492	-3.03298e-07
0.0	0.0	0.0	0.0	0.0	0.0	0.0	0.0	0.0	0.0
0.0252448	-6.07934e-05	-0.00690977	-0.00135508	-0.000162985	-0.00105766	-0.0027994	-0.000196269	-0.00274414	-0.0099587
-0.00621087	-0.00793469	0.0473678	0.0314919	0.00848635	-0.00755136	-0.00369231	-0.013278	-0.0180605	-0.0306181
-0.0732288	-0.0296249	0.127791	0.48553	-0.00108413	0.0599223	-0.0616643	-0.151087	-0.19379	-0.162757
0.0989962	-0.101618	0.365975	0.519225	-0.0892773	0.104301	-0.211437	-0.308151	-0.233465	-0.144543
0.282409	-0.469745	0.334171	0.248602	-0.229693	0.446632	-0.277666	-0.33733	-0.0794906	0.0821096
0.222911	-0.0613293	0.313718	0.421593	-0.241979	0.239427	-0.185385	-0.499059	0.0107946	-0.220692
0.166402	0.0392801	0.659581	0.200452	-0.494843	-0.160624	0.274593	-0.531992	0.383912	-0.53676
0.229674	0.267054	0.300898	0.182553	-0.623441	0.274403	-0.100087	-0.277669	0.0336989	-0.287086
0.228876	0.141789	0.286137	0.396138	-0.408918	0.238949	0.265892	-0.426356	-0.189471	-0.533038
0.296007	0.236407	0.289263	-0.0328427	-0.445635	0.0052157	0.553162	-0.37903	0.142845	-0.665395
0.419755	0.290692	0.439425	-0.159963	-0.142754	0.130571	0.343782	-0.375201	-0.210463	-0.73584
0.514281	0.189004	0.250432	-0.50007	-0.242361	0.0254942	0.562946	-0.132541	0.040252	-0.707433
0.17848	-0.0950558	0.066156	-0.0565625	-0.431976	0.119563	0.181606	0.030869	0.164763	-0.157838
0.00423376	-0.0171884	-0.0893658	0.105563	-0.105861	-0.129199	0.732179	0.0890213	-0.303944	-0.285438
0.00643227	-0.0466601	0.0792635	-0.0987743	-0.00988741	0.024722	0.368034	-0.288446	0.210498	-0.245179
-0.136529	0.338445	0.0518404	0.086039	0.156905	0.168963	0.143046	-0.45557	-0.27569	-0.0774478
0.0141508	0.339232	-0.183381	0.214392	0.0852872	0.229816	0.068741	-0.583324	-0.0683935	-0.116519
-0.0639185	0.440384	0.132091	0.349692	-0.0660404	0.166424	0.306643	-0.878492	-0.090252	-0.29653
-0.0597395	0.423535	0.305037	0.126026	-0.32988	0.158338	0.00867598	-0.523607	-0.030525	-0.0778621
-0.0421909	0.226152	0.223566	0.311345	-0.214521	-0.0113909	0.264478	-0.734958	0.214156	-0.236637
0.0928963	0.0355349	0.335457	0.112215	-0.0854011	0.17316	0.0910764	-0.689925	0.341193	-0.406204
0.20123	-0.0402468	0.279671	0.0201305	-0.360529	0.588407	-0.118271	-0.623684	0.34272	-0.289419
-0.0554301	-0.0456065	0.245931	0.172182	-0.339916	0.197788	0.0543139	-0.358564	0.208071	-0.0787635
-0.0221608	-0.00913948	0.52659	-0.107309	-0.193716	0.122597	-0.0858823	-0.0652317	-0.22029	0.0545475
-0.0519472	0.0251074	0.298505	-0.0490986	-0.146308	0.128716	-0.0574214	-0.0622924	-0.147457	0.0621977
-0.00194306	0.0288237	0.0568624	-0.00242073	-0.000890315	-0.0102334	-0.0154497	-0.00206996	-0.0371891	-0.0154898
-2.12237e-05	0.000263414	-0.000208816	-5.20398e-05	-4.74444e-05	0.000544893	-5.14067e-06	-3.27657e-05	-0.000406741	-3.41358e-05
-2.30096e-08	0.000170854	-6.88061e-05	-3.00057e-05	-5.32249e-07	-1.08295e-06	-9.14486e-07	-1.09766e-05	-5.59452e-05	-2.56774e-06
-5.76731e-05	2.71609e-05	0.000105326	0.00115623	-3.95867e-06	-0.000454017	-3.6998e-05	-0.000276272	-0.000135938	-0.000323856
-0.0317568	-0.0133591	0.106425	0.0776981	-0.000446869	-0.0257479	-0.00253517	-0.0708289	-0.0170564	-0.0223915
-0.0507948	-0.0113983	0.23106	0.318007	-0.0759975	0.0828234	-0.045623	-0.202279	-0.123717	-0.122076
-0.0578092	0.104686	0.224969	0.297994	-0.133925	0.319931	-0.206074	-0.3438	-0.0578759	-0.148087
0.186512	0.467463	0.172737	-0.0361828	-0.124646	0.11547	-0.309478	-0.382725	-0.0827691	-0.00637968
0.153638	0.330374	0.186213	0.266477	-0.439504	0.199188	-0.393915	-0.478112	0.276185	-0.100548
0.146826	0.105041	0.180173	0.265822	-0.4593	0.33385	-0.03841	-0.542191	0.325183	-0.316995
-0.101605	0.217355	-0.0888321	0.248677	0.0037526	0.118183	0.227216	-0.277417	-0.113708	-0.233623
0.0533263	0.0376246	0.284671	-0.325686	-0.105373	0.147283	0.21918	-0.428946	0.272992	-0.155073
0.267407	0.328437	0.143215	-0.114877	-0.222399	0.0420446	0.212004	-0.199437	-0.203375	-0.253018
0.370674	-0.122902	0.122352	-0.119249	-0.0330546	0.25124	0.308883	-0.290972	-0.0210895	-0.465881
0.369353	-0.108777	-0.0880549	-0.0560668	-0.111518	0.118519	0.642228	-0.129728	-0.240374	-0.395576
0.122822	-0.164532	0.178242	-0.033551	-0.272907	0.0845176	0.587242	-0.23495	0.129653	-0.396534
-0.036127	0.228147	0.155356	-0.121511	-0.178401	0.129621	0.641715	-0.386212	-0.0251875	-0.407397
0.00337778	0.111011	-0.0901059	0.0699534	0.147293	0.0668167	0.273418	-0.168683	-0.0586666	-0.354414
0.0411897	-0.0641244	0.155559	0.137643	-0.168906	-0.0541741	0.267276	-0.0145382	-0.144773	-0.155153
-0.204255	0.0189837	0.362817	-0.0467518	0.0587177	0.137523	0.422066	-0.370334	0.0230304	-0.401796
-0.203917	0.460351	0.324269	0.194464	-0.181126	0.00771642	0.308987	-0.433495	-0.0732124	-0.404039
-0.288809	0.291699	0.459421	0.307193	-0.0215372	-0.0569098	0.130251	-0.491883	-0.0247875	-0.304638
-0.141099	0.461622	0.0153244	-0.0649839	-0.0496255	0.296076	0.080607	-0.553578	0.19491	-0.239258
0.00840345	0.292171	0.161498	-0.15916	0.0071377	0.462266	-0.0404058	-0.659439	0.0436049	-0.116071
0.0698238	-0.211311	0.379778	-0.0306601	-0.118026	0.493575	0.0782536	-0.596161	0.212696	-0.27796
0.0357595	-0.149504	0.583589	-0.176048	-0.0523988	0.268939	-0.0460417	-0.367978	-0.048669	-0.0476417
-0.0668633	0.0419966	0.401859	-0.17972	-0.131198	0.19244	-0.044851	-0.0630221	-0.291125	0.14049
-0.0348859	0.0048369	0.191356	-0.0394255	-0.130882	0.184711	-0.0554927	-0.0294856	-0.100369	0.00963771
0.0328401	-0.000269933	0.0198072	-0.00607757	-0.00271884	0.00474573	-0.00465002	-0.00345151	-0.010818	-0.0294071
7.50457e-06	-4.51937e-11	-1.65654e-06	-3.47936e-07	-4.20324e-09	-1.80395e-06	-2.51505e-07	-7.89069e-09	-3.40701e-06	-2.52465e-08
-2.22906e-08	0.000165515	-6.66559e-05	-2.9068e-05	-5.15616e-07	-1.04911e-06	-8.85908e-07	-1.06336e-05	-5.41969e-05	-2.4875e-06
-9.3649e-07	5.01927e-05	-2.3116e-05	3.08454e-05	-2.08265e-07	-1.28707e-05	-2.89095e-07	-1.55763e-05	-1.89964e-05	-9.04488e-06
-0.00577357	-0.0129221	0.0782439	0.100052	-0.000436935	-0.0181434	-0.000234536	-0.104755	-0.0127363	-0.0232934
-0.073132	-0.0185128	0.187663	0.286188	-0.0838002	0.0439258	-0.0219874	-0.22702	-0.0371999	-0.0561207
-0.307016	0.161742	0.24209	0.214546	-0.1318	0.325477	-0.0975672	-0.276756	-0.0113536	-0.119352
-0.0227896	0.922653	0.209462	-0.015508	-0.215158	-0.0937775	-0.206053	-0.132019	-0.0943597	-0.352443
0.0390718	0.549243	0.408809	0.170216	-0.261788	-0.244686	-0.416873	-0.153017	0.0994864	-0.190469
0.0426403	0.0701873	0.372021	0.12559	-0.294834	-0.0154508	-0.267294	0.072125	0.191909	-0.296894
0.215383	0.0671639	0.396783	-0.101483	-0.227738	0.0620238	-0.113911	-0.101926	-0.162057	-0.034239
0.178509	0.132001	0.35059	0.00672145	-0.343178	0.0602063	0.134631	-0.266718	-0.0830329	-0.16973
0.153993	-0.126276	0.115182	-0.00826465	-0.217138	-0.087829	0.218378	-0.0821774	0.014624	0.0195085
0.173785	-0.438193	0.213414	0.153799	-0.176359	0.120442	0.039585	-0.312539	0.226506	-0.000438459
0.170744	-0.621019	0.13649	-0.0675715	-0.227574	0.140245	0.348301	0.00993186	0.0811288	0.0293288
0.60542	-0.396632	0.0406945	-0.136641	-0.130537	0.234739	0.339527	-0.44254	0.136682	-0.250712
0.0985464	-0.115938	-0.0447004	-0.12785	-0.227968	0.171161	0.0127337	-0.110392	0.279063	0.065347
0.115095	0.0430181	-0.127164	0.105412	-0.2231	0.0688634	0.316065	-0.0954357	0.108429	-0.311182
0.0350417	0.0178695	0.0247499	0.0611655	-0.136123	0.129907	0.190952	-0.0617457	-0.0757154	-0.1861
0.0887456	0.265712	-0.0687079	0.165453	-0.00181856	-0.0251261	0.0601083	-0.263621	0.0549849	-0.27573
-0.133133	0.495372	0.0977182	0.00207659	-0.0721159	0.196378	-0.0330008	-0.29319	0.0261078	-0.286213
-0.122621	0.303754	0.251536	0.182036	0.266852	0.183579	-0.0445738	-0.261521	-0.201451	-0.557591
-0.194455	0.348321	0.293974	0.194903	-0.0230919	0.130801	0.129752	-0.53578	-0.153264	-0.191162
-0.0566022	0.0293405	0.205061	-0.0631616	0.346799	0.0259316	0.122351	-0.667397	0.18327	-0.125587
0.102159	-0.205873	0.381192	0.0994892	0.00866356	0.231032	-0.131055	-0.479384	-0.017682	0.0114636
0.0774312	-0.1098	0.270128	-0.0909798	-0.119171	0.306442	-0.166416	-0.363455	0.0146668	0.181163
-0.0564219	-0.0112921	0.262927	-0.132791	-0.119938	0.214336	-0.0756521	-0.0581034	-0.134381	0.111321
-0.0270912	-0.00191816	0.0938366	-0.0349537	-0.0866433	0.11916	-0.0192777	-0.0241932	-0.041712	0.0227932
0.00345953	0.00717145	-0.0338146	-3.55108e-05	0.00482015	0.0338763	-0.000114897	-0.00133923	-0.00622074	-0.00780248
1.38546e-05	-8.34346e-11	-3.05822e-06	-6.42343e-07	-7.75983e-09	-3.33037e-06	-4.64317e-07	-1.45674e-08	-6.28987e-06	-4.66089e-08
0.0	0.0	0.0	0.0	0.0	0.0	0.0	0.0	0.0	0.0
0.0	0.0	0.0	0.0	0.0	0.0	0.0	0.0	0.0	0.0
-0.000372651	-0.000238324	0.00267118	0.107423	-0.000189487	-0.000814842	-3.22922e-05	-0.0791757	-0.0028549	-0.0264162
-0.035959	-0.0745354	-0.0387023	0.340002	-0.0156574	0.0624509	-0.0020176	-0.183567	-0.0408221	-0.0111912
-0.225908	-0.0494767	0.0103941	0.407069	-0.0701408	0.246053	-0.0158777	-0.0394797	-0.0830815	-0.179546
-0.224877	0.4733	-0.0571849	0.345259	-0.136531	0.249338	-0.0589716	0.100673	-0.394249	-0.296749
-0.086854	0.402331	0.0169206	0.265746	-0.0620341	0.008727	-0.146657	0.270444	-0.386883	-0.281739
0.161596	0.0831353	0.119058	0.269283	-0.0309126	-0.266373	-0.293696	0.395182	-0.183689	-0.253585
0.20028	-0.0453593	0.183923	-0.0136616	-0.0292006	0.151248	-0.304597	-0.419434	0.248523	0.0282764
0.319954	0.0813043	0.248973	0.185907	-0.0588722	0.0988428	-0.325644	-0.19465	0.0215066	-0.377324
0.366636	-0.0815907	-0.00748413	0.079193	-0.0288511	0.36816	-0.436449	-0.146539	-0.0841776	-0.028897
0.343741	-0.065372	0.262026	0.24771	-0.0412993	0.0609374	-0.287952	-0.377936	0.0252263	-0.167079
0.182079	0.297664	0.174076	-0.273338	-0.172922	0.106596	-0.00628338	-0.337211	0.126092	-0.0967515
0.258313	-0.0304346	-0.153824	0.206064	-0.10993	-0.113086	-0.0477588	-0.336571	0.433281	-0.106054
0.287068	-0.251482	-0.0739983	-0.167367	0.00681622	0.144819	0.0638706	-0.208789	0.145779	0.0532824
0.213823	0.163238	-0.0994027	-0.0190947	-0.0874682	-0.0612731	0.00121184	-0.0472453	0.151647	-0.215435
-0.0128353	0.0683246	0.00514295	-0.35793	0.196111	0.228028	-0.0797604	-0.230102	0.323495	-0.140474
0.0942989	0.309232	-0.107466	0.0485985	-0.0216157	-0.0124011	-0.0235477	-0.151201	0.0316026	-0.167501
-0.374004	-0.0322724	0.265868	0.325577	0.255974	-0.31833	0.0749076	-0.281924	0.197095	-0.112891
-0.411354	0.0389239	0.509516	-0.0360889	0.199082	-0.0850556	0.0948086	-0.474255	0.207356	-0.042934
-0.393745	-0.0851313	0.418018	0.0850946	0.216441	0.0951728	0.0538685	-0.605751	0.230237	-0.0142037
-0.174209	-0.178865	0.508622	-0.0456851	0.287921	-0.013372	-0.038763	-0.613716	0.0608916	0.207187
-0.0581297	-0.147447	0.455227	-0.176675	-0.13401	0.0795422	-0.0495985	-0.390692	0.0166827	0.405109
-0.0558575	-0.126664	0.311393	-0.109368	-0.172474	0.191905	-0.0574207	-0.373596	0.0953982	0.296691
-0.0884215	-0.0339161	0.274052	-0.0515692	-0.120514	0.132959	-0.0400869	-0.105739	-0.0938675	0.127105
-0.0185931	0.000975243	0.0991266	-0.0336293	-0.00261134	0.0469233	-0.0102663	-0.0289485	-0.0334909	-0.0194857
-1.87455e-05	0.0292738	-0.0230783	0.0117343	0.00499491	0.0199373	-0.000179931	-0.00101411	-0.0264943	-0.0151549
0.0	0.0	0.0	0.0	0.0	0.0	0.0	0.0	0.0	0.0
0.0	0.0	0.0	0.0	0.0	0.0	0.0	0.0	0.0	0.0
0.0	0.0	0.0	0.0	0.0	0.0	0.0	0.0	0.0	0.0
-0.00131022	-1.05556e-05	-0.00238474	0.0506846	-1.3846e-05	-0.000586039	-3.88742e-06	-0.039734	-0.000178237	-0.00646306
-0.0022609	-0.0469927	-0.103462	0.209222	-0.000362245	0.0597338	-0.000158063	-0.0233125	-0.0750489	-0.0173592
-0.0169444	-0.0879507	-0.168298	0.356824	-0.0269822	-0.0050326	-0.00263848	0.137755	-0.230895	0.0441658
-0.104633	0.0383933	-0.313267	0.286745	-0.0260232	0.00463138	-0.0223778	0.481586	-0.405887	0.0608394
-0.146778	0.0185424	-0.426611	0.534832	-0.011652	-0.0217976	-0.0386324	0.484241	-0.428666	0.0365283
-0.200103	-0.0916864	-0.361079	0.511631	-0.00505832	0.0835234	-0.0968284	0.287957	-0.269273	0.140917
-0.111932	-0.212478	-0.152373	0.133109	-0.042687	0.160264	-0.188356	0.115365	0.222529	0.0765569
-0.0254171	-0.187886	0.00503912	0.163176	0.0598693	0.443862	-0.270754	-0.0405578	0.05202	-0.199351
0.0153809	-0.267974	-0.173255	0.422128	0.0174008	0.1727	-0.362482	0.0575402	0.0544948	0.0640681
-0.0309589	-0.31163	-0.118126	0.400044	0.216335	0.133566	-0.533943	-0.03986	0.422371	-0.1378
0.330071	-0.300464	0.152127	0.202481	-0.182058	0.213573	-0.446402	-0.0685268	0.31338	-0.214182
0.285417	-0.388746	0.00764838	0.309579	-0.209409	0.430544	-0.470124	0.164581	0.171034	-0.300528
0.17627	-0.382253	0.354702	0.330358	-0.105036	0.328834	-0.401244	-0.0973102	0.235527	-0.43985
-0.0232032	-0.262209	0.0637657	0.166605	-0.121608	0.297645	-0.299832	-0.108662	0.296316	-0.00881992
-0.0913324	-0.588116	0.0206939	0.307032	0.0516097	0.104131	-0.107002	-0.149104	0.562626	-0.110539
-0.125044	-0.163402	0.195249	0.214627	-0.158027	0.293561	-0.0709877	-0.0691361	-0.148967	0.0321272
-0.304423	-0.00762368	0.284401	-0.244673	-0.0299332	0.29065	-0.103864	-0.300977	0.342626	0.0738214
-0.387507	0.0295666	0.0226354	-0.167041	0.114739	0.0774625	-0.131991	-0.231293	0.608799	0.0646328
-0.383994	-0.0332474	0.0294386	-0.0334957	0.0817156	0.08928	-0.0696763	-0.239785	0.159076	0.400695
-0.261044	-0.0462541	0.267499	0.00990154	0.0986928	-0.00930573	-0.0756992	-0.287574	-0.0553591	0.359148
-0.118821	-0.103262	0.076241	-0.0468924	0.0368501	0.219201	-0.0443693	-0.283007	-0.0501614	0.314225
-0.0489663	-0.040465	0.143056	-0.0364086	-0.0339728	0.150318	-0.0183158	-0.343839	-0.0375545	0.26615
-0.00893869	-0.0203755	0.339585	-0.04497	-0.0715026	0.0927787	-0.00398629	-0.134693	-0.0823055	-0.065592
-0.000787684	0.00996775	0.182095	-0.00774447	0.0144886	-0.038521	-0.000395439	-0.0536812	-0.0407497	-0.064672
-4.45548e-07	0.0022912	0.0278677	-2.01415e-05	-0.000165374	-0.000817288	-4.17437e-05	-1.78773e-06	-0.00628997	-0.0228221
0.0	0.0	0.0	0.0	0.0	0.0	0.0	0.0	0.0	0.0
0.0	0.0	0.0	0.0	0.0	0.0	0.0	0.0	0.0	0.0
0.0	0.0	0.0	0.0	0.0	0.0	0.0	0.0	0.0	0.0
-2.22659e-05	-2.84647e-07	-5.45081e-05	0.00508913	-7.37638e-05	-9.23501e-06	-3.44368e-07	-0.00678818	-0.000405035	0.00226449
-0.000131065	-0.00478384	-0.0224598	-0.0459526	-7.78702e-05	0.0603136	-5.80656e-05	0.0268275	-0.00515037	-0.00852752
-0.00305694	-0.0656113	-0.064515	-0.0158399	0.00369199	0.0713029	-0.00098198	0.150918	-0.123689	0.0477811
-0.0236421	-0.134571	-0.10058	0.133188	-0.0592026	-0.0120633	-0.00188129	0.0548174	-0.23786	0.381797
-0.115668	-0.162886	-0.0819201	0.371287	-0.165064	-0.017185	-0.00563529	-0.0277749	-0.154963	0.359814
-0.168222	-0.207789	-0.189729	0.639168	-0.252092	0.00601658	-0.0108087	0.0210938	-0.156017	0.318389
-0.256046	-0.182101	-0.402685	0.896679	-0.467812	-0.000828131	-0.0434781	0.327675	-0.251134	0.379742
-0.377118	-0.293857	-0.50229	0.835027	-0.308991	0.213092	-0.0615897	0.422444	-0.197957	0.271249
-0.536905	-0.660594	-0.401686	0.734825	-0.0789438	0.251795	-0.0542912	0.230681	0.169702	0.345427
-0.542893	-0.536628	-0.412256	0.569677	-0.26521	0.402618	-0.0491556	0.511509	0.150956	0.171383
-0.702497	-0.317669	-0.251884	0.787406	-0.499969	0.375383	-0.0361102	0.3862	-0.0688855	0.328029
-0.644193	-0.373033	-0.141319	0.614887	-0.2039	0.368326	-0.117298	0.276641	-0.0466843	0.26658
-0.608222	-0.425591	0.0382899	0.361677	-0.219894	0.0801596	-0.118902	0.219958	0.210611	0.461922
-0.545292	-0.476581	0.120082	0.160901	-0.227045	0.414811	-0.125005	0.248804	0.329448	0.0998838
-0.355194	-0.497821	0.0425898	0.305704	-0.407692	0.339212	-0.102707	0.129157	0.301817	0.244939
-0.420846	-0.309931	-0.0450743	0.243831	-0.423437	0.360014	-0.0667124	0.0891502	0.34257	0.230443
-0.371379	-0.17182	-0.267893	0.161118	-0.347096	0.246374	-0.0577051	0.297117	0.211254	0.300042
-0.209697	-0.141584	-0.33645	0.251356	-0.472309	0.258043	-0.0361975	0.0958869	0.125374	0.465584
-0.230883	-0.0517233	-0.236361	0.0332675	-0.258782	0.186278	-0.019062	-0.086051	0.0456972	0.617624
-0.169603	-0.0113389	-0.205601	-0.111548	-0.19223	0.280735	-0.0105374	-0.0783234	-0.0356494	0.534099
-0.0729779	-0.00698818	-0.179796	-0.041226	-0.0933676	0.339195	-0.00731421	0.00601555	-0.0533497	0.109811
-0.0180566	-0.000986281	-0.086447	-0.00771698	-0.0903078	0.236222	-0.00320734	-0.0812252	-0.0141771	0.0659029
-0.00395922	-1.26263e-05	-0.00788772	-0.000275876	-0.055169	0.13059	-0.000671525	-0.00775119	-0.00685397	-0.0480093
-5.04661e-07	-1.27797e-05	0.0247475	-0.000233583	-0.00100091	-1.77499e-05	-2.83299e-05	-0.00124838	-0.00497805	-0.0172272
-4.01026e-07	-1.52692e-05	0.0295943	-4.60861e-06	-0.000175344	-1.52791e-05	-3.24013e-05	-1.45352e-06	-0.00513237	-0.0242172
0.0	0.0	0.0	0.0	0.0	0.0	0.0	0.0	0.0	0.0
0.0	0.0	0.0	0.0	0.0	0.0	0.0	0.0	0.0	0.0
0.0	0.0	0.0	0.0	0.0	0.0	0.0	0.0	0.0	0.0
0.0	0.0	0.0	0.0	0.0	0.0	0.0	0.0	0.0	0.0
0.0	0.0	0.0	0.0	0.0	0.0	0.0	0.0	0.0	0.0
-0.000215826	-0.00109769	-0.000874709	0.00148852	0.00586195	-0.00305083	-4.21847e-05	-0.0843146	-0.0124491	0.0946946
-0.00439254	-0.00400473	-0.00355589	0.0312457	0.00670366	-0.00950462	-0.000273229	-0.194222	-0.0457723	0.223776
-0.0227163	-0.00870832	-0.0123745	0.0543479	-0.0637329	-0.0478028	-0.00114138	-0.166185	-0.0866057	0.35492
-0.0493144	-0.0138485	-0.0295234	0.0639866	-0.173625	-0.155124	-0.00199785	0.00953091	-0.0294816	0.379401
-0.0686708	-0.0212953	-0.0379824	0.0267558	-0.287461	-0.201872	-0.00446946	0.145706	-0.00700534	0.4563
-0.129602	-0.0355927	-0.041949	0.00113956	-0.457923	-0.137363	-0.00654943	0.278461	-0.0825749	0.611958
-0.115679	-0.116977	-0.0340478	0.0564137	-0.474004	-0.0354058	-0.00747647	0.275097	-0.177784	0.62987
-0.0819369	-0.101799	-0.0929632	0.069649	-0.550723	0.144235	-0.00966356	0.203249	-0.109701	0.529659
-0.0527485	-0.134276	-0.046833	0.0205914	-0.56513	0.12182	-0.0113708	0.0602327	-0.10554	0.713255
-0.111198	-0.204671	-0.0880869	0.0426975	-0.639043	0.0105101	-0.0160731	0.456267	-0.130139	0.679743
-0.15648	-0.159351	-0.0693277	0.00518822	-0.815926	-0.0209403	-0.0133843	0.514922	-0.206396	0.921702
-0.122398	-0.0888231	-0.0922632	0.0239448	-0.694912	0.14094	-0.0108729	0.606028	-0.274177	0.51254
-0.0861606	-0.0732006	-0.117026	0.155271	-0.616596	0.0288168	-0.00983067	0.364291	-0.183399	0.537843
-0.125532	-0.0469531	-0.139566	0.132504	-0.558113	-0.0523064	-0.00944972	0.381117	-0.088352	0.50666
-0.0808195	-0.0703881	-0.0862159	0.0714575	-0.580766	-0.103959	-0.00876832	0.34869	-0.0686902	0.579466
-0.0123539	-0.039905	-0.0282395	0.0259682	-0.458657	-0.0036755	-0.00509784	0.244951	-0.0943815	0.371393
-0.0618893	-0.0131488	-0.0337678	-0.00869741	-0.237094	0.0649078	-0.00339709	0.002943	-0.0423308	0.332476
-0.0751563	-0.00713164	-0.0397563	-0.00638034	-0.125133	0.0606536	-0.00232184	-0.00664786	-0.0150988	0.216973
-0.0381684	-0.00117844	-0.0147513	0.00177274	-0.0713085	0.0278516	-0.000422922	0.0829131	-0.00399095	0.0172833
-0.00206735	-1.11257e-05	-8.04606e-05	-0.000358822	-0.00532399	0.000400713	-8.27189e-05	-0.00298684	-0.000346673	0.0108573
-7.65572e-06	-1.74595e-09	-7.45555e-07	-1.60754e-06	-0.00186447	-4.70275e-05	-1.79158e-06	-0.000185055	-1.28343e-05	0.00212119
-2.39914e-07	-1.39376e-08	-2.00949e-06	-2.81876e-07	-5.37172e-08	-8.2935e-08	-7.58869e-10	2.76644e-05	-4.98951e-07	-2.44825e-05
0.0	0.0	0.0	0.0	0.0	0.0	0.0	0.0	0.0	0.0
0.0	0.0	0.0	0.0	0.0	0.0	0.0	0.0	0.0	0.0
0.0	0.0	0.0	0.0	0.0	0.0	0.0	0.0	0.0	0.0
0.0	0.0	0.0	0.0	0.0	0.0	0.0	0.0	0.0	0.0
0.0	0.0	0.0	0.0	0.0	0.0	0.0	0.0	0.0	0.0
0.0	0.0	0.0	0.0	0.0	0.0	0.0	0.0	0.0	0.0
-3.1395e-06	-4.52981e-06	-2.36574e-06	-8.41951e-07	-1.27367e-06	-9.07492e-07	-7.41385e-08	0.000239742	-5.20327e-05	-0.000174577
-5.82484e-05	-1.17136e-05	-9.43309e-06	-3.02418e-06	-5.82325e-06	-1.6264e-05	-8.27056e-07	0.000960018	-0.000143006	-0.00071168
-9.39739e-05	-1.03422e-05	-3.29942e-05	-4.29503e-05	-0.00995325	-7.00854e-05	-2.65282e-06	-0.000819191	-0.000182581	0.011208
-0.000188548	-2.2782e-05	-0.000135195	-0.000119726	-0.0568031	-0.000663929	-3.94709e-05	-0.007618	-0.000292743	0.0658835
-0.000510816	-4.84495e-05	-0.000198189	-0.000247285	-0.0587912	-0.00135192	-7.18079e-05	0.0099224	-0.000458464	0.0517557
-0.00116104	-4.78077e-05	-0.000346695	-0.0017486	-0.0272375	-0.000953118	-2.9835e-05	0.0102911	-0.000973758	0.0222072
-0.0011736	-0.00511341	-0.00672542	-0.0102181	-0.0603063	0.00434411	-6.71942e-05	0.0790298	-0.0175083	0.0177387
-0.00187541	-0.00185335	-0.00284252	-0.00558908	-0.0373732	0.0122394	-6.70798e-05	0.023986	-0.00449181	0.0178673
-0.00389362	-0.00526826	-0.00108231	-0.00549002	-0.0487343	0.00856419	-0.000403968	0.0347463	-0.0119716	0.0335338
-0.006158	-0.00520818	-0.00138772	-0.00732207	-0.0402023	-0.00238361	-0.000420524	0.180236	-0.00987751	-0.107275
-0.00934812	-0.00237345	-0.00112288	-0.0100196	-0.139436	-0.0128574	-0.000858328	0.148111	-0.00737821	0.0352833
-0.0114111	-0.000517639	-0.00121939	-0.00754245	-0.0661858	-0.00916681	-0.000773655	0.142126	-0.00672794	-0.0385809
-0.00688971	-0.000341349	-0.00108495	-0.00953353	-0.0389937	-0.00772012	-0.000548042	0.117882	-0.0038104	-0.0489597
-0.00446533	-0.00879785	-0.00139468	-0.00711991	-0.0342641	-0.0103265	-0.000525199	0.167644	-0.00392899	-0.0968217
-0.0046295	-0.0273594	-0.000899734	-0.00445912	-0.0471174	-0.00713955	-0.000357003	0.199577	-0.00445106	-0.103164
-0.00249632	-0.000401196	-0.000590904	-0.0034428	-0.0354203	-0.00814522	-0.000201989	0.142852	-0.00294117	-0.0892121
-0.00504445	-9.63414e-05	-0.00702455	-0.00181084	-0.00757365	-0.0205402	-0.000195852	0.0445582	-0.00408416	0.00181191
-0.0143057	-3.10842e-05	-0.00459882	-0.000537819	-0.00572644	-0.00930117	-8.64272e-05	0.0170091	-0.0020575	0.0196358
-0.042588	-5.3858e-05	-0.0149553	-0.000328176	-0.0143211	-0.00776903	-0.000214721	0.0676559	-0.00187377	0.0144481
-0.00973736	-3.81477e-06	-0.000179535	-3.07136e-05	-0.00326852	-0.00175545	-2.22092e-05	0.0243814	-0.000395414	-0.00898842
0.0	0.0	0.0	0.0	0.0	0.0	0.0	0.0	0.0	0.0
0.0	0.0	0.0	0.0	0.0	0.0	0.0	0.0	0.0	0.0
0.0	0.0	0.0	0.0	0.0	0.0	0.0	0.0	0.0	0.0
0.0	0.0	0.0	0.0	0.0	0.0	0.0	0.0	0.0	0.0
