0.0	0.0	0.0	0.0	0.0	0.0	0.0	0.0	0.0	0.0
0.0	0.0	0.0	0.0	0.0	0.0	0.0	0.0	0.0	0.0
0.0	0.0	0.0	0.0	0.0	0.0	0.0	0.0	0.0	0.0
0.0	0.0	0.0	0.0	0.0	0.0	0.0	0.0	0.0	0.0
0.0	0.0	0.0	0.0	0.0	0.0	0.0	0.0	0.0	0.0
0.0	0.0	0.0	0.0	0.0	0.0	0.0	0.0	0.0	0.0
0.0	0.0	0.0	0.0	0.0	0.0	0.0	0.0	0.0	0.0
0.0	0.0	0.0	0.0	0.0	0.0	0.0	0.0	0.0	0.0
0.0	0.0	0.0	0.0	0.0	0.0	0.0	0.0	0.0	0.0
0.0	0.0	0.0	0.0	0.0	0.0	0.0	0.0	0.0	0.0
0.0	0.0	0.0	0.0	0.0	0.0	0.0	0.0	0.0	0.0
0.0	0.0	0.0	0.0	0.0	0.0	0.0	0.0	0.0	0.0
-3.423e-06	-6.29343e-06	-0.000481884	-3.44217e-05	-0.0033896	-6.28133e-05	0.00458327	-7.21406e-06	-0.000120117	-0.000477499
-1.99166e-05	-1.49497e-05	-0.000708681	-8.85246e-05	-0.00755708	-0.000138225	0.00991442	-2.04055e-05	-0.000272976	-0.00109366
-1.38227e-05	-1.30118e-06	0.000385565	-1.46368e-05	-0.000150257	-7.62598e-07	-0.000135041	-5.12914e-06	-1.10847e-05	-5.35311e-05
-5.75946e-07	-5.42159e-08	1.60652e-05	-6.09866e-07	-6.26071e-06	-3.17749e-08	-5.62672e-06	-2.13714e-07	-4.61862e-07	-2.23046e-06
0.0	0.0	0.0	0.0	0.0	0.0	0.0	0.0	0.0	0.0
0.0	0.0	0.0	0.0	0.0	0.0	0.0	0.0	0.0	0.0
0.0	0.0	0.0	0.0	0.0	0.0	0.0	0.0	0.0	0.0
0.0	0.0	0.0	0.0	0.0	0.0	0.0	0.0	0.0	0.0
0.0	0.0	0.0	0.0	0.0	0.0	0.0	0.0	0.0	0.0
0.0	0.0	0.0	0.0	0.0	0.0	0.0	0.0	0.0	0.0
0.0	0.0	0.0	0.0	0.0	0.0	0.0	0.0	0.0	0.0
0.0	0.0	0.0	0.0	0.0	0.0	0.0	0.0	0.0	0.0
0.0	0.0	0.0	0.0	0.0	0.0	0.0	0.0	0.0	0.0
0.0	0.0	0.0	0.0	0.0	0.0	0.0	0.0	0.0	0.0
0.0	0.0	0.0	0.0	0.0	0.0	0.0	0.0	0.0	0.0
0.0	0.0	0.0	0.0	0.0	0.0	0.0	0.0	0.0	0.0
0.0	0.0	0.0	0.0	0.0	0.0	0.0	0.0	0.0	0.0
0.0	0.0	0.0	0.0	0.0	0.0	0.0	0.0	0.0	0.0
0.0	0.0	0.0	0.0	0.0	0.0	0.0	0.0	0.0	0.0
0.0	0.0	0.0	0.0	0.0	0.0	0.0	0.0	0.0	0.0
-4.82527e-09	-2.29993e-08	-6.70782e-06	-5.28541e-09	-2.50863e-05	-7.90649e-08	3.34465e-05	-4.12541e-08	-5.97526e-07	-9.01443e-07
-1.04298e-07	-6.79919e-08	-2.19113e-05	-2.9364e-08	-0.000277834	-2.39602e-07	0.000305955	-6.33443e-07	-1.77841e-06	-3.35626e-06
-1.91797e-05	-1.08441e-07	-0.000262152	-6.0356e-06	-0.0255869	-1.33717e-05	0.0260832	-4.84212e-05	-4.79689e-06	-0.000142211
-4.02726e-05	-5.75104e-05	-0.000638074	-1.54047e-05	-0.0568297	-2.5412e-05	0.0583251	-0.000314169	-5.21638e-05	-0.000352369
-6.35651e-05	-0.00275655	-0.000803837	-0.000153477	-0.0552501	-7.50842e-05	0.0622805	-0.00173515	-0.000751474	-0.000691328
-0.000120685	-0.00226301	-0.00233063	-0.00018716	-0.0250458	-0.000100222	0.0325589	-0.00119292	-0.000789292	-0.000529102
-0.00126253	-0.00138473	-0.00448399	-0.000159782	-0.0357494	-0.000389671	0.0462547	-0.000675576	-0.000637222	-0.0015118
0.0151443	-0.000652307	-0.0150092	-0.000256896	-0.0596772	-0.000537459	0.0745164	-0.00563365	-0.0010774	-0.00681655
0.032963	-0.000565467	-0.0179903	-0.00076204	-0.110639	-0.00393508	0.12738	-0.013312	-0.00113826	-0.0120003
0.0138811	-0.000405774	-0.0121432	-0.000490559	-0.0589507	-0.00364635	0.0727494	-0.00416357	-0.00149294	-0.00533735
-0.000756038	0.0150674	0.00014307	-0.00440429	-0.0160789	-0.00201482	0.0127373	-0.000289211	-0.00254986	-0.00185456
0.0118878	0.0218747	0.0151636	-0.00570008	-0.0576693	-0.00236837	0.0283804	-0.000711306	-0.00205801	-0.00879946
0.0342122	-0.00590353	0.0492606	-0.00178392	-0.0599438	-0.00222765	0.0114309	-0.00146144	-0.00246856	-0.0211148
0.0157056	-0.00319799	0.0100513	-0.000572615	-0.0259428	-0.00153188	0.0196443	-0.000651641	-0.00204842	-0.011456
-0.00126849	-0.000232012	-0.01493	-0.000138286	-0.0120356	-0.00229796	0.033891	-0.000135351	-0.00133338	-0.00151989
-0.000634545	-7.23212e-05	-0.0113146	-8.60444e-05	-0.0205817	-0.00219688	0.0373337	-0.000183186	-0.00108362	-0.00118084
-0.000280109	-9.12432e-05	-0.00498924	-8.01519e-05	-0.0164309	-0.00106157	0.0245589	-9.08545e-05	-0.000560168	-0.000974601
-0.000108661	-0.000214135	-0.00269302	-5.86095e-05	-0.0132123	-0.000199778	0.0173652	-9.31448e-06	-0.000549792	-0.000319523
-1.40215e-05	-1.85782e-05	-0.000271635	-4.81558e-06	-0.0173087	-9.72551e-06	0.0179205	-1.86962e-05	-8.95136e-05	-0.00018476
-2.24861e-06	-1.45514e-06	-0.000114289	-6.79179e-07	-0.00588988	-9.805e-06	0.00619498	-2.57622e-05	-4.34081e-05	-0.000107461
0.0	0.0	0.0	0.0	0.0	0.0	0.0	0.0	0.0	0.0
0.0	0.0	0.0	0.0	0.0	0.0	0.0	0.0	0.0	0.0
0.0	0.0	0.0	0.0	0.0	0.0	0.0	0.0	0.0	0.0
0.0	0.0	0.0	0.0	0.0	0.0	0.0	0.0	0.0	0.0
0.0	0.0	0.0	0.0	0.0	0.0	0.0	0.0	0.0	0.0
0.0	0.0	0.0	0.0	0.0	0.0	0.0	0.0	0.0	0.0
-2.54542e-08	-5.25061e-10	-2.8862e-07	-2.44354e-09	-3.34656e-06	-4.35991e-07	5.15801e-06	-8.12496e-12	-7.22329e-07	-3.36146e-07
0.00205062	-4.17399e-10	-1.11592e-05	-4.98146e-07	-0.00180979	-6.33066e-05	0.000178899	-0.000149265	-6.07397e-06	-0.00018943
0.000760819	-2.01215e-06	-0.000619554	-1.04303e-06	-0.000868157	-1.27497e-05	0.000901904	-5.3065e-05	-3.08655e-05	-7.52775e-05
-0.000221554	-7.95517e-06	-1.70425e-05	-0.000180507	-0.000837399	-4.82892e-06	0.00130038	-2.6904e-06	-2.04179e-05	-7.98648e-06
-0.0110413	-4.55777e-05	-0.000819045	-0.00100916	-0.026921	-3.99756e-05	0.040579	-0.000384368	-0.000146916	-0.000171556
-0.0132572	-0.00172407	-0.00415288	-0.00207494	-0.0860608	-0.000706334	0.110762	-0.00123895	-0.000770885	-0.000775711
-0.0116589	-0.018251	0.0094874	-0.00671302	-0.110088	-0.00268574	0.147172	-0.00328731	-0.00242615	-0.00154922
-0.0166168	-0.0338165	0.0588713	-0.0123577	-0.0966704	-0.0114959	0.128086	-0.00493295	-0.00826494	-0.00280149
-0.0166125	-0.0287428	0.0412262	-0.00624194	-0.170931	-0.0292382	0.246056	-0.0104581	-0.0160743	-0.0089838
-0.0254939	-0.0332897	0.0748936	0.0155789	-0.189271	-0.0543123	0.279	-0.0235124	-0.0268518	-0.0167402
-0.0254561	0.00860432	0.0366888	0.0241772	-0.257508	-0.060185	0.356028	-0.0225652	-0.0328487	-0.0269343
-0.04559	0.088444	-0.00651688	4.0857e-05	-0.196357	-0.0690006	0.311652	-0.0122288	-0.0443035	-0.0261388
-0.0807265	0.0876954	0.0355062	-0.00337358	-0.129343	-0.0735297	0.244771	-0.0137515	-0.04294	-0.0243073
-0.0915556	0.168372	0.0827397	-0.0307585	-0.165243	-0.0494196	0.177947	-0.016451	-0.0477496	-0.0278798
-0.0700677	0.109032	0.0874534	-0.0230029	-0.188595	-0.00561482	0.189966	-0.00948572	-0.0542405	-0.0354431
-0.0613081	0.0253463	0.0237959	-0.022207	-0.0995117	0.0342262	0.172246	-0.00637444	-0.0417224	-0.0244904
-0.0431209	-0.00638833	-0.0140441	-0.0370935	-0.0723009	0.0333962	0.170933	-0.00380533	-0.0118813	-0.0156947
-0.0339411	0.0108455	-0.0652814	-0.0201131	-0.0438372	-0.000145995	0.19239	-0.0021318	-0.0270854	-0.0106986
-0.0228203	-0.00769706	-0.035586	-0.00697512	-0.0306316	-0.0443518	0.164268	-0.00102432	-0.0110109	-0.00417048
-0.0110945	-0.00770149	-0.033635	-0.00709552	-0.026503	-0.0410198	0.144033	-0.00071611	-0.0113507	-0.00491731
-0.00561644	-0.00287115	-0.0284664	-0.00519951	-0.0238149	-0.0186855	0.0951873	-0.000519812	-0.00756563	-0.00244798
-0.002646	-0.00154249	-0.00767981	-0.00148371	-0.0151508	-0.0165838	0.0483292	-6.81555e-05	-0.00285734	-0.000317017
-0.000509069	-0.000526841	0.0192818	-0.000130491	-0.00228037	-0.00775399	-0.0062984	-2.89003e-05	-0.00171982	-3.39112e-05
-9.48018e-06	-3.81213e-05	0.0144214	-9.89203e-07	-0.000300376	-0.000762817	-0.0126027	-2.68473e-08	-0.000705649	-1.19998e-06
0.0	0.0	0.0	0.0	0.0	0.0	0.0	0.0	0.0	0.0
0.0	0.0	0.0	0.0	0.0	0.0	0.0	0.0	0.0	0.0
0.0	0.0	0.0	0.0	0.0	0.0	0.0	0.0	0.0	0.0
0.0	0.0	0.0	0.0	0.0	0.0	0.0	0.0	0.0	0.0
-5.77897e-08	0.000428033	-5.49048e-05	-2.05949e-05	-7.39318e-06	-3.16584e-06	-0.000238412	-1.0088e-08	-0.00010264	-8.54104e-07
0.00486455	0.000101795	-0.000115131	-2.48696e-05	-0.00559929	1.81434e-05	0.00208551	-0.000438082	-0.000227303	-0.000665319
-0.00607169	-5.97039e-05	-0.00209642	-0.00243054	-0.00285424	0.00722859	0.00750376	-0.000789179	-0.000183099	-0.000247476
-0.0367019	-0.00204017	-0.000506567	0.059592	-0.00485203	-0.0280243	0.0181481	-0.00165304	-0.00317487	-0.000787198
-0.0486903	-0.00239692	0.00169485	0.0476477	-0.047789	-0.0194481	0.0789833	-0.00244591	-0.00635334	-0.00120223
-0.0564489	-0.0173766	0.0316164	0.073023	-0.0857558	-0.0317889	0.115273	-0.00925641	-0.0162305	-0.00305468
-0.0169787	-0.0485011	0.095592	0.0866225	-0.166752	-0.0395616	0.143796	-0.0263149	-0.0197671	-0.00813384
-0.0490642	-0.0726306	0.275067	0.0357218	-0.232737	-0.0637646	0.184861	-0.0340458	-0.0248547	-0.0185511
-0.0406451	-0.12885	0.278839	0.102392	-0.261478	-0.0596065	0.248673	-0.0620243	-0.0424207	-0.0348775
-0.00798275	-0.196653	0.335731	0.265938	-0.307488	-0.117513	0.259929	-0.0961793	-0.080019	-0.0557618
-0.0142367	-0.102606	0.338688	0.326465	-0.445682	-0.080757	0.22304	-0.078173	-0.0899999	-0.0767372
0.0663607	-0.0602096	0.402186	0.228343	-0.520133	-0.0982586	0.258107	-0.0768274	-0.0930753	-0.106492
0.0475444	-0.0750508	0.247467	0.382384	-0.39155	-0.0753343	0.221458	-0.0774274	-0.150947	-0.128543
0.0097419	0.0379643	0.161615	0.340906	-0.385714	0.00980334	0.191485	-0.0758925	-0.142623	-0.147286
0.0179098	0.0834815	0.197568	0.262513	-0.333518	-0.0118953	0.0945496	-0.0615902	-0.123115	-0.125903
-0.0615683	-0.0580024	0.114622	0.234765	-0.224511	0.0860752	0.111351	-0.0442785	-0.0728386	-0.0856125
-0.157079	-0.14503	-0.0845318	0.230824	-0.148922	0.182994	0.199355	-0.0371881	-0.00385877	-0.0365618
-0.160842	-0.106658	-0.14393	0.191361	-0.0258749	0.156543	0.223183	-0.0222421	-0.0767252	-0.034815
-0.109962	-0.114919	-0.188085	0.184184	0.0200608	0.172027	0.124144	-0.0184296	-0.0405937	-0.0284259
-0.110614	-0.0911121	-0.143655	-0.0303451	0.0240319	0.156006	0.195165	-0.0096063	0.0255678	-0.0154361
-0.0828755	-0.066009	-0.127064	-0.0765316	0.0247282	0.0839939	0.211915	-0.00308387	0.0398024	-0.00487567
-0.0411027	-0.0457994	-0.0973502	-0.0401686	0.0150162	-0.0276503	0.201342	-0.00106774	0.0388651	-0.00208396
-0.0166149	-0.035882	-0.019657	-0.0120648	-0.0086757	-0.0192483	0.109169	-0.000419778	0.00389195	-0.000498699
-0.00328812	-0.00983127	0.0106133	-0.000322859	-0.000352008	0.0294108	-0.026718	-4.91632e-06	0.000527941	-3.48297e-05
-0.000908105	-0.0135731	-0.000451522	-1.99429e-05	-0.000192572	0.00525065	0.0123428	-1.52228e-07	-0.00244548	-2.53325e-06
0.0	0.0	0.0	0.0	0.0	0.0	0.0	0.0	0.0	0.0
0.0	0.0	0.0	0.0	0.0	0.0	0.0	0.0	0.0	0.0
-2.69935e-08	-2.94729e-08	-1.45807e-05	2.09247e-05	-1.54843e-07	-5.33463e-06	-2.64977e-08	-9.49223e-09	-7.48098e-07	-1.38947e-08
-2.7149e-05	0.00146395	-0.000449378	0.00066157	-2.80987e-06	-0.000626343	-0.000868471	-5.92657e-08	-0.000149929	-1.3815e-06
-0.000360546	0.000134815	-0.00352807	0.0102392	-0.000502994	-0.00385092	-0.00168455	0.000292222	-0.000543843	-0.000195345
-0.00820158	0.00344449	-0.0275807	0.0410377	0.0120165	-0.0286657	0.0141619	-0.00179223	-0.00391297	-0.000507368
-0.0574748	0.022914	0.0122147	0.177499	0.0149794	-0.122587	0.00225953	-0.0179434	-0.0262477	-0.00561239
-0.0612598	0.00993439	0.10288	0.210414	-0.0363851	-0.149601	-0.00357914	-0.0207606	-0.0433069	-0.00833463
-0.027703	-0.0372573	0.0843732	0.263044	-0.056753	-0.134781	0.0200064	-0.0433529	-0.0467782	-0.0207964
-0.00296944	-0.0626217	0.148462	0.362738	-0.169049	-0.262775	0.102744	-0.075276	0.00571945	-0.0469716
0.0416172	-0.0926805	0.308185	0.334742	-0.247986	-0.232101	0.06447	-0.129863	0.0511793	-0.0975637
0.0358834	-0.114889	0.290039	0.400612	-0.360585	-0.0758612	0.0668901	-0.188603	0.0723438	-0.12583
0.0940563	-0.203681	0.32154	0.452986	-0.358792	0.0375622	-0.0553698	-0.222109	0.123599	-0.189792
-0.0120445	-0.081594	0.308803	0.391044	-0.331791	-0.0157639	-0.0791242	-0.217525	0.29661	-0.258614
0.0124191	0.153949	0.211337	0.39121	-0.23595	-0.167029	-0.0519354	-0.232998	0.183315	-0.264319
-0.0622878	0.179787	0.263845	0.335229	-0.319377	-0.026203	-0.0612871	-0.274069	0.315627	-0.351263
0.0247697	0.0729781	0.162149	0.323031	-0.370786	0.233057	-0.0840745	-0.263912	0.277213	-0.374425
-0.0629498	0.0672671	0.110944	0.353966	-0.210438	0.122153	0.0498084	-0.252338	0.20448	-0.382891
0.0143429	-0.0378157	0.0523903	0.204103	-0.124544	0.161665	0.137138	-0.21679	0.0721739	-0.262663
-0.0797426	-0.121334	-0.0352893	0.302659	-0.0870567	0.282759	0.0917229	-0.176018	0.0189833	-0.196683
-0.117155	0.0896224	-0.171538	0.140973	0.110403	0.104923	0.117849	-0.11989	0.0378759	-0.193064
-0.0871671	0.100341	-0.17419	0.024069	0.188364	-0.124368	0.153512	-0.0896324	0.13739	-0.128318
-0.109969	0.0794184	-0.271125	-0.111617	0.175855	0.148657	0.239306	-0.0385614	0.0130979	-0.125061
-0.0977715	0.0108879	-0.306589	-0.100557	0.202762	0.12783	0.284956	-0.0380474	-0.00915434	-0.0743164
-0.119718	-0.0373296	-0.239999	-0.172218	0.193101	0.241277	0.22999	-0.0184575	-0.0495329	-0.0271102
-0.116308	-0.135084	-0.117644	-0.0294483	0.109868	0.242715	0.0130752	-0.00533442	0.0456962	-0.00753438
-0.0323664	-0.0685417	-0.0109913	-0.00344955	0.0020995	0.0918154	-0.0190334	-0.00104117	0.0437391	-0.00223044
-0.00392343	-0.00708339	-0.00317056	-9.35982e-05	-0.0102063	0.0104544	-0.00157423	-0.000245033	0.0167433	-0.000901207
-5.78986e-05	-0.00355951	-0.00269015	-2.09843e-05	-0.00191349	-0.00168588	0.00831354	-1.44663e-05	0.00171987	-9.10251e-05
0.0	0.0	0.0	0.0	0.0	0.0	0.0	0.0	0.0	0.0
0.0	0.0	0.0	0.0	0.0	0.0	0.0	0.0	0.0	0.0
-0.000140915	0.000163676	0.000185954	0.00151341	-5.86661e-05	-0.00151768	3.29466e-05	-6.47989e-06	-0.000170078	-2.15909e-06
-0.00301696	0.00427012	-0.000205436	0.0537639	0.000965026	-0.0249471	-0.0185626	-0.000755315	-0.00894599	-0.00256564
-0.0221042	0.00959139	0.00223141	0.147904	0.0124063	-0.121282	0.0186051	-0.00754613	-0.0291429	-0.0106624
-0.0790224	0.0638583	0.0190587	0.315193	0.0385231	-0.194749	-0.099341	0.056971	-0.0883161	-0.0321734
-0.0343608	0.0114077	0.080427	0.354268	0.0100702	-0.251835	-0.0778901	0.0628576	-0.0831489	-0.0717948
-0.0321983	-0.116601	0.141361	0.302071	-0.0164845	-0.134538	-0.0721452	0.0539492	-0.0174271	-0.107985
0.01277	-0.260351	0.213994	0.211626	-0.0420652	-0.146168	0.072295	0.0761235	0.00500684	-0.143231
0.0357823	-0.277931	0.14918	0.190924	-0.0352893	0.0343755	0.0100466	0.0211979	0.0713808	-0.199667
0.183831	-0.192816	0.183033	0.170909	-0.18233	0.120262	0.00766227	-0.116045	-0.0876598	-0.0868471
0.132415	-0.204894	0.217101	0.175513	-0.166695	0.0797618	-0.342117	-0.18934	0.176942	0.121313
0.0412183	-0.123918	0.150802	0.0818391	-0.127686	0.00185188	-0.246229	-0.165448	0.273268	0.114302
0.179954	0.0226095	0.126659	0.0725003	-0.254556	-0.0584722	-0.25296	-0.229183	0.198869	0.19458
0.196556	0.0922044	0.126895	0.0335936	-0.0748394	-0.107778	-0.0534471	-0.344687	0.210201	-0.0786963
0.148646	0.175951	0.194735	0.17799	-0.0727062	-0.0861956	-0.156343	-0.38886	0.0958689	-0.0890869
0.122036	-0.077504	0.306764	0.260897	-0.0158407	0.0423299	-0.117151	-0.340502	0.18734	-0.36837
0.296463	-0.150335	0.197159	-0.0488439	-0.0645621	0.108911	-0.0105822	-0.359816	0.337344	-0.305739
0.290895	-0.0296336	0.129825	0.0128335	0.08004	0.127711	0.101724	-0.35486	-0.0959673	-0.262564
0.055937	0.0320017	0.00352059	0.101658	0.157779	0.0456573	0.159009	-0.400682	0.071209	-0.226089
-0.0507263	0.136399	-0.00751346	0.00059392	0.0762182	0.219562	0.0858522	-0.37415	0.132928	-0.219166
0.0353777	0.269439	-0.0441278	-0.150939	0.0860231	0.122221	0.101722	-0.236664	0.0464571	-0.229509
-0.0152611	0.227555	-0.16218	-0.159826	0.226061	0.260045	0.0983323	-0.163372	-0.054569	-0.256785
-0.176193	0.117775	-0.248325	-0.235518	0.349911	0.33532	0.211264	-0.0852862	-0.107043	-0.161905
-0.201059	0.0129693	-0.180472	-0.0766306	0.116356	0.351789	0.0698589	-0.0275342	0.00271789	-0.0679934
-0.0810326	-0.0938388	-0.0419956	-0.0181039	-0.019308	0.218374	-0.0339365	-0.00851047	0.102165	-0.0238132
-0.0225022	-0.0144966	-0.0117505	-0.00155899	-0.0165831	0.0490038	0.0163261	-0.0032083	0.008112	-0.00334216
-0.0069331	-0.0045832	-0.00395536	-7.6883e-05	-0.000202852	0.00543074	0.0124151	-7.92166e-05	-0.00198807	-2.71797e-05
0.0	0.0	0.0	0.0	0.0	0.0	0.0	0.0	0.0	0.0
-2.87874e-06	-1.0268e-06	-2.71407e-05	0.000302911	-8.57158e-07	-2.01864e-05	-1.91735e-07	-6.20437e-06	-2.59648e-05	-0.00021846
-0.000834114	-0.00897453	-0.00713255	0.00785559	-0.00237689	0.00186917	-0.000853063	0.0160685	-0.00310698	-0.00251516
-0.0026338	0.00252225	0.0103696	0.0968918	-0.0212303	-0.0879312	-0.0238154	0.0730748	-0.0281846	-0.0190631
-0.0330718	0.00552564	0.0642087	0.177373	0.0257994	-0.167319	0.0129687	0.0432482	-0.0599015	-0.0688303
-0.0255341	-0.0238685	0.0812093	0.276552	0.128811	-0.179022	-0.0839178	0.10279	-0.0934484	-0.183571
-0.00633739	-0.0800207	0.180378	0.279651	0.112197	-0.138615	-0.175036	0.18053	-0.129544	-0.223203
-0.00422951	-0.1851	0.145578	0.120104	0.0648958	-0.00311404	-0.036882	0.197039	-0.0294791	-0.268813
-0.0291233	-0.303431	0.0834025	0.187184	-0.0201407	0.0260454	-0.0237302	0.240571	0.0517852	-0.212563
-0.136727	-0.371922	0.212149	0.277587	0.0176005	-0.0213343	-0.125658	0.161726	0.0629263	-0.0763473
0.0337056	-0.202338	0.189272	0.304969	-0.142692	0.0169488	-0.281248	0.19827	-0.0899066	-0.0269813
-0.00666307	-0.0717755	-0.00847222	0.164636	-0.23596	-0.0356501	-0.270233	0.268953	0.0395908	0.155575
-0.100661	-0.159386	0.0637687	0.0592883	-0.170682	-0.00691803	-0.169002	0.142873	0.211312	0.129406
0.16325	-0.188366	0.0917147	0.278126	-0.28708	-0.0212001	-0.301883	-0.0800575	0.0308994	0.314599
0.158783	-0.149548	0.021798	0.171928	-0.365802	0.10378	-0.214204	-0.0613245	0.0307049	0.303886
0.0347041	-0.233027	0.0244696	0.165297	-0.378683	-0.0292491	-0.130783	0.022242	0.297287	0.227744
0.0966995	-0.209193	0.105163	0.226213	-0.333468	-0.0551807	-0.216849	-0.0005006	0.0951874	0.291927
0.211616	-0.27281	0.0076836	0.0495008	-0.187062	0.0124553	-0.186939	0.00478949	0.133192	0.227573
0.318136	-0.112048	0.00863284	0.221954	-0.286343	0.0898778	-0.267305	-0.0813017	-0.141226	0.249623
0.110378	-0.148907	-0.0758541	-0.0854505	-0.0429531	0.213022	-0.152626	-0.113287	0.255958	0.0397186
0.0894755	0.0411326	-0.114312	0.0528915	-0.117786	0.15502	-0.0800936	-0.100254	0.0689265	0.00499984
0.247507	0.0842854	-0.0929286	0.0334987	-0.0299693	-0.00526611	-0.0544134	-0.0406578	-0.026761	-0.115295
0.243208	0.104359	-0.165968	-0.162064	0.238463	0.182192	-0.0434119	-0.121559	-0.0159808	-0.259239
-0.02705	0.0796469	-0.347599	-0.218125	0.403634	0.33837	0.00677747	-0.157943	0.186639	-0.264351
-0.283089	-0.00803412	-0.199346	-0.0983659	0.133541	0.61659	-0.00569022	-0.0751131	0.0810349	-0.161527
-0.1896	-0.0806052	-0.0545129	-0.0392838	-0.00734642	0.352695	-0.0353636	-0.0329698	0.143832	-0.0568448
-0.0840455	-0.009082	-0.00815749	-0.00423404	0.030114	0.121728	-0.0276663	-0.0104564	0.0103361	-0.0185366
-0.0206043	-0.000313689	-0.000458878	-0.000349858	-0.00152839	0.0292689	-0.00140242	-0.000595842	-0.00331111	-0.000704347
0.0	0.0	0.0	0.0	0.0	0.0	0.0	0.0	0.0	0.0
-0.000204261	-0.000794287	-0.0011079	0.00917775	-0.000634946	-0.000979229	-8.29364e-05	0.00349166	-0.00213724	-0.0067286
-0.000625104	-0.0115847	0.00809635	-0.00724356	-0.00354628	-0.0112304	-0.0035902	0.0471804	-0.00632117	-0.0111354
-0.00469499	-0.00811594	0.0312634	0.0669445	-0.00647306	-0.103055	-0.0300029	0.147922	-0.0277144	-0.0660722
-0.0548377	-0.00483834	0.169802	0.297117	0.0641392	-0.332006	0.00458441	0.0653189	-0.0319176	-0.177359
-0.0193045	-0.086841	0.155455	0.375499	0.199161	-0.259068	-0.0842561	0.0878005	-0.0406426	-0.327803
0.0137822	-0.160258	0.277698	0.155705	0.108546	-0.0886959	-0.210927	0.234941	-0.0267272	-0.304064
-0.0311226	-0.213588	0.0133882	0.0516074	0.0786245	0.0992091	-0.0149308	0.245742	0.0891066	-0.318036
-0.128029	-0.39748	0.125671	0.0389212	-0.0266418	0.195726	-0.0388695	0.179459	0.154659	-0.103414
0.0157144	-0.31648	0.0166812	0.0576906	-0.036007	0.0852072	-0.141449	0.256374	-0.000326073	0.0625954
0.0351142	-0.173709	-0.0891888	0.012535	-0.191405	0.213965	-0.222726	0.314039	0.0642968	0.0370794
0.0637675	-0.19257	0.042441	0.0364683	-0.191738	0.149333	-0.136106	0.277193	-0.135797	0.0870094
0.0004582	-0.0810558	-0.015024	0.160906	-0.404402	0.0490725	-0.15367	0.202654	-0.0916855	0.332747
0.121078	-0.185756	0.22409	0.0825328	-0.330628	-0.146219	-0.255635	0.0951168	-0.0559827	0.451404
0.0924802	-0.135986	0.101641	0.254952	-0.418352	0.105419	-0.157268	-0.0601955	-0.255615	0.472925
0.020907	-0.350699	-0.0484859	0.252242	-0.384073	-0.133684	-0.167385	0.0652263	0.230023	0.51593
0.0731957	-0.2279	-0.00516751	0.0613891	-0.412526	0.105124	-0.336299	0.157533	0.0675187	0.517133
0.236412	-0.200821	-0.242877	0.157793	-0.182263	0.122085	-0.265697	0.251308	-0.157796	0.281858
0.252777	-0.246097	-0.0860514	-0.0082702	-0.265445	0.101619	-0.326082	0.323599	0.0920216	0.161929
0.142457	-0.0973576	-0.0530621	0.0818992	-0.0987758	0.119736	-0.335095	0.18294	-0.0314319	0.0886909
0.00615729	0.00713624	-0.111506	0.0237674	-0.115256	0.0980635	-0.268464	0.23298	0.0210742	0.106048
0.0725144	-0.045505	-0.00777329	-0.123681	-0.0836025	0.129603	-0.214783	0.13049	0.120923	0.0218142
0.163542	-0.03913	0.0491181	-0.190679	0.159363	0.161853	-0.263519	0.0772462	0.0372751	-0.155069
0.153207	-0.0926009	-0.373416	-0.273557	0.33347	0.378655	-0.195354	-0.00264662	0.328462	-0.256222
-0.131277	-0.225795	-0.286138	-0.190431	0.137236	0.643579	-0.026813	-0.0598277	0.3574	-0.217934
-0.225348	-0.129783	-0.0703189	-0.0507079	0.0177066	0.603412	-0.0832253	-0.0530203	0.0846838	-0.093397
-0.0998615	-0.00649466	-0.0116768	-0.00372154	0.0398033	0.141871	-0.0293706	-0.0105598	0.0104542	-0.0304435
-0.0075985	-0.00304337	-0.000688638	-0.000222965	-0.00158774	0.0176823	-0.00632239	-0.000444479	0.00310156	-0.000875762
0.00823658	-2.84591e-07	-0.000131045	-6.1827e-07	-0.00028114	-4.57556e-06	-7.20615e-06	-0.00454197	-1.85788e-05	-0.00325116
-0.000242547	-0.000697521	0.000480882	-0.00361239	-0.0101579	-0.00111946	-0.000254551	0.0366102	-0.00241187	-0.0185948
0.000869985	-0.00658404	0.00352407	-0.0103855	0.00216459	-0.0146036	-0.00371439	0.0826549	-0.0086091	-0.0453169
0.000226995	-0.00274165	0.0254526	0.0752421	-0.00346827	-0.110887	-0.0282192	0.228125	-0.0146437	-0.169086
-0.0832925	-0.0234233	0.205107	0.3425	0.0332181	-0.432599	-0.00364333	0.205714	0.00855179	-0.25213
-0.0642641	-0.0705087	0.127904	0.252435	0.155105	-0.306503	-0.132545	0.217481	0.0857748	-0.264879
-0.0476086	-0.169268	0.0816126	0.098369	0.0336088	-0.126552	-0.210572	0.225909	0.217901	-0.103401
-0.0733498	-0.190121	0.0617587	0.085569	0.0253474	-0.135345	-0.119803	0.375912	0.216212	-0.246179
-0.013078	-0.365385	0.0616637	0.00618392	-0.125916	0.10807	-0.110831	0.237779	0.0278637	0.173651
0.144719	-0.390457	0.00726132	0.00736208	0.0258892	0.0573213	-0.127701	0.19256	0.144098	-0.0610515
0.0468032	-0.263349	0.207287	0.102104	-0.18404	0.131855	-0.208021	0.142436	0.0683111	-0.0433844
0.00498432	-0.226729	0.0773643	0.0625051	-0.0946123	0.148313	-0.145447	0.301167	-0.0332255	-0.0943173
0.136556	-0.0813233	-0.0376487	0.112687	-0.241552	-0.0326774	-0.182129	0.33323	0.216305	-0.22345
0.0377753	-0.0234551	-0.0125103	0.107614	-0.257029	-0.0887555	-0.248581	0.0928242	0.220872	0.171246
0.190443	-0.0400508	0.082774	0.228869	-0.421658	-0.118215	-0.35532	0.205484	-0.146994	0.374668
0.27144	0.0142636	0.0429826	0.17143	-0.339086	-0.186795	-0.436808	0.281254	-0.0404537	0.22177
0.461173	-0.187579	-0.0597652	0.0734848	-0.426564	-0.0453089	-0.445306	0.26088	0.158838	0.210148
0.274858	0.0787702	-0.113017	0.13442	-0.192537	-0.00592046	-0.409151	0.236307	-0.0287727	0.0250438
0.147294	-0.156997	-0.199127	0.274164	-0.0736843	-0.0299397	-0.578119	0.367718	0.12988	0.118812
0.110619	-0.1372	0.111275	0.125036	-0.106642	0.100117	-0.527409	0.156423	0.167518	0.000264124
0.138826	-0.204246	0.0346686	0.101113	-0.0773565	0.238123	-0.377932	0.1995	0.0573871	-0.110083
0.0683153	-0.210758	-0.0469533	0.0584876	-0.0715368	0.159464	-0.298977	0.0281171	0.134881	0.178958
0.228287	-0.223712	-0.0490379	0.129479	-0.0477841	0.0782641	-0.395554	0.168611	0.154727	-0.0432804
0.361001	-0.331361	-0.104966	-0.402236	0.145416	0.54832	-0.392929	0.0606255	0.328924	-0.212794
0.0254079	-0.329411	-0.325687	-0.309852	0.0700417	0.933119	-0.248182	-0.101687	0.462419	-0.176169
-0.229698	-0.146917	-0.112964	-0.0691845	0.0334592	0.720091	-0.150427	-0.0832564	0.142962	-0.104061
-0.080475	-0.0133146	-0.0156435	-0.00488291	-0.0402715	0.196889	-0.0796736	-0.0152264	0.0808127	-0.0282136
-0.00513393	-0.00227346	-0.00138704	-6.51393e-05	-0.0014171	0.0105785	-0.0083189	-0.00362516	0.0129705	-0.00132827
-3.04973e-06	-8.33325e-06	-7.12246e-06	-0.000115673	-0.000463056	-5.75922e-05	-2.72795e-06	0.00190013	-2.31252e-05	-0.00121945
-0.000442002	-6.34702e-05	-0.00077474	-0.00331676	-0.0113917	-0.00115888	-0.000135747	0.0444785	-0.00183522	-0.02536
0.00290628	-0.00431591	-0.0087527	0.0228579	-0.0063333	-0.0077265	-0.00548566	0.0914158	-0.0195654	-0.0650005
0.00422916	-0.00517677	0.0416875	0.124079	-0.0818514	-0.121721	-0.0394549	0.283639	-0.0293653	-0.176065
-0.0683207	-0.0520481	0.156612	0.397553	-0.122005	-0.351375	-0.00492981	0.319667	0.0256006	-0.300751
-0.052179	-0.157469	0.272419	0.180512	-0.0357324	-0.288713	-0.188803	0.242323	0.130498	-0.102854
-0.0809778	-0.189859	0.0430181	0.113994	-0.103745	-0.0989333	-0.193078	0.173387	0.21825	0.117945
-0.0875849	-0.158571	-0.0337798	0.166358	-0.0828552	-0.0264042	-0.0294844	0.14133	0.138575	-0.0275834
-0.0493537	-0.240208	-0.0783698	0.119241	-0.0755099	0.131727	-0.0759156	0.106803	0.129629	0.0319578
0.0489493	-0.324535	0.0927754	0.0208725	-0.0489048	0.0492819	-0.164682	0.163078	0.181854	-0.0186873
0.115618	-0.209001	0.198476	-0.110313	-0.206421	0.206586	-0.252594	-0.0347282	0.0999759	0.192402
-0.0511853	-0.0819133	0.0540967	-0.296618	-0.0669606	0.326267	-0.134255	0.117624	0.0808269	0.0521198
0.0224953	-0.0906927	0.0687802	-0.243274	-0.0693683	0.211546	-0.218115	0.327676	-0.0270964	0.0180512
0.22164	0.050123	0.0845471	-0.107651	-0.131018	-0.0487379	-0.368657	0.23747	0.0275492	0.034734
0.0524796	0.205581	0.149578	0.262117	-0.592284	-0.20618	-0.276074	0.431947	-0.208512	0.181345
-0.0673267	0.459028	0.245727	0.369592	-0.390196	-0.385651	-0.433409	0.375049	-0.415466	0.242652
0.195626	0.150137	0.229946	0.265947	-0.0883913	-0.381386	-0.548483	0.352509	-0.150212	-0.0256919
0.304835	0.0441565	-0.014802	0.145655	-0.0724678	-0.201344	-0.650997	0.458108	0.0209809	-0.0341242
0.228615	-0.128303	0.033808	0.102673	0.0427116	-0.0728303	-0.602695	0.253857	0.0445177	0.0976467
0.274101	-0.245513	-0.0282162	0.183524	-0.0296721	-0.0610034	-0.544296	0.278197	0.118809	0.0540712
0.186408	-0.307352	-0.0259233	0.219676	0.010885	0.0358296	-0.358335	0.108913	0.103376	0.0265213
-0.0533508	-0.291933	-0.118197	0.176305	0.010722	0.250163	-0.254041	0.258303	0.153732	-0.131702
0.0685864	-0.346694	0.00600398	0.240825	-0.01802	0.223115	-0.438871	0.170177	0.17842	-0.0835428
0.43253	-0.37726	-0.122276	-0.191683	-0.0249399	0.601317	-0.338794	-0.0536653	0.308495	-0.233722
0.192652	-0.253892	-0.312321	-0.273045	-0.224992	1.20554	-0.293612	-0.0907108	0.247692	-0.197308
-0.224079	-0.118629	-0.0881226	-0.0476266	-0.17143	0.941494	-0.247075	-0.04141	0.112289	-0.11541
-0.076889	-0.0145845	-0.00772848	-0.0079822	-0.0608144	0.213617	-0.101259	0.00546751	0.0909233	-0.0407497
-0.00118899	-0.00210411	-0.00117381	-0.000401915	-0.00557236	0.0150064	-0.00579848	0.0303831	-0.0259655	-0.00318439
-4.58428e-06	-9.74237e-06	-1.43321e-05	-0.000180478	-0.000540711	-7.37006e-05	-3.22568e-06	0.00258914	-3.18425e-05	-0.00173053
-0.00048638	-3.13168e-05	-0.000249034	-0.00241941	-0.0108387	-0.00109311	-4.72283e-05	0.0427757	-0.00100582	-0.0266047
0.0168178	-0.00228273	-0.00837768	0.0120721	-0.0317627	-0.00783104	-0.0172968	0.138386	-0.0154271	-0.0842981
-0.00924986	-0.0287502	0.0589495	0.187946	-0.0947853	-0.103112	-0.043848	0.257582	-0.0658663	-0.158865
-0.0528626	-0.0604899	-0.0138987	0.2032	-0.131911	-0.159197	-0.0580338	0.344299	0.132782	-0.203887
-0.0142121	-0.162356	0.230996	-0.00365077	-0.154086	-0.148251	-0.167282	0.241013	0.110691	0.067138
-0.0760875	-0.257905	0.262127	-0.0458012	-0.164296	-0.0214577	-0.124029	0.0803904	0.159245	0.187815
-0.0852622	-0.211815	-0.0484908	-0.0764608	-0.0602875	0.167408	0.0422835	0.07316	0.201319	-0.00185416
-0.0614489	-0.18561	-0.0775045	-0.24279	-0.0288031	0.300537	0.0466602	-0.0935442	0.171043	0.171459
0.0331901	-0.248167	-0.160757	-0.448799	0.133787	0.367003	-0.150968	0.079415	0.273495	0.121802
-0.0880724	-0.0632356	-0.04703	-0.475302	0.0558932	0.252732	-0.0838966	-0.0195811	0.311636	0.156857
0.0386734	0.0643137	-0.0101809	-0.503683	0.0556463	0.247044	-0.136306	-0.127108	0.212926	0.158673
-0.0106656	0.00233114	-0.0582383	-0.4866	0.241283	0.350167	-0.243228	-0.156888	0.212516	0.149324
0.0931842	0.266913	-0.231918	0.0344283	-0.256781	0.197878	-0.117425	0.207475	0.0469137	-0.240667
-0.00463653	0.535949	-0.0304651	0.194985	-0.824972	0.0851118	-0.30081	0.405568	-0.010324	-0.0504076
-0.158902	0.711535	-0.100993	0.179514	-0.134211	-0.094456	-0.493409	0.507783	-0.310945	-0.105917
-0.00330072	0.257829	0.0305903	0.278223	-0.0781148	-0.259943	-0.473972	0.626167	-0.397627	0.0201455
0.272941	0.0787253	0.155103	0.234291	0.0439074	-0.410211	-0.45964	0.310571	-0.205918	-0.0197668
0.245212	-0.185326	0.0821546	0.209204	0.0112292	-0.411193	-0.45539	0.313416	0.173684	0.0170087
0.0811928	-0.20442	-0.0234198	0.239048	0.120979	-0.342673	-0.436923	0.347131	0.226923	-0.007837
0.179834	-0.350606	-0.0631713	0.275158	-0.115328	-0.186899	-0.261254	0.3552	0.140129	0.026937
0.0928536	-0.302967	-0.0797519	0.122407	-0.0548467	-0.0218103	-0.256166	0.386438	0.157977	-0.0441333
0.226501	-0.322353	-0.0659422	0.11604	-0.11024	0.084689	-0.306863	0.189757	0.20994	-0.0215301
0.450367	-0.298826	-0.126637	-0.0927694	-0.373424	0.61697	-0.146943	-0.167004	0.25916	-0.120894
0.250922	-0.220493	-0.238723	-0.192045	-0.316903	1.29469	-0.233716	-0.119388	0.0216035	-0.245942
-0.233327	-0.0804929	-0.0518809	-0.0250086	-0.210792	1.10829	-0.300399	-0.0304821	-0.06976	-0.106148
-0.100461	-0.020938	0.0120285	-0.00492733	-0.065362	0.294687	-0.0993651	0.0027279	0.0238331	-0.042222
-0.000610976	0.000333348	-0.000721908	-0.000116493	-0.00147127	0.00721376	-0.0134313	0.00733545	0.00760434	-0.00613491
-2.87317e-05	-3.49392e-06	-1.7627e-05	-0.000121101	-8.81409e-05	-7.21385e-05	-4.24312e-06	0.00112503	-3.43497e-05	-0.000755207
0.004927	0.000270944	-0.000479961	-0.00163198	-0.0186662	-0.00695313	-0.000149986	0.0655239	-0.00134491	-0.0414957
-0.00423841	-0.000183147	-0.00614277	0.0108642	-0.0903474	-0.0150829	-0.00111445	0.258417	-0.0100384	-0.142134
-0.0151339	-0.0193031	-0.0256727	0.15954	-0.0884889	-0.114804	-0.0453837	0.333311	-0.0221151	-0.161949
-0.136881	-0.0356801	-0.108582	0.122279	-0.184456	-0.0634236	-0.0393812	0.385871	0.0744761	-0.0142198
-0.120957	-0.0911504	-0.0432751	-0.151515	-0.124615	-0.0165055	-0.0331282	0.140501	0.207348	0.233297
-0.0166147	-0.22215	-0.129652	-0.295397	0.0127275	0.220888	-0.0202684	0.0130357	0.205575	0.231858
0.00804397	-0.22902	-0.296459	-0.4714	0.0429159	0.154283	0.157871	0.101103	0.403104	0.129558
-0.0097097	-0.21149	-0.375532	-0.459088	0.155295	0.156383	0.0497041	-0.0761382	0.282487	0.488086
-0.136671	-0.244085	-0.425773	-0.462268	0.363342	0.132214	0.100239	0.15744	0.361998	0.153564
-0.0490909	-0.160248	-0.673241	-0.363439	0.419643	0.112753	0.0282186	0.213072	0.255708	0.216625
-0.0510854	-0.146098	-0.59774	-0.208476	0.212645	0.118615	-0.0494246	0.200743	0.189957	0.330864
-0.163513	-0.0655886	-0.702259	-0.0736514	0.47448	0.265368	0.098062	-0.0551714	0.153903	0.0683701
-0.05423	0.303787	-0.799989	0.214729	-0.576699	0.532177	0.134146	0.0790909	0.212092	-0.0450992
-0.374646	0.712272	-0.555443	0.122924	-0.743387	0.150336	-0.247707	0.357555	0.544529	0.0335666
-0.587262	0.70394	-0.425939	0.194105	0.191615	-0.129044	-0.558741	0.443139	-0.0162175	0.184405
-0.499535	0.191082	-0.155231	0.041344	0.365698	-0.197484	-0.283873	0.444783	-0.195108	0.288324
-0.0782543	-0.0551753	-0.273616	0.288006	0.139874	-0.201444	-0.329586	0.31073	-0.149526	0.348994
-0.117836	-0.0362096	-0.0794787	0.148457	-0.0289495	-0.14956	-0.254205	0.40757	-0.130132	0.240346
0.0538679	-0.181764	0.171642	0.147435	-0.0330894	-0.350768	-0.202996	0.184845	-0.00577139	0.216599
0.175186	-0.204525	-0.0752988	0.26933	-0.185961	-0.576804	-0.137939	0.262984	-0.0154446	0.488475
0.241897	-0.200147	0.0264092	-0.073568	-0.172319	-0.457469	-0.0382504	0.286081	0.0706072	0.316756
0.25036	-0.174523	-0.0594227	-0.0765947	-0.227179	-0.424516	-0.0117346	0.161551	0.288451	0.273607
0.359853	-0.144994	-0.148536	-0.166966	-0.367688	0.0235067	0.21933	-0.147097	0.425231	-0.0526393
0.322464	-0.117567	-0.110499	-0.147873	-0.321779	0.435558	-0.0471819	-0.123706	0.293027	-0.18244
-0.141946	-0.0622869	0.0361745	-0.00358626	-0.149624	0.641052	-0.261392	-0.049954	0.089013	-0.0974498
-0.0655992	-0.0190216	0.0178069	-0.00255607	-0.0213717	0.175797	-0.14264	-0.0103445	0.0989417	-0.0310117
-0.000410526	0.00301607	-0.000437836	-5.1334e-05	-0.000860089	0.00392571	-0.00802233	0.00138413	0.00377858	-0.00232237
-1.09356e-06	-2.59282e-08	-8.47634e-06	-4.38097e-05	-1.62861e-06	-8.4347e-06	-1.57232e-08	0.001388	-1.60008e-05	-0.00130852
-2.34061e-05	-0.000125272	-3.70813e-05	-0.00223189	-0.0234788	-0.00950884	-0.000213067	0.063584	-0.000819628	-0.027146
-0.00476671	-0.00166228	-0.00172116	-0.00673922	-0.0956024	-0.0137951	-0.00114011	0.260531	-0.00618403	-0.128919
-0.0287368	-0.00136441	-0.0911215	0.0184712	-0.149579	-0.0420939	-0.0383266	0.414234	0.0326404	-0.114123
-0.116552	0.000359289	-0.183409	-0.0480847	-0.25386	0.0164415	-0.0629598	0.394841	0.0249032	0.228323
-0.0458443	-0.0480193	-0.435578	-0.247658	-0.0744897	0.0640514	-0.0166171	0.201299	0.233633	0.369224
0.154855	-0.0885204	-0.765569	-0.354987	0.136958	0.257619	0.163486	0.0192502	0.140441	0.336466
0.0561885	-0.122013	-0.859685	-0.356956	0.272603	0.10441	0.230814	0.28299	0.233837	0.157814
-0.0309702	-0.160492	-0.53503	-0.365518	0.394624	0.023313	0.149637	0.331024	-0.00832471	0.201738
-0.049029	-0.161307	-0.538079	-0.154885	0.270529	-0.0556011	0.199918	0.0138833	0.125585	0.348985
0.0271434	-0.324572	-0.608158	0.102068	0.481994	0.25846	0.0108898	-0.0571465	-0.13552	0.244841
0.0290711	-0.43876	-0.560694	-0.0952954	0.54705	0.216804	0.232104	-0.0332562	-0.0595409	0.162521
0.114997	0.0208441	-0.578498	0.00488962	0.791358	0.238999	0.193731	-0.598799	0.087662	-0.275183
-0.0281245	0.249826	-0.476814	0.0954703	-0.0791495	0.337438	0.161299	-0.746975	0.446103	0.0409253
-0.564085	0.878643	-0.47888	0.444891	-0.470076	-0.0497343	-0.24894	-0.0887334	0.276019	0.300896
-0.7754	0.479606	-0.459681	0.195071	0.230179	-0.0829922	-0.295128	0.353289	0.0461975	0.308861
-0.613167	0.109782	-0.260304	0.073489	0.345232	-0.371651	-0.0721893	0.459401	0.0356796	0.29373
-0.135309	0.117111	-0.306384	0.00816588	0.083336	-0.415147	-0.111594	0.377879	0.0916669	0.290276
-0.0361326	-0.021561	-0.207217	0.118892	0.00218448	-0.320346	-0.159662	0.301942	-0.0420226	0.363925
0.047071	-0.168507	0.142181	-0.035327	0.112514	-0.342956	-0.235234	-0.0649953	0.14051	0.404744
0.0474186	-0.139898	-0.0253619	-0.0782679	0.0944326	-0.459344	-0.115664	0.0596041	0.220219	0.396861
0.119995	-0.0871115	0.0370707	-0.468722	0.178444	-0.752538	0.0887794	0.0855362	0.373405	0.425141
0.319254	-0.0775001	-0.0872744	-0.359617	0.0419063	-0.938822	0.320619	0.0309494	0.386461	0.364025
0.429548	-0.0492691	-0.298963	-0.213515	-0.178963	-0.842259	0.57526	-0.117533	0.536355	0.159339
0.464715	-0.0439254	0.0507757	-0.0903805	-0.116062	-0.645113	0.249264	-0.1011	0.42552	-0.193691
-0.0140244	-0.026601	0.189718	0.00632706	-0.0382762	0.0184019	-0.157864	0.0112186	0.107277	-0.0961765
-0.0319882	-0.0162698	0.10738	-0.000406382	-0.0140679	0.0839719	-0.143687	0.0202178	0.0260412	-0.031192
-0.00018576	0.00219363	0.0108288	-6.49442e-05	-0.00559794	-0.00204025	-0.00721669	0.0100134	-0.00690416	-0.00102612
-6.90962e-09	4.19001e-05	-5.22977e-06	-1.23686e-05	-1.84265e-07	-1.61578e-06	-1.49234e-06	-6.59148e-06	-6.07158e-06	-8.33922e-06
0.000505957	-2.29634e-05	-3.86516e-05	-0.00154512	-0.0201657	-0.00170072	-0.000249095	0.0372394	-0.000186716	-0.0138364
-0.00216152	-0.000561547	-0.000764607	-0.00472297	-0.0599937	-0.00393931	-0.000513691	0.159366	-0.00164708	-0.0850615
-0.014491	0.00512952	-0.109498	0.00234312	-0.116144	0.00225093	-0.033329	0.314178	0.0182419	-0.0686809
-0.0255208	0.0126992	-0.363053	-0.145072	-0.121438	0.0631424	-0.0859931	0.235038	-0.0406456	0.470845
0.00221345	-0.03794	-0.662281	-0.24652	0.170898	0.161125	0.0558429	0.0922947	0.0372726	0.427096
0.245904	-0.075161	-0.893577	-0.318209	0.367183	0.0238089	0.342686	0.104142	0.0050069	0.198217
0.275814	-0.114536	-0.724804	-0.333173	0.309933	0.114726	0.11514	0.102729	0.0154953	0.238675
0.0990275	-0.0368781	-0.395537	-0.185902	0.360781	-0.0120936	0.098897	-0.0193726	-0.105097	0.196174
0.102211	-0.149851	-0.267686	-0.071583	0.34061	0.0425963	0.111346	-0.126837	-0.00269549	0.0218882
0.151719	-0.566358	-0.112905	-0.154947	0.421593	0.196077	0.193255	-0.0498411	-0.188582	0.10999
0.0985322	-0.612113	0.0555088	-0.217593	0.623301	0.286666	0.0885661	-0.357558	0.0603094	-0.0256183
0.101014	-0.0428712	-0.102383	0.0446971	0.435345	0.399572	0.137524	-0.964069	0.234153	-0.242981
-0.3817	0.32585	0.0504093	0.325345	-0.192767	0.223216	0.0554864	-0.946091	0.451342	0.0889111
-0.652075	0.642438	-0.0315234	0.259366	-0.0784156	-0.0445484	-0.162168	-0.166398	-0.00526977	0.238594
-0.786777	0.368514	-0.273966	-0.14293	0.364117	-0.27711	0.0401927	0.0843579	0.345902	0.277702
-0.574443	0.138004	-0.301344	0.0726471	0.235855	-0.452455	0.0343915	0.200163	0.17858	0.468601
-0.209706	0.207539	-0.131014	0.103346	0.228424	-0.238976	-0.222705	0.0984244	-0.115515	0.280183
-0.0572343	-0.201457	-0.176742	0.177668	0.203579	-0.169431	-0.19115	0.0906059	0.0426818	0.281481
-0.101217	-0.250268	-0.13308	-0.039649	0.128664	-0.0745645	0.0234828	-0.0625356	0.0753281	0.43384
-0.219365	-0.169203	-0.0903073	-0.423989	0.292503	-0.0628051	-0.0790988	0.196619	0.205043	0.350603
0.0187869	-0.112116	0.0167778	-0.420851	0.265211	-0.308602	0.192141	0.0716222	-0.0821411	0.359171
0.262856	-0.104025	-0.0871096	-0.457471	0.195419	-0.408589	0.415664	-0.0419663	0.0597335	0.165489
0.437965	-0.0917824	-0.135331	-0.229318	-0.0365654	-0.637702	0.686307	0.00683109	0.185009	-0.185411
0.392174	-0.074642	0.270367	-0.0771422	-0.150328	-0.564293	0.333289	0.0313721	0.127782	-0.288576
0.0519478	-0.0413025	0.384897	-0.00456512	0.0063204	-0.124909	-0.184307	0.0265458	0.0280036	-0.142632
-0.0101386	-0.0194456	0.249999	-0.000956568	-0.00938969	-0.00704679	-0.145438	0.000667461	-0.0154506	-0.0428003
-0.00150602	-0.000501194	0.0682198	-0.00219083	-0.0178296	-0.0171816	-0.0214438	-0.00448993	-0.00176938	-0.00130735
-3.68248e-05	-1.06181e-06	-1.29444e-05	-0.00135757	-6.15847e-05	0.00563581	-8.85452e-05	-5.08197e-05	-0.000263223	-0.00376323
-5.15843e-05	-8.0273e-06	-0.00774054	0.00797683	-0.0118052	-0.000714081	-1.25129e-05	0.0199076	-0.000550708	-0.00700181
-0.000666355	0.000564139	-0.00539604	0.00361472	-0.0270278	-0.00139628	-5.29727e-05	0.0859224	-0.000838908	-0.054723
-0.0436613	0.00927438	-0.0951537	0.0164115	-0.0196065	0.0102585	-0.0186166	0.157654	-0.0128754	-0.00368443
-0.0323705	0.0158261	-0.258549	-0.0546261	0.224842	0.0310585	-0.183278	0.0810515	-0.107306	0.283352
0.196646	-0.0496978	-0.505423	-0.24273	0.399806	-0.0187101	0.022688	0.0892793	-0.0625421	0.170685
0.209643	-0.0930848	-0.313692	-0.36874	0.29335	-0.0343065	0.243682	-0.0480971	-0.153169	0.264415
0.395646	-0.127598	-0.0763991	-0.349093	0.367383	-0.0111937	0.0723213	-0.0761036	-0.378275	0.183312
0.229043	-0.0495053	-0.105944	-0.181055	0.343826	0.0816726	0.154822	-0.191517	-0.32087	0.0395268
0.249121	-0.222012	-0.0572916	-0.0872251	0.271715	0.138658	0.231573	-0.276166	-0.235457	-0.012914
0.0786131	-0.590643	0.0717715	-0.150144	0.306599	0.264297	0.25587	-0.200061	-0.00872056	-0.0275837
0.159271	-0.561258	0.102648	-0.20409	0.404392	0.0180248	0.40454	-0.540019	0.267108	-0.0506159
0.123159	0.0716861	-0.0169075	0.135505	0.272828	0.0442909	0.16833	-0.890955	0.219527	-0.127463
-0.314162	0.355211	0.218319	0.0378131	-0.204258	0.0345914	-0.0626742	-0.581829	0.441015	0.0759721
-0.693516	0.554542	0.060765	0.124057	0.00562834	-0.0817152	-0.112337	-0.134907	0.245795	0.0316863
-0.69337	0.363464	-0.17104	0.0317394	0.208819	-0.150093	0.0548218	-0.0341982	0.183931	0.205928
-0.647846	0.200211	-0.115243	0.0109144	0.379335	-0.29423	0.120392	0.0409131	-0.0462457	0.351801
-0.152722	-0.208202	-0.230209	0.0667661	0.530413	-0.295103	-0.280496	0.258069	0.0371516	0.274333
-0.0675049	-0.481674	0.0482733	0.014193	0.265885	-0.16986	-0.168316	0.416337	-0.0743402	0.217009
-0.152824	-0.376882	-0.0598288	-0.110668	0.362987	-0.229275	-0.0156565	0.540672	-0.00975804	0.0512336
-0.0151746	-0.233226	0.0317617	-0.241636	0.197519	-0.0314386	-0.0409458	0.314712	-0.19968	0.218107
0.164207	-0.152874	-0.108264	-0.067902	0.0644506	-0.11722	0.128936	0.136938	-0.223997	0.175726
0.179821	-0.109769	-0.105006	-0.243669	0.0851355	-0.0189765	0.351093	0.262121	-0.3266	-0.0741516
0.391529	-0.078547	0.0606136	-0.172122	-0.061063	-0.155661	0.437375	0.238523	-0.271676	-0.38897
0.399064	-0.0411954	0.289591	-0.0398195	-0.161419	-0.239599	0.222021	0.0475149	-0.153521	-0.322633
0.0356322	-0.028598	0.415511	-0.0214867	-0.065789	-0.153881	-0.0845911	-0.0226964	0.0172394	-0.0913393
-0.00481736	-0.00469303	0.234855	-0.00984222	-0.0487711	-0.0220398	-0.119992	-0.00430304	-0.00892941	-0.011467
-0.000192289	-2.26932e-05	0.00740608	-0.00160705	-0.0019418	-0.000893926	-0.00234451	-5.48622e-05	-0.000321751	-2.72036e-05
-1.42234e-05	-4.37927e-07	-4.28451e-06	-0.000446579	-2.94342e-05	0.00179167	-2.95324e-05	7.17417e-05	-9.05572e-05	-0.00124836
-5.404e-05	-7.42471e-06	-0.0169214	0.0188837	-2.77148e-05	-0.00067695	-6.75243e-06	-5.71273e-05	-0.00110219	-3.01217e-05
-0.00135653	0.00365663	-0.0102776	0.0215303	0.0103658	-0.00374187	-0.00027317	0.0237212	-0.00162337	-0.0420014
-0.0552226	0.00233537	0.00934282	0.0328395	0.0488797	-0.0232937	-0.0567302	0.0658688	-0.0125432	-0.0114763
0.0712449	-0.00736539	0.0471879	0.0605811	0.176845	-0.0429832	-0.286265	0.000543727	-0.108596	0.0888082
0.304289	-0.0875277	0.139843	-0.0544519	0.199859	-0.207263	-0.0377852	-0.0955841	-0.23428	0.072901
0.089037	-0.160738	0.223393	-0.110787	0.217081	-0.143653	0.213301	-0.100809	-0.297228	0.0704031
0.35587	-0.142062	0.00766152	-0.283163	0.362227	-0.166344	0.253363	-0.166734	-0.290829	0.0700099
0.303402	-0.105728	-0.0694084	-0.317495	0.34284	0.0444046	0.203167	-0.308261	-0.165655	0.0727341
0.284581	-0.268859	-0.0107615	-0.262185	0.333202	0.167802	0.169029	-0.330521	-0.000460445	-0.0818262
0.28134	-0.426278	0.0314982	-0.174053	0.258444	0.123298	0.276935	-0.292148	-0.0931137	0.0140772
0.0997568	-0.186163	-0.0972637	-0.060689	0.323071	0.0640081	0.417559	-0.535546	-0.0532766	0.0285479
-0.110362	0.175797	-0.0746793	0.0580848	0.159076	0.152648	0.216576	-0.63413	0.156866	-0.0998759
-0.578544	0.431576	0.192628	0.108599	-0.178329	-0.00613647	0.0926483	-0.306674	0.390503	-0.146269
-0.797481	0.614371	0.0928534	0.203433	0.0530086	-0.300989	0.182077	-0.269224	0.403766	-0.181816
-0.657921	0.0858732	-0.00716865	0.179587	0.268506	-0.232268	0.0727584	0.0810149	0.0694835	0.140136
-0.449168	0.14332	-0.0314721	-0.0196023	0.525345	-0.182578	-0.0509783	-0.0899441	-0.0858795	0.240959
-0.189244	-0.514589	-0.110415	-0.052863	0.473132	-0.237939	-0.0878926	0.51829	-0.161815	0.363341
-0.0464149	-0.509665	-0.159269	-0.144923	0.173134	0.172668	-0.0802406	0.541549	-0.076108	0.12927
-0.0453405	-0.422073	-0.0271531	0.0860282	0.22325	-0.0578952	0.0267012	0.342892	-0.168138	0.0417292
0.153954	-0.293278	-0.214436	0.264785	-0.0514868	-0.152899	0.137048	0.393485	-0.332454	0.0952821
0.100616	-0.171282	-0.15145	0.200208	-0.0508347	-0.0503309	0.166175	0.349202	-0.321464	-0.070839
0.199973	-0.132563	-0.253297	0.182098	0.0662956	-0.0668801	0.0894314	0.37998	-0.228385	-0.236652
0.352644	-0.08921	-0.0119896	0.143533	-0.127833	0.0306159	0.192184	0.154792	-0.281365	-0.363368
0.300637	-0.0532885	0.48953	0.0547095	-0.328771	-0.0254895	0.122947	-0.0109615	-0.258639	-0.290673
-0.000714986	-0.0243037	0.524681	-0.0411593	-0.14375	-0.101754	-0.0222268	-0.0802786	-0.0179161	-0.0925765
-0.00900359	-0.00846064	0.24678	-0.0142064	0.0127497	-0.0364187	-0.124717	-0.0112666	-0.0216151	-0.033841
-0.00173435	-0.000952762	0.0361767	-0.000566116	-0.00318176	-0.0137956	-0.0101533	-0.000373257	-0.00308494	-0.00233467
-1.23756e-05	-5.15734e-07	-2.63283e-07	-1.18024e-05	-5.29673e-05	-0.000306768	-3.08427e-06	0.000505039	-2.49663e-05	-9.22955e-05
-4.67461e-05	1.2839e-05	-0.00850253	0.0114006	-1.71555e-05	-0.000426984	-2.5819e-05	-0.000938725	-0.000612376	-0.000843109
-0.00398349	0.00302177	-0.00661657	0.0569064	-0.00503661	-0.0122284	-0.00140343	-7.99544e-05	-0.003936	-0.0266436
-0.0427576	-0.00333681	0.167943	0.118634	-0.0600909	-0.0125148	-0.0911951	-0.0365907	-0.0102542	-0.0298359
0.113985	-0.018416	0.297527	0.227376	-0.130366	-0.0639494	-0.309828	-0.0218146	-0.144698	0.0501857
0.379775	-0.122649	0.257414	0.0847655	-0.0537167	-0.123467	-0.0019271	-0.136193	-0.28595	0.00194738
0.265481	-0.261432	0.323808	-0.0963914	0.093946	-0.161396	0.260741	-0.0919501	-0.223768	-0.109037
0.219524	-0.267646	0.0628431	-0.239819	0.365583	-0.399408	0.344755	0.00831887	-0.0600252	-0.0341275
0.319914	-0.222751	-0.122963	-0.39649	0.362037	-0.274555	0.255133	-0.157654	0.0692765	0.16805
0.267831	-0.115056	0.126198	-0.175027	0.174097	-0.325418	0.289692	-0.176699	0.0842843	-0.149902
0.257015	-0.0915706	0.148457	-0.192467	-0.103888	-0.113224	0.402562	-0.447641	0.08872	0.0520359
0.102694	-0.100752	0.171682	-0.0689253	-0.0987307	-0.111198	0.631628	-0.636429	0.0243253	0.0857059
-0.263967	-0.129166	0.268757	0.0284334	0.0375473	0.00760842	0.0317823	-0.267778	0.378042	-0.091256
-0.724928	0.417138	0.366868	0.26448	-0.00432413	-0.0660389	0.0584539	-0.166997	0.13882	-0.28347
-0.654314	0.615675	0.143349	0.00714031	0.29901	-0.260872	0.211898	-0.331067	0.0679397	-0.0987585
-0.42888	-0.0641887	-0.0229923	-0.188973	0.485263	-0.100417	0.100217	0.122147	0.0914158	0.00640982
-0.249616	-0.112159	0.219989	-0.31219	0.395682	-0.241837	-0.0687294	0.0773738	0.0961855	0.195304
-0.00555387	-0.706798	0.268225	-0.059734	0.274458	-0.172148	-0.188886	0.310239	0.0495828	0.230615
0.0106267	-0.519731	0.0275961	0.238022	0.188665	-0.0930001	0.101948	0.160877	-0.224346	0.109344
0.0496171	-0.372918	-0.0297381	0.305579	0.106018	0.0319163	0.193925	0.264251	-0.396023	-0.152625
0.197411	-0.249617	-0.110386	0.161823	0.198473	0.0395676	0.0437544	0.217392	-0.39311	-0.105308
0.136315	-0.156764	0.235969	0.145883	0.111172	-0.035814	0.0393427	0.240672	-0.415097	-0.30168
0.167898	-0.140471	0.184305	0.286613	-0.130456	0.11963	-0.0388443	0.0430647	-0.285366	-0.206373
0.212947	-0.114952	0.222774	0.334987	-0.228565	0.109762	0.0176856	-0.0591484	-0.0887557	-0.406736
0.0657145	-0.0521958	0.527528	0.179734	-0.231337	0.00182542	0.0622098	-0.0724704	-0.196806	-0.284199
-0.0653386	-0.0508884	0.749311	-0.0714876	-0.110648	-0.107798	-0.0711214	-0.0825929	-0.0994877	-0.0899482
-0.0310082	-0.0223639	0.362427	-0.0152307	-0.0550701	-0.0586476	-0.109035	-0.00831753	-0.0416333	-0.0211198
-0.00211319	-0.000389343	0.0576187	-0.000922813	-0.00257848	-0.0257223	-0.02262	-0.000631608	-0.00231447	-0.000326578
0.0	0.0	0.0	0.0	0.0	0.0	0.0	0.0	0.0	0.0
-5.56555e-05	0.000296281	-0.00323516	0.0041689	-1.24425e-05	-0.000353807	-2.3605e-05	-7.54874e-05	-0.000534559	-0.000174462
-0.00870646	-0.000231496	0.0193439	0.0614631	-0.00577339	-0.0199339	-0.00286807	-0.00207402	-0.00423489	-0.0369848
-0.0479253	-0.00719245	0.201491	0.247062	-0.162037	0.0120558	-0.0937056	-0.0441493	-0.0307892	-0.0748095
0.0847175	-0.0357572	0.409542	0.295483	-0.129682	0.0400002	-0.346879	-0.0150584	-0.160752	-0.141612
0.30198	-0.222189	0.335666	0.0965053	-0.137352	0.184352	-0.0871921	-0.0767412	-0.236085	-0.158944
0.299784	-0.389235	0.23638	-0.0505138	-0.0311011	0.318733	0.102299	-0.191749	-0.156944	-0.137652
0.234242	-0.362881	0.143804	-0.0643518	0.162305	-0.242463	0.214339	-0.253886	0.0679103	0.10098
0.15197	-0.225957	0.106005	-0.266835	0.223799	-0.306986	0.291317	-0.196162	0.105641	0.117206
0.237447	-0.116365	0.175809	-0.539963	0.0955796	-0.252519	0.327732	-0.207051	0.304926	-0.0255949
0.379815	0.0560462	0.335907	-0.568825	-0.0323651	-0.330671	0.556149	-0.486548	0.00774586	0.0827469
0.116315	-0.149173	0.293022	-0.444743	-0.0974282	-0.30993	0.534042	-0.258478	0.269685	0.0466885
-0.155554	0.0835771	0.351643	-0.293749	0.0210746	-0.453357	0.132094	-0.0529089	0.324793	0.042386
-0.607296	0.443738	0.278742	-0.234178	0.214851	-0.427925	0.136193	0.0328601	0.226079	-0.0630652
-0.587856	0.453433	0.0773152	-0.339126	0.512682	-0.2586	0.139933	0.0462058	0.0540492	-0.0980352
-0.303145	-0.0265423	0.163814	-0.338657	0.353604	-0.0351432	0.0225374	0.0336275	-0.144665	0.274569
-0.0377549	-0.351269	0.0715415	0.0228338	0.294276	-0.00461901	-0.107784	-0.0541001	0.131723	0.0351542
0.109054	-0.593194	-0.0852339	0.199245	0.213118	0.127756	0.0446525	0.0131908	-0.0841789	0.0555937
-0.023829	-0.3575	0.0510003	0.054174	0.252591	0.22085	0.181561	0.0665165	-0.35932	-0.0860436
0.0806614	-0.235144	0.0331276	0.287008	-0.102609	0.0897492	0.156867	-0.0288108	-0.0828249	-0.198025
0.117286	-0.168703	0.0134064	0.0354242	0.020256	0.0780943	0.0398649	0.0781356	-0.0456654	-0.1681
-0.0203079	-0.104682	0.142725	0.131377	0.0820599	0.0377862	0.0635272	0.0173379	-0.10953	-0.240294
0.169155	-0.0574951	0.152214	0.33716	-0.18086	-0.0232657	0.0668198	-0.00811598	-0.148599	-0.307015
0.0953649	-0.0663812	0.0815521	0.358168	-0.190352	0.106283	0.045308	-0.0901748	0.0627076	-0.402473
-0.00138459	-0.044288	0.518817	-0.0536591	-0.198645	0.0681337	0.0274639	0.0166935	-0.0458067	-0.287325
-0.0355014	-0.068607	0.777741	-0.133539	-0.145562	-0.126847	-0.0547855	0.00932563	-0.163691	-0.0585323
-0.0148765	-0.00688181	0.197721	-0.0139084	-0.0293397	-0.0270436	-0.073842	0.0153163	-0.0365194	-0.0106259
0.0145892	-0.000473355	0.0181417	-0.000743545	-0.0155849	-0.00430816	-0.00871778	-0.0015463	-0.000461399	-0.000895405
-2.18553e-05	-8.51851e-06	-1.17155e-05	-0.000371685	-0.00307879	-0.000185578	-5.01528e-06	0.00342531	-8.94763e-05	0.000347331
-1.21163e-05	6.13529e-05	-0.00014901	0.000368914	-2.33643e-06	-0.000144483	-5.28798e-06	-1.94257e-06	-7.99756e-05	-3.51156e-05
-0.00783048	-0.000629997	-0.0129849	0.0665494	-0.00837529	-0.0152209	-0.00225907	0.00701909	-0.00417477	-0.0220931
-0.0920774	-0.00885968	0.132054	0.397361	-0.119416	-0.0021019	-0.0784033	-0.0164161	-0.0886927	-0.123448
0.0131301	-0.0696946	0.451009	0.303548	-0.0906023	0.211612	-0.302342	-0.0810394	-0.241626	-0.193993
0.138779	-0.277045	0.471961	0.302311	-0.106501	0.230618	-0.259605	-0.138374	-0.115299	-0.246844
0.162905	-0.50159	0.186165	0.152344	-0.102731	0.493891	0.011552	-0.337047	0.0250032	-0.0904945
0.142999	-0.375331	0.370372	-0.142877	0.0216984	0.178609	0.174948	-0.314946	-0.0012497	-0.0542218
0.244744	-0.0954748	0.0940363	-0.163321	0.0843459	-0.0147083	0.181905	-0.297187	0.0590443	-0.0933827
0.256577	0.000866278	0.0512453	-0.381067	0.0478136	-0.190478	0.298867	-0.320186	0.277025	-0.0406632
0.369441	-0.151146	0.243626	-0.443503	-0.240626	-0.170777	0.30375	-0.353319	0.24717	0.195384
0.135957	-0.135072	0.139126	-0.438616	-0.0835456	-0.162847	0.300508	-0.134648	0.278916	0.100225
-0.2466	0.0445104	0.291153	-0.505	0.155613	-0.162662	0.567686	-0.130885	0.227836	-0.24165
-0.540342	0.151284	0.305863	-0.334704	0.28245	-0.0987457	0.309177	0.0683913	0.0438322	-0.187203
-0.467462	0.183906	0.14322	-0.24692	0.312681	-0.00501459	0.0394351	-0.0452513	-0.0916467	0.177055
-0.162046	-0.228865	-0.0210162	0.166123	0.198686	-0.0593296	0.0816191	-0.104069	-0.0512408	0.18014
-0.0174203	-0.347068	0.125733	0.37997	0.227695	-0.00196262	0.20398	-0.200278	-0.22057	-0.150079
-0.00419673	-0.19635	0.213817	0.179248	-0.139947	0.149271	0.250973	-0.12243	-0.211318	-0.119066
-0.016369	-0.0598541	0.113722	0.175759	-0.0314015	-0.0446261	0.231816	-0.136322	-0.0972207	-0.135502
-0.0278856	-0.0587991	0.107003	0.177933	-0.149323	0.10626	0.0122586	-0.0602228	-0.0216801	-0.0855431
-0.124388	-0.00158405	0.0488651	0.0910065	-0.0489388	0.0817363	0.00102293	-0.0649263	0.070305	-0.0530985
-0.0195472	-0.0300595	0.159653	0.333708	-0.0342936	0.0247298	0.0861613	-0.168874	-0.140647	-0.21083
0.200462	-0.0794878	0.154494	0.419976	-0.327375	0.0723841	0.0487451	-0.197732	0.0080991	-0.299565
0.0833815	-0.0811069	0.433288	0.168098	-0.225809	0.153069	0.0412303	-0.28743	0.0904188	-0.375138
-0.0227791	-0.0187127	0.707925	-0.190156	-0.183256	0.160402	-0.00861056	-0.158441	-0.0541963	-0.232172
-0.0289143	0.011168	0.534685	-0.0898707	-0.144897	-0.0742347	0.000152506	-0.0170653	-0.139352	-0.0516714
-0.00750682	0.0101907	0.0687131	-0.0110074	-0.0112857	-0.0199144	-0.0221683	0.015003	-0.0193097	-0.00271454
-0.00457847	-8.67402e-06	0.0245788	-0.000191205	-3.11996e-05	-0.0094186	-0.00974575	-1.55553e-05	-0.000272108	-0.00031728
-2.29894e-09	4.02886e-05	-2.58761e-05	-3.19226e-06	-8.85145e-09	-1.06522e-07	-2.3363e-07	-4.96805e-07	-1.01182e-05	-2.5394e-07
0.00483005	0.000198183	-0.00174673	-0.00018934	-0.00542313	-0.000399257	-0.000532002	0.0135377	-0.000698398	-0.00957705
-0.00372397	-0.000843726	-0.0119675	0.0579923	-0.00708915	-0.0130322	-0.0025287	0.00731892	-0.00748417	-0.0186418
-0.07401	-0.0110111	0.0104136	0.423657	-0.0120889	0.00670397	-0.0737493	-0.0488759	-0.128834	-0.0922056
-0.0435272	-0.100441	0.310406	0.358667	-0.0969307	0.240524	-0.211061	-0.0761433	-0.21555	-0.165945
0.0948858	-0.35049	0.196684	0.402656	-0.0368317	0.260136	-0.256099	-0.182022	0.036867	-0.165786
0.199057	-0.273142	0.114915	0.157672	-0.107556	0.333268	-0.0664313	-0.318739	0.0881629	-0.127209
0.182254	-0.057646	0.318281	0.00744085	-0.139251	0.139678	0.0945965	-0.399849	-0.0392127	-0.106294
0.206262	-0.041662	0.188266	-0.00463994	-0.237372	0.302234	0.0320676	-0.297511	0.0634264	-0.211071
0.146585	0.0408843	0.219526	-0.02077	-0.352464	0.0960047	0.273098	-0.304766	0.225164	-0.323263
0.300656	-0.13579	0.32709	-0.103258	-0.401164	0.0370057	0.396341	-0.384455	0.206456	-0.24288
0.342809	-0.0828873	0.242283	-0.250063	-0.196729	0.0299649	0.606517	-0.217775	-0.139328	-0.334792
0.196343	-0.0584981	0.216183	-0.289761	-0.373003	0.046042	0.564837	-0.0781459	0.0271005	-0.251096
-0.123109	0.150426	0.372678	-0.175953	-0.179246	0.0675864	0.222512	-0.0365998	-0.112293	-0.185998
-0.209578	-0.0872846	0.134967	-0.0494976	0.125695	-0.0017462	0.27681	0.130291	-0.133722	-0.185932
-0.121066	-0.0417252	0.185632	0.0592662	0.0160738	0.0469323	0.231597	-0.139235	-0.0268276	-0.210649
-0.120174	0.136849	0.222401	0.192449	-0.0350883	-0.0168538	0.240032	-0.349753	-0.0907757	-0.179086
0.0207569	-0.0154651	0.220955	0.314745	-0.170433	-0.0600295	0.186532	-0.332143	0.0282525	-0.193169
-0.00934748	0.0711836	0.133013	0.230997	-0.131081	0.0342165	0.112276	-0.385108	0.0911486	-0.147298
-0.11223	0.108313	0.0294552	0.168033	-0.230039	0.0309793	0.144062	-0.144356	0.0255305	-0.019747
-0.0429157	0.0430972	0.151827	0.0717661	-0.19678	0.13652	0.0780099	-0.305146	0.0865122	-0.0228908
0.0677854	-0.00716616	0.247271	0.283035	-0.123019	0.100635	0.139584	-0.449588	-0.0173818	-0.241157
0.19596	-0.0767455	0.340504	0.185165	-0.403757	0.11322	0.102757	-0.408297	0.197911	-0.246717
0.0379185	-0.0523773	0.356493	0.119825	-0.281364	0.214815	-0.000370193	-0.322789	0.146525	-0.218673
0.00336121	0.0281852	0.39164	-0.120284	-0.166519	0.173708	-0.0439255	-0.0898362	-0.0618434	-0.114485
-0.0349451	0.0464225	0.387064	-0.052116	-0.07439	-0.0179254	-0.0808051	-0.0224318	-0.121779	-0.0290937
-0.00773004	0.0102085	0.110397	-0.00824269	-0.00222632	-0.0300556	-0.0381709	-0.00244563	-0.0221635	-0.00957101
-0.0011998	3.24855e-05	0.00895919	-6.6221e-05	-1.483e-07	-0.00234139	-0.00530247	-3.93103e-07	-8.10702e-05	-1.94891e-07
0.0	0.0	0.0	0.0	0.0	0.0	0.0	0.0	0.0	0.0
0.0121645	-4.86707e-05	-0.00400894	-0.000448883	-9.89564e-05	-0.000577362	-0.00133622	-8.82069e-05	-0.00152427	-0.00403295
-0.00380733	-0.00602031	0.0165962	0.0384509	-0.00217168	-0.00408978	-0.00254321	-0.00890599	-0.0110542	-0.0164545
-0.0633489	-0.022924	0.0841573	0.359339	-0.0363867	0.0279853	-0.0506637	-0.0805098	-0.132611	-0.0850361
-0.0062684	-0.0666136	0.314679	0.418181	-0.113547	0.116499	-0.178287	-0.18308	-0.19832	-0.103243
0.165144	-0.227683	0.273903	0.23728	-0.181139	0.33248	-0.276485	-0.246246	-0.0606504	-0.0166059
0.172824	-0.0258002	0.21427	0.319398	-0.2372	0.240054	-0.210914	-0.381065	0.072679	-0.164244
0.144055	0.0315087	0.444636	0.214839	-0.38675	-0.032198	0.0764293	-0.41259	0.271877	-0.351808
0.167062	0.15279	0.272855	0.217801	-0.486057	0.276444	-0.0344933	-0.292446	0.022517	-0.296472
0.188652	0.0917168	0.276459	0.282232	-0.397657	0.245124	0.209223	-0.358621	-0.0812925	-0.455839
0.319671	0.119217	0.273889	-0.0247659	-0.373345	0.051025	0.407521	-0.32409	0.110095	-0.559218
0.416422	0.154929	0.368553	-0.187323	-0.187061	0.144913	0.336635	-0.278127	-0.158523	-0.610417
0.381935	0.0674373	0.220347	-0.364156	-0.232412	0.0393743	0.457355	-0.0796798	0.0811552	-0.571355
0.146047	-0.0700808	0.0828514	-0.106173	-0.361406	0.05116	0.322899	0.0223694	0.0943879	-0.182053
-0.00252941	-0.0184035	-0.0166461	0.0349458	-0.0958622	-0.0728132	0.571653	0.0488857	-0.168769	-0.280461
-0.00896129	-0.0450046	0.0571388	-0.0625056	-0.0532769	0.0278113	0.358311	-0.173647	0.123037	-0.222902
-0.0846784	0.221453	0.0848017	0.0709455	0.0245157	0.123789	0.191789	-0.329058	-0.171494	-0.132064
-0.0317543	0.270839	-0.0572153	0.217373	0.00175194	0.140971	0.114163	-0.444589	-0.0608986	-0.150639
-0.122535	0.317857	0.158739	0.256853	-0.100703	0.146004	0.239575	-0.602391	-0.0508684	-0.242532
-0.119665	0.251528	0.302702	0.145796	-0.229259	0.0829391	0.0915432	-0.405453	-0.0199823	-0.100149
-0.0573019	0.124559	0.222343	0.248693	-0.17296	0.00517399	0.175815	-0.5587	0.166039	-0.153659
0.0755712	0.00306851	0.299049	0.121866	-0.100668	0.135385	0.0481214	-0.545944	0.227326	-0.263776
0.103795	-0.0659054	0.278437	0.0502605	-0.25127	0.3772	-0.0798324	-0.449291	0.23088	-0.194274
-0.0296771	-0.0544754	0.303531	0.0576815	-0.216402	0.183316	-0.0163658	-0.236818	0.106021	-0.0968109
-0.0233079	-0.0225292	0.379098	-0.0856306	-0.110746	0.0899773	-0.0622427	-0.0480823	-0.120479	0.00394262
-0.026449	0.00825082	0.180223	-0.0299769	-0.0695519	0.0552351	-0.0379576	-0.0235155	-0.0801713	0.0239142
-0.00136902	0.0112858	0.0338746	-0.00271827	-0.0005391	-0.00484191	-0.00795405	-0.00155204	-0.0194578	-0.00672824
-2.10511e-05	0.000125065	-0.000101695	-4.36806e-05	-2.75533e-05	0.000395586	-4.52817e-06	-3.16412e-05	-0.000257959	-3.25415e-05
-2.25771e-08	8.78742e-05	-3.50295e-05	-1.63989e-05	-4.59255e-07	-5.79273e-07	-7.26755e-07	-4.814e-06	-2.83739e-05	-1.46972e-06
-5.21942e-05	1.20937e-05	1.93636e-05	0.000674917	-2.74529e-06	-0.000218318	-3.21455e-05	-0.000123823	-8.82712e-05	-0.000188877
-0.0141296	-0.0105005	0.0411045	0.0553781	-0.000572836	-0.0125182	-0.00163038	-0.0342372	-0.0100007	-0.0128931
-0.0450959	-0.0122269	0.130919	0.234701	-0.0479358	0.0330008	-0.0313139	-0.103682	-0.088402	-0.069964
-0.0652253	0.0479199	0.195659	0.26385	-0.0955803	0.190034	-0.140857	-0.186647	-0.115191	-0.0939581
0.0802141	0.260295	0.197719	0.0864182	-0.122834	0.104582	-0.241624	-0.247175	-0.0754042	-0.0421902
0.113308	0.23165	0.164873	0.207481	-0.308314	0.191365	-0.331457	-0.329693	0.175363	-0.114575
0.116298	0.122986	0.154066	0.206894	-0.367305	0.246178	-0.106412	-0.357398	0.217291	-0.232598
0.00523968	0.155701	0.0761893	0.172886	-0.174061	0.170523	0.0860129	-0.245228	-0.0358798	-0.211385
0.0662955	0.0382916	0.274173	-0.147494	-0.194077	0.173772	0.150145	-0.334705	0.162506	-0.188907
0.229297	0.175775	0.126893	-0.0934294	-0.204011	0.0926231	0.242031	-0.230715	-0.0602075	-0.278256
0.364802	-0.11763	0.0847937	-0.137158	-0.0742555	0.20451	0.341213	-0.21156	-0.0316643	-0.423051
0.301585	-0.167251	0.000183869	-0.0935614	-0.144043	0.144131	0.519547	-0.104671	-0.125007	-0.330911
0.10552	-0.181615	0.138362	-0.0780066	-0.205754	0.0546931	0.551033	-0.155009	0.0745698	-0.30379
0.00316501	0.0858025	0.0979047	-0.116484	-0.107821	0.0881808	0.562842	-0.238127	-0.0564771	-0.318984
-2.03121e-05	0.0597599	-0.0540954	-0.0119043	0.0451512	0.0835114	0.321568	-0.127273	-0.0317526	-0.284945
-0.00196598	0.0293681	0.100183	0.114728	-0.10226	0.00153069	0.245581	-0.0811283	-0.13791	-0.168127
-0.146599	0.13477	0.210348	0.0475171	0.0108841	0.0864057	0.324385	-0.331387	-0.045104	-0.291221
-0.16297	0.33532	0.256782	0.192488	-0.110086	-0.00761019	0.250651	-0.388897	-0.0597929	-0.305886
-0.195137	0.223767	0.34078	0.247256	-0.0248137	-0.0287494	0.111924	-0.404618	-0.00363056	-0.266778
-0.0672091	0.246382	0.0647357	0.0304787	-0.0366329	0.209209	0.0396948	-0.465913	0.148206	-0.168952
0.0177353	0.129911	0.157021	-0.062634	-0.00895044	0.324727	-0.0565143	-0.483414	0.0899686	-0.10785
0.0245211	-0.127455	0.324507	-0.0294584	-0.102244	0.350013	-0.00651821	-0.401714	0.118912	-0.150563
-0.00143442	-0.0960484	0.442179	-0.126957	-0.0686487	0.189611	-0.0425968	-0.219999	-0.0405301	-0.0355753
-0.0308871	0.00540499	0.285782	-0.111426	-0.0764713	0.100521	-0.0333752	-0.0416395	-0.15653	0.058622
-0.013337	-0.000105531	0.11153	-0.0232843	-0.0616541	0.0822662	-0.0283323	-0.0152001	-0.0564461	0.00456334
0.0144166	-0.000634819	0.0114726	-0.00378154	-0.000934685	0.00219831	-0.00216037	-0.00191125	-0.00570434	-0.0129606
5.46376e-06	-4.50028e-11	-9.83119e-07	-2.91621e-07	-3.67616e-09	-1.57125e-06	-2.32146e-07	-7.75837e-09	-2.35785e-06	-1.61195e-08
-2.18716e-08	8.51281e-05	-3.39348e-05	-1.58864e-05	-4.44903e-07	-5.6117e-07	-7.04044e-07	-4.66356e-06	-2.74872e-05	-1.42379e-06
-8.54384e-07	2.60168e-05	-1.20115e-05	1.76366e-05	-1.82607e-07	-6.81247e-06	-2.30397e-07	-7.11462e-06	-1.02134e-05	-6.23389e-06
-0.00295543	-0.0100833	0.0273269	0.0639514	-0.000390235	-0.00942934	-0.000226243	-0.0470483	-0.0075426	-0.0136028
-0.0455138	-0.0104195	0.0916949	0.182694	-0.0438286	0.0114939	-0.0116661	-0.102458	-0.0368233	-0.0351731
-0.170591	0.104119	0.144698	0.183552	-0.0697182	0.179912	-0.0669291	-0.135367	-0.0924266	-0.0772461
-0.0502431	0.515687	0.148786	0.106976	-0.116251	-0.0357747	-0.148249	-0.0753601	-0.157531	-0.188038
0.0440197	0.37163	0.255671	0.156063	-0.178159	-0.166765	-0.283349	-0.0850844	0.0344406	-0.148469
0.0955982	0.11358	0.263231	0.094698	-0.215618	-0.0461054	-0.249243	0.0212624	0.151669	-0.229074
0.176772	0.0667298	0.334896	-0.0699822	-0.186001	0.0817943	-0.18115	-0.0931993	-0.0446107	-0.085249
0.165424	0.0740335	0.296135	-0.0103692	-0.208656	0.111576	-0.0240402	-0.221236	-0.0615671	-0.1213
0.151459	-0.0965733	0.099798	0.0569852	-0.123082	-0.0433941	0.0872246	-0.116009	0.0228403	-0.0392478
0.198938	-0.343109	0.149216	0.113541	-0.100365	0.069554	0.0327615	-0.250048	0.170905	-0.0413926
0.18814	-0.460499	0.0831772	-0.0422517	-0.141469	0.158427	0.22289	-0.105231	0.125488	-0.0286695
0.398671	-0.315096	0.00567726	-0.0903262	-0.0694069	0.218412	0.213854	-0.323416	0.154936	-0.193308
0.142308	-0.0799722	-0.052562	-0.0966732	-0.149117	0.0907339	0.0728028	-0.128899	0.225749	-0.0243701
0.128566	0.0285346	-0.126329	0.0420599	-0.130223	0.0401761	0.197096	-0.0255341	0.0701243	-0.224471
0.0631756	0.0495723	-0.0422327	0.0513644	-0.126175	0.110249	0.132337	-0.0629351	-0.0146528	-0.160703
0.0489206	0.251071	-0.0386382	0.100158	-0.00192942	0.0243782	0.0442338	-0.241908	0.04188	-0.228167
-0.0950635	0.355143	0.130847	0.0749163	0.00661177	0.114312	-0.0390763	-0.274667	1.26141e-05	-0.273037
-0.121078	0.198339	0.26243	0.190054	0.219677	0.132499	-0.0727544	-0.289856	-0.103781	-0.415531
-0.159043	0.152671	0.277737	0.126981	0.0679055	0.12927	0.00115225	-0.432216	-0.03478	-0.129678
-0.0831098	-0.0240146	0.261873	-0.0404936	0.201188	0.0797452	0.00335956	-0.443619	0.0999934	-0.0549214
0.0104239	-0.127187	0.337353	0.00926166	0.00157945	0.166627	-0.0904854	-0.307652	-0.0222645	0.022346
0.0245857	-0.0667657	0.253356	-0.0866719	-0.0792903	0.162703	-0.0903993	-0.20344	-0.0155932	0.101518
-0.020489	-0.0122471	0.176837	-0.0786269	-0.0618227	0.0993745	-0.0407691	-0.0401678	-0.0749652	0.0528774
-0.00975052	-0.00189582	0.0574808	-0.0211736	-0.0408531	0.0577192	-0.0118182	-0.016825	-0.0255198	0.0126361
0.00151914	0.00350448	-0.0148765	-0.000190141	0.0016933	0.015045	-0.000143264	-0.000450178	-0.00296371	-0.00313811
1.00869e-05	-8.30821e-11	-1.81499e-06	-5.38377e-07	-6.78676e-09	-2.90077e-06	-4.28577e-07	-1.43231e-08	-4.35296e-06	-2.9759e-08
0.0	0.0	0.0	0.0	0.0	0.0	0.0	0.0	0.0	0.0
0.0	0.0	0.0	0.0	0.0	0.0	0.0	0.0	0.0	0.0
-0.000312797	-0.000151268	0.00108766	0.0513286	-0.00014187	-0.000855893	-3.08086e-05	-0.0368996	-0.00204256	-0.0119814
-0.0198374	-0.0308752	-0.0180424	0.177621	-0.00930172	0.0209335	-0.00192598	-0.0795995	-0.0285485	-0.0104239
-0.119797	0.0176312	-0.0208914	0.251053	-0.0324867	0.128424	-0.012928	0.00223268	-0.117436	-0.0958007
-0.140698	0.318962	-0.060853	0.276457	-0.0669102	0.118998	-0.0414777	0.108471	-0.352408	-0.160539
-0.063224	0.311957	-0.0245354	0.269997	-0.0628451	-0.0566856	-0.104136	0.237877	-0.341538	-0.166866
0.0864636	0.0954819	0.0663655	0.221387	-0.0600108	-0.180277	-0.211	0.281925	-0.146454	-0.153881
0.148417	-0.0181426	0.152691	0.000409726	-0.0468656	0.0648739	-0.262562	-0.190528	0.155817	-0.00411116
0.249042	0.00258439	0.185086	0.124714	-0.0379398	0.103801	-0.300506	-0.138486	0.0249612	-0.213256
0.318887	-0.106829	0.0266224	0.0960298	-0.0239011	0.231416	-0.35762	-0.109619	-0.039038	-0.0359495
0.334419	-0.124907	0.151692	0.169586	-0.0113734	0.0885236	-0.297458	-0.244888	0.0614566	-0.12705
0.273835	0.0527803	0.0851417	-0.122358	-0.108954	0.10986	-0.134055	-0.231844	0.189894	-0.114301
0.294457	-0.0891336	-0.105933	0.0935541	-0.0526293	-0.0421976	-0.0882964	-0.246023	0.393249	-0.157048
0.286978	-0.164216	-0.0973342	-0.128397	-0.0322971	0.0920759	-0.0329112	-0.108147	0.216828	-0.0325803
0.209962	0.0512843	-0.100897	-0.0709983	-0.088438	0.011431	-0.0601618	0.00456644	0.223709	-0.180457
0.0250264	0.0619243	-0.0547153	-0.212684	0.0721942	0.147942	-0.124273	-0.117453	0.340928	-0.138888
0.0157661	0.23189	-0.0522222	0.0692308	0.022853	-0.0220618	-0.0990919	-0.133045	0.109013	-0.142332
-0.251657	0.0645213	0.218698	0.225721	0.219538	-0.183245	-0.0394063	-0.214981	0.133748	-0.172937
-0.30975	0.0289428	0.37941	0.00887303	0.214873	-0.0348347	-0.0132737	-0.337661	0.144305	-0.0808835
-0.286234	-0.0528526	0.296087	0.0217823	0.202884	0.0588125	-0.0182384	-0.405085	0.159902	0.0229431
-0.142	-0.109929	0.32453	-0.0508048	0.188089	-0.00132053	-0.055485	-0.381556	0.0462494	0.182229
-0.0518347	-0.0910738	0.272096	-0.0967376	-0.0354709	0.0487107	-0.0438431	-0.25127	0.000629416	0.248795
-0.0234803	-0.0695091	0.172111	-0.0686337	-0.0766631	0.0969418	-0.0344617	-0.205183	0.0383903	0.17049
-0.0312153	-0.0166009	0.138599	-0.034376	-0.0541972	0.0651009	-0.0226923	-0.0575086	-0.0497909	0.0626816
-0.0069005	0.0012693	0.0530089	-0.0189509	-0.00257888	0.0255168	-0.00615386	-0.0192988	-0.0192589	-0.00665317
-1.27783e-05	0.0136784	-0.0104726	0.00440621	0.00171802	0.00879972	-0.000124235	-0.000271996	-0.0122219	-0.00549877
0.0	0.0	0.0	0.0	0.0	0.0	0.0	0.0	0.0	0.0
0.0	0.0	0.0	0.0	0.0	0.0	0.0	0.0	0.0	0.0
0.0	0.0	0.0	0.0	0.0	0.0	0.0	0.0	0.0	0.0
-0.00113035	-9.51443e-06	-0.0019217	0.0254522	-1.05028e-05	-0.000387072	-3.81409e-06	-0.0187606	-0.000118528	-0.00311011
-0.00195582	-0.0209537	-0.0524626	0.111875	-0.000294288	0.01733	-0.000154622	-0.00394216	-0.039145	-0.0102963
-0.0179758	-0.0399413	-0.0982919	0.203752	-0.0143656	-0.00300509	-0.00200368	0.111028	-0.147221	0.00802433
-0.0658174	0.0391111	-0.199337	0.232951	-0.0176934	-0.00152786	-0.012787	0.318325	-0.307782	0.0145584
-0.0864148	0.0345411	-0.293106	0.39717	-0.0348981	-0.0302614	-0.0265518	0.361347	-0.35937	0.0375449
-0.138468	-0.067479	-0.281217	0.425438	-0.0439592	0.0384894	-0.06415	0.258509	-0.259141	0.131979
-0.104116	-0.161362	-0.174873	0.246573	-0.0441765	0.100587	-0.126291	0.129815	0.0662765	0.0675683
-0.0661766	-0.188044	-0.103639	0.252826	0.00352528	0.337429	-0.185955	0.0298521	0.0372672	-0.117084
-0.0273276	-0.260622	-0.207993	0.383922	0.010023	0.197696	-0.246376	0.0839495	0.0660745	0.000655147
-0.00856717	-0.30489	-0.134145	0.345619	0.0951538	0.154999	-0.335401	0.0296674	0.305752	-0.148188
0.178331	-0.269775	0.0303462	0.232455	-0.128554	0.191904	-0.30835	0.0322367	0.278167	-0.236761
0.17804	-0.334142	-0.00156302	0.293211	-0.162235	0.331236	-0.335667	0.12023	0.198442	-0.287552
0.102418	-0.335568	0.166233	0.279115	-0.118709	0.286756	-0.29726	0.0161386	0.172766	-0.271891
-0.044194	-0.274919	0.038275	0.160907	-0.125814	0.229119	-0.251496	0.0161265	0.290783	-0.0387853
-0.113301	-0.368671	0.00988651	0.225913	0.0104017	0.107752	-0.153475	-0.0350098	0.419626	-0.103122
-0.161169	-0.104489	0.098685	0.139359	-0.110155	0.174205	-0.103704	-0.00781137	0.0170842	0.0579948
-0.252977	-0.00333393	0.138782	-0.148233	0.000430264	0.153777	-0.0879289	-0.118674	0.241454	0.0767034
-0.256981	0.0161931	-0.0216146	-0.13612	0.104309	0.0387941	-0.0858699	-0.146745	0.36811	0.119926
-0.228791	-0.0198309	-0.0135622	-0.0548144	0.0686146	0.0274511	-0.0511913	-0.190804	0.113014	0.349915
-0.157913	-0.0226419	0.104537	-0.0261796	0.0586616	-0.00911161	-0.0498734	-0.192693	-0.0362913	0.331506
-0.0681544	-0.044494	0.0416529	-0.0359339	0.0197088	0.103336	-0.0295395	-0.175055	-0.0455571	0.234036
-0.0243785	-0.0192937	0.0655455	-0.0228787	-0.0103152	0.0755503	-0.0123489	-0.184693	-0.0255375	0.15835
-0.00437326	-0.00671723	0.149684	-0.0217716	-0.0323028	0.0439944	-0.0029053	-0.0676832	-0.0407759	-0.0171492
-0.000526505	0.00452211	0.0859764	-0.00474709	0.00619021	-0.0130961	-0.000320013	-0.028466	-0.0209333	-0.0285997
-3.84527e-07	0.000962238	0.0128605	-1.2247e-05	-0.00010797	-0.000282801	-3.0775e-05	-1.67506e-06	-0.00307297	-0.0103139
0.0	0.0	0.0	0.0	0.0	0.0	0.0	0.0	0.0	0.0
0.0	0.0	0.0	0.0	0.0	0.0	0.0	0.0	0.0	0.0
0.0	0.0	0.0	0.0	0.0	0.0	0.0	0.0	0.0	0.0
-1.30818e-05	-2.31331e-07	-3.42707e-05	0.00249925	-3.33785e-05	-6.00044e-06	-2.81757e-07	-0.00336074	-0.000164468	0.0011132
-0.000122062	-0.00169657	-0.013336	-0.00878723	-7.16e-05	0.0187065	-5.00142e-05	0.0143739	-0.00359561	-0.00542127
-0.00259278	-0.0340442	-0.0422195	0.0100889	-0.00121455	0.023429	-0.000841116	0.101028	-0.0741448	0.0205116
-0.0135966	-0.0657916	-0.0669478	0.0838739	-0.0374642	-0.0213785	-0.00174345	0.0946667	-0.14788	0.176262
-0.058504	-0.0845488	-0.0714169	0.205543	-0.0955893	-0.0298571	-0.00521833	0.0620717	-0.133498	0.211019
-0.10135	-0.118895	-0.136425	0.357084	-0.167501	-0.0147636	-0.00990133	0.082106	-0.143423	0.253073
-0.166469	-0.122694	-0.252513	0.537539	-0.28671	-0.005187	-0.0325471	0.267807	-0.196355	0.257132
-0.245834	-0.19349	-0.298196	0.584281	-0.232803	0.110525	-0.0469586	0.304938	-0.176468	0.194007
-0.337593	-0.367023	-0.265423	0.57984	-0.149634	0.132673	-0.045984	0.196331	0.0115498	0.245264
-0.349317	-0.318589	-0.259314	0.524758	-0.257947	0.229013	-0.0474923	0.346717	0.0346688	0.097502
-0.427015	-0.232174	-0.187869	0.590675	-0.395386	0.254904	-0.0510893	0.310322	-0.0704249	0.208058
-0.38927	-0.284851	-0.121655	0.483995	-0.25688	0.27601	-0.084886	0.269184	-0.0551635	0.163518
-0.359462	-0.307711	-0.033822	0.300546	-0.264326	0.130257	-0.0807798	0.226539	0.112768	0.275992
-0.326753	-0.320789	0.00598639	0.13667	-0.306062	0.289711	-0.0781642	0.261015	0.225558	0.112829
-0.233267	-0.284882	-0.0300832	0.160998	-0.37409	0.253419	-0.0668811	0.174951	0.211992	0.187844
-0.248846	-0.163386	-0.0634903	0.0898341	-0.391062	0.218244	-0.0481942	0.173415	0.202939	0.230546
-0.208784	-0.0725564	-0.160678	0.0247531	-0.324402	0.117749	-0.0402511	0.228372	0.128697	0.307103
-0.127089	-0.0540363	-0.195524	0.0740437	-0.327033	0.10827	-0.0260754	0.0522408	0.0644466	0.430758
-0.126743	-0.0221234	-0.123199	-0.00661144	-0.175496	0.0691482	-0.0140176	-0.0743468	0.00995947	0.463431
-0.0961184	-0.00574489	-0.0980408	-0.0613854	-0.110302	0.117347	-0.00859502	-0.0688283	-0.0332748	0.364943
-0.0401004	-0.00390734	-0.0829308	-0.0250758	-0.0488714	0.152136	-0.00549062	-0.0279944	-0.0326664	0.114901
-0.0090895	-0.000901395	-0.0420987	-0.00468539	-0.0362498	0.103273	-0.00227551	-0.0506224	-0.00929936	0.0519487
-0.0020754	-1.11006e-05	-0.00518044	-0.000200148	-0.0250159	0.0543407	-0.000576516	-0.00395333	-0.00388439	-0.0134434
-4.25836e-07	-6.08291e-06	0.0114181	-0.000168523	-0.000638062	-9.01491e-06	-2.14587e-05	-0.000688841	-0.00257507	-0.00731066
-3.39877e-07	-7.26392e-06	0.0136555	-3.73156e-06	-0.000114433	-6.45485e-06	-2.42062e-05	-1.41809e-06	-0.00255391	-0.0109438
0.0	0.0	0.0	0.0	0.0	0.0	0.0	0.0	0.0	0.0
0.0	0.0	0.0	0.0	0.0	0.0	0.0	0.0	0.0	0.0
0.0	0.0	0.0	0.0	0.0	0.0	0.0	0.0	0.0	0.0
0.0	0.0	0.0	0.0	0.0	0.0	0.0	0.0	0.0	0.0
0.0	0.0	0.0	0.0	0.0	0.0	0.0	0.0	0.0	0.0
-0.000186332	-0.000731696	-0.000706861	0.000408527	0.00126221	-0.00215712	-4.02525e-05	-0.0311068	-0.00850677	0.0417651
-0.00301027	-0.00294756	-0.00264065	0.0135316	-0.00390677	-0.00648028	-0.000265942	-0.0698484	-0.0273955	0.102964
-0.013103	-0.00553991	-0.00776005	0.0239537	-0.0426029	-0.0197594	-0.00110408	-0.0663936	-0.0463178	0.178627
-0.0288168	-0.00835063	-0.0174079	0.034682	-0.0947439	-0.0635525	-0.00195379	0.00623705	-0.0207111	0.194618
-0.044198	-0.0136842	-0.0224776	0.0208194	-0.169169	-0.0862934	-0.00430712	0.0857668	-0.016146	0.24969
-0.0813086	-0.0234549	-0.023086	0.0111087	-0.270319	-0.0633848	-0.00622135	0.13885	-0.0615071	0.379324
-0.075385	-0.0589289	-0.0214542	0.0222789	-0.285916	-0.0204278	-0.00693482	0.139208	-0.107566	0.415127
-0.0591072	-0.0525408	-0.0423936	0.0215584	-0.327929	0.0629425	-0.00841192	0.130374	-0.0832359	0.358742
-0.0408143	-0.0643629	-0.0263235	-0.00383389	-0.363552	0.0567488	-0.00997514	0.0651487	-0.0910223	0.477987
-0.0706267	-0.106872	-0.0433555	-0.00679178	-0.400071	-0.00859925	-0.0129676	0.26708	-0.101098	0.483302
-0.0954783	-0.0925901	-0.0372863	-0.0279304	-0.49932	-0.0359825	-0.0110904	0.323018	-0.124182	0.600844
-0.0768407	-0.0563271	-0.0472659	-0.0138614	-0.44209	0.0439058	-0.00943096	0.376457	-0.142548	0.368003
-0.0554343	-0.0410964	-0.0540848	0.0407251	-0.387821	0.00383087	-0.00858127	0.243424	-0.0968173	0.355857
-0.0675068	-0.0226806	-0.0626537	0.0263686	-0.343269	-0.0366598	-0.00818995	0.257334	-0.0509882	0.308247
-0.0472878	-0.0252759	-0.0421324	0.00760989	-0.335285	-0.0639975	-0.00724768	0.245966	-0.0372721	0.304923
-0.0103458	-0.0133498	-0.0176883	-0.00608334	-0.262931	-0.0128377	-0.00449004	0.136928	-0.0452789	0.236077
-0.0289851	-0.00487755	-0.0181746	-0.0163225	-0.130642	0.027644	-0.00296807	0.0061675	-0.0228538	0.191012
-0.0359083	-0.00249918	-0.0189802	-0.00914291	-0.0626403	0.027164	-0.00195449	0.0057911	-0.0102664	0.108437
-0.0197045	-0.000427642	-0.00682426	8.18796e-05	-0.0291531	0.0134945	-0.000389741	0.0393043	-0.00258498	0.0062035
-0.00124882	-9.13221e-06	-5.68166e-05	-0.000175097	-0.00081296	0.000176597	-7.17801e-05	-0.00332822	-0.000244242	0.00577047
-4.24858e-06	-1.71913e-09	-4.8494e-07	-1.54911e-06	-0.000943634	-1.28878e-05	-1.3271e-06	-8.22626e-05	-9.10966e-06	0.00105551
-1.6586e-07	-1.22924e-08	-1.33563e-06	-1.86922e-07	-4.40958e-08	-5.95115e-08	-7.57092e-10	1.02559e-05	-3.95931e-07	-8.05491e-06
0.0	0.0	0.0	0.0	0.0	0.0	0.0	0.0	0.0	0.0
0.0	0.0	0.0	0.0	0.0	0.0	0.0	0.0	0.0	0.0
0.0	0.0	0.0	0.0	0.0	0.0	0.0	0.0	0.0	0.0
0.0	0.0	0.0	0.0	0.0	0.0	0.0	0.0	0.0	0.0
0.0	0.0	0.0	0.0	0.0	0.0	0.0	0.0	0.0	0.0
0.0	0.0	0.0	0.0	0.0	0.0	0.0	0.0	0.0	0.0
-2.63227e-06	-3.86855e-06	-2.24657e-06	-5.74605e-07	-1.22887e-06	-7.98443e-07	-7.41094e-08	0.000110379	-4.44617e-05	-5.44935e-05
-4.81365e-05	-1.00534e-05	-7.82361e-06	-2.27437e-06	-5.48615e-06	-1.40781e-05	-8.26523e-07	0.000445663	-0.000121566	-0.000235418
-7.12788e-05	-8.90275e-06	-2.43558e-05	-2.41938e-05	-0.0042181	-3.85072e-05	-2.41547e-06	4.07841e-05	-0.000141375	0.00448835
-0.000158644	-2.23612e-05	-8.52695e-05	-6.88563e-05	-0.0241834	-0.000401156	-3.81191e-05	-0.000972621	-0.000193139	0.0261236
-0.000459003	-4.72279e-05	-0.000119023	-0.000147453	-0.0263776	-0.000928827	-7.05372e-05	0.0083979	-0.000324433	0.0200763
-0.00102039	-3.94182e-05	-0.000235383	-0.000879749	-0.0147493	-0.000704776	-2.92075e-05	0.00659936	-0.000657963	0.0117168
-0.000921881	-0.00335162	-0.00240816	-0.00448961	-0.0297077	0.00237421	-6.19391e-05	0.036202	-0.00856863	0.0109333
-0.00142977	-0.000878779	-0.00113782	-0.00260669	-0.0196404	0.00672404	-6.44876e-05	0.0134889	-0.00274052	0.00828562
-0.00336705	-0.00233118	-0.000687399	-0.00329162	-0.0299162	0.00435292	-0.000392069	0.0241316	-0.00686183	0.0183628
-0.00547533	-0.00238731	-0.000839051	-0.00461589	-0.0245197	-0.00252962	-0.000405787	0.0955969	-0.00580838	-0.0490158
-0.00827027	-0.00144681	-0.000808676	-0.00657973	-0.0714395	-0.00927971	-0.000807351	0.0889782	-0.00577498	0.015429
-0.00927272	-0.000466402	-0.000987485	-0.00517309	-0.0345518	-0.00697712	-0.000763817	0.0910844	-0.00546974	-0.0274221
-0.00578399	-0.000312138	-0.000844562	-0.00584658	-0.0236325	-0.00504297	-0.000542165	0.0748218	-0.00282473	-0.0299922
-0.0040464	-0.00276215	-0.000906994	-0.00471257	-0.0221207	-0.0062378	-0.000509732	0.100628	-0.00286565	-0.0564665
-0.00417102	-0.00805145	-0.00065049	-0.003205	-0.0316505	-0.00528464	-0.000341123	0.123423	-0.00341337	-0.0666553
-0.00225066	-0.000180739	-0.000472958	-0.00225376	-0.023518	-0.00478329	-0.00020041	0.0765374	-0.00207843	-0.0407991
-0.00426081	-8.36121e-05	-0.00394316	-0.00117088	-0.00554784	-0.0080144	-0.000192295	0.0212217	-0.002385	0.0043763
-0.00763601	-2.86549e-05	-0.00233113	-0.000433555	-0.00283081	-0.00346663	-8.11624e-05	0.00634082	-0.00127124	0.0117384
-0.0217188	-5.2928e-05	-0.00707376	-0.000257155	-0.00573199	-0.0036118	-0.000200353	0.0336505	-0.00129366	0.00629
-0.00496711	-3.61284e-06	-8.37672e-05	-2.77739e-05	-0.00126379	-0.000804008	-1.89154e-05	0.0107006	-0.000265528	-0.00326611
0.0	0.0	0.0	0.0	0.0	0.0	0.0	0.0	0.0	0.0
0.0	0.0	0.0	0.0	0.0	0.0	0.0	0.0	0.0	0.0
0.0	0.0	0.0	0.0	0.0	0.0	0.0	0.0	0.0	0.0
0.0	0.0	0.0	0.0	0.0	0.0	0.0	0.0	0.0	0.0
