0.0	0.0	0.0	0.0	0.0	0.0	0.0	0.0	0.0	0.0
0.0	0.0	0.0	0.0	0.0	0.0	0.0	0.0	0.0	0.0
0.0	0.0	0.0	0.0	0.0	0.0	0.0	0.0	0.0	0.0
0.0	0.0	0.0	0.0	0.0	0.0	0.0	0.0	0.0	0.0
0.0	0.0	0.0	0.0	0.0	0.0	0.0	0.0	0.0	0.0
0.0	0.0	0.0	0.0	0.0	0.0	0.0	0.0	0.0	0.0
0.0	0.0	0.0	0.0	0.0	0.0	0.0	0.0	0.0	0.0
0.0	0.0	0.0	0.0	0.0	0.0	0.0	0.0	0.0	0.0
0.0	0.0	0.0	0.0	0.0	0.0	0.0	0.0	0.0	0.0
0.0	0.0	0.0	0.0	0.0	0.0	0.0	0.0	0.0	0.0
0.0	0.0	0.0	0.0	0.0	0.0	0.0	0.0	0.0	0.0
0.0	0.0	0.0	0.0	0.0	0.0	0.0	0.0	0.0	0.0
-3.63231e-06	-6.48655e-06	-0.0005984	-4.82799e-05	-0.00440899	-8.66755e-05	0.00590924	-7.36808e-06	-0.000142984	-0.00060642
-2.2221e-05	-1.53728e-05	-0.000947764	-0.000120179	-0.00979248	-0.000190579	0.0128088	-2.0762e-05	-0.000323352	-0.00137609
-1.58769e-05	-1.30138e-06	0.000403423	-1.60937e-05	-0.000153921	-8.7865e-07	-0.000145095	-5.15051e-06	-1.14235e-05	-5.36841e-05
-6.61539e-07	-5.4224e-08	1.68093e-05	-6.70572e-07	-6.41338e-06	-3.66104e-08	-6.04562e-06	-2.14605e-07	-4.75978e-07	-2.23684e-06
0.0	0.0	0.0	0.0	0.0	0.0	0.0	0.0	0.0	0.0
0.0	0.0	0.0	0.0	0.0	0.0	0.0	0.0	0.0	0.0
0.0	0.0	0.0	0.0	0.0	0.0	0.0	0.0	0.0	0.0
0.0	0.0	0.0	0.0	0.0	0.0	0.0	0.0	0.0	0.0
0.0	0.0	0.0	0.0	0.0	0.0	0.0	0.0	0.0	0.0
0.0	0.0	0.0	0.0	0.0	0.0	0.0	0.0	0.0	0.0
0.0	0.0	0.0	0.0	0.0	0.0	0.0	0.0	0.0	0.0
0.0	0.0	0.0	0.0	0.0	0.0	0.0	0.0	0.0	0.0
0.0	0.0	0.0	0.0	0.0	0.0	0.0	0.0	0.0	0.0
0.0	0.0	0.0	0.0	0.0	0.0	0.0	0.0	0.0	0.0
0.0	0.0	0.0	0.0	0.0	0.0	0.0	0.0	0.0	0.0
0.0	0.0	0.0	0.0	0.0	0.0	0.0	0.0	0.0	0.0
0.0	0.0	0.0	0.0	0.0	0.0	0.0	0.0	0.0	0.0
0.0	0.0	0.0	0.0	0.0	0.0	0.0	0.0	0.0	0.0
0.0	0.0	0.0	0.0	0.0	0.0	0.0	0.0	0.0	0.0
0.0	0.0	0.0	0.0	0.0	0.0	0.0	0.0	0.0	0.0
-5.10659e-09	-2.72918e-08	-9.37753e-06	-6.2731e-09	-3.58498e-05	-9.61536e-08	4.73166e-05	-5.95277e-08	-7.23301e-07	-1.17181e-06
-1.08138e-07	-8.06011e-08	-3.01299e-05	-3.26006e-08	-0.000434437	-2.90067e-07	0.000472218	-8.17179e-07	-2.14853e-06	-4.17413e-06
-1.93712e-05	-1.0847e-07	-0.000319176	-7.05698e-06	-0.0399066	-1.64139e-05	0.040481	-5.72876e-05	-4.91865e-06	-0.000150113
-4.10393e-05	-7.38826e-05	-0.000763209	-1.76178e-05	-0.0895622	-3.06988e-05	0.0913385	-0.000408094	-6.0998e-05	-0.000380714
-6.71456e-05	-0.00355313	-0.000167578	-0.000192297	-0.0865344	-9.48314e-05	0.094636	-0.00230997	-0.000896232	-0.000820356
-0.000162195	-0.00289504	-0.002255	-0.000216193	-0.0387713	-0.000160013	0.0477127	-0.00164473	-0.000934958	-0.000673332
-0.00190924	-0.00171692	-0.00640526	-0.000189261	-0.0476662	-0.000657652	0.0624099	-0.000930878	-0.000774036	-0.00216043
0.0250076	-0.000705229	-0.0233466	-0.000317309	-0.0827814	-0.000796952	0.102021	-0.00847381	-0.0013193	-0.00928835
0.0537997	-0.000652708	-0.0265931	-0.00124008	-0.156928	-0.00540488	0.176697	-0.0216049	-0.00142222	-0.0166504
0.022609	-0.000499549	-0.0167496	-0.000735902	-0.0800874	-0.00515053	0.096039	-0.00645036	-0.00189165	-0.00708298
-0.00112928	0.020909	0.00510691	-0.00603281	-0.0213004	-0.00276996	0.0115679	-0.000358518	-0.00348249	-0.00251038
0.0197271	0.0315289	0.0303478	-0.00794752	-0.0979135	-0.00350718	0.0432736	-0.000842802	-0.00254536	-0.012121
0.0564973	-0.00914922	0.0744165	-0.00243409	-0.101276	-0.00353987	0.0196617	-0.00169145	-0.00313218	-0.0293525
0.026366	-0.00457348	0.0118707	-0.000804542	-0.0407069	-0.0022665	0.0293403	-0.000756558	-0.00266897	-0.0158
-0.0014736	-0.000301173	-0.0213472	-0.000191194	-0.0180899	-0.00363235	0.0487404	-0.000160106	-0.00168073	-0.00186421
-0.000733094	-7.35091e-05	-0.0159923	-0.000122396	-0.0354017	-0.00344681	0.0587372	-0.000220005	-0.00129966	-0.00144776
-0.000317957	-9.27754e-05	-0.00686214	-0.000122216	-0.0281301	-0.00170184	0.0393662	-0.000107399	-0.000709428	-0.00132232
-0.000122896	-0.000214866	-0.00336724	-6.97521e-05	-0.0221206	-0.00029697	0.0273995	-9.67827e-06	-0.000765898	-0.000431516
-1.61869e-05	-1.86398e-05	-0.000339603	-5.56993e-06	-0.0302034	-1.2302e-05	0.0309846	-2.47851e-05	-0.000115802	-0.000248298
-2.27053e-06	-1.46603e-06	-0.00015373	-6.89891e-07	-0.0119446	-1.22369e-05	0.0123476	-3.42633e-05	-5.33766e-05	-0.000145037
0.0	0.0	0.0	0.0	0.0	0.0	0.0	0.0	0.0	0.0
0.0	0.0	0.0	0.0	0.0	0.0	0.0	0.0	0.0	0.0
0.0	0.0	0.0	0.0	0.0	0.0	0.0	0.0	0.0	0.0
0.0	0.0	0.0	0.0	0.0	0.0	0.0	0.0	0.0	0.0
0.0	0.0	0.0	0.0	0.0	0.0	0.0	0.0	0.0	0.0
0.0	0.0	0.0	0.0	0.0	0.0	0.0	0.0	0.0	0.0
-3.21271e-08	-5.60211e-10	-4.77179e-07	-2.79837e-09	-3.88969e-06	-5.29952e-07	6.46883e-06	-8.22447e-12	-1.15643e-06	-3.80281e-07
0.00304099	-4.29362e-10	-1.86583e-05	-7.67515e-07	-0.00270063	-0.000115134	0.000317431	-0.000254076	-6.84702e-06	-0.000262307
0.00114035	-2.51207e-06	-0.000860407	-1.28453e-06	-0.00129312	-1.60338e-05	0.00126021	-8.91944e-05	-3.71927e-05	-0.000100822
-0.000321748	-1.13037e-05	1.24861e-05	-0.000268964	-0.0013204	-6.66583e-06	0.00195357	-3.2191e-06	-2.49143e-05	-8.83576e-06
-0.020217	-6.25629e-05	-0.000867254	-0.00148285	-0.0430613	-4.7588e-05	0.0665065	-0.00041787	-0.000167623	-0.000182416
-0.0236373	-0.00214555	-0.00560234	-0.002931	-0.132605	-0.000866642	0.171125	-0.00157209	-0.00087093	-0.000893945
-0.0191404	-0.0312547	0.0256474	-0.0102704	-0.166841	-0.00343649	0.21407	-0.00411945	-0.00288219	-0.00177176
-0.0226577	-0.060685	0.118202	-0.0180521	-0.139363	-0.015664	0.158102	-0.00611247	-0.0102428	-0.00352607
-0.0215158	-0.0434594	0.0749518	-0.00610024	-0.240182	-0.0488325	0.331476	-0.013487	-0.0206747	-0.0121751
-0.0375805	-0.0528658	0.126981	0.0321325	-0.253526	-0.0929422	0.367876	-0.0321593	-0.0363671	-0.021547
-0.0410016	0.0113189	0.0660029	0.04536	-0.345374	-0.0927354	0.466639	-0.0334076	-0.0426514	-0.0341487
-0.067104	0.145004	-0.00405821	0.00340953	-0.248554	-0.0996359	0.380262	-0.0164305	-0.060209	-0.0326826
-0.117749	0.137369	0.0552113	-0.00796867	-0.149162	-0.111082	0.300587	-0.0180498	-0.0588101	-0.0303423
-0.134399	0.271843	0.141505	-0.0564339	-0.220001	-0.0772218	0.196659	-0.0217666	-0.0658848	-0.0342957
-0.102786	0.179622	0.129622	-0.0392545	-0.270284	-0.00629542	0.23996	-0.0114977	-0.0756312	-0.0434509
-0.0888999	0.0512822	0.0138811	-0.0375196	-0.132733	0.0624927	0.223958	-0.00754173	-0.0561156	-0.0288026
-0.0588083	-0.00726838	-0.0118231	-0.0596569	-0.108994	0.0600828	0.216018	-0.00401863	-0.00664704	-0.018884
-0.042392	0.0257946	-0.0856908	-0.0295666	-0.0707538	-0.000947199	0.258569	-0.00222213	-0.0395417	-0.0132485
-0.0305262	-0.00626735	-0.0366191	-0.00930575	-0.0533568	-0.0634043	0.221311	-0.00114239	-0.0149516	-0.00573674
-0.0145907	-0.00955493	-0.0361509	-0.0100832	-0.0500953	-0.0624481	0.20742	-0.000906655	-0.0157293	-0.00786045
-0.00702163	-0.00331412	-0.0355365	-0.007581	-0.0468843	-0.0324633	0.147003	-0.000637583	-0.0098843	-0.00368043
-0.00340995	-0.00174908	-0.00850495	-0.00199222	-0.0288768	-0.0303117	0.0790501	-7.81103e-05	-0.00375613	-0.000371204
-0.00057863	-0.000577283	0.0340783	-0.000164317	-0.00348304	-0.0127168	-0.0142794	-3.16975e-05	-0.00221137	-3.58034e-05
-1.02868e-05	-4.10062e-05	0.0243991	-1.06911e-06	-0.000358619	-0.000904405	-0.0222037	-2.6933e-08	-0.000878695	-1.2506e-06
0.0	0.0	0.0	0.0	0.0	0.0	0.0	0.0	0.0	0.0
0.0	0.0	0.0	0.0	0.0	0.0	0.0	0.0	0.0	0.0
0.0	0.0	0.0	0.0	0.0	0.0	0.0	0.0	0.0	0.0
0.0	0.0	0.0	0.0	0.0	0.0	0.0	0.0	0.0	0.0
-7.25681e-08	0.000898168	-9.78855e-05	-4.53408e-05	-8.59179e-06	-5.64438e-06	-0.000523221	-1.1561e-08	-0.00021642	-9.81168e-07
0.00709126	0.000213733	-0.000197047	-3.82414e-05	-0.00908839	6.1872e-05	0.00412553	-0.000742812	-0.000434647	-0.00099126
-0.00831091	-7.5729e-05	-0.00329108	-0.00370561	-0.00416767	0.0134691	0.0076834	-0.00105036	-0.000226216	-0.000324952
-0.0631655	-0.00358798	-0.00102029	0.102778	-0.00698619	-0.0466122	0.0259115	-0.00185651	-0.00456184	-0.000898678
-0.0856643	-0.00293333	0.00201022	0.080081	-0.0791256	-0.0303845	0.129198	-0.00285353	-0.00886605	-0.00146221
-0.0946769	-0.022496	0.0457275	0.116882	-0.130043	-0.043225	0.167333	-0.0132202	-0.0227388	-0.00354139
-0.0206053	-0.0686879	0.142009	0.140363	-0.254424	-0.0536023	0.193493	-0.0406696	-0.02732	-0.0105551
-0.0637973	-0.105397	0.412329	0.0448534	-0.343212	-0.0794425	0.235013	-0.0493624	-0.0259072	-0.0250737
-0.0367432	-0.179146	0.366299	0.138619	-0.345768	-0.0591925	0.299512	-0.0938911	-0.043209	-0.0464739
0.0198316	-0.284339	0.43316	0.374531	-0.410199	-0.14519	0.331052	-0.14664	-0.0974558	-0.0747457
0.00162561	-0.134941	0.388688	0.456911	-0.591089	-0.0657608	0.258803	-0.11114	-0.101131	-0.101963
0.14278	-0.0657979	0.497334	0.258566	-0.695958	-0.0981701	0.300136	-0.10781	-0.0891114	-0.141966
0.138659	-0.100763	0.295041	0.485006	-0.502576	-0.0766145	0.231373	-0.109295	-0.189911	-0.170918
0.0624569	0.0578503	0.201827	0.401272	-0.50095	0.032741	0.207514	-0.101693	-0.165078	-0.195939
0.071405	0.130659	0.295261	0.300126	-0.444773	-0.0495778	0.0590895	-0.0781332	-0.11964	-0.164416
-0.0302857	-0.0796119	0.212057	0.254365	-0.28834	0.0917428	0.0207227	-0.0525622	-0.0222532	-0.105832
-0.163047	-0.211513	-0.077859	0.286704	-0.222245	0.22852	0.172895	-0.0444215	0.0646098	-0.0336406
-0.186053	-0.143961	-0.133568	0.239974	-0.0552858	0.208138	0.23738	-0.0255922	-0.0980655	-0.0429633
-0.128271	-0.169046	-0.219224	0.264947	0.0118333	0.261545	0.0997524	-0.0242262	-0.0592788	-0.0380292
-0.146045	-0.142656	-0.164741	-0.0583824	0.0218574	0.253059	0.219643	-0.0133898	0.0521996	-0.0215421
-0.110168	-0.104929	-0.155676	-0.128551	0.0399085	0.118643	0.266178	-0.00368891	0.0844673	-0.00618355
-0.0527745	-0.0730745	-0.129041	-0.0730095	0.0297328	-0.0470541	0.266942	-0.00115204	0.0819211	-0.00248933
-0.0197269	-0.0588356	-0.0178473	-0.0222893	-0.0121595	-0.0283992	0.14497	-0.000440192	0.0153079	-0.00058016
-0.00201044	-0.0172478	0.0194148	-0.000365772	-0.000458102	0.0469347	-0.0497004	-5.44937e-06	0.00347744	-3.89592e-05
-0.00108192	-0.0230108	-0.000516102	-2.02888e-05	-0.000240643	0.00890386	0.0191097	-1.52683e-07	-0.00314092	-2.65251e-06
0.0	0.0	0.0	0.0	0.0	0.0	0.0	0.0	0.0	0.0
0.0	0.0	0.0	0.0	0.0	0.0	0.0	0.0	0.0	0.0
-2.89631e-08	-2.97086e-08	-1.87613e-05	2.74768e-05	-1.71101e-07	-7.509e-06	-2.66169e-08	-9.72492e-09	-9.24913e-07	-1.54306e-08
-3.63436e-05	0.00307536	-0.000885236	0.00133585	-3.60582e-06	-0.00132189	-0.00186215	-6.54829e-08	-0.000299985	-1.93734e-06
-0.000512818	0.000372523	-0.00654748	0.0182041	-0.00154275	-0.0061605	-0.00312231	0.000556094	-0.000909077	-0.000337769
-0.0104093	0.00651496	-0.0433876	0.0612915	0.0173008	-0.0425475	0.0196723	-0.00236407	-0.00547813	-0.000592798
-0.0926923	0.0449647	0.0154684	0.262273	0.0211793	-0.18314	0.00995314	-0.0311386	-0.0398318	-0.00703492
-0.0986556	0.0316131	0.14811	0.291437	-0.0611073	-0.202509	0.00052751	-0.0365663	-0.0630896	-0.00975813
-0.0303886	-0.031741	0.0954532	0.323878	-0.0804869	-0.139022	0.0216822	-0.0682314	-0.0634781	-0.0276623
0.0126154	-0.0438706	0.176705	0.42858	-0.241623	-0.313587	0.130876	-0.109527	0.0259734	-0.0661374
0.0916269	-0.0774774	0.382054	0.349202	-0.324573	-0.258376	0.033566	-0.196445	0.137324	-0.136901
0.0639649	-0.113031	0.326564	0.438939	-0.448308	-0.0483154	0.0538276	-0.282828	0.179356	-0.170168
0.144346	-0.277904	0.360441	0.528275	-0.417917	0.103437	-0.0737319	-0.321705	0.204716	-0.249955
-0.031815	-0.133277	0.317751	0.45548	-0.324795	0.00374851	-0.0828014	-0.286058	0.412823	-0.331055
0.020921	0.197669	0.177541	0.451157	-0.170562	-0.214513	-0.0380844	-0.301216	0.19096	-0.313874
-0.0746005	0.19274	0.31855	0.32375	-0.335865	-0.00725914	-0.0579031	-0.358938	0.412689	-0.413161
0.0539111	0.0347274	0.156646	0.351661	-0.43867	0.34089	-0.115661	-0.331039	0.389148	-0.441614
-0.0819756	0.0679743	0.118747	0.443253	-0.217444	0.102497	0.0355647	-0.314812	0.318303	-0.472108
0.0557907	-0.0622457	0.0933197	0.191917	-0.115905	0.156156	0.0944903	-0.275148	0.183863	-0.32224
-0.0611966	-0.196186	0.0386001	0.312097	-0.108655	0.372915	-0.0188693	-0.223505	0.126888	-0.242087
-0.099226	0.101987	-0.147058	0.0979735	0.166	0.139599	0.06256	-0.146234	0.0842883	-0.259891
-0.0815909	0.0765629	-0.142535	-0.00968495	0.283032	-0.18784	0.129421	-0.108906	0.21255	-0.171008
-0.127397	0.0232514	-0.302651	-0.135931	0.264995	0.231397	0.206087	-0.0378562	0.0557446	-0.177639
-0.107823	-0.0541343	-0.379606	-0.102332	0.302164	0.136422	0.291077	-0.046327	0.0617701	-0.101209
-0.155064	-0.0950495	-0.318759	-0.232171	0.296505	0.299638	0.26908	-0.021487	-0.008241	-0.0344461
-0.167959	-0.222296	-0.15897	-0.0362935	0.180612	0.364893	-0.0457413	-0.00611922	0.101276	-0.00939905
-0.0462762	-0.113762	-0.00952165	-0.0039132	0.00379047	0.139692	-0.051422	-0.00118887	0.0854995	-0.00289825
-0.00629163	-0.0136332	-0.00494546	-0.00010932	-0.0196014	0.0200459	-0.0047651	-0.000283869	0.0309049	-0.0013208
-9.20163e-05	-0.0076372	-0.00435064	-2.46043e-05	-0.00322627	-0.00330201	0.0154154	-1.83165e-05	0.00338831	-0.000152709
0.0	0.0	0.0	0.0	0.0	0.0	0.0	0.0	0.0	0.0
0.0	0.0	0.0	0.0	0.0	0.0	0.0	0.0	0.0	0.0
-0.000236248	0.000368092	0.000374111	0.00186288	-8.12948e-05	-0.00198777	-3.07371e-05	-6.48871e-06	-0.000260207	-2.34575e-06
-0.0044015	0.00830409	-0.00361817	0.0881415	0.00102408	-0.037307	-0.0358735	-0.00115091	-0.0115213	-0.00359719
-0.0281321	0.0172955	0.00146361	0.212609	0.0149132	-0.178434	0.0287977	-0.0174233	-0.0382738	-0.0128153
-0.123968	0.114386	0.00991877	0.415976	0.0471377	-0.246151	-0.145122	0.0942939	-0.127683	-0.0387841
-0.0266501	0.0487467	0.0406905	0.424842	-0.0125338	-0.2991	-0.0999501	0.115279	-0.102507	-0.0888132
-0.0271048	-0.136221	0.109156	0.303201	-0.050429	-0.0952086	-0.0896389	0.115493	0.00283863	-0.132082
0.0225963	-0.307025	0.203909	0.147247	-0.0624192	-0.13655	0.113603	0.175067	0.0145822	-0.171011
0.0407299	-0.341306	0.0995071	0.169292	-0.024285	0.0534878	0.0128915	0.0921636	0.131664	-0.234144
0.228408	-0.230902	0.191557	0.156036	-0.18738	0.135464	0.0494347	-0.128104	-0.116373	-0.0981389
0.131558	-0.29912	0.263495	0.176305	-0.131435	0.076928	-0.429126	-0.215757	0.234551	0.192601
-0.0297465	-0.215304	0.15848	0.121384	-0.0443116	-0.0143104	-0.271856	-0.104634	0.278596	0.121703
0.175207	-0.0390584	0.131201	0.132699	-0.278229	-0.0578899	-0.310528	-0.137094	0.169855	0.213838
0.212264	0.0325379	0.1006	0.028786	-0.0642964	-0.105618	0.00365604	-0.315032	0.242767	-0.135661
0.147716	0.220945	0.163999	0.171763	-0.0683179	-0.110136	-0.189749	-0.393319	0.0854166	-0.0283199
0.106624	-0.118031	0.312961	0.326083	0.00827373	0.0665271	-0.167691	-0.326264	0.188114	-0.396597
0.337503	-0.208137	0.160694	-0.0628524	-0.091072	0.150013	-0.0294773	-0.376203	0.423429	-0.303899
0.347628	-0.0183911	0.113981	0.0228811	0.0958655	0.12096	0.112663	-0.405659	-0.120903	-0.269023
0.0407099	0.0179127	0.0177478	0.115589	0.186437	0.00777655	0.210197	-0.509614	0.142014	-0.228771
-0.111495	0.148197	0.0577232	-0.0112015	0.0945425	0.262741	0.0800737	-0.493344	0.199259	-0.226499
0.0199627	0.320372	0.0436281	-0.148719	0.0701547	0.133814	0.0741253	-0.29796	0.0503092	-0.265686
-0.00144185	0.274213	-0.129514	-0.119619	0.252401	0.302881	0.0173914	-0.208485	-0.0580095	-0.329817
-0.225512	0.130426	-0.278239	-0.25927	0.447257	0.364803	0.278341	-0.107323	-0.14316	-0.20732
-0.266046	-0.00210474	-0.241365	-0.0876214	0.128643	0.425619	0.10416	-0.0316623	0.0555312	-0.0851513
-0.111556	-0.152906	-0.0552291	-0.0222124	-0.0447844	0.28599	-0.0426974	-0.00984157	0.182676	-0.0294371
-0.0325855	-0.0298312	-0.0179902	-0.0018197	-0.0277561	0.0668695	0.0338757	-0.00400739	0.017333	-0.00408802
-0.0118393	-0.0101426	-0.00638949	-8.78331e-05	-0.000275013	0.00894422	0.0230476	-0.000115628	-0.00311229	-2.96814e-05
0.0	0.0	0.0	0.0	0.0	0.0	0.0	0.0	0.0	0.0
-4.43119e-06	-1.26811e-06	-5.71236e-05	0.000544869	-1.36943e-06	-3.86233e-05	-2.59641e-07	-1.19588e-05	-4.92176e-05	-0.000380617
-0.00124019	-0.0177313	-0.00913458	0.0112565	-0.002817	0.00125243	-0.00135317	0.0272568	-0.00419295	-0.00329652
-0.00330005	0.00710819	0.0082753	0.122204	-0.0325734	-0.125933	-0.0365338	0.126461	-0.038654	-0.0270536
-0.0441072	0.0128198	0.0991914	0.185371	0.0279405	-0.211458	0.026976	0.0796781	-0.0866907	-0.0897186
-0.0248291	-0.0250325	0.0702424	0.266539	0.171213	-0.173955	-0.107015	0.188487	-0.117488	-0.248158
0.0218375	-0.101465	0.175687	0.27565	0.111238	-0.114667	-0.236079	0.305115	-0.161948	-0.275368
0.0178866	-0.240434	0.139804	0.0875733	0.0601737	0.0385386	-0.0336624	0.300948	-0.0580188	-0.31281
-0.0436308	-0.346426	0.0843737	0.196104	-0.0282814	-0.000433309	-0.0149407	0.342116	0.0181479	-0.207029
-0.249084	-0.433372	0.285204	0.30904	0.0637912	-0.0918094	-0.139529	0.209148	0.0648797	-0.0182693
-0.00268204	-0.196852	0.283744	0.366231	-0.136486	-0.069296	-0.341333	0.261746	-0.113133	-0.0519398
-0.0450634	-0.0586561	0.00842556	0.199765	-0.228877	-0.106236	-0.309692	0.371705	0.00242149	0.16621
-0.193785	-0.228853	0.0709887	0.0428922	-0.161289	-0.0159277	-0.180731	0.247263	0.30161	0.117832
0.229775	-0.272549	0.0546134	0.342898	-0.366375	-0.0151937	-0.380253	-0.0384473	0.0524662	0.393067
0.191452	-0.19173	0.00323132	0.110313	-0.423546	0.178249	-0.24598	-0.0182559	0.0499641	0.346305
-0.0317494	-0.264164	0.0854036	0.107491	-0.441239	-0.0475207	-0.104508	0.0769144	0.382752	0.236622
0.048583	-0.205404	0.157933	0.229449	-0.400879	-0.0919802	-0.246162	0.0391647	0.0783327	0.390964
0.173452	-0.339856	-0.00969948	0.0360703	-0.216373	-0.00807165	-0.201626	0.106746	0.13193	0.327429
0.3275	-0.113703	-0.0182254	0.303716	-0.378186	0.0506736	-0.347458	-0.00652671	-0.168405	0.350613
0.049558	-0.215794	-0.117621	-0.115751	-0.0490031	0.257179	-0.183425	-0.0682624	0.400577	0.0425415
0.0854605	0.0704221	-0.144115	0.0719339	-0.162415	0.147422	-0.0826094	-0.0881715	0.0870583	0.015014
0.29784	0.102947	-0.0612618	0.0498037	-0.0808902	-0.0605078	-0.0867731	-0.0227181	-0.0289533	-0.109487
0.328001	0.116762	-0.171153	-0.122676	0.233741	0.185519	-0.071991	-0.147331	-0.0669387	-0.283933
-0.0253559	0.109863	-0.44122	-0.192747	0.479088	0.315594	0.0534916	-0.22044	0.216431	-0.294703
-0.38766	-0.00185403	-0.25755	-0.0835857	0.134282	0.731553	0.0456565	-0.0944852	0.105489	-0.191844
-0.270836	-0.116362	-0.0669005	-0.0483965	-0.0210428	0.423311	-0.0291991	-0.0403094	0.235564	-0.0658255
-0.125414	-0.0150242	-0.0109201	-0.00498668	0.0525171	0.152108	-0.0404356	-0.0120605	0.0282055	-0.0239894
-0.0333638	-0.000317419	-0.000502214	-0.000379412	-0.00220673	0.0458867	-0.00212934	-0.00065035	-0.00559565	-0.000741822
0.0	0.0	0.0	0.0	0.0	0.0	0.0	0.0	0.0	0.0
-0.000279309	-0.00146781	-0.00191266	0.015158	-0.000978629	-0.00153564	-8.4423e-05	0.00563211	-0.00367812	-0.0108536
-0.000651393	-0.0283107	0.0209619	-0.0137522	-0.00420072	-0.0193576	-0.00579691	0.0726675	-0.00786248	-0.0136974
-0.00507479	-0.013206	0.0516526	0.0573914	-0.00905897	-0.143395	-0.0428732	0.230875	-0.0371189	-0.0891903
-0.0758497	-0.00347848	0.266171	0.319427	0.0927465	-0.442615	0.0206463	0.112243	-0.0508223	-0.238463
-0.0134752	-0.132496	0.1796	0.429736	0.276937	-0.275756	-0.0853738	0.0932224	-0.0374986	-0.434893
0.0620035	-0.230058	0.32347	0.189563	0.111921	-0.049592	-0.296283	0.292656	-0.0777513	-0.325927
-0.0213117	-0.266167	-0.0225566	0.0740184	0.105524	0.170895	0.0103332	0.275719	0.00727113	-0.333727
-0.217358	-0.494352	0.208182	0.0795757	-0.00520635	0.246037	-0.0325435	0.12915	0.159774	-0.0732584
0.00768465	-0.335112	0.0241051	0.0473068	0.0131728	0.0550348	-0.132292	0.263268	0.0102714	0.0465604
0.0366807	-0.13402	-0.0968521	-0.0334965	-0.181177	0.236214	-0.245537	0.335476	0.122048	-0.0393341
0.0853118	-0.23218	0.0950432	-0.0274049	-0.117963	0.163277	-0.111356	0.273409	-0.17547	0.0473338
-0.0068476	-0.0724006	-0.0490968	0.15265	-0.450607	0.0805315	-0.167751	0.234874	-0.115478	0.394127
0.156382	-0.216411	0.271585	0.0026431	-0.357633	-0.163498	-0.321311	0.162945	-0.044993	0.510292
0.0640235	-0.107248	0.0500061	0.293784	-0.417252	0.182486	-0.112263	-0.0810927	-0.335271	0.462829
-0.0453901	-0.402437	-0.0822479	0.280606	-0.335656	-0.214271	-0.118422	0.116309	0.298262	0.503252
-0.0187267	-0.214194	0.045251	0.0278978	-0.394018	0.096545	-0.358282	0.188459	0.0567749	0.570295
0.251885	-0.210568	-0.270876	0.169031	-0.118522	0.0707133	-0.271504	0.272628	-0.208009	0.315224
0.27044	-0.3097	-0.0381543	-0.104324	-0.260234	0.0621376	-0.346317	0.365181	0.184481	0.176489
0.136844	-0.0952627	-0.0996177	0.137893	-0.0310587	0.0622041	-0.332711	0.175699	-0.0452057	0.091216
-0.0193981	0.05546	-0.193266	0.0344371	-0.0744585	0.0907206	-0.299645	0.303797	-0.0299362	0.132288
0.00780686	-0.0426531	0.0229261	-0.210247	-0.0723798	0.178388	-0.213229	0.176869	0.143996	0.00852121
0.0925796	-0.0570319	0.164016	-0.224057	0.170222	0.22065	-0.302268	0.11343	-0.0141684	-0.163374
0.179754	-0.118011	-0.503407	-0.277696	0.369078	0.391346	-0.189755	-0.00125766	0.36254	-0.212592
-0.159815	-0.322663	-0.375016	-0.197474	0.147733	0.713944	0.0424471	-0.0660502	0.438138	-0.221245
-0.310508	-0.189241	-0.0837644	-0.0607783	0.0158683	0.753161	-0.100847	-0.06399	0.141604	-0.101501
-0.145136	-0.00811521	-0.0157839	-0.00435825	0.0748098	0.156858	-0.0398902	-0.0117385	0.0330053	-0.0396505
-0.0102701	-0.00403224	-0.00112163	-0.000292032	-0.00236898	0.0215483	-0.00914565	-0.000472471	0.00728305	-0.00112822
0.0133993	-3.15948e-07	-0.000185452	-7.84998e-07	-0.000433639	-5.5583e-06	-7.71229e-06	-0.00767962	-2.40991e-05	-0.00506216
-0.000287226	-0.00124737	0.000806183	-0.00633574	-0.0147078	-0.00139915	-0.000255475	0.0573325	-0.003825	-0.0300809
0.00245411	-0.0176885	0.00701475	-0.0147659	0.00967796	-0.0209565	-0.00550753	0.113502	-0.0106623	-0.0630678
0.0075834	-0.00387116	0.0365286	0.0741508	0.00166634	-0.154969	-0.0389332	0.324493	-0.0098859	-0.236761
-0.108447	-0.0327566	0.314387	0.372643	0.0506676	-0.58871	0.0173417	0.28958	0.0134415	-0.328137
-0.0585189	-0.0976314	0.122183	0.216269	0.207382	-0.315182	-0.14418	0.270304	0.108905	-0.309528
-0.0334588	-0.227484	0.0231693	0.0630581	0.0328015	-0.0560414	-0.262859	0.276686	0.238734	-0.0546048
-0.0921501	-0.206826	0.0238273	0.060745	0.0635653	-0.144888	-0.143583	0.518505	0.216342	-0.295537
-0.0341667	-0.450296	0.0703879	-0.05	-0.1123	0.136441	-0.133635	0.292351	0.0267499	0.254469
0.22665	-0.466453	-0.0531674	-0.0783407	0.104274	0.0640479	-0.117974	0.179213	0.219108	-0.0773572
0.0185529	-0.263854	0.255373	0.0666499	-0.166531	0.135118	-0.215506	0.0900305	0.13981	-0.0596424
-0.0383619	-0.295484	0.0846926	0.0178202	-0.00867153	0.142996	-0.155008	0.333482	0.00812168	-0.0895854
0.178789	-0.0771382	-0.11259	0.159438	-0.251912	-0.0453593	-0.20753	0.390872	0.252305	-0.286874
-0.00035911	0.00902798	-0.0617242	0.133166	-0.318146	-0.0868257	-0.248334	0.0513229	0.31992	0.201953
0.21907	-0.035258	0.0348206	0.225072	-0.397418	-0.112926	-0.419205	0.260226	-0.160972	0.38659
0.28512	0.0220822	-0.0175182	0.158649	-0.262552	-0.202426	-0.47933	0.357662	-0.0436668	0.181979
0.55337	-0.25846	-0.0929386	0.0893763	-0.457202	-0.0156199	-0.4664	0.277395	0.173648	0.196831
0.273494	0.145091	-0.0359972	0.122579	-0.200768	-0.00946481	-0.392519	0.169298	-0.0855799	0.0138671
0.109896	-0.209909	-0.194203	0.33435	-0.00762137	-0.0896341	-0.615937	0.382775	0.161249	0.129035
0.0447527	-0.122213	0.190044	0.152383	-0.105846	0.0807951	-0.526293	0.0915493	0.198415	-0.00358528
0.176798	-0.239358	0.0485773	0.120524	-0.0793364	0.263667	-0.375979	0.204934	0.065921	-0.185746
0.059496	-0.250313	-0.0855953	0.0596893	-0.0600812	0.172845	-0.254587	-0.0228742	0.162212	0.219208
0.189911	-0.258387	-0.00902935	0.239909	-0.155791	0.0911548	-0.447382	0.22927	0.12384	-0.00349691
0.400983	-0.438413	-0.0368911	-0.50298	0.124848	0.653412	-0.47435	0.102363	0.336609	-0.165584
0.0613449	-0.468885	-0.420734	-0.396621	0.0688028	1.11237	-0.297534	-0.125292	0.612482	-0.145937
-0.328907	-0.209389	-0.153411	-0.083926	0.0806025	0.882064	-0.199807	-0.111557	0.235335	-0.110997
-0.123588	-0.0171347	-0.0220447	-0.0057729	-0.050118	0.240959	-0.109678	-0.0177087	0.142783	-0.0376971
-0.00737388	-0.00301045	-0.00219516	-8.39767e-05	-0.00198947	0.00852952	-0.0116535	-0.00432964	0.0238505	-0.00174392
-3.73999e-06	-2.02822e-05	-1.10924e-05	-0.000160531	-0.000666992	-7.6785e-05	-2.99685e-06	0.0024701	-2.6042e-05	-0.00150164
-0.000467427	-7.68347e-05	-0.00114591	-0.00550674	-0.0161753	-0.00146172	-0.000136014	0.0680609	-0.00277645	-0.0403145
0.00614561	-0.0115258	-0.0225492	0.0332929	-0.00105195	-0.00980347	-0.00867474	0.133064	-0.0249143	-0.0939827
0.0235233	-0.00838549	0.0559786	0.172562	-0.120148	-0.17595	-0.0529218	0.381508	-0.0344496	-0.241715
-0.0716996	-0.0833977	0.21972	0.521614	-0.194727	-0.465169	0.0332707	0.398143	0.0188847	-0.376633
-0.0253892	-0.229374	0.351325	0.166203	-0.0487528	-0.305846	-0.242312	0.275127	0.127876	-0.0688524
-0.108566	-0.245932	-0.0423773	0.124899	-0.121769	-0.060865	-0.240252	0.238849	0.243315	0.212699
-0.149928	-0.168047	-0.0777893	0.190744	-0.0880616	-0.0142226	-0.033293	0.196281	0.153833	-0.0095158
-0.111041	-0.275556	-0.0811371	0.11697	-0.0296787	0.134613	-0.118319	0.126657	0.189607	0.0478844
0.0790187	-0.387409	0.105575	0.0319401	-0.0174055	-0.0276888	-0.194674	0.238113	0.21628	-0.0437487
0.1743	-0.222921	0.207721	-0.0881182	-0.260897	0.18881	-0.312812	-0.0232121	0.1007	0.236431
-0.0682875	-0.126112	-0.0698059	-0.26989	-0.069971	0.354542	-0.127586	0.182727	0.105999	0.0883897
0.01354	-0.133429	0.0268467	-0.180679	-0.154145	0.198494	-0.228583	0.47657	-0.068221	0.0496095
0.281523	0.0394278	0.0547229	-0.105922	-0.136025	-0.0901197	-0.412986	0.252144	0.0613955	0.0558402
-0.0087115	0.171455	0.136054	0.290017	-0.635029	-0.230284	-0.234192	0.540531	-0.217784	0.187941
-0.209231	0.540827	0.258277	0.43027	-0.409673	-0.400979	-0.451363	0.402339	-0.481027	0.32056
0.194123	0.182832	0.226827	0.273022	-0.0567215	-0.390528	-0.603425	0.29808	-0.096838	-0.0273714
0.32441	0.0208236	-0.0313294	0.144383	-0.108899	-0.162054	-0.71572	0.495597	0.0317939	0.000995411
0.222984	-0.160558	0.0526488	0.094611	0.0634431	-0.014458	-0.623785	0.252749	-0.00386464	0.11623
0.294177	-0.26082	-0.0199625	0.242338	-0.0966904	-0.0422276	-0.565424	0.288521	0.0583295	0.101762
0.24337	-0.376084	-0.0312673	0.273693	0.0247362	0.0261344	-0.327816	0.025431	0.0718325	0.0699697
-0.130376	-0.32173	-0.147495	0.152555	0.0111803	0.329065	-0.152131	0.281498	0.176668	-0.199234
-0.064734	-0.390566	0.0736982	0.347726	-0.0469636	0.265978	-0.496669	0.218164	0.131631	-0.0382655
0.48341	-0.467867	-0.0901788	-0.234951	0.00802236	0.632084	-0.385828	-0.0329492	0.326873	-0.238615
0.308639	-0.321898	-0.422201	-0.373427	-0.26776	1.35968	-0.348831	-0.0825842	0.359696	-0.211308
-0.30312	-0.156003	-0.116025	-0.0575884	-0.200091	1.13015	-0.332463	-0.0385968	0.218184	-0.144442
-0.110652	-0.0185669	-0.00773218	-0.0108427	-0.0730928	0.251735	-0.145575	0.0130422	0.157701	-0.0560166
-0.00149118	-0.00268466	-0.00143052	-0.000484738	-0.00701485	0.016356	-0.00745003	0.0500556	-0.0418398	-0.00401586
-5.42103e-06	-2.3643e-05	-2.27925e-05	-0.000255595	-0.000777919	-9.71688e-05	-3.53848e-06	0.00331232	-3.58491e-05	-0.0020904
-0.000499774	-3.74761e-05	-0.000387101	-0.00331214	-0.0154966	-0.00137502	-4.81408e-05	0.0643881	-0.00150518	-0.0417267
0.0303264	-0.00594008	-0.02224	0.0130981	-0.0372562	-0.0112749	-0.0283867	0.202313	-0.0188257	-0.121813
0.00476918	-0.0501845	0.0888405	0.283036	-0.125743	-0.152122	-0.0624955	0.320417	-0.0997501	-0.206763
-0.0447308	-0.0984306	-0.0461728	0.300126	-0.189369	-0.194168	-0.0573501	0.388843	0.172615	-0.231358
0.0421032	-0.234523	0.315642	-0.0151322	-0.196962	-0.161477	-0.207603	0.268994	0.0880384	0.100921
-0.110342	-0.367946	0.382942	-0.0243537	-0.20213	-0.0355354	-0.154351	0.134018	0.150257	0.227443
-0.139631	-0.275698	-0.0263547	-0.0525741	-0.0843848	0.199827	0.0400041	0.0987488	0.247272	-0.00720904
-0.0806524	-0.205541	-0.0314446	-0.240739	-0.0201906	0.328379	0.0408515	-0.12304	0.184318	0.148058
0.0865076	-0.293591	-0.204415	-0.48888	0.158466	0.387089	-0.200246	0.142124	0.27138	0.141568
-0.102588	-0.0454169	-0.0134201	-0.428643	0.00937335	0.247167	-0.110273	-0.0204575	0.284956	0.179304
0.100131	0.0949832	0.00585427	-0.443339	-0.0152398	0.219639	-0.148957	-0.156898	0.245393	0.0984311
-0.0533636	-0.0300806	-0.0215342	-0.464395	0.244247	0.340296	-0.286565	-0.229736	0.322278	0.178855
0.129856	0.300705	-0.239058	0.113174	-0.288896	0.127815	-0.0910353	0.211031	0.0450139	-0.308603
0.0275152	0.537458	0.00388839	0.221128	-0.922326	0.043567	-0.288207	0.397226	-0.00698209	-0.0132649
-0.184008	0.834785	-0.158468	0.14541	-0.121528	-0.0962635	-0.504858	0.484929	-0.328607	-0.0713942
0.0504898	0.285937	0.0113254	0.254935	-0.179262	-0.229452	-0.474844	0.618597	-0.378135	0.0404079
0.366534	0.0879053	0.210417	0.249563	0.015897	-0.437481	-0.466848	0.228746	-0.211136	-0.0435952
0.2606	-0.223495	0.0791792	0.190352	-0.0480326	-0.43531	-0.461467	0.328878	0.235687	0.0736088
0.0111385	-0.207238	-0.0194785	0.220997	0.104456	-0.359137	-0.464913	0.402557	0.287112	0.0245059
0.190154	-0.413546	-0.0714501	0.317068	-0.160584	-0.200837	-0.230359	0.399941	0.172295	-0.00268216
0.0930124	-0.314118	-0.0977298	0.0846577	-0.0280838	-0.0189593	-0.229225	0.424228	0.186575	-0.100358
0.210683	-0.372049	-0.0469122	0.183062	-0.0868592	0.0474274	-0.375152	0.251577	0.216539	-0.0283141
0.49172	-0.366451	-0.147532	-0.0647643	-0.4588	0.722599	-0.14401	-0.180326	0.280021	-0.132453
0.344744	-0.282388	-0.342443	-0.265966	-0.369125	1.63588	-0.258217	-0.13501	-0.0132715	-0.314192
-0.309776	-0.10274	-0.0638985	-0.0268702	-0.249355	1.41026	-0.422029	-0.0208341	-0.100939	-0.113815
-0.139936	-0.0272018	0.0232457	-0.00635499	-0.0893928	0.387486	-0.143439	0.00843275	0.042631	-0.0554703
-0.000635688	0.00107767	-0.000877586	-0.000136126	-0.00198459	0.00693897	-0.018372	0.0125442	0.00912157	-0.00767639
-2.92355e-05	-5.05382e-06	-2.48666e-05	-0.0001588	-0.000113779	-8.38384e-05	-4.27766e-06	0.00131619	-3.85014e-05	-0.000857841
0.00814154	0.000418388	-0.000674332	-0.00200632	-0.0267013	-0.0101757	-0.000184993	0.094011	-0.00193498	-0.0608933
-0.00426008	-0.000155339	-0.0105504	0.0130093	-0.122082	-0.0212969	-0.00127063	0.36741	-0.0119686	-0.208835
-0.000666994	-0.0336432	-0.0384499	0.270269	-0.102921	-0.187689	-0.0665288	0.403391	-0.0222625	-0.221495
-0.168068	-0.0572849	-0.153425	0.24951	-0.259028	-0.0824423	-0.0343063	0.455933	0.0637521	-0.014637
-0.136613	-0.125565	-0.0438102	-0.133003	-0.109187	-0.0334679	-0.022207	0.136466	0.243339	0.22405
-0.0142525	-0.326621	-0.0680689	-0.283579	0.0625526	0.259938	-0.0482756	0.0170762	0.176744	0.224489
0.00547489	-0.309882	-0.25414	-0.540286	0.0305999	0.154545	0.185163	0.10363	0.513996	0.110899
-0.0173029	-0.257355	-0.409664	-0.45883	0.159044	0.156309	0.0312641	-0.15575	0.367006	0.585276
-0.208636	-0.288645	-0.443279	-0.470102	0.388206	0.132827	0.1374	0.178473	0.401179	0.172578
-0.0494045	-0.155121	-0.772993	-0.338022	0.469954	0.102229	-0.00194024	0.276697	0.215122	0.25348
-0.0590021	-0.114262	-0.675724	-0.169002	0.138276	0.111591	-0.08969	0.276542	0.204442	0.37683
-0.286154	-0.101505	-0.795512	-0.0296397	0.555615	0.20192	0.159727	-0.0636996	0.184181	0.175066
-0.0521881	0.337138	-0.93309	0.280215	-0.731109	0.540189	0.205219	0.106013	0.231884	0.0157355
-0.410988	0.703985	-0.58943	0.114951	-0.842808	0.0825998	-0.229675	0.447994	0.666981	0.0563906
-0.668471	0.781237	-0.534309	0.234923	0.321961	-0.196988	-0.608223	0.424055	0.0146772	0.231133
-0.58237	0.213183	-0.187628	0.0186153	0.450946	-0.20458	-0.2308	0.396895	-0.149772	0.275512
-0.0187557	-0.105039	-0.313909	0.33644	0.154421	-0.178649	-0.382544	0.289214	-0.196688	0.41551
-0.177399	-0.0459905	-0.0509884	0.104534	-0.0454154	-0.064936	-0.3036	0.440189	-0.186118	0.329727
0.0413289	-0.203537	0.274384	0.1106	-0.061326	-0.328674	-0.216281	0.178759	0.0120724	0.192674
0.191428	-0.204032	-0.0865532	0.343337	-0.244297	-0.621665	-0.135516	0.280897	-0.0545267	0.530928
0.302386	-0.232954	0.0436228	-0.06849	-0.211711	-0.459899	-0.027536	0.312934	0.0134702	0.328176
0.239665	-0.215662	-0.0392035	-0.0429713	-0.244465	-0.484604	-0.0612423	0.256431	0.28912	0.302931
0.329141	-0.18596	-0.152216	-0.184459	-0.462954	0.156809	0.277018	-0.173775	0.469305	-0.0729043
0.393739	-0.163444	-0.142529	-0.209681	-0.431065	0.687166	-0.0580937	-0.164842	0.330278	-0.241523
-0.197873	-0.0915079	0.0645394	0.00219012	-0.194466	0.921628	-0.405855	-0.0688849	0.0900293	-0.119795
-0.0945719	-0.0281492	0.0317772	-0.00317102	-0.0316708	0.249786	-0.222874	-0.0124835	0.148583	-0.037226
-0.000439333	0.00516874	-0.000999728	-7.35053e-05	-0.00124804	0.00417597	-0.010993	0.0029338	0.0040786	-0.00260348
-1.18437e-06	-2.64305e-08	-1.3439e-05	-6.33753e-05	-1.71924e-06	-1.20625e-05	-1.57739e-08	0.00164109	-1.93034e-05	-0.00152996
1.1516e-06	-0.000199016	-5.39163e-05	-0.00262358	-0.0351957	-0.0145142	-0.000262855	0.0906089	-0.00112929	-0.0366315
-0.00477985	-0.00284562	-0.00196183	-0.00828584	-0.141522	-0.0198873	-0.00126875	0.37465	-0.00789727	-0.186201
-0.0250116	-0.00253385	-0.137537	0.050571	-0.200194	-0.073386	-0.0568397	0.548938	0.0695057	-0.173512
-0.125472	0.00842445	-0.241445	-0.0109462	-0.370252	0.0244284	-0.0688381	0.488374	0.00870311	0.28703
-0.0211259	-0.0605808	-0.544384	-0.238361	-0.0669456	0.0377763	-0.0305869	0.258754	0.29399	0.371464
0.201281	-0.113909	-0.90613	-0.331412	0.16484	0.301382	0.169843	0.0393651	0.0961482	0.378592
0.0213594	-0.158522	-1.03787	-0.338622	0.323183	0.0985746	0.249442	0.370402	0.27433	0.197731
-0.0753553	-0.18224	-0.532684	-0.408715	0.426164	0.0219395	0.152999	0.429214	-0.00058649	0.169266
-0.0577215	-0.122641	-0.545836	-0.15458	0.198592	-0.0585254	0.210623	-0.0508932	0.161732	0.419249
0.0109493	-0.334035	-0.635951	0.210068	0.518105	0.304703	-0.037207	-0.114782	-0.18838	0.266528
0.0134899	-0.467759	-0.598176	-0.106054	0.55369	0.143382	0.312127	0.0514687	-0.12164	0.219472
0.134942	0.0456636	-0.583187	-0.00502088	0.952769	0.199385	0.191795	-0.684	0.060018	-0.312361
0.0533184	0.190564	-0.421567	0.014017	0.0021317	0.314334	0.212707	-0.888281	0.501171	0.0216022
-0.579885	0.914519	-0.488462	0.507122	-0.532902	-0.100455	-0.251085	-0.00584975	0.254354	0.282645
-0.861641	0.481757	-0.551235	0.23314	0.225364	-0.00331714	-0.324482	0.441646	0.0536282	0.305144
-0.653177	0.116196	-0.236549	0.150858	0.357	-0.339207	-0.106497	0.473909	-0.0136623	0.251131
-0.0495368	0.123339	-0.268657	-0.033113	0.028463	-0.432399	-0.166024	0.417816	0.0954301	0.284685
-0.00778052	-0.0201485	-0.225505	0.138077	-0.0222189	-0.324867	-0.21939	0.334803	-0.0582869	0.405319
0.130398	-0.186463	0.2461	-0.0362471	0.120592	-0.345612	-0.339296	-0.156251	0.206009	0.36077
0.0813503	-0.149014	-0.0234575	-0.0176321	0.110347	-0.414382	-0.162233	0.00404979	0.217155	0.353816
0.105781	-0.092486	0.0387881	-0.566794	0.279439	-0.827014	0.0886699	0.113597	0.414483	0.445534
0.32177	-0.0885849	-0.0582617	-0.442208	0.11618	-1.11411	0.353446	0.0870236	0.401197	0.423553
0.420839	-0.056959	-0.345361	-0.257432	-0.196718	-1.03436	0.687846	-0.181969	0.688601	0.275514
0.597773	-0.0585287	0.123607	-0.118132	-0.124186	-0.898095	0.295931	-0.162661	0.619902	-0.2756
-0.0199327	-0.0409574	0.28606	0.0144242	-0.0566529	0.0388877	-0.239848	0.0182113	0.136808	-0.137
-0.0534086	-0.029335	0.179593	-0.000461456	-0.0246828	0.149393	-0.23843	0.0343363	0.0283219	-0.045327
-0.000323168	0.00358847	0.0197106	-0.000102328	-0.00910223	-0.0036677	-0.0128222	0.0160265	-0.0118259	-0.00148206
-6.93682e-09	5.6318e-05	-7.04208e-06	-1.66006e-05	-2.01581e-07	-1.93086e-06	-1.65273e-06	-1.05029e-05	-7.58942e-06	-1.07908e-05
0.000612284	-3.62097e-05	-4.35482e-05	-0.00175642	-0.0330947	-0.00240809	-0.000289916	0.056919	-0.000225134	-0.0196773
-0.00216607	-0.00092583	-0.000884796	-0.0054788	-0.0918732	-0.00530633	-0.00053267	0.230188	-0.00211674	-0.120904
-0.0136882	0.0107091	-0.169177	0.0193113	-0.15952	0.00396592	-0.0500398	0.434655	0.0411332	-0.117348
0.0125262	0.0298584	-0.523488	-0.188794	-0.166477	0.098916	-0.102903	0.29173	-0.0605028	0.609139
0.00373922	-0.0471498	-0.828149	-0.257994	0.229066	0.196657	0.0877615	0.132245	0.0586261	0.425202
0.29685	-0.0920324	-1.07671	-0.303366	0.450639	-0.030832	0.431688	0.181177	-0.00249012	0.145082
0.308614	-0.143979	-0.82088	-0.342347	0.330152	0.159498	0.0722667	0.16096	0.00640694	0.269306
0.0706427	0.00510898	-0.36009	-0.191244	0.371336	-0.00973898	0.0477682	-0.0371616	-0.0912274	0.194607
0.0884646	-0.100458	-0.2781	-0.105047	0.360865	0.0573758	0.0964111	-0.165568	0.0842084	-0.0381535
0.181516	-0.652538	-0.169749	-0.176003	0.440577	0.169177	0.248337	-0.0050484	-0.174745	0.138479
0.054124	-0.684808	0.0813545	-0.21734	0.621983	0.281068	0.0213152	-0.263302	0.111824	-0.00621598
0.122659	-0.0167665	-0.127026	0.0948244	0.490249	0.473971	0.11811	-1.07969	0.232657	-0.308982
-0.431268	0.279418	0.132127	0.381843	-0.259695	0.262534	0.0951639	-1.05387	0.511784	0.0819601
-0.685045	0.613957	0.0215834	0.265162	-0.0646848	-0.0649009	-0.199434	-0.0718009	-0.063994	0.249157
-0.871981	0.382095	-0.285305	-0.207989	0.434722	-0.251877	0.0520997	0.0590919	0.381818	0.30733
-0.61063	0.128312	-0.272141	0.11097	0.228859	-0.442788	0.038542	0.203486	0.144283	0.471108
-0.186288	0.332448	-0.0870223	0.0776987	0.181026	-0.201183	-0.314829	0.0430236	-0.159873	0.315001
-0.0294467	-0.213206	-0.204455	0.237945	0.217259	-0.137463	-0.1935	0.0553671	0.0238683	0.243634
-0.0508801	-0.304169	-0.164323	0.0127198	0.0889645	-0.00551362	0.0842465	-0.175545	0.0738311	0.44067
-0.292294	-0.196338	-0.194589	-0.496476	0.351844	0.00175529	-0.0938853	0.269007	0.30577	0.345205
-0.0506716	-0.130073	0.0235728	-0.51146	0.384326	-0.293021	0.237393	0.121606	-0.126391	0.344717
0.246339	-0.1322	-0.0354191	-0.592114	0.300493	-0.374084	0.407019	-0.0630747	0.0494589	0.193583
0.444599	-0.120567	-0.100682	-0.271865	-0.0422862	-0.733014	0.789375	-0.023177	0.289985	-0.232365
0.467225	-0.108009	0.475255	-0.0866418	-0.212014	-0.753735	0.374807	0.0420711	0.209808	-0.408761
0.0937984	-0.0675759	0.580768	-0.00111824	0.00940913	-0.19719	-0.291189	0.0458507	0.0364797	-0.209231
-0.0170514	-0.0339151	0.404816	-0.00135263	-0.0194891	-0.0111885	-0.237687	0.00318677	-0.0240636	-0.0632559
-0.00266048	-0.000696603	0.123811	-0.0035917	-0.0306959	-0.0317926	-0.0401751	-0.00954897	-0.00257246	-0.00207728
-4.12556e-05	-1.28869e-06	-1.91157e-05	-0.00193618	-0.000101802	0.00787723	-0.000124348	-6.50563e-05	-0.000316343	-0.00527184
-5.5434e-05	-1.19072e-05	-0.0118091	0.0124691	-0.0203974	-0.00106639	-1.33248e-05	0.0321193	-0.000830517	-0.0104042
-0.000753872	0.00122816	-0.00805566	0.00625291	-0.0436772	-0.0017932	-5.53587e-05	0.129193	-0.00115129	-0.0811872
-0.0792577	0.0197524	-0.144131	0.0302693	-0.0269939	0.0281385	-0.0257684	0.22436	-0.0131043	-0.0132646
-0.0337389	0.0309806	-0.344952	-0.0919157	0.333819	0.0702763	-0.257055	0.130298	-0.153016	0.315309
0.255561	-0.0636696	-0.600961	-0.322749	0.537084	-0.0216464	0.0396516	0.127952	-0.0393102	0.0880882
0.201724	-0.117524	-0.281608	-0.427052	0.305695	-0.0425221	0.26405	-0.0622476	-0.119925	0.279408
0.469413	-0.1569	0.0160575	-0.380729	0.4132	-0.0352038	0.016935	-0.0451683	-0.454443	0.156838
0.206887	-0.004802	-0.0977302	-0.190908	0.344256	0.0713445	0.148205	-0.173572	-0.317237	0.0135564
0.278601	-0.232226	-0.0992131	-0.0872322	0.254955	0.106869	0.32609	-0.305679	-0.265429	0.0232636
-0.00357238	-0.694149	0.0806246	-0.161324	0.25687	0.296063	0.311273	-0.141601	3.97582e-06	0.0558083
0.152892	-0.636088	0.0817441	-0.26847	0.386868	2.68158e-05	0.47593	-0.511751	0.311048	0.0078002
0.22545	0.0715567	-0.10209	0.179307	0.2817	0.0378308	0.160149	-0.97767	0.236687	-0.11292
-0.266179	0.306247	0.234066	-0.00503409	-0.292605	0.033054	-0.0658302	-0.559543	0.50417	0.111657
-0.756965	0.572952	0.0783278	0.161258	0.0268803	-0.0776327	-0.162638	-0.132616	0.233059	0.0573756
-0.717294	0.402772	-0.174789	0.0393245	0.197696	-0.135093	0.0426525	-0.0929026	0.19141	0.246226
-0.738731	0.247572	-0.0778034	0.0122481	0.383008	-0.349025	0.186064	0.0121289	-0.0473223	0.371862
-0.135065	-0.174664	-0.291787	0.0771839	0.55296	-0.350863	-0.333201	0.251657	0.0766267	0.327158
-0.0538042	-0.586509	0.137111	0.00690555	0.228296	-0.168824	-0.14523	0.442863	-0.0989624	0.238156
-0.158275	-0.459846	-0.0286073	-0.197105	0.396785	-0.263843	-0.0101917	0.675619	0.0380117	0.0074546
0.0284332	-0.273653	0.0748394	-0.319184	0.232014	-0.0263055	-0.126199	0.359386	-0.180297	0.230966
0.19599	-0.183008	-0.125783	-0.0526278	0.0864879	-0.141003	0.110014	0.0835005	-0.149954	0.176381
0.13912	-0.129704	-0.0768177	-0.267503	0.13702	0.0478921	0.320033	0.304766	-0.393989	-0.0808183
0.410234	-0.0951644	0.158551	-0.17869	-0.0730604	-0.0878561	0.41567	0.308269	-0.356019	-0.50193
0.503088	-0.0501468	0.379982	-0.023002	-0.218142	-0.227877	0.25687	0.0391238	-0.211998	-0.447893
0.0665353	-0.0373697	0.554382	-0.0263881	-0.0748438	-0.246541	-0.0959527	-0.0555988	0.0451072	-0.129328
-0.0076825	-0.00592601	0.347713	-0.0148235	-0.0764846	-0.0372418	-0.173395	-0.00717465	-0.00972544	-0.0152596
-0.000290112	-3.28861e-05	0.0126277	-0.00257789	-0.00334298	-0.00152445	-0.0042563	-0.000116349	-0.000446193	-4.04923e-05
-1.57464e-05	-5.12942e-07	-6.30607e-06	-0.000636216	-4.33813e-05	0.00251092	-4.12562e-05	8.67652e-05	-0.00010861	-0.00174566
-5.75578e-05	-7.4954e-06	-0.0254618	0.0285529	-2.83582e-05	-0.00118792	-6.84823e-06	-5.74796e-05	-0.00171208	-3.33606e-05
-0.00168185	0.0077562	-0.0144964	0.0325309	0.0161184	-0.00565683	-0.000332822	0.0321295	-0.00221248	-0.0641546
-0.095126	0.00384888	0.0216146	0.0314321	0.0701928	-0.0233124	-0.0772827	0.107536	-0.0114362	-0.0274663
0.107873	-0.00655959	0.10148	0.0637866	0.237901	-0.0367962	-0.404094	0.0178336	-0.148926	0.0675053
0.374102	-0.115063	0.258945	-0.0584039	0.219201	-0.24946	-0.0572547	-0.118477	-0.300265	0.0466771
-0.0177392	-0.204778	0.313075	-0.0601566	0.218298	-0.117556	0.219776	-0.0866497	-0.323855	0.0595875
0.375083	-0.155903	-0.0548998	-0.267547	0.385991	-0.212596	0.28209	-0.16822	-0.263919	0.0799192
0.296977	-0.0770349	-0.115639	-0.339798	0.303952	0.0553238	0.216925	-0.327389	-0.136821	0.123505
0.299124	-0.306292	-0.00570502	-0.286677	0.349228	0.172541	0.164047	-0.324168	0.00534385	-0.0674394
0.321044	-0.516469	0.0257141	-0.202223	0.288228	0.0835701	0.273581	-0.202117	-0.12341	0.0520823
0.0761955	-0.186165	-0.115154	-0.0784712	0.385175	0.0488356	0.429194	-0.546573	-0.0864603	0.0734305
-0.0627845	0.215233	-0.0956456	0.056472	0.167939	0.143191	0.224762	-0.685695	0.13825	-0.101719
-0.60052	0.45929	0.188938	0.0455489	-0.268651	-0.0291053	0.144248	-0.258332	0.42368	-0.105094
-0.893167	0.694223	0.116699	0.203185	0.0431888	-0.33887	0.224245	-0.341737	0.452899	-0.160664
-0.665143	0.0491767	0.0464624	0.200335	0.23418	-0.25067	0.0166994	0.120186	0.0445655	0.204211
-0.475255	0.290608	-0.029135	-0.0394895	0.548216	-0.153955	-0.0628914	-0.216008	-0.107752	0.245663
-0.225453	-0.551484	-0.145656	-0.0426246	0.493435	-0.266041	-0.0419854	0.581916	-0.194345	0.392247
-0.0244806	-0.600938	-0.162302	-0.172679	0.10571	0.255606	-0.0675868	0.570208	-0.0171216	0.113583
-0.0409549	-0.515787	0.0434076	0.0577522	0.216805	-0.0390621	0.0127298	0.302544	-0.10834	0.0709053
0.230131	-0.361657	-0.244048	0.306035	-0.11701	-0.153383	0.127021	0.411388	-0.311583	0.113108
0.083468	-0.198704	-0.129017	0.19462	-0.0814095	-0.016469	0.153775	0.345733	-0.27643	-0.0755659
0.195728	-0.159107	-0.320238	0.233169	0.154214	-0.0946211	-0.00709822	0.429401	-0.196491	-0.234957
0.376296	-0.106591	-0.0613105	0.270021	-0.135975	0.084252	0.160079	0.175164	-0.33603	-0.425903
0.381308	-0.0614771	0.580941	0.130135	-0.462707	0.0600374	0.176083	-0.0528101	-0.353875	-0.39763
0.00630605	-0.0304116	0.638905	-0.061183	-0.179464	-0.150054	0.0621853	-0.150249	-0.00187439	-0.134156
-0.0141379	-0.0108123	0.345046	-0.0197676	0.0324831	-0.0598896	-0.168204	-0.0283305	-0.0260468	-0.0503403
-0.00241677	-0.00123142	0.0553008	-0.000735906	-0.00583058	-0.0219816	-0.0148377	-0.00059594	-0.00398234	-0.00368855
-1.27882e-05	-5.19886e-07	-2.68339e-07	-1.28283e-05	-5.74174e-05	-0.000390576	-3.0889e-06	0.000617525	-2.87353e-05	-0.000111302
-4.96019e-05	3.13571e-05	-0.0126475	0.0164602	-1.74929e-05	-0.00069782	-2.59131e-05	-0.00121669	-0.000917328	-0.000919145
-0.00531274	0.00628085	-0.00162837	0.0829399	-0.0085349	-0.0231477	-0.00173247	-0.00328644	-0.00549833	-0.0400797
-0.0617748	-0.00354993	0.272333	0.144548	-0.0845204	-0.0129274	-0.123031	-0.0642425	-0.00265448	-0.0641793
0.174573	-0.019572	0.38658	0.32638	-0.203265	-0.0610127	-0.419133	-0.0437136	-0.187436	0.0466029
0.44468	-0.153947	0.257133	0.152635	-0.108775	-0.118431	0.0505971	-0.170979	-0.349442	-0.00347007
0.254007	-0.330355	0.384458	-0.115348	0.0797288	-0.119398	0.301503	-0.0586506	-0.210259	-0.185683
0.181287	-0.311257	0.0664337	-0.268014	0.396856	-0.469653	0.380356	0.108809	0.00460365	-0.0894221
0.317012	-0.234356	-0.167092	-0.446661	0.376045	-0.254981	0.263123	-0.150516	0.0729011	0.224523
0.280884	-0.092198	0.183529	-0.114011	0.18514	-0.408151	0.316559	-0.175152	0.039604	-0.216205
0.233111	-0.127119	0.144763	-0.185868	-0.0892493	-0.0891867	0.421491	-0.506836	0.162473	0.0364201
0.131301	-0.120939	0.197402	-0.0322515	-0.0844255	-0.136011	0.740116	-0.79619	0.00811896	0.0928803
-0.248548	-0.212223	0.251685	0.0622157	0.0722861	-0.0238629	-0.0302847	-0.259431	0.479205	-0.0910388
-0.810545	0.438333	0.405021	0.353293	-0.0260259	-0.0904598	0.0291673	-0.170104	0.127931	-0.256609
-0.674633	0.702474	0.163241	0.0131463	0.34866	-0.327719	0.182674	-0.479317	0.0815703	-0.0100962
-0.394874	-0.106077	-0.110034	-0.162272	0.542072	-0.133185	0.0848388	0.158946	0.102915	0.0176728
-0.268205	-0.00141817	0.186325	-0.385578	0.390818	-0.264402	-0.0322195	0.0416348	0.100048	0.233001
0.0237164	-0.856045	0.382399	-0.0731561	0.245014	-0.140498	-0.21196	0.339756	0.0349094	0.255864
0.0257911	-0.625129	0.0320111	0.32617	0.162965	-0.146537	0.144599	0.116824	-0.189902	0.153211
0.0394102	-0.458093	-0.00913413	0.379622	0.0969968	0.0534263	0.237165	0.287346	-0.452846	-0.173889
0.248455	-0.288907	-0.130668	0.159442	0.281603	0.117682	0.000489843	0.203851	-0.488868	-0.103082
0.143361	-0.173938	0.351259	0.0794006	0.157149	-0.0269539	0.0438467	0.247762	-0.489194	-0.332691
0.170821	-0.16829	0.21611	0.273154	-0.144099	0.219267	-0.0880796	-0.0184883	-0.317019	-0.143375
0.186475	-0.147364	0.209068	0.476065	-0.2459	0.16823	-0.0133658	-0.120757	-0.0350487	-0.477403
0.0731456	-0.0555669	0.57815	0.323192	-0.303781	-0.00270698	0.128536	-0.132528	-0.228453	-0.379981
-0.0921875	-0.0713781	0.966414	-0.106501	-0.138645	-0.15034	-0.00231417	-0.149443	-0.126378	-0.129227
-0.0443479	-0.0340977	0.522191	-0.020283	-0.0849982	-0.0879141	-0.141743	-0.0201804	-0.056002	-0.0326244
-0.00245579	-0.000686362	0.0872003	-0.00128059	-0.0040169	-0.0387756	-0.0349245	-0.00133953	-0.00327595	-0.000445164
0.0	0.0	0.0	0.0	0.0	0.0	0.0	0.0	0.0	0.0
-6.14449e-05	0.000400968	-0.00480639	0.00611364	-1.26926e-05	-0.000531917	-2.59741e-05	-9.11882e-05	-0.000742765	-0.000242239
-0.0142602	-0.000197197	0.0502478	0.0753922	-0.00385286	-0.0364528	-0.00348516	-0.00271695	-0.00566738	-0.0590074
-0.0515479	-0.00762465	0.280093	0.333621	-0.228324	0.019084	-0.114833	-0.0744414	-0.036634	-0.119391
0.122375	-0.0390309	0.472531	0.395261	-0.154866	0.0827468	-0.463373	-0.0131566	-0.185281	-0.217199
0.323927	-0.282124	0.356668	0.0797066	-0.174824	0.273198	-0.0432297	-0.0496978	-0.258729	-0.224893
0.313046	-0.481185	0.268118	-0.0635136	-0.0293019	0.467808	0.0997659	-0.200268	-0.131648	-0.242818
0.2172	-0.424562	0.182334	-0.0182759	0.179663	-0.247089	0.202598	-0.283946	0.102509	0.0895649
0.0821718	-0.25417	0.125164	-0.241301	0.2395	-0.304167	0.331338	-0.213115	0.100728	0.133849
0.250759	-0.152938	0.203184	-0.570233	0.106587	-0.262406	0.397324	-0.232903	0.324804	-0.0641776
0.421218	0.0709307	0.391223	-0.602428	0.0011083	-0.360071	0.639373	-0.603972	-0.0313513	0.0739704
0.144735	-0.17064	0.301606	-0.436983	-0.0718794	-0.314399	0.553922	-0.273596	0.313619	-0.0463811
-0.103918	0.0783937	0.392403	-0.26471	-0.025217	-0.514274	0.0645598	-0.0297459	0.333859	0.0686489
-0.667509	0.476533	0.327506	-0.226234	0.165423	-0.488315	0.129678	0.0434026	0.252845	-0.0133286
-0.611672	0.549256	0.0628792	-0.378307	0.524721	-0.306148	0.135475	0.0632119	0.102075	-0.141491
-0.310937	0.000870129	0.160612	-0.428086	0.35235	-0.0410017	0.0194881	0.0629228	-0.111348	0.295131
-0.0263644	-0.381669	0.0510358	0.0317768	0.272877	0.0179904	-0.112004	-0.0777516	0.198498	0.0256121
0.160406	-0.704802	-0.191067	0.265955	0.213652	0.206403	0.0807342	0.0219626	-0.120449	0.0672076
-0.0707678	-0.38612	0.0349145	0.0239816	0.305185	0.308966	0.206505	0.0905601	-0.424491	-0.0887336
0.0870597	-0.252209	0.0357877	0.357548	-0.152176	0.098456	0.174442	-0.0978684	-0.0304954	-0.220543
0.157488	-0.180722	-0.0427023	0.0292271	0.0474433	0.0459503	0.0197658	0.108682	-0.040933	-0.144201
-0.0669292	-0.106973	0.0830475	0.0746491	0.156299	0.0254829	0.09522	0.0156677	-0.0808701	-0.195595
0.184955	-0.0310741	0.11694	0.253105	-0.174583	-0.024825	0.0965184	0.0136357	-0.133435	-0.301239
0.0733179	-0.0592209	-0.0584571	0.446973	-0.210964	0.162595	0.068018	-0.102312	0.147979	-0.467927
-0.00363209	-0.0306057	0.503328	-0.0692092	-0.268771	0.072076	0.120026	0.0646768	-0.0150991	-0.372787
-0.0391278	-0.0975	0.998192	-0.196497	-0.208431	-0.184853	0.0191748	0.025306	-0.234977	-0.0812819
-0.0193115	-0.00616147	0.265052	-0.0201118	-0.0476017	-0.0372704	-0.0919709	0.023162	-0.0497358	-0.0160499
0.0240591	-0.00102164	0.0286596	-0.0011128	-0.0257606	-0.0067149	-0.0127379	-0.00327747	-0.000736834	-0.00135662
-3.32997e-05	-1.50036e-05	-1.80794e-05	-0.000593138	-0.00557451	-0.000283531	-5.77083e-06	0.00604063	-0.000138252	0.000620955
-1.34593e-05	9.26189e-05	-0.000208166	0.000570242	-2.40357e-06	-0.000271965	-5.90374e-06	-1.98443e-06	-0.000106547	-5.24342e-05
-0.0113062	-0.000666402	-0.00487944	0.0742801	-0.00772376	-0.0242465	-0.00253197	0.0144074	-0.00482779	-0.0325054
-0.102438	-0.00930398	0.164881	0.498856	-0.145128	0.007831	-0.084869	-0.0332296	-0.119655	-0.176941
0.0447779	-0.0862495	0.530959	0.289671	-0.0542904	0.317839	-0.37333	-0.106721	-0.292528	-0.270123
0.070956	-0.349195	0.594919	0.306834	-0.0820828	0.289664	-0.285281	-0.11738	-0.0900754	-0.338358
0.108034	-0.646067	0.206449	0.180661	-0.0775817	0.579441	0.041222	-0.371559	0.0854959	-0.106096
0.0761537	-0.454131	0.422535	-0.154364	0.075731	0.231263	0.206532	-0.32832	-0.00103316	-0.0743678
0.275712	-0.0987375	0.06494	-0.0932682	0.11653	-0.00464219	0.157955	-0.289499	0.0404112	-0.169401
0.315003	-0.0142427	0.00957288	-0.378195	0.0873665	-0.201587	0.350405	-0.341703	0.260225	-0.0868467
0.401274	-0.20652	0.263576	-0.434369	-0.282309	-0.122336	0.259481	-0.388865	0.258445	0.251623
0.135245	-0.165051	0.12112	-0.421001	-0.0813453	-0.090999	0.151585	-0.149662	0.327541	0.17257
-0.284822	-0.00473034	0.333321	-0.54872	0.182314	-0.0896625	0.647898	-0.220271	0.282564	-0.297887
-0.621918	0.103292	0.315836	-0.338468	0.316621	-0.0619539	0.421222	0.0575929	0.0596203	-0.251841
-0.457237	0.23553	0.152943	-0.258188	0.306314	0.0412595	0.00593739	-0.114157	-0.103256	0.190857
-0.135867	-0.284935	-0.0452579	0.212878	0.156386	-0.0123333	0.0690414	-0.121368	-0.0219103	0.183368
0.0148387	-0.464086	0.124823	0.398614	0.273303	-0.00865128	0.193897	-0.190486	-0.207414	-0.134838
-0.00716239	-0.156179	0.282837	0.135015	-0.180285	0.159889	0.26292	-0.100012	-0.274002	-0.123018
-0.0218425	0.033958	0.104277	0.124196	-0.0422711	-0.119592	0.271972	-0.120383	-0.0655855	-0.164728
-0.0693469	-0.0204638	0.144041	0.161659	-0.136319	0.0809223	0.000692787	-0.0372565	-0.0168148	-0.107114
-0.211924	0.0555541	-0.0131755	0.0993194	0.00839382	0.0437129	-0.0303504	-0.00323954	0.0626661	-0.0109575
-0.0769885	0.0123086	0.121988	0.339094	0.0554613	0.00732631	0.065535	-0.131455	-0.205049	-0.18822
0.261844	-0.0620346	0.0808989	0.393371	-0.360861	0.118906	0.0534974	-0.200527	0.0341951	-0.319291
0.108749	-0.0732723	0.427751	0.180604	-0.246135	0.212465	0.0767527	-0.387773	0.150953	-0.450094
-0.0343378	0.0117754	0.802276	-0.248707	-0.233326	0.211144	0.0605937	-0.201891	-0.0607165	-0.306806
-0.0347709	0.0377527	0.681518	-0.125794	-0.206055	-0.115211	0.0546716	-0.0163928	-0.202271	-0.0734446
-0.0106272	0.018859	0.0870907	-0.0162754	-0.0168307	-0.0300093	-0.0288815	0.0281525	-0.0277255	-0.00375235
-0.00674722	-1.02164e-05	0.0380583	-0.000255841	-3.52544e-05	-0.0153332	-0.0148297	-2.06208e-05	-0.000370002	-0.000456309
-2.40312e-09	6.68472e-05	-4.46532e-05	-4.4176e-06	-1.04897e-08	-1.28241e-07	-2.79198e-07	-7.2575e-07	-1.62916e-05	-3.3882e-07
0.00696624	0.000339537	-0.00234703	-0.000168322	-0.0108546	-0.000705988	-0.000845962	0.0220271	-0.000959597	-0.0134513
-0.00401074	-0.00081512	-0.00700708	0.0574577	-0.00124902	-0.0202662	-0.00299645	0.0126594	-0.00892314	-0.0248493
-0.0799632	-0.0121203	-0.00594191	0.523935	0.0248624	0.0156136	-0.0825527	-0.080617	-0.169212	-0.134003
-0.0207528	-0.139817	0.325256	0.345481	-0.0744565	0.34003	-0.230766	-0.0795099	-0.245472	-0.219989
0.063513	-0.489429	0.173963	0.460239	0.0594939	0.275993	-0.246043	-0.180961	0.0932673	-0.210038
0.190318	-0.325928	0.0862287	0.108649	-0.0475091	0.335696	-0.00414156	-0.3296	0.112926	-0.126641
0.172974	0.00512334	0.337629	-0.061991	-0.0861463	0.0969727	0.132964	-0.462506	-0.0639547	-0.0710678
0.208227	-0.0320093	0.222709	-0.0466284	-0.24862	0.314552	-0.0252423	-0.291657	0.0898571	-0.191189
0.102742	0.0813033	0.303997	-0.00908144	-0.434779	0.0693668	0.305857	-0.331039	0.277797	-0.366165
0.280197	-0.141495	0.377212	-0.0434438	-0.497909	0.066374	0.436885	-0.541384	0.269276	-0.205709
0.368835	-0.109139	0.203964	-0.210619	-0.174206	0.00731121	0.664882	-0.297639	-0.127871	-0.325518
0.250576	-0.109836	0.185013	-0.240776	-0.498896	0.06664	0.575799	-0.139751	0.0498171	-0.138584
-0.152092	0.205269	0.436116	-0.133199	-0.217583	0.100129	0.187239	-0.108602	-0.135308	-0.181966
-0.269388	-0.11229	0.13132	0.00733724	0.20262	-0.00399043	0.332303	0.127699	-0.166704	-0.248904
-0.154311	0.00276256	0.256432	0.0177172	-0.0142754	0.0678962	0.24925	-0.17039	-0.0313885	-0.22369
-0.159095	0.207667	0.289307	0.133203	-0.0742001	-0.0900398	0.231939	-0.39208	-0.0286946	-0.118004
0.0423964	-0.0253207	0.27661	0.324213	-0.209133	-0.137084	0.201286	-0.323713	0.0979338	-0.247187
-0.00885905	0.115285	0.114461	0.239385	-0.169016	0.0129413	0.116735	-0.425055	0.166668	-0.162545
-0.16537	0.164659	-0.0610435	0.20999	-0.262359	-0.000845414	0.172171	-0.0915723	0.0495404	-0.0151701
-0.031115	0.0782929	0.106363	0.038284	-0.231784	0.200012	0.034835	-0.254973	0.049616	0.0104695
0.0817668	0.0158715	0.218341	0.293759	-0.0802718	0.1332	0.162596	-0.463287	-0.0830118	-0.278961
0.285809	-0.0575427	0.346927	0.109179	-0.499492	0.120486	0.185199	-0.472194	0.278983	-0.297353
0.0413477	-0.0361053	0.309927	0.154639	-0.35006	0.286476	0.055784	-0.442087	0.218508	-0.238424
0.0275922	0.0669851	0.389928	-0.138203	-0.226351	0.249287	-0.0253576	-0.110429	-0.0890238	-0.144426
-0.0494966	0.0843737	0.543557	-0.0699283	-0.109276	-0.0292011	-0.107808	-0.0356619	-0.182322	-0.0442349
-0.0106423	0.0185555	0.164516	-0.0109478	-0.00284024	-0.0505741	-0.0586014	-0.00286976	-0.0315611	-0.0150348
-0.00186336	4.98278e-05	0.0145858	-9.19622e-05	-1.88228e-07	-0.00407675	-0.00849301	-5.50577e-07	-0.000109525	-2.583e-07
0.0	0.0	0.0	0.0	0.0	0.0	0.0	0.0	0.0	0.0
0.0175459	-5.48156e-05	-0.00525357	-0.000727808	-0.000130057	-0.000780132	-0.00212592	-0.00017586	-0.00206238	-0.00623534
-0.00652688	-0.00748777	0.0352038	0.0355365	0.00264385	-0.00679716	-0.0031864	-0.0116575	-0.0146485	-0.0230799
-0.0724723	-0.0274307	0.119363	0.432438	-0.0225485	0.0392717	-0.0573195	-0.118613	-0.167568	-0.125118
0.0583951	-0.0874055	0.361467	0.459243	-0.108667	0.113084	-0.20278	-0.255954	-0.213217	-0.124162
0.225504	-0.354082	0.31241	0.230104	-0.195503	0.408715	-0.281583	-0.303153	-0.0675386	0.0251264
0.185691	-0.0448377	0.278282	0.359775	-0.223696	0.216572	-0.183755	-0.453616	0.0642743	-0.198691
0.142485	0.035475	0.581396	0.197318	-0.42604	-0.13751	0.191982	-0.490331	0.355909	-0.450684
0.184873	0.23102	0.30339	0.17388	-0.552422	0.264642	-0.0565802	-0.308787	0.0655727	-0.305587
0.201619	0.137883	0.30732	0.333405	-0.413988	0.220506	0.262305	-0.421436	-0.109364	-0.518252
0.290331	0.200345	0.301172	-0.0551221	-0.428545	0.00472371	0.526845	-0.381145	0.154984	-0.613589
0.412614	0.245794	0.414833	-0.206747	-0.193879	0.137992	0.373307	-0.347377	-0.176977	-0.659559
0.442236	0.128689	0.245085	-0.461274	-0.252168	0.0537664	0.523259	-0.126115	0.0599842	-0.613457
0.152508	-0.085684	0.0697439	-0.0816558	-0.401799	0.122397	0.24061	0.0297238	0.120302	-0.166143
-0.0132446	0.0133195	-0.0487913	0.0787916	-0.111083	-0.0710392	0.654539	0.0772392	-0.267535	-0.312194
-0.0177594	-0.0404068	0.0694424	-0.0724852	-0.043304	0.0182474	0.365722	-0.221679	0.171455	-0.229231
-0.127393	0.289994	0.0506936	0.0935715	0.0825217	0.119461	0.179182	-0.382096	-0.221204	-0.0847295
-0.018729	0.312881	-0.121843	0.209383	0.0412313	0.187197	0.0824807	-0.522409	-0.0260906	-0.1441
-0.103137	0.420202	0.143216	0.332378	-0.106724	0.150362	0.263695	-0.750682	-0.0542281	-0.295082
-0.0977634	0.378432	0.300539	0.161297	-0.311923	0.127212	0.0521514	-0.463663	-0.0294262	-0.116856
-0.0552826	0.196302	0.217269	0.304146	-0.215183	-0.0239697	0.231205	-0.638369	0.184232	-0.20035
0.088539	0.0265218	0.320141	0.109266	-0.0965908	0.164236	0.0812492	-0.6249	0.278667	-0.347127
0.151828	-0.0514303	0.280901	0.00368142	-0.30572	0.508009	-0.0971516	-0.5497	0.306749	-0.247163
-0.0396045	-0.0539337	0.281757	0.086729	-0.281356	0.210493	0.0169804	-0.302544	0.162368	-0.0808884
-0.0233458	-0.0186829	0.466352	-0.10561	-0.151352	0.11401	-0.0777777	-0.0568324	-0.183272	0.036513
-0.040622	0.0133053	0.254721	-0.0411651	-0.110698	0.0885038	-0.0501741	-0.044609	-0.118435	0.0491749
-0.00170582	0.0192172	0.0475089	-0.00311483	-0.000724278	-0.00795833	-0.0124299	-0.00182644	-0.0281483	-0.0108182
-2.11561e-05	0.000194966	-0.000155579	-4.79439e-05	-3.78427e-05	0.000467147	-4.86115e-06	-3.22645e-05	-0.000329063	-3.3403e-05
-2.28074e-08	0.000118751	-4.73769e-05	-2.16174e-05	-4.83212e-07	-7.62076e-07	-8.22007e-07	-6.6428e-06	-3.90791e-05	-1.94449e-06
-5.55711e-05	1.66525e-05	7.72202e-05	0.000947191	-3.40637e-06	-0.00033769	-3.46504e-05	-0.000226954	-0.000110155	-0.000272637
-0.0243702	-0.0129341	0.0767185	0.0707297	-0.000478609	-0.0197732	-0.00194469	-0.0564167	-0.0134673	-0.0180631
-0.0511729	-0.0127403	0.191566	0.282413	-0.0659361	0.0589616	-0.0398526	-0.157679	-0.107255	-0.098302
-0.0593154	0.0809672	0.22518	0.268982	-0.121755	0.260172	-0.177732	-0.27209	-0.0826587	-0.121745
0.144657	0.374218	0.195092	0.00305992	-0.126223	0.110056	-0.276628	-0.318093	-0.0745596	-0.0315791
0.134209	0.292309	0.187689	0.226139	-0.375915	0.177177	-0.360133	-0.409591	0.240084	-0.111969
0.129284	0.126614	0.175215	0.23183	-0.417183	0.254436	-0.0533671	-0.456641	0.291807	-0.281996
-0.0611756	0.212445	0.00135232	0.205449	-0.0883088	0.113649	0.182766	-0.281053	-0.063819	-0.221308
0.0405129	0.0590829	0.299428	-0.260698	-0.161675	0.118988	0.222889	-0.401766	0.240682	-0.157442
0.219277	0.264308	0.148487	-0.130252	-0.23487	0.033709	0.284552	-0.219677	-0.126463	-0.23907
0.330891	-0.102344	0.102821	-0.139799	-0.0788599	0.225763	0.366225	-0.262355	-0.00909107	-0.433252
0.308009	-0.141382	-0.0703793	-0.0670209	-0.135926	0.155586	0.636395	-0.128719	-0.184498	-0.372062
0.104639	-0.186863	0.134914	-0.0401968	-0.242249	0.0942024	0.599051	-0.196413	0.0965117	-0.36359
-0.0271543	0.171362	0.116539	-0.0936873	-0.157819	0.127049	0.619351	-0.317397	-0.0578973	-0.380345
-0.0189691	0.0670241	-0.0654258	0.0714247	0.102642	0.068177	0.304774	-0.147549	-0.051331	-0.330765
-0.00472015	-0.0382001	0.146854	0.145225	-0.131501	-0.0295733	0.268089	-0.0464631	-0.143336	-0.166375
-0.200987	0.0588666	0.328468	0.0148907	0.0389155	0.0866652	0.405838	-0.359067	-0.00503236	-0.368557
-0.204443	0.407374	0.333305	0.209516	-0.171852	-0.0230473	0.298721	-0.419051	-0.0601114	-0.370413
-0.251716	0.272091	0.44336	0.290359	-0.0491655	-0.0441429	0.122897	-0.448933	-0.0154631	-0.319285
-0.112633	0.351734	0.0611764	-0.00471102	-0.0575075	0.253248	0.0800125	-0.517454	0.170588	-0.224455
0.0118134	0.210155	0.161043	-0.131555	-0.012387	0.411214	-0.0233424	-0.58375	0.082813	-0.126003
0.0478384	-0.169063	0.351501	-0.0559641	-0.11649	0.444718	0.0443605	-0.518686	0.182776	-0.210987
0.0185529	-0.122327	0.514928	-0.172942	-0.0637708	0.251041	-0.0421071	-0.303221	-0.0527126	-0.0274383
-0.0478119	0.0228156	0.354206	-0.151584	-0.104497	0.15261	-0.0420912	-0.0572623	-0.230355	0.103972
-0.0247507	0.00190862	0.157712	-0.0323666	-0.0978657	0.131216	-0.0446018	-0.0237098	-0.0784555	0.0109143
0.023592	-0.000826407	0.0168544	-0.00552157	-0.00173384	0.00348627	-0.00362009	-0.00275916	-0.00827107	-0.0212005
6.57086e-06	-4.51178e-11	-1.3265e-06	-3.15224e-07	-3.88027e-09	-1.71222e-06	-2.42976e-07	-7.81798e-09	-2.94111e-06	-2.08934e-08
-2.20946e-08	0.00011504	-4.58964e-05	-2.09419e-05	-4.68112e-07	-7.38262e-07	-7.96319e-07	-6.43521e-06	-3.78578e-05	-1.88372e-06
-9.15576e-07	3.47985e-05	-1.62125e-05	2.70062e-05	-1.92326e-07	-1.03258e-05	-2.60188e-07	-1.21461e-05	-1.36627e-05	-8.0896e-06
-0.00450791	-0.0124938	0.0535445	0.0848369	-0.000418944	-0.0142859	-0.000231978	-0.0770605	-0.0101442	-0.019238
-0.0610013	-0.0152045	0.144372	0.237185	-0.067783	0.0313701	-0.0180302	-0.161223	-0.0384095	-0.0512732
-0.246252	0.140496	0.199441	0.207444	-0.104865	0.254286	-0.0844206	-0.201642	-0.0557988	-0.108684
-0.0355374	0.740767	0.178604	0.0397976	-0.168739	-0.0684289	-0.177798	-0.0950087	-0.129314	-0.284337
0.0414652	0.474815	0.347924	0.155851	-0.225021	-0.209661	-0.354472	-0.109855	0.0688565	-0.189906
0.0634106	0.0976975	0.319292	0.128045	-0.258527	-0.0342127	-0.273823	0.0523854	0.189767	-0.284036
0.198058	0.0632767	0.3581	-0.0579249	-0.211132	0.0432815	-0.145787	-0.110011	-0.0793601	-0.0585028
0.170322	0.0963982	0.291385	0.0406295	-0.279384	0.0434115	0.0653839	-0.24514	-0.0550382	-0.127968
0.128989	-0.128081	0.106662	0.0452377	-0.172583	-0.103885	0.173784	-0.099695	0.0449505	0.0046219
0.151624	-0.403857	0.2001	0.160484	-0.158879	0.0751227	0.0573571	-0.297393	0.236313	-0.020872
0.146249	-0.551662	0.111903	-0.0308617	-0.185226	0.132106	0.313621	-0.06711	0.145162	-0.0141787
0.484871	-0.381854	0.0207479	-0.0722829	-0.110603	0.233124	0.301596	-0.407776	0.168011	-0.235836
0.0978777	-0.112575	-0.0614519	-0.0737921	-0.20753	0.142236	0.0546438	-0.109361	0.271978	-0.00202392
0.0960839	0.0278146	-0.121438	0.103254	-0.17568	0.0281309	0.280756	-0.0514223	0.0965369	-0.284035
0.0294276	0.0238506	-0.00871458	0.0639852	-0.1174	0.100411	0.198942	-0.0670375	-0.02623	-0.197235
0.061431	0.240497	-0.0535335	0.137992	-0.00285729	0.00107368	0.0690145	-0.253652	0.0694591	-0.269424
-0.113498	0.423932	0.11926	0.0500026	-0.0497345	0.140738	-0.0226477	-0.284327	0.0197101	-0.283436
-0.130366	0.261478	0.281322	0.182879	0.235548	0.159219	-0.0301083	-0.280401	-0.169442	-0.510128
-0.189432	0.243517	0.320119	0.165423	0.0207893	0.12564	0.0920311	-0.495912	-0.0978242	-0.184352
-0.069601	-0.00304308	0.250073	-0.0777689	0.267523	0.0575582	0.0750323	-0.565903	0.172625	-0.106492
0.055363	-0.167549	0.376067	0.043478	-0.00520845	0.204828	-0.104234	-0.406104	-0.0250198	0.0283835
0.0498855	-0.0892881	0.274582	-0.0948496	-0.104344	0.245705	-0.128008	-0.292537	-0.0186395	0.157499
-0.0370627	-0.0123565	0.227443	-0.107819	-0.0909801	0.162208	-0.0600372	-0.0515365	-0.109132	0.0792755
-0.0186763	-0.00230079	0.0784789	-0.0272467	-0.061602	0.0882537	-0.0161696	-0.0216436	-0.034234	0.0151409
0.00248715	0.00505126	-0.024216	-0.000196851	0.00344925	0.0244641	-0.000151337	-0.000929396	-0.00434953	-0.00560863
1.21308e-05	-8.32944e-11	-2.44893e-06	-5.81952e-07	-7.16357e-09	-3.16102e-06	-4.48571e-07	-1.44332e-08	-5.42974e-06	-3.85724e-08
0.0	0.0	0.0	0.0	0.0	0.0	0.0	0.0	0.0	0.0
0.0	0.0	0.0	0.0	0.0	0.0	0.0	0.0	0.0	0.0
-0.000344229	-0.000189092	0.00156838	0.0815234	-0.000168246	-0.00100154	-3.1672e-05	-0.0595215	-0.00248339	-0.0193521
-0.028162	-0.0542427	-0.0268769	0.260399	-0.0134329	0.0423476	-0.00198662	-0.129066	-0.0339741	-0.0150046
-0.18139	-0.0120559	-0.00193733	0.349753	-0.0527866	0.177765	-0.0147272	-0.0102198	-0.104737	-0.149661
-0.191196	0.412036	-0.0663019	0.324774	-0.105404	0.179405	-0.0491016	0.122363	-0.380915	-0.245658
-0.0753175	0.377425	-0.0164831	0.276123	-0.0640939	-0.0223622	-0.125522	0.276444	-0.375715	-0.250496
0.130142	0.0948172	0.0784489	0.267202	-0.0436159	-0.218229	-0.258731	0.347577	-0.184609	-0.213003
0.184765	-0.0408864	0.139938	0.0211886	-0.0455524	0.100353	-0.299972	-0.312947	0.220032	0.0330804
0.297648	0.0411371	0.182117	0.201293	-0.0526276	0.086964	-0.327458	-0.174282	0.0423498	-0.297142
0.352565	-0.0750354	-0.00274858	0.116685	-0.0258385	0.286224	-0.414665	-0.144333	-0.0743788	-0.0184745
0.315672	-0.0680229	0.230288	0.250249	-0.035126	0.0558317	-0.300355	-0.339828	0.0439902	-0.152696
0.194168	0.213504	0.147046	-0.185527	-0.151925	0.0915342	-0.0538154	-0.313745	0.177792	-0.119032
0.24228	-0.0735274	-0.128096	0.171832	-0.0922309	-0.0761328	-0.0380559	-0.301372	0.443343	-0.148041
0.257927	-0.227194	-0.0940505	-0.132485	-0.0353338	0.118745	0.0463012	-0.136801	0.211815	-0.00892416
0.190755	0.100988	-0.110807	-0.0473499	-0.0789097	-0.0377985	0.00299451	-0.014673	0.210719	-0.215918
0.000899602	0.0626932	-0.0481543	-0.287374	0.164556	0.189339	-0.0816629	-0.202945	0.351127	-0.148478
0.0625447	0.27394	-0.0996513	0.0771832	0.000595847	-0.0168694	-0.0521893	-0.143757	0.0490139	-0.150812
-0.317705	0.0184997	0.249808	0.280882	0.243823	-0.26985	0.0266705	-0.249727	0.159912	-0.142314
-0.379286	0.0322409	0.475937	-0.00503724	0.21979	-0.0723352	0.0475973	-0.408896	0.17273	-0.0827407
-0.355601	-0.0823019	0.406195	0.0468969	0.216268	0.0702173	0.0182944	-0.512108	0.20262	-0.0104795
-0.160597	-0.161598	0.473454	-0.0604234	0.242217	-0.0182765	-0.0437857	-0.505349	0.0485385	0.185824
-0.0541381	-0.127731	0.393558	-0.136932	-0.089202	0.060378	-0.0458631	-0.332589	-0.0119161	0.34444
-0.0390528	-0.102209	0.2633	-0.0937253	-0.131577	0.151134	-0.0473072	-0.301175	0.0476138	0.253003
-0.0560917	-0.02722	0.216263	-0.0414191	-0.0880743	0.10244	-0.0323658	-0.0869819	-0.0769232	0.0903736
-0.0128396	0.000568867	0.0796266	-0.0257684	-0.00178941	0.0352673	-0.00854262	-0.0255337	-0.0272396	-0.0137495
-1.61882e-05	0.0204765	-0.0166935	0.00784142	0.00353579	0.0143692	-0.000151164	-0.000668673	-0.0184559	-0.0102374
0.0	0.0	0.0	0.0	0.0	0.0	0.0	0.0	0.0	0.0
0.0	0.0	0.0	0.0	0.0	0.0	0.0	0.0	0.0	0.0
0.0	0.0	0.0	0.0	0.0	0.0	0.0	0.0	0.0	0.0
-0.00126122	-1.01014e-05	-0.00221295	0.0406861	-1.2429e-05	-0.000520472	-3.87106e-06	-0.031516	-0.000156899	-0.00499215
-0.00217273	-0.0350336	-0.0751567	0.156901	-0.000334196	0.0389704	-0.000156698	-0.0159181	-0.0527963	-0.0143027
-0.0203974	-0.0647906	-0.129902	0.286968	-0.021412	-0.00900671	-0.00241953	0.125843	-0.18879	0.023908
-0.0895122	0.0419367	-0.262246	0.285317	-0.0236055	-0.0112657	-0.0166179	0.406047	-0.362553	0.0325053
-0.124796	0.0362525	-0.386134	0.505068	-0.0275261	-0.0323079	-0.0318752	0.442766	-0.408985	0.027541
-0.180124	-0.0788749	-0.348016	0.512513	-0.0291037	0.0706796	-0.0815815	0.275963	-0.288208	0.146754
-0.123553	-0.196599	-0.188558	0.199162	-0.0614702	0.139392	-0.160686	0.12134	0.161021	0.109951
-0.0579896	-0.198912	-0.0487783	0.218699	0.020021	0.394801	-0.232184	-0.0105494	0.066536	-0.151643
-0.00783653	-0.280203	-0.164276	0.402483	0.00597954	0.188663	-0.311075	0.0558661	0.0727743	0.037628
-0.0205072	-0.322242	-0.090169	0.368652	0.144944	0.127317	-0.445748	-0.0133473	0.383806	-0.132705
0.247373	-0.281257	0.132861	0.207557	-0.174175	0.192863	-0.38033	-0.0312985	0.297231	-0.210825
0.227871	-0.371033	0.0435138	0.322154	-0.190913	0.34927	-0.403155	0.148032	0.191889	-0.317631
0.132352	-0.36792	0.302536	0.314402	-0.121546	0.273014	-0.351568	-0.0279812	0.234697	-0.387987
-0.0262747	-0.287629	0.0716455	0.168582	-0.111749	0.238283	-0.282891	-0.0668516	0.320093	-0.0232068
-0.09328	-0.49251	0.0145601	0.291428	0.0420618	0.10124	-0.135595	-0.124297	0.498429	-0.102036
-0.144148	-0.141087	0.15155	0.202538	-0.136215	0.236682	-0.0897209	-0.063434	-0.0695208	0.0533554
-0.287871	-0.015237	0.240325	-0.203027	-0.00545628	0.224555	-0.0976007	-0.226319	0.304175	0.0664563
-0.336747	0.0145774	0.0323056	-0.164901	0.118029	0.0633376	-0.110648	-0.19873	0.499619	0.0831572
-0.319418	-0.0341497	0.0457505	-0.0509683	0.0779428	0.0577416	-0.0606294	-0.218119	0.131127	0.370726
-0.214684	-0.043106	0.217806	-0.00276809	0.0862953	-0.00884344	-0.0639992	-0.250148	-0.0633217	0.342772
-0.0933867	-0.079522	0.0835419	-0.0423028	0.0240407	0.166336	-0.0372801	-0.240081	-0.0669623	0.285618
-0.0362321	-0.0317805	0.118093	-0.0312821	-0.0291299	0.123755	-0.0155092	-0.277355	-0.0470278	0.22647
-0.00682155	-0.0152221	0.254354	-0.0332978	-0.0531835	0.0737411	-0.003526	-0.106592	-0.0672786	-0.0421729
-0.000635489	0.00710468	0.136727	-0.00596037	0.0103034	-0.0252244	-0.000364546	-0.0432836	-0.032291	-0.0463752
-4.19939e-07	0.00165062	0.0200352	-1.65498e-05	-0.000140074	-0.000506928	-3.70503e-05	-1.74602e-06	-0.00486617	-0.0161169
0.0	0.0	0.0	0.0	0.0	0.0	0.0	0.0	0.0	0.0
0.0	0.0	0.0	0.0	0.0	0.0	0.0	0.0	0.0	0.0
0.0	0.0	0.0	0.0	0.0	0.0	0.0	0.0	0.0	0.0
-1.81314e-05	-2.55333e-07	-4.33411e-05	0.00406276	-5.17754e-05	-7.93252e-06	-3.16562e-07	-0.00534627	-0.000295073	0.00170034
-0.000127318	-0.00299849	-0.0182944	-0.0270949	-7.45449e-05	0.0406688	-5.41518e-05	0.0194975	-0.00441835	-0.00710416
-0.0028258	-0.0499061	-0.0534941	-0.00011259	0.000355011	0.0490039	-0.000915277	0.125241	-0.0988572	0.0315112
-0.0189612	-0.101778	-0.0847599	0.111505	-0.0500332	-0.0154094	-0.00182398	0.0771445	-0.193846	0.277964
-0.0902361	-0.12647	-0.0795145	0.290753	-0.135969	-0.018864	-0.00545446	0.0188242	-0.149588	0.296523
-0.13879	-0.169815	-0.167397	0.510785	-0.222283	0.00246587	-0.0103936	0.0456246	-0.160739	0.310546
-0.216506	-0.16107	-0.335969	0.741493	-0.404311	0.00308425	-0.0386761	0.281734	-0.236722	0.366948
-0.325976	-0.253485	-0.411826	0.738676	-0.292263	0.173921	-0.0553795	0.364645	-0.193788	0.255479
-0.450179	-0.534288	-0.341609	0.689198	-0.122913	0.19833	-0.0508844	0.228356	0.100991	0.283001
-0.459391	-0.440487	-0.338528	0.562243	-0.283953	0.325357	-0.0486243	0.438762	0.101107	0.143514
-0.583977	-0.283034	-0.22364	0.70299	-0.467552	0.330593	-0.0422149	0.351101	-0.0736981	0.289434
-0.536694	-0.341292	-0.127395	0.562546	-0.24407	0.325951	-0.101924	0.290731	-0.043571	0.215721
-0.50196	-0.386679	0.0126606	0.335513	-0.248846	0.0949508	-0.101316	0.237362	0.192464	0.365856
-0.44398	-0.415294	0.0754717	0.149721	-0.275822	0.350167	-0.103214	0.237232	0.314093	0.111629
-0.296045	-0.39994	0.0161036	0.234072	-0.40623	0.300264	-0.0858903	0.127425	0.286539	0.223704
-0.334127	-0.239061	-0.0439976	0.164787	-0.42945	0.292694	-0.0582989	0.103896	0.292991	0.250569
-0.290989	-0.122086	-0.206783	0.0891694	-0.344298	0.182701	-0.0496914	0.25904	0.18865	0.294293
-0.174173	-0.0969145	-0.260389	0.157265	-0.418757	0.1834	-0.0316946	0.0683908	0.109765	0.463111
-0.18678	-0.036927	-0.18014	0.0128062	-0.23619	0.128694	-0.0169458	-0.0839926	0.0316652	0.567811
-0.137341	-0.00858406	-0.155129	-0.083973	-0.158366	0.201679	-0.00966996	-0.0788355	-0.0343677	0.46459
-0.0563446	-0.00547917	-0.131783	-0.0324648	-0.0741782	0.24815	-0.00646321	-0.0147921	-0.0440848	0.11744
-0.0133933	-0.000964864	-0.065511	-0.00648514	-0.0659839	0.175548	-0.00285942	-0.0708202	-0.0110525	0.0615228
-0.00313304	-1.18367e-05	-0.00633961	-0.000236824	-0.0414476	0.0964639	-0.000636613	-0.00642018	-0.00564525	-0.0325929
-4.68632e-07	-9.23134e-06	0.0177919	-0.000195875	-0.000808305	-1.37515e-05	-2.54213e-05	-0.000975796	-0.00385788	-0.0119052
-3.75675e-07	-1.10276e-05	0.0212762	-4.07392e-06	-0.000148499	-1.14243e-05	-2.89318e-05	-1.44352e-06	-0.00396873	-0.0171017
0.0	0.0	0.0	0.0	0.0	0.0	0.0	0.0	0.0	0.0
0.0	0.0	0.0	0.0	0.0	0.0	0.0	0.0	0.0	0.0
0.0	0.0	0.0	0.0	0.0	0.0	0.0	0.0	0.0	0.0
0.0	0.0	0.0	0.0	0.0	0.0	0.0	0.0	0.0	0.0
0.0	0.0	0.0	0.0	0.0	0.0	0.0	0.0	0.0	0.0
-0.000206237	-0.000940587	-0.000800671	0.000980102	0.00244581	-0.00275037	-4.15906e-05	-0.0593329	-0.0108771	0.0715236
-0.00388643	-0.00352729	-0.00314454	0.0225512	0.00077693	-0.00823908	-0.000270342	-0.134781	-0.0361432	0.166664
-0.0181779	-0.00717486	-0.0100994	0.03947	-0.0554046	-0.0336548	-0.00112472	-0.126614	-0.0658725	0.278653
-0.0410717	-0.0111398	-0.0234528	0.048794	-0.137911	-0.111574	-0.00198032	0.001069	-0.0260861	0.303354
-0.0584512	-0.0178211	-0.0308483	0.0222	-0.241102	-0.146708	-0.00440771	0.106928	-0.0145103	0.384723
-0.10766	-0.030522	-0.0329767	0.0035467	-0.376601	-0.100853	-0.00642097	0.20021	-0.0749855	0.526266
-0.0968025	-0.0923699	-0.0280609	0.0344436	-0.39071	-0.0235739	-0.00723159	0.195765	-0.144081	0.552626
-0.0717338	-0.0800592	-0.070058	0.0395013	-0.452088	0.108957	-0.0090738	0.161444	-0.101715	0.474826
-0.0475962	-0.100927	-0.0377793	0.00316063	-0.477011	0.091773	-0.0107853	0.0511734	-0.104977	0.632967
-0.0951105	-0.158849	-0.066892	0.0145972	-0.536921	0.00223014	-0.0144857	0.378074	-0.122183	0.599541
-0.132648	-0.128385	-0.0538058	-0.0152322	-0.683268	-0.0330874	-0.0122192	0.453366	-0.174674	0.779957
-0.102221	-0.0733077	-0.0712347	-0.002975	-0.584253	0.0880594	-0.0102487	0.506906	-0.217825	0.467104
-0.0713328	-0.0580922	-0.0871998	0.0947558	-0.516352	0.0125381	-0.00929269	0.298596	-0.146714	0.483097
-0.0978171	-0.0351258	-0.103957	0.0828441	-0.466516	-0.0440121	-0.00888808	0.318228	-0.0739076	0.429157
-0.0634403	-0.0469894	-0.0651522	0.0430273	-0.471567	-0.0880357	-0.00806774	0.302393	-0.0554684	0.453302
-0.0114632	-0.0265262	-0.0232581	0.0123338	-0.374247	-0.0120926	-0.00483926	0.190937	-0.0722325	0.32139
-0.0476145	-0.00926564	-0.0260635	-0.0120577	-0.189218	0.0471381	-0.00321102	0.00612026	-0.0339252	0.268097
-0.0578127	-0.00480478	-0.0293937	-0.00768327	-0.095483	0.044795	-0.00215002	-0.00159394	-0.0129455	0.167072
-0.029081	-0.000799287	-0.0107504	0.000928372	-0.0498782	0.0212942	-0.000411247	0.0581843	-0.00343442	0.0139478
-0.00166765	-1.03106e-05	-6.76345e-05	-0.000271406	-0.0024971	0.000311032	-7.82217e-05	-0.00415539	-0.000300713	0.0087374
-5.86086e-06	-1.73633e-09	-5.86508e-07	-1.5755e-06	-0.00138444	-2.67162e-05	-1.57364e-06	-0.00013658	-1.10542e-05	0.00156839
-1.91399e-07	-1.32397e-08	-1.76769e-06	-2.26892e-07	-4.90107e-08	-7.23739e-08	-7.5827e-10	1.76214e-05	-4.51264e-07	-1.48488e-05
0.0	0.0	0.0	0.0	0.0	0.0	0.0	0.0	0.0	0.0
0.0	0.0	0.0	0.0	0.0	0.0	0.0	0.0	0.0	0.0
0.0	0.0	0.0	0.0	0.0	0.0	0.0	0.0	0.0	0.0
0.0	0.0	0.0	0.0	0.0	0.0	0.0	0.0	0.0	0.0
0.0	0.0	0.0	0.0	0.0	0.0	0.0	0.0	0.0	0.0
0.0	0.0	0.0	0.0	0.0	0.0	0.0	0.0	0.0	0.0
-2.86233e-06	-4.31317e-06	-2.32577e-06	-7.01305e-07	-1.25344e-06	-8.58499e-07	-7.41279e-08	0.000162066	-4.90289e-05	-0.000100648
-5.27623e-05	-1.11697e-05	-8.70962e-06	-2.62989e-06	-5.65941e-06	-1.52811e-05	-8.26856e-07	0.000647301	-0.000134264	-0.000415998
-8.18514e-05	-9.87025e-06	-2.93315e-05	-3.17536e-05	-0.00757049	-5.38591e-05	-2.54786e-06	-0.000421712	-0.000165286	0.00836671
-0.000174475	-2.26419e-05	-0.000117863	-9.18142e-05	-0.0432536	-0.000542786	-3.88738e-05	-0.00402617	-0.000249164	0.0485174
-0.000488942	-4.80325e-05	-0.00017136	-0.000198988	-0.0452123	-0.00116466	-7.12534e-05	0.0093963	-0.000401705	0.038361
-0.00110204	-4.49523e-05	-0.000310922	-0.00137753	-0.0218581	-0.000857042	-2.96331e-05	0.00848113	-0.000858043	0.0179571
-0.00106059	-0.00421309	-0.00428712	-0.00787249	-0.048454	0.00331859	-6.51773e-05	0.0575074	-0.0129865	0.0181131
-0.00168184	-0.00134334	-0.00195987	-0.00431936	-0.0307706	0.00948342	-6.61677e-05	0.0180751	-0.00365177	0.0162346
-0.00367525	-0.0040585	-0.000905553	-0.00442213	-0.0406219	0.00652145	-0.000399382	0.02797	-0.00986223	0.0294536
-0.00590465	-0.00404358	-0.00112235	-0.0060479	-0.0341052	-0.00257324	-0.00041495	0.140606	-0.00822307	-0.0781712
-0.0089353	-0.00196941	-0.000985559	-0.00851248	-0.110419	-0.011316	-0.000838776	0.122889	-0.00665453	0.0267421
-0.0103803	-0.000496566	-0.00112738	-0.0065399	-0.0527998	-0.0081797	-0.000769385	0.119956	-0.00611345	-0.0335494
-0.00640018	-0.000330696	-0.000982822	-0.00786828	-0.0326436	-0.00652696	-0.000546145	0.100905	-0.00343612	-0.0421701
-0.00427401	-0.00567763	-0.00116898	-0.00601328	-0.0291559	-0.00836742	-0.000518799	0.136965	-0.00353193	-0.0782565
-0.00441969	-0.0173622	-0.000793532	-0.00393395	-0.0401859	-0.00634493	-0.000350207	0.166159	-0.00403691	-0.0887319
-0.00240769	-0.000290309	-0.00054555	-0.00299032	-0.0296568	-0.00652341	-0.000201427	0.114705	-0.00255363	-0.0695361
-0.00475622	-9.15057e-05	-0.00547004	-0.00153858	-0.00671319	-0.0135353	-0.000194575	0.0384484	-0.00327167	-0.0028773
-0.0110421	-3.00834e-05	-0.00338985	-0.000486147	-0.00424263	-0.00594739	-8.44827e-05	0.0130709	-0.00168039	0.0138322
-0.0323036	-5.35235e-05	-0.0109829	-0.00028802	-0.00986078	-0.00579115	-0.000209359	0.0503023	-0.00162175	0.0108087
-0.00738666	-3.74184e-06	-0.000120999	-2.94635e-05	-0.00222912	-0.00130272	-2.09778e-05	0.0170705	-0.000339311	-0.00563748
0.0	0.0	0.0	0.0	0.0	0.0	0.0	0.0	0.0	0.0
0.0	0.0	0.0	0.0	0.0	0.0	0.0	0.0	0.0	0.0
0.0	0.0	0.0	0.0	0.0	0.0	0.0	0.0	0.0	0.0
0.0	0.0	0.0	0.0	0.0	0.0	0.0	0.0	0.0	0.0
