0.0	0.0	0.0	0.0	0.0	0.0	0.0	0.0	0.0	0.0
0.0	0.0	0.0	0.0	0.0	0.0	0.0	0.0	0.0	0.0
0.0	0.0	0.0	0.0	0.0	0.0	0.0	0.0	0.0	0.0
0.0	0.0	0.0	0.0	0.0	0.0	0.0	0.0	0.0	0.0
0.0	0.0	0.0	0.0	0.0	0.0	0.0	0.0	0.0	0.0
0.0	0.0	0.0	0.0	0.0	0.0	0.0	0.0	0.0	0.0
0.0	0.0	0.0	0.0	0.0	0.0	0.0	0.0	0.0	0.0
0.0	0.0	0.0	0.0	0.0	0.0	0.0	0.0	0.0	0.0
0.0	0.0	0.0	0.0	0.0	0.0	0.0	0.0	0.0	0.0
0.0	0.0	0.0	0.0	0.0	0.0	0.0	0.0	0.0	0.0
0.0	0.0	0.0	0.0	0.0	0.0	0.0	0.0	0.0	0.0
0.0	0.0	0.0	0.0	0.0	0.0	0.0	0.0	0.0	0.0
-3.73411e-06	-6.5135e-06	-0.000625942	-5.04293e-05	-0.00454198	-9.11454e-05	0.00610537	-7.39616e-06	-0.000147763	-0.000630463
-2.40299e-05	-1.54318e-05	-0.000995377	-0.000126335	-0.0100856	-0.000200473	0.0132308	-2.08345e-05	-0.000333981	-0.0014288
-1.76419e-05	-1.30143e-06	0.000417549	-1.77076e-05	-0.000156016	-9.96808e-07	-0.00015337	-5.16278e-06	-1.16093e-05	-5.37473e-05
-7.3508e-07	-5.42264e-08	1.73979e-05	-7.37818e-07	-6.50066e-06	-4.15337e-08	-6.39041e-06	-2.15116e-07	-4.83721e-07	-2.23947e-06
0.0	0.0	0.0	0.0	0.0	0.0	0.0	0.0	0.0	0.0
0.0	0.0	0.0	0.0	0.0	0.0	0.0	0.0	0.0	0.0
0.0	0.0	0.0	0.0	0.0	0.0	0.0	0.0	0.0	0.0
0.0	0.0	0.0	0.0	0.0	0.0	0.0	0.0	0.0	0.0
0.0	0.0	0.0	0.0	0.0	0.0	0.0	0.0	0.0	0.0
0.0	0.0	0.0	0.0	0.0	0.0	0.0	0.0	0.0	0.0
0.0	0.0	0.0	0.0	0.0	0.0	0.0	0.0	0.0	0.0
0.0	0.0	0.0	0.0	0.0	0.0	0.0	0.0	0.0	0.0
0.0	0.0	0.0	0.0	0.0	0.0	0.0	0.0	0.0	0.0
0.0	0.0	0.0	0.0	0.0	0.0	0.0	0.0	0.0	0.0
0.0	0.0	0.0	0.0	0.0	0.0	0.0	0.0	0.0	0.0
0.0	0.0	0.0	0.0	0.0	0.0	0.0	0.0	0.0	0.0
0.0	0.0	0.0	0.0	0.0	0.0	0.0	0.0	0.0	0.0
0.0	0.0	0.0	0.0	0.0	0.0	0.0	0.0	0.0	0.0
0.0	0.0	0.0	0.0	0.0	0.0	0.0	0.0	0.0	0.0
0.0	0.0	0.0	0.0	0.0	0.0	0.0	0.0	0.0	0.0
-5.15946e-09	-2.79031e-08	-1.03935e-05	-6.58715e-09	-3.91842e-05	-9.89899e-08	5.17592e-05	-6.3091e-08	-7.5515e-07	-1.22479e-06
-1.09474e-07	-8.23969e-08	-3.32125e-05	-3.35776e-08	-0.000476021	-2.98432e-07	0.000517206	-8.72401e-07	-2.24218e-06	-4.33395e-06
-1.94389e-05	-1.08484e-07	-0.000362833	-7.50853e-06	-0.0463097	-1.74702e-05	0.0469398	-6.12991e-05	-4.97653e-06	-0.000156481
-4.12746e-05	-7.84822e-05	-0.000861041	-1.85463e-05	-0.103224	-3.24401e-05	0.105204	-0.000488276	-6.39315e-05	-0.000395301
-6.813e-05	-0.00377694	-0.000270669	-0.00020737	-0.098952	-0.000100009	0.108011	-0.00281945	-0.000946501	-0.000869413
-0.000179897	-0.00306956	-0.00254812	-0.000225778	-0.0439853	-0.000176182	0.0536992	-0.00181601	-0.000982765	-0.000715587
-0.00217669	-0.00180454	-0.00765646	-0.000200301	-0.0518639	-0.000732116	0.0686666	-0.00101122	-0.000821527	-0.00239992
0.0287907	-0.000711763	-0.0278002	-0.000338511	-0.0913979	-0.000869823	0.113695	-0.00964753	-0.00140608	-0.0103137
0.061548	-0.000670028	-0.0312774	-0.00143453	-0.17623	-0.00638102	0.199637	-0.0247701	-0.0015082	-0.0189142
0.0258135	-0.000519893	-0.0189401	-0.000841318	-0.0872102	-0.00594407	0.104828	-0.00739989	-0.00200195	-0.00778383
-0.00128752	0.0224498	0.00716057	-0.00655252	-0.021849	-0.00316697	0.0100019	-0.000377378	-0.00370767	-0.00267113
0.0225712	0.0338109	0.0348956	-0.008639	-0.110466	-0.00394398	0.0493065	-0.000886284	-0.00274506	-0.013904
0.0649808	-0.0110065	0.0860528	-0.0026704	-0.114533	-0.00392935	0.0203914	-0.00178371	-0.00345272	-0.0340487
0.0305757	-0.00538308	0.0148605	-0.000904533	-0.0460967	-0.00245235	0.0313217	-0.000800293	-0.00295726	-0.0181637
-0.0015042	-0.000348776	-0.023948	-0.000212102	-0.0198576	-0.0038281	0.0536023	-0.000163131	-0.00178463	-0.00195579
-0.0007566	-7.38338e-05	-0.0177978	-0.00013526	-0.0402851	-0.00372491	0.0659234	-0.000233501	-0.00136897	-0.00154753
-0.00033568	-9.31677e-05	-0.00748273	-0.000136181	-0.0317483	-0.0019294	0.0440106	-0.000115734	-0.000762026	-0.0014074
-0.000130446	-0.000214921	-0.00348614	-7.19374e-05	-0.026617	-0.000328805	0.0321488	-9.72785e-06	-0.000825843	-0.000464003
-1.7729e-05	-1.86457e-05	-0.00036557	-5.70716e-06	-0.0382464	-1.30923e-05	0.0391059	-2.74034e-05	-0.000128203	-0.000283181
-2.28064e-06	-1.46983e-06	-0.000179084	-6.97434e-07	-0.0166254	-1.31392e-05	0.0170867	-3.79189e-05	-6.27236e-05	-0.000163985
0.0	0.0	0.0	0.0	0.0	0.0	0.0	0.0	0.0	0.0
0.0	0.0	0.0	0.0	0.0	0.0	0.0	0.0	0.0	0.0
0.0	0.0	0.0	0.0	0.0	0.0	0.0	0.0	0.0	0.0
0.0	0.0	0.0	0.0	0.0	0.0	0.0	0.0	0.0	0.0
0.0	0.0	0.0	0.0	0.0	0.0	0.0	0.0	0.0	0.0
0.0	0.0	0.0	0.0	0.0	0.0	0.0	0.0	0.0	0.0
-3.63198e-08	-5.79592e-10	-5.59906e-07	-3.23518e-09	-4.65357e-06	-5.98829e-07	7.81628e-06	-8.33683e-12	-1.55405e-06	-4.09929e-07
0.00414058	-4.3349e-10	-2.29343e-05	-8.59776e-07	-0.00373848	-0.000149329	0.00040683	-0.000324254	-7.3365e-06	-0.000304209
0.00154102	-2.66176e-06	-0.000947359	-1.38014e-06	-0.00171574	-1.70724e-05	0.00141123	-0.000113385	-3.92955e-05	-0.00011536
-0.000360163	-1.17974e-05	-4.80318e-06	-0.000284802	-0.00144496	-7.17677e-06	0.00215196	-3.39168e-06	-2.58564e-05	-9.00726e-06
-0.0259429	-6.50548e-05	-0.00111484	-0.00157234	-0.0492477	-4.96182e-05	0.0787814	-0.000430204	-0.000171899	-0.000186853
-0.0298608	-0.0022914	-0.00658515	-0.00310516	-0.152345	-0.000896425	0.198811	-0.00185459	-0.000909885	-0.000962675
-0.0225431	-0.0355684	0.0317385	-0.0128987	-0.189158	-0.00357965	0.241654	-0.00473528	-0.00304859	-0.00186039
-0.0248547	-0.0695295	0.14158	-0.022001	-0.15806	-0.0172055	0.171394	-0.00663791	-0.0108981	-0.00378631
-0.0234386	-0.0483279	0.0932678	-0.0103706	-0.272528	-0.0532341	0.365262	-0.0146293	-0.0226075	-0.0133926
-0.0413918	-0.0599303	0.145881	0.0318766	-0.280152	-0.101732	0.406409	-0.0365646	-0.0407146	-0.0236782
-0.0474495	0.0114596	0.0734699	0.0513194	-0.382913	-0.101852	0.51692	-0.0376831	-0.0460576	-0.037211
-0.0785674	0.166199	-0.000928034	0.00228327	-0.26779	-0.108788	0.405852	-0.0179872	-0.0655448	-0.034726
-0.131826	0.146496	0.0724101	-0.0109283	-0.15911	-0.121732	0.320277	-0.0195419	-0.0639912	-0.0320506
-0.151072	0.294317	0.161149	-0.0634354	-0.233171	-0.0780663	0.202885	-0.0239003	-0.0722367	-0.0364642
-0.116546	0.200166	0.123419	-0.0425297	-0.287927	0.00882352	0.257345	-0.0126068	-0.0836264	-0.0465126
-0.0990798	0.0600152	0.00130056	-0.0425436	-0.141496	0.0822074	0.239484	-0.00793961	-0.0619045	-0.0300415
-0.0636669	-0.00711655	-0.0216967	-0.0693298	-0.12216	0.0773906	0.237512	-0.00407049	-0.00707156	-0.0197895
-0.0458873	0.0367961	-0.10162	-0.0336728	-0.0831183	0.00877855	0.280379	-0.00224764	-0.0453798	-0.0140271
-0.0335385	-0.00441948	-0.0384575	-0.0101399	-0.0641205	-0.0681011	0.242809	-0.0011714	-0.0166354	-0.00622496
-0.0159218	-0.0101369	-0.0364849	-0.0112446	-0.0599205	-0.0724625	0.234078	-0.000961696	-0.0181466	-0.00879867
-0.00774388	-0.0034606	-0.0377265	-0.00848473	-0.0586674	-0.0385289	0.170723	-0.000674057	-0.0113428	-0.00409444
-0.00380666	-0.00182369	-0.0088748	-0.00221132	-0.037102	-0.0348363	0.0933917	-8.19693e-05	-0.00425796	-0.000397027
-0.000599637	-0.000596198	0.039094	-0.000172392	-0.00405477	-0.0134491	-0.0177291	-3.25069e-05	-0.00242416	-3.6172e-05
-1.06291e-05	-4.1326e-05	0.0277814	-1.10451e-06	-0.000370212	-0.000953891	-0.0254562	-2.69538e-08	-0.000946791	-1.27054e-06
0.0	0.0	0.0	0.0	0.0	0.0	0.0	0.0	0.0	0.0
0.0	0.0	0.0	0.0	0.0	0.0	0.0	0.0	0.0	0.0
0.0	0.0	0.0	0.0	0.0	0.0	0.0	0.0	0.0	0.0
0.0	0.0	0.0	0.0	0.0	0.0	0.0	0.0	0.0	0.0
-8.1829e-08	0.00115629	-0.000131628	-5.73208e-05	-1.02751e-05	-7.43045e-06	-0.000693426	-1.22066e-08	-0.000255053	-1.05787e-06
0.00994378	0.00027519	-0.000236543	-4.23863e-05	-0.0129261	-5.39471e-05	0.00565216	-0.000946345	-0.000533358	-0.00113247
-0.00847575	-8.08311e-05	-0.00465772	-0.00476727	-0.00531264	0.0154537	0.00966987	-0.00122045	-0.000241992	-0.000366953
-0.070166	-0.00438581	-0.00317211	0.116422	-0.007569	-0.0528874	0.0294811	-0.00198007	-0.00481671	-0.000926222
-0.0991226	-0.00316263	0.000995957	0.0900041	-0.0912908	-0.03406	0.150432	-0.00300749	-0.00925325	-0.00153548
-0.109794	-0.0250396	0.0501197	0.131505	-0.148117	-0.0478479	0.192015	-0.0148564	-0.0242489	-0.00373513
-0.0271764	-0.0763181	0.156878	0.161016	-0.284137	-0.0583797	0.212855	-0.0470927	-0.0262095	-0.0114324
-0.0700267	-0.111343	0.459238	0.0548412	-0.383717	-0.0868176	0.243585	-0.0564416	-0.021549	-0.0277653
-0.0375549	-0.189457	0.39392	0.167636	-0.382286	-0.0611429	0.308671	-0.105847	-0.0433154	-0.0506149
0.0306784	-0.310763	0.464912	0.423835	-0.445604	-0.154186	0.34102	-0.165255	-0.103368	-0.0812642
0.00837296	-0.137579	0.406994	0.501316	-0.653409	-0.0561366	0.274983	-0.122882	-0.109332	-0.11232
0.162494	-0.0660895	0.536595	0.278943	-0.773361	-0.0846703	0.319757	-0.118406	-0.0983999	-0.156859
0.166229	-0.121547	0.311505	0.537237	-0.544192	-0.0640675	0.239	-0.119987	-0.216405	-0.18777
0.0823645	0.0589181	0.205048	0.42236	-0.527662	0.0602019	0.218645	-0.113885	-0.191597	-0.21439
0.0941764	0.151154	0.29483	0.299971	-0.459696	-0.0383598	0.0565155	-0.0875299	-0.132199	-0.178861
-0.0179547	-0.080757	0.193254	0.259757	-0.293808	0.0939092	0.0372082	-0.0553405	-0.0232949	-0.112971
-0.167468	-0.225992	-0.11353	0.319557	-0.232957	0.23248	0.189269	-0.0465118	0.0774705	-0.0323133
-0.19638	-0.138021	-0.157591	0.277383	-0.0538147	0.219786	0.228302	-0.0265722	-0.107502	-0.0455883
-0.132072	-0.178598	-0.240344	0.319475	0.0112779	0.282588	0.0691768	-0.0260807	-0.0642588	-0.0411616
-0.155658	-0.158653	-0.175025	-0.0626196	0.0207564	0.266489	0.240949	-0.0146337	0.0617568	-0.0233583
-0.115091	-0.120047	-0.166138	-0.149426	0.0399065	0.121693	0.302956	-0.003864	0.0965123	-0.00650058
-0.0539179	-0.0843124	-0.139645	-0.0855101	0.0301437	-0.0564549	0.300328	-0.001163	0.0930992	-0.00256701
-0.0195986	-0.0690702	-0.0172443	-0.0257743	-0.0134258	-0.0242258	0.152846	-0.000443179	0.0175367	-0.000599738
-0.00143223	-0.0204829	0.0225032	-0.000373467	-0.000478334	0.0582464	-0.0623409	-5.63434e-06	0.00440444	-4.05594e-05
-0.00116593	-0.0272883	-0.000527284	-2.03517e-05	-0.000251875	0.0104329	0.0221553	-1.5276e-07	-0.00333158	-2.67856e-06
0.0	0.0	0.0	0.0	0.0	0.0	0.0	0.0	0.0	0.0
0.0	0.0	0.0	0.0	0.0	0.0	0.0	0.0	0.0	0.0
-2.92529e-08	-2.97605e-08	-2.10395e-05	3.09998e-05	-1.75627e-07	-8.67655e-06	-2.66531e-08	-9.79728e-09	-9.96795e-07	-1.59242e-08
-3.76114e-05	0.00396027	-0.00103417	0.00143645	-3.71361e-06	-0.00144451	-0.00245685	-6.79026e-08	-0.000417731	-2.06598e-06
-0.000544017	0.000533353	-0.00748667	0.0207399	-0.00246418	-0.00702522	-0.0029685	0.000631974	-0.00105269	-0.000363942
-0.0113435	0.00751315	-0.0510514	0.0670586	0.0202998	-0.0474869	0.0244652	-0.00268575	-0.00615343	-0.000615695
-0.103825	0.0496238	0.0156922	0.293	0.0248819	-0.20891	0.0183434	-0.0363791	-0.0446203	-0.00780501
-0.113083	0.0377474	0.170025	0.317908	-0.067262	-0.22547	0.00358025	-0.043049	-0.0700789	-0.0103141
-0.0287051	-0.0328294	0.107911	0.332563	-0.0786899	-0.143712	0.014202	-0.0784737	-0.0618939	-0.0303682
0.0223474	-0.0435752	0.204885	0.444896	-0.254795	-0.337684	0.12203	-0.12345	0.0391209	-0.07377
0.118448	-0.0678783	0.418867	0.359253	-0.348753	-0.269874	0.00793242	-0.220908	0.153232	-0.150317
0.0885952	-0.103357	0.333233	0.472252	-0.477919	-0.031932	0.0339091	-0.3177	0.185459	-0.182539
0.189185	-0.293021	0.388773	0.536972	-0.447033	0.155731	-0.0994713	-0.355119	0.194931	-0.270945
-0.0224557	-0.125462	0.347287	0.447384	-0.338766	0.0476932	-0.101797	-0.305146	0.404796	-0.353532
0.0371516	0.219824	0.192326	0.46081	-0.15266	-0.22944	-0.0293073	-0.317238	0.1435	-0.324967
-0.0643424	0.195071	0.346312	0.332108	-0.318408	-0.0101043	-0.0710215	-0.383634	0.400555	-0.426536
0.083558	0.0193661	0.161567	0.355145	-0.437691	0.386009	-0.142795	-0.356449	0.380166	-0.448877
-0.086352	0.0777335	0.123246	0.434873	-0.182499	0.117117	0.0336705	-0.339055	0.310689	-0.489422
0.0716709	-0.0524891	0.0883777	0.167806	-0.088671	0.171204	0.112853	-0.296704	0.152788	-0.326835
-0.0554401	-0.208402	0.0232665	0.324225	-0.0951933	0.406853	-0.0115088	-0.240281	0.111148	-0.254666
-0.101288	0.13077	-0.160749	0.0941605	0.202214	0.163795	0.0339847	-0.155142	0.0795197	-0.287266
-0.0874047	0.0830537	-0.136761	-0.006553	0.319278	-0.195173	0.101724	-0.114832	0.22774	-0.191071
-0.133692	0.010945	-0.324412	-0.145925	0.295833	0.252318	0.21701	-0.0354311	0.0604607	-0.197105
-0.108066	-0.0823259	-0.412264	-0.101707	0.326479	0.13852	0.32087	-0.0481505	0.0764466	-0.1098
-0.166123	-0.127632	-0.350797	-0.261225	0.320183	0.340349	0.294365	-0.022326	0.00970064	-0.0364868
-0.187123	-0.266176	-0.175565	-0.0388268	0.196792	0.42097	-0.0609057	-0.0063406	0.126963	-0.00978213
-0.0512138	-0.133582	-0.00899517	-0.00407945	0.00261702	0.160854	-0.0642895	-0.00123469	0.102991	-0.00306669
-0.00698186	-0.0164835	-0.00558773	-0.000116026	-0.0238574	0.0230102	-0.00681651	-0.000298798	0.0385787	-0.00144709
-0.00010753	-0.00907623	-0.00495045	-2.63212e-05	-0.00396494	-0.00402406	0.0177029	-2.01513e-05	0.00464178	-0.00017496
0.0	0.0	0.0	0.0	0.0	0.0	0.0	0.0	0.0	0.0
0.0	0.0	0.0	0.0	0.0	0.0	0.0	0.0	0.0	0.0
-0.000312682	0.000483709	0.000476372	0.00194445	-9.22386e-05	-0.00213968	-6.55676e-05	-6.49236e-06	-0.000285489	-2.39279e-06
-0.0047485	0.00937669	-0.00451498	0.100735	0.00123934	-0.042537	-0.041376	-0.00157664	-0.0126662	-0.00393176
-0.0302287	0.0208402	0.00104774	0.233598	0.0172107	-0.200358	0.0359492	-0.0211368	-0.0432328	-0.0136889
-0.140224	0.134084	0.00990552	0.456326	0.0515986	-0.269323	-0.15747	0.103566	-0.146948	-0.041508
-0.0245658	0.0639364	0.03725	0.459912	-0.0200093	-0.324253	-0.107026	0.125636	-0.11605	-0.0948255
-0.0162824	-0.143941	0.108505	0.324437	-0.0511067	-0.0967526	-0.121484	0.125378	0.0111118	-0.139863
0.0554178	-0.336848	0.216829	0.164392	-0.055178	-0.156908	0.0937657	0.200619	-0.000278436	-0.18181
0.0761954	-0.358289	0.0532306	0.195292	-0.00989523	0.0611942	-0.0118495	0.12296	0.119143	-0.24798
0.280723	-0.231766	0.129413	0.167725	-0.198666	0.167253	0.0563113	-0.126812	-0.149759	-0.0944216
0.174017	-0.318689	0.231825	0.165503	-0.151768	0.107259	-0.460095	-0.209646	0.233967	0.227627
-0.0196675	-0.236701	0.123963	0.114225	-0.0401904	0.018088	-0.276373	-0.0724451	0.248751	0.140348
0.184864	-0.0457342	0.0955656	0.123493	-0.292102	-0.0313259	-0.332804	-0.0968717	0.145097	0.249821
0.223013	0.0135437	0.100783	0.0313279	-0.0171765	-0.12228	-0.0117974	-0.298696	0.223949	-0.142664
0.153823	0.212282	0.142732	0.185862	-0.0139859	-0.114061	-0.263156	-0.380697	0.0833552	-0.00615609
0.112342	-0.148203	0.292151	0.3407	0.0733388	0.0989438	-0.194325	-0.300392	0.146523	-0.421077
0.339393	-0.237859	0.140173	-0.086657	-0.0557267	0.194429	-0.0265828	-0.373391	0.409439	-0.303219
0.366178	-0.0212607	0.101101	0.0103558	0.122145	0.144451	0.120107	-0.405623	-0.188085	-0.249366
0.0401385	0.0220183	0.0143149	0.123726	0.197165	0.0229804	0.191738	-0.530713	0.117467	-0.198835
-0.12654	0.137626	0.0735202	-0.00946147	0.0707728	0.331099	0.0458477	-0.524734	0.211158	-0.209289
0.0300082	0.317996	0.0668545	-0.165915	0.041281	0.136931	0.0795441	-0.315017	0.0732096	-0.264893
0.00756645	0.274229	-0.126074	-0.11485	0.237608	0.312138	0.00602268	-0.223672	-0.0240376	-0.348931
-0.243799	0.123439	-0.298545	-0.274719	0.459909	0.382845	0.316116	-0.11553	-0.127006	-0.222708
-0.295421	-0.012729	-0.263066	-0.0946827	0.117368	0.468352	0.119971	-0.0329264	0.0835966	-0.09046
-0.124248	-0.175159	-0.0595043	-0.0234417	-0.0624493	0.317669	-0.0513035	-0.010282	0.219834	-0.0311125
-0.0359811	-0.0350447	-0.0202031	-0.00189245	-0.0329737	0.0732513	0.0393579	-0.00426034	0.0221156	-0.00436931
-0.0141451	-0.0118966	-0.00726505	-9.21495e-05	-0.000313484	0.0106578	0.02651	-0.000127542	-0.00329744	-3.04396e-05
0.0	0.0	0.0	0.0	0.0	0.0	0.0	0.0	0.0	0.0
-5.24192e-06	-1.38784e-06	-6.9263e-05	0.000652797	-1.52948e-06	-4.369e-05	-2.77969e-07	-1.37695e-05	-6.46677e-05	-0.00045297
-0.00161233	-0.0197073	-0.00956987	0.00928721	-0.00298984	0.00133035	-0.00142096	0.0329136	-0.00466785	-0.003563
-0.00354823	0.00832351	0.011085	0.132766	-0.0378657	-0.144188	-0.0410527	0.146292	-0.0424419	-0.0293687
-0.0476124	0.0175338	0.110613	0.189091	0.03078	-0.232993	0.0356183	0.0913524	-0.0978843	-0.0964959
-0.0250455	-0.0205025	0.0573693	0.283314	0.188343	-0.177809	-0.110925	0.207312	-0.13544	-0.26661
0.0273285	-0.096298	0.157693	0.313117	0.118476	-0.11668	-0.259306	0.328539	-0.193143	-0.279722
0.034907	-0.245696	0.129716	0.0959188	0.070324	0.026964	-0.0494415	0.323796	-0.0682534	-0.318235
-0.0302803	-0.361948	0.0674422	0.240705	-0.0325545	-0.0210982	-0.0474741	0.383525	-0.00590266	-0.192413
-0.249043	-0.454787	0.2379	0.367136	0.0791791	-0.111695	-0.166839	0.247766	0.0379969	0.0123819
0.0161524	-0.185336	0.236285	0.39415	-0.160601	-0.0557655	-0.361725	0.310645	-0.142104	-0.0517016
-0.0246549	-0.0370271	-0.0615417	0.19678	-0.283774	-0.0983078	-0.311359	0.418003	0.00124822	0.200634
-0.204242	-0.233718	0.0436516	0.0280909	-0.190875	-0.0035843	-0.173409	0.273274	0.336396	0.124415
0.27049	-0.282698	0.0249244	0.383943	-0.369982	-0.0361085	-0.405421	-0.034526	0.0408754	0.408504
0.208641	-0.196346	-0.0138665	0.128534	-0.418622	0.17896	-0.275304	-0.00516762	0.019147	0.374026
-0.0343636	-0.270023	0.0819829	0.104689	-0.439882	-0.0428494	-0.117587	0.107538	0.368417	0.242079
0.0624968	-0.231037	0.165087	0.209655	-0.377397	-0.0782605	-0.251118	0.0535229	0.0587038	0.388348
0.164077	-0.395812	-0.00382502	-0.0186929	-0.187753	0.0115145	-0.198085	0.130805	0.178275	0.319496
0.341185	-0.101491	-0.0244108	0.311205	-0.393519	0.0638013	-0.380606	0.0264588	-0.192953	0.350329
0.0453501	-0.212664	-0.11483	-0.133447	-0.0780632	0.298634	-0.217645	-0.0542534	0.383247	0.0836695
0.0903523	0.0579299	-0.149731	0.0697876	-0.21136	0.193637	-0.108707	-0.0913695	0.0589871	0.0904737
0.326886	0.0800769	-0.0507129	0.0602229	-0.126447	-0.0749511	-0.0965642	-0.0137695	-0.0364135	-0.0683284
0.375587	0.095668	-0.165854	-0.118822	0.203376	0.166639	-0.0722127	-0.155797	-0.0445882	-0.283996
-0.00474912	0.109773	-0.475292	-0.188643	0.488106	0.27725	0.07764	-0.246526	0.271456	-0.309014
-0.420879	0.000290776	-0.279608	-0.0835511	0.119876	0.769123	0.0713558	-0.10108	0.123141	-0.198665
-0.302223	-0.129411	-0.0702784	-0.0513164	-0.0320836	0.443741	-0.024501	-0.043162	0.276082	-0.0668431
-0.143084	-0.0174617	-0.011783	-0.00520436	0.0607913	0.160108	-0.0457939	-0.012647	0.041047	-0.0259722
-0.0390048	-0.000319532	-0.000535235	-0.000388091	-0.00247824	0.0539345	-0.00287533	-0.000667133	-0.00691251	-0.000753579
0.0	0.0	0.0	0.0	0.0	0.0	0.0	0.0	0.0	0.0
-0.000322661	-0.0017871	-0.00226949	0.0183205	-0.0010855	-0.00170643	-8.48317e-05	0.00608869	-0.0044625	-0.0126907
-0.000658623	-0.0317218	0.0228451	-0.0188898	-0.00444439	-0.0204694	-0.00610013	0.0831141	-0.00852869	-0.0151462
-0.00510706	-0.0146547	0.0588714	0.0552895	-0.0108642	-0.158191	-0.0481699	0.260895	-0.0413795	-0.0966877
-0.0826301	-0.00109021	0.289166	0.337519	0.105052	-0.487147	0.0308559	0.119005	-0.0540537	-0.256668
-0.0130673	-0.139576	0.170771	0.467815	0.317767	-0.284758	-0.0800937	0.0688447	-0.0483899	-0.459308
0.0756324	-0.234625	0.326418	0.198927	0.134408	-0.0516458	-0.320576	0.29482	-0.104337	-0.319019
-0.0113398	-0.263118	-0.0598816	0.0943612	0.143364	0.146541	0.00271519	0.293404	-0.0169594	-0.329089
-0.215327	-0.512837	0.189295	0.107178	0.0121743	0.234722	-0.0658105	0.151469	0.158065	-0.0589272
0.0448546	-0.317559	-0.0277049	0.0918875	0.0312429	0.0215143	-0.141394	0.277666	-0.0284847	0.0479778
0.0629751	-0.100848	-0.135598	-0.0117707	-0.215079	0.255905	-0.248058	0.340732	0.100609	-0.0488659
0.116294	-0.23276	0.0936635	-0.018146	-0.144594	0.152757	-0.090887	0.251435	-0.19006	0.0622991
-0.0104316	-0.0439489	-0.0565903	0.174572	-0.485366	0.0532682	-0.137913	0.229874	-0.135596	0.412136
0.172622	-0.215343	0.309356	-0.00337605	-0.343117	-0.224752	-0.325152	0.168924	-0.049307	0.510147
0.0665623	-0.101882	0.0820422	0.301657	-0.413759	0.176437	-0.0983912	-0.0817987	-0.367047	0.436183
-0.0677541	-0.424036	-0.0687003	0.241608	-0.317199	-0.206988	-0.115826	0.138835	0.321831	0.49823
-0.0373104	-0.234345	0.069676	-0.0377735	-0.382516	0.140634	-0.371621	0.205534	0.115554	0.53217
0.277938	-0.234216	-0.276191	0.134006	-0.0921549	0.0784058	-0.250196	0.269367	-0.166986	0.260029
0.315767	-0.300522	-0.0409896	-0.15724	-0.274498	0.0739418	-0.340908	0.396604	0.194011	0.133834
0.181237	-0.0789568	-0.112023	0.120412	-0.0574224	0.0730097	-0.345982	0.198146	-0.0830983	0.104677
-0.0107386	0.0545757	-0.21284	0.0332745	-0.0915404	0.102239	-0.336178	0.330252	-0.0534879	0.184442
0.0151632	-0.0622894	0.00353727	-0.239461	-0.0940358	0.186109	-0.23158	0.186047	0.196782	0.0397261
0.0794916	-0.075197	0.178827	-0.242958	0.158757	0.215768	-0.314973	0.130261	0.0221043	-0.152082
0.208016	-0.133847	-0.552117	-0.285513	0.39517	0.360294	-0.176558	0.0115679	0.39274	-0.219755
-0.151657	-0.353217	-0.41543	-0.202465	0.166522	0.709843	0.0784548	-0.0603048	0.458067	-0.229814
-0.344537	-0.211097	-0.0891644	-0.0641692	0.0264398	0.804595	-0.110771	-0.0651144	0.157265	-0.103442
-0.164405	-0.00878246	-0.0172884	-0.0045643	0.0847263	0.161246	-0.0455307	-0.0121421	0.0490995	-0.042358
-0.0109533	-0.00463643	-0.00121413	-0.000321512	-0.0027771	0.0255758	-0.0105137	-0.000482561	0.00649843	-0.00117554
0.0154652	-3.23793e-07	-0.000206665	-8.17053e-07	-0.000555252	-5.93012e-06	-7.94168e-06	-0.00898236	-2.72615e-05	-0.00567864
-0.000306605	-0.00150801	0.000780021	-0.00717888	-0.0168146	-0.00149888	-0.00025568	0.0676637	-0.00453039	-0.0363507
0.00295508	-0.0198911	0.00519733	-0.0165923	0.0132388	-0.0221513	-0.00575679	0.125783	-0.0117193	-0.071063
0.0098825	-0.00430856	0.035762	0.0811901	0.00557301	-0.167445	-0.0428277	0.353569	-0.00889959	-0.262493
-0.117686	-0.0340927	0.326696	0.406908	0.065109	-0.647392	0.0297854	0.302721	0.0173576	-0.349394
-0.0669215	-0.102363	0.112258	0.213863	0.245775	-0.330951	-0.139333	0.261526	0.110792	-0.304643
-0.0328509	-0.233703	0.0287354	0.0241161	0.0589737	-0.0643642	-0.276174	0.273469	0.242485	-0.0206867
-0.0819103	-0.189744	0.054468	0.0462976	0.100861	-0.20053	-0.178232	0.554691	0.211174	-0.317076
0.00132023	-0.460704	0.0779608	-0.0498949	-0.11165	0.122224	-0.178981	0.319719	-0.0200225	0.30003
0.277683	-0.466116	-0.0659634	-0.0657337	0.113896	0.0482595	-0.116091	0.180064	0.171207	-0.0772053
0.00767578	-0.235748	0.295812	0.0975795	-0.198916	0.119769	-0.206137	0.0475241	0.124453	-0.0520103
-0.0626916	-0.295092	0.121266	0.0142688	-0.0105278	0.106746	-0.132151	0.314969	0.0115518	-0.0683386
0.182604	-0.048915	-0.0954378	0.148502	-0.240147	-0.0585746	-0.216581	0.395978	0.258641	-0.32607
-0.0206087	0.0341386	-0.0546098	0.107275	-0.328776	-0.106804	-0.241676	0.0477061	0.360049	0.203307
0.219582	-0.0377546	0.0513763	0.188559	-0.416231	-0.105108	-0.425362	0.291035	-0.176775	0.41068
0.275376	0.0139321	-0.0150988	0.117912	-0.240583	-0.19959	-0.494736	0.37159	-0.0207865	0.191984
0.566408	-0.304111	-0.116016	0.06461	-0.496057	-0.0162898	-0.456135	0.285911	0.256745	0.214938
0.259874	0.148799	-0.0411761	0.0858322	-0.195977	-0.00565642	-0.370149	0.167503	-0.04413	-0.0049186
0.119591	-0.218278	-0.243134	0.31791	0.0196191	-0.0846758	-0.636109	0.430645	0.156848	0.137583
0.0539595	-0.112604	0.210449	0.121751	-0.13255	0.0942327	-0.548533	0.123761	0.196106	-0.0065704
0.227669	-0.262726	0.0596911	0.113297	-0.0909686	0.266765	-0.411485	0.245716	0.0501626	-0.198121
0.0969942	-0.270958	-0.124989	0.0616631	-0.03892	0.153711	-0.276231	-0.035623	0.180874	0.253479
0.198675	-0.275553	-0.0365216	0.287372	-0.159058	0.0320648	-0.460955	0.254528	0.146871	0.0125766
0.428831	-0.481064	-0.0271277	-0.546945	0.164464	0.652261	-0.498234	0.132554	0.347639	-0.17238
0.0913841	-0.510522	-0.463123	-0.432298	0.102326	1.13921	-0.313309	-0.124347	0.659387	-0.148702
-0.357554	-0.233192	-0.167138	-0.0891348	0.114682	0.918411	-0.221434	-0.119092	0.26892	-0.11446
-0.137826	-0.0189943	-0.0243121	-0.00611069	-0.0530422	0.250933	-0.124937	-0.0188683	0.173803	-0.0406448
-0.00768651	-0.00345914	-0.0023586	-9.34034e-05	-0.00228481	0.00951503	-0.012429	-0.00478363	0.0254215	-0.0018414
-3.95898e-06	-2.65503e-05	-1.24975e-05	-0.000171965	-0.000741047	-8.25487e-05	-3.07612e-06	0.00269051	-2.68889e-05	-0.00162198
-0.000474432	-8.3014e-05	-0.00132314	-0.00665992	-0.0178682	-0.00157006	-0.000136098	0.0800397	-0.00336699	-0.0485578
0.00790973	-0.0129487	-0.0322324	0.0442577	0.00196046	-0.0104289	-0.0101416	0.145411	-0.028405	-0.105382
0.027891	-0.00960438	0.059523	0.193168	-0.12946	-0.18961	-0.057287	0.409096	-0.0387893	-0.264924
-0.0764597	-0.095461	0.238488	0.574361	-0.214203	-0.503518	0.053023	0.4078	0.0171846	-0.401205
-0.0339524	-0.261347	0.397386	0.16637	-0.0279789	-0.31553	-0.249809	0.258313	0.113989	-0.0474369
-0.109762	-0.266229	-0.0564553	0.104016	-0.0806354	-0.0591302	-0.25798	0.24633	0.240849	0.238998
-0.137319	-0.15807	-0.0636979	0.201967	-0.0594203	-0.0152341	-0.0562092	0.188769	0.100581	-0.00136499
-0.102328	-0.266368	-0.0716002	0.152582	-0.026585	0.132728	-0.162363	0.140523	0.132334	0.0710788
0.0847721	-0.392433	0.153603	0.0681834	-0.0452039	-0.0852402	-0.208909	0.24523	0.210787	-0.030788
0.171083	-0.199677	0.239555	-0.0849944	-0.286515	0.180444	-0.330976	-0.0559437	0.103149	0.263879
-0.103723	-0.103847	-0.0646862	-0.333389	-0.0410495	0.379023	-0.121629	0.176203	0.103427	0.109676
-0.0133688	-0.128597	0.0438681	-0.212787	-0.123109	0.206615	-0.240202	0.513826	-0.0871496	0.0409071
0.310186	0.0469525	0.0357263	-0.140724	-0.128255	-0.0747513	-0.439526	0.254663	0.0755821	0.0601482
-0.00376951	0.155834	0.118615	0.273859	-0.636103	-0.220701	-0.218905	0.573479	-0.226827	0.184516
-0.238462	0.545743	0.267934	0.398734	-0.377131	-0.409853	-0.454267	0.383727	-0.485805	0.369383
0.196417	0.183797	0.24061	0.248914	-0.0334274	-0.40213	-0.611674	0.305916	-0.0967269	-0.0316931
0.344863	0.01186	-0.0700132	0.100739	-0.0909537	-0.166276	-0.754215	0.550471	0.0531636	0.0203624
0.262347	-0.147445	0.0364155	0.0537873	0.108838	-0.036468	-0.651693	0.260814	-0.0350992	0.148505
0.348353	-0.261523	-0.0394884	0.225483	-0.0935223	-0.0888385	-0.598924	0.336634	0.0571747	0.114654
0.288075	-0.391519	-0.0402938	0.283965	0.0569178	0.0051945	-0.364703	0.0308239	0.0473367	0.0842024
-0.127231	-0.324773	-0.163122	0.162046	0.0441089	0.347071	-0.162299	0.30358	0.125614	-0.204993
-0.0884367	-0.401358	0.0553582	0.402733	-0.00849945	0.233856	-0.521461	0.231122	0.116076	-0.0193895
0.511057	-0.492612	-0.0830058	-0.240795	0.0486756	0.589179	-0.400492	-0.0213302	0.338716	-0.249395
0.357808	-0.334649	-0.464374	-0.41033	-0.267152	1.39978	-0.368687	-0.0785328	0.389354	-0.223211
-0.324159	-0.168533	-0.125545	-0.061179	-0.206935	1.17236	-0.36468	-0.0383325	0.270348	-0.153336
-0.122529	-0.0201115	-0.00760602	-0.0118431	-0.0760322	0.258023	-0.164271	0.015591	0.18959	-0.0608106
-0.00155777	-0.00288627	-0.00148593	-0.000511476	-0.00758416	0.0165723	-0.00783705	0.0579619	-0.0484018	-0.0042698
-5.68132e-06	-3.09337e-05	-2.5831e-05	-0.000274719	-0.000864053	-0.000104135	-3.63067e-06	0.00358606	-3.70049e-05	-0.00224007
-0.000503581	-3.98238e-05	-0.000468364	-0.00438358	-0.0170901	-0.00148028	-4.84675e-05	0.0758263	-0.00181661	-0.0499954
0.0384162	-0.00666537	-0.0273888	0.0149752	-0.0411866	-0.0126524	-0.0352021	0.228223	-0.0209217	-0.137596
0.00856532	-0.0579	0.103085	0.321111	-0.133419	-0.169307	-0.0712527	0.335918	-0.11603	-0.220766
-0.0396946	-0.116861	-0.0463463	0.319121	-0.199924	-0.197854	-0.0523005	0.382172	0.187589	-0.235895
0.0580103	-0.269245	0.39435	-0.0324882	-0.185555	-0.152109	-0.224606	0.237371	0.0649841	0.10929
-0.0907112	-0.41834	0.466203	-0.018486	-0.164871	-0.0473245	-0.178922	0.124816	0.10579	0.221848
-0.122881	-0.293734	0.0177791	-0.0253808	-0.0649922	0.218547	0.00779054	0.0964058	0.184945	-0.0184792
-0.0759676	-0.204511	0.00105941	-0.215115	-0.0420948	0.342449	0.0181893	-0.13284	0.135689	0.17314
0.0988883	-0.304528	-0.178375	-0.519984	0.162087	0.397909	-0.221638	0.150867	0.274491	0.140286
-0.1263	-0.0248518	0.0311402	-0.477457	0.0146877	0.261002	-0.120564	-0.0486947	0.318867	0.172173
0.095136	0.122494	0.053689	-0.497039	0.00401447	0.247063	-0.173455	-0.20317	0.267107	0.0841596
-0.078267	-0.0391178	0.0277184	-0.528397	0.269605	0.385488	-0.307663	-0.258018	0.359113	0.169541
0.147205	0.322777	-0.19732	0.0940596	-0.312974	0.140162	-0.0963425	0.216454	0.0182832	-0.332302
0.0638293	0.540898	0.0533724	0.17414	-0.93157	0.0605744	-0.308563	0.393598	-0.0072343	-0.0390431
-0.180396	0.851999	-0.148256	0.0834711	-0.0559452	-0.0958647	-0.524669	0.49021	-0.322206	-0.0983437
0.0651448	0.282415	0.00253852	0.201005	-0.18861	-0.199411	-0.487331	0.706089	-0.38335	0.00150925
0.380556	0.110517	0.199839	0.197755	0.034014	-0.417487	-0.466806	0.256357	-0.237429	-0.0573146
0.281852	-0.218923	0.0801667	0.186195	-0.0123642	-0.470603	-0.482877	0.328635	0.236845	0.0710741
0.00810671	-0.191609	-0.0337424	0.210134	0.145072	-0.395054	-0.491313	0.447294	0.288847	0.0122642
0.219652	-0.424957	-0.0855614	0.310834	-0.160193	-0.217156	-0.242662	0.440704	0.159839	-0.000498901
0.141871	-0.307519	-0.120022	0.0840597	-0.0266712	-0.031559	-0.249051	0.438461	0.163124	-0.0926934
0.249355	-0.378176	-0.0886188	0.230306	-0.062033	-0.00718434	-0.403579	0.255355	0.215803	-0.0112265
0.517905	-0.380814	-0.153191	-0.0460228	-0.467532	0.709283	-0.140057	-0.20583	0.296827	-0.130567
0.380836	-0.30197	-0.382958	-0.293129	-0.375312	1.72146	-0.257535	-0.144523	-0.00995373	-0.336899
-0.328038	-0.110061	-0.0707591	-0.0282507	-0.259792	1.49573	-0.455517	-0.0192667	-0.110795	-0.113249
-0.148365	-0.0298474	0.0276711	-0.00676758	-0.0967606	0.410983	-0.15777	0.0106028	0.0498194	-0.0595656
-0.000643661	0.00115188	-0.000917544	-0.000145092	-0.0022043	0.00666186	-0.0201069	0.014676	0.00973243	-0.00820467
-2.94071e-05	-5.85174e-06	-3.01291e-05	-0.000191112	-0.000123102	-8.73937e-05	-4.28777e-06	0.00141304	-4.04725e-05	-0.000901285
0.00942903	0.000481328	-0.000778712	-0.00263848	-0.0297851	-0.011673	-0.000197495	0.107239	-0.00225184	-0.0698249
-0.0042714	-0.000140867	-0.0122772	0.0143388	-0.135624	-0.0241701	-0.00132706	0.41447	-0.0130749	-0.237924
0.000833738	-0.0386852	-0.0445469	0.31004	-0.0997013	-0.215192	-0.0720491	0.420517	-0.0233882	-0.237825
-0.17353	-0.0714507	-0.163056	0.284911	-0.268952	-0.0899407	-0.0213662	0.454875	0.0583145	-0.00979953
-0.145656	-0.145445	0.0206474	-0.148821	-0.0884996	-0.0297709	-0.017237	0.100391	0.234645	0.219749
0.0115129	-0.373391	0.0121959	-0.278954	0.121323	0.284999	-0.0808222	-0.00880439	0.127406	0.184537
0.0272498	-0.340568	-0.209226	-0.539921	0.0477467	0.167109	0.153412	0.113374	0.48723	0.0935905
-0.00347065	-0.281813	-0.396797	-0.404918	0.145627	0.145854	-0.000115611	-0.170696	0.323272	0.643052
-0.233366	-0.310952	-0.429705	-0.472313	0.412434	0.112425	0.152948	0.197386	0.409277	0.161865
-0.0762697	-0.154452	-0.810523	-0.380726	0.531319	0.0740856	0.00627771	0.31635	0.262823	0.231116
-0.0830591	-0.10474	-0.676833	-0.204657	0.126584	0.112663	-0.0878775	0.311591	0.236949	0.369381
-0.343314	-0.13419	-0.780418	-0.036804	0.581504	0.186306	0.173124	-0.0522422	0.211871	0.194161
-0.0537208	0.348399	-0.919539	0.286249	-0.801401	0.560235	0.194423	0.129325	0.222681	0.0333542
-0.415299	0.729355	-0.556252	0.100144	-0.852332	0.0713269	-0.263687	0.478932	0.683471	0.0243408
-0.689912	0.774532	-0.499951	0.217287	0.371056	-0.216337	-0.632565	0.409586	0.0353583	0.230944
-0.62598	0.207145	-0.18846	-0.0523948	0.446599	-0.195703	-0.20419	0.427135	-0.123964	0.309814
-0.0431732	-0.115973	-0.371739	0.35416	0.156754	-0.159419	-0.389594	0.320705	-0.212986	0.461267
-0.238727	-0.029641	-0.0565893	0.0963165	-0.00609576	-0.0480879	-0.30718	0.494936	-0.224952	0.320025
0.0258466	-0.2044	0.304997	0.0716871	-0.0334479	-0.3361	-0.210863	0.225308	-0.0095452	0.166519
0.206594	-0.196001	-0.106753	0.345595	-0.245931	-0.64444	-0.147566	0.318992	-0.0993603	0.568873
0.372603	-0.232454	0.0298182	-0.0780281	-0.230105	-0.46447	-0.0429046	0.319432	-0.00773438	0.333841
0.266031	-0.221036	-0.0611612	-0.00831096	-0.243865	-0.532923	-0.0906077	0.272888	0.289486	0.329499
0.324478	-0.194699	-0.154133	-0.189282	-0.482515	0.176978	0.301459	-0.206851	0.490239	-0.0656676
0.410973	-0.180734	-0.153296	-0.231493	-0.46754	0.75316	-0.047944	-0.180299	0.353396	-0.256214
-0.215267	-0.102453	0.0685996	0.00345297	-0.212688	1.02006	-0.440152	-0.0775297	0.0826761	-0.126693
-0.104476	-0.0317402	0.037523	-0.00334671	-0.0358451	0.273478	-0.251796	-0.0132048	0.168392	-0.0389834
-0.000452001	0.00525438	-0.00195052	-7.62389e-05	-0.00138285	0.00418806	-0.0114674	0.00361485	0.00495274	-0.002681
-1.2416e-06	-2.65625e-08	-1.80799e-05	-9.23589e-05	-1.77141e-06	-1.35217e-05	-1.57926e-08	0.00180214	-2.11872e-05	-0.00165393
2.05707e-05	-0.000227761	-6.63726e-05	-0.00286436	-0.0379822	-0.0168926	-0.000285815	0.0999795	-0.00126943	-0.0404115
-0.00478477	-0.00331268	-0.0020504	-0.00929243	-0.154751	-0.0227158	-0.00131356	0.41613	-0.00892242	-0.208986
-0.0260578	-0.00293055	-0.158518	0.0578103	-0.208857	-0.0895029	-0.0617879	0.584119	0.0863695	-0.180643
-0.113598	0.00507302	-0.258092	-0.0119042	-0.391826	0.0204195	-0.0586247	0.506202	-0.000288267	0.302646
-0.0173961	-0.0690725	-0.523401	-0.259308	-0.0455269	0.0436991	-0.0381674	0.2552	0.300517	0.35346
0.244868	-0.126436	-0.898875	-0.337229	0.209861	0.338372	0.13982	0.0214521	0.0560615	0.352104
0.0194154	-0.175859	-1.06397	-0.314671	0.350744	0.094617	0.220085	0.402224	0.270343	0.197072
-0.0790564	-0.206166	-0.531736	-0.371598	0.442714	0.00107142	0.145614	0.486508	-0.0604846	0.173133
-0.0605711	-0.133816	-0.540196	-0.144174	0.224002	-0.102206	0.241392	-0.0305671	0.13289	0.413244
0.00364179	-0.348376	-0.645313	0.212641	0.559897	0.28986	-0.0138575	-0.124667	-0.18085	0.247021
3.18647e-05	-0.485199	-0.611504	-0.144604	0.551927	0.137299	0.339284	0.0971126	-0.109732	0.225385
0.131325	0.0621504	-0.575635	-0.0104187	0.974093	0.154097	0.172855	-0.68326	0.102274	-0.327475
0.0766452	0.193789	-0.37171	0.0153406	0.00429004	0.297365	0.181606	-0.91541	0.50787	0.0102102
-0.580863	0.962061	-0.472177	0.524497	-0.565845	-0.132217	-0.280354	0.0172225	0.270614	0.257064
-0.868245	0.467653	-0.51496	0.190052	0.196716	0.00262288	-0.344269	0.44411	0.0918499	0.334474
-0.658242	0.131816	-0.235801	0.139884	0.330591	-0.367518	-0.0965473	0.488937	-0.0149382	0.281823
-0.0500498	0.132371	-0.308029	-0.0515654	0.0323551	-0.461517	-0.130017	0.464485	0.0881971	0.283772
-0.033984	-0.0270525	-0.252631	0.1303	-0.00651843	-0.321286	-0.20325	0.386667	-0.0857555	0.413512
0.108101	-0.199142	0.256159	-0.0588364	0.139945	-0.344543	-0.350179	-0.115779	0.20848	0.355793
0.0890347	-0.143724	-0.030816	-0.00454277	0.114898	-0.413881	-0.177785	0.0181129	0.205688	0.343015
0.125595	-0.0831994	0.0148581	-0.601675	0.323778	-0.862457	0.0967016	0.134919	0.416947	0.434532
0.332622	-0.085113	-0.0725966	-0.469795	0.133471	-1.20474	0.393343	0.106626	0.403452	0.462729
0.43145	-0.0566243	-0.383002	-0.277446	-0.20253	-1.12769	0.752276	-0.214721	0.738144	0.340146
0.641574	-0.063485	0.149369	-0.128837	-0.135512	-1.00729	0.332992	-0.186248	0.690815	-0.293362
-0.0225545	-0.045343	0.316396	0.0165732	-0.066244	0.0415916	-0.258176	0.0187075	0.147771	-0.14872
-0.0626988	-0.0339117	0.206288	-0.000482926	-0.0293981	0.172964	-0.270152	0.0398808	0.027088	-0.0495777
-0.000375016	0.00325587	0.0216808	-0.000108291	-0.0102627	-0.00411926	-0.0140559	0.01846	-0.012865	-0.00161053
-6.94122e-09	6.02073e-05	-7.5335e-06	-1.79585e-05	-2.07251e-07	-2.00713e-06	-1.68576e-06	-1.15675e-05	-7.8987e-06	-1.13418e-05
0.000691337	-4.17507e-05	-4.91029e-05	-0.00181268	-0.0353498	-0.00271596	-0.000321745	0.0621291	-0.000242278	-0.0222871
-0.0021688	-0.00107141	-0.000939283	-0.00576237	-0.1001	-0.00592013	-0.000539418	0.251514	-0.00236764	-0.132645
-0.0139564	0.0122903	-0.194207	0.027742	-0.169623	-0.00102703	-0.0543536	0.466356	0.0508775	-0.124096
0.0412001	0.0350134	-0.583219	-0.22132	-0.171357	0.107101	-0.101487	0.296952	-0.0760608	0.673183
0.000346375	-0.0513687	-0.851157	-0.284389	0.247781	0.218299	0.0942095	0.137885	0.0634355	0.424961
0.321659	-0.102183	-1.09144	-0.30432	0.493369	-0.0677045	0.443009	0.207036	-0.00463435	0.105211
0.312095	-0.164976	-0.833674	-0.33434	0.323079	0.163273	0.039228	0.172909	0.0174736	0.304928
0.0631466	0.00514816	-0.35707	-0.179831	0.365739	-0.0215234	0.0274974	-0.0106969	-0.0999076	0.207498
0.0918124	-0.0960508	-0.289839	-0.10737	0.409035	0.0249945	0.10396	-0.161886	0.0821174	-0.0567753
0.189439	-0.697269	-0.190867	-0.152357	0.495613	0.144851	0.279081	0.0220159	-0.196757	0.106252
0.0392543	-0.696565	0.07947	-0.192671	0.629148	0.282492	-0.0139382	-0.235206	0.118013	-0.00999191
0.12388	-0.000217206	-0.12798	0.121644	0.48027	0.461383	0.103785	-1.10163	0.246957	-0.308082
-0.452544	0.272743	0.15895	0.411819	-0.293776	0.253052	0.0944641	-1.06922	0.52814	0.0963735
-0.696731	0.601447	0.0438862	0.262639	-0.0549357	-0.101528	-0.213531	-0.0542988	-0.0615254	0.274575
-0.877088	0.379947	-0.284189	-0.228621	0.433427	-0.275497	0.0465586	0.0435703	0.41554	0.346357
-0.609388	0.137709	-0.267421	0.101082	0.213078	-0.455069	0.0322859	0.228063	0.112605	0.507054
-0.198056	0.381266	-0.0750853	0.0501012	0.171148	-0.192782	-0.313031	0.0474826	-0.181266	0.310223
-0.0423453	-0.225734	-0.237276	0.232199	0.191508	-0.124468	-0.167612	0.0737777	0.034954	0.264998
-0.0649534	-0.312719	-0.214593	0.0377787	0.0618508	0.0259379	0.113892	-0.18211	0.0711525	0.463766
-0.319073	-0.193479	-0.21007	-0.504003	0.352402	0.0105795	-0.0950296	0.305948	0.298517	0.354205
-0.0623851	-0.130937	0.0237054	-0.536691	0.388995	-0.289662	0.29316	0.142182	-0.177201	0.348835
0.248587	-0.140691	-0.0480053	-0.65249	0.316884	-0.360977	0.435295	-0.071324	0.0427078	0.230014
0.45962	-0.130132	-0.113847	-0.285467	-0.0420072	-0.791651	0.849374	-0.0528362	0.324936	-0.217985
0.487482	-0.119375	0.526178	-0.0918915	-0.240332	-0.835733	0.424154	0.040456	0.247718	-0.438649
0.110213	-0.0764197	0.640319	-0.000691519	0.00754315	-0.227104	-0.315189	0.0492995	0.0432766	-0.231245
-0.0192448	-0.0389658	0.461567	-0.00147917	-0.0262378	-0.0121746	-0.26786	0.00341718	-0.0281599	-0.0708619
-0.00303004	-0.000747779	0.141174	-0.00399965	-0.0349591	-0.0359363	-0.0461635	-0.011314	-0.00279642	-0.00222694
-4.29543e-05	-1.40306e-06	-2.65571e-05	-0.00233765	-0.000129345	0.00954512	-0.00015493	-7.42769e-05	-0.000355444	-0.00642257
-5.71613e-05	-1.37068e-05	-0.0142464	0.0150854	-0.0218464	-0.00120762	-1.37863e-05	0.0352397	-0.000918814	-0.0120211
-0.00076838	0.00140989	-0.00967642	0.00790299	-0.0471814	-0.00195273	-5.61187e-05	0.141091	-0.0012814	-0.089487
-0.0900083	0.022689	-0.16158	0.0377301	-0.0297902	0.0305861	-0.028409	0.240758	-0.0127166	-0.00925814
-0.0284442	0.036085	-0.38252	-0.108061	0.372321	0.0738731	-0.283966	0.136038	-0.171504	0.356185
0.272461	-0.068192	-0.639634	-0.353733	0.558582	-0.0266582	0.0325046	0.153826	-0.012981	0.0838241
0.186664	-0.127627	-0.272507	-0.447245	0.319478	-0.0564598	0.266813	-0.0714402	-0.0885344	0.290856
0.490531	-0.1784	0.052705	-0.394547	0.414302	-0.022768	-0.00997134	-0.0354952	-0.472144	0.155787
0.216444	-0.00114779	-0.102494	-0.191739	0.350431	0.0829179	0.144039	-0.132699	-0.327742	-0.0380082
0.280422	-0.249273	-0.118663	-0.0816069	0.289503	0.10307	0.358195	-0.310037	-0.284419	0.0128073
-0.0391508	-0.721184	0.0764273	-0.129553	0.297849	0.32155	0.328366	-0.142196	-0.0295619	0.0374499
0.143818	-0.646555	0.0928346	-0.246191	0.39626	-0.000308224	0.505239	-0.539419	0.289005	0.00531786
0.267512	0.0718926	-0.111061	0.208121	0.3106	0.0205101	0.178983	-1.04521	0.209492	-0.110839
-0.23923	0.260936	0.262639	-0.0233559	-0.279056	0.0178054	-0.0479516	-0.590722	0.498062	0.140873
-0.761616	0.568665	0.082526	0.144578	0.0622882	-0.081699	-0.165912	-0.156152	0.226071	0.0812529
-0.703705	0.417899	-0.193278	-0.0123365	0.202581	-0.10727	0.0539301	-0.0956457	0.183374	0.254453
-0.771106	0.253824	-0.0696084	-0.0404912	0.377177	-0.321148	0.199564	0.0436597	-0.056634	0.384766
-0.145984	-0.169796	-0.315745	0.0497803	0.559746	-0.332297	-0.371679	0.292205	0.112391	0.321381
-0.0712724	-0.610463	0.141871	-0.000823402	0.208744	-0.175391	-0.128037	0.479983	-0.0775928	0.232983
-0.176279	-0.47592	-0.081293	-0.182669	0.412088	-0.286871	0.0147776	0.719566	0.0424998	0.0141015
0.0419851	-0.281193	0.0594006	-0.310979	0.21337	0.00408999	-0.117394	0.370461	-0.226089	0.246349
0.222136	-0.19165	-0.152225	-0.0288704	0.0585014	-0.138758	0.157305	0.0544601	-0.16328	0.182379
0.136451	-0.132099	-0.105626	-0.299104	0.141579	0.0908551	0.341826	0.305252	-0.430511	-0.0486237
0.426043	-0.0958756	0.150284	-0.192202	-0.0676257	-0.0557657	0.431472	0.323966	-0.395415	-0.524879
0.541446	-0.0491679	0.381101	-0.0188578	-0.232089	-0.238129	0.290631	0.0352264	-0.222768	-0.487386
0.0818792	-0.0409274	0.592662	-0.0287299	-0.089215	-0.284225	-0.0830375	-0.0694531	0.0621714	-0.141121
-0.00887853	-0.00628203	0.389109	-0.0163856	-0.0891076	-0.0414001	-0.192479	-0.00811976	-0.00992571	-0.0165308
-0.000314349	-3.54906e-05	0.0143463	-0.00286008	-0.00380513	-0.00177219	-0.00488473	-0.000137804	-0.000493195	-4.33741e-05
-1.63341e-05	-5.50733e-07	-8.74292e-06	-0.00076776	-5.26822e-05	0.00304962	-5.127e-05	9.29354e-05	-0.000121751	-0.00212346
-5.91165e-05	-7.50748e-06	-0.030706	0.0341918	-2.85659e-05	-0.00139594	-6.88323e-06	-5.75549e-05	-0.00189539	-3.47835e-05
-0.00176571	0.00889325	-0.0167941	0.0378962	0.01858	-0.00638547	-0.000348173	0.033209	-0.00238183	-0.0709032
-0.108222	0.0040589	0.0270818	0.0377423	0.0718514	-0.0287645	-0.0842757	0.114357	-0.0121496	-0.0216784
0.124792	-0.00638446	0.0988869	0.0737819	0.249733	-0.0474493	-0.44368	0.0184406	-0.163407	0.0952903
0.398178	-0.123823	0.287911	-0.0547326	0.220399	-0.276908	-0.083116	-0.119043	-0.310125	0.0612606
-0.0587733	-0.219653	0.343263	-0.0439641	0.233638	-0.131714	0.218302	-0.104942	-0.298836	0.0626806
0.397085	-0.160202	-0.0665441	-0.277438	0.371725	-0.219394	0.29011	-0.167778	-0.240461	0.0728958
0.315593	-0.0694429	-0.117724	-0.338307	0.291225	0.059751	0.238991	-0.313608	-0.151018	0.0845411
0.296252	-0.320619	0.00545244	-0.302864	0.367641	0.209445	0.155004	-0.338902	0.00165134	-0.0730579
0.332533	-0.525846	0.0422515	-0.207929	0.319993	0.0953022	0.258391	-0.191829	-0.141255	0.0183888
0.0641369	-0.189733	-0.0985123	-0.0678594	0.391976	0.0380089	0.433661	-0.552703	-0.0920287	0.0730614
-0.059226	0.189205	-0.0780186	0.0505775	0.15752	0.157755	0.257547	-0.702102	0.143816	-0.117071
-0.602047	0.424047	0.226045	0.0201152	-0.272829	-0.00231031	0.17233	-0.249647	0.395626	-0.111325
-0.905811	0.703941	0.124258	0.18783	0.0750917	-0.347823	0.242333	-0.371369	0.472403	-0.180849
-0.655829	0.0356153	0.0279641	0.171774	0.24161	-0.272397	0.0102678	0.163541	0.0667776	0.210679
-0.494379	0.336331	-0.0343811	-0.0529095	0.553102	-0.156946	-0.0717873	-0.247448	-0.084476	0.252898
-0.250592	-0.569732	-0.188727	-0.0386117	0.515121	-0.265735	-0.0500654	0.63095	-0.180349	0.39775
-0.0368831	-0.614205	-0.207962	-0.19793	0.133029	0.31226	-0.0864593	0.591449	0.00729256	0.0994098
-0.0502285	-0.540226	0.00465364	0.0680619	0.253555	-0.00288204	0.0114022	0.278991	-0.112241	0.088914
0.254796	-0.381511	-0.330056	0.391007	-0.121289	-0.155575	0.149414	0.411166	-0.32635	0.1084
0.0773089	-0.205895	-0.191442	0.266587	-0.0775386	-0.025218	0.193179	0.333533	-0.291554	-0.0789596
0.181164	-0.166221	-0.392727	0.262237	0.220695	-0.115177	-0.0219066	0.450496	-0.20233	-0.21623
0.381655	-0.111059	-0.0909743	0.293143	-0.119658	0.109702	0.148627	0.181728	-0.363629	-0.429532
0.41962	-0.0636096	0.612603	0.145697	-0.507719	0.0862589	0.192876	-0.0701265	-0.38471	-0.430881
0.011364	-0.0328695	0.670259	-0.0681766	-0.199208	-0.171508	0.0985057	-0.177657	0.0142764	-0.144981
-0.0160632	-0.0115816	0.386007	-0.0215182	0.0326076	-0.0667397	-0.188985	-0.0335154	-0.0273595	-0.0528515
-0.00264349	-0.00132608	0.063551	-0.000812801	-0.00699098	-0.0262803	-0.0164248	-0.000672732	-0.00434825	-0.0040515
-1.29683e-05	-5.21854e-07	-2.6997e-07	-1.33485e-05	-5.903e-05	-0.000433016	-3.09049e-06	0.000670035	-3.06695e-05	-0.00011712
-5.06946e-05	3.64992e-05	-0.015163	0.0192709	-1.76036e-05	-0.000804429	-2.59431e-05	-0.00129065	-0.00100877	-0.000946268
-0.00568591	0.00720995	-0.00145189	0.0932069	-0.00942804	-0.0263063	-0.00179531	-0.00501806	-0.00587529	-0.044856
-0.0691212	-0.00364852	0.305254	0.160804	-0.0955378	-0.0155873	-0.131876	-0.0814739	-0.00329865	-0.065513
0.196712	-0.0199554	0.398856	0.357457	-0.234167	-0.0698423	-0.453634	-0.048196	-0.201163	0.0739397
0.478839	-0.159116	0.239037	0.167413	-0.119735	-0.130631	0.0555679	-0.185417	-0.369262	0.0233041
0.253998	-0.34596	0.40337	-0.113595	0.0836861	-0.144069	0.312963	-0.0763563	-0.190359	-0.183674
0.180929	-0.314418	0.070499	-0.269756	0.389348	-0.515612	0.397827	0.136635	0.0296715	-0.105124
0.343454	-0.231504	-0.201766	-0.459924	0.343744	-0.250043	0.292155	-0.130702	0.0440249	0.250557
0.293871	-0.0645156	0.177894	-0.0664235	0.170134	-0.424609	0.321241	-0.178049	0.0170127	-0.246557
0.215658	-0.119346	0.151723	-0.143009	-0.103228	-0.0852628	0.404332	-0.520145	0.175117	0.0241601
0.130726	-0.14025	0.198748	-0.0127362	-0.117872	-0.159064	0.802854	-0.827343	0.033402	0.0915364
-0.252431	-0.274305	0.266188	0.0314363	0.0563997	-0.0111034	-0.0267188	-0.218515	0.543807	-0.114755
-0.829527	0.422269	0.439101	0.351858	-0.0469369	-0.0512774	0.0276526	-0.141074	0.120713	-0.292777
-0.673494	0.715493	0.15766	-0.0184511	0.359141	-0.311189	0.199885	-0.517709	0.0989621	-0.0102991
-0.383352	-0.113471	-0.135653	-0.204309	0.563808	-0.1181	0.117685	0.170634	0.0946813	0.00808015
-0.274771	0.0308525	0.210747	-0.420983	0.397132	-0.296888	-0.00707181	0.0352947	0.0934029	0.232289
0.0220442	-0.901948	0.419645	-0.0630993	0.274584	-0.162923	-0.25147	0.344327	0.0602527	0.258589
0.0146441	-0.642092	0.0540933	0.352084	0.191092	-0.159676	0.123255	0.101456	-0.18365	0.148798
0.0410324	-0.472336	-0.0145914	0.38779	0.122358	0.0787891	0.235719	0.289791	-0.488681	-0.179869
0.284248	-0.298435	-0.187785	0.183134	0.32975	0.134789	-0.0098753	0.199149	-0.525262	-0.109714
0.150483	-0.184233	0.360875	0.0958167	0.208221	-0.0481242	0.0522892	0.248794	-0.531117	-0.353006
0.170168	-0.186911	0.2424	0.301906	-0.129956	0.220995	-0.0966133	-0.0564764	-0.348666	-0.116846
0.184021	-0.166802	0.250827	0.503302	-0.259721	0.191735	-0.0328733	-0.153132	-0.0280129	-0.489344
0.074156	-0.0605472	0.606785	0.366872	-0.332058	-1.52937e-05	0.146518	-0.157027	-0.237933	-0.406742
-0.0988061	-0.0798707	1.04322	-0.118974	-0.15076	-0.17245	0.0199958	-0.174177	-0.127667	-0.140513
-0.0487954	-0.0374571	0.590891	-0.0221476	-0.100383	-0.103648	-0.156195	-0.0252726	-0.0619651	-0.0350257
-0.00248304	-0.00087028	0.101206	-0.00144739	-0.00461975	-0.0466195	-0.0389823	-0.00180657	-0.00387679	-0.000500409
0.0	0.0	0.0	0.0	0.0	0.0	0.0	0.0	0.0	0.0
-6.29707e-05	0.000449178	-0.00579926	0.00719525	-1.27814e-05	-0.000580044	-2.64249e-05	-9.51483e-05	-0.000813376	-0.000254431
-0.0162815	-0.000179073	0.0564342	0.0824506	-0.00169172	-0.0412614	-0.00359544	-0.00309642	-0.00599136	-0.0667878
-0.0548759	-0.00782129	0.298486	0.367361	-0.25951	0.026474	-0.119636	-0.0834712	-0.039158	-0.127845
0.136925	-0.0402251	0.473484	0.422469	-0.15677	0.0827747	-0.494437	-0.00204839	-0.191732	-0.230434
0.355961	-0.299067	0.338738	0.0829529	-0.174127	0.268659	-0.0387695	-0.0386141	-0.269724	-0.226007
0.331855	-0.504093	0.260305	-0.0569472	-0.0263595	0.468563	0.0855739	-0.221125	-0.113483	-0.224286
0.235401	-0.438749	0.190113	0.00203522	0.184685	-0.297728	0.198619	-0.301803	0.10933	0.118092
0.082644	-0.24223	0.106893	-0.242742	0.231724	-0.294173	0.349844	-0.219116	0.0721555	0.154998
0.26321	-0.150818	0.176076	-0.576959	0.117901	-0.243051	0.383328	-0.241303	0.350277	-0.0786605
0.424641	0.0900857	0.402618	-0.583719	0.00928636	-0.371655	0.635843	-0.652187	-0.0340774	0.079165
0.126766	-0.184462	0.297901	-0.431542	-0.0789091	-0.327082	0.600641	-0.276245	0.326557	-0.053624
-0.0830787	0.0830225	0.379043	-0.293164	-0.0256492	-0.543915	0.0861319	-0.0171788	0.334444	0.0803423
-0.677355	0.48023	0.317564	-0.254486	0.166573	-0.508348	0.144812	0.0368302	0.284184	0.00999447
-0.623802	0.565903	0.0407403	-0.394562	0.555336	-0.308569	0.146206	0.0568197	0.113368	-0.151438
-0.333253	0.0223049	0.183254	-0.465161	0.369219	-0.0385316	0.0383924	0.0612732	-0.141244	0.303748
-0.0380974	-0.391188	0.064215	0.0198817	0.296112	0.00260411	-0.0856794	-0.0986324	0.202442	0.0283442
0.15985	-0.751007	-0.214264	0.285501	0.239958	0.223648	0.0776915	-0.0122156	-0.0935604	0.0844004
-0.097509	-0.387104	0.055301	0.00595171	0.348355	0.337621	0.165047	0.0869342	-0.434049	-0.080547
0.0956183	-0.255288	0.0459452	0.364094	-0.152028	0.0988421	0.156945	-0.125241	-0.0126689	-0.216217
0.202138	-0.192614	-0.0590792	0.0198925	0.0834954	0.0423899	-0.0159385	0.105369	-0.0287579	-0.156897
-0.0738302	-0.121088	0.0731814	0.0759877	0.195072	0.0188025	0.101449	0.0100414	-0.0851642	-0.194451
0.202969	-0.0359909	0.138771	0.27752	-0.178158	-0.0472725	0.0951306	0.0130482	-0.16588	-0.300139
0.0764131	-0.0678108	-0.0647996	0.46796	-0.223234	0.175287	0.0664799	-0.110873	0.170141	-0.489559
-0.0027868	-0.0303871	0.518432	-0.0922628	-0.299503	0.0694615	0.137633	0.0854283	0.02122	-0.407231
-0.0373662	-0.114596	1.10491	-0.220313	-0.239333	-0.212753	0.0346463	0.0313347	-0.25564	-0.0908799
-0.0212562	-0.00449106	0.295409	-0.0222037	-0.0552087	-0.0435141	-0.102021	0.0271597	-0.0564885	-0.0173858
0.027778	-0.00129267	0.0334211	-0.00123527	-0.0299241	-0.00782116	-0.0140358	-0.00442512	-0.000881965	-0.00158305
-3.64462e-05	-1.76348e-05	-1.96493e-05	-0.00065441	-0.00647963	-0.00030687	-5.96415e-06	0.00700941	-0.000148781	0.00065998
-1.37838e-05	0.000103519	-0.000245256	0.000628611	-2.42284e-06	-0.000292241	-6.02061e-06	-1.88021e-06	-0.000115173	-5.53538e-05
-0.0125793	-0.000679014	-0.00477634	0.0772208	-0.00551771	-0.0268156	-0.00257265	0.0167783	-0.00502894	-0.0360294
-0.106548	-0.00947649	0.155893	0.548953	-0.155731	0.0106119	-0.0835801	-0.0344655	-0.130439	-0.195213
0.0507354	-0.0920125	0.531303	0.297152	-0.0300666	0.338256	-0.38857	-0.106346	-0.308835	-0.291609
0.0703675	-0.369691	0.621029	0.312794	-0.0506296	0.259544	-0.298939	-0.10362	-0.0789855	-0.361867
0.116971	-0.692627	0.189358	0.201752	-0.070914	0.567275	0.0453424	-0.386219	0.112645	-0.0835817
0.0864356	-0.47927	0.446146	-0.164334	0.0906581	0.198852	0.219004	-0.341307	-0.0143567	-0.0418293
0.305298	-0.088383	0.0455379	-0.0966925	0.156622	0.01792	0.13127	-0.301491	0.00670664	-0.176789
0.320165	-0.022527	-0.0228004	-0.3903	0.147888	-0.205481	0.339724	-0.348289	0.268034	-0.0864149
0.3815	-0.225459	0.251894	-0.412865	-0.285495	-0.147476	0.248109	-0.38617	0.272452	0.30351
0.102457	-0.19852	0.114395	-0.408528	-0.070555	-0.114722	0.138935	-0.128284	0.364359	0.200465
-0.316501	-0.0187298	0.351284	-0.568191	0.211842	-0.111411	0.713559	-0.234902	0.292546	-0.319495
-0.657277	0.0807052	0.336945	-0.336558	0.351195	-0.0943761	0.439203	0.0611322	0.0608799	-0.241846
-0.485492	0.227454	0.14898	-0.257542	0.343931	0.0331764	0.00190085	-0.125666	-0.0887344	0.201997
-0.149573	-0.309174	-0.0614773	0.254268	0.187753	-0.00528698	0.0786289	-0.134023	-0.0389551	0.177841
0.00738373	-0.504124	0.117748	0.42632	0.331688	-0.0180144	0.220869	-0.220374	-0.214059	-0.147435
-0.026379	-0.153708	0.290127	0.127846	-0.189839	0.182903	0.267635	-0.119816	-0.271098	-0.10767
-0.0487188	0.0641233	0.0780053	0.115251	-0.0250098	-0.129781	0.263205	-0.121911	-0.063922	-0.131241
-0.0724301	-0.0125547	0.154813	0.165328	-0.111007	0.0749021	-0.0239284	-0.0373075	-0.0229186	-0.114895
-0.225581	0.068857	-0.0104932	0.109106	0.0443194	0.0367376	-0.0647005	-0.00322032	0.0800591	-0.0350848
-0.0845169	0.0147761	0.157484	0.365561	0.0882838	0.00296327	0.0321857	-0.124875	-0.259575	-0.192286
0.294081	-0.0663251	0.132661	0.415894	-0.38457	0.122011	0.012837	-0.204264	0.00713741	-0.329464
0.128542	-0.0762436	0.501763	0.17135	-0.263271	0.216446	0.064753	-0.434709	0.17061	-0.479239
-0.0345857	0.0149522	0.876971	-0.293908	-0.259274	0.225518	0.0697443	-0.219478	-0.0432139	-0.336719
-0.036691	0.037105	0.757074	-0.138461	-0.234241	-0.128335	0.0657637	-0.0169283	-0.222546	-0.0827378
-0.0120399	0.0232711	0.0933635	-0.0179344	-0.0196098	-0.0338022	-0.0300022	0.0328058	-0.0318412	-0.00421053
-0.00772717	-1.07484e-05	0.0427289	-0.000274345	-3.66535e-05	-0.0175152	-0.016226	-2.26292e-05	-0.000401243	-0.00051493
-2.42455e-09	7.40582e-05	-4.9096e-05	-4.79144e-06	-1.11267e-08	-1.34868e-07	-2.95744e-07	-8.19588e-07	-1.85254e-05	-3.81657e-07
0.00847336	0.000377545	-0.00271781	-0.000284993	-0.0125179	-0.000797853	-0.00099794	0.0250906	-0.00112171	-0.0155033
-0.00323295	-0.000821735	-0.010473	0.0597871	0.000493247	-0.0217537	-0.00319497	0.0165756	-0.00964842	-0.027731
-0.0796075	-0.0123988	-0.0347416	0.565885	0.041856	0.0231763	-0.0839312	-0.0877063	-0.183605	-0.148925
-0.020048	-0.15498	0.315781	0.344502	-0.0593547	0.367822	-0.229687	-0.0668178	-0.257638	-0.239575
0.0615008	-0.536381	0.16071	0.482294	0.0953234	0.23777	-0.240519	-0.17087	0.133219	-0.223044
0.20272	-0.347163	0.0773126	0.0803436	-0.0273671	0.324991	0.00931334	-0.335264	0.140252	-0.12514
0.182957	0.0321303	0.335913	-0.0957611	-0.0665818	0.082321	0.158398	-0.480762	-0.100731	-0.0478856
0.233369	-0.0399975	0.210747	-0.0563915	-0.230414	0.334173	-0.0595931	-0.260352	0.0427955	-0.174337
0.0816448	0.0792263	0.288795	-0.0176959	-0.420343	0.0922449	0.294297	-0.299045	0.264856	-0.363982
0.2614	-0.153339	0.383848	-0.0616338	-0.485209	0.0986739	0.443145	-0.550724	0.259129	-0.195289
0.358153	-0.139307	0.203043	-0.232125	-0.122937	0.0355558	0.687927	-0.275874	-0.172061	-0.342377
0.250424	-0.120918	0.18539	-0.241177	-0.536035	0.0635835	0.603598	-0.130807	0.0170033	-0.091059
-0.162957	0.217894	0.456216	-0.121016	-0.221466	0.0763598	0.180998	-0.127828	-0.132816	-0.165381
-0.276896	-0.155587	0.105818	-0.0113103	0.267394	-0.0290662	0.354255	0.13581	-0.131315	-0.259099
-0.161071	0.0242695	0.236965	0.020671	-0.00337608	0.0829641	0.267708	-0.184336	-0.0247089	-0.259083
-0.185666	0.244092	0.268627	0.151559	-0.0559773	-0.079696	0.248603	-0.435293	-0.000973853	-0.155272
0.0283585	-0.0378859	0.265126	0.346989	-0.211273	-0.127156	0.223029	-0.338294	0.102217	-0.251109
-0.0167338	0.111363	0.094937	0.244028	-0.166914	0.0482617	0.120369	-0.447037	0.152728	-0.141002
-0.168546	0.180141	-0.0925997	0.217776	-0.24851	-0.0194718	0.186399	-0.0750032	0.0355278	-0.0157128
-0.015749	0.0815672	0.108107	0.0167335	-0.206334	0.233563	0.0058372	-0.255487	0.0424458	-0.0106843
0.0979419	0.0227507	0.239818	0.321966	-0.0596416	0.139455	0.151382	-0.483535	-0.136318	-0.293817
0.330877	-0.0520517	0.405237	0.10128	-0.541566	0.119316	0.179001	-0.505794	0.292456	-0.328755
0.0458343	-0.0259181	0.345795	0.172297	-0.380312	0.288794	0.055921	-0.496094	0.244275	-0.250585
0.0275079	0.0756621	0.41401	-0.152025	-0.250065	0.270408	-0.0206945	-0.119996	-0.0858936	-0.158911
-0.0551138	0.0937302	0.608674	-0.0764965	-0.122539	-0.0284262	-0.121385	-0.0400793	-0.205329	-0.0530332
-0.0123282	0.022882	0.185374	-0.0119313	-0.00306609	-0.0586519	-0.065199	-0.00299891	-0.0363393	-0.0177405
-0.00210784	5.97134e-05	0.0161876	-9.80465e-05	-2.12082e-07	-0.00460172	-0.00932023	-6.16396e-07	-0.000118372	-2.80981e-07
0.0	0.0	0.0	0.0	0.0	0.0	0.0	0.0	0.0	0.0
0.0213429	-5.766e-05	-0.00613194	-0.00101858	-0.000149077	-0.000929733	-0.00250839	-0.000186409	-0.00243147	-0.00792959
-0.00548754	-0.00777714	0.0375946	0.0357228	0.00515336	-0.00661351	-0.00346295	-0.0124097	-0.0163871	-0.0263326
-0.0726223	-0.0285293	0.113053	0.456407	-0.0127756	0.0543468	-0.0590788	-0.130745	-0.181024	-0.139028
0.0745737	-0.0977826	0.358292	0.49053	-0.0948277	0.103922	-0.205861	-0.274734	-0.224103	-0.130004
0.260218	-0.41572	0.324797	0.236594	-0.209347	0.413404	-0.278505	-0.320308	-0.0578462	0.0467142
0.212536	-0.0706565	0.283102	0.379032	-0.235971	0.241097	-0.185125	-0.47974	0.0724985	-0.216774
0.162868	0.0306881	0.594833	0.193398	-0.455554	-0.129305	0.236888	-0.514355	0.373269	-0.492732
0.220151	0.236377	0.288334	0.177758	-0.57965	0.278143	-0.0785291	-0.287002	0.0284979	-0.284082
0.214357	0.131141	0.292012	0.357003	-0.417923	0.2569	0.249911	-0.411354	-0.166339	-0.505712
0.287388	0.220207	0.294573	-0.0477516	-0.433642	0.0174766	0.530903	-0.370293	0.123327	-0.622192
0.41267	0.262152	0.434619	-0.186187	-0.162368	0.15584	0.351687	-0.349477	-0.23557	-0.683364
0.468791	0.158784	0.255299	-0.493595	-0.260414	0.0351462	0.536276	-0.133314	0.0631663	-0.630136
0.164306	-0.0720198	0.0662035	-0.095174	-0.405502	0.100085	0.225944	0.0201056	0.149004	-0.152947
-0.0110123	-0.00749328	-0.0811915	0.0613523	-0.081733	-0.10908	0.707524	0.0912534	-0.258558	-0.311061
-0.000565547	-0.0357292	0.0487899	-0.104868	-0.0279764	0.0273858	0.392603	-0.235861	0.20577	-0.269546
-0.129042	0.321635	0.045998	0.0707053	0.106165	0.166294	0.167655	-0.411703	-0.243699	-0.0940056
-0.00456931	0.337581	-0.163027	0.208963	0.0549013	0.220148	0.0857263	-0.543902	-0.0580162	-0.137805
-0.0851708	0.425403	0.131525	0.338926	-0.0883286	0.174267	0.296649	-0.818886	-0.0813232	-0.293061
-0.0877167	0.403712	0.283007	0.162047	-0.297249	0.139765	0.036503	-0.494505	-0.0499437	-0.095622
-0.0461843	0.218273	0.206062	0.335827	-0.188663	-0.0147644	0.231059	-0.683269	0.16272	-0.221059
0.0977159	0.0367363	0.336442	0.137694	-0.0768746	0.161064	0.0653915	-0.658754	0.277803	-0.377216
0.178469	-0.0413772	0.311199	0.0069058	-0.33252	0.541716	-0.120076	-0.582109	0.31218	-0.274381
-0.0514335	-0.046775	0.2914	0.118477	-0.311243	0.208412	0.0258695	-0.327544	0.17436	-0.0815195
-0.0266606	-0.018204	0.509443	-0.106914	-0.172301	0.11787	-0.0857886	-0.0604157	-0.198079	0.0410523
-0.046078	0.015495	0.279187	-0.0447202	-0.125007	0.107171	-0.0541514	-0.051129	-0.132114	0.0513484
-0.00180426	0.0232474	0.0522347	-0.00344046	-0.000814848	-0.00895645	-0.0136751	-0.00191065	-0.0318502	-0.0130301
-2.1176e-05	0.000234287	-0.000185533	-5.00877e-05	-4.12436e-05	0.000498045	-4.9966e-06	-3.2524e-05	-0.00036311	-3.36607e-05
-2.28976e-08	0.000147113	-5.901e-05	-2.67836e-05	-5.06262e-07	-8.98592e-07	-8.72704e-07	-8.33597e-06	-4.84345e-05	-2.24832e-06
-5.6479e-05	2.27751e-05	7.9541e-05	0.00103414	-3.5255e-06	-0.000380766	-3.51072e-05	-0.000242615	-0.000122891	-0.00029507
-0.0264441	-0.0133405	0.088853	0.0747469	-0.000482621	-0.0223534	-0.00224849	-0.0632463	-0.0153008	-0.0201833
-0.0499166	-0.0123182	0.205002	0.294318	-0.0685299	0.0712442	-0.0418757	-0.176676	-0.115088	-0.106157
-0.0559899	0.090378	0.222303	0.287561	-0.123511	0.28317	-0.189922	-0.303046	-0.0817491	-0.129187
0.166694	0.412414	0.191728	-0.0162832	-0.124298	0.104928	-0.289946	-0.349219	-0.0763352	-0.0196823
0.15354	0.307072	0.166922	0.241746	-0.403425	0.20131	-0.376142	-0.444358	0.267073	-0.11374
0.140813	0.11724	0.157677	0.232906	-0.433947	0.315198	-0.0489294	-0.496179	0.314042	-0.298821
-0.0640495	0.213962	-0.0583647	0.208249	-0.0513284	0.123401	0.212773	-0.271575	-0.0984187	-0.214651
0.0657698	0.0580263	0.2788	-0.309272	-0.139161	0.14694	0.221671	-0.405625	0.227388	-0.144537
0.255041	0.304335	0.154222	-0.148739	-0.232572	0.0428861	0.236391	-0.192906	-0.185862	-0.232795
0.364458	-0.108796	0.121634	-0.146689	-0.0626973	0.216971	0.323983	-0.25758	-0.0283977	-0.422887
0.347032	-0.121508	-0.0554854	-0.0715769	-0.129648	0.116434	0.603215	-0.121742	-0.203475	-0.363243
0.11374	-0.168573	0.174509	-0.0485994	-0.236102	0.0706556	0.575979	-0.210841	0.116368	-0.387132
-0.0197785	0.198528	0.125908	-0.128533	-0.152003	0.131977	0.628412	-0.325428	-0.0425066	-0.416573
0.0105773	0.103021	-0.10051	0.0431664	0.104679	0.0935551	0.281086	-0.142771	-0.0363218	-0.356481
0.0315746	-0.0363369	0.135134	0.120332	-0.168069	-0.0229677	0.262737	-0.023716	-0.131737	-0.166951
-0.18239	0.0505852	0.332808	-0.0158991	0.0394278	0.112906	0.41594	-0.362527	0.00542104	-0.396271
-0.198853	0.428613	0.319807	0.20495	-0.16645	-0.0147348	0.303995	-0.43227	-0.0604485	-0.384609
-0.268166	0.294075	0.428647	0.338119	-0.0135046	-0.0667425	0.110592	-0.472355	-0.0513584	-0.299307
-0.116419	0.423868	0.0131784	-0.00258124	-0.0294984	0.264836	0.0568262	-0.530597	0.149216	-0.22883
0.0146398	0.256226	0.171139	-0.130038	0.0159361	0.432104	-0.0514343	-0.619956	0.0388292	-0.127442
0.0573665	-0.183165	0.38194	-0.0486781	-0.121597	0.471226	0.0475863	-0.54931	0.189335	-0.244698
0.0248167	-0.132578	0.561367	-0.174477	-0.0657426	0.260861	-0.050578	-0.331126	-0.0530074	-0.0395304
-0.0589892	0.0293406	0.386134	-0.162373	-0.117406	0.167683	-0.0468895	-0.058311	-0.257652	0.118466
-0.0297765	0.00218603	0.176496	-0.0357114	-0.111494	0.155065	-0.0497298	-0.0253384	-0.0889768	0.00728086
0.0253856	-0.000597528	0.0183057	-0.0061302	-0.00204821	0.00395401	-0.00402585	-0.00284774	-0.00907847	-0.0229173
6.85574e-06	-4.51356e-11	-1.42388e-06	-3.2417e-07	-3.96233e-09	-1.73117e-06	-2.44174e-07	-7.84156e-09	-3.0984e-06	-2.18681e-08
-2.2182e-08	0.000142516	-5.7166e-05	-2.59466e-05	-4.90441e-07	-8.70511e-07	-8.45432e-07	-8.07547e-06	-4.69209e-05	-2.17806e-06
-9.23764e-07	4.32699e-05	-1.99373e-05	2.77658e-05	-1.99834e-07	-1.10793e-05	-2.76034e-07	-1.3312e-05	-1.66145e-05	-8.69299e-06
-0.00492843	-0.0129017	0.063616	0.0938245	-0.000426088	-0.0159051	-0.000233105	-0.0904446	-0.011396	-0.0212053
-0.0663654	-0.0165115	0.159073	0.260404	-0.0729621	0.0354176	-0.0193538	-0.192567	-0.0369167	-0.0502145
-0.272681	0.14894	0.216959	0.210005	-0.114787	0.286829	-0.0897964	-0.236099	-0.0405111	-0.108851
-0.0265726	0.819037	0.197351	0.0171647	-0.18741	-0.0845512	-0.190945	-0.115143	-0.121696	-0.307229
0.0482709	0.512291	0.362277	0.162434	-0.241987	-0.22476	-0.384232	-0.132448	0.0818535	-0.183705
0.0605919	0.0919621	0.319951	0.114179	-0.284695	-0.00922425	-0.275398	0.0632181	0.200041	-0.280627
0.210023	0.0723073	0.353615	-0.0973686	-0.222778	0.0606004	-0.137126	-0.097179	-0.111851	-0.0302431
0.186366	0.1249	0.300008	0.0115384	-0.30974	0.0501206	0.0939048	-0.245455	-0.0708252	-0.140817
0.159113	-0.106685	0.0920717	-0.00317753	-0.20141	-0.101597	0.187538	-0.0759964	0.018574	0.0315691
0.180889	-0.408673	0.194024	0.126261	-0.177203	0.0879629	0.0387574	-0.282501	0.2316	0.00888323
0.173404	-0.583518	0.119193	-0.0730276	-0.201954	0.150278	0.312481	-0.02012	0.112673	0.0105957
0.543831	-0.378288	0.0344942	-0.122605	-0.105734	0.24493	0.307803	-0.419501	0.14942	-0.254348
0.122508	-0.103561	-0.0453314	-0.107762	-0.213487	0.181006	0.0194601	-0.102675	0.241549	0.00829425
0.122506	0.0384464	-0.128008	0.0837939	-0.205267	0.0816694	0.270341	-0.0575505	0.0956843	-0.301614
0.0547426	0.0256602	-0.000302163	0.0493621	-0.142536	0.131135	0.181348	-0.0471423	-0.0501985	-0.20207
0.0935765	0.270484	-0.0565313	0.130593	-0.0155508	-0.0140413	0.057512	-0.249392	0.0726159	-0.289266
-0.11615	0.460145	0.113621	0.0409053	-0.0590611	0.148439	-0.0515783	-0.29515	0.0364584	-0.27763
-0.127505	0.293278	0.266732	0.21456	0.259534	0.169851	-0.0651179	-0.278796	-0.214685	-0.51785
-0.188162	0.308512	0.293358	0.186101	0.0294085	0.145202	0.0872034	-0.514768	-0.152447	-0.194408
-0.0644686	0.0197548	0.228128	-0.0691738	0.324413	0.0554826	0.0831973	-0.61215	0.155591	-0.120772
0.0781543	-0.181802	0.386528	0.059291	7.9867e-05	0.225702	-0.12046	-0.43827	-0.0240895	0.0148709
0.0625122	-0.0974739	0.279591	-0.0911646	-0.116866	0.27507	-0.144868	-0.323735	-0.00480094	0.161741
-0.0477493	-0.0125869	0.248024	-0.11819	-0.105817	0.182176	-0.0665458	-0.0542957	-0.120347	0.0953337
-0.0231807	-0.00237984	0.0873118	-0.0306433	-0.0740387	0.103292	-0.0175073	-0.0225312	-0.0379111	0.0175889
0.00268015	0.0058815	-0.027996	-0.000129322	0.00393414	0.0282262	-0.000127474	-0.00106699	-0.00514017	-0.00626203
1.26567e-05	-8.33272e-11	-2.6287e-06	-5.98468e-07	-7.31507e-09	-3.196e-06	-4.50782e-07	-1.44767e-08	-5.72013e-06	-4.03719e-08
0.0	0.0	0.0	0.0	0.0	0.0	0.0	0.0	0.0	0.0
0.0	0.0	0.0	0.0	0.0	0.0	0.0	0.0	0.0	0.0
-0.000354504	-0.00021823	0.00207812	0.0936944	-0.000175318	-0.000993864	-3.18523e-05	-0.0690019	-0.00263742	-0.0223593
-0.0321536	-0.0623195	-0.0329972	0.297714	-0.0144693	0.0499189	-0.00199928	-0.155396	-0.0367791	-0.0115183
-0.203563	-0.0297197	0.00058464	0.374898	-0.0596959	0.215438	-0.0151037	-0.0268515	-0.0993935	-0.156589
-0.208358	0.435622	-0.0543812	0.334439	-0.118461	0.209514	-0.0542774	0.107276	-0.393625	-0.257745
-0.0784774	0.387085	0.000823106	0.276954	-0.0671731	-0.0202567	-0.135886	0.269706	-0.388462	-0.244311
0.137916	0.0908497	0.0943594	0.251526	-0.0501731	-0.240805	-0.276112	0.368424	-0.165032	-0.210954
0.193941	-0.0338041	0.1458	-0.0151723	-0.0424857	0.131214	-0.305486	-0.357409	0.245174	0.038228
0.31571	0.064036	0.18567	0.169759	-0.0480287	0.0995239	-0.332815	-0.1625	0.0529068	-0.344264
0.375086	-0.0802792	-0.0324306	0.0633657	-0.0366026	0.344709	-0.434857	-0.11978	-0.0724103	-0.00680108
0.354198	-0.0759341	0.232674	0.229281	-0.0421797	0.0758394	-0.306791	-0.33376	0.0221388	-0.155465
0.204288	0.234573	0.156749	-0.231704	-0.152706	0.12184	-0.0462208	-0.307929	0.139182	-0.11807
0.260892	-0.0496886	-0.126272	0.172357	-0.0931315	-0.0809856	-0.049045	-0.317443	0.423092	-0.139778
0.276389	-0.237533	-0.0631855	-0.151033	-0.0171177	0.14346	0.0394472	-0.164531	0.161799	0.0123035
0.216042	0.132308	-0.0786534	-0.0450385	-0.103238	-0.0284455	-0.00937017	-0.0222197	0.157827	-0.219211
0.0139732	0.0688295	-0.00434852	-0.330812	0.159098	0.219988	-0.0914207	-0.196271	0.323085	-0.16212
0.0849835	0.291852	-0.090095	0.0559622	-0.0192716	-0.0112933	-0.0524957	-0.145588	0.0491413	-0.163196
-0.345384	-0.00457509	0.26013	0.318942	0.238429	-0.278577	0.0326258	-0.27899	0.179264	-0.121864
-0.398608	0.0454635	0.487305	-0.012447	0.217243	-0.0550621	0.0548277	-0.446761	0.169611	-0.0615708
-0.37506	-0.0666569	0.387761	0.0689663	0.240616	0.0938375	0.0279601	-0.555883	0.1998	-0.0213403
-0.167662	-0.156891	0.468556	-0.0540308	0.274959	-0.0101554	-0.0453894	-0.552915	0.0477609	0.195775
-0.0533005	-0.133657	0.41848	-0.15676	-0.105521	0.072687	-0.0475178	-0.358694	-0.00433835	0.368628
-0.0460397	-0.112237	0.285061	-0.0979006	-0.151812	0.170709	-0.0511859	-0.33336	0.0692782	0.267491
-0.0728675	-0.0302678	0.245522	-0.0464009	-0.10269	0.115621	-0.0357258	-0.0950493	-0.0846114	0.106469
-0.0160093	0.000475163	0.0900291	-0.0293715	-0.00283158	0.0415333	-0.00932376	-0.0268078	-0.0301925	-0.0175012
-1.72993e-05	0.024715	-0.0192393	0.00952574	0.00404614	0.0165837	-0.000164148	-0.000800451	-0.0223972	-0.0122523
0.0	0.0	0.0	0.0	0.0	0.0	0.0	0.0	0.0	0.0
0.0	0.0	0.0	0.0	0.0	0.0	0.0	0.0	0.0	0.0
0.0	0.0	0.0	0.0	0.0	0.0	0.0	0.0	0.0	0.0
-0.00128409	-1.03666e-05	-0.00229108	0.0453347	-1.31617e-05	-0.000557023	-3.87948e-06	-0.0353414	-0.000166756	-0.00566693
-0.00221251	-0.0398397	-0.0884285	0.18719	-0.000345196	0.0444115	-0.000157279	-0.020195	-0.0649077	-0.0155152
-0.0191506	-0.0754352	-0.147302	0.320413	-0.0240156	-0.00569602	-0.00248268	0.129713	-0.213461	0.0374179
-0.0970413	0.0362447	-0.285229	0.285684	-0.0277911	0.000978489	-0.0198104	0.43744	-0.385467	0.0549978
-0.134437	0.0261658	-0.407085	0.522191	-0.0227806	-0.0271059	-0.0354799	0.450532	-0.423552	0.0515548
-0.193586	-0.0799484	-0.365035	0.513303	-0.0269408	0.0798927	-0.08758	0.273776	-0.276652	0.162773
-0.125044	-0.191473	-0.18924	0.163776	-0.0547879	0.161431	-0.171381	0.121155	0.190088	0.0954746
-0.0468077	-0.187666	-0.0513712	0.188618	0.0389124	0.423341	-0.24943	-0.00302293	0.0670621	-0.179635
0.00102964	-0.280726	-0.185567	0.415505	0.00763387	0.189237	-0.333958	0.0814465	0.058897	0.046503
-0.0231208	-0.326941	-0.108526	0.393849	0.17051	0.144283	-0.479666	-0.0138031	0.388863	-0.145449
0.285878	-0.300959	0.134921	0.230164	-0.174587	0.207291	-0.409102	-0.0451771	0.299952	-0.228381
0.254411	-0.378123	0.0378369	0.331337	-0.188246	0.381051	-0.438046	0.147341	0.1855	-0.333062
0.153738	-0.377929	0.332706	0.340449	-0.119496	0.304487	-0.376486	-0.0673916	0.222963	-0.413041
-0.0207426	-0.271979	0.0816072	0.191589	-0.132744	0.267224	-0.294107	-0.075102	0.278671	-0.024418
-0.0921107	-0.534176	0.0327858	0.316897	0.0261315	0.0964253	-0.125557	-0.122308	0.511384	-0.109471
-0.139436	-0.150524	0.18578	0.223838	-0.170561	0.255856	-0.0797088	-0.0665682	-0.1204	0.0617233
-0.300014	-0.0104396	0.260628	-0.195802	-0.0315858	0.251013	-0.0998558	-0.265322	0.307151	0.0842294
-0.3624	0.0250632	0.0247892	-0.149552	0.116077	0.0672524	-0.119432	-0.218889	0.539443	0.0776498
-0.348289	-0.0276841	0.0246417	-0.0358587	0.0912262	0.0697949	-0.0651693	-0.228858	0.141617	0.378583
-0.234149	-0.0403655	0.226078	0.00360131	0.0989411	-0.0136256	-0.0692277	-0.269051	-0.0588966	0.356699
-0.101914	-0.0883514	0.0750988	-0.0418199	0.03135	0.186361	-0.0398915	-0.258204	-0.0614396	0.298812
-0.040772	-0.0352822	0.128127	-0.0325234	-0.0299161	0.134246	-0.0165253	-0.305688	-0.0423178	0.240654
-0.00787259	-0.0175298	0.292685	-0.0388893	-0.0592506	0.0801527	-0.00369578	-0.118295	-0.0734178	-0.0538869
-0.000748085	0.00836436	0.156435	-0.0067192	0.0120815	-0.0314428	-0.000375356	-0.0472367	-0.0362316	-0.0541267
-4.31656e-07	0.00193391	0.0232261	-1.76144e-05	-0.000149742	-0.000659477	-3.88175e-05	-1.76366e-06	-0.00559066	-0.0187015
0.0	0.0	0.0	0.0	0.0	0.0	0.0	0.0	0.0	0.0
0.0	0.0	0.0	0.0	0.0	0.0	0.0	0.0	0.0	0.0
0.0	0.0	0.0	0.0	0.0	0.0	0.0	0.0	0.0	0.0
-1.9896e-05	-2.73411e-07	-4.89917e-05	0.00450447	-6.1049e-05	-8.75441e-06	-3.27974e-07	-0.00597006	-0.000356455	0.00196134
-0.000128804	-0.0037375	-0.0199715	-0.0306421	-7.60282e-05	0.0451429	-5.57619e-05	0.0218112	-0.00469478	-0.00764762
-0.00295049	-0.0571047	-0.0584667	-0.00362835	0.00185851	0.0553288	-0.000948301	0.135089	-0.113193	0.0440162
-0.0210756	-0.117724	-0.0928507	0.123442	-0.0520026	-0.0172201	-0.00185201	0.06419	-0.216052	0.331146
-0.101374	-0.144108	-0.0830146	0.32901	-0.146978	-0.0230451	-0.00554201	-0.00690144	-0.153561	0.335518
-0.153132	-0.182059	-0.178498	0.570634	-0.233059	-0.00307085	-0.0106101	0.0297421	-0.158452	0.318511
-0.235441	-0.159982	-0.368773	0.811373	-0.425721	-0.00713406	-0.0411959	0.306644	-0.24398	0.364218
-0.350434	-0.266129	-0.455369	0.785068	-0.301696	0.185803	-0.0583632	0.395366	-0.195583	0.261341
-0.486108	-0.587834	-0.370426	0.704811	-0.119666	0.224372	-0.0523352	0.237769	0.126743	0.322681
-0.492169	-0.481881	-0.372278	0.563994	-0.284945	0.359918	-0.0489784	0.477059	0.121626	0.157654
-0.632946	-0.299327	-0.237274	0.748571	-0.481662	0.346983	-0.0400577	0.360512	-0.0635662	0.298768
-0.581841	-0.354321	-0.132916	0.60094	-0.221353	0.34361	-0.108502	0.2697	-0.034396	0.219083
-0.547083	-0.395145	0.0238545	0.362123	-0.243452	0.102263	-0.109003	0.21962	0.197812	0.389016
-0.489258	-0.437615	0.0944108	0.161248	-0.263301	0.390174	-0.113243	0.258848	0.312025	0.0867146
-0.323851	-0.44101	0.0279572	0.265625	-0.411496	0.325	-0.0935253	0.137919	0.287757	0.225626
-0.372517	-0.270482	-0.045602	0.202514	-0.437262	0.329618	-0.0619137	0.0936615	0.311698	0.250292
-0.326147	-0.143229	-0.233822	0.12732	-0.358418	0.215602	-0.0531422	0.261711	0.19048	0.319653
-0.190567	-0.11494	-0.294279	0.201681	-0.441366	0.218186	-0.0336776	0.0779314	0.11207	0.464966
-0.205778	-0.0427062	-0.206111	0.022566	-0.244178	0.149006	-0.0179795	-0.0794034	0.0388849	0.585702
-0.150338	-0.00996537	-0.178819	-0.0952263	-0.173717	0.226307	-0.00998914	-0.0747586	-0.0353723	0.501881
-0.0620314	-0.0062914	-0.152379	-0.0359903	-0.084505	0.280492	-0.00662219	-0.0037436	-0.0486066	0.119679
-0.0150185	-0.000975392	-0.0737657	-0.00692879	-0.0759368	0.198361	-0.00295258	-0.0745404	-0.0128124	0.0645701
-0.00349208	-1.21063e-05	-0.00677527	-0.000249398	-0.046174	0.108919	-0.000650147	-0.00690813	-0.00615683	-0.038501
-4.83817e-07	-1.0436e-05	0.0206257	-0.000206644	-0.000869641	-1.49819e-05	-2.64644e-05	-0.00102717	-0.00442789	-0.014042
-3.87152e-07	-1.24676e-05	0.024665	-4.19903e-06	-0.000158757	-1.26146e-05	-3.01762e-05	-1.44797e-06	-0.00460056	-0.0198444
0.0	0.0	0.0	0.0	0.0	0.0	0.0	0.0	0.0	0.0
0.0	0.0	0.0	0.0	0.0	0.0	0.0	0.0	0.0	0.0
0.0	0.0	0.0	0.0	0.0	0.0	0.0	0.0	0.0	0.0
0.0	0.0	0.0	0.0	0.0	0.0	0.0	0.0	0.0	0.0
0.0	0.0	0.0	0.0	0.0	0.0	0.0	0.0	0.0	0.0
-0.000210778	-0.00103145	-0.000834541	0.00109817	0.00418014	-0.00291854	-4.18189e-05	-0.0704958	-0.0118521	0.0821068
-0.00412802	-0.00379686	-0.00331292	0.025511	0.00629154	-0.00889657	-0.000271607	-0.16175	-0.0412072	0.191561
-0.0201992	-0.0078691	-0.0111056	0.0442899	-0.0567544	-0.039299	-0.00113251	-0.14366	-0.0744279	0.310158
-0.0449987	-0.0124117	-0.0256281	0.0543284	-0.153752	-0.129055	-0.0019889	0.00405514	-0.0274832	0.336936
-0.0629853	-0.0195884	-0.0336901	0.0218245	-0.261013	-0.169125	-0.00444141	0.126435	-0.0141907	0.416778
-0.117521	-0.0328688	-0.0366696	-0.00148663	-0.411788	-0.114773	-0.00648923	0.239026	-0.0823691	0.564943
-0.105514	-0.103586	-0.0309097	0.0390851	-0.424742	-0.0272628	-0.00734951	0.240048	-0.162264	0.5825
-0.0765047	-0.0895825	-0.0797657	0.0476812	-0.497861	0.122889	-0.00932419	0.189453	-0.10513	0.498149
-0.0497908	-0.114637	-0.0416845	0.00866434	-0.520928	0.102634	-0.011038	0.0524434	-0.105588	0.679924
-0.102186	-0.178535	-0.0757986	0.0236571	-0.581858	0.0115446	-0.0151235	0.407391	-0.124704	0.635616
-0.143256	-0.143035	-0.060488	-0.00745007	-0.73726	-0.0218563	-0.0127061	0.482451	-0.182806	0.826412
-0.110465	-0.0817624	-0.0796851	0.0109291	-0.63102	0.115757	-0.0105191	0.554696	-0.238631	0.470707
-0.0771046	-0.0656235	-0.100081	0.124361	-0.561657	0.0214483	-0.00951592	0.327989	-0.16121	0.501399
-0.109562	-0.0410303	-0.119683	0.105308	-0.508321	-0.0465549	-0.00913026	0.340902	-0.0795472	0.467624
-0.0713199	-0.0574991	-0.0749651	0.054825	-0.523889	-0.0949218	-0.0084024	0.31713	-0.0606436	0.519687
-0.0118361	-0.0324803	-0.0260194	0.0176847	-0.411577	-0.00812622	-0.00495037	0.213942	-0.0811632	0.344528
-0.0535558	-0.0112084	-0.0305061	-0.00978829	-0.207459	0.0547471	-0.00328313	0.00586574	-0.0375185	0.292707
-0.0650379	-0.00606105	-0.0352817	-0.00594025	-0.105658	0.0525982	-0.00221036	-0.0011983	-0.0138898	0.18268
-0.0326723	-0.00100547	-0.0128788	0.00155522	-0.0568952	0.024734	-0.000416827	0.0685776	-0.00368444	0.0126863
-0.00182341	-1.07194e-05	-7.20182e-05	-0.000304201	-0.00266596	0.000376123	-8.11753e-05	-0.00427103	-0.000322893	0.00917529
-6.23507e-06	-1.74115e-09	-6.44702e-07	-1.59104e-06	-0.00145949	-2.97732e-05	-1.67131e-06	-0.00016697	-1.15777e-05	0.00167795
-2.26923e-07	-1.36828e-08	-1.92669e-06	-2.60021e-07	-5.16987e-08	-7.85812e-08	-7.5868e-10	2.33045e-05	-4.80109e-07	-2.0266e-05
0.0	0.0	0.0	0.0	0.0	0.0	0.0	0.0	0.0	0.0
0.0	0.0	0.0	0.0	0.0	0.0	0.0	0.0	0.0	0.0
0.0	0.0	0.0	0.0	0.0	0.0	0.0	0.0	0.0	0.0
0.0	0.0	0.0	0.0	0.0	0.0	0.0	0.0	0.0	0.0
0.0	0.0	0.0	0.0	0.0	0.0	0.0	0.0	0.0	0.0
0.0	0.0	0.0	0.0	0.0	0.0	0.0	0.0	0.0	0.0
-2.96895e-06	-4.45202e-06	-2.34815e-06	-7.75384e-07	-1.26258e-06	-8.77526e-07	-7.41342e-08	0.000191476	-5.02465e-05	-0.000128471
-5.48978e-05	-1.15182e-05	-8.86211e-06	-2.82595e-06	-5.73329e-06	-1.56526e-05	-8.26975e-07	0.000754779	-0.000137836	-0.000516627
-8.74524e-05	-1.01717e-05	-3.06224e-05	-3.6559e-05	-0.00844861	-6.36067e-05	-2.60188e-06	-0.000669933	-0.00017208	0.00952164
-0.0001813	-2.27078e-05	-0.000124366	-0.000104262	-0.0482489	-0.00061288	-3.91811e-05	-0.00574885	-0.000266587	0.0553491
-0.00049904	-4.82254e-05	-0.000180921	-0.000220188	-0.0502941	-0.00127076	-7.15387e-05	0.00932625	-0.00042597	0.0436846
-0.00112626	-4.6362e-05	-0.000320658	-0.00153958	-0.0239777	-0.000903756	-2.9735e-05	0.00842652	-0.000912196	0.0204298
-0.00111541	-0.00464657	-0.00586848	-0.0089096	-0.0538145	0.00385762	-6.62298e-05	0.0669664	-0.015141	0.0187378
-0.00176994	-0.00162306	-0.0024738	-0.00486804	-0.0338045	0.0109241	-6.66231e-05	0.021235	-0.00403492	0.0164819
-0.00377224	-0.00461174	-0.000997281	-0.00489142	-0.0438811	0.0076777	-0.000401635	0.0306078	-0.010869	0.0311391
-0.00602886	-0.00455412	-0.00124492	-0.00661522	-0.0367461	-0.00243805	-0.000417549	0.157403	-0.00901208	-0.0903462
-0.00911943	-0.00210243	-0.00103891	-0.00914977	-0.120151	-0.0119415	-0.000845912	0.134842	-0.00696289	0.0264704
-0.01079	-0.000505478	-0.00116879	-0.00698677	-0.0587057	-0.00855718	-0.000771059	0.130046	-0.0064025	-0.0361578
-0.00655142	-0.000335144	-0.00103003	-0.00858301	-0.0356942	-0.00701582	-0.000546939	0.109696	-0.00359398	-0.0463453
-0.00434387	-0.00694107	-0.00127684	-0.00643471	-0.0311787	-0.00925404	-0.000521457	0.150632	-0.00369348	-0.086988
-0.00449074	-0.0213869	-0.000839476	-0.00411816	-0.0433769	-0.00668238	-0.000352963	0.181851	-0.00422339	-0.09638
-0.00245726	-0.000335761	-0.000568284	-0.00316612	-0.0329752	-0.00739724	-0.000201742	0.127583	-0.0027635	-0.0777175
-0.00491836	-9.38932e-05	-0.00631526	-0.00164486	-0.00709681	-0.0173786	-0.000195319	0.0406185	-0.00375036	0.000775031
-0.0123397	-3.05599e-05	-0.00399858	-0.000507854	-0.00479582	-0.00763405	-8.53634e-05	0.0141542	-0.00190078	0.0171385
-0.03635	-5.36928e-05	-0.0130512	-0.000306566	-0.0114457	-0.00637603	-0.000211662	0.054946	-0.00176341	0.0146123
-0.00831138	-3.77826e-06	-0.000138387	-2.99416e-05	-0.0025955	-0.0014365	-2.15068e-05	0.019741	-0.00037083	-0.00683321
0.0	0.0	0.0	0.0	0.0	0.0	0.0	0.0	0.0	0.0
0.0	0.0	0.0	0.0	0.0	0.0	0.0	0.0	0.0	0.0
0.0	0.0	0.0	0.0	0.0	0.0	0.0	0.0	0.0	0.0
0.0	0.0	0.0	0.0	0.0	0.0	0.0	0.0	0.0	0.0
