0.0	0.0	0.0	0.0	0.0	0.0	0.0	0.0	0.0	0.0
0.0	0.0	0.0	0.0	0.0	0.0	0.0	0.0	0.0	0.0
0.0	0.0	0.0	0.0	0.0	0.0	0.0	0.0	0.0	0.0
0.0	0.0	0.0	0.0	0.0	0.0	0.0	0.0	0.0	0.0
0.0	0.0	0.0	0.0	0.0	0.0	0.0	0.0	0.0	0.0
0.0	0.0	0.0	0.0	0.0	0.0	0.0	0.0	0.0	0.0
0.0	0.0	0.0	0.0	0.0	0.0	0.0	0.0	0.0	0.0
0.0	0.0	0.0	0.0	0.0	0.0	0.0	0.0	0.0	0.0
0.0	0.0	0.0	0.0	0.0	0.0	0.0	0.0	0.0	0.0
0.0	0.0	0.0	0.0	0.0	0.0	0.0	0.0	0.0	0.0
0.0	0.0	0.0	0.0	0.0	0.0	0.0	0.0	0.0	0.0
0.0	0.0	0.0	0.0	0.0	0.0	0.0	0.0	0.0	0.0
-3.77431e-06	-6.53661e-06	-0.000641805	-5.22669e-05	-0.00462922	-9.50609e-05	0.006229	-7.41283e-06	-0.000152475	-0.000640447
-2.48023e-05	-1.54824e-05	-0.00102674	-0.000130683	-0.0102774	-0.000209072	0.0135001	-2.0875e-05	-0.000344369	-0.00145068
-1.84035e-05	-1.30145e-06	0.000421296	-1.80681e-05	-0.000156938	-1.02532e-06	-0.000154934	-5.16722e-06	-1.16866e-05	-5.37761e-05
-7.66813e-07	-5.42271e-08	1.7554e-05	-7.52839e-07	-6.53908e-06	-4.27219e-08	-6.45558e-06	-2.15301e-07	-4.86941e-07	-2.24067e-06
0.0	0.0	0.0	0.0	0.0	0.0	0.0	0.0	0.0	0.0
0.0	0.0	0.0	0.0	0.0	0.0	0.0	0.0	0.0	0.0
0.0	0.0	0.0	0.0	0.0	0.0	0.0	0.0	0.0	0.0
0.0	0.0	0.0	0.0	0.0	0.0	0.0	0.0	0.0	0.0
0.0	0.0	0.0	0.0	0.0	0.0	0.0	0.0	0.0	0.0
0.0	0.0	0.0	0.0	0.0	0.0	0.0	0.0	0.0	0.0
0.0	0.0	0.0	0.0	0.0	0.0	0.0	0.0	0.0	0.0
0.0	0.0	0.0	0.0	0.0	0.0	0.0	0.0	0.0	0.0
0.0	0.0	0.0	0.0	0.0	0.0	0.0	0.0	0.0	0.0
0.0	0.0	0.0	0.0	0.0	0.0	0.0	0.0	0.0	0.0
0.0	0.0	0.0	0.0	0.0	0.0	0.0	0.0	0.0	0.0
0.0	0.0	0.0	0.0	0.0	0.0	0.0	0.0	0.0	0.0
0.0	0.0	0.0	0.0	0.0	0.0	0.0	0.0	0.0	0.0
0.0	0.0	0.0	0.0	0.0	0.0	0.0	0.0	0.0	0.0
0.0	0.0	0.0	0.0	0.0	0.0	0.0	0.0	0.0	0.0
0.0	0.0	0.0	0.0	0.0	0.0	0.0	0.0	0.0	0.0
-5.17643e-09	-2.82585e-08	-1.06365e-05	-6.61808e-09	-4.0094e-05	-9.99321e-08	5.29381e-05	-6.43925e-08	-7.66382e-07	-1.23696e-06
-1.10243e-07	-8.3441e-08	-3.40534e-05	-3.37632e-08	-0.000500746	-3.01225e-07	0.000542884	-9.0931e-07	-2.27522e-06	-4.3717e-06
-1.94669e-05	-1.08486e-07	-0.000375809	-7.62545e-06	-0.0491367	-1.78025e-05	0.0497825	-6.26811e-05	-4.98891e-06	-0.00015736
-4.13533e-05	-8.05761e-05	-0.000914775	-1.88175e-05	-0.109246	-3.30903e-05	0.1113	-0.000500687	-6.68056e-05	-0.000398103
-6.84197e-05	-0.00387883	-0.000684963	-0.000213796	-0.104579	-0.000101928	0.114298	-0.00289099	-0.000995743	-0.000884479
-0.000183774	-0.00314925	-0.0030628	-0.000229152	-0.0459281	-0.000182066	0.0563461	-0.00185054	-0.00103009	-0.000730339
-0.00222886	-0.0018448	-0.00808661	-0.0002048	-0.0534747	-0.000759475	0.070967	-0.00103236	-0.000843813	-0.00249156
0.030391	-0.000714867	-0.0294376	-0.000348613	-0.0947282	-0.00089772	0.118025	-0.0100114	-0.00143573	-0.0108417
0.0648061	-0.000679626	-0.032732	-0.00152793	-0.184515	-0.00667126	0.208833	-0.0259229	-0.00155303	-0.0200372
0.0271601	-0.000535495	-0.0196249	-0.000893061	-0.0898823	-0.00618612	0.107913	-0.00771981	-0.00207208	-0.00815928
-0.00134731	0.0231013	0.00834232	-0.00672438	-0.0223855	-0.00330755	0.00942935	-0.000386751	-0.00389123	-0.00283015
0.0242289	0.03483	0.0376481	-0.0088649	-0.117453	-0.00419177	0.0519464	-0.000904551	-0.00280998	-0.0144288
0.0696298	-0.0118382	0.0916632	-0.0027654	-0.122023	-0.00416923	0.0202653	-0.00181585	-0.00356091	-0.0353851
0.0327696	-0.00570948	0.0160303	-0.000957276	-0.0492761	-0.00263083	0.0326143	-0.000815929	-0.00312286	-0.0189017
-0.00157214	-0.000366897	-0.0250081	-0.000222838	-0.0212846	-0.00443024	0.0569308	-0.000167075	-0.00186091	-0.00201803
-0.000796171	-7.39896e-05	-0.0186728	-0.000141203	-0.0433424	-0.00421097	0.0705246	-0.0002433	-0.00141749	-0.00162625
-0.000342264	-9.33559e-05	-0.00783347	-0.000142576	-0.0341704	-0.00206033	0.0470752	-0.000120843	-0.000784675	-0.00152732
-0.000132485	-0.000214953	-0.00353181	-7.33123e-05	-0.028314	-0.000353871	0.0339485	-9.76545e-06	-0.000840023	-0.000478311
-1.80096e-05	-1.86485e-05	-0.000370844	-5.78697e-06	-0.0411097	-1.33809e-05	0.0419874	-2.84184e-05	-0.000130621	-0.000291956
-2.28281e-06	-1.47129e-06	-0.000184995	-6.99894e-07	-0.0181928	-1.34149e-05	0.0186706	-3.93365e-05	-6.42897e-05	-0.000171279
0.0	0.0	0.0	0.0	0.0	0.0	0.0	0.0	0.0	0.0
0.0	0.0	0.0	0.0	0.0	0.0	0.0	0.0	0.0	0.0
0.0	0.0	0.0	0.0	0.0	0.0	0.0	0.0	0.0	0.0
0.0	0.0	0.0	0.0	0.0	0.0	0.0	0.0	0.0	0.0
0.0	0.0	0.0	0.0	0.0	0.0	0.0	0.0	0.0	0.0
0.0	0.0	0.0	0.0	0.0	0.0	0.0	0.0	0.0	0.0
-3.71935e-08	-5.83368e-10	-5.69347e-07	-3.32765e-09	-4.74044e-06	-6.09838e-07	8.06202e-06	-8.36126e-12	-1.68769e-06	-4.1377e-07
0.00460745	-4.34529e-10	-2.42028e-05	-8.99252e-07	-0.0041957	-0.000156567	0.000431509	-0.000335015	-7.40702e-06	-0.000319166
0.00170799	-2.73291e-06	-0.000989803	-1.42445e-06	-0.00189136	-1.75699e-05	0.00147306	-0.000117093	-4.05083e-05	-0.000120557
-0.00037434	-1.30008e-05	9.65317e-06	-0.000308267	-0.00152802	-7.34494e-06	0.00226062	-3.51498e-06	-2.66852e-05	-9.09732e-06
-0.0290557	-7.12588e-05	-0.00106747	-0.00169628	-0.0522603	-5.0819e-05	0.0849994	-0.000433801	-0.00017561	-0.000188112
-0.0334083	-0.00235163	-0.00689408	-0.0033102	-0.161278	-0.000919839	0.212042	-0.0019578	-0.000928095	-0.000994069
-0.0246592	-0.0374323	0.0340857	-0.0139345	-0.199383	-0.00368758	0.254878	-0.00484722	-0.00312758	-0.00189118
-0.0260202	-0.0733923	0.151936	-0.0235436	-0.165662	-0.0177867	0.176366	-0.0067679	-0.0112173	-0.0039112
-0.0243225	-0.050552	0.100236	-0.00871588	-0.284669	-0.058325	0.378766	-0.0150205	-0.0234135	-0.0139824
-0.0433899	-0.0632444	0.158694	0.0389643	-0.290392	-0.112503	0.416682	-0.037732	-0.0424222	-0.0246541
-0.0500116	0.0110319	0.0803023	0.0574444	-0.397214	-0.109493	0.533982	-0.0391966	-0.0481381	-0.0387031
-0.0818774	0.175857	-0.000234695	0.00299578	-0.275535	-0.114734	0.416554	-0.0185924	-0.0685318	-0.0358971
-0.137859	0.152334	0.0778721	-0.0113277	-0.162286	-0.128591	0.329412	-0.0199925	-0.0666245	-0.0329335
-0.158969	0.30601	0.178697	-0.0685193	-0.24201	-0.0822254	0.20449	-0.0245113	-0.0752217	-0.0377344
-0.124028	0.209327	0.142997	-0.0468268	-0.302206	0.00821884	0.261445	-0.0130676	-0.0874297	-0.0484226
-0.104945	0.064078	0.00816063	-0.0471134	-0.148178	0.0855788	0.246297	-0.00814409	-0.0648063	-0.0309255
-0.0665502	-0.00705477	-0.0188658	-0.0749527	-0.129435	0.0804152	0.247964	-0.00410029	-0.0071574	-0.0202618
-0.0476906	0.0403477	-0.104491	-0.0362192	-0.088463	0.00866821	0.29253	-0.0022611	-0.0480043	-0.0144156
-0.0356025	-0.00385103	-0.0387689	-0.0106854	-0.0697508	-0.0699593	0.253625	-0.00118639	-0.0173531	-0.00646676
-0.0170121	-0.0103511	-0.0369362	-0.011857	-0.0657421	-0.0753481	0.24639	-0.000997622	-0.0189767	-0.00916983
-0.00801621	-0.00355943	-0.0385688	-0.00894511	-0.0635096	-0.0405565	0.180018	-0.000697458	-0.011926	-0.00423911
-0.00393582	-0.00188346	-0.00894354	-0.00229159	-0.0399287	-0.0371046	0.0990349	-8.3501e-05	-0.00445835	-0.000405274
-0.00060778	-0.000612621	0.0415542	-0.000176539	-0.00427796	-0.0140926	-0.0192096	-3.28594e-05	-0.00250788	-3.63786e-05
-1.07433e-05	-4.16854e-05	0.0294367	-1.11195e-06	-0.000385114	-0.00097381	-0.0270438	-2.6965e-08	-0.000979075	-1.27986e-06
0.0	0.0	0.0	0.0	0.0	0.0	0.0	0.0	0.0	0.0
0.0	0.0	0.0	0.0	0.0	0.0	0.0	0.0	0.0	0.0
0.0	0.0	0.0	0.0	0.0	0.0	0.0	0.0	0.0	0.0
0.0	0.0	0.0	0.0	0.0	0.0	0.0	0.0	0.0	0.0
-8.37595e-08	0.00122331	-0.000137016	-6.0466e-05	-1.04667e-05	-7.71972e-06	-0.000731826	-1.229e-08	-0.000274651	-1.06952e-06
0.0111991	0.000291148	-0.00024915	-4.39972e-05	-0.0143022	-3.33617e-05	0.00584605	-0.000977663	-0.000551199	-0.00117878
-0.00846879	-8.35509e-05	-0.00493508	-0.00524549	-0.00586842	0.0165193	0.00997135	-0.00125565	-0.000251116	-0.000382576
-0.0738238	-0.00469009	-0.00366427	0.123577	-0.00794166	-0.0559112	0.030387	-0.00200523	-0.00499343	-0.000933859
-0.106604	-0.00327305	0.00168548	0.0957855	-0.0974815	-0.0361507	0.160194	-0.00305652	-0.0095406	-0.00155897
-0.117976	-0.0259751	0.0534908	0.140103	-0.157151	-0.0511318	0.2038	-0.0155013	-0.02584	-0.00381801
-0.0278158	-0.0794562	0.165199	0.17152	-0.299262	-0.0616373	0.22064	-0.0493808	-0.028105	-0.0116997
-0.0723846	-0.1158	0.473668	0.0620762	-0.401492	-0.0900977	0.252408	-0.0590515	-0.0206673	-0.0286548
-0.0388069	-0.199537	0.394509	0.185441	-0.391842	-0.0620918	0.317473	-0.110943	-0.0417685	-0.052424
0.0372763	-0.327174	0.464817	0.456843	-0.456718	-0.160164	0.346488	-0.174519	-0.102529	-0.0843123
0.0195755	-0.144908	0.403247	0.531819	-0.680266	-0.0508133	0.272788	-0.13014	-0.103982	-0.117313
0.182087	-0.0767854	0.554815	0.279871	-0.812537	-0.0793836	0.323841	-0.124924	-0.0830914	-0.163888
0.183591	-0.143993	0.326965	0.548906	-0.564116	-0.0615991	0.238579	-0.12465	-0.208795	-0.194885
0.0910843	0.0449848	0.231844	0.425909	-0.541066	0.0663743	0.209435	-0.117682	-0.187975	-0.222905
0.10829	0.157097	0.330655	0.293973	-0.477415	-0.0532595	0.045833	-0.0903895	-0.12906	-0.185723
-0.00406681	-0.0751429	0.215631	0.255684	-0.305459	0.0798754	0.0240321	-0.0565118	-0.0175288	-0.116511
-0.160075	-0.235771	-0.116885	0.331886	-0.244529	0.226799	0.193749	-0.0474274	0.0842603	-0.0320027
-0.193287	-0.143392	-0.170989	0.292923	-0.0554253	0.210539	0.245329	-0.0271512	-0.111548	-0.0469962
-0.126004	-0.187247	-0.256511	0.341637	0.00593838	0.286556	0.071317	-0.0269936	-0.0660243	-0.0426648
-0.160004	-0.167468	-0.18318	-0.0649451	0.0163001	0.283209	0.247919	-0.0152395	0.06769	-0.0242788
-0.119831	-0.126743	-0.171853	-0.157626	0.0421856	0.125594	0.315251	-0.00395577	0.103674	-0.00669404
-0.054772	-0.0898234	-0.145771	-0.0902818	0.0318013	-0.0660986	0.317466	-0.00117147	0.101315	-0.00266335
-0.0199089	-0.0742159	-0.0169286	-0.0271964	-0.0130872	-0.025559	0.159006	-0.000445221	0.0189511	-0.000615565
-0.00125108	-0.0219647	0.0240082	-0.000380163	-0.000498888	0.062644	-0.0672633	-5.71203e-06	0.00475274	-4.11603e-05
-0.00117216	-0.0292701	-0.000537449	-2.03984e-05	-0.000260868	0.0112458	0.0235362	-1.52814e-07	-0.00351817	-2.71286e-06
0.0	0.0	0.0	0.0	0.0	0.0	0.0	0.0	0.0	0.0
0.0	0.0	0.0	0.0	0.0	0.0	0.0	0.0	0.0	0.0
-2.97234e-08	-2.98276e-08	-2.33018e-05	3.45835e-05	-1.81182e-07	-9.89743e-06	-2.66714e-08	-9.8945e-09	-1.09098e-06	-1.61345e-08
-3.84666e-05	0.00419004	-0.00107686	0.00151914	-3.83291e-06	-0.00153773	-0.00259082	-6.83035e-08	-0.00045925	-2.15519e-06
-0.000559818	0.000565881	-0.00790246	0.0219419	-0.00252922	-0.00741063	-0.00330849	0.000663917	-0.00109122	-0.000369804
-0.0116852	0.00795528	-0.0555339	0.0697161	0.0230602	-0.049992	0.0262526	-0.0028146	-0.006331	-0.000627216
-0.109517	0.0529319	0.01884	0.303492	0.0274848	-0.219515	0.0197495	-0.0392108	-0.0461124	-0.00814183
-0.120619	0.041128	0.186584	0.325251	-0.0717818	-0.235406	0.00485088	-0.0465341	-0.0729001	-0.0105683
-0.0300244	-0.0322765	0.118862	0.337793	-0.082355	-0.146014	0.0126747	-0.0826856	-0.0645234	-0.0314466
0.0217585	-0.0401981	0.214008	0.456176	-0.263952	-0.345839	0.1255	-0.129688	0.0391337	-0.0768944
0.11947	-0.0666818	0.425273	0.365775	-0.357443	-0.266404	0.00959394	-0.233002	0.160495	-0.157074
0.0848173	-0.104493	0.328888	0.490628	-0.482067	-0.0199599	0.0318756	-0.334467	0.195629	-0.190849
0.201571	-0.305009	0.387526	0.55537	-0.441641	0.171458	-0.114957	-0.37383	0.205644	-0.286131
-0.0117834	-0.145372	0.363793	0.447364	-0.338046	0.0559417	-0.109304	-0.318657	0.424171	-0.368105
0.0576092	0.215818	0.220587	0.453036	-0.145602	-0.241717	-0.0426538	-0.330076	0.144107	-0.331111
-0.0493618	0.180324	0.388093	0.306758	-0.318389	-0.0268368	-0.0789678	-0.397313	0.431433	-0.435738
0.100194	-0.0100615	0.213485	0.332186	-0.442577	0.370121	-0.146112	-0.366687	0.408399	-0.458949
-0.0826563	0.0781536	0.176899	0.421781	-0.182898	0.0770373	0.0422026	-0.348589	0.322618	-0.504547
0.0845704	-0.0384261	0.11809	0.155827	-0.0904932	0.138157	0.11934	-0.305348	0.152148	-0.333867
-0.0519499	-0.217035	0.0448042	0.338697	-0.10373	0.402463	-0.0141647	-0.247342	0.107297	-0.25904
-0.0916676	0.128187	-0.165376	0.103484	0.207855	0.159517	0.0297036	-0.159306	0.081749	-0.294146
-0.0786924	0.0780133	-0.15267	0.00991338	0.331716	-0.234098	0.112514	-0.117707	0.244718	-0.193707
-0.130145	0.00575137	-0.345287	-0.135336	0.313645	0.240141	0.222587	-0.0335065	0.0678282	-0.205677
-0.106384	-0.0915155	-0.428408	-0.0918916	0.347662	0.123748	0.3279	-0.0487924	0.0821133	-0.11443
-0.17241	-0.137973	-0.363874	-0.268396	0.339837	0.347984	0.302917	-0.0227744	0.0122473	-0.0375513
-0.198148	-0.282553	-0.183234	-0.0400928	0.21329	0.45181	-0.0788549	-0.00642311	0.134259	-0.010049
-0.0531874	-0.142876	-0.00884691	-0.0041528	0.00357811	0.17088	-0.0716813	-0.00124962	0.110682	-0.00314626
-0.00750538	-0.0177088	-0.00583043	-0.000117844	-0.0250814	0.0244466	-0.00698101	-0.000301732	0.0405972	-0.00151723
-0.000111284	-0.00984209	-0.00518043	-2.67609e-05	-0.00407114	-0.00424356	0.0188737	-2.04412e-05	0.00481122	-0.000189251
0.0	0.0	0.0	0.0	0.0	0.0	0.0	0.0	0.0	0.0
0.0	0.0	0.0	0.0	0.0	0.0	0.0	0.0	0.0	0.0
-0.000339008	0.00051119	0.000526007	0.0019806	-9.88414e-05	-0.00221015	-6.26276e-05	-6.49377e-06	-0.000298254	-2.42384e-06
-0.00490914	0.0100635	-0.00535343	0.106045	0.00167467	-0.0446242	-0.0440326	-0.00177715	-0.0128608	-0.00422598
-0.031158	0.0223185	0.000807215	0.241024	0.0205054	-0.210358	0.0391447	-0.0239797	-0.0442702	-0.0140328
-0.148541	0.143362	0.0100065	0.465855	0.0548085	-0.276312	-0.165554	0.111687	-0.152789	-0.0425153
-0.0258423	0.0710946	0.0338129	0.464483	-0.0238488	-0.330446	-0.105204	0.133817	-0.120205	-0.0976566
-0.0184382	-0.147916	0.11268	0.323171	-0.0580458	-0.0845062	-0.124434	0.133063	0.00755981	-0.143131
0.0532714	-0.349175	0.220731	0.149946	-0.0556978	-0.147916	0.0989247	0.215351	-0.000175247	-0.185259
0.0649781	-0.375165	0.040639	0.185775	-0.00336043	0.0776751	-0.006335	0.131778	0.139739	-0.255723
0.277678	-0.24473	0.13911	0.147624	-0.19404	0.194186	0.0653172	-0.131385	-0.142414	-0.111347
0.172026	-0.347434	0.265246	0.14539	-0.137969	0.110096	-0.481037	-0.219378	0.268609	0.224452
-0.0211803	-0.261184	0.16642	0.107156	-0.0316222	0.00143475	-0.286981	-0.0659119	0.269114	0.122752
0.189259	-0.0571061	0.135915	0.149281	-0.305736	-0.0633203	-0.351861	-0.0868236	0.154531	0.235864
0.220365	-0.00489118	0.116587	0.0574545	-0.0162247	-0.168081	-0.000844828	-0.303001	0.264971	-0.166332
0.14697	0.210839	0.166579	0.207213	-0.0195248	-0.167085	-0.25746	-0.391934	0.102855	0.00154735
0.107247	-0.150621	0.319775	0.353826	0.0592273	0.05988	-0.186211	-0.301209	0.166516	-0.428428
0.352683	-0.230496	0.129805	-0.092649	-0.0779613	0.178549	-0.0140137	-0.372238	0.425654	-0.299333
0.384545	-0.0162228	0.110926	0.00633379	0.108481	0.118814	0.144371	-0.40437	-0.205532	-0.247343
0.0557766	0.0194102	0.0152935	0.13846	0.19785	-0.0118759	0.21719	-0.544851	0.112814	-0.200067
-0.125899	0.141135	0.0667386	0.000986573	0.0800385	0.310155	0.0711616	-0.543932	0.210939	-0.211326
0.0229184	0.333918	0.0555759	-0.146647	0.0456118	0.128502	0.101932	-0.325348	0.0536271	-0.27009
0.0104788	0.285754	-0.132853	-0.0946892	0.247795	0.313489	0.0068203	-0.231308	-0.0450222	-0.360464
-0.249656	0.126918	-0.300488	-0.272732	0.479116	0.385562	0.327631	-0.119153	-0.147256	-0.22994
-0.309234	-0.0147335	-0.272559	-0.0950923	0.123837	0.49245	0.120003	-0.0335519	0.0820889	-0.0932055
-0.129596	-0.186647	-0.0612835	-0.0240848	-0.0661652	0.332795	-0.0552521	-0.0104868	0.232704	-0.0319814
-0.0375986	-0.0380525	-0.0210993	-0.00194772	-0.0361731	0.0776473	0.0423304	-0.00439386	0.0237617	-0.00447437
-0.0150527	-0.0129608	-0.00760338	-9.40196e-05	-0.000327416	0.0113749	0.0282594	-0.000134847	-0.00343029	-3.07905e-05
0.0	0.0	0.0	0.0	0.0	0.0	0.0	0.0	0.0	0.0
-5.46761e-06	-1.42604e-06	-7.50923e-05	0.000697034	-1.70881e-06	-4.60924e-05	-2.90173e-07	-1.47569e-05	-6.88843e-05	-0.000483315
-0.00165244	-0.0232194	-0.0109035	0.0122894	-0.00307413	0.00138769	-0.00152593	0.0352544	-0.00483836	-0.00371767
-0.00364228	0.00756999	0.00761056	0.141066	-0.0394525	-0.151458	-0.0434813	0.156362	-0.043665	-0.0309081
-0.0497268	0.0180853	0.118983	0.181628	0.0336656	-0.235446	0.0393011	0.095048	-0.101578	-0.0999571
-0.0267885	-0.0216891	0.0634329	0.266235	0.196276	-0.164892	-0.112207	0.218237	-0.138882	-0.279715
0.024151	-0.10211	0.167137	0.299797	0.11839	-0.0977633	-0.263821	0.341407	-0.197603	-0.28958
0.032101	-0.256423	0.127143	0.0749245	0.0639324	0.0522462	-0.0441315	0.332405	-0.0645583	-0.31764
-0.0390847	-0.374451	0.0541114	0.219492	-0.0368622	-0.000314881	-0.0415911	0.393485	0.012661	-0.187444
-0.279748	-0.471473	0.243511	0.347012	0.0961574	-0.0975815	-0.166463	0.234882	0.077262	0.0164389
-0.000711217	-0.190172	0.264547	0.392739	-0.164562	-0.0517949	-0.376997	0.295254	-0.117413	-0.0508929
-0.038366	-0.0377749	-0.0359013	0.209389	-0.292377	-0.104344	-0.321834	0.415691	-0.00430285	0.209821
-0.22022	-0.237594	0.0687432	0.0271868	-0.20623	0.00506248	-0.18702	0.273408	0.34107	0.135594
0.278105	-0.295978	0.037531	0.421944	-0.374873	-0.0453277	-0.424029	-0.0454728	0.0421793	0.405921
0.211575	-0.203894	-0.019141	0.159712	-0.41805	0.165003	-0.28118	-0.018387	0.0402733	0.364089
-0.0431308	-0.276534	0.0957854	0.127046	-0.470326	-0.0647641	-0.11273	0.113977	0.387861	0.242816
0.0564663	-0.215955	0.161321	0.239077	-0.406561	-0.0995979	-0.253163	0.0685831	0.0575565	0.392273
0.158967	-0.38753	-0.032654	-0.008513	-0.211717	0.00592184	-0.191598	0.160296	0.179056	0.327772
0.327411	-0.0875791	-0.0319811	0.324863	-0.414318	0.0553938	-0.374818	0.0520249	-0.214145	0.363147
0.0186852	-0.223213	-0.114336	-0.158914	-0.0634337	0.29228	-0.191446	-0.0364834	0.401205	0.0756554
0.0813055	0.056299	-0.163957	0.0699503	-0.196475	0.174842	-0.0767171	-0.0740848	0.0453072	0.083529
0.322584	0.0878521	-0.0691477	0.0703249	-0.112104	-0.0800478	-0.07662	-0.00104522	-0.0700778	-0.0717193
0.385954	0.107832	-0.184752	-0.102051	0.207579	0.178321	-0.0623536	-0.158331	-0.0870599	-0.28514
-0.00519743	0.123938	-0.490049	-0.179604	0.508072	0.280092	0.0889303	-0.256477	0.242403	-0.312107
-0.440093	0.00702762	-0.287561	-0.0795712	0.123862	0.800364	0.0805381	-0.104362	0.10334	-0.203541
-0.315651	-0.135175	-0.0716708	-0.0527823	-0.0344231	0.45758	-0.0236618	-0.0445766	0.288332	-0.0679654
-0.149685	-0.0189021	-0.0122575	-0.0053271	0.0628478	0.163852	-0.0482387	-0.0129319	0.0474107	-0.0267676
-0.0413441	-0.000320175	-0.000545213	-0.000391703	-0.00256473	0.0569785	-0.00309032	-0.000684006	-0.00727919	-0.000759035
0.0	0.0	0.0	0.0	0.0	0.0	0.0	0.0	0.0	0.0
-0.000337877	-0.00190032	-0.00242531	0.0197302	-0.00115121	-0.00179531	-8.51e-05	0.00638234	-0.00487271	-0.0135447
-0.000661626	-0.0387055	0.0274243	-0.0194958	-0.00455334	-0.0209368	-0.00656216	0.0879663	-0.00884089	-0.0156343
-0.00516973	-0.0164895	0.0580711	0.0568726	-0.0107584	-0.16433	-0.0506839	0.276157	-0.043321	-0.100347
-0.0868372	-0.00129399	0.307647	0.333366	0.110919	-0.503516	0.0351348	0.12373	-0.0523737	-0.266767
-0.0145207	-0.150091	0.170027	0.474311	0.330479	-0.276186	-0.0733519	0.0614599	-0.0446669	-0.477456
0.0782552	-0.249688	0.329121	0.206789	0.134636	-0.036631	-0.331973	0.290429	-0.108072	-0.312864
-0.0148323	-0.275263	-0.0836807	0.0909046	0.142655	0.168552	0.0122624	0.283936	-0.0106897	-0.313846
-0.232981	-0.532828	0.194257	0.0971521	0.0110366	0.256277	-0.055683	0.123392	0.181194	-0.0418156
0.0322558	-0.317271	-0.0214567	0.0721828	0.0459381	0.0457325	-0.141286	0.254851	-0.0236895	0.0527426
0.0410342	-0.0798346	-0.131466	-0.0140242	-0.215391	0.269569	-0.258853	0.32697	0.100051	-0.0380547
0.114932	-0.224089	0.100594	-0.0233358	-0.123213	0.167741	-0.104478	0.236611	-0.205725	0.0609635
-0.00965013	-0.0332153	-0.0733608	0.175137	-0.476209	0.0757647	-0.154624	0.222341	-0.127378	0.401198
0.177824	-0.217301	0.302266	-0.00927295	-0.318911	-0.228329	-0.330322	0.165171	-0.033323	0.492199
0.069595	-0.0902244	0.0716136	0.314359	-0.416868	0.176174	-0.0884589	-0.093787	-0.377942	0.435542
-0.0630848	-0.439874	-0.0866772	0.263913	-0.334233	-0.229556	-0.108979	0.148803	0.322441	0.527249
-0.0381384	-0.221451	0.0511485	-0.0060158	-0.413404	0.129538	-0.371568	0.218918	0.09823	0.552743
0.26916	-0.222989	-0.306488	0.184196	-0.107205	0.0745276	-0.237553	0.280602	-0.210375	0.276128
0.286677	-0.30455	-0.0347195	-0.151612	-0.280863	0.0908501	-0.321722	0.395115	0.158296	0.162528
0.142409	-0.0787741	-0.111665	0.115615	-0.0329473	0.0779078	-0.318538	0.186256	-0.0993245	0.119061
-0.042396	0.0626543	-0.226872	0.0131558	-0.0617261	0.0964032	-0.315754	0.340304	-0.0607879	0.195018
-0.0142694	-0.0540149	-0.00349876	-0.261543	-0.0724771	0.185522	-0.21102	0.194012	0.188054	0.0492326
0.0629311	-0.0707574	0.180072	-0.246467	0.173525	0.226824	-0.312652	0.134947	0.00647341	-0.154897
0.215819	-0.125685	-0.57836	-0.274683	0.407801	0.358566	-0.175032	0.0120823	0.373739	-0.214249
-0.152623	-0.363885	-0.431828	-0.199582	0.170255	0.726389	0.0901832	-0.0603262	0.453171	-0.231755
-0.357349	-0.220462	-0.0916941	-0.066199	0.0220322	0.829163	-0.113505	-0.0669992	0.169519	-0.1045
-0.17156	-0.00907522	-0.0177893	-0.00465929	0.0887847	0.159849	-0.0473716	-0.0123209	0.0576772	-0.0435335
-0.0116258	-0.0048087	-0.00135328	-0.000334181	-0.00290371	0.0267734	-0.011436	-0.00049073	0.00743034	-0.00125128
0.0164969	-3.27225e-07	-0.000212715	-8.37895e-07	-0.000604107	-6.084e-06	-8.02881e-06	-0.00974362	-2.79347e-05	-0.00589327
-0.000313647	-0.00160038	0.000820161	-0.00738221	-0.0174676	-0.00155994	-0.000255788	0.0713554	-0.00502493	-0.038571
0.00318865	-0.0245795	0.00786418	-0.0167219	0.0154156	-0.0226889	-0.00613011	0.130024	-0.012334	-0.0740374
0.0112813	-0.00447358	0.0336492	0.0807293	0.00790963	-0.173509	-0.0448597	0.366697	-0.00614415	-0.271277
-0.122364	-0.0338928	0.34263	0.401484	0.0670269	-0.670631	0.035452	0.306716	0.0271046	-0.353513
-0.0687487	-0.105561	0.0943289	0.208901	0.255462	-0.321054	-0.136624	0.256781	0.118006	-0.301487
-0.0334422	-0.242837	-0.00549295	0.0321378	0.0636508	-0.0505151	-0.286464	0.267049	0.25764	-0.00172459
-0.092639	-0.188892	0.0259478	0.0535701	0.109761	-0.203685	-0.175744	0.563764	0.220995	-0.313078
-0.0139021	-0.464902	0.0836991	-0.0752327	-0.116978	0.139285	-0.180342	0.320237	-0.0200321	0.328169
0.26888	-0.465594	-0.0647141	-0.105511	0.137465	0.0670591	-0.118384	0.182589	0.179471	-0.0812607
-0.00688355	-0.216699	0.297799	0.0819312	-0.176967	0.131765	-0.221933	0.0428515	0.128396	-0.0602575
-0.0551446	-0.292581	0.0978235	-0.00283522	0.0235064	0.130375	-0.156302	0.327759	0.0120639	-0.0846643
0.202433	-0.0456495	-0.119387	0.120052	-0.224459	-0.0414403	-0.211719	0.39807	0.274229	-0.352128
-0.0184936	0.0477033	-0.0776697	0.0777664	-0.317712	-0.0724009	-0.224359	0.0143897	0.356303	0.214474
0.238353	-0.0276956	0.0312195	0.182278	-0.416839	-0.0812578	-0.426261	0.263152	-0.202317	0.43937
0.289016	0.00379605	-0.0234608	0.133579	-0.250546	-0.184325	-0.493885	0.346029	-0.0541232	0.23392
0.591093	-0.313035	-0.114526	0.0887721	-0.531419	-0.01595	-0.450073	0.279695	0.230876	0.234569
0.256229	0.165328	-0.0405441	0.112836	-0.229444	-0.0105415	-0.354669	0.180847	-0.0713596	-0.00868061
0.0980755	-0.219371	-0.267219	0.369006	0.02321	-0.066655	-0.636049	0.441916	0.10593	0.151158
0.0136899	-0.100451	0.202979	0.135348	-0.121794	0.12342	-0.541929	0.0956605	0.176261	0.0168179
0.205291	-0.26075	0.0496034	0.0934163	-0.0706721	0.300737	-0.399595	0.228562	0.0516614	-0.198254
0.0744131	-0.263793	-0.157807	0.0500071	-0.0136562	0.172532	-0.264475	-0.050824	0.193808	0.259795
0.177095	-0.26746	-0.0545209	0.302382	-0.163997	0.0484491	-0.464664	0.262915	0.158554	0.00124636
0.438289	-0.487339	-0.0247594	-0.554684	0.164701	0.67448	-0.513177	0.138248	0.337706	-0.173465
0.10174	-0.530018	-0.482344	-0.439186	0.0974468	1.16287	-0.325679	-0.126809	0.681251	-0.139264
-0.373679	-0.24253	-0.173959	-0.0916377	0.120471	0.935652	-0.23115	-0.123479	0.295514	-0.115196
-0.144715	-0.0197488	-0.0254939	-0.00625588	-0.0590715	0.25945	-0.131068	-0.0192593	0.187996	-0.0418328
-0.00813266	-0.00358815	-0.00260167	-9.90919e-05	-0.00239424	0.0094743	-0.0136013	-0.00492602	0.0278472	-0.00197831
-4.02881e-06	-2.84365e-05	-1.2884e-05	-0.000176644	-0.000772043	-8.49306e-05	-3.09946e-06	0.00276266	-2.71873e-05	-0.00165341
-0.00047911	-8.49687e-05	-0.00137959	-0.00669813	-0.018389	-0.00163737	-0.000136123	0.084111	-0.00385947	-0.0514473
0.00852779	-0.0159936	-0.0330784	0.047616	0.00376785	-0.0107608	-0.0108542	0.151806	-0.030647	-0.110383
0.0312339	-0.0101161	0.0600829	0.197587	-0.135019	-0.197833	-0.0598722	0.420152	-0.0362933	-0.269917
-0.0776282	-0.0994245	0.240231	0.591605	-0.226823	-0.522609	0.062856	0.411199	0.023123	-0.402521
-0.036858	-0.273421	0.401323	0.167295	-0.0282471	-0.314732	-0.256386	0.260839	0.112019	-0.0318277
-0.122686	-0.271043	-0.0979111	0.127196	-0.0805932	-0.057788	-0.264054	0.257145	0.240358	0.269377
-0.16019	-0.149049	-0.0979211	0.213465	-0.0563446	-0.0181478	-0.050498	0.19333	0.109297	0.0160587
-0.133218	-0.253139	-0.0823612	0.131393	-0.0129867	0.143144	-0.177112	0.145818	0.164575	0.0738882
0.0732473	-0.387189	0.155148	0.0383951	-0.0165214	-0.068191	-0.222853	0.267726	0.211631	-0.0513907
0.191748	-0.190722	0.245523	-0.104823	-0.267535	0.185523	-0.349548	-0.0570849	0.0986434	0.248279
-0.0797156	-0.104137	-0.0874439	-0.356993	-0.0282814	0.387139	-0.112661	0.166394	0.0974588	0.118245
0.00566807	-0.137567	0.018921	-0.238764	-0.121621	0.219614	-0.222441	0.503429	-0.100491	0.0732554
0.336004	0.054564	0.0121991	-0.171198	-0.109942	-0.0656633	-0.438388	0.226404	0.0700441	0.0859784
-0.00598458	0.153056	0.102389	0.291687	-0.638036	-0.210381	-0.212466	0.566325	-0.249936	0.203345
-0.259615	0.545489	0.269789	0.448577	-0.398645	-0.409506	-0.445128	0.360292	-0.509099	0.397848
0.1912	0.202366	0.270438	0.286361	-0.0625527	-0.428828	-0.610545	0.293675	-0.107126	-0.0349855
0.342285	0.012734	-0.0617815	0.144794	-0.118465	-0.186307	-0.768381	0.582211	0.0552293	-0.00231625
0.2707	-0.140334	0.0240496	0.0838753	0.111723	-0.0252626	-0.664976	0.26942	-0.0642346	0.135041
0.354367	-0.252926	-0.0661559	0.255994	-0.0946463	-0.069085	-0.608867	0.326828	0.0251881	0.129304
0.279343	-0.386113	-0.0633961	0.279161	0.0743872	0.0307308	-0.359336	0.014951	0.040316	0.0899554
-0.168974	-0.313017	-0.198735	0.136589	0.0571233	0.392038	-0.144973	0.305139	0.157258	-0.222446
-0.130482	-0.395524	0.0421703	0.407523	-0.0106742	0.265146	-0.527321	0.234551	0.13055	-0.0159393
0.508482	-0.500547	-0.0852998	-0.250134	0.0549134	0.607161	-0.405605	-0.017253	0.341255	-0.252975
0.378586	-0.343028	-0.483642	-0.426358	-0.280021	1.41481	-0.381754	-0.0763489	0.413051	-0.215289
-0.338384	-0.174438	-0.129717	-0.0619903	-0.212143	1.18561	-0.379922	-0.0366782	0.305267	-0.157596
-0.129006	-0.0210314	-0.00770754	-0.0122316	-0.0798371	0.264517	-0.171841	0.0174829	0.202359	-0.0627031
-0.00160885	-0.00300916	-0.00153504	-0.000530205	-0.00790593	0.0167322	-0.00825266	0.061894	-0.0513057	-0.00447867
-5.76365e-06	-3.31276e-05	-2.6625e-05	-0.000282046	-0.000900104	-0.000107039	-3.65782e-06	0.00367641	-3.74102e-05	-0.00228063
-0.000505986	-4.05517e-05	-0.000492782	-0.00446925	-0.0175758	-0.00153729	-4.85949e-05	0.0796476	-0.00206725	-0.05291
0.0411306	-0.00820353	-0.0289362	0.0159667	-0.0416857	-0.0131157	-0.0377558	0.24004	-0.0223393	-0.145101
0.0104531	-0.0612846	0.106994	0.333694	-0.137209	-0.178897	-0.074714	0.341925	-0.120159	-0.220798
-0.041958	-0.123989	-0.056689	0.325107	-0.205627	-0.202517	-0.053178	0.38614	0.205088	-0.23237
0.056987	-0.282297	0.404157	-0.0287447	-0.192353	-0.160301	-0.230228	0.249832	0.0550653	0.127887
-0.104281	-0.431696	0.458199	-0.000675351	-0.17724	-0.0662258	-0.182869	0.153747	0.10234	0.248705
-0.140962	-0.294699	-0.0182905	-0.0218649	-0.0654208	0.22069	0.00964579	0.114495	0.196961	-0.000552865
-0.0978589	-0.194581	-0.00934334	-0.242058	-0.0227486	0.367959	0.0171175	-0.128582	0.155879	0.154215
0.099552	-0.305603	-0.197428	-0.534797	0.187263	0.39926	-0.233359	0.17022	0.290848	0.124045
-0.11146	-0.0220867	0.0320625	-0.463079	0.0144115	0.233215	-0.116271	-0.0521616	0.317203	0.168168
0.123907	0.132219	0.0587019	-0.494014	-0.00941726	0.225719	-0.157302	-0.233651	0.253973	0.0998642
-0.0698854	-0.0548436	0.028832	-0.547179	0.286541	0.382825	-0.301486	-0.285672	0.375649	0.185221
0.166964	0.345963	-0.208014	0.0875779	-0.301359	0.143673	-0.0995803	0.202754	0.00682724	-0.344803
0.0837977	0.541432	0.0586535	0.190091	-0.945227	0.0598087	-0.304894	0.385524	-0.0355756	-0.0336081
-0.168224	0.865235	-0.14095	0.100263	-0.0698585	-0.112261	-0.509089	0.475473	-0.353729	-0.0868615
0.0811154	0.303501	0.0396735	0.223328	-0.247982	-0.231449	-0.481857	0.705768	-0.405269	0.0131722
0.402841	0.123831	0.235937	0.215947	0.0298602	-0.445167	-0.476241	0.259887	-0.239182	-0.107711
0.301844	-0.216059	0.0602024	0.204658	-0.00472553	-0.479893	-0.496903	0.337793	0.245722	0.0473625
0.00367422	-0.178448	-0.0785362	0.234876	0.159485	-0.383583	-0.511265	0.449114	0.273569	0.031115
0.199615	-0.421285	-0.113597	0.311475	-0.155201	-0.19691	-0.251275	0.468225	0.1648	-0.00584676
0.0999729	-0.295517	-0.133243	0.061635	-0.0167907	-0.0146118	-0.252794	0.449186	0.201546	-0.0993832
0.221224	-0.379722	-0.0985312	0.22169	-0.0558096	-0.00604162	-0.410129	0.265335	0.250807	-0.00881927
0.509573	-0.388099	-0.162922	-0.0456832	-0.480626	0.71874	-0.131916	-0.209373	0.312384	-0.122076
0.393916	-0.311468	-0.403402	-0.304009	-0.379093	1.75832	-0.262765	-0.144578	-0.00472376	-0.342183
-0.342807	-0.114524	-0.0735164	-0.0260256	-0.262921	1.52985	-0.478335	-0.0162045	-0.102403	-0.113108
-0.157853	-0.0314145	0.0294621	-0.00695633	-0.101556	0.428155	-0.167364	0.0119982	0.057047	-0.0615184
-0.000646329	0.00126335	-0.000946511	-0.000151542	-0.00228873	0.0063558	-0.0206534	0.015731	0.00983753	-0.00850119
-2.94488e-05	-6.09098e-06	-3.18297e-05	-0.000204917	-0.000126991	-8.96139e-05	-4.29077e-06	0.00145272	-4.12394e-05	-0.000918293
0.0100719	0.00049696	-0.000810643	-0.00268362	-0.0307408	-0.0122196	-0.000202562	0.112021	-0.00248961	-0.0734431
-0.00427509	-0.000137335	-0.0131183	0.0147332	-0.140237	-0.0252142	-0.00135787	0.434258	-0.0137045	-0.250947
0.00206874	-0.0409229	-0.047806	0.328759	-0.100177	-0.229338	-0.0751823	0.430017	-0.0259024	-0.241512
-0.187939	-0.076098	-0.170383	0.300077	-0.275924	-0.0920633	-0.0231631	0.460924	0.0685764	-0.00400122
-0.163646	-0.151698	0.0250093	-0.145496	-0.0906736	-0.0377107	-0.0138167	0.102163	0.238956	0.236916
0.00426691	-0.390058	0.0104904	-0.278149	0.123255	0.278189	-0.0906762	0.00491884	0.118935	0.218832
0.0192242	-0.350672	-0.213429	-0.564308	0.0502348	0.16573	0.158034	0.126058	0.498105	0.111022
-0.0149459	-0.283202	-0.412436	-0.433245	0.171752	0.159204	0.00273824	-0.17492	0.345721	0.63933
-0.243452	-0.315088	-0.438932	-0.490986	0.428347	0.109146	0.164696	0.210995	0.430428	0.144845
-0.0635894	-0.158086	-0.823929	-0.374432	0.521297	0.0675837	0.0184554	0.328502	0.249765	0.234434
-0.0720396	-0.110316	-0.673604	-0.192942	0.111583	0.125994	-0.0879285	0.314967	0.211611	0.372678
-0.349981	-0.142416	-0.783972	-0.0404322	0.607499	0.21496	0.174154	-0.0531931	0.179549	0.19383
-0.0425029	0.372101	-0.940518	0.285183	-0.821283	0.588066	0.198971	0.120075	0.196379	0.0435345
-0.404464	0.724231	-0.54721	0.0963598	-0.872726	0.0856658	-0.25683	0.474998	0.659162	0.0408129
-0.679659	0.793371	-0.487972	0.224047	0.369525	-0.216379	-0.631744	0.386164	-0.0199921	0.262637
-0.623924	0.230218	-0.165083	-0.0592927	0.439531	-0.19654	-0.194921	0.419245	-0.152341	0.303107
-0.020576	-0.121395	-0.35627	0.355019	0.179949	-0.160208	-0.399386	0.319203	-0.211995	0.415661
-0.235716	-0.0265192	-0.0825071	0.115427	0.0161596	-0.0410815	-0.315381	0.498756	-0.233663	0.304528
0.0360993	-0.19541	0.254387	0.097312	-0.0176066	-0.325064	-0.21416	0.22511	-0.0338652	0.173198
0.19037	-0.188085	-0.151347	0.364005	-0.245365	-0.64216	-0.159313	0.350782	-0.0856139	0.566729
0.349992	-0.233721	0.0286208	-0.0786572	-0.232317	-0.457512	-0.0518724	0.333809	0.0124636	0.329193
0.236806	-0.226484	-0.0585885	-0.012497	-0.243009	-0.540893	-0.102176	0.290846	0.308942	0.347054
0.302071	-0.200609	-0.159758	-0.19436	-0.49531	0.198488	0.318898	-0.209669	0.501102	-0.0608492
0.414725	-0.189475	-0.163618	-0.239487	-0.484357	0.790748	-0.0446106	-0.18511	0.368031	-0.266837
-0.225988	-0.108449	0.0687659	0.0081486	-0.21959	1.05999	-0.46424	-0.0823023	0.0962584	-0.13259
-0.110736	-0.0338415	0.0397839	-0.00345237	-0.038228	0.285886	-0.270502	-0.0135765	0.184828	-0.0401604
-0.000455752	0.00635182	-0.00229224	-8.23755e-05	-0.00144069	0.00420711	-0.0114348	0.00394102	0.00391998	-0.00271412
-1.25868e-06	-2.65929e-08	-1.96405e-05	-0.000105075	-1.7838e-06	-1.38798e-05	-1.57975e-08	0.00188381	-2.19305e-05	-0.0017202
2.84201e-05	-0.00023511	-6.97513e-05	-0.00296012	-0.0395606	-0.0177216	-0.000296064	0.104865	-0.00137037	-0.04268
-0.00478597	-0.0036448	-0.00207128	-0.00953102	-0.16124	-0.0237162	-0.00133703	0.436009	-0.00945805	-0.220223
-0.0267246	-0.00315169	-0.167688	0.0631178	-0.2143	-0.0921189	-0.0646822	0.601694	0.0916255	-0.187769
-0.127393	0.00587889	-0.263145	-0.0082506	-0.401868	0.0218274	-0.0611003	0.50858	0.00451921	0.32096
-0.0336579	-0.0705898	-0.537686	-0.253578	-0.0463555	0.0258091	-0.0461671	0.256284	0.317319	0.388626
0.246207	-0.129519	-0.925384	-0.334058	0.203561	0.342032	0.133115	0.0205449	0.0407155	0.402786
0.0117427	-0.179805	-1.08799	-0.316952	0.359281	0.0858855	0.23121	0.42047	0.255242	0.220917
-0.0866083	-0.203035	-0.532717	-0.403642	0.459908	-0.00744385	0.159443	0.514168	-0.0576824	0.157609
-0.065776	-0.121414	-0.544225	-0.152609	0.196664	-0.111691	0.260262	-0.0328077	0.155817	0.415778
0.0102919	-0.344462	-0.642461	0.214752	0.544908	0.313534	-0.0179805	-0.13818	-0.17934	0.238935
0.0162033	-0.48685	-0.608993	-0.150031	0.536844	0.145851	0.352102	0.104428	-0.128567	0.219013
0.154917	0.0650826	-0.559041	-0.0207301	0.99124	0.176785	0.162038	-0.706474	0.0622288	-0.326044
0.104449	0.192877	-0.368978	-0.0121796	0.0117901	0.328974	0.190295	-0.95595	0.471782	0.0369379
-0.569514	0.974332	-0.456516	0.519826	-0.581343	-0.107752	-0.271989	-2.31307e-05	0.207336	0.285641
-0.868359	0.482764	-0.493164	0.169174	0.186545	0.0428607	-0.342978	0.43108	0.0548571	0.337225
-0.660768	0.152275	-0.206944	0.119685	0.326295	-0.329477	-0.0936312	0.489609	-0.0294817	0.232442
-0.0317179	0.127241	-0.303703	-0.0710043	0.0360361	-0.440349	-0.12918	0.466899	0.106256	0.239524
-0.0202295	-0.0292541	-0.298276	0.140684	0.016782	-0.324892	-0.205825	0.397845	-0.0800996	0.403268
0.123503	-0.1981	0.214557	-0.0512864	0.158587	-0.35233	-0.369324	-0.116486	0.222257	0.368622
0.0840739	-0.14496	-0.0714622	0.0162631	0.129243	-0.414173	-0.199713	0.0256163	0.235627	0.339484
0.0887995	-0.0850903	0.0185762	-0.62227	0.34043	-0.863854	0.0760993	0.144	0.44791	0.455398
0.303999	-0.087616	-0.0665057	-0.48811	0.147215	-1.2268	0.388345	0.116118	0.424459	0.488898
0.414949	-0.0568675	-0.397686	-0.290282	-0.201716	-1.15746	0.777052	-0.224506	0.767139	0.369375
0.66233	-0.0657049	0.155865	-0.133452	-0.132848	-1.05665	0.34626	-0.194885	0.728463	-0.309357
-0.0259301	-0.0476193	0.328576	0.0205256	-0.0670113	0.0382954	-0.269804	0.0187129	0.161387	-0.15713
-0.0671467	-0.0361083	0.222265	-0.00049579	-0.0311597	0.18432	-0.293027	0.0426611	0.0311983	-0.0525059
-0.000402649	0.00449973	0.022838	-0.000118224	-0.0109584	-0.00437738	-0.0147477	0.0196969	-0.0147483	-0.00168199
-6.94295e-09	6.18586e-05	-7.754e-06	-1.84743e-05	-2.10009e-07	-2.04018e-06	-1.70305e-06	-1.18959e-05	-8.04435e-06	-1.17298e-05
0.00072402	-4.31586e-05	-5.00462e-05	-0.00184973	-0.0369688	-0.00282035	-0.000336193	0.0652661	-0.000252749	-0.0236691
-0.00216896	-0.00117905	-0.000941904	-0.00591417	-0.104786	-0.00613054	-0.000542875	0.263433	-0.00244088	-0.139328
-0.0149598	0.0132427	-0.205197	0.0318458	-0.174772	0.00130317	-0.0569647	0.483529	0.0549251	-0.13295
0.0376694	0.0383834	-0.611438	-0.223161	-0.173919	0.110488	-0.102788	0.29381	-0.0783305	0.709293
-0.0202916	-0.0524036	-0.880972	-0.277397	0.25044	0.214829	0.0888075	0.129012	0.0834027	0.464576
0.319888	-0.10451	-1.11936	-0.301289	0.492838	-0.0856625	0.450622	0.20991	-0.00428452	0.141854
0.318873	-0.167979	-0.839442	-0.336597	0.318406	0.161954	0.0406227	0.164977	0.00553184	0.33365
0.0574941	0.0202664	-0.341211	-0.190517	0.366929	-0.0366641	0.0166533	-0.015852	-0.0958217	0.218722
0.0859039	-0.077012	-0.276359	-0.112668	0.392051	0.0454512	0.101744	-0.172055	0.0798336	-0.0668917
0.209673	-0.696116	-0.178432	-0.15755	0.469158	0.163546	0.273884	0.0238249	-0.200509	0.0925229
0.0544498	-0.697611	0.108277	-0.203504	0.599382	0.30394	-0.0337529	-0.221046	0.105532	-0.0156644
0.133329	0.0176732	-0.105762	0.0957963	0.468284	0.508121	0.0906628	-1.11542	0.235792	-0.328465
-0.45316	0.275931	0.188385	0.410758	-0.316652	0.279096	0.10843	-1.09918	0.513833	0.0925654
-0.699504	0.610867	0.0829152	0.274978	-0.05246	-0.0900233	-0.219025	-0.0630802	-0.102142	0.257473
-0.897923	0.398502	-0.263311	-0.234362	0.445845	-0.255409	0.0454975	0.0239394	0.42155	0.315676
-0.616813	0.140504	-0.270808	0.108722	0.205997	-0.434212	0.0417469	0.219008	0.13588	0.469975
-0.195747	0.389302	-0.0844635	0.0427404	0.18176	-0.162739	-0.325509	0.0324531	-0.157749	0.279952
-0.0321798	-0.227862	-0.257155	0.214246	0.225442	-0.117725	-0.176277	0.0617885	0.0559734	0.253751
-0.0601869	-0.318896	-0.246811	0.0416801	0.074439	0.0189514	0.117802	-0.197584	0.0865241	0.484083
-0.347257	-0.196697	-0.242718	-0.515308	0.378425	0.0146496	-0.10852	0.309927	0.333944	0.373551
-0.100551	-0.131984	0.0302306	-0.553315	0.403389	-0.287914	0.27748	0.155986	-0.166121	0.372799
0.223079	-0.144293	-0.0350224	-0.679068	0.332554	-0.3392	0.41607	-0.0763614	0.0527292	0.249513
0.442578	-0.133884	-0.107455	-0.30129	-0.0447574	-0.787582	0.871163	-0.0654562	0.350017	-0.223328
0.498116	-0.124328	0.567349	-0.0948682	-0.255531	-0.869521	0.431973	0.0419295	0.267219	-0.46233
0.113742	-0.0807412	0.67947	0.00187715	0.014559	-0.244044	-0.342858	0.052427	0.0511294	-0.24556
-0.0208835	-0.0415958	0.495232	-0.00158039	-0.0230897	-0.012782	-0.289807	0.00413929	-0.0329406	-0.0766917
-0.0032596	-0.00078255	0.150044	-0.00426468	-0.0376027	-0.0381507	-0.04876	-0.0120134	-0.00291091	-0.00229946
-4.3309e-05	-1.4298e-06	-2.78794e-05	-0.00242152	-0.000135249	0.0100694	-0.000160744	-7.63575e-05	-0.000362563	-0.00684032
-5.76369e-05	-1.41545e-05	-0.0148868	0.0157807	-0.0228743	-0.00124384	-1.39397e-05	0.0370812	-0.000958895	-0.0128123
-0.00077587	0.00152883	-0.010081	0.00829842	-0.0494312	-0.00199581	-5.64537e-05	0.148296	-0.0013251	-0.0944581
-0.0960117	0.0245587	-0.16955	0.0416025	-0.0306311	0.033135	-0.0296481	0.249692	-0.0125749	-0.0105714
-0.042721	0.0383631	-0.395205	-0.107342	0.388262	0.0767148	-0.294939	0.141364	-0.178919	0.374429
0.262658	-0.0700974	-0.657723	-0.361861	0.571047	-0.037783	0.0297045	0.152786	0.00974674	0.101523
0.178046	-0.131221	-0.257542	-0.459744	0.308142	-0.0711833	0.259348	-0.0918807	-0.0714058	0.337439
0.500727	-0.183159	0.0843673	-0.39213	0.413249	-0.0417684	-0.0182932	-0.0586628	-0.490014	0.185683
0.196109	0.0118726	-0.0758051	-0.184005	0.347674	0.0630069	0.131867	-0.163057	-0.333347	0.00568477
0.279429	-0.237205	-0.100319	-0.0793564	0.278722	0.0949709	0.360778	-0.335406	-0.30038	0.0387653
-0.0416238	-0.724908	0.0897375	-0.122345	0.275729	0.333787	0.313704	-0.145315	-0.0170979	0.0383269
0.15016	-0.649513	0.106958	-0.263123	0.392237	0.0216797	0.498145	-0.543224	0.308678	-0.0219969
0.278138	0.0946919	-0.101434	0.207334	0.330209	0.0384451	0.166021	-1.07115	0.223578	-0.165831
-0.240303	0.271287	0.279893	-0.00916536	-0.278578	0.0270347	-0.0600889	-0.598364	0.507163	0.101123
-0.78991	0.5827	0.0990768	0.194886	0.07705	-0.073462	-0.182985	-0.171631	0.227431	0.0368455
-0.723847	0.437317	-0.190462	0.0452032	0.199306	-0.121379	0.0580283	-0.103886	0.193819	0.205905
-0.794321	0.262995	-0.0722276	0.00291183	0.382931	-0.346831	0.22368	0.0330078	-0.0346959	0.342552
-0.141788	-0.169646	-0.327032	0.0695745	0.578963	-0.365633	-0.378561	0.290149	0.14196	0.302016
-0.0572917	-0.623712	0.162752	-0.00676119	0.210541	-0.194176	-0.122978	0.463483	-0.068852	0.236998
-0.179962	-0.487017	-0.0655799	-0.196089	0.429407	-0.321167	0.0197537	0.724767	0.0674868	0.00840139
0.0307556	-0.285583	0.0830067	-0.326233	0.217505	-0.00611897	-0.136401	0.367692	-0.202696	0.258073
0.208813	-0.195029	-0.148147	-0.0195208	0.0638315	-0.145487	0.135026	0.0549603	-0.152011	0.197562
0.117427	-0.13385	-0.0890988	-0.299738	0.15236	0.105585	0.323546	0.311015	-0.446806	-0.0404378
0.406776	-0.097169	0.181635	-0.199275	-0.0737209	-0.0304886	0.424437	0.331679	-0.402957	-0.540915
0.550409	-0.0492968	0.410238	-0.0167186	-0.250232	-0.229085	0.29045	0.0336733	-0.228343	-0.511088
0.0851982	-0.0421463	0.625281	-0.028766	-0.0903287	-0.30254	-0.0958916	-0.0747577	0.0723044	-0.148349
-0.00933186	-0.00650182	0.416346	-0.0173653	-0.0952647	-0.0435352	-0.208374	-0.00849711	-0.0102021	-0.0172738
-0.000325557	-3.71891e-05	0.0151726	-0.00303556	-0.00409385	-0.00184864	-0.00513184	-0.000146308	-0.000508958	-4.47329e-05
-1.64579e-05	-5.59568e-07	-9.17611e-06	-0.00079526	-5.47812e-05	0.00321931	-5.31739e-05	9.5097e-05	-0.000124241	-0.00226076
-5.96648e-05	-7.51211e-06	-0.0320018	0.0356293	-2.8616e-05	-0.00145467	-6.89384e-06	-5.75825e-05	-0.0019773	-3.52429e-05
-0.00180369	0.00961257	-0.0171599	0.0394004	0.0199172	-0.00665778	-0.000354814	0.0348515	-0.00246657	-0.0753391
-0.114132	0.00439117	0.0317191	0.0366324	0.0768659	-0.0295657	-0.0875918	0.117794	-0.0119896	-0.0241222
0.123065	-0.0062911	0.11371	0.0762558	0.255454	-0.0469931	-0.462975	0.0167734	-0.168377	0.0993825
0.397823	-0.127813	0.312191	-0.0495504	0.212163	-0.287117	-0.0888917	-0.126746	-0.314292	0.0722346
-0.0817868	-0.225327	0.35958	-0.026513	0.228335	-0.132841	0.220952	-0.116433	-0.298967	0.0730019
0.398425	-0.159502	-0.0657098	-0.269809	0.391126	-0.243209	0.292963	-0.185883	-0.244888	0.0864845
0.303093	-0.0562175	-0.104223	-0.339273	0.294611	0.0366944	0.229957	-0.343597	-0.146592	0.125548
0.301399	-0.315742	0.0274556	-0.311519	0.368314	0.182431	0.142535	-0.351367	-0.00522458	-0.0382797
0.35825	-0.531085	0.0534478	-0.223837	0.315733	0.0709669	0.226614	-0.186842	-0.144309	0.0610622
0.063001	-0.179709	-0.0775018	-0.0784939	0.410886	0.0266444	0.412428	-0.570407	-0.0924755	0.0856368
-0.0689096	0.22849	-0.0689014	0.0551503	0.178433	0.141983	0.24697	-0.730183	0.15258	-0.13561
-0.622817	0.443689	0.229627	0.0418894	-0.267213	-0.0112359	0.163368	-0.25333	0.397491	-0.121464
-0.940966	0.717867	0.120241	0.229348	0.087844	-0.351271	0.252215	-0.383231	0.485856	-0.217897
-0.670008	0.0279753	0.033846	0.198179	0.238366	-0.265789	0.0159389	0.17272	0.0586902	0.190087
-0.504907	0.366089	-0.0341893	-0.0351822	0.562641	-0.15625	-0.0678813	-0.265695	-0.0956655	0.231045
-0.261983	-0.574792	-0.194492	-0.0310264	0.528472	-0.301846	-0.0399153	0.642912	-0.16818	0.400861
-0.0285304	-0.625094	-0.193059	-0.205415	0.131565	0.269979	-0.0692164	0.578601	0.0357214	0.105449
-0.0559974	-0.554467	0.0291299	0.0676426	0.259942	-0.0383656	0.0238768	0.261229	-0.084253	0.0912627
0.242255	-0.392013	-0.307821	0.394958	-0.143617	-0.163939	0.146167	0.404862	-0.304393	0.123543
0.0645178	-0.209519	-0.179985	0.265655	-0.0826335	-0.0198181	0.180734	0.332313	-0.279082	-0.0721818
0.16899	-0.169894	-0.391999	0.265353	0.229805	-0.119563	-0.0373424	0.45596	-0.195603	-0.205706
0.374119	-0.113574	-0.0795234	0.312036	-0.125712	0.119517	0.129149	0.182559	-0.36545	-0.433117
0.430526	-0.0644782	0.645415	0.158623	-0.532155	0.108115	0.185188	-0.0785096	-0.40208	-0.450633
0.0158947	-0.033689	0.698268	-0.0721352	-0.203079	-0.17899	0.10238	-0.193667	0.0173554	-0.152332
-0.016774	-0.0119816	0.40736	-0.0225115	0.0398788	-0.0703159	-0.201565	-0.0399535	-0.0280026	-0.0561344
-0.00276655	-0.00137393	0.0668659	-0.000840387	-0.00734381	-0.0277419	-0.0173286	-0.000717209	-0.00450341	-0.00425
-1.3012e-05	-5.2231e-07	-2.71161e-07	-1.35587e-05	-5.99779e-05	-0.000444253	-3.09114e-06	0.00068628	-3.15744e-05	-0.000120019
-5.11178e-05	3.91397e-05	-0.0158147	0.0200499	-1.7634e-05	-0.000835352	-2.59545e-05	-0.00133991	-0.00104965	-0.000954793
-0.00586087	0.00774776	0.000952934	0.0959493	-0.0103382	-0.0280077	-0.00183094	-0.00537047	-0.00611306	-0.0471286
-0.0720956	-0.00367375	0.330874	0.156755	-0.100191	-0.013942	-0.136202	-0.088975	-0.00214131	-0.0704067
0.200787	-0.0200943	0.415597	0.372186	-0.254411	-0.0666703	-0.466863	-0.0527234	-0.208074	0.080273
0.480748	-0.162214	0.243281	0.186499	-0.144026	-0.125737	0.0652751	-0.194051	-0.380423	0.0306491
0.250657	-0.353369	0.424603	-0.108424	0.0619648	-0.144144	0.324613	-0.0790704	-0.190852	-0.185976
0.172159	-0.316507	0.0791067	-0.274871	0.393222	-0.541619	0.407698	0.149628	0.0436219	-0.11244
0.348071	-0.223425	-0.191566	-0.474395	0.352181	-0.271714	0.285749	-0.132293	0.0479354	0.259456
0.303486	-0.0476906	0.216075	-0.0833372	0.171464	-0.460982	0.325559	-0.177479	0.003881	-0.250978
0.231986	-0.115179	0.175358	-0.17266	-0.100448	-0.0965336	0.385878	-0.527663	0.174935	0.044326
0.135128	-0.121121	0.220854	-0.0379317	-0.10688	-0.170391	0.799031	-0.86152	0.0205775	0.122255
-0.272296	-0.253043	0.274932	0.0154086	0.0774077	-0.0203282	-0.0418556	-0.227226	0.542153	-0.0951489
-0.871276	0.440196	0.455688	0.366517	-0.0300195	-0.0681873	0.0195097	-0.135205	0.105413	-0.282635
-0.687531	0.736308	0.152226	0.00158691	0.364996	-0.328675	0.197947	-0.521462	0.0909651	-0.00636403
-0.389302	-0.128646	-0.139379	-0.192503	0.563308	-0.112943	0.12163	0.183653	0.089302	0.00488258
-0.290749	0.0524603	0.206429	-0.43097	0.392941	-0.293011	0.00480359	0.0471498	0.0958917	0.215061
0.0261771	-0.919803	0.437406	-0.0504148	0.281456	-0.179751	-0.257549	0.348001	0.073467	0.241014
0.0217515	-0.650188	0.0603646	0.367643	0.196411	-0.228284	0.141007	0.0974477	-0.156346	0.150195
0.0318802	-0.481201	0.00312287	0.397022	0.112521	0.052633	0.260563	0.287657	-0.492313	-0.171881
0.278432	-0.2998	-0.16655	0.176942	0.318179	0.140449	-0.00945592	0.190719	-0.537986	-0.0909305
0.150109	-0.182771	0.390173	0.0745863	0.19379	-0.0486839	0.0542777	0.251238	-0.543282	-0.339437
0.168369	-0.188656	0.256404	0.2818	-0.139126	0.247603	-0.10971	-0.0636382	-0.36095	-0.0920972
0.172041	-0.169091	0.263194	0.517978	-0.25939	0.196524	-0.0536148	-0.156028	-0.0122923	-0.499321
0.0734533	-0.054435	0.610895	0.396651	-0.337431	-0.00213054	0.144505	-0.163559	-0.244527	-0.42341
-0.10248	-0.0821481	1.07953	-0.125835	-0.147419	-0.179494	0.025448	-0.188885	-0.131453	-0.147258
-0.0509567	-0.0395677	0.619251	-0.0230721	-0.102174	-0.10941	-0.164328	-0.0293954	-0.0641657	-0.0361809
-0.00252171	-0.000945028	0.107032	-0.00152291	-0.0048885	-0.0493455	-0.0412336	-0.00193878	-0.00411878	-0.000517499
0.0	0.0	0.0	0.0	0.0	0.0	0.0	0.0	0.0	0.0
-6.35379e-05	0.0004664	-0.0060814	0.00752382	-1.28102e-05	-0.000602831	-2.6587e-05	-9.77576e-05	-0.000842075	-0.000263219
-0.0174561	-0.000173412	0.0652752	0.0818018	-0.00268195	-0.0440585	-0.00366399	-0.00308818	-0.00622916	-0.0697257
-0.0564122	-0.00786552	0.318331	0.373318	-0.27475	0.0319144	-0.122085	-0.0901512	-0.039882	-0.132414
0.133921	-0.040432	0.468827	0.443135	-0.159577	0.091258	-0.503515	-0.00477785	-0.190841	-0.23799
0.347252	-0.306125	0.348995	0.0845365	-0.189774	0.2835	-0.0272366	-0.0413456	-0.270795	-0.229005
0.331482	-0.514077	0.283463	-0.0551101	-0.0505633	0.484616	0.089327	-0.229039	-0.111634	-0.228462
0.240374	-0.441031	0.208063	0.00573502	0.165911	-0.310231	0.191485	-0.304201	0.121363	0.122527
0.0825232	-0.237932	0.128184	-0.260344	0.226093	-0.322947	0.354781	-0.215035	0.08209	0.162584
0.283975	-0.149462	0.202845	-0.613721	0.111935	-0.264598	0.402372	-0.238105	0.352982	-0.0882229
0.449795	0.103559	0.430896	-0.627228	0.0148389	-0.394151	0.657063	-0.662193	-0.0468541	0.0742781
0.131947	-0.163246	0.314371	-0.467759	-0.073154	-0.322322	0.590173	-0.26805	0.323227	-0.0651843
-0.0869398	0.105599	0.396396	-0.295643	-0.0287821	-0.547635	0.06681	-0.0127232	0.307922	0.0949938
-0.694356	0.494859	0.312995	-0.244783	0.1712	-0.515211	0.152633	0.047702	0.268406	0.00655501
-0.634858	0.591978	0.0274887	-0.402913	0.55345	-0.310716	0.159151	0.0702771	0.0976995	-0.151554
-0.34458	0.0291032	0.176577	-0.475324	0.358436	-0.0468344	0.0527615	0.0770643	-0.141311	0.314108
-0.0357908	-0.379927	0.0332414	0.0237724	0.28686	0.002783	-0.0818564	-0.101685	0.234194	0.0184113
0.177065	-0.760936	-0.249339	0.318313	0.250015	0.217239	0.0944278	-0.0054025	-0.0892113	0.0478305
-0.0903892	-0.373032	0.0481343	0.00380714	0.361284	0.3022	0.184759	0.0952724	-0.436574	-0.0954606
0.0996418	-0.243299	0.0488387	0.35578	-0.173388	0.0992498	0.180369	-0.146272	-0.0134915	-0.207426
0.20639	-0.182537	-0.0641061	0.00743061	0.0639691	0.052186	0.00180923	0.0988712	-0.0457631	-0.138252
-0.0723422	-0.110475	0.0690911	0.0482668	0.191741	0.00487409	0.108118	0.00959847	-0.079633	-0.169241
0.202558	-0.0215965	0.138156	0.248414	-0.178518	-0.0479399	0.0898164	0.0254056	-0.169059	-0.287237
0.0640107	-0.0559525	-0.0756416	0.475682	-0.224932	0.179092	0.0600908	-0.111749	0.192709	-0.503303
-0.00355734	-0.0184186	0.50926	-0.0888766	-0.313	0.0603587	0.151367	0.0998729	0.0262584	-0.42326
-0.0378051	-0.114545	1.13548	-0.232913	-0.247754	-0.223454	0.0466482	0.033735	-0.265538	-0.0938481
-0.0218195	-0.00435463	0.306858	-0.023212	-0.0575368	-0.045554	-0.106121	0.0278409	-0.058344	-0.0177564
0.0296691	-0.00138204	0.0352187	-0.00130484	-0.0319674	-0.00823882	-0.0146772	-0.00474272	-0.00092679	-0.00164804
-3.83377e-05	-1.8716e-05	-2.05596e-05	-0.000688438	-0.00683225	-0.00031949	-6.04304e-06	0.00735041	-0.000187744	0.000761165
-1.39055e-05	0.000108016	-0.000264313	0.000667923	-2.43082e-06	-0.000310844	-6.06435e-06	-1.80821e-06	-0.000118927	-5.76473e-05
-0.0133083	-0.000686761	-0.000294672	0.0768594	-0.0068673	-0.0285377	-0.00260618	0.0182906	-0.00514872	-0.0377002
-0.109593	-0.00952643	0.166588	0.56255	-0.161738	0.0127055	-0.0834553	-0.0386014	-0.136631	-0.202293
0.0500271	-0.0944239	0.531633	0.294551	-0.0237149	0.359802	-0.390482	-0.114449	-0.312889	-0.300045
0.0416989	-0.378977	0.647936	0.316915	-0.0609835	0.27709	-0.29899	-0.104831	-0.0736159	-0.36624
0.0988379	-0.708449	0.191917	0.226369	-0.0839451	0.571564	0.0471015	-0.399164	0.117792	-0.0620205
0.076561	-0.481167	0.465663	-0.16419	0.0691135	0.191432	0.225838	-0.340131	-0.0132601	-0.0298593
0.312911	-0.0748388	0.0570867	-0.0992799	0.13135	-0.00613227	0.130875	-0.288111	0.0138963	-0.177758
0.345	-0.0121876	-0.000874554	-0.412046	0.132664	-0.229663	0.359503	-0.337989	0.253713	-0.09812
0.417165	-0.21442	0.278021	-0.444438	-0.312403	-0.175118	0.247945	-0.37132	0.268517	0.30605
0.121693	-0.18305	0.114252	-0.431159	-0.079007	-0.140121	0.111681	-0.0994356	0.380692	0.204455
-0.311105	-0.0145303	0.355989	-0.574787	0.216016	-0.117579	0.727355	-0.231398	0.289143	-0.339102
-0.660004	0.0783115	0.327102	-0.331148	0.368067	-0.0978413	0.453028	0.0765178	0.0494691	-0.263497
-0.47482	0.249491	0.134169	-0.260411	0.341598	0.0255512	0.00889276	-0.125305	-0.1181	0.218937
-0.133596	-0.30585	-0.0842256	0.255256	0.176146	-0.0138453	0.0895527	-0.128154	-0.0326413	0.17736
0.0241317	-0.511952	0.0831622	0.44792	0.326635	-0.00773697	0.229138	-0.217517	-0.221034	-0.152746
-0.00569679	-0.147623	0.274251	0.147645	-0.194411	0.171671	0.266975	-0.117965	-0.272044	-0.122801
-0.0273027	0.0860576	0.0726102	0.126004	-0.0270225	-0.175692	0.269912	-0.132755	-0.0556634	-0.136147
-0.0718483	-0.000308146	0.164645	0.145871	-0.119848	0.0898929	-0.0155837	-0.0594905	-0.0382311	-0.0950986
-0.233987	0.0826585	-0.0123679	0.0915533	0.0322273	0.0409624	-0.0483816	-0.012118	0.0580666	0.00138539
-0.0981818	0.0238589	0.174003	0.349764	0.0919652	-0.00693563	0.0387616	-0.118479	-0.276875	-0.17788
0.293986	-0.0589865	0.147198	0.405716	-0.393332	0.124679	0.00799889	-0.202014	9.39419e-05	-0.325341
0.126189	-0.0674795	0.522297	0.174816	-0.268065	0.215981	0.069142	-0.457899	0.18298	-0.49796
-0.0329136	0.0306472	0.892091	-0.299867	-0.269467	0.224467	0.0829744	-0.230728	-0.0446012	-0.352595
-0.0373216	0.0488348	0.773207	-0.145687	-0.242138	-0.134433	0.0744603	-0.0179604	-0.232204	-0.0867548
-0.0126278	0.0247741	0.0964455	-0.0187183	-0.0202094	-0.0355814	-0.0317463	0.0350805	-0.0330406	-0.00437613
-0.00813463	-1.10041e-05	0.0454411	-0.000285653	-3.72147e-05	-0.0186184	-0.017372	-2.34595e-05	-0.000424125	-0.000534608
-2.43076e-09	7.74982e-05	-5.13082e-05	-4.91109e-06	-1.13831e-08	-1.37609e-07	-3.03219e-07	-8.46666e-07	-1.95856e-05	-3.92207e-07
0.00900877	0.000395932	-0.00284777	-0.000325929	-0.0135462	-0.00084697	-0.00104621	0.0266345	-0.00117237	-0.0162537
-0.00308364	-0.00080942	-0.00693534	0.0591473	-0.00022373	-0.0231442	-0.00326709	0.0180699	-0.00991951	-0.0298341
-0.0810245	-0.0125042	-0.0399185	0.584768	0.0511571	0.0250212	-0.0848638	-0.0941924	-0.191901	-0.15654
-0.0239062	-0.161849	0.306028	0.342973	-0.0590501	0.394941	-0.225985	-0.0680279	-0.255785	-0.249335
0.0435044	-0.557917	0.14911	0.503573	0.0931013	0.254165	-0.233018	-0.171463	0.142955	-0.224009
0.190764	-0.338212	0.0589406	0.0985135	-0.0350842	0.324174	0.0139518	-0.335921	0.132197	-0.109326
0.168811	0.0661478	0.342059	-0.0902333	-0.0819431	0.0657919	0.161371	-0.48683	-0.117768	-0.0274087
0.227776	-0.0185175	0.226891	-0.0607409	-0.259254	0.325243	-0.0632274	-0.252603	0.040546	-0.166113
0.0810723	0.0985429	0.304122	-0.025301	-0.449846	0.0697972	0.314392	-0.290977	0.273827	-0.375632
0.282297	-0.140484	0.383596	-0.0726127	-0.509858	0.0714301	0.458629	-0.55412	0.282012	-0.200887
0.386406	-0.143547	0.178689	-0.229719	-0.109783	-0.00516802	0.709752	-0.261191	-0.166257	-0.359183
0.280127	-0.132627	0.165555	-0.232257	-0.536733	0.0505971	0.613763	-0.119203	0.0211742	-0.110394
-0.142654	0.220675	0.464099	-0.106742	-0.200797	0.0735855	0.179765	-0.131387	-0.143484	-0.213058
-0.258032	-0.163455	0.100916	0.00182748	0.285081	-0.0457961	0.372188	0.145889	-0.161333	-0.277282
-0.142628	0.0294174	0.24235	0.0144686	-0.0177697	0.0803181	0.273363	-0.185881	-0.0348823	-0.258754
-0.171123	0.254838	0.270651	0.152338	-0.061797	-0.0798951	0.233096	-0.444367	-0.00552152	-0.148216
0.0589796	-0.0520655	0.274465	0.362567	-0.207708	-0.149118	0.203216	-0.349248	0.123973	-0.265058
-0.00483766	0.108341	0.117221	0.235952	-0.156854	0.0321717	0.100374	-0.466111	0.178937	-0.145193
-0.171784	0.182001	-0.0709978	0.198609	-0.255627	-0.0139154	0.187037	-0.0813045	0.0184452	0.00753707
-0.0172827	0.0830973	0.135424	-0.019413	-0.225801	0.262912	0.011815	-0.257247	0.00763456	0.0188603
0.093048	0.0226416	0.254332	0.305627	-0.0567203	0.14092	0.165596	-0.485529	-0.147192	-0.292722
0.336502	-0.051016	0.419624	0.0933111	-0.56356	0.115039	0.206754	-0.51845	0.293024	-0.331227
0.0466777	-0.0217584	0.349432	0.194978	-0.399707	0.286557	0.0721017	-0.520098	0.249214	-0.257392
0.035292	0.0898633	0.411435	-0.152772	-0.263944	0.278521	-0.0118032	-0.127759	-0.0924601	-0.166369
-0.0566243	0.107506	0.626415	-0.0793376	-0.127855	-0.0296021	-0.125786	-0.0432332	-0.215261	-0.0562204
-0.012732	0.0243593	0.195026	-0.012343	-0.00310562	-0.0627762	-0.0688293	-0.00304163	-0.0376792	-0.0188782
-0.00219747	6.20662e-05	0.0174647	-0.000102512	-2.16987e-07	-0.00502205	-0.0100788	-6.36086e-07	-0.000124828	-2.88499e-07
0.0	0.0	0.0	0.0	0.0	0.0	0.0	0.0	0.0	0.0
0.0226918	-5.84707e-05	-0.00642736	-0.00115888	-0.000154872	-0.000986436	-0.0026298	-0.000189229	-0.00253884	-0.00854788
-0.00573795	-0.00784813	0.0433813	0.0334509	0.00506178	-0.007177	-0.00356029	-0.0127117	-0.0169338	-0.027925
-0.0739388	-0.0289356	0.116074	0.475335	-0.0110154	0.0545019	-0.0598811	-0.138705	-0.185829	-0.1476
0.0767843	-0.0978226	0.351955	0.505868	-0.0963162	0.11293	-0.206203	-0.288694	-0.221371	-0.137126
0.259875	-0.429154	0.31164	0.253167	-0.218645	0.436554	-0.276385	-0.328068	-0.0690119	0.0600277
0.198232	-0.0558238	0.28353	0.413323	-0.241641	0.23946	-0.18396	-0.487965	0.0494773	-0.214633
0.140851	0.0486213	0.619662	0.212611	-0.473786	-0.140971	0.247345	-0.523499	0.371822	-0.502658
0.20311	0.261888	0.300758	0.179737	-0.601464	0.285644	-0.0970671	-0.285131	0.0302267	-0.277703
0.210445	0.139756	0.283233	0.356253	-0.420249	0.246218	0.252784	-0.40703	-0.149386	-0.512027
0.299764	0.222841	0.281381	-0.0622768	-0.439636	-0.00640109	0.540257	-0.356272	0.158568	-0.638229
0.431956	0.259555	0.434837	-0.18518	-0.149455	0.106124	0.354359	-0.343738	-0.202699	-0.705757
0.498502	0.155239	0.258423	-0.499864	-0.237085	0.0177849	0.554263	-0.129895	0.0601441	-0.677509
0.183345	-0.0989545	0.0757892	-0.0828109	-0.398075	0.0939853	0.215394	0.016033	0.160355	-0.165056
0.0136065	-0.0165765	-0.0716028	0.0771093	-0.086282	-0.129123	0.722583	0.0859315	-0.288645	-0.307
0.0139064	-0.0415547	0.0838572	-0.109124	-0.0246876	0.0129795	0.38169	-0.262516	0.194141	-0.248688
-0.117546	0.326728	0.0616775	0.0767457	0.119471	0.164071	0.145709	-0.438413	-0.261959	-0.0764825
0.0161124	0.32964	-0.160435	0.204478	0.0736459	0.230396	0.0580456	-0.574632	-0.0465186	-0.13073
-0.0723654	0.425363	0.14762	0.341008	-0.0717482	0.180666	0.284705	-0.84933	-0.0784618	-0.307455
-0.074084	0.406592	0.316965	0.131137	-0.306447	0.168588	0.0183284	-0.51136	-0.057962	-0.0917581
-0.0450632	0.215168	0.232076	0.315264	-0.201103	-0.0096833	0.251381	-0.706255	0.167324	-0.219109
0.0923596	0.0325473	0.342546	0.139955	-0.0812329	0.148331	0.0890555	-0.674154	0.292755	-0.382159
0.187847	-0.045245	0.303879	0.0203207	-0.343729	0.546159	-0.110307	-0.60054	0.317728	-0.276104
-0.0475561	-0.0497103	0.273232	0.140858	-0.321117	0.1988	0.040466	-0.338549	0.183922	-0.0803426
-0.0242458	-0.0143373	0.513029	-0.106263	-0.179204	0.118446	-0.0828174	-0.0630982	-0.206896	0.0453896
-0.0475795	0.0202952	0.284455	-0.0461425	-0.13185	0.113575	-0.0549203	-0.0556328	-0.136871	0.0546729
-0.00185318	0.024648	0.0543227	-0.00220548	-0.000837191	-0.00950964	-0.0143275	-0.00194159	-0.034338	-0.0139581
-2.1189e-05	0.00024381	-0.000192709	-5.08253e-05	-4.27472e-05	0.000508403	-5.05307e-06	-3.26018e-05	-0.000373251	-3.38365e-05
-2.29255e-08	0.00015137	-6.0604e-05	-2.77974e-05	-5.13591e-07	-9.28765e-07	-8.86831e-07	-8.74465e-06	-4.95395e-05	-2.3315e-06
-5.68693e-05	2.3379e-05	9.28744e-05	0.00107485	-3.71109e-06	-0.000409251	-3.60502e-05	-0.00025116	-0.00012686	-0.000307198
-0.0282518	-0.0134019	0.0947456	0.0757533	-0.000482199	-0.0237267	-0.00237796	-0.0653447	-0.0159952	-0.020918
-0.0513129	-0.0118334	0.211815	0.31072	-0.0722923	0.0729079	-0.0427044	-0.186129	-0.117707	-0.113459
-0.0603489	0.0935741	0.215911	0.302989	-0.12896	0.296045	-0.19474	-0.31842	-0.0666694	-0.139373
0.166833	0.435758	0.173275	-0.00557417	-0.125476	0.110963	-0.296047	-0.36209	-0.0813003	-0.0163406
0.135885	0.322682	0.156454	0.272514	-0.414506	0.18992	-0.379474	-0.456705	0.278639	-0.105411
0.123257	0.121531	0.150381	0.267544	-0.439763	0.314238	-0.0430756	-0.513859	0.318586	-0.298842
-0.100886	0.216728	-0.0847543	0.244582	-0.0291143	0.128599	0.211407	-0.270226	-0.097477	-0.218861
0.0397009	0.0437281	0.267899	-0.308814	-0.125745	0.149077	0.212083	-0.402339	0.270206	-0.145797
0.25268	0.305701	0.129886	-0.139017	-0.223353	0.028254	0.228625	-0.187147	-0.163141	-0.232488
0.369745	-0.125919	0.110374	-0.147757	-0.0324288	0.21331	0.320642	-0.264421	0.000567318	-0.444113
0.362782	-0.125886	-0.0685806	-0.0773042	-0.103384	0.10331	0.632606	-0.135827	-0.20389	-0.383821
0.125762	-0.172827	0.181732	-0.0575936	-0.236656	0.0626418	0.590259	-0.231249	0.128628	-0.390694
-0.0268791	0.21023	0.172746	-0.149224	-0.156164	0.125677	0.641335	-0.357836	-0.0499503	-0.409931
0.00802879	0.0983064	-0.0583128	0.0294293	0.109685	0.0873058	0.283955	-0.158973	-0.0566653	-0.342757
0.0380662	-0.0511242	0.168113	0.10545	-0.185676	-0.0198879	0.256492	-0.0324323	-0.143659	-0.135343
-0.186974	0.0294526	0.355148	-0.0293726	0.0504511	0.134764	0.406558	-0.372307	0.0134852	-0.401204
-0.194361	0.435859	0.338913	0.203656	-0.161352	0.0124624	0.298054	-0.434787	-0.0856288	-0.412817
-0.272287	0.289204	0.463621	0.311158	-0.0166582	-0.0518217	0.125165	-0.483133	-0.0574086	-0.307839
-0.127585	0.427005	0.0320016	-0.0190489	-0.0398143	0.26157	0.0805947	-0.545795	0.15932	-0.228251
0.0105046	0.262402	0.172846	-0.119206	0.0106915	0.423751	-0.0366879	-0.639555	0.0314558	-0.116198
0.0628334	-0.198663	0.385043	-0.0343026	-0.11919	0.467399	0.0653931	-0.569758	0.19144	-0.250188
0.0291599	-0.142246	0.573175	-0.175277	-0.0593219	0.262522	-0.0452294	-0.34683	-0.05531	-0.0406373
-0.060607	0.0330328	0.391054	-0.167949	-0.121912	0.177133	-0.0441952	-0.0614354	-0.270329	0.12521
-0.031166	0.00348601	0.181066	-0.0369582	-0.11781	0.164348	-0.0511406	-0.0273258	-0.0921284	0.00762938
0.029139	-0.00049911	0.0187871	-0.00569707	-0.00232542	0.00419528	-0.00423093	-0.00303005	-0.0100128	-0.0263259
7.26987e-06	-4.5163e-11	-1.55665e-06	-3.3764e-07	-4.08888e-09	-1.78474e-06	-2.4774e-07	-7.87599e-09	-3.30643e-06	-2.43348e-08
-2.2209e-08	0.000146639	-5.87102e-05	-2.69287e-05	-4.97542e-07	-8.99741e-07	-8.59117e-07	-8.47138e-06	-4.79914e-05	-2.25864e-06
-9.26202e-07	4.4507e-05	-2.04765e-05	2.84194e-05	-2.02287e-07	-1.15031e-05	-2.8045e-07	-1.37188e-05	-1.69682e-05	-8.85093e-06
-0.00521531	-0.012964	0.0682516	0.0957658	-0.000431173	-0.0167758	-0.000233588	-0.0944602	-0.0119744	-0.0219626
-0.069403	-0.0168588	0.167312	0.272826	-0.077766	0.0385712	-0.0198791	-0.204413	-0.0367215	-0.0536651
-0.28676	0.151604	0.225037	0.22048	-0.121478	0.298045	-0.0919765	-0.249973	-0.0291067	-0.115867
-0.0328036	0.85989	0.196227	0.0192369	-0.197416	-0.0875841	-0.195954	-0.12028	-0.113948	-0.327361
0.0327252	0.534595	0.362991	0.187464	-0.247585	-0.242982	-0.394013	-0.136399	0.0931056	-0.189909
0.0409514	0.0931021	0.315706	0.146607	-0.280284	-0.0290999	-0.265563	0.0738793	0.191647	-0.286948
0.193232	0.0714158	0.344764	-0.0629129	-0.218942	0.0555791	-0.124839	-0.0897901	-0.138212	-0.0302959
0.166999	0.127116	0.292834	0.0354821	-0.316348	0.0505789	0.107668	-0.244433	-0.0776041	-0.142292
0.139995	-0.111822	0.0705942	0.0205597	-0.195482	-0.104362	0.199808	-0.0736458	0.0157552	0.0385984
0.156611	-0.423031	0.189828	0.145617	-0.158395	0.0908405	0.0480957	-0.300757	0.242263	0.00892984
0.153833	-0.588188	0.121325	-0.0792966	-0.200442	0.142664	0.342807	-0.0272848	0.113385	0.0212021
0.551995	-0.376525	0.0394488	-0.153037	-0.106792	0.249371	0.333603	-0.437712	0.153423	-0.253773
0.0962105	-0.100339	-0.0384076	-0.144583	-0.216521	0.184324	0.0316993	-0.108649	0.266827	0.0294408
0.112659	0.0437864	-0.116797	0.0889744	-0.231019	0.0731443	0.297954	-0.0755795	0.101255	-0.294377
0.0387615	0.0194532	0.0191438	0.0727449	-0.163664	0.126386	0.188953	-0.0667596	-0.06825	-0.166769
0.0877758	0.261357	-0.0466462	0.164304	-0.00415612	-0.0173962	0.0571057	-0.257016	0.0429576	-0.288286
-0.120602	0.472584	0.129982	0.0359335	-0.0487586	0.17493	-0.0386652	-0.294971	0.00167209	-0.312106
-0.124068	0.291729	0.279016	0.205956	0.265976	0.158341	-0.0433806	-0.276038	-0.21847	-0.53906
-0.190216	0.316109	0.29894	0.20287	0.00652145	0.118476	0.11062	-0.529329	-0.146113	-0.187878
-0.0625476	0.0207122	0.218915	-0.0535186	0.328333	0.0299098	0.102898	-0.637414	0.167818	-0.115103
0.0853756	-0.191121	0.382213	0.079903	0.00528643	0.223605	-0.12165	-0.456691	-0.0258419	0.0189247
0.0680215	-0.100514	0.276707	-0.092364	-0.115036	0.286924	-0.151863	-0.339982	-0.0026069	0.17072
-0.0503919	-0.011812	0.254029	-0.123451	-0.110679	0.195396	-0.0695859	-0.0563384	-0.126477	0.0993136
-0.0242143	-0.00226097	0.0903126	-0.0325754	-0.0786285	0.108319	-0.0181564	-0.0232633	-0.0390718	0.0195397
0.00306987	0.00635898	-0.0299808	-0.000110771	0.00421711	0.0301083	-0.000129278	-0.00114539	-0.00549581	-0.00689218
1.34213e-05	-8.33778e-11	-2.87382e-06	-6.23334e-07	-7.5487e-09	-3.2949e-06	-4.57367e-07	-1.45403e-08	-6.10418e-06	-4.49258e-08
0.0	0.0	0.0	0.0	0.0	0.0	0.0	0.0	0.0	0.0
0.0	0.0	0.0	0.0	0.0	0.0	0.0	0.0	0.0	0.0
-0.000360105	-0.000225677	0.00242247	0.097528	-0.000179833	-0.00107201	-3.19592e-05	-0.0718186	-0.00274165	-0.0235206
-0.0335178	-0.0664821	-0.0359761	0.31077	-0.0150929	0.0557763	-0.00200555	-0.164296	-0.0375624	-0.0116126
-0.212565	-0.0372901	0.00499691	0.385874	-0.0632378	0.226294	-0.0153327	-0.0275454	-0.0943259	-0.166863
-0.21673	0.454297	-0.0608393	0.345275	-0.124725	0.225211	-0.0556883	0.111671	-0.401418	-0.277049
-0.0882291	0.400347	-0.0023138	0.28025	-0.0635903	-0.00563113	-0.139303	0.28119	-0.396486	-0.266232
0.139991	0.0947734	0.0798666	0.272654	-0.039211	-0.245707	-0.281581	0.393579	-0.186553	-0.227814
0.181324	-0.0308241	0.140007	0.00380773	-0.0341333	0.140927	-0.302715	-0.367284	0.230338	0.0385521
0.302005	0.0785217	0.187616	0.195919	-0.0506105	0.108426	-0.32502	-0.17252	0.0181826	-0.342522
0.350432	-0.0703026	-0.0370686	0.101056	-0.0240741	0.35388	-0.42674	-0.133182	-0.110441	-0.00356087
0.321623	-0.0598324	0.227034	0.256195	-0.0251025	0.0743088	-0.291145	-0.362605	0.0106512	-0.151125
0.168076	0.269046	0.147061	-0.237029	-0.151885	0.11291	-0.020243	-0.338308	0.151885	-0.101514
0.23846	-0.0340914	-0.155094	0.191545	-0.0898725	-0.0934092	-0.040946	-0.324542	0.445012	-0.137062
0.259824	-0.232909	-0.0768868	-0.151202	-0.00455623	0.141069	0.0536149	-0.176086	0.169286	0.0178442
0.198007	0.146368	-0.0875845	-0.0185391	-0.10395	-0.0519466	-0.00476782	-0.0333522	0.158872	-0.203106
-0.00803403	0.0695198	0.0054456	-0.31232	0.162658	0.202729	-0.0847245	-0.219303	0.311304	-0.127275
0.0812377	0.302213	-0.0857937	0.0784875	-0.0146039	-0.0337423	-0.0356464	-0.146415	0.025948	-0.171686
-0.355823	-0.00856788	0.273874	0.33568	0.260519	-0.316157	0.0563678	-0.282271	0.182183	-0.145804
-0.40216	0.0430806	0.502856	-0.0108073	0.21049	-0.0875013	0.075588	-0.459424	0.190136	-0.0622575
-0.379649	-0.0762562	0.400697	0.0815826	0.22328	0.0838959	0.0400219	-0.578883	0.218709	-0.0133981
-0.170371	-0.167765	0.484112	-0.0450671	0.272121	-0.0110868	-0.0419663	-0.578701	0.0525719	0.206161
-0.0560434	-0.138205	0.426648	-0.162542	-0.115562	0.0782002	-0.0486862	-0.373827	0.00436514	0.385659
-0.048959	-0.116237	0.290253	-0.1019	-0.157536	0.1801	-0.0533132	-0.349439	0.0767035	0.280333
-0.0777629	-0.0315619	0.253265	-0.0481195	-0.10987	0.122102	-0.0372923	-0.0990725	-0.0876601	0.115974
-0.0166885	0.000583439	0.0938037	-0.0309404	-0.00286838	0.0428363	-0.00969162	-0.0276816	-0.0312118	-0.018141
-1.79317e-05	0.0262996	-0.0205523	0.00996925	0.00435505	0.0176961	-0.000169374	-0.000860991	-0.0238015	-0.0129178
0.0	0.0	0.0	0.0	0.0	0.0	0.0	0.0	0.0	0.0
0.0	0.0	0.0	0.0	0.0	0.0	0.0	0.0	0.0	0.0
0.0	0.0	0.0	0.0	0.0	0.0	0.0	0.0	0.0	0.0
-0.00129566	-1.04169e-05	-0.00233072	0.0466675	-1.33532e-05	-0.000569401	-3.88263e-06	-0.0363931	-0.000170483	-0.00588045
-0.00223377	-0.0423942	-0.094421	0.191357	-0.000351171	0.0522037	-0.000157549	-0.0201437	-0.0675783	-0.0162806
-0.0193931	-0.0799207	-0.155596	0.329492	-0.024987	-0.00345981	-0.00254739	0.137557	-0.219052	0.0379085
-0.101049	0.0383518	-0.297548	0.282574	-0.0266008	0.0031489	-0.0206799	0.464127	-0.394463	0.0521465
-0.139953	0.0239524	-0.415167	0.519989	-0.0219444	-0.0216583	-0.0365351	0.478264	-0.429413	0.0424697
-0.197917	-0.0850926	-0.366273	0.506583	-0.0200559	0.0867064	-0.0912014	0.294263	-0.282293	0.155283
-0.126293	-0.201691	-0.180847	0.155564	-0.0478906	0.163548	-0.178054	0.128585	0.193724	0.0933545
-0.0504439	-0.19282	-0.03655	0.185367	0.0479199	0.444239	-0.257486	-0.0184866	0.0499776	-0.171716
-0.0057236	-0.278327	-0.190582	0.420025	0.0136835	0.196576	-0.344308	0.0614199	0.0537181	0.0735206
-0.0373181	-0.323473	-0.122656	0.397144	0.201616	0.155645	-0.502797	-0.0349918	0.402148	-0.135317
0.290796	-0.299474	0.131604	0.229359	-0.165329	0.216092	-0.423573	-0.0617165	0.303185	-0.220943
0.251272	-0.381914	0.0144793	0.338374	-0.189141	0.404695	-0.448131	0.167652	0.174591	-0.331878
0.14856	-0.379843	0.331857	0.349078	-0.114147	0.307803	-0.385563	-0.0631059	0.236608	-0.431248
-0.0336822	-0.268475	0.0695089	0.195001	-0.134417	0.269899	-0.296627	-0.0827066	0.293631	-0.0121334
-0.0984722	-0.55115	0.0236336	0.328603	0.0282087	0.0899204	-0.11988	-0.138846	0.531126	-0.0931435
-0.1366	-0.152256	0.185814	0.2278	-0.16366	0.26194	-0.0780783	-0.0674671	-0.116785	0.0392934
-0.300101	-0.0062129	0.267078	-0.215334	-0.0240176	0.261834	-0.101317	-0.283105	0.342087	0.0590905
-0.367682	0.0274822	0.0177773	-0.155083	0.115625	0.0726251	-0.123361	-0.227159	0.57455	0.0652277
-0.358901	-0.0295975	0.0207512	-0.0319739	0.0793802	0.0793326	-0.0667796	-0.23852	0.153365	0.392949
-0.243272	-0.0413486	0.236969	0.00685371	0.0894322	-0.00872322	-0.0719238	-0.278647	-0.0552991	0.365963
-0.108618	-0.0922557	0.073774	-0.0437185	0.0309915	0.199277	-0.0420597	-0.270728	-0.0553167	0.308657
-0.0436583	-0.0367735	0.133282	-0.0337344	-0.0323918	0.140355	-0.0173983	-0.321448	-0.0412189	0.252987
-0.00823936	-0.0186292	0.307769	-0.040497	-0.0645555	0.0845245	-0.0038191	-0.124576	-0.0764965	-0.0554803
-0.000758845	0.00868373	0.165354	-0.00699297	0.0128136	-0.0340819	-0.000382256	-0.0495152	-0.0373088	-0.0578109
-4.33979e-07	0.00202042	0.0247138	-1.84125e-05	-0.000152686	-0.00070051	-3.95674e-05	-1.77331e-06	-0.00574759	-0.0200733
0.0	0.0	0.0	0.0	0.0	0.0	0.0	0.0	0.0	0.0
0.0	0.0	0.0	0.0	0.0	0.0	0.0	0.0	0.0	0.0
0.0	0.0	0.0	0.0	0.0	0.0	0.0	0.0	0.0	0.0
-2.0956e-05	-2.77493e-07	-5.12842e-05	0.00469577	-6.66112e-05	-8.95092e-06	-3.3376e-07	-0.00624097	-0.000370904	0.00206452
-0.000129964	-0.00417978	-0.0212321	-0.0383568	-7.676e-05	0.0526872	-5.68256e-05	0.024263	-0.00486729	-0.00805063
-0.00299025	-0.0600752	-0.0614858	-0.00995582	0.00243806	0.0619684	-0.000961915	0.143052	-0.117018	0.0450289
-0.0219894	-0.123638	-0.0961117	0.123614	-0.0568542	-0.0148302	-0.00186367	0.0664276	-0.22426	0.349508
-0.106569	-0.151211	-0.0832727	0.34086	-0.157915	-0.0184589	-0.00557298	-0.0060879	-0.155995	0.344228
-0.158439	-0.19534	-0.183471	0.592315	-0.245708	0.00591934	-0.0106778	0.0362523	-0.16324	0.322399
-0.242839	-0.173694	-0.381593	0.841206	-0.445233	0.0013214	-0.0419323	0.316836	-0.253317	0.379256
-0.360465	-0.279178	-0.471848	0.802977	-0.307698	0.20006	-0.0593771	0.391976	-0.196943	0.280502
-0.508947	-0.613079	-0.382837	0.709996	-0.103631	0.238963	-0.0528889	0.218496	0.147966	0.345969
-0.518256	-0.50004	-0.388279	0.553934	-0.272688	0.382573	-0.0490773	0.480429	0.142515	0.16889
-0.664793	-0.30452	-0.244002	0.741957	-0.483008	0.36746	-0.0389581	0.375613	-0.0557848	0.306038
-0.607443	-0.359995	-0.138971	0.590169	-0.213014	0.359469	-0.111391	0.289714	-0.032684	0.22415
-0.571177	-0.40763	0.0256912	0.355566	-0.239577	0.0947985	-0.112363	0.239524	0.207064	0.40811
-0.510023	-0.453142	0.100126	0.162881	-0.25678	0.398299	-0.117294	0.253492	0.322177	0.100269
-0.335672	-0.462403	0.0289625	0.285483	-0.414922	0.331261	-0.0966858	0.131559	0.298071	0.234349
-0.388854	-0.28437	-0.0487003	0.221097	-0.43015	0.345815	-0.0634478	0.0894469	0.326759	0.232412
-0.34057	-0.152809	-0.247297	0.138996	-0.346318	0.232662	-0.0545135	0.266177	0.201472	0.30221
-0.196605	-0.124752	-0.31179	0.222237	-0.448822	0.235764	-0.0344506	0.0771601	0.116346	0.464917
-0.213273	-0.0463894	-0.219431	0.0283641	-0.250837	0.165926	-0.0182943	-0.0904306	0.0404767	0.603891
-0.156776	-0.0104364	-0.189696	-0.100995	-0.184867	0.251985	-0.0101901	-0.0815022	-0.035496	0.517977
-0.0661928	-0.00651077	-0.162961	-0.0382738	-0.0901828	0.305749	-0.00698323	-0.00388868	-0.0501985	0.119444
-0.0160503	-0.00097812	-0.0782959	-0.00721967	-0.0824108	0.21313	-0.00310217	-0.0785731	-0.0132027	0.0667029
-0.0036523	-1.21969e-05	-0.00733673	-0.00026142	-0.0502579	0.116873	-0.000662242	-0.00742963	-0.00634441	-0.0409157
-4.87801e-07	-1.08269e-05	0.0219464	-0.000214267	-0.000926605	-1.56258e-05	-2.69582e-05	-0.00106796	-0.00456281	-0.0151208
-3.89416e-07	-1.2935e-05	0.0262445	-4.37074e-06	-0.000161881	-1.31622e-05	-3.0765e-05	-1.44918e-06	-0.00471938	-0.0213001
0.0	0.0	0.0	0.0	0.0	0.0	0.0	0.0	0.0	0.0
0.0	0.0	0.0	0.0	0.0	0.0	0.0	0.0	0.0	0.0
0.0	0.0	0.0	0.0	0.0	0.0	0.0	0.0	0.0	0.0
0.0	0.0	0.0	0.0	0.0	0.0	0.0	0.0	0.0	0.0
0.0	0.0	0.0	0.0	0.0	0.0	0.0	0.0	0.0	0.0
-0.000212738	-0.00105133	-0.000852367	0.00130171	0.00475293	-0.00297904	-4.1953e-05	-0.074355	-0.0120709	0.0855088
-0.00418797	-0.00386436	-0.00340367	0.0277974	0.00470681	-0.00915264	-0.000272181	-0.171849	-0.0428769	0.203103
-0.0213073	-0.00819863	-0.0115666	0.0485935	-0.0616396	-0.0420333	-0.00113554	-0.151034	-0.0780658	0.326389
-0.0467726	-0.0131394	-0.0270667	0.0584878	-0.162038	-0.137475	-0.00199222	0.00624026	-0.0280113	0.35177
-0.0651992	-0.0203867	-0.0349247	0.0243697	-0.270111	-0.179165	-0.00445177	0.130292	-0.0117217	0.431302
-0.121712	-0.0337096	-0.0383878	0.000652472	-0.429382	-0.121224	-0.00651213	0.243793	-0.0821202	0.588607
-0.108723	-0.107326	-0.0321971	0.0465172	-0.445323	-0.0299342	-0.00740273	0.244676	-0.167011	0.60673
-0.0783791	-0.0933458	-0.0843852	0.057398	-0.51837	0.132376	-0.00945786	0.190281	-0.106469	0.510355
-0.0510389	-0.121591	-0.0438722	0.0140401	-0.534499	0.112155	-0.0111536	0.0538858	-0.105946	0.688019
-0.105521	-0.187748	-0.0801914	0.0320978	-0.599252	0.00632896	-0.0154539	0.432706	-0.128338	0.645378
-0.148083	-0.149032	-0.0632941	-0.00284757	-0.765576	-0.0247291	-0.0129491	0.504832	-0.19416	0.855846
-0.115001	-0.0846629	-0.0837397	0.0152857	-0.656169	0.123451	-0.01065	0.571625	-0.252307	0.492172
-0.0807435	-0.0686508	-0.105374	0.134483	-0.582596	0.0256111	-0.00963926	0.340606	-0.168819	0.515129
-0.114993	-0.0433227	-0.125811	0.113861	-0.524518	-0.0460286	-0.00924305	0.354482	-0.0822642	0.477843
-0.0741244	-0.0623538	-0.0784325	0.0598722	-0.539649	-0.0963068	-0.00852652	0.324752	-0.0631518	0.537924
-0.0120414	-0.0349671	-0.0268872	0.0207008	-0.424799	-0.0058561	-0.00500122	0.222873	-0.0863296	0.352309
-0.0558736	-0.0117867	-0.0316667	-0.00951299	-0.218623	0.0585343	-0.00332	0.00211364	-0.0395924	0.309728
-0.0679318	-0.00638612	-0.0366431	-0.00627573	-0.114436	0.0548884	-0.00224388	-0.00731102	-0.0143169	0.200657
-0.0342808	-0.00105814	-0.013392	0.00152681	-0.0627484	0.0253025	-0.00041946	0.0722914	-0.00378902	0.0165673
-0.00189968	-1.08838e-05	-7.59274e-05	-0.00031876	-0.00365133	0.000357679	-8.18244e-05	-0.00388408	-0.000333104	0.00989792
-6.94708e-06	-1.74464e-09	-7.10562e-07	-1.60368e-06	-0.00173132	-4.20366e-05	-1.75752e-06	-0.000172546	-1.24438e-05	0.00196937
-2.32011e-07	-1.37868e-08	-1.94469e-06	-2.67213e-07	-5.26556e-08	-8.04589e-08	-7.58765e-10	2.5758e-05	-4.8963e-07	-2.26768e-05
0.0	0.0	0.0	0.0	0.0	0.0	0.0	0.0	0.0	0.0
0.0	0.0	0.0	0.0	0.0	0.0	0.0	0.0	0.0	0.0
0.0	0.0	0.0	0.0	0.0	0.0	0.0	0.0	0.0	0.0
0.0	0.0	0.0	0.0	0.0	0.0	0.0	0.0	0.0	0.0
0.0	0.0	0.0	0.0	0.0	0.0	0.0	0.0	0.0	0.0
0.0	0.0	0.0	0.0	0.0	0.0	0.0	0.0	0.0	0.0
-3.11128e-06	-4.48323e-06	-2.354e-06	-7.9723e-07	-1.26762e-06	-8.98249e-07	-7.41354e-08	0.000198825	-5.03721e-05	-0.000135467
-5.76699e-05	-1.15966e-05	-9.23786e-06	-2.89962e-06	-5.7782e-06	-1.60695e-05	-8.26999e-07	0.000827349	-0.000138548	-0.000584723
-9.15858e-05	-1.02401e-05	-3.20768e-05	-3.97943e-05	-0.00888947	-6.5929e-05	-2.61909e-06	-0.000745033	-0.000174723	0.0100515
-0.000184149	-2.27384e-05	-0.0001271	-0.000110613	-0.0507555	-0.000631092	-3.9279e-05	-0.00668964	-0.000275113	0.0588352
-0.000503042	-4.82956e-05	-0.000184634	-0.000229316	-0.0527743	-0.00130114	-7.16294e-05	0.00917434	-0.000436859	0.0463749
-0.00113964	-4.66749e-05	-0.000337423	-0.00160907	-0.0249087	-0.000922695	-2.97661e-05	0.00895174	-0.000930467	0.0209728
-0.00113622	-0.00476546	-0.00618865	-0.00946588	-0.056183	0.00400363	-6.65728e-05	0.071533	-0.0160318	0.0183011
-0.00180794	-0.00167503	-0.00261	-0.00516449	-0.035195	0.0113055	-6.68097e-05	0.0223424	-0.00420665	0.0170782
-0.0038145	-0.00485154	-0.00102452	-0.00509501	-0.0456528	0.00783752	-0.000402649	0.0324667	-0.0112254	0.0317623
-0.00607226	-0.00478681	-0.00129992	-0.00686149	-0.0380314	-0.00245666	-0.000418908	0.165409	-0.00928794	-0.0961938
-0.00921922	-0.00222497	-0.00107424	-0.00946338	-0.127947	-0.0123005	-0.000851985	0.139122	-0.00713908	0.031099
-0.0110498	-0.000509823	-0.00119132	-0.0071678	-0.0614634	-0.00879082	-0.000772326	0.132723	-0.00653099	-0.0352459
-0.00669176	-0.000337823	-0.00105188	-0.00885177	-0.036838	-0.00727541	-0.000547432	0.111211	-0.00368024	-0.0459363
-0.00437937	-0.00769898	-0.00132533	-0.00664269	-0.0320409	-0.00962973	-0.000522811	0.156998	-0.00377844	-0.0909792
-0.00452852	-0.0238319	-0.00086357	-0.00422986	-0.0444355	-0.00684531	-0.000354376	0.188278	-0.00428304	-0.0989062
-0.00246798	-0.000362283	-0.000576978	-0.00329103	-0.0338449	-0.00757875	-0.00020183	0.132829	-0.00281349	-0.0816919
-0.00495502	-9.4748e-05	-0.00654923	-0.00171704	-0.00728526	-0.018024	-0.000195504	0.0419897	-0.00385634	0.000687564
-0.0129091	-3.0758e-05	-0.0041932	-0.000519385	-0.00517037	-0.00805841	-8.58496e-05	0.0150343	-0.00195667	0.0178894
-0.0381623	-5.37606e-05	-0.0135493	-0.000315964	-0.0126348	-0.00701547	-0.000213107	0.0596679	-0.00181167	0.0140885
-0.00872616	-3.79339e-06	-0.000156285	-3.02971e-05	-0.00287587	-0.00158304	-2.18385e-05	0.02145	-0.000381794	-0.0076709
0.0	0.0	0.0	0.0	0.0	0.0	0.0	0.0	0.0	0.0
0.0	0.0	0.0	0.0	0.0	0.0	0.0	0.0	0.0	0.0
0.0	0.0	0.0	0.0	0.0	0.0	0.0	0.0	0.0	0.0
0.0	0.0	0.0	0.0	0.0	0.0	0.0	0.0	0.0	0.0
